step,time_s,env_id,episode_index,is_done,done_reason,terrain_col,terrain_name,terrain_level,row_progress,root_x,root_y,root_z,vx_cmd_raw,yaw_rate_cmd_raw,vx_cmd_limited,yaw_rate_cmd_limited,wheel_speed_reference_abs_mean,wheel_torque_target_abs_mean,contact_weight_mean,rolling_speed_actual_mean,lateral_speed_actual_abs_mean,action_0,action_1,action_2,action_3,action_4,action_5,action_6,action_7,q_desired_spm1_platform_joint_z,q_position_target_spm1_platform_joint_z,q_actual_spm1_platform_joint_z,qdot_actual_spm1_platform_joint_z,qdot_alloc_spm1_platform_joint_z,q_desired_minus_position_target_spm1_platform_joint_z,q_desired_minus_actual_spm1_platform_joint_z,q_position_target_minus_actual_spm1_platform_joint_z,q_desired_spm1_platform_joint_y,q_position_target_spm1_platform_joint_y,q_actual_spm1_platform_joint_y,qdot_actual_spm1_platform_joint_y,qdot_alloc_spm1_platform_joint_y,q_desired_minus_position_target_spm1_platform_joint_y,q_desired_minus_actual_spm1_platform_joint_y,q_position_target_minus_actual_spm1_platform_joint_y,q_desired_spm1_platform_joint_x,q_position_target_spm1_platform_joint_x,q_actual_spm1_platform_joint_x,qdot_actual_spm1_platform_joint_x,qdot_alloc_spm1_platform_joint_x,q_desired_minus_position_target_spm1_platform_joint_x,q_desired_minus_actual_spm1_platform_joint_x,q_position_target_minus_actual_spm1_platform_joint_x,q_desired_spm2_platform_joint_z,q_position_target_spm2_platform_joint_z,q_actual_spm2_platform_joint_z,qdot_actual_spm2_platform_joint_z,qdot_alloc_spm2_platform_joint_z,q_desired_minus_position_target_spm2_platform_joint_z,q_desired_minus_actual_spm2_platform_joint_z,q_position_target_minus_actual_spm2_platform_joint_z,q_desired_spm2_platform_joint_y,q_position_target_spm2_platform_joint_y,q_actual_spm2_platform_joint_y,qdot_actual_spm2_platform_joint_y,qdot_alloc_spm2_platform_joint_y,q_desired_minus_position_target_spm2_platform_joint_y,q_desired_minus_actual_spm2_platform_joint_y,q_position_target_minus_actual_spm2_platform_joint_y,q_desired_spm2_platform_joint_x,q_position_target_spm2_platform_joint_x,q_actual_spm2_platform_joint_x,qdot_actual_spm2_platform_joint_x,qdot_alloc_spm2_platform_joint_x,q_desired_minus_position_target_spm2_platform_joint_x,q_desired_minus_actual_spm2_platform_joint_x,q_position_target_minus_actual_spm2_platform_joint_x
0,0.0,4,0,0,,4,uneven rough,5,0.0,50.13942337036133,34.490013122558594,0.33110731840133667,1.7828724384307861,-0.07138313353061676,1.7828724384307861,-0.07138313353061676,9.356345176696777,1.3374583721160889,0.3333333432674408,0.4512833058834076,0.06482937186956406,0.8914362192153931,-0.03569156676530838,-0.08204235136508942,0.5425132513046265,0.15249386429786682,0.1505965292453766,0.10666024684906006,-0.3514613211154938,-0.05742964521050453,-0.05742964521050453,-0.03825005888938904,-1.4370768070220947,0.4213717579841614,0.0,-0.019179586321115494,-0.019179586321115494,0.27125662565231323,0.27125662565231323,0.23480893671512604,0.14000287652015686,-0.7326462864875793,0.0,0.036447688937187195,0.036447688937187195,0.07624693214893341,0.07624693214893341,0.0037153479643166065,0.8923943042755127,-0.8060263395309448,0.0,0.0725315841846168,0.0725315841846168,0.10541757196187973,0.10541757196187973,0.04406683146953583,2.003209114074707,-0.9687455296516418,0.0,0.0613507404923439,0.0613507404923439,0.05333012342453003,0.05333012342453003,0.10330717265605927,-0.7700123190879822,-0.919760525226593,0.0,-0.049977049231529236,-0.049977049231529236,-0.1757306605577469,-0.1757306605577469,-0.1012200191617012,-0.857288658618927,-0.9128704071044922,0.0,-0.07451064139604568,-0.07451064139604568
0,0.0,14,0,0,,4,uneven rough,5,0.0,49.734161376953125,35.88181686401367,0.3241516947746277,1.6104090213775635,-0.6257776618003845,1.6104090213775635,-0.6257776618003845,8.277790069580078,5.017428874969482,0.5,0.26592251658439636,0.06074017286300659,0.8052045106887817,-0.31288883090019226,0.13107314705848694,0.40638095140457153,0.02207236737012863,-0.05253278464078903,0.24722041189670563,-0.2780326008796692,0.09175120294094086,0.09175120294094086,0.08472584187984467,0.6680573225021362,1.3968186378479004,0.0,0.007025361061096191,0.007025361061096191,0.20319047570228577,0.20319047570228577,0.2186713069677353,-0.8432949185371399,0.23133595287799835,0.0,-0.015480831265449524,-0.015480831265449524,0.011036183685064316,0.011036183685064316,-0.0010854833526536822,-0.014504760503768921,0.3073697090148926,0.0,0.012121667037717998,0.012121667037717998,-0.0367729477584362,-0.0367729477584362,-0.07521559298038483,1.9167145490646362,-1.3316301107406616,0.0,0.038442645221948624,0.038442645221948624,0.12361020594835281,0.12361020594835281,0.09837543219327927,1.422547459602356,-0.2981792688369751,0.0,0.025234773755073547,0.025234773755073547,-0.1390163004398346,-0.1390163004398346,-0.04617486521601677,-0.1785384863615036,-0.14664393663406372,0.0,-0.09284143522381783,-0.09284143522381783
0,0.0,24,0,0,,4,uneven rough,5,0.0,49.51700210571289,35.665157318115234,0.324580579996109,1.5118942260742188,-0.04838337004184723,1.5118942260742188,-0.04838337004184723,7.359915733337402,4.01411771774292,0.3333333432674408,0.48219698667526245,0.06882788985967636,0.7559471130371094,-0.024191685020923615,0.0386509895324707,0.597180187702179,0.42089787125587463,0.1823347508907318,0.3956652879714966,-0.16976013779640198,0.027055691927671432,0.027055691927671432,0.03134651854634285,-0.084496408700943,0.8359836339950562,0.0,-0.004290826618671417,-0.004290826618671417,0.2985900938510895,0.2985900938510895,0.2952641546726227,0.9586612582206726,0.4067767858505249,0.0,0.003325939178466797,0.003325939178466797,0.21044893562793732,0.21044893562793732,-0.05522404611110687,0.8405447602272034,-0.45105600357055664,0.0,0.2656729817390442,0.2656729817390442,0.12763431668281555,0.12763431668281555,-0.12533453106880188,1.9996681213378906,-0.8257765173912048,0.0,0.25296884775161743,0.25296884775161743,0.1978326439857483,0.1978326439857483,0.13163036108016968,1.9383032321929932,0.29353824257850647,0.0,0.06620228290557861,0.06620228290557861,-0.08488006889820099,-0.08488006889820099,-0.05878481641411781,1.2735595703125,-0.9945743083953857,0.0,-0.026095252484083176,-0.026095252484083176
1,0.03333333333333333,4,0,0,,4,uneven rough,5,0.0,50.189117431640625,34.454872131347656,0.34255850315093994,1.758781909942627,0.1618659347295761,1.758781909942627,0.1618659347295761,9.068673133850098,2.8058090209960938,0.3333333432674408,0.6572540998458862,0.18707963824272156,0.8793909549713135,0.08093296736478806,-0.03686625510454178,0.751426637172699,-0.16810864210128784,0.13187600672245026,0.34564971923828125,0.06968027353286743,-0.025806378573179245,-0.025806378573179245,-0.04229900985956192,0.981424868106842,-0.6293984055519104,0.0,0.016492631286382675,0.016492631286382675,0.3757133185863495,0.3757133185863495,0.3014768362045288,1.9587277173995972,-0.23924888670444489,0.0,0.07423648238182068,0.07423648238182068,-0.08405432105064392,-0.08405432105064392,-0.03704419732093811,-1.8236656188964844,0.15426373481750488,0.0,-0.04701012372970581,-0.04701012372970581,0.09231320023536682,0.09231320023536682,0.08806189894676208,0.4565005600452423,0.7116029262542725,0.0,0.004251301288604736,0.004251301288604736,0.17282485961914062,0.17282485961914062,0.16990099847316742,1.985253930091858,-0.8350926041603088,0.0,0.0029238611459732056,0.0029238611459732056,0.034840136766433716,0.034840136766433716,-0.051172640174627304,0.37087613344192505,-0.8814443945884705,0.0,0.08601277694106102,0.08601277694106102
1,0.03333333333333333,14,0,0,,4,uneven rough,5,0.0,49.78547286987305,35.860084533691406,0.3223915696144104,1.829408884048462,-0.13137497007846832,1.829408884048462,-0.13137497007846832,8.083434104919434,7.766110897064209,0.5,0.17248043417930603,0.09883217513561249,0.914704442024231,-0.06568748503923416,-0.17462347447872162,0.23450519144535065,0.40222451090812683,0.44888749718666077,0.31731393933296204,0.4188482463359833,-0.12223643064498901,-0.12223643064498901,0.053410425782203674,-1.2180323600769043,0.984775722026825,0.0,-0.1756468564271927,-0.1756468564271927,0.11725259572267532,0.11725259572267532,0.16109515726566315,-1.6673005819320679,-0.37626227736473083,0.0,-0.043842561542987823,-0.043842561542987823,0.20111225545406342,0.20111225545406342,0.020416514948010445,0.10789712518453598,0.12538130581378937,0.0,0.18069574050605297,0.18069574050605297,0.31422123312950134,0.31422123312950134,-0.004580690059810877,1.8837381601333618,0.504989743232727,0.0,0.3188019231893122,0.3188019231893122,0.15865696966648102,0.15865696966648102,0.11133679747581482,1.0460851192474365,0.6747227311134338,0.0,0.0473201721906662,0.0473201721906662,0.20942412316799164,0.20942412316799164,0.013928174041211605,1.9776766300201416,-0.16467717289924622,0.0,0.19549594912678003,0.19549594912678003
1,0.03333333333333333,24,0,0,,4,uneven rough,5,0.0,49.564659118652344,35.66633224487305,0.3356677293777466,1.7343683242797852,0.19297143816947937,1.7343683242797852,0.19297143816947937,7.264286994934082,1.3234683275222778,0.3333333432674408,0.20634838938713074,0.07925822585821152,0.8671841621398926,0.09648571908473969,-0.14313587546348572,0.777297854423523,-0.009755492210388184,0.37200412154197693,0.22963188588619232,0.13780398666858673,-0.10019510984420776,-0.10019510984420776,-0.025979476049542427,-1.9415185451507568,0.3155425488948822,0.0,-0.07421563379466534,-0.07421563379466534,0.3886489272117615,0.3886489272117615,0.3597395420074463,1.983996868133545,0.7188132405281067,0.0,0.028909385204315186,0.028909385204315186,-0.004877746105194092,-0.004877746105194092,-0.035768914967775345,0.1943664252758026,0.279217392206192,0.0,0.030891168862581253,0.030891168862581253,0.2604028880596161,0.2604028880596161,-0.0576559416949749,1.9494671821594238,0.7717349529266357,0.0,0.318058829754591,0.318058829754591,0.11481594294309616,0.11481594294309616,0.1288572996854782,-1.5698062181472778,1.2234913110733032,0.0,-0.01404135674238205,-0.01404135674238205,0.06890199333429337,0.06890199333429337,0.007952704094350338,2.0000040531158447,0.287832647562027,0.0,0.06094928923994303,0.06094928923994303
2,0.06666666666666667,4,0,0,,4,uneven rough,5,0.0,50.2369499206543,34.4209098815918,0.3391168713569641,1.772553563117981,0.3809185028076172,1.772553563117981,0.3809185028076172,9.086006164550781,1.3252298831939697,0.2649737000465393,0.6791625022888184,0.28436747193336487,0.8862767815589905,0.1904592514038086,0.13207204639911652,0.5545327663421631,-0.12104512006044388,0.0703154131770134,0.646931529045105,-0.05641740560531616,0.09245043247938156,0.09245043247938156,0.02429976500570774,2.000000238418579,0.28136396408081055,0.0,0.06815066747367382,0.06815066747367382,0.27726638317108154,0.27726638317108154,0.295402854681015,-1.1048706769943237,1.0034910440444946,0.0,-0.01813647150993347,-0.01813647150993347,-0.06052256003022194,-0.06052256003022194,-0.06419220566749573,-0.20097625255584717,-0.9640610814094543,0.0,0.0036696456372737885,0.0036696456372737885,0.04922078922390938,0.04922078922390938,0.05220745503902435,-1.2005058526992798,0.5673676133155823,0.0,-0.002986665815114975,-0.002986665815114975,0.3234657645225525,0.3234657645225525,0.2257569134235382,1.9030711650848389,0.7595363855361938,0.0,0.09770885109901428,0.09770885109901428,-0.02820870280265808,-0.02820870280265808,-0.028331343084573746,0.4592394530773163,-0.17338013648986816,0.0,0.00012264028191566467,0.00012264028191566467
2,0.06666666666666667,14,0,0,,4,uneven rough,5,0.0,49.8402099609375,35.83641815185547,0.3297715187072754,1.7704544067382812,0.5004953145980835,1.7704544067382812,0.5004953145980835,9.231550216674805,1.5002248287200928,0.3333333432674408,0.14752233028411865,0.09995405375957489,0.8852272033691406,0.25024765729904175,-0.26188114285469055,0.6112937927246094,0.3487932085990906,0.554099440574646,0.6559344530105591,0.4256671667098999,-0.18331679701805115,-0.18331679701805115,-0.009309445507824421,-1.8838989734649658,-0.2606959044933319,0.0,-0.17400735151022673,-0.17400735151022673,0.3056468963623047,0.3056468963623047,0.21950535476207733,1.9830669164657593,-1.106217622756958,0.0,0.08614154160022736,0.08614154160022736,0.1743966042995453,0.1743966042995453,0.07576972246170044,1.5717054605484009,0.1154957190155983,0.0,0.09862688183784485,0.09862688183784485,0.38786959648132324,0.38786959648132324,0.06012459471821785,1.8507541418075562,1.284536600112915,0.0,0.3277450017631054,0.3277450017631054,0.32796722650527954,0.32796722650527954,0.18274523317813873,1.940455436706543,0.8846916556358337,0.0,0.1452219933271408,0.1452219933271408,0.21283358335494995,0.21283358335494995,0.04142914339900017,0.9287632703781128,1.0466134548187256,0.0,0.17140443995594978,0.17140443995594978
2,0.06666666666666667,24,0,0,,4,uneven rough,5,0.0,49.608951568603516,35.672855377197266,0.3334316909313202,1.703289270401001,-0.31223538517951965,1.703289270401001,-0.31223538517951965,8.54196834564209,4.363966464996338,0.3333333432674408,-0.039541881531476974,0.04521435499191284,0.8516446352005005,-0.15611769258975983,0.002399521879851818,0.4170822501182556,-0.19365018606185913,-0.24676364660263062,0.33228519558906555,-0.13598336279392242,0.0016796652926132083,0.0016796652926132083,0.009642829187214375,2.0000202655792236,-0.9606038331985474,0.0,-0.007963163894601166,-0.007963163894601166,0.2085411250591278,0.2085411250591278,0.3368888199329376,0.19872674345970154,1.4341503381729126,0.0,-0.12834769487380981,-0.12834769487380981,-0.09682509303092957,-0.09682509303092957,-0.08403891324996948,0.22713416814804077,0.23124250769615173,0.0,-0.012786179780960083,-0.012786179780960083,-0.17273454368114471,-0.17273454368114471,-0.1056026816368103,-1.884122371673584,1.437626838684082,0.0,-0.06713186204433441,-0.06713186204433441,0.16614259779453278,0.16614259779453278,0.11388355493545532,0.07153068482875824,-0.355844110250473,0.0,0.052259042859077454,0.052259042859077454,-0.06799168139696121,-0.06799168139696121,-0.03469990938901901,-0.2909819781780243,1.2558974027633667,0.0,-0.0332917720079422,-0.0332917720079422
3,0.1,4,0,0,,4,uneven rough,5,0.0,50.280494689941406,34.38187026977539,0.3252467215061188,1.6125483512878418,0.5192276835441589,1.6125483512878418,0.5192276835441589,8.198114395141602,0.0,0.0,0.8338813781738281,0.2695692479610443,0.8062741756439209,0.25961384177207947,0.28519749641418457,0.5420795679092407,0.35644856095314026,0.11374614387750626,0.4284728467464447,-0.04201831668615341,0.1996382474899292,0.1996382474899292,0.08847475051879883,1.892165184020996,1.2530839443206787,0.0,0.11116349697113037,0.11116349697113037,0.27103978395462036,0.27103978395462036,0.24747484922409058,-0.5138634443283081,-0.1885804533958435,0.0,0.023564934730529785,0.023564934730529785,0.17822428047657013,0.17822428047657013,-0.00047658124822191894,1.9998124837875366,-0.5326115489006042,0.0,0.17870086172479205,0.17870086172479205,0.0796222984790802,0.0796222984790802,0.05528689920902252,0.9755869507789612,-0.43219122290611267,0.0,0.024335399270057678,0.024335399270057678,0.21423642337322235,0.21423642337322235,0.23900209367275238,0.2622600495815277,1.4060930013656616,0.0,-0.02476567029953003,-0.02476567029953003,-0.021009158343076706,-0.021009158343076706,-0.027520256116986275,-1.018005132675171,0.1843041181564331,0.0,0.006511097773909569,0.006511097773909569
3,0.1,14,0,0,,4,uneven rough,5,0.0,49.89033126831055,35.80768966674805,0.3412929177284241,1.8106948137283325,0.26874837279319763,1.8106948137283325,0.26874837279319763,9.497188568115234,4.954041481018066,0.5,-0.21634164452552795,0.10399284958839417,0.9053474068641663,0.13437418639659882,0.07130133360624313,0.49781548976898193,-0.5979494452476501,0.2805684208869934,0.2600736618041992,0.2293747067451477,0.049910932779312134,0.049910932779312134,-0.001649657846428454,1.7240349054336548,-1.1784578561782837,0.0,0.05156059062574059,0.05156059062574059,0.24890774488449097,0.24890774488449097,0.23344877362251282,0.7418763637542725,0.6404694318771362,0.0,0.01545897126197815,0.01545897126197815,-0.2989747226238251,-0.2989747226238251,0.03859430551528931,0.7025560140609741,0.938839316368103,0.0,-0.3375690281391144,-0.3375690281391144,0.19639788568019867,0.19639788568019867,0.11321334540843964,1.8097220659255981,1.6046769618988037,0.0,0.08318454027175903,0.08318454027175903,0.1300368309020996,0.1300368309020996,0.14030106365680695,-0.6975268721580505,1.481622338294983,0.0,-0.010264232754707336,-0.010264232754707336,0.11468735337257385,0.11468735337257385,0.06364437937736511,0.06559248268604279,0.9799807667732239,0.0,0.05104297399520874,0.05104297399520874
3,0.1,24,0,0,,4,uneven rough,5,0.0,49.657772064208984,35.67293930053711,0.33083102107048035,1.7647275924682617,0.6379848122596741,1.7647275924682617,0.6379848122596741,9.071166038513184,5.530089378356934,0.3333333432674408,0.03998766466975212,0.10619165003299713,0.8823637962341309,0.31899240612983704,-0.016610130667686462,0.3234327435493469,0.018313197419047356,-0.11331892758607864,0.2778988480567932,-0.13300229609012604,-0.011627091094851494,-0.011627091094851494,-0.011873357929289341,-1.624455451965332,0.713338315486908,0.0,0.00024626683443784714,0.00024626683443784714,0.16171637177467346,0.16171637177467346,0.2976977527141571,-0.7297887206077576,0.7356396317481995,0.0,-0.13598138093948364,-0.13598138093948364,0.009156598709523678,0.009156598709523678,-0.025802472606301308,1.9602940082550049,0.2289196401834488,0.0,0.034959071315824986,0.034959071315824986,-0.07932324707508087,-0.07932324707508087,-0.07421834766864777,1.486985445022583,-0.4404960870742798,0.0,-0.0051048994064331055,-0.0051048994064331055,0.1389494240283966,0.1389494240283966,0.10353590548038483,0.6991403698921204,-0.11420563608407974,0.0,0.03541351854801178,0.03541351854801178,-0.06650114804506302,-0.06650114804506302,-0.03927809000015259,0.7413727641105652,0.3812890350818634,0.0,-0.02722305804491043,-0.02722305804491043
4,0.13333333333333333,4,0,0,,4,uneven rough,5,0.0,50.32160949707031,34.345680236816406,0.3171107769012451,1.7795811891555786,0.7890300750732422,1.7795811891555786,0.7890300750732422,9.174539566040039,1.532167911529541,0.1666666716337204,0.7925631999969482,0.324034184217453,0.8897905945777893,0.3945150375366211,-0.26244333386421204,0.11083577573299408,0.18808713555335999,0.3774692118167877,0.4266422390937805,0.007487779017537832,-0.18371033668518066,-0.18371033668518066,0.05587074160575867,-1.7793772220611572,1.6144216060638428,0.0,-0.23958107829093933,-0.23958107829093933,0.05541788786649704,0.05541788786649704,0.18027980625629425,-1.9569759368896484,-0.3724960386753082,0.0,-0.12486191838979721,-0.12486191838979721,0.09404356777667999,0.09404356777667999,0.05139722302556038,1.2742371559143066,0.8992255330085754,0.0,0.042646344751119614,0.042646344751119614,0.2642284333705902,0.2642284333705902,0.12006335705518723,2.004101514816284,0.3637690842151642,0.0,0.14416507631540298,0.14416507631540298,0.21332111954689026,0.21332111954689026,0.23894231021404266,-0.2327461689710617,0.7593677639961243,0.0,-0.025621190667152405,-0.025621190667152405,0.003743889508768916,0.003743889508768916,0.019593076780438423,2.0023858547210693,-0.4954836964607239,0.0,-0.015849187271669507,-0.015849187271669507
4,0.13333333333333333,14,0,0,,4,uneven rough,5,0.0,49.94807434082031,35.78955078125,0.35063284635543823,1.828741192817688,-1.0119155645370483,1.828741192817688,-1.0119155645370483,10.22835922241211,5.932122707366943,0.3333333432674408,0.015714745968580246,0.2523358464241028,0.914370596408844,-0.5059577822685242,-0.634366512298584,0.6240497827529907,-0.13515834510326385,-0.24914239346981049,0.3184592127799988,-0.06502414494752884,-0.44405654072761536,-0.44405654072761536,-0.015576151199638844,-1.120874285697937,0.46261677145957947,0.0,-0.4284803895279765,-0.4284803895279765,0.31202489137649536,0.31202489137649536,0.29066187143325806,1.1847184896469116,0.6978051066398621,0.0,0.021363019943237305,0.021363019943237305,-0.06757917255163193,-0.06757917255163193,-0.019346199929714203,-0.7851423025131226,0.8052443265914917,0.0,-0.048232972621917725,-0.048232972621917725,-0.17439967393875122,-0.17439967393875122,0.11760704964399338,-1.679113745689392,1.7206097841262817,0.0,-0.2920067235827446,-0.2920067235827446,0.1592296063899994,0.1592296063899994,0.1610746681690216,0.5426502227783203,0.2495274692773819,0.0,-0.0018450617790222168,-0.0018450617790222168,-0.03251207247376442,-0.03251207247376442,-0.006444471422582865,-2.0037338733673096,0.46298399567604065,0.0,-0.026067601051181555,-0.026067601051181555
4,0.13333333333333333,24,0,0,,4,uneven rough,5,0.0,49.71128463745117,35.669334411621094,0.3225410580635071,1.8671557903289795,0.6056476831436157,1.8477392196655273,0.6056476831436157,8.869585037231445,3.85980486869812,0.3333333432674408,-0.08079665899276733,0.021173343062400818,0.9335778951644897,0.30282384157180786,0.3646041750907898,0.5202425718307495,-0.3315497636795044,0.014771601185202599,0.38176217675209045,0.10596044361591339,0.2552229166030884,0.2552229166030884,0.0015544230118393898,1.355329155921936,-0.6084544658660889,0.0,0.253668493591249,0.253668493591249,0.26012128591537476,0.26012128591537476,0.2781311869621277,-0.9208529591560364,-0.09291619062423706,0.0,-0.01800990104675293,-0.01800990104675293,-0.1657748818397522,-0.1657748818397522,-0.06431342661380768,-1.450264811515808,1.2078417539596558,0.0,-0.10146145522594452,-0.10146145522594452,0.010340120643377304,0.010340120643377304,-0.032961223274469376,1.506243109703064,0.6493054032325745,0.0,0.04330134391784668,0.04330134391784668,0.19088108837604523,0.19088108837604523,0.16341814398765564,1.8099452257156372,0.34566164016723633,0.0,0.027462944388389587,0.027462944388389587,0.052980221807956696,0.052980221807956696,0.013590195216238499,1.9951578378677368,0.5848810076713562,0.0,0.0393900265917182,0.0393900265917182
5,0.16666666666666666,4,0,0,,4,uneven rough,5,0.0,50.3699951171875,34.32027053833008,0.3236581087112427,1.5791844129562378,-0.17773954570293427,1.5791844129562378,-0.17773954570293427,8.960485458374023,0.5506744980812073,0.3333333432674408,0.7762966156005859,0.1126975417137146,0.7895922064781189,-0.08886977285146713,-0.27502626180648804,0.6896809935569763,-0.11332036554813385,0.19981403648853302,-0.02102365531027317,0.05949728935956955,-0.19251838326454163,-0.19251838326454163,-0.008088172413408756,-1.6436055898666382,-0.3044383227825165,0.0,-0.18443021085113287,-0.18443021085113287,0.34484049677848816,0.34484049677848816,0.2220604419708252,1.739419937133789,-1.2683638334274292,0.0,0.12278005480766296,0.12278005480766296,-0.056660182774066925,-0.056660182774066925,0.002891893731430173,-1.4560288190841675,1.111257791519165,0.0,-0.0595520765054971,-0.0595520765054971,0.139869824051857,0.139869824051857,0.16473110020160675,0.6972288489341736,1.2912160158157349,0.0,-0.024861276149749756,-0.024861276149749756,-0.03363784775137901,-0.03363784775137901,0.22565621137619019,-0.8590972423553467,0.19842475652694702,0.0,-0.2592940591275692,-0.2592940591275692,0.029748644679784775,0.029748644679784775,0.012863213196396828,-0.9491395354270935,0.916816234588623,0.0,0.016885431483387947,0.016885431483387947
5,0.16666666666666666,14,0,0,,4,uneven rough,5,0.0,50.00247573852539,35.775630950927734,0.3599075675010681,1.834888219833374,0.9627187848091125,1.834888219833374,0.9627187848091125,8.517784118652344,2.4952776432037354,0.3333333432674408,-0.4951193332672119,0.1569085717201233,0.917444109916687,0.4813593924045563,0.34124860167503357,0.39063066244125366,-0.0896899476647377,-0.3217872381210327,0.39050814509391785,-0.5482955574989319,0.23887401819229126,0.23887401819229126,0.023571355268359184,1.5795034170150757,-0.43269193172454834,0.0,0.21530266292393208,0.21530266292393208,0.19531533122062683,0.19531533122062683,0.26641562581062317,-0.546316921710968,0.9731068015098572,0.0,-0.07110029458999634,-0.07110029458999634,-0.04484497383236885,-0.04484497383236885,-0.020392313599586487,-0.5531542301177979,-0.0939631313085556,0.0,-0.024452660232782364,-0.024452660232782364,-0.22525106370449066,-0.22525106370449066,0.0447835735976696,-1.9966026544570923,-0.20159997045993805,0.0,-0.27003463730216026,-0.27003463730216026,0.19525407254695892,0.19525407254695892,0.11677350103855133,-1.393786907196045,0.41525959968566895,0.0,0.07848057150840759,0.07848057150840759,-0.27414777874946594,-0.27414777874946594,-0.05539936199784279,-1.637363076210022,-0.931702733039856,0.0,-0.21874841675162315,-0.21874841675162315
5,0.16666666666666666,24,0,0,,4,uneven rough,5,0.0,49.76591110229492,35.667903900146484,0.32060304284095764,1.782393455505371,0.24420267343521118,1.782393455505371,0.24420267343521118,8.750866889953613,2.540382146835327,0.3333333432674408,-0.6298699378967285,0.18909291923046112,0.8911967277526855,0.12210133671760559,-0.5891972184181213,0.6584087610244751,-0.045809585601091385,0.2509758472442627,0.3835083842277527,0.057827167212963104,-0.4124380350112915,-0.4124380350112915,-0.040958672761917114,-1.7676706314086914,0.5018723011016846,0.0,-0.3714793622493744,-0.3714793622493744,0.32920438051223755,0.32920438051223755,0.3093935251235962,1.031376600265503,-0.5610331296920776,0.0,0.019810855388641357,0.019810855388641357,-0.022904792800545692,-0.022904792800545692,-0.04397844150662422,0.6272398233413696,-0.29505643248558044,0.0,0.02107364870607853,0.02107364870607853,0.17568309605121613,0.17568309605121613,0.033082880079746246,1.6278361082077026,1.1338194608688354,0.0,0.14260021597146988,0.14260021597146988,0.19175419211387634,0.19175419211387634,0.2062060534954071,-0.2616764008998871,1.173570156097412,0.0,-0.014451861381530762,-0.014451861381530762,0.028913583606481552,0.028913583606481552,0.03703295439481735,-0.8571445345878601,1.3822540044784546,0.0,-0.0081193707883358,-0.0081193707883358
6,0.2,4,0,0,,4,uneven rough,5,0.0,50.418827056884766,34.301063537597656,0.3233533501625061,1.4416654109954834,0.47105228900909424,1.4416654109954834,0.47105228900909424,7.54209041595459,3.9727444648742676,0.5,0.4160991609096527,0.055809855461120605,0.7208327054977417,0.23552614450454712,0.1647903472185135,0.3292142152786255,-0.274250864982605,-0.10668975114822388,0.32789385318756104,-0.24903635680675507,0.11535324156284332,0.11535324156284332,0.04983792081475258,1.9957541227340698,-1.0616059303283691,0.0,0.06551532074809074,0.06551532074809074,0.16460710763931274,0.16460710763931274,0.17887848615646362,-1.2634286880493164,0.4322425127029419,0.0,-0.014271378517150879,-0.014271378517150879,-0.1371254324913025,-0.1371254324913025,-0.0627848282456398,-1.9702165126800537,-0.3402906358242035,0.0,-0.07434060424566269,-0.07434060424566269,-0.0746828243136406,-0.0746828243136406,0.0987248346209526,-1.999632716178894,0.9553745985031128,0.0,-0.1734076589345932,-0.1734076589345932,0.16394692659378052,0.16394692659378052,0.16178669035434723,-0.7372807860374451,-0.3995000720024109,0.0,0.0021602362394332886,0.0021602362394332886,-0.12451817840337753,-0.12451817840337753,-0.050953928381204605,-1.9955103397369385,-0.13819850981235504,0.0,-0.07356425002217293,-0.07356425002217293
6,0.2,14,0,0,,4,uneven rough,5,0.0,50.05653381347656,35.77168273925781,0.3740256130695343,1.7572972774505615,-0.7730458378791809,1.7572972774505615,-0.7730458378791809,9.15170955657959,3.3333334922790527,0.1666666716337204,-0.2781914472579956,0.06995756924152374,0.8786486387252808,-0.38652291893959045,-0.3040798604488373,0.5568175315856934,-0.13887213170528412,-0.491301953792572,-0.11116713285446167,-0.5870651006698608,-0.21285590529441833,-0.21285590529441833,-0.024472184479236603,-2.0000009536743164,0.7050068974494934,0.0,-0.18838372081518173,-0.18838372081518173,0.2784087657928467,0.2784087657928467,0.27655357122421265,0.5974857807159424,0.1140219122171402,0.0,0.0018551945686340332,0.0018551945686340332,-0.06943606585264206,-0.06943606585264206,-0.06165761500597,-0.6601670384407043,-0.35359060764312744,0.0,-0.007778450846672058,-0.007778450846672058,-0.343911349773407,-0.343911349773407,-0.0016843529883772135,-1.824390172958374,-1.2164976596832275,0.0,-0.34222699678502977,-0.34222699678502977,-0.17786741256713867,-0.17786741256713867,0.05607860907912254,-2.000000238418579,-0.6075785160064697,0.0,-0.23394602164626122,-0.23394602164626122,-0.2935325503349304,-0.2935325503349304,-0.12261363118886948,-1.9999502897262573,-1.3306844234466553,0.0,-0.17091891914606094,-0.17091891914606094
6,0.2,24,0,0,,4,uneven rough,5,0.0,49.816856384277344,35.68287658691406,0.3206830620765686,1.7407255172729492,0.11733240634202957,1.7407255172729492,0.11733240634202957,9.382795333862305,6.451751232147217,0.5,-0.6116923689842224,0.1015014499425888,0.8703627586364746,0.058666203171014786,-0.45981693267822266,0.5181056261062622,-0.10622468590736389,-0.15391388535499573,0.21442627906799316,-0.06366848200559616,-0.3218718469142914,-0.3218718469142914,-0.10031262040138245,-1.8043007850646973,-0.7813313603401184,0.0,-0.22155922651290894,-0.22155922651290894,0.2590528130531311,0.2590528130531311,0.2661586105823517,-0.32933032512664795,0.339318186044693,0.0,-0.007105797529220581,-0.007105797529220581,-0.053112342953681946,-0.053112342953681946,-0.02830207720398903,2.004882574081421,0.22641152143478394,0.0,-0.024810265749692917,-0.024810265749692917,-0.10773971676826477,-0.10773971676826477,0.005389373749494553,-1.821220874786377,1.4131373167037964,0.0,-0.11312909051775932,-0.11312909051775932,0.10721313953399658,0.10721313953399658,0.14589636027812958,-1.43434476852417,0.3620791435241699,0.0,-0.038683220744132996,-0.038683220744132996,-0.03183424100279808,-0.03183424100279808,-0.021074719727039337,-0.3545641005039215,0.11609406024217606,0.0,-0.010759521275758743,-0.010759521275758743
7,0.23333333333333334,4,0,0,,4,uneven rough,5,0.0,50.46918487548828,34.28333282470703,0.32852649688720703,1.2023264169692993,-1.0505039691925049,1.2023264169692993,-1.0505039691925049,4.783235549926758,2.2796435356140137,0.22432070970535278,0.2065916359424591,0.026937957853078842,0.6011632084846497,-0.5252519845962524,-0.2112296223640442,0.3399553894996643,0.34880557656288147,-0.4940490424633026,0.05074235051870346,-0.5287615060806274,-0.14786073565483093,-0.14786073565483093,0.014644156210124493,-1.9503220319747925,0.667030930519104,0.0,-0.16250489186495543,-0.16250489186495543,0.16997769474983215,0.16997769474983215,0.14977110922336578,-0.3874782621860504,-0.5264930129051208,0.0,0.02020658552646637,0.02020658552646637,0.17440278828144073,0.17440278828144073,-0.0368027500808239,0.8877624273300171,-1.2618536949157715,0.0,0.21120553836226463,0.21120553836226463,-0.34583431482315063,-0.34583431482315063,0.06439089775085449,-1.3810091018676758,-0.7153918147087097,0.0,-0.4102252125740051,-0.4102252125740051,0.02537117525935173,0.02537117525935173,0.10840123891830444,-1.7568769454956055,-0.5904818773269653,0.0,-0.08303006365895271,-0.08303006365895271,-0.2643807530403137,-0.2643807530403137,-0.03286471217870712,0.8655610084533691,-1.1883260011672974,0.0,-0.2315160408616066,-0.2315160408616066
7,0.23333333333333334,14,0,0,,4,uneven rough,5,0.0,50.10893249511719,35.76144790649414,0.3700178265571594,1.7642372846603394,0.23169972002506256,1.7642372846603394,0.23169972002506256,9.220344543457031,0.0,0.0,-0.35172587633132935,0.22116923332214355,0.8821186423301697,0.11584986001253128,0.4512539505958557,0.38121169805526733,0.13830918073654175,-0.4467105567455292,0.22422048449516296,-0.7169603109359741,0.315877765417099,0.315877765417099,0.015421225689351559,1.6506702899932861,-0.8244094252586365,0.0,0.30045653972774744,0.30045653972774744,0.19060584902763367,0.19060584902763367,0.23565755784511566,-1.3324804306030273,0.3873732388019562,0.0,-0.045051708817481995,-0.045051708817481995,0.06915459036827087,0.06915459036827087,0.00493682362139225,2.004549264907837,-0.526929497718811,0.0,0.06421776674687862,0.06421776674687862,-0.3126973807811737,-0.3126973807811737,-0.06577201187610626,-1.7020163536071777,-1.5602011680603027,0.0,-0.24692536890506744,-0.24692536890506744,0.11211024224758148,0.11211024224758148,0.06477437168359756,1.5053874254226685,-1.3948562145233154,0.0,0.04733587056398392,0.04733587056398392,-0.35848015546798706,-0.35848015546798706,-0.12434408068656921,0.11169897019863129,-1.7090885639190674,0.0,-0.23413607478141785,-0.23413607478141785
7,0.23333333333333334,24,0,0,,4,uneven rough,5,0.0,49.8712043762207,35.688629150390625,0.3428152799606323,1.9437419176101685,0.3215829133987427,1.8874735832214355,0.3215829133987427,8.304672241210938,4.0021209716796875,0.6666666865348816,-0.7090675830841064,0.2086416780948639,0.9718709588050842,0.16079145669937134,0.37465572357177734,0.7242021560668945,-0.20578943192958832,-0.32164648175239563,0.16801783442497253,-0.40011757612228394,0.26225900650024414,0.26225900650024414,-0.07185807079076767,1.9004915952682495,-1.3597201108932495,0.0,0.3341170772910118,0.3341170772910118,0.36210107803344727,0.36210107803344727,0.3290746510028839,1.9998141527175903,-0.03873687982559204,0.0,0.033026427030563354,0.033026427030563354,-0.10289471596479416,-0.10289471596479416,-0.043085064738988876,-0.2319287657737732,1.2319622039794922,0.0,-0.05980965122580528,-0.05980965122580528,-0.22515253722667694,-0.22515253722667694,-0.05914919450879097,-1.7663038969039917,-0.4155746102333069,0.0,-0.16600334271788597,-0.16600334271788597,0.08400891721248627,0.08400891721248627,0.09767185151576996,-2.083015203475952,-0.6536221504211426,0.0,-0.013662934303283691,-0.013662934303283691,-0.20005878806114197,-0.20005878806114197,-0.07930032163858414,-0.7616759538650513,-0.1500169038772583,0.0,-0.12075846642255783,-0.12075846642255783
8,0.26666666666666666,4,0,0,,4,uneven rough,5,0.0,50.51982879638672,34.26232147216797,0.32805341482162476,1.7572818994522095,-0.6196665167808533,1.7572818994522095,-0.6196665167808533,8.596261978149414,3.365105152130127,0.3333333432674408,0.09389446675777435,0.16509751975536346,0.8786409497261047,-0.30983325839042664,0.44370269775390625,0.10785069316625595,0.3027423322200775,-0.4205557405948639,0.6546515226364136,-0.6977485418319702,0.3105918765068054,0.3105918765068054,0.05384176969528198,1.8680084943771362,-0.8128251433372498,0.0,0.25675010681152344,0.25675010681152344,0.053925346583127975,0.053925346583127975,0.10458642244338989,-1.9356865882873535,-0.44789382815361023,0.0,-0.05066107586026192,-0.05066107586026192,0.15137116611003876,0.15137116611003876,0.020795714110136032,1.7022109031677246,-0.04645686224102974,0.0,0.13057545199990273,0.13057545199990273,-0.294389009475708,-0.294389009475708,-0.001369841513223946,-1.860925555229187,-1.0917329788208008,0.0,-0.29301916796248406,-0.29301916796248406,0.3273257613182068,0.3273257613182068,0.11727680265903473,0.5242282748222351,-1.2499637603759766,0.0,0.21004895865917206,0.21004895865917206,-0.3488742709159851,-0.3488742709159851,-0.028324536979198456,0.26244956254959106,-0.02705457992851734,0.0,-0.32054973393678665,-0.32054973393678665
8,0.26666666666666666,14,0,0,,4,uneven rough,5,0.0,50.16490936279297,35.74409484863281,0.3651103973388672,1.7861100435256958,-0.12343943119049072,1.7861100435256958,-0.12343943119049072,9.93539047241211,4.138738632202148,0.3333333432674408,-0.16284003853797913,0.10441523045301437,0.8930550217628479,-0.06171971559524536,0.6269708871841431,0.5764808058738708,-0.17502111196517944,-0.10040858387947083,0.3419904410839081,-0.13117235898971558,0.4388796091079712,0.4388796091079712,0.0695580467581749,1.0936883687973022,0.575005054473877,0.0,0.3693215623497963,0.3693215623497963,0.2882404029369354,0.2882404029369354,0.282296359539032,0.9699807167053223,-0.5850350856781006,0.0,0.005944043397903442,0.005944043397903442,-0.08751055598258972,-0.08751055598258972,-0.03572601452469826,-1.9999698400497437,0.9043731093406677,0.0,-0.051784541457891464,-0.051784541457891464,-0.07028600573539734,-0.07028600573539734,-0.09845257550477982,0.6689461469650269,-1.6403837203979492,0.0,0.028166569769382477,0.028166569769382477,0.17099522054195404,0.17099522054195404,0.13695603609085083,1.9999721050262451,0.24494674801826477,0.0,0.03403918445110321,0.03403918445110321,-0.06558617949485779,-0.06558617949485779,-0.09009519964456558,1.0981887578964233,-0.6796119809150696,0.0,0.024509020149707794,0.024509020149707794
8,0.26666666666666666,24,0,0,,4,uneven rough,5,0.0,49.926483154296875,35.69511795043945,0.3641250729560852,1.7208341360092163,-0.9158874154090881,1.7208341360092163,-0.9158874154090881,9.373968124389648,8.137737274169922,0.5,-0.6621387004852295,0.14910505712032318,0.8604170680046082,-0.45794370770454407,-0.5104658603668213,0.7243523001670837,-0.01616610586643219,-0.5844247937202454,0.21577145159244537,-0.6695613861083984,-0.35732609033584595,-0.35732609033584595,-0.10838633030653,-1.548614740371704,0.4836094081401825,0.0,-0.24893976002931595,-0.24893976002931595,0.36217615008354187,0.36217615008354187,0.38687703013420105,1.3067861795425415,1.1138635873794556,0.0,-0.02470088005065918,-0.02470088005065918,-0.008083052933216095,-0.008083052933216095,-0.022157106548547745,0.9806078672409058,0.4042756259441376,0.0,0.01407405361533165,0.01407405361533165,-0.4090973436832428,-0.4090973436832428,-0.0940251424908638,-1.2661393880844116,-1.1792793273925781,0.0,-0.315072201192379,-0.315072201192379,0.10788572579622269,0.10788572579622269,0.07202060520648956,-0.5610344409942627,-1.4618035554885864,0.0,0.035865120589733124,0.035865120589733124,-0.3347806930541992,-0.3347806930541992,-0.10809165984392166,0.9106016159057617,-0.4958500266075134,0.0,-0.22668903321027756,-0.22668903321027756
9,0.3,4,0,0,,4,uneven rough,5,0.0,50.57145309448242,34.233585357666016,0.33214691281318665,1.58955717086792,-1.2031179666519165,1.58955717086792,-1.2031179666519165,8.385696411132812,3.8455810546875,0.3333333432674408,-0.2608484625816345,0.051902174949645996,0.79477858543396,-0.6015589833259583,0.33520039916038513,0.6363474130630493,0.152805894613266,-0.02458699606359005,0.458047091960907,-0.16035768389701843,0.23464027047157288,0.23464027047157288,0.11717694997787476,1.705422282218933,0.7029229998588562,0.0,0.11746332049369812,0.11746332049369812,0.31817370653152466,0.31817370653152466,0.161635622382164,1.4900015592575073,-1.2890945672988892,0.0,0.15653808414936066,0.15653808414936066,0.076402947306633,0.076402947306633,0.04501715674996376,-0.09201008081436157,0.9422430396080017,0.0,0.031385790556669235,0.031385790556669235,-0.01721089705824852,-0.01721089705824852,-0.034064266830682755,0.18815557658672333,-1.5266358852386475,0.0,0.016853369772434235,0.016853369772434235,0.2290235459804535,0.2290235459804535,0.19158798456192017,1.9662836790084839,-0.24683241546154022,0.0,0.037435561418533325,0.037435561418533325,-0.08017884194850922,-0.08017884194850922,-0.04680786654353142,-0.06470268964767456,0.136631578207016,0.0,-0.0333709754049778,-0.0333709754049778
9,0.3,14,0,0,,4,uneven rough,5,0.0,50.216026306152344,35.72212219238281,0.34970009326934814,1.6132259368896484,-0.4180659353733063,1.6132259368896484,-0.4180659353733063,7.923969268798828,6.6666669845581055,0.3333333432674408,-0.4249197840690613,0.02885991893708706,0.8066129684448242,-0.20903296768665314,0.07665026932954788,0.4234061539173126,-0.26442277431488037,0.41374367475509644,0.6491137742996216,0.22772563993930817,0.05365518853068352,0.05365518853068352,0.058765266090631485,-0.4148522913455963,0.8682695031166077,0.0,-0.0051100775599479675,-0.0051100775599479675,0.2117030769586563,0.2117030769586563,0.23610982298851013,-1.8131123781204224,0.29417362809181213,0.0,-0.02440674602985382,-0.02440674602985382,-0.13221138715744019,-0.13221138715744019,-0.10239976644515991,-1.9923667907714844,-0.7377476096153259,0.0,-0.029811620712280273,-0.029811620712280273,0.289620578289032,0.289620578289032,-0.03106781095266342,1.7947132587432861,-0.33468449115753174,0.0,0.3206883892416954,0.3206883892416954,0.3245568871498108,0.3245568871498108,0.17822463810443878,1.7724169492721558,1.237241268157959,0.0,0.146332249045372,0.146332249045372,0.11386281996965408,0.11386281996965408,-0.02629932388663292,1.337534785270691,0.32555973529815674,0.0,0.140162143856287,0.140162143856287
9,0.3,24,0,0,,4,uneven rough,5,0.0,49.98142623901367,35.69789505004883,0.37409326434135437,1.800613284111023,-0.05481775104999542,1.800613284111023,-0.05481775104999542,8.712128639221191,7.426541328430176,0.5,-0.3052653670310974,0.17389056086540222,0.9003066420555115,-0.02740887552499771,0.6822642087936401,0.10934219509363174,-0.18473105132579803,-0.47342216968536377,0.7182190418243408,-0.6072515249252319,0.47758492827415466,0.47758492827415466,-0.07643253356218338,1.6445732116699219,-0.6654137969017029,0.0,0.554017461836338,0.554017461836338,0.05467109754681587,0.05467109754681587,0.35827162861824036,-1.474772572517395,1.2229423522949219,0.0,-0.3036005310714245,-0.3036005310714245,-0.09236552566289902,-0.09236552566289902,-0.0483267605304718,-0.8944804072380066,0.730134904384613,0.0,-0.044038765132427216,-0.044038765132427216,-0.3313955068588257,-0.3313955068588257,-0.157548725605011,-1.4826077222824097,-1.2283902168273926,0.0,-0.1738467812538147,-0.1738467812538147,0.3591095209121704,0.3591095209121704,0.08200298994779587,0.840523362159729,-0.9525070786476135,0.0,0.27710653096437454,0.27710653096437454,-0.30362576246261597,-0.30362576246261597,-0.15122246742248535,-0.4435221552848816,0.2993602454662323,0.0,-0.15240329504013062,-0.15240329504013062
10,0.3333333333333333,4,0,0,,4,uneven rough,5,0.0,50.62275695800781,34.204742431640625,0.3330286145210266,1.3051340579986572,0.22285181283950806,1.3051340579986572,0.22285181283950806,5.323379039764404,0.921136736869812,0.3333333432674408,-0.38094860315322876,0.13021740317344666,0.6525670289993286,0.11142590641975403,-0.04983263090252876,0.5637990236282349,-0.017336906865239143,0.6547413468360901,0.5719068050384521,0.2516598701477051,-0.034882839769124985,-0.034882839769124985,0.061506401747465134,-1.9799528121948242,1.2697378396987915,0.0,-0.09638924151659012,-0.09638924151659012,0.28189951181411743,0.28189951181411743,0.22816771268844604,2.0000009536743164,0.2822113633155823,0.0,0.05373179912567139,0.05373179912567139,-0.008668453432619572,-0.008668453432619572,-0.006758097093552351,-1.525614857673645,0.3574744760990143,0.0,-0.0019103563390672207,-0.0019103563390672207,0.45831894874572754,0.45831894874572754,0.03542482852935791,1.9947859048843384,-0.5570897459983826,0.0,0.42289412021636963,0.42289412021636963,0.2859534025192261,0.2859534025192261,0.25896167755126953,1.9997438192367554,1.0044673681259155,0.0,0.026991724967956543,0.026991724967956543,0.12582993507385254,0.12582993507385254,0.013972489163279533,2.0000014305114746,0.02279682084918022,0.0,0.111857445910573,0.111857445910573
10,0.3333333333333333,14,0,0,,4,uneven rough,5,0.0,50.266693115234375,35.695125579833984,0.33849042654037476,1.5336229801177979,0.6347277760505676,1.5336229801177979,0.6347277760505676,7.669278621673584,0.12802252173423767,0.1666666716337204,-0.5179264545440674,0.06139227747917175,0.7668114900588989,0.3173638880252838,0.11005870997905731,0.4950954020023346,0.3921370804309845,0.40243998169898987,0.028427546843886375,0.4310915768146515,0.07704109698534012,0.07704109698534012,0.06423062831163406,0.06743334978818893,0.14279013872146606,0.0,0.012810468673706055,0.012810468673706055,0.2475477010011673,0.2475477010011673,0.20733769237995148,1.271898865699768,-0.8972896337509155,0.0,0.04021000862121582,0.04021000862121582,0.19606854021549225,0.19606854021549225,-0.04578641057014465,-0.35645750164985657,-1.4471114873886108,0.0,0.2418549507856369,0.2418549507856369,0.2817079722881317,0.2817079722881317,0.03248579427599907,1.9415007829666138,0.8692808151245117,0.0,0.24922217801213264,0.24922217801213264,0.014213773421943188,0.014213773421943188,0.1540868580341339,-1.0708396434783936,1.5398305654525757,0.0,-0.13987308461219072,-0.13987308461219072,0.21554578840732574,0.21554578840732574,0.03780704736709595,-0.6664272546768188,0.8977322578430176,0.0,0.1777387410402298,0.1777387410402298
10,0.3333333333333333,24,0,0,,4,uneven rough,5,0.0,50.04082489013672,35.69187927246094,0.3812007009983063,1.803728699684143,-1.3724908828735352,1.803728699684143,-1.3724908828735352,9.990458488464355,6.162825584411621,0.5,-0.12858399748802185,0.10549917817115784,0.9018643498420715,-0.6862454414367676,0.25953030586242676,0.7967036962509155,-0.1861095428466797,-0.17394918203353882,0.2411188781261444,-0.16453373432159424,0.18167121708393097,0.18167121708393097,-0.021289577707648277,1.4912959337234497,0.6406570076942444,0.0,0.20296079479157925,0.20296079479157925,0.39835184812545776,0.39835184812545776,0.3705100417137146,0.6003925800323486,-0.3023505210876465,0.0,0.027841806411743164,0.027841806411743164,-0.09305477142333984,-0.09305477142333984,-0.06456565111875534,-1.8605070114135742,-0.18842551112174988,0.0,-0.028489120304584503,-0.028489120304584503,-0.12176442891359329,-0.12176442891359329,-0.15164834260940552,1.2360987663269043,-1.372125267982483,0.0,0.029883913695812225,0.029883913695812225,0.1205594390630722,0.1205594390630722,0.14160221815109253,0.7429778575897217,0.061275552958250046,0.0,-0.021042779088020325,-0.021042779088020325,-0.08226686716079712,-0.08226686716079712,-0.09760492295026779,1.5566153526306152,-0.12066679447889328,0.0,0.015338055789470673,0.015338055789470673
11,0.36666666666666664,4,0,0,,4,uneven rough,5,0.0,50.6688117980957,34.176483154296875,0.33227574825286865,1.5872547626495361,0.5417970418930054,1.5872547626495361,0.5417970418930054,7.9736762046813965,0.0,0.0,-0.3479089140892029,0.13148973882198334,0.7936273813247681,0.2708985209465027,0.3006449341773987,0.3243151605129242,-0.20524373650550842,0.4450439512729645,0.4370209872722626,0.1696673482656479,0.21045145392417908,0.21045145392417908,0.06982319056987762,1.1784454584121704,-0.5676431059837341,0.0,0.14062826335430145,0.14062826335430145,0.1621575802564621,0.1621575802564621,0.19867922365665436,0.9660738706588745,1.2534526586532593,0.0,-0.03652164340019226,-0.03652164340019226,-0.10262186825275421,-0.10262186825275421,-0.07205303013324738,-1.3004753589630127,-0.7072275876998901,0.0,-0.030568838119506836,-0.030568838119506836,0.3115307688713074,0.3115307688713074,0.07778876274824142,0.7776951789855957,0.8857453465461731,0.0,0.23374200612306595,0.23374200612306595,0.2185104936361313,0.2185104936361313,0.19190382957458496,-1.0514878034591675,1.567198395729065,0.0,0.026606664061546326,0.026606664061546326,0.08483367413282394,0.08483367413282394,0.05842834711074829,-0.4043750464916229,1.1407119035720825,0.0,0.026405327022075653,0.026405327022075653
11,0.36666666666666664,14,0,0,,4,uneven rough,5,0.0,50.3215217590332,35.676795959472656,0.3372284770011902,1.72025728225708,-0.6574835181236267,1.72025728225708,-0.6574835181236267,8.614482879638672,5.539144515991211,0.3333333432674408,-0.1990065574645996,0.11821862310171127,0.86012864112854,-0.32874175906181335,-0.5185831785202026,0.4199080467224121,0.381816029548645,0.16752251982688904,0.11764440685510635,0.06151817739009857,-0.3630082309246063,-0.3630082309246063,0.004482949152588844,-1.889206886291504,0.10018327087163925,0.0,-0.36749118007719517,-0.36749118007719517,0.20995402336120605,0.20995402336120605,0.19391489028930664,-0.7683531045913696,0.32917341589927673,0.0,0.016039133071899414,0.016039133071899414,0.1909080147743225,0.1909080147743225,0.002936197677627206,-0.7250603437423706,-0.8304537534713745,0.0,0.1879718170966953,0.1879718170966953,0.11726576089859009,0.11726576089859009,0.0954294428229332,0.911106526851654,1.4755159616470337,0.0,0.02183631807565689,0.02183631807565689,0.05882220342755318,0.05882220342755318,0.09414742887020111,-0.5328604578971863,0.06375297904014587,0.0,-0.035325225442647934,-0.035325225442647934,0.030759088695049286,0.030759088695049286,0.03126722201704979,-0.9712080359458923,0.013353677466511726,0.0,-0.0005081333220005035,-0.0005081333220005035
11,0.36666666666666664,24,0,0,,4,uneven rough,5,0.0,50.09992218017578,35.686275482177734,0.3815549910068512,1.8706483840942383,-0.015462999232113361,1.8618135452270508,-0.015462999232113361,9.462331771850586,0.0,0.0,0.44061803817749023,0.15406182408332825,0.9353241920471191,-0.007731499616056681,-0.16359911859035492,0.7657532691955566,0.4121714234352112,0.47574764490127563,0.41671210527420044,0.34204357862472534,-0.1145193800330162,-0.1145193800330162,-0.054626017808914185,-2.000009298324585,1.1216098070144653,0.0,-0.05989336222410202,-0.05989336222410202,0.3828766345977783,0.3828766345977783,0.3850385546684265,-0.980745792388916,0.2080620527267456,0.0,-0.0021619200706481934,-0.0021619200706481934,0.2060857117176056,0.2060857117176056,-0.014400291256606579,1.6857407093048096,-1.1338233947753906,0.0,0.22048600297421217,0.22048600297421217,0.333023339509964,0.333023339509964,-0.0813300609588623,1.685978651046753,0.10256926715373993,0.0,0.4143534004688263,0.4143534004688263,0.20835605263710022,0.20835605263710022,0.20204538106918335,1.5316039323806763,0.4467112720012665,0.0,0.00631067156791687,0.00631067156791687,0.17102178931236267,0.17102178931236267,-0.02863333560526371,1.8597713708877563,0.8276715278625488,0.0,0.19965512491762638,0.19965512491762638
12,0.4,4,0,0,,4,uneven rough,5,0.0,50.71485137939453,34.15254211425781,0.3412657678127289,1.7696887254714966,0.40349239110946655,1.7696887254714966,0.40349239110946655,9.35465145111084,6.028095245361328,0.5,-0.3872087597846985,0.12233488261699677,0.8848443627357483,0.20174619555473328,-0.2629537582397461,0.3206774890422821,0.22956588864326477,0.1553047150373459,0.2160995602607727,0.08611934632062912,-0.18406762182712555,-0.18406762182712555,0.019231464713811874,-1.5224868059158325,0.4195984899997711,0.0,-0.20329908654093742,-0.20329908654093742,0.16033874452114105,0.16033874452114105,0.20276732742786407,-0.05831826850771904,1.0909682512283325,0.0,-0.04242858290672302,-0.04242858290672302,0.11478294432163239,0.11478294432163239,-0.03680529072880745,0.08988579362630844,-1.0426509380340576,0.0,0.15158823505043983,0.15158823505043983,0.108713299036026,0.108713299036026,0.1312652826309204,0.39894604682922363,0.8246535658836365,0.0,-0.02255198359489441,-0.02255198359489441,0.10804978013038635,0.10804978013038635,0.1129426509141922,-1.8655933141708374,0.0865885317325592,0.0,-0.004892870783805847,-0.004892870783805847,0.04305967316031456,0.04305967316031456,0.0471634566783905,-0.24356545507907867,0.2671169638633728,0.0,-0.004103783518075943,-0.004103783518075943
12,0.4,14,0,0,,4,uneven rough,5,0.0,50.38636779785156,35.66066360473633,0.34734398126602173,1.6443066596984863,-0.017702244222164154,1.6443066596984863,-0.017702244222164154,9.108721733093262,6.277776718139648,0.6666666865348816,0.18986549973487854,0.2481231689453125,0.8221533298492432,-0.008851122111082077,-0.3623797297477722,0.7236567139625549,0.2613184154033661,-0.2054680585861206,0.2348046451807022,0.242882639169693,-0.2536658048629761,-0.2536658048629761,-0.05227818340063095,-1.6819496154785156,-1.0246214866638184,0.0,-0.20138762146234512,-0.20138762146234512,0.36182835698127747,0.36182835698127747,0.25853270292282104,1.805051565170288,-0.2913700342178345,0.0,0.10329565405845642,0.10329565405845642,0.13065920770168304,0.13065920770168304,0.057562537491321564,1.5242820978164673,-0.7708641290664673,0.0,0.07309667021036148,0.07309667021036148,-0.1438276320695877,-0.1438276320695877,0.043246958404779434,-1.9992172718048096,1.156397819519043,0.0,-0.18707459047436714,-0.18707459047436714,0.1174023225903511,0.1174023225903511,0.1329430192708969,-0.04831559211015701,-0.2735733389854431,0.0,-0.015540696680545807,-0.015540696680545807,0.1214413195848465,0.1214413195848465,0.07171539217233658,0.9829621315002441,-0.5433192849159241,0.0,0.04972592741250992,0.04972592741250992
12,0.4,24,0,0,,4,uneven rough,5,0.0,50.15129852294922,35.677120208740234,0.3782961964607239,1.7961299419403076,-0.6237984299659729,1.7961299419403076,-0.6237984299659729,8.204666137695312,0.3301476836204529,0.1666666716337204,0.28108662366867065,0.05563519895076752,0.8980649709701538,-0.31189921498298645,-0.009158474393188953,0.6222425103187561,0.04721119627356529,0.40277883410453796,0.05915588140487671,0.25582048296928406,-0.006410932168364525,-0.006410932168364525,-0.04463988542556763,1.5395036935806274,-0.6433592438697815,0.0,0.0382289532572031,0.0382289532572031,0.31112125515937805,0.31112125515937805,0.31914159655570984,-1.6914036273956299,-0.46409204602241516,0.0,-0.008020341396331787,-0.008020341396331787,0.023605598136782646,0.023605598136782646,0.03951794654130936,0.5637528896331787,0.4603632092475891,0.0,-0.01591234840452671,-0.01591234840452671,0.2819451689720154,0.2819451689720154,-0.03317898139357567,1.449530005455017,0.9978317618370056,0.0,0.31512415036559105,0.31512415036559105,0.029577940702438354,0.029577940702438354,0.14533661305904388,-1.746556282043457,1.0601115226745605,0.0,-0.11575867235660553,-0.11575867235660553,0.12791024148464203,0.12791024148464203,0.03831908106803894,1.9491461515426636,1.4112225770950317,0.0,0.08959116041660309,0.08959116041660309
13,0.43333333333333335,4,0,0,,4,uneven rough,5,0.0,50.76698684692383,34.13610076904297,0.3435825705528259,1.662645936012268,0.19947484135627747,1.662645936012268,0.19947484135627747,8.766923904418945,5.577269554138184,0.3333333432674408,-0.4584934413433075,0.050505779683589935,0.831322968006134,0.09973742067813873,-0.10520751774311066,0.28750285506248474,0.41701722145080566,-0.020565630868077278,0.10953299701213837,-0.35200953483581543,-0.07364526391029358,-0.07364526391029358,-0.02321360632777214,-1.699971318244934,-0.6784600019454956,0.0,-0.05043165758252144,-0.05043165758252144,0.14375142753124237,0.14375142753124237,0.14591483771800995,-1.2562700510025024,0.44115957617759705,0.0,-0.002163410186767578,-0.002163410186767578,0.20850861072540283,0.20850861072540283,-0.0026238891296088696,0.1043875515460968,-0.40231263637542725,0.0,0.2111324998550117,0.2111324998550117,-0.01439594104886055,-0.01439594104886055,0.08515343815088272,-1.5498321056365967,0.5839577913284302,0.0,-0.09954937919974327,-0.09954937919974327,0.05476649850606918,0.05476649850606918,0.05780378356575966,-0.004679074510931969,-1.0171785354614258,0.0,-0.0030372850596904755,-0.0030372850596904755,-0.17600476741790771,-0.17600476741790771,0.012382207438349724,0.17091988027095795,-0.02162379026412964,0.0,-0.18838697485625744,-0.18838697485625744
13,0.43333333333333335,14,0,0,,4,uneven rough,5,0.0,50.44828796386719,35.645484924316406,0.3481956124305725,1.8344132900238037,-0.2597047686576843,1.8344132900238037,-0.2597047686576843,8.244365692138672,6.169360160827637,0.5,0.29897359013557434,0.2037489116191864,0.9172066450119019,-0.12985238432884216,0.6754836440086365,0.04901318997144699,-0.4556167721748352,-0.4266494810581207,0.5715758204460144,-0.5518806576728821,0.47283855080604553,0.47283855080604553,-0.02236291952431202,1.7845412492752075,-1.3962759971618652,0.0,0.49520147033035755,0.49520147033035755,0.024506594985723495,0.024506594985723495,0.2284742295742035,-1.8876230716705322,0.8939505219459534,0.0,-0.20396763458848,-0.20396763458848,-0.2278083860874176,-0.2278083860874176,-0.005574163049459457,-1.4052993059158325,0.52681565284729,0.0,-0.22223422303795815,-0.22223422303795815,-0.2986546456813812,-0.2986546456813812,-0.02506716363132,-1.3857921361923218,-0.6277925968170166,0.0,-0.2735874820500612,-0.2735874820500612,0.2857879102230072,0.2857879102230072,0.18212085962295532,2.0019614696502686,-0.14621220529079437,0.0,0.10366705060005188,0.10366705060005188,-0.27594032883644104,-0.27594032883644104,0.009790784679353237,-2.047105550765991,0.31964296102523804,0.0,-0.2857311135157943,-0.2857311135157943
13,0.43333333333333335,24,0,0,,4,uneven rough,5,0.0,50.20539474487305,35.66852569580078,0.3720654845237732,1.5968531370162964,0.2364272028207779,1.5968531370162964,0.2364272028207779,8.348950386047363,0.0,0.0,0.573203980922699,0.21912150084972382,0.7984265685081482,0.11821360141038895,-0.6679344773292542,0.6472193002700806,0.4734262228012085,0.1200484186410904,0.09631357342004776,0.2026158720254898,-0.46755412220954895,-0.46755412220954895,-0.07510896772146225,-1.3606432676315308,0.5908353924751282,0.0,-0.3924451544880867,-0.3924451544880867,0.3236096501350403,0.3236096501350403,0.2925334572792053,0.21157929301261902,-1.1580162048339844,0.0,0.03107619285583496,0.03107619285583496,0.23671311140060425,0.23671311140060425,0.0767710879445076,1.384945273399353,0.5188199281692505,0.0,0.15994202345609665,0.15994202345609665,0.08403389155864716,0.08403389155864716,0.03849278390407562,2.0016684532165527,1.2532227039337158,0.0,0.04554110765457153,0.04554110765457153,0.04815678671002388,0.04815678671002388,0.08817534893751144,-1.48860764503479,-0.5267834663391113,0.0,-0.040018562227487564,-0.040018562227487564,0.1013079360127449,0.1013079360127449,0.103551484644413,1.2552909851074219,1.7153655290603638,0.0,-0.002243548631668091,-0.002243548631668091
14,0.4666666666666667,4,0,0,,4,uneven rough,5,0.0,50.82374572753906,34.111698150634766,0.34625178575515747,1.7550294399261475,-0.7811024785041809,1.7550294399261475,-0.7811024785041809,8.233449935913086,4.583374977111816,0.3333333432674408,-0.4883732795715332,0.14768612384796143,0.8775147199630737,-0.39055123925209045,0.5318773984909058,0.3555607795715332,0.07080871611833572,-0.174810990691185,0.3240032196044922,-0.41101932525634766,0.3723141849040985,0.3723141849040985,0.023160237818956375,1.9183968305587769,-1.2560243606567383,0.0,0.34915394708514214,0.34915394708514214,0.1777803897857666,0.1777803897857666,0.1834246814250946,1.0885875225067139,-0.5185701847076416,0.0,-0.005644291639328003,-0.005644291639328003,0.03540435805916786,0.03540435805916786,0.017007704824209213,1.167681097984314,-0.11582344770431519,0.0,0.01839665323495865,0.01839665323495865,-0.12236769497394562,-0.12236769497394562,0.017611531540751457,-1.8355963230133057,-0.6224908232688904,0.0,-0.13997922651469707,-0.13997922651469707,0.1620016098022461,0.1620016098022461,0.12035084515810013,1.8634873628616333,-0.44470950961112976,0.0,0.041650764644145966,0.041650764644145966,-0.20550966262817383,-0.20550966262817383,0.0002937361423391849,-0.8165908455848694,0.08724074810743332,0.0,-0.205803398770513,-0.205803398770513
14,0.4666666666666667,14,0,0,,4,uneven rough,5,0.0,50.50141143798828,35.62492752075195,0.3549308180809021,1.5800446271896362,-0.46916478872299194,1.5800446271896362,-0.46916478872299194,8.405620574951172,0.5857771635055542,0.1666666716337204,0.1447603553533554,0.18841895461082458,0.7900223135948181,-0.23458239436149597,0.42181405425071716,0.35990673303604126,0.21937809884548187,-0.10877421498298645,0.15756426751613617,-0.5846843719482422,0.29526984691619873,0.29526984691619873,0.043965067714452744,1.3585277795791626,0.4021637737751007,0.0,0.251304779201746,0.251304779201746,0.17995336651802063,0.17995336651802063,0.167807474732399,-1.1865507364273071,-0.6787561774253845,0.0,0.012145891785621643,0.012145891785621643,0.10968904942274094,0.10968904942274094,0.044794704765081406,1.0965474843978882,-0.5656055808067322,0.0,0.06489434465765953,0.06489434465765953,-0.07614194601774216,-0.07614194601774216,-0.0794757530093193,-0.9045910239219666,-1.0563669204711914,0.0,0.0033338069915771484,0.0033338069915771484,0.07878213375806808,0.07878213375806808,0.1427547186613083,-1.371151328086853,1.0683690309524536,0.0,-0.0639725849032402,-0.0639725849032402,-0.2923421859741211,-0.2923421859741211,-0.04802757874131203,-0.8111593723297119,-1.0185209512710571,0.0,-0.24431460723280907,-0.24431460723280907
14,0.4666666666666667,24,0,0,,4,uneven rough,5,0.0,50.26487350463867,35.676753997802734,0.36892521381378174,1.705255150794983,-0.08438367396593094,1.705255150794983,-0.08438367396593094,8.456880569458008,2.799309730529785,0.3333333432674408,0.558950662612915,0.09662535786628723,0.8526275753974915,-0.04219183698296547,-0.41820839047431946,0.699751615524292,-0.37738093733787537,-0.09346134215593338,0.056136373430490494,-0.0886230617761612,-0.2927458584308624,-0.2927458584308624,-0.13303636014461517,-1.5333038568496704,-0.5125341415405273,0.0,-0.15970949828624725,-0.15970949828624725,0.349875807762146,0.349875807762146,0.3426835834980011,1.0658330917358398,-0.3836444616317749,0.0,0.0071922242641448975,0.0071922242641448975,-0.18869046866893768,-0.18869046866893768,0.011874927207827568,-2.00933837890625,1.008528709411621,0.0,-0.20056539587676525,-0.20056539587676525,-0.06542293727397919,-0.06542293727397919,0.025698048993945122,-2.003739595413208,1.676395297050476,0.0,-0.09112098626792431,-0.09112098626792431,0.028068186715245247,0.028068186715245247,0.035929467529058456,-1.398393154144287,-1.0706006288528442,0.0,-0.00786128081381321,-0.00786128081381321,-0.0443115308880806,-0.0443115308880806,0.05828317999839783,-0.6558308601379395,1.4552385807037354,0.0,-0.10259471088647842,-0.10259471088647842
15,0.5,4,0,0,,4,uneven rough,5,0.0,50.880393981933594,34.084686279296875,0.34945252537727356,1.5295928716659546,0.3370683491230011,1.5295928716659546,0.3370683491230011,7.6953349113464355,1.3574669361114502,0.3333333432674408,-0.3039708137512207,0.036834292113780975,0.7647964358329773,0.16853417456150055,0.37419912219047546,0.42425453662872314,-0.02362990751862526,-0.13299672305583954,0.5405093431472778,-0.277383029460907,0.2619393765926361,0.2619393765926361,0.08895193785429001,1.951762080192566,0.5387990474700928,0.0,0.1729874387383461,0.1729874387383461,0.21212726831436157,0.21212726831436157,0.23678457736968994,1.0033793449401855,0.39011967182159424,0.0,-0.02465730905532837,-0.02465730905532837,-0.01181495375931263,-0.01181495375931263,0.0021775062195956707,-0.7838433384895325,0.6098723411560059,0.0,-0.0139924599789083,-0.0139924599789083,-0.09309770166873932,-0.09309770166873932,-0.04343724995851517,-1.8331139087677002,-1.3083828687667847,0.0,-0.04966045171022415,-0.04966045171022415,0.2702546715736389,0.2702546715736389,0.17925550043582916,1.682367205619812,0.8603491187095642,0.0,0.09099917113780975,0.09099917113780975,-0.1386915147304535,-0.1386915147304535,-0.043409235775470734,-0.995227575302124,-0.42378726601600647,0.0,-0.09528227895498276,-0.09528227895498276
15,0.5,14,0,0,,4,uneven rough,5,0.0,50.5605583190918,35.61257553100586,0.3648218810558319,1.5800937414169312,-0.260844349861145,1.5800937414169312,-0.260844349861145,7.993498802185059,1.2531598806381226,0.1666666716337204,-0.06201249361038208,0.14978593587875366,0.7900468707084656,-0.1304221749305725,-0.08147072792053223,0.5668160915374756,0.08455171436071396,-0.2393387109041214,0.28993287682533264,-0.18973849713802338,-0.05702950805425644,-0.05702950805425644,0.013807302340865135,-1.9992731809616089,0.9428936839103699,0.0,-0.07083681039512157,-0.07083681039512157,0.2834080457687378,0.2834080457687378,0.23045164346694946,1.9687457084655762,-0.9658641219139099,0.0,0.05295640230178833,0.05295640230178833,0.04227585718035698,0.04227585718035698,0.044524043798446655,0.1097630187869072,0.3741787374019623,0.0,-0.002248186618089676,-0.002248186618089676,-0.16753709316253662,-0.16753709316253662,-0.12273544818162918,-1.9494043588638306,-0.9705525636672974,0.0,-0.04480164498090744,-0.04480164498090744,0.14496643841266632,0.14496643841266632,0.16466008126735687,-0.17910248041152954,-0.310940146446228,0.0,-0.019693642854690552,-0.019693642854690552,-0.09486924856901169,-0.09486924856901169,-0.10025962442159653,-0.200519859790802,-0.9012783169746399,0.0,0.005390375852584839,0.005390375852584839
15,0.5,24,0,0,,4,uneven rough,5,0.0,50.321075439453125,35.68277359008789,0.35688066482543945,1.8311980962753296,-0.9621514081954956,1.8311980962753296,-0.9621514081954956,7.4981513023376465,0.5602986216545105,0.3333333432674408,0.35187476873397827,0.18537811934947968,0.9155990481376648,-0.4810757040977478,0.16788840293884277,0.4937724471092224,-0.5975733399391174,-0.7074121236801147,-0.09077102690935135,-0.4136316478252411,0.11752188205718994,0.11752188205718994,-0.09685888141393661,1.603541612625122,-1.0896791219711304,0.0,0.21438076347112656,0.21438076347112656,0.2468862235546112,0.2468862235546112,0.2823655307292938,-1.4205402135849,0.4358927607536316,0.0,-0.03547930717468262,-0.03547930717468262,-0.2987866699695587,-0.2987866699695587,-0.04607041925191879,-2.2634215354919434,-0.6977787613868713,0.0,-0.2527162507176399,-0.2527162507176399,-0.49518847465515137,-0.49518847465515137,-0.04508790001273155,-1.674200415611267,-0.4043596088886261,0.0,-0.4501005746424198,-0.4501005746424198,-0.1452336460351944,-0.1452336460351944,-0.024127505719661713,-0.24718326330184937,-1.2559350728988647,0.0,-0.12110614031553268,-0.12110614031553268,-0.20681582391262054,-0.20681582391262054,0.004209816921502352,-1.2760918140411377,0.2616361379623413,0.0,-0.2110256408341229,-0.2110256408341229
16,0.5333333333333333,4,0,0,,4,uneven rough,5,0.0,50.933563232421875,34.05723190307617,0.35223183035850525,1.3348662853240967,0.23256224393844604,1.3348662853240967,0.23256224393844604,7.17161750793457,2.696470260620117,0.3333333432674408,-0.05773862451314926,0.1392909288406372,0.6674331426620483,0.11628112196922302,0.181094691157341,0.4704205095767975,-0.12919117510318756,-0.08599497377872467,0.21966300904750824,-0.22581155598163605,0.12676627933979034,0.12676627933979034,0.1307137906551361,0.6406336426734924,1.337690830230713,0.0,-0.003947511315345764,-0.003947511315345764,0.23521025478839874,0.23521025478839874,0.2263544350862503,0.2627204656600952,0.7368577718734741,0.0,0.008855819702148438,0.008855819702148438,-0.06459558755159378,-0.06459558755159378,-0.06160542368888855,-1.1329405307769775,-0.17813700437545776,0.0,-0.0029901638627052307,-0.0029901638627052307,-0.06019648164510727,-0.06019648164510727,-0.06184087321162224,0.3340279459953308,-1.6050667762756348,0.0,0.0016443915665149689,0.0016443915665149689,0.10983150452375412,0.10983150452375412,0.12445982545614243,-1.2808470726013184,1.3251196146011353,0.0,-0.014628320932388306,-0.014628320932388306,-0.11290577799081802,-0.11290577799081802,-0.09802008420228958,-2.0458428859710693,-0.7468806505203247,0.0,-0.014885693788528442,-0.014885693788528442
16,0.5333333333333333,14,0,0,,4,uneven rough,5,0.0,50.6157341003418,35.60307312011719,0.36025771498680115,1.6081535816192627,0.01324499398469925,1.6081535816192627,0.01324499398469925,9.113191604614258,2.6400787830352783,0.1666666716337204,0.2110850065946579,0.31958726048469543,0.8040767908096313,0.006622496992349625,0.6499198079109192,0.1977115273475647,-0.022024005651474,-0.3051394820213318,0.3295847773551941,-0.5379040241241455,0.45494386553764343,0.45494386553764343,0.04564704746007919,2.000000238418579,-0.7206127047538757,0.0,0.40929681807756424,0.40929681807756424,0.09885576367378235,0.09885576367378235,0.17006394267082214,-1.9977123737335205,0.6933695077896118,0.0,-0.0712081789970398,-0.0712081789970398,-0.011012002825737,-0.011012002825737,-0.01463191956281662,-1.2193022966384888,0.22467762231826782,0.0,0.0036199167370796204,0.0036199167370796204,-0.2135976403951645,-0.2135976403951645,-0.192917600274086,-1.9885573387145996,-1.5239970684051514,0.0,-0.02068004012107849,-0.02068004012107849,0.16479238867759705,0.16479238867759705,0.12780146300792694,0.49504804611206055,-0.23639889061450958,0.0,0.036990925669670105,0.036990925669670105,-0.26895201206207275,-0.26895201206207275,-0.1588815301656723,-1.8759218454360962,-0.5050682425498962,0.0,-0.11007048189640045,-0.11007048189640045
16,0.5333333333333333,24,0,0,,4,uneven rough,5,0.0,50.380950927734375,35.68166732788086,0.35042473673820496,1.6876342296600342,-0.9785135388374329,1.6876342296600342,-0.9785135388374329,9.25816822052002,4.148915767669678,0.5,0.6144250631332397,0.08198380470275879,0.8438171148300171,-0.48925676941871643,0.3926651179790497,0.5816588401794434,-0.732664942741394,-0.5050485134124756,0.3970499336719513,-0.4046535789966583,0.2748655676841736,0.2748655676841736,-0.0405789278447628,0.22682209312915802,0.4330727159976959,0.0,0.3154444955289364,0.3154444955289364,0.2908294200897217,0.2908294200897217,0.26904791593551636,-0.938890814781189,-0.6137377619743347,0.0,0.021781504154205322,0.021781504154205322,-0.366332471370697,-0.366332471370697,-0.09511382132768631,-1.6124690771102905,-1.5829960107803345,0.0,-0.2712186500430107,-0.2712186500430107,-0.35353395342826843,-0.35353395342826843,-0.10188007354736328,-0.9236248135566711,-1.122329831123352,0.0,-0.25165387988090515,-0.25165387988090515,0.19852496683597565,0.19852496683597565,0.04890558496117592,1.9991155862808228,-0.6855850219726562,0.0,0.14961938187479973,0.14961938187479973,-0.20232678949832916,-0.20232678949832916,-0.06163806468248367,-1.6179362535476685,-0.6077979803085327,0.0,-0.1406887248158455,-0.1406887248158455
17,0.5666666666666667,4,0,0,,4,uneven rough,5,0.0,50.9859504699707,34.02560806274414,0.3377024829387665,1.3773994445800781,1.1871283054351807,1.3773994445800781,1.1871283054351807,7.470970153808594,3.4778754711151123,0.3333333432674408,0.06553755700588226,0.1347288340330124,0.6886997222900391,0.5935641527175903,-0.07591678202152252,0.20825527608394623,0.3642357587814331,0.4509483575820923,0.4139656126499176,-0.1381300836801529,-0.053141746670007706,-0.053141746670007706,0.07018937170505524,-1.9017274379730225,0.9435734152793884,0.0,-0.12333111837506294,-0.12333111837506294,0.10412763804197311,0.10412763804197311,0.17025388777256012,-2.0000250339508057,0.46877968311309814,0.0,-0.066126249730587,-0.066126249730587,0.18211787939071655,0.18211787939071655,0.0027992194518446922,1.4878928661346436,-0.7179846167564392,0.0,0.17931865993887186,0.17931865993887186,0.3156638443470001,0.3156638443470001,0.006539844907820225,1.9900829792022705,-0.5086991190910339,0.0,0.3091239994391799,0.3091239994391799,0.2069828063249588,0.2069828063249588,0.13513830304145813,2.0341415405273438,-0.14829863607883453,0.0,0.07184450328350067,0.07184450328350067,-0.06906504184007645,-0.06906504184007645,-0.06927694380283356,1.698222041130066,-1.4813162088394165,0.0,0.0002119019627571106,0.0002119019627571106
17,0.5666666666666667,14,0,0,,4,uneven rough,5,0.0,50.66872787475586,35.57376480102539,0.35459527373313904,1.4365366697311401,-0.6492047905921936,1.4365366697311401,-0.6492047905921936,7.4068450927734375,0.0,0.0,0.3382933735847473,0.246200293302536,0.7182683348655701,-0.3246023952960968,0.46322864294052124,0.5484390258789062,0.593926191329956,0.12538063526153564,-0.07100813835859299,-0.019427180290222168,0.32426005601882935,0.32426005601882935,0.10979863256216049,1.870234727859497,0.8176267147064209,0.0,0.21446142345666885,0.21446142345666885,0.2742195129394531,0.2742195129394531,0.20505845546722412,2.000005006790161,-0.8281729817390442,0.0,0.069161057472229,0.069161057472229,0.296963095664978,0.296963095664978,0.032272275537252426,0.6944509744644165,-0.591751217842102,0.0,0.2646908201277256,0.2646908201277256,0.08776644617319107,0.08776644617319107,-0.1674230694770813,1.9998794794082642,-1.7866603136062622,0.0,0.25518951565027237,0.25518951565027237,-0.11361302435398102,-0.11361302435398102,0.11433406174182892,-0.17639204859733582,0.1771625131368637,0.0,-0.22794708609580994,-0.22794708609580994,-0.009713590145111084,-0.009713590145111084,-0.09174807369709015,1.9995304346084595,-1.2801513671875,0.0,0.08203448355197906,0.08203448355197906
17,0.5666666666666667,24,0,0,,4,uneven rough,5,0.0,50.43889236450195,35.667781829833984,0.3579150140285492,1.6671690940856934,-0.05809979513287544,1.6671690940856934,-0.05809979513287544,9.600372314453125,4.635315895080566,0.6666666865348816,0.372672975063324,0.14110790193080902,0.8335845470428467,-0.02904989756643772,0.46051567792892456,0.6731222867965698,-0.06575456261634827,-0.07636795938014984,0.24397550523281097,-0.14284482598304749,0.32236096262931824,0.32236096262931824,0.014823907986283302,1.383046269416809,0.31645825505256653,0.0,0.30753705464303493,0.30753705464303493,0.3365611433982849,0.3365611433982849,0.31823933124542236,1.6099483966827393,-0.7975798845291138,0.0,0.01832181215286255,0.01832181215286255,-0.03287728130817413,-0.03287728130817413,-0.051941998302936554,0.8788163661956787,-1.5996601581573486,0.0,0.01906471699476242,0.01906471699476242,-0.05345756933093071,-0.05345756933093071,-0.07818585634231567,1.9720702171325684,-1.009981632232666,0.0,0.024728287011384964,0.024728287011384964,0.12198775261640549,0.12198775261640549,0.1166696697473526,1.4316365718841553,0.8323495388031006,0.0,0.005318082869052887,0.005318082869052887,-0.07142241299152374,-0.07142241299152374,-0.05112899839878082,1.0295346975326538,-1.1789319515228271,0.0,-0.02029341459274292,-0.02029341459274292
18,0.6,4,0,0,,4,uneven rough,5,0.0,51.03771209716797,33.99308395385742,0.33746811747550964,1.1400984525680542,0.2214549034833908,1.1400984525680542,0.2214549034833908,6.071730613708496,2.6127030849456787,0.1666666716337204,0.1443462371826172,0.14516019821166992,0.5700492262840271,0.1107274517416954,0.3471251428127289,0.4777369499206543,-0.17736108601093292,0.21775901317596436,0.08177557587623596,0.037270765751600266,0.24298760294914246,0.24298760294914246,0.07484376430511475,1.1023063659667969,-0.6651647686958313,0.0,0.1681438386440277,0.1681438386440277,0.23886847496032715,0.23886847496032715,0.19916436076164246,1.6847434043884277,-0.9270869493484497,0.0,0.03970411419868469,0.03970411419868469,-0.08868054300546646,-0.08868054300546646,-0.047933679074048996,-2.0000007152557373,0.5292224884033203,0.0,-0.040746863931417465,-0.040746863931417465,0.15243130922317505,0.15243130922317505,0.04234228655695915,1.3536864519119263,0.9041167497634888,0.0,0.1100890226662159,0.1100890226662159,0.04088778793811798,0.04088778793811798,0.10929132252931595,-1.8031495809555054,1.085657000541687,0.0,-0.06840353459119797,-0.06840353459119797,0.018635382875800133,0.018635382875800133,-0.014895600266754627,1.993924856185913,0.316400408744812,0.0,0.03353098314255476,0.03353098314255476
18,0.6,14,0,0,,4,uneven rough,5,0.0,50.72553253173828,35.552391052246094,0.34794068336486816,1.5603976249694824,1.277672290802002,1.5603976249694824,1.277672290802002,6.477312088012695,0.8450374603271484,0.1666666716337204,0.41759610176086426,0.2267524003982544,0.7801988124847412,0.638836145401001,-0.7141919136047363,0.8936060070991516,-0.4622740149497986,0.5276908278465271,0.5724950432777405,0.5776655673980713,-0.4999343454837799,-0.4999343454837799,0.07274839282035828,-1.9266692399978638,1.4127731323242188,0.0,-0.5726827383041382,-0.5726827383041382,0.4468030035495758,0.4468030035495758,0.2610931098461151,1.214431881904602,0.7708839178085327,0.0,0.1857098937034607,0.1857098937034607,-0.2311370074748993,-0.2311370074748993,-0.03394240513443947,-1.9979726076126099,0.13546980917453766,0.0,-0.19719460234045982,-0.19719460234045982,0.3693835735321045,0.3693835735321045,-0.09925667941570282,1.7470757961273193,0.3542560935020447,0.0,0.4686402529478073,0.4686402529478073,0.28624752163887024,0.28624752163887024,0.18404072523117065,1.9759701490402222,-0.02273787185549736,0.0,0.10220679640769958,0.10220679640769958,0.28883278369903564,0.28883278369903564,-0.02718348056077957,1.9475704431533813,0.5741866230964661,0.0,0.3160162642598152,0.3160162642598152
18,0.6,24,0,0,,4,uneven rough,5,0.0,50.49462890625,35.66060256958008,0.3675440549850464,1.6165698766708374,0.22120079398155212,1.6165698766708374,0.22120079398155212,7.307511806488037,1.670847773551941,0.3333333432674408,-0.06737081706523895,0.19473771750926971,0.8082849383354187,0.11060039699077606,-0.280046284198761,0.7905113101005554,-0.3904542922973633,0.21996799111366272,0.5315083861351013,0.03934077173471451,-0.19603238999843597,-0.19603238999843597,-0.029742838814854622,-1.8461188077926636,0.9195090532302856,0.0,-0.16628955118358135,-0.16628955118358135,0.3952556550502777,0.3952556550502777,0.3770335614681244,1.377799153327942,0.5636408925056458,0.0,0.01822209358215332,0.01822209358215332,-0.19522714614868164,-0.19522714614868164,-0.07276610285043716,-0.21748821437358856,-0.19832509756088257,0.0,-0.12246104329824448,-0.12246104329824448,0.15397758781909943,0.15397758781909943,-0.004313245881348848,1.8875230550765991,0.67607581615448,0.0,0.15829083370044827,0.15829083370044827,0.26575419306755066,0.26575419306755066,0.18947508931159973,1.9519702196121216,1.1711875200271606,0.0,0.07627910375595093,0.07627910375595093,0.019670385867357254,0.019670385867357254,-0.052969034761190414,0.3568163216114044,0.06973905861377716,0.0,0.07263942062854767,0.07263942062854767
19,0.6333333333333333,4,0,0,,4,uneven rough,5,0.0,51.08298873901367,33.96067428588867,0.3451569676399231,1.6183604001998901,-0.6129918098449707,1.6183604001998901,-0.6129918098449707,8.425226211547852,0.0,0.0,0.3153974413871765,0.14945358037948608,0.8091802000999451,-0.30649590492248535,-0.6774277687072754,0.7085992097854614,0.5962250232696533,0.24357308447360992,0.08415942639112473,-0.02826903760433197,-0.47419944405555725,-0.47419944405555725,0.027000948786735535,-1.988307237625122,0.334166556596756,0.0,-0.5012003928422928,-0.5012003928422928,0.3542996048927307,0.3542996048927307,0.2642693817615509,1.9939649105072021,0.5496466159820557,0.0,0.09003022313117981,0.09003022313117981,0.29811251163482666,0.29811251163482666,-0.007901664823293686,1.5519604682922363,-0.900804877281189,0.0,0.30601417645812035,0.30601417645812035,0.17050115764141083,0.17050115764141083,0.1064266487956047,1.9064127206802368,1.158304214477539,0.0,0.06407450884580612,0.06407450884580612,0.04207971319556236,0.04207971319556236,0.0689745843410492,-0.7722690105438232,-0.5476794242858887,0.0,-0.02689487114548683,-0.02689487114548683,-0.014134518802165985,-0.014134518802165985,0.020919356495141983,-0.6503525376319885,1.2648757696151733,0.0,-0.03505387529730797,-0.03505387529730797
19,0.6333333333333333,14,0,0,,4,uneven rough,5,0.0,50.780357360839844,35.54450225830078,0.33520829677581787,1.6697134971618652,-0.6535606384277344,1.6697134971618652,-0.6535606384277344,7.155055046081543,0.1943150758743286,0.1666666716337204,0.5385610461235046,0.09633386135101318,0.8348567485809326,-0.3267803192138672,-0.0822095200419426,0.3629503846168518,-0.4876766800880432,-0.3164546489715576,0.3128722608089447,0.1479702740907669,-0.05754666402935982,-0.05754666402935982,0.009985188953578472,-1.8371962308883667,-0.47535353899002075,0.0,-0.06753185298293829,-0.06753185298293829,0.1814751923084259,0.1814751923084259,0.1977120041847229,-1.9422169923782349,1.0216667652130127,0.0,-0.016236811876296997,-0.016236811876296997,-0.2438383400440216,-0.2438383400440216,-0.0832834243774414,-0.4743403196334839,-1.0707823038101196,0.0,-0.1605549156665802,-0.1605549156665802,-0.22151824831962585,-0.22151824831962585,-0.12465168535709381,-1.8168141841888428,1.1417587995529175,0.0,-0.09686656296253204,-0.09686656296253204,0.15643613040447235,0.15643613040447235,0.16649526357650757,0.5615030527114868,1.1073352098464966,0.0,-0.010059133172035217,-0.010059133172035217,0.07398513704538345,0.07398513704538345,0.034562017768621445,1.9527455568313599,1.3507002592086792,0.0,0.03942311927676201,0.03942311927676201
19,0.6333333333333333,24,0,0,,4,uneven rough,5,0.0,50.54227066040039,35.65854263305664,0.37130308151245117,1.7642722129821777,0.7917466163635254,1.7642722129821777,0.7917466163635254,8.871770858764648,1.9664796590805054,0.3333333432674408,-0.17527687549591064,0.09960087388753891,0.8821361064910889,0.3958733081817627,0.2116459161043167,0.40320804715156555,-0.4441479742527008,-0.059278540313243866,0.3753387928009033,0.009747706353664398,0.14815214276313782,0.14815214276313782,0.02327825129032135,1.859020471572876,-0.6441819071769714,0.0,0.12487389147281647,0.12487389147281647,0.20160402357578278,0.20160402357578278,0.3130475878715515,-1.990368127822876,1.0239673852920532,0.0,-0.11144356429576874,-0.11144356429576874,-0.2220739871263504,-0.2220739871263504,-0.1065051257610321,-1.3091015815734863,-0.2091599553823471,0.0,-0.1155688613653183,-0.1155688613653183,-0.04149497672915459,-0.04149497672915459,-0.044974811375141144,-1.3687020540237427,1.3610302209854126,0.0,0.003479834645986557,0.003479834645986557,0.18766939640045166,0.18766939640045166,0.1836097538471222,0.4233071506023407,1.6126434803009033,0.0,0.004059642553329468,0.004059642553329468,0.004873853176832199,0.004873853176832199,-0.039717186242341995,0.5038934946060181,0.23205305635929108,0.0,0.044591039419174194,0.044591039419174194
20,0.6666666666666666,4,0,0,,4,uneven rough,5,0.0,51.12820053100586,33.927879333496094,0.35049593448638916,1.4343304634094238,0.2667570114135742,1.4343304634094238,0.2667570114135742,8.518233299255371,3.80781888961792,0.3333333432674408,0.01846889778971672,0.3083943724632263,0.7171652317047119,0.1333785057067871,-0.3296818435192108,0.7103298902511597,0.2369735985994339,0.15112395584583282,0.3494708836078644,-0.049885887652635574,-0.2307772934436798,-0.2307772934436798,-0.029382314532995224,-1.431393027305603,-0.9789642691612244,0.0,-0.20139497891068459,-0.20139497891068459,0.35516494512557983,0.35516494512557983,0.3208464980125427,1.557188630104065,1.3662667274475098,0.0,0.03431844711303711,0.03431844711303711,0.11848679929971695,0.11848679929971695,0.022243233397603035,1.615830659866333,0.48599302768707275,0.0,0.09624356590211391,0.09624356590211391,0.1057867705821991,0.1057867705821991,0.13334687054157257,-0.2553025484085083,1.581286072731018,0.0,-0.027560099959373474,-0.027560099959373474,0.1747354418039322,0.1747354418039322,0.1400136500597,1.9477473497390747,-0.6746627688407898,0.0,0.03472179174423218,0.03472179174423218,-0.024942943826317787,-0.024942943826317787,0.011393675580620766,0.1608414500951767,0.1820022314786911,0.0,-0.03633661940693855,-0.03633661940693855
20,0.6666666666666666,14,0,0,,4,uneven rough,5,0.0,50.83424758911133,35.53374099731445,0.33194780349731445,1.7995625734329224,-0.6207053065299988,1.7995625734329224,-0.6207053065299988,9.541030883789062,3.3333334922790527,0.1666666716337204,0.25995320081710815,0.4146198630332947,0.8997812867164612,-0.3103526532649994,0.8477575778961182,0.0455612912774086,-0.5075109004974365,-0.34434619545936584,0.3173481225967407,-0.2426498830318451,0.5934302806854248,0.5934302806854248,0.042030539363622665,1.7294408082962036,-1.2453417778015137,0.0,0.5513997413218021,0.5513997413218021,0.0227806456387043,0.0227806456387043,0.13378526270389557,-1.5702531337738037,-0.6541184186935425,0.0,-0.11100461706519127,-0.11100461706519127,-0.25375545024871826,-0.25375545024871826,-0.0982864648103714,-1.6505811214447021,-0.7335529327392578,0.0,-0.15546898543834686,-0.15546898543834686,-0.2410423308610916,-0.2410423308610916,-0.19273217022418976,-1.4351252317428589,-0.5310236811637878,0.0,-0.048310160636901855,-0.048310160636901855,0.15867406129837036,0.15867406129837036,0.17304442822933197,-1.8665672540664673,0.7987207174301147,0.0,-0.014370366930961609,-0.014370366930961609,-0.12132494151592255,-0.12132494151592255,0.022812852635979652,-1.3816744089126587,1.6910977363586426,0.0,-0.1441377941519022,-0.1441377941519022
20,0.6666666666666666,24,0,0,,4,uneven rough,5,0.0,50.59007263183594,35.66533660888672,0.37321585416793823,1.8299072980880737,-1.0007573366165161,1.8299072980880737,-1.0007573366165161,8.95407772064209,1.3201080560684204,0.3333333432674408,-0.1712157428264618,0.10607117414474487,0.9149536490440369,-0.5003786683082581,-0.11058859527111053,0.21642184257507324,-0.089565709233284,-0.3479183614253998,0.17250442504882812,-0.32797735929489136,-0.07741201668977737,-0.07741201668977737,0.009602095931768417,-2.0000011920928955,0.7711331844329834,0.0,-0.08701411262154579,-0.08701411262154579,0.10821092128753662,0.10821092128753662,0.24640986323356628,-2.000001907348633,-0.6803433299064636,0.0,-0.13819894194602966,-0.13819894194602966,-0.044782854616642,-0.044782854616642,-0.06986412405967712,2.000001907348633,-0.8310689330101013,0.0,0.025081269443035126,0.025081269443035126,-0.2435428500175476,-0.2435428500175476,-0.09548953175544739,-1.6980304718017578,-0.1823652982711792,0.0,-0.14805331826210022,-0.14805331826210022,0.08625221252441406,0.08625221252441406,0.1288370043039322,-1.9932068586349487,0.9401906132698059,0.0,-0.04258479177951813,-0.04258479177951813,-0.16398867964744568,-0.16398867964744568,-0.0978814959526062,-2.0000009536743164,0.3857521414756775,0.0,-0.06610718369483948,-0.06610718369483948
21,0.7,4,0,0,,4,uneven rough,5,0.0,51.17008590698242,33.90091323852539,0.3525393605232239,1.5400700569152832,0.5599745512008667,1.5400700569152832,0.5599745512008667,7.314237117767334,3.481356382369995,0.3333333432674408,0.19760417938232422,0.30762195587158203,0.7700350284576416,0.27998727560043335,0.5769941806793213,0.256298691034317,-0.05305067077279091,-0.15905797481536865,0.6344286203384399,-0.30214807391166687,0.40389591455459595,0.40389591455459595,0.01547405868768692,1.2974269390106201,-1.234768271446228,0.0,0.388421855866909,0.388421855866909,0.1281493455171585,0.1281493455171585,0.2699636220932007,-1.8170231580734253,1.4742143154144287,0.0,-0.14181427657604218,-0.14181427657604218,-0.026525335386395454,-0.026525335386395454,0.0003417770203668624,-1.219398856163025,1.124805212020874,0.0,-0.026867112406762317,-0.026867112406762317,-0.11134058237075806,-0.11134058237075806,0.06506369262933731,-1.9118574857711792,0.5428755879402161,0.0,-0.17640427500009537,-0.17640427500009537,0.31721431016921997,0.31721431016921997,0.17054572701454163,0.5729954242706299,0.8080525994300842,0.0,0.14666858315467834,0.14666858315467834,-0.15107403695583344,-0.15107403695583344,-0.020259659737348557,-0.7156943678855896,0.1700378954410553,0.0,-0.13081437721848488,-0.13081437721848488
21,0.7,14,0,0,,4,uneven rough,5,0.0,50.88345718383789,35.5073356628418,0.35156357288360596,1.8833260536193848,-1.2220098972320557,1.8833260536193848,-1.2220098972320557,9.618234634399414,7.320064067840576,0.6666666865348816,0.10564546287059784,0.13779151439666748,0.9416630268096924,-0.6110049486160278,0.11742016673088074,0.6070353984832764,0.21284444630146027,0.19682173430919647,-0.16922391951084137,0.04172860458493233,0.08219411224126816,0.08219411224126816,0.06710651516914368,0.922680675983429,0.43660563230514526,0.0,0.015087597072124481,0.015087597072124481,0.3035176992416382,0.3035176992416382,0.1964896023273468,1.8396052122116089,-1.1721025705337524,0.0,0.10702809691429138,0.10702809691429138,0.10642222315073013,0.10642222315073013,-0.041893426328897476,1.7675373554229736,-1.252042293548584,0.0,0.1483156494796276,0.1483156494796276,0.1377752125263214,0.1377752125263214,-0.1454375833272934,1.8188350200653076,-1.0422043800354004,0.0,0.2832127958536148,0.2832127958536148,-0.2707582712173462,-0.2707582712173462,0.1367359459400177,-1.2943127155303955,-0.708237886428833,0.0,-0.4074942171573639,-0.4074942171573639,0.020864302292466164,0.020864302292466164,0.043215736746788025,0.025388386100530624,-0.04625314846634865,0.0,-0.02235143445432186,-0.02235143445432186
21,0.7,24,0,0,,4,uneven rough,5,0.0,50.6378288269043,35.667179107666016,0.36650142073631287,1.7728829383850098,0.13819129765033722,1.7728829383850098,0.13819129765033722,9.355146408081055,0.0,0.0,0.22217302024364471,0.3638424873352051,0.8864414691925049,0.06909564882516861,0.5361512303352356,0.41163021326065063,0.13522107899188995,-0.15631702542304993,0.10428062081336975,-0.26237156987190247,0.3753058612346649,0.3753058612346649,0.03429655358195305,0.9406962990760803,-0.7956711649894714,0.0,0.34100930765271187,0.34100930765271187,0.20581510663032532,0.20581510663032532,0.19656547904014587,-0.08987896144390106,-1.4264806509017944,0.0,0.009249627590179443,0.009249627590179443,0.06761053949594498,0.06761053949594498,-0.012296113185584545,0.3940788805484772,0.7696235775947571,0.0,0.07990665268152952,0.07990665268152952,-0.10942191630601883,-0.10942191630601883,-0.15087264776229858,-0.267343670129776,-1.0393251180648804,0.0,0.041450731456279755,0.041450731456279755,0.052140310406684875,0.052140310406684875,0.07094494998455048,-0.590328574180603,-0.7183575630187988,0.0,-0.0188046395778656,-0.0188046395778656,-0.13118578493595123,-0.13118578493595123,-0.13811804354190826,0.9742218852043152,-0.9631569385528564,0.0,0.006932258605957031,0.006932258605957031
22,0.7333333333333333,4,0,0,,4,uneven rough,5,0.0,51.21058654785156,33.87696838378906,0.3620356321334839,1.7533208131790161,-0.5315517783164978,1.7533208131790161,-0.5315517783164978,8.345928192138672,3.6536166667938232,0.3333333432674408,0.333181232213974,0.1455746740102768,0.8766604065895081,-0.2657758891582489,0.08315415680408478,0.4740544259548187,-0.10892445594072342,-0.18832038342952728,0.23256486654281616,-0.09328731149435043,0.058207910507917404,0.058207910507917404,0.06767832487821579,1.1130704879760742,0.19693945348262787,0.0,-0.009470414370298386,-0.009470414370298386,0.23702721297740936,0.23702721297740936,0.2261650711297989,0.09604694694280624,-0.3866572380065918,0.0,0.010862141847610474,0.010862141847610474,-0.05446222797036171,-0.05446222797036171,-0.05674523860216141,-1.0626851320266724,-0.20061197876930237,0.0,0.002283010631799698,0.002283010631799698,-0.13182426989078522,-0.13182426989078522,-0.0004111884627491236,-1.7099112272262573,-0.8450348973274231,0.0,-0.1314130814280361,-0.1314130814280361,0.11628243327140808,0.11628243327140808,0.13207213580608368,-0.8496453166007996,0.6751508116722107,0.0,-0.015789702534675598,-0.015789702534675598,-0.04664365574717522,-0.04664365574717522,-0.04131148010492325,0.19893577694892883,-0.3307567238807678,0.0,-0.005332175642251968,-0.005332175642251968
22,0.7333333333333333,14,0,0,,4,uneven rough,5,0.0,50.934566497802734,35.48404312133789,0.35482534766197205,1.3294087648391724,-0.8032478094100952,1.3294087648391724,-0.8032478094100952,5.651374816894531,1.2279523611068726,0.1666666716337204,0.03892914578318596,0.22951528429985046,0.6647043824195862,-0.4016239047050476,-0.5192909240722656,0.47811222076416016,0.521008312702179,0.24602916836738586,0.4935891926288605,0.08266174793243408,-0.363503634929657,-0.363503634929657,0.017229149118065834,-1.859270691871643,0.7114333510398865,0.0,-0.3807327840477228,-0.3807327840477228,0.23905611038208008,0.23905611038208008,0.24804258346557617,0.5653666853904724,0.5307223796844482,0.0,-0.008986473083496094,-0.008986473083496094,0.2605041563510895,0.2605041563510895,0.005373098887503147,1.2041898965835571,0.45523345470428467,0.0,0.25513105746358633,0.25513105746358633,0.1722204089164734,0.1722204089164734,-0.07586782425642014,1.9989430904388428,0.5754324197769165,0.0,0.24808823317289352,0.24808823317289352,0.24679459631443024,0.24679459631443024,0.18714973330497742,1.87837815284729,-1.0396056175231934,0.0,0.05964486300945282,0.05964486300945282,0.04133087396621704,0.04133087396621704,0.052529945969581604,0.6527959108352661,-0.005746896844357252,0.0,-0.011199072003364563,-0.011199072003364563
22,0.7333333333333333,24,0,0,,4,uneven rough,5,0.0,50.691871643066406,35.65526580810547,0.35767990350723267,1.4693892002105713,-0.10632254928350449,1.4693892002105713,-0.10632254928350449,7.653167247772217,1.839151382446289,0.1666666716337204,-0.034185659140348434,0.1055307686328888,0.7346946001052856,-0.05316127464175224,0.08760184794664383,0.6801778078079224,-0.40928301215171814,0.061812471598386765,0.36058929562568665,0.09701111912727356,0.06132129207253456,0.06132129207253456,0.042785122990608215,0.5969709157943726,0.18607410788536072,0.0,0.018536169081926346,0.018536169081926346,0.3400889039039612,0.3400889039039612,0.26140448451042175,1.8961493968963623,-0.6707636713981628,0.0,0.07868441939353943,0.07868441939353943,-0.20464150607585907,-0.20464150607585907,-0.0172265637665987,-0.7669937610626221,0.5572899580001831,0.0,-0.18741494230926037,-0.18741494230926037,0.043268729001283646,0.043268729001283646,-0.09472578018903732,1.8143864870071411,-0.6028454303741455,0.0,0.13799450919032097,0.13799450919032097,0.18029464781284332,0.18029464781284332,0.1461760401725769,2.002629280090332,-0.6459697484970093,0.0,0.03411860764026642,0.03411860764026642,0.04850555956363678,0.04850555956363678,-0.07859078049659729,2.0006439685821533,0.13224051892757416,0.0,0.12709634006023407,0.12709634006023407
23,0.7666666666666666,4,0,0,,4,uneven rough,5,0.0,51.25431442260742,33.85408401489258,0.3597332835197449,0.8849186897277832,-0.17523980140686035,0.8849186897277832,-0.17523980140686035,4.564908504486084,1.2659008502960205,0.1666666716337204,0.2655172348022461,0.15982723236083984,0.4424593448638916,-0.08761990070343018,-0.053663432598114014,0.43564146757125854,0.5380007028579712,-0.06556004285812378,0.34896320104599,0.023474205285310745,-0.03756440058350563,-0.03756440058350563,0.02343997173011303,-1.9994794130325317,0.7149215936660767,0.0,-0.06100437231361866,-0.06100437231361866,0.21782073378562927,0.21782073378562927,0.2316311150789261,-0.8424509763717651,-0.11373542994260788,0.0,-0.013810381293296814,-0.013810381293296814,0.2690003514289856,0.2690003514289856,0.004649844951927662,1.696487545967102,-0.6880297064781189,0.0,0.26435050647705793,0.26435050647705793,-0.045892030000686646,-0.045892030000686646,-0.02838977426290512,-0.939643144607544,-1.3340375423431396,0.0,-0.017502255737781525,-0.017502255737781525,0.174481600522995,0.174481600522995,0.16354751586914062,0.7996112108230591,-0.18697164952754974,0.0,0.01093408465385437,0.01093408465385437,0.011737102642655373,0.011737102642655373,0.018369318917393684,0.9683977365493774,-0.031267642974853516,0.0,-0.006632216274738312,-0.006632216274738312
23,0.7666666666666666,14,0,0,,4,uneven rough,5,0.0,50.98477554321289,35.47039031982422,0.34680235385894775,1.2847812175750732,-0.3245413601398468,1.2847812175750732,-0.3245413601398468,6.655711650848389,0.32987865805625916,0.1666666716337204,0.0163230299949646,0.15312257409095764,0.6423906087875366,-0.1622706800699234,-0.24386708438396454,0.39720097184181213,-0.46908020973205566,-0.16125302016735077,0.763790488243103,-0.5358707308769226,-0.17070695757865906,-0.17070695757865906,-0.043197840452194214,-1.9989286661148071,-0.7420473098754883,0.0,-0.12750911712646484,-0.12750911712646484,0.19860048592090607,0.19860048592090607,0.22529591619968414,-0.35118842124938965,0.5503103137016296,0.0,-0.026695430278778076,-0.026695430278778076,-0.23454010486602783,-0.23454010486602783,-0.034592967480421066,0.9436710476875305,0.8786947727203369,0.0,-0.19994713738560677,-0.19994713738560677,-0.11287711560726166,-0.11287711560726166,-0.0763675644993782,-1.229137897491455,1.3802878856658936,0.0,-0.03650955110788345,-0.03650955110788345,0.3818952441215515,0.3818952441215515,0.23511220514774323,1.0473730564117432,0.610227644443512,0.0,0.1467830389738083,0.1467830389738083,-0.2679353654384613,-0.2679353654384613,0.040744662284851074,0.546599805355072,0.3665943741798401,0.0,-0.3086800277233124,-0.3086800277233124
23,0.7666666666666666,24,0,0,,4,uneven rough,5,0.0,50.74634552001953,35.64439010620117,0.3471604287624359,0.9533812403678894,0.8410729765892029,0.9533812403678894,0.8410729765892029,4.582088470458984,0.6096943616867065,0.1666666716337204,0.2556716799736023,0.14652709662914276,0.4766906201839447,0.42053648829460144,-0.3952906131744385,0.5988495349884033,0.025253964588046074,0.47282353043556213,0.6362316608428955,0.1247977688908577,-0.276703417301178,-0.276703417301178,-0.009913199581205845,-1.1498606204986572,0.41839590668678284,0.0,-0.26679021771997213,-0.26679021771997213,0.29942476749420166,0.29942476749420166,0.3021644055843353,-0.531414270401001,0.7805735468864441,0.0,-0.002739638090133667,-0.002739638090133667,0.012626982294023037,0.012626982294023037,0.022618010640144348,1.2518987655639648,-0.1914624273777008,0.0,-0.009991028346121311,-0.009991028346121311,0.3309764564037323,0.3309764564037323,-0.028625229373574257,0.3935643136501312,0.7638618350028992,0.0,0.35960168577730656,0.35960168577730656,0.31811583042144775,0.31811583042144775,0.21403245627880096,1.9868378639221191,0.8515529036521912,0.0,0.10408337414264679,0.10408337414264679,0.06239888444542885,0.06239888444542885,-0.028060106560587883,2.0687336921691895,1.1886391639709473,0.0,0.09045899100601673,0.09045899100601673
24,0.8,4,0,0,,4,uneven rough,5,0.0,51.29323959350586,33.82856750488281,0.34738290309906006,1.1494181156158447,0.22778668999671936,1.1494181156158447,0.22778668999671936,5.985785484313965,0.0,0.0,0.3118372857570648,0.2388293594121933,0.5747090578079224,0.11389334499835968,0.8592571020126343,0.16966471076011658,0.13846465945243835,0.03960801288485527,0.3120964765548706,-0.0721016377210617,0.6014799475669861,0.6014799475669861,0.031286999583244324,0.6132837533950806,-0.8198056221008301,0.0,0.5701929479837418,0.5701929479837418,0.08483235538005829,0.08483235538005829,0.16560928523540497,-1.9135264158248901,-0.5257524847984314,0.0,-0.08077692985534668,-0.08077692985534668,0.06923232972621918,0.06923232972621918,0.05977910757064819,1.9046640396118164,0.6601806282997131,0.0,0.009453222155570984,0.009453222155570984,0.02772560901939869,0.02772560901939869,-0.02311696857213974,0.8324352502822876,-1.1110461950302124,0.0,0.05084257759153843,0.05084257759153843,0.1560482382774353,0.1560482382774353,0.14552491903305054,-1.6587289571762085,0.3708440661430359,0.0,0.010523319244384766,0.010523319244384766,-0.03605081886053085,-0.03605081886053085,0.016343984752893448,1.0630550384521484,0.5339449644088745,0.0,-0.0523948036134243,-0.0523948036134243
24,0.8,14,0,0,,4,uneven rough,5,0.0,51.031917572021484,35.4548225402832,0.3487854301929474,1.807676076889038,-0.12542515993118286,1.807676076889038,-0.12542515993118286,8.479467391967773,2.277989149093628,0.5,-0.09996446222066879,0.22531405091285706,0.903838038444519,-0.06271257996559143,0.7903611660003662,0.2971326410770416,-0.4693460166454315,-0.3739721477031708,0.4731849431991577,-0.3834097981452942,0.5532528162002563,0.5532528162002563,-0.005742271430790424,1.8379956483840942,-1.4526902437210083,0.0,0.5589950876310468,0.5589950876310468,0.1485663205385208,0.1485663205385208,0.17169198393821716,-1.009116768836975,0.04060131311416626,0.0,-0.02312566339969635,-0.02312566339969635,-0.23467300832271576,-0.23467300832271576,-0.033377498388290405,-0.0987706258893013,0.9154324531555176,0.0,-0.20129550993442535,-0.20129550993442535,-0.2617805004119873,-0.2617805004119873,-0.1450912058353424,-1.9824215173721313,-0.09508614987134933,0.0,-0.1166892945766449,-0.1166892945766449,0.23659247159957886,0.23659247159957886,0.21409481763839722,0.07898592203855515,0.8573904633522034,0.0,0.02249765396118164,0.02249765396118164,-0.1917048990726471,-0.1917048990726471,0.019348731264472008,-0.2946934103965759,0.4683697819709778,0.0,-0.2110536303371191,-0.2110536303371191
24,0.8,24,0,0,,4,uneven rough,5,0.0,50.79397964477539,35.63362503051758,0.3408105969429016,1.6282365322113037,-1.3180084228515625,1.6282365322113037,-1.3180084228515625,7.861797332763672,3.9699654579162598,0.5,0.45166534185409546,0.11547412723302841,0.8141182661056519,-0.6590042114257812,0.2709522843360901,0.3636063039302826,-0.5254979133605957,-0.022981522604823112,0.3181530237197876,0.1487056463956833,0.18966659903526306,0.18966659903526306,0.038050923496484756,1.7785344123840332,-0.46829915046691895,0.0,0.1516156755387783,0.1516156755387783,0.1818031519651413,0.1818031519651413,0.23477159440517426,-1.9566351175308228,0.03877329081296921,0.0,-0.05296844244003296,-0.05296844244003296,-0.26274895668029785,-0.26274895668029785,0.02941112406551838,0.8387702107429504,0.6246165633201599,0.0,-0.29216008074581623,-0.29216008074581623,-0.016087066382169724,-0.016087066382169724,-0.05445002019405365,-0.33795854449272156,0.5544949769973755,0.0,0.038362953811883926,0.038362953811883926,0.1590765118598938,0.1590765118598938,0.18625648319721222,-1.3000280857086182,1.4934450387954712,0.0,-0.02717997133731842,-0.02717997133731842,0.07435282319784164,0.07435282319784164,0.010591644793748856,1.0332821607589722,1.6862461566925049,0.0,0.06376117840409279,0.06376117840409279
25,0.8333333333333334,4,0,0,,4,uneven rough,5,0.0,51.33232879638672,33.797786712646484,0.3528234362602234,1.5298446416854858,-1.113342523574829,1.5298446416854858,-1.113342523574829,8.109062194824219,3.353700637817383,0.3333333432674408,0.22160474956035614,0.08622642606496811,0.7649223208427429,-0.5566712617874146,0.0077908956445753574,0.6723504066467285,0.2134670913219452,0.2757471799850464,-0.046898216009140015,0.4243304133415222,0.005453627090901136,0.005453627090901136,0.011791929602622986,-0.6131911873817444,-0.009534315206110477,0.0,-0.0063383025117218494,-0.0063383025117218494,0.33617520332336426,0.33617520332336426,0.22258757054805756,1.5332517623901367,-1.3104023933410645,0.0,0.1135876327753067,0.1135876327753067,0.1067335456609726,0.1067335456609726,0.0965258777141571,1.2091710567474365,1.3638137578964233,0.0,0.01020766794681549,0.01020766794681549,0.19302302598953247,0.19302302598953247,0.04558673873543739,1.654929280281067,-0.012198304757475853,0.0,0.14743628725409508,0.14743628725409508,-0.0750371441245079,-0.0750371441245079,0.1151515394449234,-0.06438398361206055,-0.7766801714897156,0.0,-0.1901886835694313,-0.1901886835694313,0.2121652066707611,0.2121652066707611,0.07577265799045563,1.0015236139297485,0.8331047296524048,0.0,0.13639254868030548,0.13639254868030548
25,0.8333333333333334,14,0,0,,4,uneven rough,5,0.0,51.080535888671875,35.43333053588867,0.36565086245536804,1.744672179222107,-1.270796775817871,1.744672179222107,-1.270796775817871,9.482812881469727,5.388583183288574,0.5,0.05752583593130112,0.07834406942129135,0.8723360896110535,-0.6353983879089355,0.4826725125312805,0.48510992527008057,-0.24597208201885223,-0.1647232174873352,0.1607399582862854,-0.21219415962696075,0.3378707468509674,0.3378707468509674,0.04700892046093941,1.6535961627960205,0.40786945819854736,0.0,0.290861826390028,0.290861826390028,0.24255496263504028,0.24255496263504028,0.1957445591688156,2.000000476837158,-0.5529111623764038,0.0,0.04681040346622467,0.04681040346622467,-0.12298604100942612,-0.12298604100942612,-0.08106919378042221,-2.0,0.34200021624565125,0.0,-0.041916847229003906,-0.041916847229003906,-0.11530625075101852,-0.11530625075101852,-0.1391814649105072,1.1005667448043823,-1.16218900680542,0.0,0.023875214159488678,0.023875214159488678,0.0803699791431427,0.0803699791431427,0.16649948060512543,-1.9342849254608154,0.41727912425994873,0.0,-0.08612950146198273,-0.08612950146198273,-0.10609707981348038,-0.10609707981348038,-0.03467043861746788,-1.9932762384414673,0.036932479590177536,0.0,-0.0714266411960125,-0.0714266411960125
25,0.8333333333333334,24,0,0,,4,uneven rough,5,0.0,50.84527587890625,35.62197494506836,0.33741772174835205,1.8018871545791626,-0.6116924285888672,1.8018871545791626,-0.6116924285888672,9.000907897949219,3.8089346885681152,0.3333333432674408,0.4842245578765869,0.18414726853370667,0.9009435772895813,-0.3058462142944336,-0.06201576068997383,0.4299749732017517,0.22324170172214508,0.18332120776176453,0.3222759962081909,-0.06880815327167511,-0.04341103136539459,-0.04341103136539459,-0.007472170516848564,-1.63052499294281,0.8020645976066589,0.0,-0.03593886084854603,-0.03593886084854603,0.21498748660087585,0.21498748660087585,0.19700127840042114,-0.22752444446086884,-1.0894341468811035,0.0,0.017986208200454712,0.017986208200454712,0.11162085086107254,0.11162085086107254,0.048760462552309036,0.059308022260665894,0.745699405670166,0.0,0.0628603883087635,0.0628603883087635,0.12832483649253845,0.12832483649253845,0.014190169051289558,1.4142975807189941,0.049900151789188385,0.0,0.1141346674412489,0.1141346674412489,0.16113799810409546,0.16113799810409546,0.17323711514472961,1.219107985496521,-0.08598970621824265,0.0,-0.012099117040634155,-0.012099117040634155,-0.034404076635837555,-0.034404076635837555,0.027173928916454315,0.2374442219734192,1.3170591592788696,0.0,-0.06157800555229187,-0.06157800555229187
26,0.8666666666666667,4,0,0,,4,uneven rough,5,0.0,51.38429641723633,33.784889221191406,0.3558887243270874,1.3366782665252686,0.06300827860832214,1.3366782665252686,0.06300827860832214,7.146747589111328,6.259698390960693,0.5,0.0745457336306572,0.13152852654457092,0.6683391332626343,0.03150413930416107,-0.4331109821796417,0.7294619679450989,-0.7333250641822815,-0.055438436567783356,0.4362353980541229,-0.0804700031876564,-0.30317768454551697,-0.30317768454551697,-0.033716365694999695,-1.2279411554336548,-0.35084298253059387,0.0,-0.2694613188505173,-0.2694613188505173,0.36473098397254944,0.36473098397254944,0.28837618231773376,1.9559004306793213,0.29740476608276367,0.0,0.07635480165481567,0.07635480165481567,-0.36666253209114075,-0.36666253209114075,0.03752489015460014,-1.9999995231628418,1.2763785123825073,0.0,-0.4041874222457409,-0.4041874222457409,-0.03880690410733223,-0.03880690410733223,0.04095153510570526,-1.9683701992034912,0.9303986430168152,0.0,-0.07975843921303749,-0.07975843921303749,0.21811769902706146,0.21811769902706146,0.17929092049598694,1.9997661113739014,-0.3739466369152069,0.0,0.038826778531074524,0.038826778531074524,-0.0402350015938282,-0.0402350015938282,0.01579972915351391,-1.8987377882003784,0.9283290505409241,0.0,-0.05603473074734211,-0.05603473074734211
26,0.8666666666666667,14,0,0,,4,uneven rough,5,0.0,51.130088806152344,35.409706115722656,0.38200998306274414,1.6312634944915771,-0.5026502013206482,1.6312634944915771,-0.5026502013206482,8.42414665222168,0.0,0.0,0.4051610827445984,0.0759490504860878,0.8156317472457886,-0.2513251006603241,-0.2282491773366928,0.6517226696014404,0.14437736570835114,0.43402254581451416,0.05962993949651718,-0.02129203826189041,-0.15977442264556885,-0.15977442264556885,0.002325774636119604,-1.9837051630020142,1.1122056245803833,0.0,-0.16210019728168845,-0.16210019728168845,0.3258613348007202,0.3258613348007202,0.2624824047088623,1.9999929666519165,0.8905096650123596,0.0,0.06337893009185791,0.06337893009185791,0.07218868285417557,0.07218868285417557,-0.021718529984354973,1.999999761581421,-0.9821709394454956,0.0,0.09390721283853054,0.09390721283853054,0.3038157820701599,0.3038157820701599,-0.06917978078126907,2.0,0.11717718094587326,0.0,0.372995562851429,0.372995562851429,0.02981496974825859,0.02981496974825859,0.09950999915599823,-1.9966908693313599,-0.912299394607544,0.0,-0.06969502940773964,-0.06969502940773964,-0.010646019130945206,-0.010646019130945206,-0.007766715716570616,0.64178466796875,-1.1109511852264404,0.0,-0.00287930341437459,-0.00287930341437459
26,0.8666666666666667,24,0,0,,4,uneven rough,5,0.0,50.90113067626953,35.615901947021484,0.34405583143234253,1.5992779731750488,-0.4717487394809723,1.5992779731750488,-0.4717487394809723,8.33167839050293,2.816005229949951,0.5,0.49670666456222534,0.05325989052653313,0.7996389865875244,-0.23587436974048615,-0.05515320971608162,0.5675150156021118,-0.6372672319412231,0.2794828712940216,0.29122593998908997,0.33664482831954956,-0.03860724717378616,-0.03860724717378616,-0.0696323812007904,-1.0832817554473877,-0.5733259320259094,0.0,0.031025134027004242,0.031025134027004242,0.2837575078010559,0.2837575078010559,0.23951712250709534,1.414790153503418,-0.6021088361740112,0.0,0.04424038529396057,0.04424038529396057,-0.3186336159706116,-0.3186336159706116,0.018591230735182762,-0.4913765788078308,0.3576124906539917,0.0,-0.33722484670579433,-0.33722484670579433,0.1956380009651184,0.1956380009651184,0.06989583373069763,1.3196176290512085,0.8213329315185547,0.0,0.12574216723442078,0.12574216723442078,0.14561296999454498,0.14561296999454498,0.18558552861213684,-0.7739766240119934,0.6519148945808411,0.0,-0.03997255861759186,-0.03997255861759186,0.16832241415977478,0.16832241415977478,0.079529769718647,1.644581913948059,0.7066429853439331,0.0,0.08879264444112778,0.08879264444112778
27,0.9,4,0,0,,4,uneven rough,5,0.0,51.431251525878906,33.771629333496094,0.35387885570526123,1.1869053840637207,-0.12237437069416046,1.1869053840637207,-0.12237437069416046,5.6739044189453125,3.3333334922790527,0.1666666716337204,-0.3376905918121338,0.16308170557022095,0.5934526920318604,-0.06118718534708023,0.5359032154083252,0.23779001832008362,-0.08393620699644089,-0.5183342099189758,0.05490892380475998,-0.5534888505935669,0.3751322329044342,0.3751322329044342,0.00957486405968666,1.7890124320983887,-0.846755862236023,0.0,0.36555736884474754,0.36555736884474754,0.11889500916004181,0.11889500916004181,0.22193092107772827,-2.0082521438598633,1.235121250152588,0.0,-0.10303591191768646,-0.10303591191768646,-0.041968103498220444,-0.041968103498220444,-0.02936004102230072,-1.879633903503418,-0.576091468334198,0.0,-0.012608062475919724,-0.012608062475919724,-0.3628339469432831,-0.3628339469432831,-0.0227603018283844,-1.6913810968399048,-0.7085704207420349,0.0,-0.3400736451148987,-0.3400736451148987,0.02745446190237999,0.02745446190237999,0.11477076262235641,-1.515754222869873,0.968154788017273,0.0,-0.08731630071997643,-0.08731630071997643,-0.27674442529678345,-0.27674442529678345,-0.037145767360925674,-1.58671236038208,-0.6700996160507202,0.0,-0.23959865793585777,-0.23959865793585777
27,0.9,14,0,0,,4,uneven rough,5,0.0,51.17974853515625,35.39045715332031,0.3819947838783264,1.6270956993103027,-0.041062403470277786,1.6270956993103027,-0.041062403470277786,8.443889617919922,0.0,0.0,0.5492525696754456,0.007558455225080252,0.8135478496551514,-0.020531201735138893,0.16655562818050385,0.5242576599121094,-0.16531753540039062,-0.12506739795207977,0.19979026913642883,-0.056009795516729355,0.11658893525600433,0.11658893525600433,0.04981384053826332,1.9127005338668823,-0.6382278800010681,0.0,0.06677509471774101,0.06677509471774101,0.2621288299560547,0.2621288299560547,0.2844115197658539,-0.47987809777259827,1.5178135633468628,0.0,-0.022282689809799194,-0.022282689809799194,-0.08265876770019531,-0.08265876770019531,-0.056077681481838226,0.08896160125732422,0.703953742980957,0.0,-0.026581086218357086,-0.026581086218357086,-0.0875471755862236,-0.0875471755862236,-0.09846021234989166,-0.794946014881134,1.1817286014556885,0.0,0.01091303676366806,0.01091303676366806,0.09989513456821442,0.09989513456821442,0.07598140090703964,0.3532406985759735,-1.5254162549972534,0.0,0.023913733661174774,0.023913733661174774,-0.028004897758364677,-0.028004897758364677,-0.048246145248413086,-0.11704225093126297,-0.11995118111371994,0.0,0.02024124749004841,0.02024124749004841
27,0.9,24,0,0,,4,uneven rough,5,0.0,50.95838165283203,35.61943435668945,0.3564929962158203,1.6003670692443848,-0.7668979167938232,1.6003670692443848,-0.7668979167938232,7.867334365844727,4.400054454803467,0.3333333432674408,0.3831021785736084,0.15599565207958221,0.8001835346221924,-0.3834489583969116,-0.16419574618339539,0.6168181896209717,-0.37617507576942444,-0.22953569889068604,0.24687929451465607,-0.0735667496919632,-0.11493702232837677,-0.11493702232837677,-0.0943504273891449,-1.506654143333435,-0.8616558909416199,0.0,-0.020586594939231873,-0.020586594939231873,0.30840909481048584,0.30840909481048584,0.2800880968570709,1.2836683988571167,0.5382494926452637,0.0,0.028320997953414917,0.028320997953414917,-0.18808753788471222,-0.18808753788471222,-0.04475666210055351,-2.0418362617492676,-0.1224074587225914,0.0,-0.1433308757841587,-0.1433308757841587,-0.16067498922348022,-0.16067498922348022,0.032123666256666183,-1.4704430103302002,1.103063941001892,0.0,-0.1927986554801464,-0.1927986554801464,0.12343964725732803,0.12343964725732803,0.14024090766906738,-0.377040296792984,-0.1542867124080658,0.0,-0.01680126041173935,-0.01680126041173935,-0.0367833748459816,-0.0367833748459816,0.029891660436987877,-1.2862610816955566,1.2369552850723267,0.0,-0.06667503528296947,-0.06667503528296947
28,0.9333333333333333,4,0,0,,4,uneven rough,5,0.0,51.48014450073242,33.7496452331543,0.35614213347435,1.268876075744629,-1.4217560291290283,1.268876075744629,-1.4217560291290283,6.738633632659912,3.28045654296875,0.5,-0.6048848628997803,0.03177140653133392,0.6344380378723145,-0.7108780145645142,0.2650182843208313,0.4636356830596924,0.2600163519382477,-0.3271116614341736,-0.07565601170063019,-0.3983026444911957,0.18551279604434967,0.18551279604434967,0.07584522664546967,1.9612997770309448,0.6435122489929199,0.0,0.10966756939888,0.10966756939888,0.2318178415298462,0.2318178415298462,0.2069408893585205,0.7993237972259521,-0.5986878871917725,0.0,0.024876952171325684,0.024876952171325684,0.13000817596912384,0.13000817596912384,-0.04986622929573059,-0.6117105484008789,-1.3131166696548462,0.0,0.17987440526485443,0.17987440526485443,-0.22897815704345703,-0.22897815704345703,-0.07983419299125671,-1.52188241481781,-1.2642533779144287,0.0,-0.14914396405220032,-0.14914396405220032,-0.12104962021112442,-0.12104962021112442,0.08106343448162079,-0.47307926416397095,-0.43625181913375854,0.0,-0.2021130546927452,-0.2021130546927452,-0.19915132224559784,-0.19915132224559784,-0.07945787161588669,-1.2804821729660034,-1.1883541345596313,0.0,-0.11969345062971115,-0.11969345062971115
28,0.9333333333333333,14,0,0,,4,uneven rough,5,0.0,51.22624588012695,35.37115478515625,0.3662666380405426,1.1293500661849976,0.4296932518482208,1.1293500661849976,0.4296932518482208,5.318408966064453,0.023245176300406456,0.1666666716337204,0.5828803777694702,0.06902585923671722,0.5646750330924988,0.2148466259241104,-0.0015673922607675195,0.37741997838020325,0.3250376880168915,0.24650909006595612,0.20522034168243408,-0.048193804919719696,-0.0010971745941787958,-0.0010971745941787958,0.0067833662033081055,-1.6141759157180786,0.8040716052055359,0.0,-0.007880540797486901,-0.007880540797486901,0.18870998919010162,0.18870998919010162,0.22019551694393158,-1.953620195388794,0.3883151113986969,0.0,-0.031485527753829956,-0.031485527753829956,0.16251884400844574,0.16251884400844574,-0.008287795819342136,2.11989688873291,0.356236070394516,0.0,0.17080663982778788,0.17080663982778788,0.17255635559558868,0.17255635559558868,-0.033412523567676544,1.1149966716766357,0.06411319971084595,0.0,0.20596887916326523,0.20596887916326523,0.10261017084121704,0.10261017084121704,0.09648846834897995,-0.6060560941696167,-0.4632202684879303,0.0,0.006121702492237091,0.006121702492237091,-0.024096902459859848,-0.024096902459859848,-0.005639530718326569,1.055829405784607,-0.118306465446949,0.0,-0.01845737174153328,-0.01845737174153328
28,0.9333333333333333,24,0,0,,4,uneven rough,5,0.0,51.013370513916016,35.619163513183594,0.36206918954849243,1.5747848749160767,-0.5214836597442627,1.5747848749160767,-0.5214836597442627,6.153104305267334,3.894786834716797,0.5,-0.0801570862531662,0.16179567575454712,0.7873924374580383,-0.26074182987213135,0.42573437094688416,0.5189916491508484,-0.12958268821239471,-0.21946664154529572,0.18035733699798584,-0.5022199153900146,0.2980140447616577,0.2980140447616577,-0.040490876883268356,1.9833241701126099,-1.2263391017913818,0.0,0.33850492164492607,0.33850492164492607,0.2594958245754242,0.2594958245754242,0.23834937810897827,-0.5448974967002869,0.9597106575965881,0.0,0.021146446466445923,0.021146446466445923,-0.06479134410619736,-0.06479134410619736,-0.10475201159715652,-1.6282498836517334,-1.207655906677246,0.0,0.03996066749095917,0.03996066749095917,-0.15362665057182312,-0.15362665057182312,-0.037714019417762756,-1.8254578113555908,-0.35200151801109314,0.0,-0.11591263115406036,-0.11591263115406036,0.09017866849899292,0.09017866849899292,0.103968545794487,0.4271780550479889,-0.2802319824695587,0.0,-0.01378987729549408,-0.01378987729549408,-0.2511099576950073,-0.2511099576950073,-0.007041985634714365,-0.351638525724411,-0.18967579305171967,0.0,-0.24406797206029296,-0.24406797206029296
29,0.9666666666666667,4,0,0,,4,uneven rough,5,0.0,51.53089904785156,33.72116470336914,0.3584738075733185,1.0308644771575928,-0.771362841129303,1.0308644771575928,-0.771362841129303,5.070134162902832,1.7281979322433472,0.3333333432674408,-0.5857938528060913,0.07544295489788055,0.5154322385787964,-0.3856814205646515,0.12833230197429657,0.5341010689735413,0.47431549429893494,-0.07875867933034897,0.21440160274505615,-0.2948210537433624,0.0898326113820076,0.0898326113820076,0.0935891643166542,-0.10383777320384979,1.3885916471481323,0.0,-0.0037565529346466064,-0.0037565529346466064,0.26705053448677063,0.26705053448677063,0.25584331154823303,0.555098295211792,0.1917504370212555,0.0,0.011207222938537598,0.011207222938537598,0.23715774714946747,0.23715774714946747,-0.022002266719937325,0.348678857088089,-0.9165404438972473,0.0,0.2591600138694048,0.2591600138694048,-0.05513107404112816,-0.05513107404112816,-0.05874774232506752,1.4781018495559692,-1.4099172353744507,0.0,0.0036166682839393616,0.0036166682839393616,0.10720080137252808,0.10720080137252808,0.11334548890590668,0.6190597414970398,-0.4570741057395935,0.0,-0.006144687533378601,-0.006144687533378601,-0.1474105268716812,-0.1474105268716812,-0.10409753024578094,-0.24678409099578857,-1.240443468093872,0.0,-0.04331299662590027,-0.04331299662590027
29,0.9666666666666667,14,0,0,,4,uneven rough,5,0.0,51.27257537841797,35.345211029052734,0.3624151945114136,1.459618091583252,1.3635015487670898,1.459618091583252,1.3635015487670898,7.744638442993164,0.2589171826839447,0.1666666716337204,0.6654449701309204,0.15607070922851562,0.729809045791626,0.6817507743835449,0.44289860129356384,0.5913257598876953,0.14621445536613464,0.3905140161514282,-0.2519886791706085,0.3016272485256195,0.3100290298461914,0.3100290298461914,0.03181568905711174,1.860630750656128,-0.5632098913192749,0.0,0.27821334078907967,0.27821334078907967,0.29566287994384766,0.29566287994384766,0.2549585700035095,1.9564796686172485,-0.9358193278312683,0.0,0.040704309940338135,0.040704309940338135,0.07310722768306732,0.07310722768306732,0.06386420130729675,1.9810600280761719,1.3534131050109863,0.0,0.009243026375770569,0.009243026375770569,0.2733598053455353,0.2733598053455353,0.010845892131328583,1.4497158527374268,0.658284604549408,0.0,0.2625139132142067,0.2625139132142067,-0.40318188071250916,-0.40318188071250916,0.09208820760250092,0.33675533533096313,-0.5439798831939697,0.0,-0.49527008831501007,-0.49527008831501007,0.15081362426280975,0.15081362426280975,0.044509485363960266,-0.3118666112422943,0.5455520749092102,0.0,0.10630413889884949,0.10630413889884949
29,0.9666666666666667,24,0,0,,4,uneven rough,5,0.0,51.0718879699707,35.61726760864258,0.3714808225631714,1.582411289215088,-1.0830621719360352,1.582411289215088,-1.0830621719360352,8.634509086608887,2.0062484741210938,0.3333333432674408,-0.028701087459921837,0.07061208784580231,0.791205644607544,-0.5415310859680176,-0.04239233583211899,0.6253353357315063,0.038193706423044205,-0.19830700755119324,0.2578795254230499,-0.18003001809120178,-0.029674634337425232,-0.029674634337425232,-0.0007472623838111758,0.31468698382377625,0.5884102582931519,0.0,-0.028927371953614056,-0.028927371953614056,0.3126676678657532,0.3126676678657532,0.28880512714385986,0.7337644100189209,0.10900251567363739,0.0,0.02386254072189331,0.02386254072189331,0.019096853211522102,0.019096853211522102,-0.08365350216627121,0.9267945289611816,-1.4454604387283325,0.0,0.10275035537779331,0.10275035537779331,-0.13881489634513855,-0.13881489634513855,-0.09873248636722565,-1.7551734447479248,-1.1850963830947876,0.0,-0.0400824099779129,-0.0400824099779129,0.12893976271152496,0.12893976271152496,0.15002982318401337,0.04117905721068382,0.11973892152309418,0.0,-0.021090060472488403,-0.021090060472488403,-0.09001500904560089,-0.09001500904560089,0.0017018018988892436,0.380147784948349,-0.2812498211860657,0.0,-0.09171681094449013,-0.09171681094449013
30,1.0,4,0,0,,4,uneven rough,5,0.0,51.577735900878906,33.68328857421875,0.35487687587738037,1.2282629013061523,-0.018387969583272934,1.2282629013061523,-0.018387969583272934,5.490344047546387,0.7925490140914917,0.3333333432674408,-0.44520413875579834,0.060010649263858795,0.6141314506530762,-0.009193984791636467,0.278994083404541,0.6083686351776123,0.06802813708782196,0.3314940631389618,0.3480718731880188,0.017764488235116005,0.19529585540294647,0.19529585540294647,0.15130141377449036,1.9695866107940674,0.5447694063186646,0.0,0.043994441628456116,0.043994441628456116,0.30418431758880615,0.30418431758880615,0.30235469341278076,0.187009796500206,0.3971879780292511,0.0,0.0018296241760253906,0.0018296241760253906,0.03401406854391098,0.03401406854391098,0.0369955450296402,1.3210490942001343,-0.20118319988250732,0.0,-0.0029814764857292175,-0.0029814764857292175,0.23204584419727325,0.23204584419727325,-0.004415648989379406,1.7899285554885864,0.22297394275665283,0.0,0.23646149318665266,0.23646149318665266,0.1740359365940094,0.1740359365940094,0.1701783537864685,0.9285646080970764,0.15137390792369843,0.0,0.0038575828075408936,0.0038575828075408936,0.008882244117558002,0.008882244117558002,-0.04324887692928314,-0.3781478703022003,-0.6786266565322876,0.0,0.052131121046841145,0.052131121046841145
30,1.0,14,0,0,,4,uneven rough,5,0.0,51.325252532958984,35.32970428466797,0.35390129685401917,1.6916991472244263,-0.10325144231319427,1.6916991472244263,-0.10325144231319427,8.719971656799316,2.663360118865967,0.3333333432674408,0.6927835941314697,0.2003747522830963,0.8458495736122131,-0.05162572115659714,-0.38548752665519714,0.6002498269081116,-0.4260944426059723,-0.02041328325867653,0.3708505928516388,-0.07835023105144501,-0.2698412537574768,-0.2698412537574768,0.002105685882270336,-1.1873047351837158,0.8072339296340942,0.0,-0.27194693963974714,-0.27194693963974714,0.3001249134540558,0.3001249134540558,0.3028137683868408,-0.07216159254312515,0.6994916796684265,0.0,-0.002688854932785034,-0.002688854932785034,-0.21304722130298615,-0.21304722130298615,0.04415434971451759,0.8913735151290894,1.7082858085632324,0.0,-0.25720157101750374,-0.25720157101750374,-0.014289298094809055,-0.014289298094809055,0.0354207381606102,-0.636475145816803,1.1057612895965576,0.0,-0.049710036255419254,-0.049710036255419254,0.1854252964258194,0.1854252964258194,0.15215352177619934,2.0047900676727295,-0.046010617166757584,0.0,0.033271774649620056,0.033271774649620056,-0.039175115525722504,-0.039175115525722504,-0.021953901275992393,1.179514765739441,0.060766011476516724,0.0,-0.01722121424973011,-0.01722121424973011
30,1.0,24,0,0,,4,uneven rough,5,0.0,51.12578201293945,35.617820739746094,0.3684425950050354,1.6847034692764282,-0.7419951558113098,1.6847034692764282,-0.7419951558113098,9.332457542419434,2.455477237701416,0.3333333432674408,-0.3942428231239319,0.1064818799495697,0.8423517346382141,-0.3709975779056549,0.5213531851768494,0.21396678686141968,0.23474782705307007,-0.42627277970314026,0.55415278673172,-0.43134307861328125,0.36494722962379456,0.36494722962379456,0.06677708029747009,1.9942716360092163,0.43364661931991577,0.0,0.29817014932632446,0.29817014932632446,0.10698339343070984,0.10698339343070984,0.23040294647216797,-1.9993175268173218,0.4622440040111542,0.0,-0.12341955304145813,-0.12341955304145813,0.11737391352653503,0.11737391352653503,-0.03317850083112717,0.7242470979690552,-0.10418321937322617,0.0,0.1505524143576622,0.1505524143576622,-0.2983909547328949,-0.2983909547328949,-0.16526885330677032,-1.8579822778701782,-1.5074189901351929,0.0,-0.13312210142612457,-0.13312210142612457,0.27707639336586,0.27707639336586,0.1950182467699051,2.043372392654419,0.07532103359699249,0.0,0.0820581465959549,0.0820581465959549,-0.21567153930664062,-0.21567153930664062,-0.04331102967262268,-0.822355329990387,0.09270557016134262,0.0,-0.17236050963401794,-0.17236050963401794
31,1.0333333333333332,4,0,0,,4,uneven rough,5,0.0,51.62321853637695,33.6539421081543,0.34680914878845215,1.4628424644470215,0.5601814985275269,1.4628424644470215,0.5601814985275269,7.509706020355225,3.3333334922790527,0.1666666716337204,-0.5559744238853455,0.17994217574596405,0.7314212322235107,0.2800907492637634,-0.10913600772619247,0.4467625021934509,-0.06860508769750595,0.5098497867584229,0.27091652154922485,0.24212366342544556,-0.07639520615339279,-0.07639520615339279,0.11123598366975784,-1.6001876592636108,1.3503636121749878,0.0,-0.18763118982315063,-0.18763118982315063,0.22338125109672546,0.22338125109672546,0.23924113810062408,-1.7118552923202515,0.27835285663604736,0.0,-0.01585988700389862,-0.01585988700389862,-0.034302543848752975,-0.034302543848752975,0.0007943554664961994,1.6851967573165894,0.6594896912574768,0.0,-0.035096899315249175,-0.035096899315249175,0.356894850730896,0.356894850730896,0.06433547288179398,1.5281628370285034,1.1089328527450562,0.0,0.292559377849102,0.292559377849102,0.13545826077461243,0.13545826077461243,0.12663696706295013,0.14301688969135284,0.5907989144325256,0.0,0.008821293711662292,0.008821293711662292,0.12106183171272278,0.12106183171272278,-0.0023103889543563128,1.9156967401504517,-0.5087354183197021,0.0,0.12337222066707909,0.12337222066707909
31,1.0333333333333332,14,0,0,,4,uneven rough,5,0.0,51.371315002441406,35.31332778930664,0.3513067066669464,1.6862342357635498,-0.8101828694343567,1.6862342357635498,-0.8101828694343567,8.498161315917969,3.7057406902313232,0.6666666865348816,0.7976567149162292,0.17212478816509247,0.8431171178817749,-0.40509143471717834,0.5525952577590942,0.3460844159126282,-0.6806386709213257,-0.36809924244880676,0.35726213455200195,-0.2735854685306549,0.38681668043136597,0.38681668043136597,0.05506449565291405,1.9992543458938599,-0.3204818069934845,0.0,0.3317521847784519,0.3317521847784519,0.1730422079563141,0.1730422079563141,0.23897437751293182,-1.560960292816162,0.26319754123687744,0.0,-0.06593216955661774,-0.06593216955661774,-0.34031933546066284,-0.34031933546066284,0.03906412050127983,1.0999243259429932,1.2464021444320679,0.0,-0.3793834559619427,-0.3793834559619427,-0.25766947865486145,-0.25766947865486145,-0.028216950595378876,-1.4956258535385132,0.12069769203662872,0.0,-0.22945252805948257,-0.22945252805948257,0.17863106727600098,0.17863106727600098,0.15596497058868408,0.5088550448417664,1.1135157346725464,0.0,0.022666096687316895,0.022666096687316895,-0.13679273426532745,-0.13679273426532745,-0.022036153823137283,-0.07945863157510757,0.6933085322380066,0.0,-0.11475658044219017,-0.11475658044219017
31,1.0333333333333332,24,0,0,,4,uneven rough,5,0.0,51.179222106933594,35.606544494628906,0.3648530840873718,1.552250862121582,-0.7114757895469666,1.552250862121582,-0.7114757895469666,8.224492073059082,2.497417449951172,0.3333333432674408,-0.14046767354011536,0.13752034306526184,0.776125431060791,-0.3557378947734833,0.618074893951416,0.3697820007801056,0.37975549697875977,0.2535630464553833,0.30731895565986633,-0.015200032852590084,0.43265241384506226,0.43265241384506226,0.13218432664871216,1.7653682231903076,1.3160268068313599,0.0,0.3004680871963501,0.3004680871963501,0.1848910003900528,0.1848910003900528,0.17481519281864166,-0.41918352246284485,-0.9295272827148438,0.0,0.010075807571411133,0.010075807571411133,0.18987774848937988,0.18987774848937988,0.03046083264052868,1.3638840913772583,0.3642127513885498,0.0,0.1594169158488512,0.1594169158488512,0.1774941235780716,0.1774941235780716,-0.14126478135585785,2.000079870223999,-1.7056280374526978,0.0,0.31875890493392944,0.31875890493392944,0.15365947782993317,0.15365947782993317,0.17201068997383118,-0.7542418241500854,1.1880607604980469,0.0,-0.01835121214389801,-0.01835121214389801,-0.007600016426295042,-0.007600016426295042,-0.008498752489686012,1.2801653146743774,-0.4246715009212494,0.0,0.0008987360633909702,0.0008987360633909702
32,1.0666666666666667,4,0,0,,4,uneven rough,5,0.0,51.67188262939453,33.623504638671875,0.3430958390235901,1.4313504695892334,-1.0465178489685059,1.4313504695892334,-1.0465178489685059,8.522785186767578,1.7451682090759277,0.5,-0.41100820899009705,0.058448027819395065,0.7156752347946167,-0.5232589244842529,0.3031381368637085,0.49979275465011597,0.019620034843683243,0.18471759557724,-0.3565097749233246,0.07339239120483398,0.2121966928243637,0.2121966928243637,0.133379265666008,1.7395538091659546,-0.31788337230682373,0.0,0.07881742715835571,0.07881742715835571,0.24989637732505798,0.24989637732505798,0.22766265273094177,0.7592859268188477,-0.8469144105911255,0.0,0.02223372459411621,0.02223372459411621,0.009810017421841621,0.009810017421841621,0.023185160011053085,-0.7728097438812256,1.2394262552261353,0.0,-0.013375142589211464,-0.013375142589211464,0.12930230796337128,0.12930230796337128,0.09754548966884613,0.9876484274864197,1.3459662199020386,0.0,0.031756818294525146,0.031756818294525146,-0.5704156756401062,-0.5704156756401062,0.10720422863960266,-0.9107620716094971,0.33762216567993164,0.0,-0.6776199042797089,-0.6776199042797089,0.03669619560241699,0.03669619560241699,-0.002632562769576907,-0.9676153063774109,0.8620428442955017,0.0,0.0393287583719939,0.0393287583719939
32,1.0666666666666667,14,0,0,,4,uneven rough,5,0.0,51.4190559387207,35.29697036743164,0.3680870831012726,1.8070423603057861,-1.2487480640411377,1.8070423603057861,-1.2487480640411377,9.155406951904297,5.2406005859375,0.5,0.6306160092353821,0.019083356484770775,0.9035211801528931,-0.6243740320205688,0.5548567175865173,0.5727766752243042,-0.41118693351745605,-0.16189487278461456,0.1549946367740631,-0.27270954847335815,0.3883996903896332,0.3883996903896332,0.1195647269487381,1.8331471681594849,0.9911011457443237,0.0,0.2688349634408951,0.2688349634408951,0.2863883376121521,0.2863883376121521,0.25719019770622253,1.581704020500183,-0.7681845426559448,0.0,0.029198139905929565,0.029198139905929565,-0.20559346675872803,-0.20559346675872803,-0.006016991101205349,-1.9851763248443604,1.1635832786560059,0.0,-0.19957647565752268,-0.19957647565752268,-0.11332640796899796,-0.11332640796899796,-0.09136553108692169,-1.8647664785385132,-0.7931745648384094,0.0,-0.021960876882076263,-0.021960876882076263,0.07749731838703156,0.07749731838703156,0.11053462326526642,-1.85513436794281,0.7716394662857056,0.0,-0.03303730487823486,-0.03303730487823486,-0.13635477423667908,-0.13635477423667908,-0.07859328389167786,-1.9921395778656006,0.25638461112976074,0.0,-0.05776149034500122,-0.05776149034500122
32,1.0666666666666667,24,0,0,,4,uneven rough,5,0.0,51.23562240600586,35.59931182861328,0.36833369731903076,1.3584270477294922,0.49925145506858826,1.3584270477294922,0.49925145506858826,5.1122660636901855,0.5042363405227661,0.1666666716337204,-0.21930280327796936,0.20033816993236542,0.6792135238647461,0.24962572753429413,-0.5260633230209351,0.7358056306838989,0.12845003604888916,0.5463300347328186,0.16121865808963776,0.3860294222831726,-0.36824432015419006,-0.36824432015419006,0.1002422347664833,-1.8240233659744263,1.5700851678848267,0.0,-0.46848655492067337,-0.46848655492067337,0.36790281534194946,0.36790281534194946,0.2300635725259781,1.994959831237793,-0.6409780383110046,0.0,0.13783924281597137,0.13783924281597137,0.06422501802444458,0.06422501802444458,0.0668916180729866,0.16920849680900574,0.9294286966323853,0.0,-0.0026666000485420227,-0.0026666000485420227,0.3824310302734375,0.3824310302734375,-0.06983838975429535,1.927662968635559,0.38958582282066345,0.0,0.45226942002773285,0.45226942002773285,0.08060932904481888,0.08060932904481888,0.12384887039661407,-1.9940656423568726,0.08987937122583389,0.0,-0.0432395413517952,-0.0432395413517952,0.1930147111415863,0.1930147111415863,0.056363701820373535,1.9290744066238403,0.5392462611198425,0.0,0.13665100932121277,0.13665100932121277
33,1.1,4,0,0,,4,uneven rough,5,0.0,51.72442626953125,33.597347259521484,0.34027713537216187,0.960096538066864,-0.3991464376449585,0.960096538066864,-0.3991464376449585,6.0311126708984375,2.256437301635742,0.5,-0.4199296236038208,0.16498993337154388,0.480048269033432,-0.19957321882247925,-0.46627405285835266,0.3836074769496918,0.3429014980792999,0.009774135425686836,0.29566508531570435,-0.5125454068183899,-0.3263918459415436,-0.3263918459415436,0.1389346569776535,-0.179319828748703,0.8453953266143799,0.0,-0.4653265029191971,-0.4653265029191971,0.1918037384748459,0.1918037384748459,0.23245157301425934,-1.2209751605987549,0.06123415008187294,0.0,-0.04064783453941345,-0.04064783453941345,0.17145074903964996,0.17145074903964996,0.04293673858046532,0.31770578026771545,0.10170440375804901,0.0,0.12851401045918465,0.12851401045918465,0.006841894704848528,0.006841894704848528,0.09839887171983719,-1.196631908416748,1.143372654914856,0.0,-0.09155697701498866,-0.09155697701498866,0.14783254265785217,0.14783254265785217,0.12232154607772827,0.44806697964668274,-0.36821651458740234,0.0,0.0255109965801239,0.0255109965801239,-0.25627270340919495,-0.25627270340919495,-0.056183792650699615,-1.7120444774627686,-0.17244914174079895,0.0,-0.20008891075849533,-0.20008891075849533
33,1.1,14,0,0,,4,uneven rough,5,0.0,51.463478088378906,35.27487564086914,0.3715935945510864,1.570912480354309,-0.9976217150688171,1.570912480354309,-0.9976217150688171,7.099181175231934,1.9806684255599976,0.3333333432674408,0.20870909094810486,0.1182423084974289,0.7854562401771545,-0.49881085753440857,0.12855347990989685,0.16960151493549347,0.600689709186554,0.24121667444705963,0.5771469473838806,-0.4171687662601471,0.08998743444681168,0.08998743444681168,0.08681192994117737,-1.1742725372314453,1.4671955108642578,0.0,0.003175504505634308,0.003175504505634308,0.08480075746774673,0.08480075746774673,0.23519496619701385,-1.9915425777435303,0.5604466795921326,0.0,-0.15039420872926712,-0.15039420872926712,0.300344854593277,0.300344854593277,0.03057013265788555,1.1282281875610352,-0.6167310476303101,0.0,0.2697747219353914,0.2697747219353914,0.16885167360305786,0.16885167360305786,-0.03810370713472366,1.9674007892608643,-1.3990545272827148,0.0,0.20695538073778152,0.20695538073778152,0.2885734736919403,0.2885734736919403,0.13129650056362152,1.9936184883117676,-0.713543176651001,0.0,0.1572769731283188,0.1572769731283188,-0.20858438313007355,-0.20858438313007355,-0.13513445854187012,-1.2091435194015503,-1.01493501663208,0.0,-0.07344992458820343,-0.07344992458820343
33,1.1,24,0,0,,4,uneven rough,5,0.0,51.29486083984375,35.59922790527344,0.37155604362487793,1.41036856174469,0.5637757182121277,1.41036856174469,0.5637757182121277,7.363105773925781,0.6655653715133667,0.1666666716337204,-0.6013922691345215,0.21583335101604462,0.705184280872345,0.28188785910606384,-0.1473122090101242,0.7043617963790894,-0.16657911241054535,0.1995278149843216,0.18577417731285095,0.0317501462996006,-0.10311854630708694,-0.10311854630708694,0.03768767789006233,-1.80551016330719,-0.3489499092102051,0.0,-0.14080622419714928,-0.14080622419714928,0.3521808981895447,0.3521808981895447,0.29640713334083557,1.986084222793579,0.8493859767913818,0.0,0.055773764848709106,0.055773764848709106,-0.08328955620527267,-0.08328955620527267,0.045089416205883026,-0.9324233531951904,0.49959883093833923,0.0,-0.1283789724111557,-0.1283789724111557,0.13966946303844452,0.13966946303844452,-0.007861562073230743,1.694582462310791,1.259217381477356,0.0,0.14753102511167526,0.14753102511167526,0.09288708865642548,0.09288708865642548,0.11220467835664749,0.08723651617765427,-1.0883868932724,0.0,-0.019317589700222015,-0.019317589700222015,0.0158750731498003,0.0158750731498003,-0.003067288314923644,-1.9389052391052246,1.3250576257705688,0.0,0.018942361464723945,0.018942361464723945
34,1.1333333333333333,4,0,0,,4,uneven rough,5,0.0,51.77510452270508,33.57057189941406,0.3378653824329376,1.257244348526001,-0.2296665608882904,1.257244348526001,-0.2296665608882904,5.849348068237305,3.9218997955322266,0.3333333432674408,-0.31000804901123047,0.13199622929096222,0.6286221742630005,-0.1148332804441452,0.628813624382019,0.0009010692592710257,0.5997911095619202,0.06835345923900604,0.18868622183799744,-0.29670003056526184,0.4401695430278778,0.4401695430278778,0.19991333782672882,1.2719086408615112,0.2660195529460907,0.0,0.240256205201149,0.240256205201149,0.00045053462963551283,0.00045053462963551283,0.16696050763130188,-1.998282790184021,-0.6637293100357056,0.0,-0.16650997300166637,-0.16650997300166637,0.2998955547809601,0.2998955547809601,0.06489685922861099,0.12634961307048798,0.22383196651935577,0.0,0.2349986955523491,0.2349986955523491,0.04784741997718811,0.04784741997718811,0.039268821477890015,-0.7785188555717468,-0.17967011034488678,0.0,0.008578598499298096,0.008578598499298096,0.09434311091899872,0.09434311091899872,0.11331342905759811,0.09678319096565247,0.09331163763999939,0.0,-0.018970318138599396,-0.018970318138599396,-0.14835001528263092,-0.14835001528263092,-0.0960315391421318,-0.9255837798118591,-1.0429390668869019,0.0,-0.052318476140499115,-0.052318476140499115
34,1.1333333333333333,14,0,0,,4,uneven rough,5,0.0,51.50471878051758,35.2419548034668,0.36980289220809937,1.2664721012115479,0.4805540442466736,1.2664721012115479,0.4805540442466736,6.297696590423584,2.4856343269348145,0.3333333432674408,-0.014958968386054039,0.13545887172222137,0.6332360506057739,0.2402770221233368,0.6544395685195923,0.5772541761398315,0.012601997703313828,0.269967645406723,0.21976041793823242,0.4583454728126526,0.45810768008232117,0.45810768008232117,0.12893235683441162,1.8370660543441772,-0.026295261457562447,0.0,0.32917532324790955,0.32917532324790955,0.28862708806991577,0.28862708806991577,0.2385280877351761,1.133700966835022,-0.8824526071548462,0.0,0.050099000334739685,0.050099000334739685,0.006300998851656914,0.006300998851656914,0.02163860946893692,-1.3790643215179443,0.3698720335960388,0.0,-0.015337610617280006,-0.015337610617280006,0.18897734582424164,0.18897734582424164,0.019447626546025276,1.9996098279953003,0.5043453574180603,0.0,0.16952971927821636,0.16952971927821636,0.10988020896911621,0.10988020896911621,0.16155220568180084,-0.9235735535621643,0.8170908689498901,0.0,-0.05167199671268463,-0.05167199671268463,0.2291727364063263,0.2291727364063263,-0.08206544071435928,1.7787055969238281,-1.1247408390045166,0.0,0.3112381771206856,0.3112381771206856
34,1.1333333333333333,24,0,0,,4,uneven rough,5,0.0,51.35153579711914,35.5981330871582,0.3600066304206848,1.535845160484314,-0.044794198125600815,1.535845160484314,-0.044794198125600815,7.998862266540527,4.165534019470215,0.3333333432674408,-0.41761860251426697,0.09445647895336151,0.767922580242157,-0.022397099062800407,0.13095121085643768,0.30866602063179016,-0.462546169757843,-0.1261511743068695,0.30846697092056274,-0.19343023002147675,0.0916658490896225,0.0916658490896225,0.08594955503940582,1.7950859069824219,-1.1724916696548462,0.0,0.005716294050216675,0.005716294050216675,0.15433301031589508,0.15433301031589508,0.2436562329530716,-1.9997471570968628,1.4920772314071655,0.0,-0.08932322263717651,-0.08932322263717651,-0.2312730848789215,-0.2312730848789215,-0.013158586807549,-1.9975699186325073,-0.31006908416748047,0.0,-0.2181144980713725,-0.2181144980713725,-0.08830582350492477,-0.08830582350492477,-0.06423326581716537,-1.905948519706726,1.5053735971450806,0.0,-0.0240725576877594,-0.0240725576877594,0.15423348546028137,0.15423348546028137,0.11001761257648468,1.7432770729064941,-0.42368730902671814,0.0,0.04421587288379669,0.04421587288379669,-0.09671511501073837,-0.09671511501073837,-0.07219894975423813,-2.0000007152557373,-0.5203928351402283,0.0,-0.024516165256500244,-0.024516165256500244
35,1.1666666666666667,4,0,0,,4,uneven rough,5,0.0,51.82421875,33.533058166503906,0.33254873752593994,1.5804533958435059,-1.2005970478057861,1.5804533958435059,-1.2005970478057861,5.7829108238220215,5.985080718994141,0.3333333432674408,-0.13182684779167175,0.11597156524658203,0.7902266979217529,-0.6002985239028931,0.47535017132759094,0.3135291635990143,0.6381005048751831,0.44291749596595764,0.4021124839782715,0.24030321836471558,0.33274510502815247,0.33274510502815247,0.26235058903694153,1.96258544921875,0.8347510695457458,0.0,0.07039451599121094,0.07039451599121094,0.15676458179950714,0.15676458179950714,0.1564871221780777,-0.03361140936613083,-1.418288230895996,0.0,0.00027745962142944336,0.00027745962142944336,0.31905025243759155,0.31905025243759155,0.10125452280044556,0.4800165593624115,0.16871526837348938,0.0,0.217795729637146,0.217795729637146,0.31004223227500916,0.31004223227500916,0.07293011993169785,1.8800265789031982,-0.5182602405548096,0.0,0.2371121123433113,0.2371121123433113,0.20105624198913574,0.20105624198913574,0.17270585894584656,1.921398639678955,0.09527446329593658,0.0,0.028350383043289185,0.028350383043289185,0.12015160918235779,0.12015160918235779,-0.08301926404237747,-0.6123796701431274,-0.9765861630439758,0.0,0.20317087322473526,0.20317087322473526
35,1.1666666666666667,14,0,0,,4,uneven rough,5,0.0,51.54792404174805,35.210567474365234,0.37115854024887085,1.4841303825378418,-0.22115133702754974,1.4841303825378418,-0.22115133702754974,7.670344829559326,0.0,0.0,-0.3960133194923401,0.36981329321861267,0.7420651912689209,-0.11057566851377487,-0.7258539199829102,0.7321157455444336,0.5602641105651855,0.4632304608821869,0.27028343081474304,0.3458852171897888,-0.5080977082252502,-0.5080977082252502,0.11331050843000412,-0.7395928502082825,1.0272525548934937,0.0,-0.6214082166552544,-0.6214082166552544,0.3660578727722168,0.3660578727722168,0.30462566018104553,2.000002145767212,0.25748422741889954,0.0,0.061432212591171265,0.061432212591171265,0.2801320552825928,0.2801320552825928,0.07969105988740921,1.7080374956130981,-0.6189796924591064,0.0,0.20044099539518356,0.20044099539518356,0.32426130771636963,0.32426130771636963,0.09073429554700851,2.0077054500579834,1.3497705459594727,0.0,0.23352701216936111,0.23352701216936111,0.13514171540737152,0.13514171540737152,0.14570821821689606,0.796039342880249,-0.16708390414714813,0.0,-0.010566502809524536,-0.010566502809524536,0.1729426085948944,0.1729426085948944,-0.027522262185811996,-0.3091297745704651,0.5168730020523071,0.0,0.2004648707807064,0.2004648707807064
35,1.1666666666666667,24,0,0,,4,uneven rough,5,0.0,51.40647506713867,35.589778900146484,0.3510585427284241,0.4253404140472412,-0.13536608219146729,0.4253404140472412,-0.13536608219146729,2.172245979309082,0.0,0.0,-0.19644880294799805,0.1407659947872162,0.2126702070236206,-0.06768304109573364,0.32587650418281555,0.3936077654361725,0.5776642560958862,-0.16683389246463776,-0.11874058097600937,-0.12044425308704376,0.2281135469675064,0.2281135469675064,0.14807969331741333,2.00041127204895,0.5053820013999939,0.0,0.08003385365009308,0.08003385365009308,0.19680388271808624,0.19680388271808624,0.18623203039169312,-1.1618160009384155,-0.4822065532207489,0.0,0.010571852326393127,0.010571852326393127,0.2888321280479431,0.2888321280479431,0.03720507398247719,0.3279227316379547,-1.2641850709915161,0.0,0.2516270540654659,0.2516270540654659,-0.11678372323513031,-0.11678372323513031,-0.12777037918567657,-1.7589762210845947,-0.42339402437210083,0.0,0.010986655950546265,0.010986655950546265,-0.18998493254184723,-0.18998493254184723,0.07013476639986038,-0.12135692685842514,0.8015182614326477,0.0,-0.2601196989417076,-0.2601196989417076,-0.06022212654352188,-0.06022212654352188,-0.02592836692929268,0.5884620547294617,-1.3569657802581787,0.0,-0.0342937596142292,-0.0342937596142292
36,1.2,4,0,0,,4,uneven rough,5,0.0,51.87615203857422,33.49974822998047,0.332965224981308,1.6139495372772217,0.9244974255561829,1.6139495372772217,0.9244974255561829,8.673465728759766,2.051546812057495,0.3333333432674408,0.19551712274551392,0.24723538756370544,0.8069747686386108,0.46224871277809143,0.1329192966222763,0.38076746463775635,0.27404120564460754,0.755401074886322,0.47216203808784485,0.3832237422466278,0.0930435061454773,0.0930435061454773,0.22600841522216797,-1.9717825651168823,1.47243070602417,0.0,-0.13296490907669067,-0.13296490907669067,0.19038373231887817,0.19038373231887817,0.19401048123836517,0.778144896030426,-0.6353894472122192,0.0,-0.0036267489194869995,-0.0036267489194869995,0.13702060282230377,0.13702060282230377,0.14085924625396729,0.24213264882564545,0.3447255790233612,0.0,-0.003838643431663513,-0.003838643431663513,0.5287807583808899,0.5287807583808899,0.1421423703432083,1.8571957349777222,0.8377354145050049,0.0,0.3866383880376816,0.3866383880376816,0.23608101904392242,0.23608101904392242,0.22091996669769287,0.4225814938545227,1.1277683973312378,0.0,0.015161052346229553,0.015161052346229553,0.1916118711233139,0.1916118711233139,-0.05393330380320549,0.6404856443405151,-0.7706631422042847,0.0,0.2455451749265194,0.2455451749265194
36,1.2,14,0,0,,4,uneven rough,5,0.0,51.59260559082031,35.18927764892578,0.3595661520957947,1.6504651308059692,0.9067859649658203,1.6504651308059692,0.9067859649658203,9.015959739685059,5.150547027587891,0.3333333432674408,-0.5922906398773193,0.22589704394340515,0.8252325654029846,0.45339298248291016,-0.18131743371486664,0.43373337388038635,-0.517061173915863,0.23161527514457703,0.38730302453041077,0.16501900553703308,-0.12692220509052277,-0.12692220509052277,0.04814981296658516,-1.3438197374343872,0.028275003656744957,0.0,-0.17507201805710793,-0.17507201805710793,0.21686668694019318,0.21686668694019318,0.2535552382469177,-0.7799901366233826,1.2427070140838623,0.0,-0.03668855130672455,-0.03668855130672455,-0.2585305869579315,-0.2585305869579315,0.030103759840130806,-2.0722739696502686,0.6967200040817261,0.0,-0.2886343467980623,-0.2886343467980623,0.1621306836605072,0.1621306836605072,0.1459377557039261,1.1936317682266235,1.7217681407928467,0.0,0.016192927956581116,0.016192927956581116,0.19365151226520538,0.19365151226520538,0.15997794270515442,0.05744175612926483,0.37746772170066833,0.0,0.033673569560050964,0.033673569560050964,0.08250950276851654,0.08250950276851654,-0.016549481078982353,-1.0817216634750366,0.049849554896354675,0.0,0.0990589838474989,0.0990589838474989
36,1.2,24,0,0,,4,uneven rough,5,0.0,51.46054458618164,35.58150863647461,0.3425852060317993,1.4523272514343262,-1.1435065269470215,1.4523272514343262,-1.1435065269470215,7.104245185852051,4.145308017730713,0.5,0.03461017459630966,0.07207521051168442,0.7261636257171631,-0.5717532634735107,0.10595081746578217,0.2693933844566345,0.17448225617408752,0.22346313297748566,0.6448801755905151,0.15053808689117432,0.07416556775569916,0.07416556775569916,0.09349755197763443,-1.838890552520752,1.3506742715835571,0.0,-0.019331984221935272,-0.019331984221935272,0.13469669222831726,0.13469669222831726,0.1361551433801651,-1.5270112752914429,-0.8664589524269104,0.0,-0.0014584511518478394,-0.0014584511518478394,0.08724112808704376,0.08724112808704376,0.09184107929468155,-0.8662523031234741,-0.3640044629573822,0.0,-0.004599951207637787,-0.004599951207637787,0.15642419457435608,0.15642419457435608,-0.06433457136154175,1.8667131662368774,-1.1785346269607544,0.0,0.22075876593589783,0.22075876593589783,0.32244008779525757,0.32244008779525757,0.12531405687332153,1.9380853176116943,0.2797229588031769,0.0,0.19712603092193604,0.19712603092193604,0.07526904344558716,0.07526904344558716,0.030936244875192642,0.3106381893157959,-0.2570174038410187,0.0,0.044332798570394516,0.044332798570394516
37,1.2333333333333334,4,0,0,,4,uneven rough,5,0.0,51.92361068725586,33.4637565612793,0.3284115493297577,1.5499266386032104,-0.1662832349538803,1.5499266386032104,-0.1662832349538803,8.54675579071045,1.1219733953475952,0.3333333432674408,0.3863685131072998,0.1213122233748436,0.7749633193016052,-0.08314161747694016,0.5693528652191162,0.29009395837783813,-0.23736312985420227,0.41405922174453735,-0.0910595953464508,0.4115604758262634,0.3985469937324524,0.3985469937324524,0.2396414577960968,1.6941214799880981,-0.4749336242675781,0.0,0.1589055359363556,0.1589055359363556,0.14504697918891907,0.14504697918891907,0.14180244505405426,-0.46952664852142334,0.1638254076242447,0.0,0.003244534134864807,0.003244534134864807,-0.11868156492710114,-0.11868156492710114,0.07531081140041351,-1.9846391677856445,0.28671935200691223,0.0,-0.19399237632751465,-0.19399237632751465,0.2898414433002472,0.2898414433002472,0.1978316456079483,1.9666365385055542,1.4141401052474976,0.0,0.09200979769229889,0.09200979769229889,-0.14569535851478577,-0.14569535851478577,0.15668009221553802,-1.4033232927322388,0.7290544509887695,0.0,-0.3023754507303238,-0.3023754507303238,0.2057802379131317,0.2057802379131317,-0.009786986745893955,0.843915581703186,0.027202920988202095,0.0,0.21556722465902567,0.21556722465902567
37,1.2333333333333334,14,0,0,,4,uneven rough,5,0.0,51.641029357910156,35.17106246948242,0.36279797554016113,1.691001534461975,0.827072024345398,1.691001534461975,0.827072024345398,9.367191314697266,4.902072429656982,0.3333333432674408,-0.5831221342086792,0.17546097934246063,0.8455007672309875,0.413536012172699,0.047937821596860886,0.4436005651950836,0.17022624611854553,0.07718884199857712,0.2180933803319931,0.12350594997406006,0.03355647623538971,0.03355647623538971,0.051618803292512894,-0.49653875827789307,-0.7475098371505737,0.0,-0.018062327057123184,-0.018062327057123184,0.2218002825975418,0.2218002825975418,0.2269161343574524,0.04514003172516823,0.09907039999961853,0.0,-0.0051158517599105835,-0.0051158517599105835,0.08511312305927277,0.08511312305927277,0.06990572810173035,1.9992949962615967,-0.8688741326332092,0.0,0.01520739495754242,0.01520739495754242,0.05403218790888786,0.05403218790888786,0.08892042189836502,-1.9973113536834717,1.423158884048462,0.0,-0.03488823398947716,-0.03488823398947716,0.10904669016599655,0.10904669016599655,0.10157933831214905,-0.7997123599052429,0.1965244710445404,0.0,0.007467351853847504,0.007467351853847504,0.06175297498703003,0.06175297498703003,0.010054366663098335,1.5280890464782715,-0.5899428129196167,0.0,0.051698608323931694,0.051698608323931694
37,1.2333333333333334,24,0,0,,4,uneven rough,5,0.0,51.510990142822266,35.57730484008789,0.34371858835220337,1.5885885953903198,-0.4998362064361572,1.5885885953903198,-0.4998362064361572,7.465360164642334,3.3107471466064453,0.5,-0.10452445596456528,0.1455269753932953,0.7942942976951599,-0.2499181032180786,0.04935438930988312,0.1807614266872406,0.10891493409872055,0.5008471012115479,0.2139657735824585,0.33682674169540405,0.034548070281744,0.034548070281744,0.03360667824745178,-1.3610694408416748,-0.45271140336990356,0.0,0.0009413920342922211,0.0009413920342922211,0.0903807133436203,0.0903807133436203,0.08485421538352966,-0.42266279458999634,-1.239936351776123,0.0,0.005526497960090637,0.005526497960090637,0.054457467049360275,0.054457467049360275,0.05685770884156227,-0.6029627919197083,-0.647976279258728,0.0,-0.002400241792201996,-0.002400241792201996,0.3505929708480835,0.3505929708480835,-0.003704922506585717,1.450178861618042,0.5432539582252502,0.0,0.3542978933546692,0.3542978933546692,0.10698288679122925,0.10698288679122925,0.12083182483911514,-0.4780690371990204,1.217363953590393,0.0,-0.013848938047885895,-0.013848938047885895,0.16841337084770203,0.16841337084770203,0.05626673623919487,1.66648530960083,0.06393608450889587,0.0,0.11214663460850716,0.11214663460850716
38,1.2666666666666666,4,0,0,,4,uneven rough,5,0.0,51.9742317199707,33.425167083740234,0.3312988579273224,1.531917691230774,0.011896328069269657,1.531917691230774,0.011896328069269657,8.948664665222168,1.1105575561523438,0.1666666716337204,0.9170541763305664,0.34044361114501953,0.765958845615387,0.005948164034634829,-0.6154805421829224,0.43108174204826355,0.5248538851737976,0.6157032251358032,0.08475708216428757,0.19330976903438568,-0.43083637952804565,-0.43083637952804565,0.21665604412555695,-1.2257490158081055,0.7514539957046509,0.0,-0.6474924236536026,-0.6474924236536026,0.21554087102413177,0.21554087102413177,0.19485726952552795,1.7110669612884521,-0.194272980093956,0.0,0.02068360149860382,0.02068360149860382,0.2624269425868988,0.2624269425868988,0.11763627082109451,0.1619361937046051,-0.9975108504295349,0.0,0.1447906717658043,0.1447906717658043,0.4309922456741333,0.4309922456741333,0.26645320653915405,1.9983515739440918,1.7265225648880005,0.0,0.16453903913497925,0.16453903913497925,0.042378541082143784,0.042378541082143784,0.10046304762363434,-1.9602621793746948,-0.47659575939178467,0.0,-0.058084506541490555,-0.058084506541490555,0.09665488451719284,0.09665488451719284,0.04775049909949303,1.6438807249069214,0.4889737367630005,0.0,0.048904385417699814,0.048904385417699814
38,1.2666666666666666,14,0,0,,4,uneven rough,5,0.0,51.6880989074707,35.14952087402344,0.35723641514778137,1.498445749282837,-0.11107563227415085,1.498445749282837,-0.11107563227415085,7.236956596374512,3.3333334922790527,0.1666666716337204,-0.6018235087394714,0.14006797969341278,0.7492228746414185,-0.055537816137075424,0.3684439957141876,0.30088162422180176,0.12905384600162506,0.10514435172080994,0.05396517738699913,-0.08311831951141357,0.2579107880592346,0.2579107880592346,0.09981314837932587,1.52996027469635,-0.6056103706359863,0.0,0.15809763967990875,0.15809763967990875,0.15044081211090088,0.15044081211090088,0.1638348251581192,-1.5613340139389038,0.0685780718922615,0.0,-0.013394013047218323,-0.013394013047218323,0.06452692300081253,0.06452692300081253,0.060764435678720474,-1.1132465600967407,0.7527938485145569,0.0,0.0037624873220920563,0.0037624873220920563,0.07360104471445084,0.07360104471445084,0.03961107134819031,0.0687074139714241,-0.5107811093330383,0.0,0.03398997336626053,0.03398997336626053,0.026982588693499565,0.026982588693499565,0.03666595742106438,-0.6538844108581543,-0.3667496144771576,0.0,-0.009683368727564812,-0.009683368727564812,-0.04155915975570679,-0.04155915975570679,-0.037938520312309265,-1.1968450546264648,0.6075961589813232,0.0,-0.003620639443397522,-0.003620639443397522
38,1.2666666666666666,24,0,0,,4,uneven rough,6,0.0,51.562679290771484,35.56965637207031,0.3578227162361145,1.1579772233963013,-0.15863123536109924,1.1579772233963013,-0.15863123536109924,6.008874416351318,1.920009970664978,0.3333333432674408,0.10757341235876083,0.0808030515909195,0.5789886116981506,-0.07931561768054962,-0.004688131622970104,0.3505799472332001,0.21345770359039307,0.08879175037145615,0.05125442519783974,0.1400480717420578,-0.0032816920429468155,-0.0032816920429468155,-0.01044072862714529,-0.42928171157836914,-0.9662986993789673,0.0,0.007159036584198475,0.007159036584198475,0.17528997361660004,0.17528997361660004,0.13868607580661774,1.8522857427597046,-0.7778483629226685,0.0,0.0366038978099823,0.0366038978099823,0.10672885179519653,0.10672885179519653,0.09843407571315765,0.12654733657836914,-0.6225255727767944,0.0,0.00829477608203888,0.00829477608203888,0.06215422600507736,0.06215422600507736,0.054745811969041824,1.1135786771774292,1.0560309886932373,0.0,0.007408414036035538,0.007408414036035538,0.02562721259891987,0.02562721259891987,0.07997602969408035,-1.864396572113037,0.25876307487487793,0.0,-0.054348817095160484,-0.054348817095160484,0.0700240358710289,0.0700240358710289,0.07688425481319427,-0.3195139765739441,0.9700202941894531,0.0,-0.006860218942165375,-0.006860218942165375
39,1.3,4,0,0,,4,uneven rough,5,0.0,52.03626251220703,33.4013671875,0.32369300723075867,1.506098985671997,-0.4573073983192444,1.506098985671997,-0.4573073983192444,7.255470275878906,0.7481679916381836,0.3333333432674408,0.872220516204834,0.1844111680984497,0.7530494928359985,-0.2286536991596222,-0.5790303349494934,0.4411785304546356,-0.055709220468997955,0.09645922482013702,0.3899135887622833,-0.3849479556083679,-0.40532124042510986,-0.40532124042510986,0.17478446662425995,-0.8921249508857727,-0.3664601445198059,0.0,-0.5801057070493698,-0.5801057070493698,0.2205892652273178,0.2205892652273178,0.2582993805408478,1.3273319005966187,0.8830096125602722,0.0,-0.03771011531352997,-0.03771011531352997,-0.027854610234498978,-0.027854610234498978,0.06116294860839844,-0.1916029453277588,-0.3419573903083801,0.0,-0.08901755884289742,-0.08901755884289742,0.06752145290374756,0.06752145290374756,0.25088921189308167,-1.9833950996398926,1.8802151679992676,0.0,-0.1833677589893341,-0.1833677589893341,0.19495679438114166,0.19495679438114166,0.11973271518945694,1.3908681869506836,-1.3154634237289429,0.0,0.07522407919168472,0.07522407919168472,-0.19247397780418396,-0.19247397780418396,-0.016245022416114807,-0.7223774790763855,1.1419602632522583,0.0,-0.17622895538806915,-0.17622895538806915
39,1.3,14,0,0,,4,uneven rough,5,0.0,51.73752975463867,35.12767791748047,0.3577764630317688,1.1553442478179932,0.009276227094233036,1.1553442478179932,0.009276227094233036,5.421006202697754,2.0270137786865234,0.1666666716337204,-0.609370768070221,0.0890495777130127,0.5776721239089966,0.004638113547116518,-0.08217106759548187,0.2585441768169403,0.2541402280330658,0.30234336853027344,-0.05585043504834175,0.18872641026973724,-0.05751974508166313,-0.05751974508166313,0.04857614263892174,-1.869336724281311,0.6018450856208801,0.0,-0.10609588772058487,-0.10609588772058487,0.12927208840847015,0.12927208840847015,0.11878418922424316,-0.5948591828346252,-0.8529771566390991,0.0,0.01048789918422699,0.01048789918422699,0.1270701140165329,0.1270701140165329,0.07696449756622314,1.0969411134719849,-0.30226874351501465,0.0,0.05010561645030975,0.05010561645030975,0.2116403579711914,0.2116403579711914,0.10405279695987701,1.883589267730713,-0.18313725292682648,0.0,0.10758756101131439,0.10758756101131439,-0.08936069905757904,-0.08936069905757904,-0.021061396226286888,-1.6906054019927979,-0.5290961265563965,0.0,-0.06829930283129215,-0.06829930283129215,0.09436320513486862,0.09436320513486862,-0.013064845465123653,0.6878015398979187,-0.4126381278038025,0.0,0.10742805059999228,0.10742805059999228
39,1.3,24,0,0,,4,uneven rough,6,0.0,51.61564636230469,35.573577880859375,0.3626132607460022,1.7961626052856445,0.5167727470397949,1.7961626052856445,0.5167727470397949,9.255456924438477,3.0697646141052246,0.1666666716337204,0.35091838240623474,0.13032490015029907,0.8980813026428223,0.25838637351989746,-0.1101147010922432,0.26296207308769226,-0.08744736760854721,-0.06656632572412491,0.09079285711050034,-0.3908865749835968,-0.07708028703927994,-0.07708028703927994,-0.046515971422195435,-1.4764941930770874,-0.6626683473587036,0.0,-0.030564315617084503,-0.030564315617084503,0.13148103654384613,0.13148103654384613,0.13473886251449585,-0.12309543788433075,0.7092341780662537,0.0,-0.0032578259706497192,-0.0032578259706497192,-0.043723683804273605,-0.043723683804273605,0.034461501985788345,-1.9999901056289673,-0.19899840652942657,0.0,-0.07818518579006195,-0.07818518579006195,-0.046596426516771317,-0.046596426516771317,0.0260991882532835,-1.9561728239059448,1.0885685682296753,0.0,-0.07269561477005482,-0.07269561477005482,0.04539642855525017,0.04539642855525017,0.03708939999341965,0.20541535317897797,-0.9416751861572266,0.0,0.00830702856183052,0.00830702856183052,-0.1954432874917984,-0.1954432874917984,0.023121636360883713,-1.6746129989624023,0.24091529846191406,0.0,-0.2185649238526821,-0.2185649238526821
40,1.3333333333333333,4,0,0,,4,uneven rough,5,0.0,52.09564971923828,33.377689361572266,0.3205808997154236,1.1615724563598633,0.4084664583206177,1.1615724563598633,0.4084664583206177,5.861958980560303,4.04713249206543,0.3333333432674408,0.5586061477661133,0.228416308760643,0.5807862281799316,0.20423322916030884,0.7716822624206543,-0.012291180901229382,-0.3157873749732971,-0.15270927548408508,0.307000070810318,-0.5193752646446228,0.540177583694458,0.540177583694458,0.21692386269569397,1.81130850315094,-0.6636719703674316,0.0,0.32325372099876404,0.32325372099876404,-0.01966588944196701,-0.01966588944196701,0.2168341428041458,-0.6934447288513184,1.1342302560806274,0.0,-0.23650003224611282,-0.23650003224611282,-0.15789368748664856,-0.15789368748664856,0.016166532412171364,-0.7325276136398315,-0.25694671273231506,0.0,-0.17406021989881992,-0.17406021989881992,-0.10689648985862732,-0.10689648985862732,0.1845303624868393,-1.756980299949646,-0.3042770028114319,0.0,-0.2914268523454666,-0.2914268523454666,0.153500035405159,0.153500035405159,0.12111120671033859,1.6894654035568237,0.21470129489898682,0.0,0.032388828694820404,0.032388828694820404,-0.2596876323223114,-0.2596876323223114,-0.031717173755168915,0.5063493847846985,0.0878603532910347,0.0,-0.2279704585671425,-0.2279704585671425
40,1.3333333333333333,14,0,0,,4,uneven rough,5,0.0,51.79330825805664,35.10704040527344,0.36176398396492004,1.5762939453125,-0.013667065650224686,1.5762939453125,-0.013667065650224686,8.987264633178711,7.311932563781738,0.5,-0.2837197184562683,0.11079397797584534,0.78814697265625,-0.006833532825112343,0.06103181838989258,0.3913601338863373,0.13974274694919586,0.1992611289024353,0.004637536127120256,-0.05345978960394859,0.042722273617982864,0.042722273617982864,0.03024987317621708,0.460127592086792,-0.7953655123710632,0.0,0.012472400441765785,0.012472400441765785,0.19568006694316864,0.19568006694316864,0.1763029545545578,1.074437141418457,-0.7070367932319641,0.0,0.01937711238861084,0.01937711238861084,0.06987137347459793,0.06987137347459793,0.0706905722618103,-0.6926002502441406,0.488847017288208,0.0,-0.0008191987872123718,-0.0008191987872123718,0.139482781291008,0.139482781291008,0.12910112738609314,-0.6152939200401306,0.9853936433792114,0.0,0.010381653904914856,0.010381653904914856,0.002318768063560128,0.002318768063560128,0.008956030942499638,0.6443639397621155,-1.1858155727386475,0.0,-0.006637262878939509,-0.006637262878939509,-0.026729894801974297,-0.026729894801974297,-0.029492484405636787,0.499814510345459,0.20955242216587067,0.0,0.002762589603662491,0.002762589603662491
40,1.3333333333333333,24,0,0,,4,uneven rough,6,0.0,51.66828918457031,35.57497024536133,0.36364954710006714,1.8480486869812012,0.23454803228378296,1.8480486869812012,0.23454803228378296,9.514575958251953,3.3333334922790527,0.1666666716337204,0.5573650598526001,0.19351164996623993,0.9240243434906006,0.11727401614189148,0.662102460861206,0.3019309639930725,-0.32882800698280334,-0.1771744042634964,-0.011948649771511555,-0.5234220027923584,0.4634717106819153,0.4634717106819153,-0.006566160824149847,2.0030105113983154,-1.1228069067001343,0.0,0.47003787150606513,0.47003787150606513,0.15096548199653625,0.15096548199653625,0.13348156213760376,0.32606616616249084,0.23863351345062256,0.0,0.017483919858932495,0.017483919858932495,-0.16441400349140167,-0.16441400349140167,-0.03358094021677971,-2.0032103061676025,-1.2172822952270508,0.0,-0.13083306327462196,-0.13083306327462196,-0.12402208149433136,-0.12402208149433136,-0.04385020211338997,-1.5908973217010498,-0.6329336762428284,0.0,-0.08017187938094139,-0.08017187938094139,-0.019117839634418488,-0.019117839634418488,-0.008658064529299736,-1.1380977630615234,-0.29310813546180725,0.0,-0.010459775105118752,-0.010459775105118752,-0.2617110013961792,-0.2617110013961792,-0.030282624065876007,-0.8605384826660156,-0.8421278595924377,0.0,-0.2314283773303032,-0.2314283773303032
41,1.3666666666666667,4,0,0,,4,uneven rough,5,0.0,52.154884338378906,33.35356521606445,0.3189259469509125,1.6093528270721436,-1.2339094877243042,1.6093528270721436,-1.2339094877243042,5.365203380584717,3.8937957286834717,0.3333333432674408,0.3616853952407837,0.14395080506801605,0.8046764135360718,-0.6169547438621521,0.6525599956512451,0.02857610583305359,0.010877114720642567,0.10139084607362747,0.3553018271923065,-0.4880559742450714,0.4567919969558716,0.4567919969558716,0.28292372822761536,1.9749900102615356,0.7356864213943481,0.0,0.17386826872825623,0.17386826872825623,0.014288052916526794,0.014288052916526794,0.16683927178382874,-0.7814602255821228,0.10085954517126083,0.0,-0.15255121886730194,-0.15255121886730194,0.005438557360321283,0.005438557360321283,-0.00014829559950158,0.3147141933441162,-0.5258409976959229,0.0,0.005586852959822863,0.005586852959822863,0.07097359001636505,0.07097359001636505,0.11750622093677521,-1.9992039203643799,-1.1256380081176758,0.0,-0.046532630920410156,-0.046532630920410156,0.17765091359615326,0.17765091359615326,0.13669206202030182,1.2390588521957397,1.0485355854034424,0.0,0.04095885157585144,0.04095885157585144,-0.2440279871225357,-0.2440279871225357,-0.046115800738334656,-0.4369817078113556,0.3244748115539551,0.0,-0.19791218638420105,-0.19791218638420105
41,1.3666666666666667,14,0,0,,4,uneven rough,5,0.0,51.847721099853516,35.08432388305664,0.3597971796989441,1.2504832744598389,-0.8110979199409485,1.2504832744598389,-0.8110979199409485,5.595852851867676,0.4127067029476166,0.3333333432674408,-0.009074559435248375,0.04898766800761223,0.6252416372299194,-0.40554895997047424,0.1611030548810959,0.4066965878009796,-0.17623555660247803,0.17357023060321808,0.5528357625007629,-0.02347462624311447,0.112772136926651,0.112772136926651,0.0900614783167839,1.766076683998108,-0.08550744503736496,0.0,0.022710658609867096,0.022710658609867096,0.2033482939004898,0.2033482939004898,0.20858925580978394,-0.009091553278267384,0.30021175742149353,0.0,-0.005240961909294128,-0.005240961909294128,-0.08811777830123901,-0.08811777830123901,0.01871473900973797,-1.3114997148513794,-0.17914538085460663,0.0,-0.10683251731097698,-0.10683251731097698,0.12149915844202042,0.12149915844202042,0.09550391137599945,-0.14236018061637878,0.08036202937364578,0.0,0.025995247066020966,0.025995247066020966,0.27641788125038147,0.27641788125038147,0.07176510989665985,2.0085175037384033,-0.1510287970304489,0.0,0.20465277135372162,0.20465277135372162,-0.011737313121557236,-0.011737313121557236,-0.03390127047896385,-0.5146214365959167,0.3736671209335327,0.0,0.022163957357406616,0.022163957357406616
41,1.3666666666666667,24,0,0,,4,uneven rough,6,0.0,51.72664260864258,35.560054779052734,0.3621073365211487,1.9287080764770508,-0.05879069119691849,1.9195365905761719,-0.05879069119691849,10.500824928283691,5.926623344421387,0.3333333432674408,0.5710057020187378,0.02793053537607193,0.9643540382385254,-0.029395345598459244,0.26978111267089844,0.39906632900238037,-0.15477485954761505,0.1881963312625885,0.3375648260116577,-0.41964802145957947,0.18884678184986115,0.18884678184986115,0.057999201118946075,2.000629186630249,0.6445358395576477,0.0,0.13084758073091507,0.13084758073091507,0.19953316450119019,0.19953316450119019,0.1965828388929367,1.2422358989715576,0.28806808590888977,0.0,0.002950325608253479,0.002950325608253479,-0.07738742977380753,-0.07738742977380753,-0.0761859267950058,-1.5048902034759521,-1.6616474390029907,0.0,-0.0012015029788017273,-0.0012015029788017273,0.13173742592334747,0.13173742592334747,-0.009722737595438957,2.002540349960327,-1.1745680570602417,0.0,0.14146016351878643,0.14146016351878643,0.16878241300582886,0.16878241300582886,0.04010147973895073,0.9970706701278687,-0.7708668112754822,0.0,0.12868093326687813,0.12868093326687813,-0.20982401072978973,-0.20982401072978973,-0.07881797105073929,-0.4772697687149048,-0.8525372743606567,0.0,-0.13100603967905045,-0.13100603967905045
42,1.4,4,0,0,,4,uneven rough,5,0.0,52.20933532714844,33.32267761230469,0.31897255778312683,1.3323832750320435,-0.7015974521636963,1.3323832750320435,-0.7015974521636963,4.751645088195801,5.023171901702881,0.3333333432674408,0.13133811950683594,0.11473502963781357,0.6661916375160217,-0.35079872608184814,0.5711901187896729,0.014476938173174858,0.5587550401687622,0.37406423687934875,0.16491371393203735,-0.20175132155418396,0.399833083152771,0.399833083152771,0.34773099422454834,1.9430570602416992,1.4363908767700195,0.0,0.052102088928222656,0.052102088928222656,0.007238469086587429,0.007238469086587429,0.10120921581983566,-1.684059739112854,-0.3980056345462799,0.0,-0.09397074673324823,-0.09397074673324823,0.2793775200843811,0.2793775200843811,0.05749297887086868,1.8448420763015747,-0.05058958753943443,0.0,0.22188454121351242,0.22188454121351242,0.2618449628353119,0.2618449628353119,0.14672482013702393,1.890099048614502,-1.6195536851882935,0.0,0.11512014269828796,0.11512014269828796,0.08245685696601868,0.08245685696601868,0.0818960964679718,-2.0000016689300537,1.1562577486038208,0.0,0.000560760498046875,0.000560760498046875,-0.10087566077709198,-0.10087566077709198,-0.061720628291368484,-1.0667134523391724,-0.10605406761169434,0.0,-0.039155032485723495,-0.039155032485723495
42,1.4,14,0,0,,4,uneven rough,5,0.0,51.894859313964844,35.06069564819336,0.35139188170433044,1.1074650287628174,-0.754607617855072,1.1074650287628174,-0.754607617855072,4.498685836791992,0.47780269384384155,0.3333333432674408,0.3111104369163513,0.10180072486400604,0.5537325143814087,-0.377303808927536,0.37523791193962097,0.15769429504871368,0.3677079677581787,0.10974058508872986,0.1950889527797699,-0.2602252662181854,0.2626665234565735,0.2626665234565735,0.15315552055835724,1.7880034446716309,0.9613815546035767,0.0,0.10951100289821625,0.10951100289821625,0.07884714752435684,0.07884714752435684,0.14496824145317078,-2.000825881958008,0.1253311187028885,0.0,-0.06612109392881393,-0.06612109392881393,0.18385398387908936,0.18385398387908936,0.01373014785349369,-1.6054848432540894,-0.8193805813789368,0.0,0.17012383602559566,0.17012383602559566,0.07681840658187866,0.07681840658187866,0.0576629638671875,-1.0047541856765747,-0.04556550830602646,0.0,0.019155442714691162,0.019155442714691162,0.09754447638988495,0.09754447638988495,0.12060114741325378,1.6175663471221924,1.0699825286865234,0.0,-0.023056671023368835,-0.023056671023368835,-0.1301126331090927,-0.1301126331090927,-0.061841730028390884,-1.0585658550262451,-0.12857282161712646,0.0,-0.06827090308070183,-0.06827090308070183
42,1.4,24,0,0,,4,uneven rough,6,0.0,51.78571701049805,35.54475402832031,0.3560042977333069,1.949598789215088,0.6279193758964539,1.919266700744629,0.6279193758964539,8.650312423706055,3.0300040245056152,0.5,0.6259027719497681,0.20693185925483704,0.974799394607544,0.31395968794822693,-0.32318174839019775,0.40013039112091064,0.1682133823633194,0.4759542942047119,0.44512638449668884,0.38994425535202026,-0.22622722387313843,-0.22622722387313843,0.0438113734126091,-1.2379299402236938,1.41127347946167,0.0,-0.27003859728574753,-0.27003859728574753,0.20006519556045532,0.20006519556045532,0.21233251690864563,0.23336151242256165,0.827556312084198,0.0,-0.012267321348190308,-0.012267321348190308,0.0841066911816597,0.0841066911816597,-0.02614619955420494,0.022224515676498413,-1.57301664352417,0.0,0.11025289073586464,0.11025289073586464,0.33316799998283386,0.33316799998283386,0.05984598770737648,1.2406789064407349,0.6217747330665588,0.0,0.2733220122754574,0.2733220122754574,0.22256319224834442,0.22256319224834442,0.09650183469057083,1.0372817516326904,0.22872821986675262,0.0,0.1260613575577736,0.1260613575577736,0.19497212767601013,0.19497212767601013,-0.01913677342236042,0.6619908809661865,-0.6403603553771973,0.0,0.21410890109837055,0.21410890109837055
43,1.4333333333333333,4,0,0,,4,uneven rough,5,0.0,52.26689910888672,33.29462432861328,0.325014591217041,1.7537837028503418,-0.09573637694120407,1.7537837028503418,-0.09573637694120407,9.106443405151367,0.6420733332633972,0.1666666716337204,0.07089768350124359,0.18731717765331268,0.8768918514251709,-0.047868188470602036,-0.22257709503173828,0.49079012870788574,0.4061839282512665,0.6267908811569214,-0.2298790067434311,0.4457554221153259,-0.15580396354198456,-0.15580396354198456,0.32028740644454956,-1.5150611400604248,1.7228608131408691,0.0,-0.4760913699865341,-0.4760913699865341,0.24539506435394287,0.24539506435394287,0.160782590508461,1.9919689893722534,-1.1251429319381714,0.0,0.08461247384548187,0.08461247384548187,0.20309196412563324,0.20309196412563324,0.11077991873025894,1.50679349899292,1.0210908651351929,0.0,0.0923120453953743,0.0923120453953743,0.438753604888916,0.438753604888916,0.2190793752670288,1.9925007820129395,0.3648102283477783,0.0,0.2196742296218872,0.2196742296218872,-0.36780640482902527,-0.36780640482902527,0.06955434381961823,0.019036347046494484,-0.628296971321106,0.0,-0.4373607486486435,-0.4373607486486435,0.22287771105766296,0.22287771105766296,-0.005313540808856487,2.000072717666626,-0.6492125988006592,0.0,0.22819125186651945,0.22819125186651945
43,1.4333333333333333,14,0,0,,4,uneven rough,5,0.0,51.93989181518555,35.039306640625,0.35601750016212463,1.5666640996932983,-1.0939428806304932,1.5666640996932983,-1.0939428806304932,5.237985610961914,3.554666519165039,0.5,0.39218518137931824,0.1059313416481018,0.7833320498466492,-0.5469714403152466,-0.05609852448105812,0.2831909656524658,0.4924270212650299,0.6054811477661133,0.3695676922798157,0.4299684166908264,-0.039268966764211655,-0.039268966764211655,0.09315953403711319,-1.990172266960144,1.4287550449371338,0.0,-0.13242850080132484,-0.13242850080132484,0.1415954828262329,0.1415954828262329,0.1559392362833023,-0.18147127330303192,-1.0768018960952759,0.0,-0.014343753457069397,-0.014343753457069397,0.24621351063251495,0.24621351063251495,0.05253034457564354,1.645507574081421,-1.2638453245162964,0.0,0.19368316605687141,0.19368316605687141,0.4238367974758148,0.4238367974758148,0.12176550924777985,1.9221489429473877,-0.5878925323486328,0.0,0.302071288228035,0.302071288228035,0.18478384613990784,0.18478384613990784,0.1728413701057434,0.42592260241508484,1.3795874118804932,0.0,0.011942476034164429,0.011942476034164429,0.2149842083454132,0.2149842083454132,-0.007839749567210674,0.8405600786209106,-0.6543925404548645,0.0,0.22282395791262388,0.22282395791262388
43,1.4333333333333333,24,0,0,,4,uneven rough,6,0.0,51.84503936767578,35.536354064941406,0.34827980399131775,1.9497977495193481,0.34118908643722534,1.9229259490966797,0.34118908643722534,9.77979564666748,3.3238043785095215,0.3333333432674408,0.7775790095329285,0.10499067604541779,0.9748988747596741,0.17059454321861267,0.018246762454509735,-0.10104822367429733,-0.19232848286628723,0.11497349292039871,0.5515351891517639,0.1145104169845581,0.012772733345627785,0.012772733345627785,0.0209963321685791,0.5933347344398499,-0.08659088611602783,0.0,-0.008223598822951317,-0.008223598822951317,-0.16167716681957245,-0.16167716681957245,0.19484302401542664,0.9032032489776611,0.4915975034236908,0.0,-0.3565201908349991,-0.3565201908349991,-0.09616424143314362,-0.09616424143314362,-0.07970529794692993,0.237516388297081,-0.6710644364356995,0.0,-0.016458943486213684,-0.016458943486213684,0.08048144727945328,0.08048144727945328,0.10223177075386047,0.20877477526664734,0.9717042446136475,0.0,-0.021750323474407196,-0.021750323474407196,0.27576759457588196,0.27576759457588196,0.13663922250270844,1.4632009267807007,0.6858858466148376,0.0,0.13912837207317352,0.13912837207317352,0.05725520849227905,0.05725520849227905,0.0335877351462841,2.1692943572998047,0.09599138051271439,0.0,0.02366747334599495,0.02366747334599495
44,1.4666666666666666,4,0,0,,4,uneven rough,5,0.0,52.328094482421875,33.2720832824707,0.32808855175971985,1.3004367351531982,-0.05422074720263481,1.3004367351531982,-0.05422074720263481,5.2238264083862305,3.3333334922790527,0.1666666716337204,-0.15327033400535583,0.04036235809326172,0.6502183675765991,-0.027110373601317406,-0.24537812173366547,0.580249547958374,0.3314591348171234,0.5261900424957275,0.1877215951681137,0.42260175943374634,-0.17176468670368195,-0.17176468670368195,0.2576574385166168,-1.7575657367706299,-0.10786604881286621,0.0,-0.42942212522029877,-0.42942212522029877,0.290124773979187,0.290124773979187,0.22659015655517578,1.9940075874328613,0.6372777223587036,0.0,0.06353461742401123,0.06353461742401123,0.1657295674085617,0.1657295674085617,0.1515791267156601,0.3516799807548523,1.2957080602645874,0.0,0.014150440692901611,0.014150440692901611,0.36833301186561584,0.36833301186561584,0.2868799567222595,2.000004768371582,1.2851094007492065,0.0,0.08145305514335632,0.08145305514335632,0.09386079758405685,0.09386079758405685,0.115729920566082,1.1649702787399292,-0.2622935473918915,0.0,-0.021869122982025146,-0.021869122982025146,0.21130087971687317,0.21130087971687317,0.060968875885009766,1.8745113611221313,0.848698079586029,0.0,0.1503320038318634,0.1503320038318634
44,1.4666666666666666,14,0,0,,4,uneven rough,5,0.0,51.97934341430664,35.01183319091797,0.3618119955062866,1.0616872310638428,-0.14916172623634338,1.0616872310638428,-0.14916172623634338,5.8678178787231445,1.739912748336792,0.3333333432674408,0.40360602736473083,0.0800735354423523,0.5308436155319214,-0.07458086311817169,0.38243260979652405,0.248533234000206,0.022006195038557053,0.27624255418777466,-0.1759897768497467,0.2634519636631012,0.2677028179168701,0.2677028179168701,0.12223143875598907,1.6589051485061646,-0.5043125748634338,0.0,0.14547137916088104,0.14547137916088104,0.124266617000103,0.124266617000103,0.11140512675046921,0.07071596384048462,-0.5705803632736206,0.0,0.012861490249633789,0.012861490249633789,0.011003097519278526,0.011003097519278526,0.03698933869600296,-1.6456862688064575,0.38110801577568054,0.0,-0.025986241176724434,-0.025986241176724434,0.1933697909116745,0.1933697909116745,0.15348020195960999,1.1786425113677979,0.8312894105911255,0.0,0.039889588952064514,0.039889588952064514,-0.28158363699913025,-0.28158363699913025,0.11803683638572693,-1.3207371234893799,0.8403836488723755,0.0,-0.3996204733848572,-0.3996204733848572,0.1317259818315506,0.1317259818315506,0.029462577775120735,1.2347434759140015,0.19085636734962463,0.0,0.10226340405642986,0.10226340405642986
44,1.4666666666666666,24,0,0,,4,uneven rough,6,0.0,51.904296875,35.52619934082031,0.34780997037887573,1.971442461013794,0.551478385925293,1.9303467273712158,0.551478385925293,9.684072494506836,4.138823509216309,0.3333333432674408,0.7972084879875183,0.15935181081295013,0.985721230506897,0.2757391929626465,0.1315241903066635,0.054894592612981796,0.06475013494491577,-0.21842890977859497,0.4495527148246765,-0.2340378761291504,0.0920669287443161,0.0920669287443161,0.08521999418735504,1.3968217372894287,0.29784026741981506,0.0,0.00684693455696106,0.00684693455696106,0.027447296306490898,0.027447296306490898,0.16009050607681274,-0.16926519572734833,0.724320113658905,0.0,-0.13264320977032185,-0.13264320977032185,0.032375067472457886,0.032375067472457886,-0.019685212522745132,1.1326122283935547,-0.15735122561454773,0.0,0.05206027999520302,0.05206027999520302,-0.15290023386478424,-0.15290023386478424,0.03954324871301651,-1.3457062244415283,0.5403425693511963,0.0,-0.19244348257780075,-0.19244348257780075,0.22477635741233826,0.22477635741233826,0.16564299166202545,1.3989641666412354,1.1253812313079834,0.0,0.059133365750312805,0.059133365750312805,-0.1170189380645752,-0.1170189380645752,0.0046938685700297356,-2.000131368637085,1.2682405710220337,0.0,-0.12171280663460493,-0.12171280663460493
45,1.5,4,0,0,,4,uneven rough,5,0.0,52.38991165161133,33.25407791137695,0.3279658257961273,1.2363799810409546,0.5047954320907593,1.2363799810409546,0.5047954320907593,6.660161018371582,0.09341764450073242,0.1666666716337204,-0.44206714630126953,0.07124313712120056,0.6181899905204773,0.25239771604537964,-0.3650221526622772,0.49688276648521423,-0.47532567381858826,0.5385335683822632,0.32349976897239685,0.26404279470443726,-0.25551551580429077,-0.25551551580429077,0.1903763860464096,-1.9764920473098755,-1.0406092405319214,0.0,-0.4458919018507004,-0.4458919018507004,0.24844138324260712,0.24844138324260712,0.2586890757083893,0.7260595560073853,1.4043751955032349,0.0,-0.010247692465782166,-0.010247692465782166,-0.23766283690929413,-0.23766283690929413,0.08537845313549042,-2.001145601272583,0.7619528770446777,0.0,-0.32304129004478455,-0.32304129004478455,0.3769734799861908,0.3769734799861908,0.350390762090683,1.6092182397842407,1.6893125772476196,0.0,0.026582717895507812,0.026582717895507812,0.16174988448619843,0.16174988448619843,0.14709393680095673,-0.7342391610145569,0.5446839928627014,0.0,0.0146559476852417,0.0146559476852417,0.13202139735221863,0.13202139735221863,0.08829882740974426,0.5463087558746338,1.428694725036621,0.0,0.043722569942474365,0.043722569942474365
45,1.5,14,0,0,,4,uneven rough,5,0.0,52.02190017700195,34.98762893676758,0.3745986223220825,1.3500697612762451,-0.6562748551368713,1.3500697612762451,-0.6562748551368713,7.484179496765137,1.9837818145751953,0.3333333432674408,0.5818852186203003,0.17467015981674194,0.6750348806381226,-0.32813742756843567,-0.4677518904209137,0.41687968373298645,0.49828457832336426,0.4742496907711029,0.09395647794008255,-0.0030316952615976334,-0.32742631435394287,-0.32742631435394287,0.07984952628612518,-2.1858367919921875,0.7187746167182922,0.0,-0.40727584064006805,-0.40727584064006805,0.20843984186649323,0.20843984186649323,0.1770889312028885,2.136622667312622,-0.20799027383327484,0.0,0.031350910663604736,0.031350910663604736,0.24914228916168213,0.24914228916168213,0.06645477563142776,-1.4462738037109375,-0.764845073223114,0.0,0.18268751353025436,0.18268751353025436,0.3319747745990753,0.3319747745990753,0.22206896543502808,2.016770601272583,1.0276834964752197,0.0,0.10990580916404724,0.10990580916404724,0.046978238970041275,0.046978238970041275,0.07147064059972763,-1.1532416343688965,-0.3815179169178009,0.0,-0.024492401629686356,-0.024492401629686356,-0.0015158476307988167,-0.0015158476307988167,0.05472085624933243,-0.25386402010917664,0.7810720205307007,0.0,-0.056236703880131245,-0.056236703880131245
45,1.5,24,0,0,,4,uneven rough,6,0.0,51.963958740234375,35.51190185546875,0.3538646101951599,1.9025341272354126,0.4422606825828552,1.9025341272354126,0.4422606825828552,9.80807876586914,3.956589698791504,0.3333333432674408,0.2554434835910797,0.08162068575620651,0.9512670636177063,0.2211303412914276,0.31753918528556824,-0.33204057812690735,0.08912952989339828,0.07797834277153015,0.4739500880241394,-0.34569641947746277,0.22227743268013,0.22227743268013,0.1501397043466568,1.9946763515472412,0.9192063808441162,0.0,0.0721377283334732,0.0721377283334732,-0.5312649607658386,-0.5312649607658386,0.152542844414711,1.3140537738800049,0.21908538043498993,0.0,-0.6838078051805496,-0.6838078051805496,0.04456476494669914,0.04456476494669914,0.027495844289660454,1.6471315622329712,0.5719964504241943,0.0,0.01706892065703869,0.01706892065703869,0.05458483844995499,0.05458483844995499,0.008201383985579014,-0.6895289421081543,-0.5260328054428101,0.0,0.04638345446437597,0.04638345446437597,0.2369750440120697,0.2369750440120697,0.19076058268547058,1.3730037212371826,1.2800655364990234,0.0,0.04621446132659912,0.04621446132659912,-0.17284820973873138,-0.17284820973873138,-0.049081962555646896,-1.3674744367599487,-0.5797027945518494,0.0,-0.12376624718308449,-0.12376624718308449
46,1.5333333333333332,4,0,0,,4,uneven rough,5,0.0,52.44979476928711,33.247196197509766,0.33102771639823914,1.2654545307159424,-0.3465931713581085,1.2654545307159424,-0.3465931713581085,6.354580879211426,1.5875213146209717,0.1666666716337204,-0.5676355361938477,0.04478549212217331,0.6327272653579712,-0.17329658567905426,0.05582268163561821,0.1495337188243866,0.19547976553440094,-0.03517970070242882,-0.08947956562042236,0.025607451796531677,0.03907587751746178,0.03907587751746178,0.131208598613739,-1.963812232017517,-1.5697590112686157,0.0,-0.09213272109627724,-0.09213272109627724,0.0747668594121933,0.0747668594121933,0.21769367158412933,-0.46242770552635193,1.0208543539047241,0.0,-0.14292681217193604,-0.14292681217193604,0.09773988276720047,0.09773988276720047,0.06981883943080902,1.0047125816345215,-0.8003079891204834,0.0,0.02792104333639145,0.02792104333639145,-0.024625789374113083,-0.024625789374113083,0.3332074284553528,-1.2024346590042114,1.6440271139144897,0.0,-0.35783321782946587,-0.35783321782946587,-0.14316730201244354,-0.14316730201244354,0.0626252070069313,-1.9024643898010254,-0.17842145264148712,0.0,-0.20579250901937485,-0.20579250901937485,0.012803725898265839,0.012803725898265839,0.03735917806625366,-1.4177623987197876,0.9297921061515808,0.0,-0.024555452167987823,-0.024555452167987823
46,1.5333333333333332,14,0,0,,4,uneven rough,5,0.0,52.065673828125,34.96990203857422,0.37148237228393555,1.0895789861679077,-0.22962145507335663,1.0895789861679077,-0.22962145507335663,7.123002529144287,0.8354589343070984,0.3333333432674408,0.4156382977962494,0.12853878736495972,0.5447894930839539,-0.11481072753667831,-0.23939922451972961,0.39929118752479553,-0.1225477010011673,0.5431801676750183,0.34052610397338867,0.036611150950193405,-0.16757945716381073,-0.16757945716381073,0.012699014507234097,-2.0000011920928955,-0.9234978556632996,0.0,-0.18027847167104483,-0.18027847167104483,0.19964559376239777,0.19964559376239777,0.22078126668930054,0.012829180806875229,1.1176581382751465,0.0,-0.02113567292690277,-0.02113567292690277,-0.06127385050058365,-0.06127385050058365,-0.00020523220882751048,-1.9968163967132568,-1.1501260995864868,0.0,-0.06106861829175614,-0.06106861829175614,0.38022610545158386,0.38022610545158386,0.28841444849967957,1.9881656169891357,1.586915135383606,0.0,0.0918116569519043,0.0918116569519043,0.17026305198669434,0.17026305198669434,0.11751712113618851,1.7970452308654785,-0.8178519010543823,0.0,0.05274593085050583,0.05274593085050583,0.018305575475096703,0.018305575475096703,0.015983080491423607,-0.6541534662246704,0.19591733813285828,0.0,0.0023224949836730957,0.0023224949836730957
46,1.5333333333333332,24,0,0,,4,uneven rough,6,0.0,52.02082443237305,35.5020637512207,0.3578101098537445,1.9222782850265503,1.2393865585327148,1.9211361408233643,1.2393865585327148,9.88389778137207,1.1470983028411865,0.1666666716337204,0.1565871685743332,0.09291687607765198,0.9611391425132751,0.6196932792663574,0.2319718897342682,-0.03351321071386337,-0.4222046136856079,-0.044983018189668655,0.4202984869480133,-0.09811687469482422,0.16238032281398773,0.16238032281398773,0.1810329109430313,-0.37049707770347595,1.527279019355774,0.0,-0.01865258812904358,-0.01865258812904358,-0.053621139377355576,-0.053621139377355576,0.09846670925617218,-1.4662976264953613,0.8381824493408203,0.0,-0.15208784863352776,-0.15208784863352776,-0.21110230684280396,-0.21110230684280396,-0.022103512659668922,-1.7225514650344849,1.1798797845840454,0.0,-0.18899879418313503,-0.18899879418313503,-0.03148811310529709,-0.03148811310529709,-0.025283435359597206,-0.5374430418014526,-0.6184738278388977,0.0,-0.0062046777456998825,-0.0062046777456998825,0.21014924347400665,0.21014924347400665,0.18635664880275726,0.9985095858573914,1.3326129913330078,0.0,0.02379259467124939,0.02379259467124939,-0.04905843734741211,-0.04905843734741211,-0.05862686038017273,0.9533237814903259,-1.0251103639602661,0.0,0.00956842303276062,0.00956842303276062
47,1.5666666666666667,4,0,0,,4,uneven rough,5,0.0,52.508514404296875,33.23549270629883,0.3285762667655945,1.4193508625030518,-0.7544675469398499,1.4193508625030518,-0.7544675469398499,4.68787956237793,2.3015873432159424,0.3333333432674408,-0.3945385813713074,0.15053772926330566,0.7096754312515259,-0.3772337734699249,0.3959777355194092,0.03876211866736412,0.4767986834049225,0.12608404457569122,-0.10038130730390549,-0.3893146514892578,0.277184396982193,0.277184396982193,0.17310628294944763,1.999955177307129,-1.7925573587417603,0.0,0.10407811403274536,0.10407811403274536,0.01938105933368206,0.01938105933368206,0.1554127186536789,-1.9421991109848022,0.18220402300357819,0.0,-0.13603165931999683,-0.13603165931999683,0.23839934170246124,0.23839934170246124,0.13454462587833405,1.9916962385177612,0.22025388479232788,0.0,0.1038547158241272,0.1038547158241272,0.08825883269309998,0.08825883269309998,0.2631168067455292,-1.8671377897262573,0.03463253751397133,0.0,-0.1748579740524292,-0.1748579740524292,-0.16061009466648102,-0.16061009466648102,-0.008361597545444965,-1.832827091217041,-1.1531983613967896,0.0,-0.15224849712103605,-0.15224849712103605,-0.1946573257446289,-0.1946573257446289,-0.01022299099713564,-0.7984458804130554,-0.39751940965652466,0.0,-0.18443433474749327,-0.18443433474749327
47,1.5666666666666667,14,0,0,,4,uneven rough,5,0.0,52.10486602783203,34.94944763183594,0.36119353771209717,0.9258502721786499,-0.34670430421829224,0.9258502721786499,-0.34670430421829224,4.70862340927124,0.0,0.0,0.4993305206298828,0.14982563257217407,0.46292513608932495,-0.17335215210914612,0.5140182375907898,0.17870385944843292,0.014944109134376049,0.18573004007339478,-0.009030520915985107,0.3016321659088135,0.35981276631355286,0.35981276631355286,0.07689277827739716,1.898048758506775,-1.5321547985076904,0.0,0.2829199880361557,0.2829199880361557,0.08935192972421646,0.08935192972421646,0.15423445403575897,-1.996515154838562,0.49298587441444397,0.0,-0.06488252431154251,-0.06488252431154251,0.0074720545671880245,0.0074720545671880245,0.021413607522845268,1.9874768257141113,-1.628846287727356,0.0,-0.013941552955657244,-0.013941552955657244,0.13001102209091187,0.13001102209091187,0.22763782739639282,-2.000192165374756,1.813782811164856,0.0,-0.09762680530548096,-0.09762680530548096,-0.014448833651840687,-0.014448833651840687,0.06627195328474045,-1.7047343254089355,0.6606156229972839,0.0,-0.08072078693658113,-0.08072078693658113,0.15081608295440674,0.15081608295440674,0.06602068990468979,0.843586802482605,-0.2847142219543457,0.0,0.08479539304971695,0.08479539304971695
47,1.5666666666666667,24,0,0,,4,uneven rough,6,0.0,52.0805549621582,35.490230560302734,0.3573390543460846,1.9491119384765625,1.2179495096206665,1.9379868507385254,1.2179495096206665,10.134355545043945,0.9091943502426147,0.1666666716337204,0.1406635046005249,0.18697862327098846,0.9745559692382812,0.6089747548103333,0.6133004426956177,-0.0790264755487442,-0.2602744996547699,0.15385973453521729,0.5759319067001343,-0.2052944004535675,0.42931029200553894,0.42931029200553894,0.22308272123336792,1.3436014652252197,0.4542730152606964,0.0,0.20622757077217102,0.20622757077217102,-0.12644235789775848,-0.12644235789775848,0.06550997495651245,-0.5235787630081177,-0.4647746980190277,0.0,-0.19195233285427094,-0.19195233285427094,-0.13013724982738495,-0.13013724982738495,-0.06861725449562073,-0.23565438389778137,-0.4611600637435913,0.0,-0.06151999533176422,-0.06151999533176422,0.10770181566476822,0.10770181566476822,-0.004649647045880556,1.7195481061935425,-0.572658896446228,0.0,0.11235146271064878,0.11235146271064878,0.28796595335006714,0.28796595335006714,0.22851642966270447,1.944690465927124,1.1437103748321533,0.0,0.05944952368736267,0.05944952368736267,-0.10264720022678375,-0.10264720022678375,-0.10709039866924286,-0.7786511778831482,0.09349983930587769,0.0,0.0044431984424591064,0.0044431984424591064
48,1.6,4,0,0,,4,uneven rough,5,0.0,52.57038879394531,33.228878021240234,0.3135390281677246,1.3107781410217285,-1.2238576412200928,1.3107781410217285,-1.2238576412200928,3.127739667892456,1.0029666423797607,0.1666666716337204,-0.5943794250488281,0.1597714126110077,0.6553890705108643,-0.6119288206100464,0.1273249238729477,-0.07570067793130875,0.6456397771835327,0.20167768001556396,0.25000444054603577,-0.3812851905822754,0.08912744373083115,0.08912744373083115,0.15287213027477264,-1.9421437978744507,0.35173600912094116,0.0,-0.0637446865439415,-0.0637446865439415,-0.12112108618021011,-0.12112108618021011,0.10765091329813004,-1.7734099626541138,-1.018937349319458,0.0,-0.22877199947834015,-0.22877199947834015,0.32281988859176636,0.32281988859176636,0.12093440443277359,-0.5303559899330139,1.2218306064605713,0.0,0.20188548415899277,0.20188548415899277,0.14117437601089478,0.14117437601089478,0.20772410929203033,-1.7850522994995117,-1.0406317710876465,0.0,-0.06654973328113556,-0.06654973328113556,0.12500222027301788,0.12500222027301788,0.04665864631533623,1.9472002983093262,-1.5374616384506226,0.0,0.07834357395768166,0.07834357395768166,-0.1906425952911377,-0.1906425952911377,-0.059911951422691345,-1.3113131523132324,-0.6242039203643799,0.0,-0.13073064386844635,-0.13073064386844635
48,1.6,14,0,0,,4,uneven rough,5,0.0,52.14878845214844,34.935386657714844,0.35901060700416565,1.6696418523788452,-0.8902667760848999,1.6696418523788452,-0.8902667760848999,6.317830562591553,2.491629123687744,0.3333333432674408,0.6585911512374878,0.19607436656951904,0.8348209261894226,-0.44513338804244995,0.12488408386707306,0.38510945439338684,0.18449711799621582,0.09394192695617676,-0.05505524203181267,-0.3858269453048706,0.08741885423660278,0.08741885423660278,0.11559977382421494,0.3984522819519043,0.40728843212127686,0.0,-0.028180919587612152,-0.028180919587612152,0.19255472719669342,0.19255472719669342,0.1510804146528244,0.6631177663803101,-0.9145824909210205,0.0,0.04147431254386902,0.04147431254386902,0.09224855899810791,0.09224855899810791,0.05452169477939606,-0.08332029730081558,0.41582930088043213,0.0,0.03772686421871185,0.03772686421871185,0.06575934588909149,0.06575934588909149,0.1644134670495987,-1.8438971042633057,-0.34264546632766724,0.0,-0.0986541211605072,-0.0986541211605072,-0.08808838576078415,-0.08808838576078415,0.025803139433264732,-0.6366744637489319,-0.6767574548721313,0.0,-0.11389152519404888,-0.11389152519404888,-0.1929134726524353,-0.1929134726524353,0.016476212069392204,-0.9902712106704712,0.35322919487953186,0.0,-0.2093896847218275,-0.2093896847218275
48,1.6,24,0,0,,4,uneven rough,6,0.0,52.139854431152344,35.48111343383789,0.3531833291053772,1.9603471755981445,1.0516092777252197,1.9126741886138916,1.0516092777252197,6.218997001647949,0.9455458521842957,0.3333333432674408,0.18157660961151123,0.133991539478302,0.9801735877990723,0.5258046388626099,0.22953882813453674,-0.24530218541622162,-0.1858745813369751,0.26318323612213135,0.5020250678062439,0.10831496119499207,0.16067717969417572,0.16067717969417572,0.19004693627357483,-1.5926152467727661,0.9571009278297424,0.0,-0.02936975657939911,-0.02936975657939911,-0.39248350262641907,-0.39248350262641907,5.653670541505562e-06,-1.763529658317566,-0.4980226159095764,0.0,-0.3924891562969606,-0.3924891562969606,-0.09293729066848755,-0.09293729066848755,-0.07004669308662415,-0.3512345254421234,-0.33365875482559204,0.0,-0.022890597581863403,-0.022890597581863403,0.18422825634479523,0.18422825634479523,0.06552496552467346,1.9668354988098145,0.7233590483665466,0.0,0.11870329082012177,0.11870329082012177,0.25101253390312195,0.25101253390312195,0.2543086111545563,0.3723864257335663,1.596585988998413,0.0,-0.003296077251434326,-0.003296077251434326,0.05415748059749603,0.05415748059749603,-0.0488092303276062,1.4309738874435425,-0.39961591362953186,0.0,0.10296671092510223,0.10296671092510223
49,1.6333333333333333,4,0,0,,4,uneven rough,5,0.0,52.629642486572266,33.217506408691406,0.3056027591228485,0.8663739562034607,-0.6583873629570007,0.8663739562034607,-0.6583873629570007,2.334256172180176,3.9377694129943848,0.5,-0.3035004436969757,0.277667760848999,0.43318697810173035,-0.32919368147850037,0.9233479499816895,0.020187975838780403,0.17753368616104126,0.23177586495876312,0.058011192828416824,0.15470287203788757,0.6463435292243958,0.6463435292243958,0.18117105960845947,1.4373250007629395,-0.9452277421951294,0.0,0.4651724696159363,0.4651724696159363,0.010093987919390202,0.010093987919390202,0.04219191148877144,-1.946760892868042,-1.4455175399780273,0.0,-0.03209792356938124,-0.03209792356938124,0.08876684308052063,0.08876684308052063,0.08001586049795151,-1.0145366191864014,0.23114114999771118,0.0,0.008750982582569122,0.008750982582569122,0.1622430980205536,0.1622430980205536,0.14313213527202606,-1.1503223180770874,-1.4615284204483032,0.0,0.019110962748527527,0.019110962748527527,0.029005596414208412,0.029005596414208412,0.02442230097949505,-0.7668997645378113,0.4327724575996399,0.0,0.004583295434713364,0.004583295434713364,0.07735143601894379,0.07735143601894379,-0.004749078769236803,2.0000009536743164,-1.0126967430114746,0.0,0.08210051478818059,0.08210051478818059
49,1.6333333333333333,14,0,0,,4,uneven rough,5,0.0,52.19359588623047,34.91670227050781,0.34990060329437256,0.4430454969406128,-0.15440236032009125,0.4430454969406128,-0.15440236032009125,0.8330127000808716,5.169381618499756,0.3333333432674408,0.5592460632324219,0.10878020524978638,0.2215227484703064,-0.07720118016004562,0.40576818585395813,0.0386090986430645,0.3325681984424591,0.15706701576709747,0.12248430401086807,-0.37074288725852966,0.2840377390384674,0.2840377390384674,0.18071848154067993,1.8853155374526978,0.4022924602031708,0.0,0.10331925749778748,0.10331925749778748,0.01930454932153225,0.01930454932153225,0.09474575519561768,-1.897854208946228,-0.022547924891114235,0.0,-0.07544120587408543,-0.07544120587408543,0.16628409922122955,0.16628409922122955,0.1069372221827507,1.4069538116455078,0.13360923528671265,0.0,0.05934687703847885,0.05934687703847885,0.10994690656661987,0.10994690656661987,0.10984795540571213,-0.6657761335372925,-1.1914558410644531,0.0,9.895116090774536e-05,9.895116090774536e-05,0.061242152005434036,0.061242152005434036,0.028056111186742783,1.795360803604126,-0.6540944576263428,0.0,0.033186040818691254,0.033186040818691254,-0.18537144362926483,-0.18537144362926483,-0.016199400648474693,-0.8710153698921204,-0.4063883423805237,0.0,-0.16917204298079014,-0.16917204298079014
49,1.6333333333333333,24,0,0,,4,uneven rough,6,0.0,52.19984436035156,35.475433349609375,0.3483178913593292,1.8865796327590942,0.7601414918899536,1.8865796327590942,0.7601414918899536,8.853515625,2.4881739616394043,0.3333333432674408,0.0860486626625061,0.24163371324539185,0.9432898163795471,0.3800707459449768,0.3142847716808319,-0.1661665141582489,-0.08094441145658493,0.11866398900747299,0.2557435929775238,0.13455229997634888,0.21999934315681458,0.21999934315681458,0.20713858306407928,1.1927896738052368,-0.48451316356658936,0.0,0.01286076009273529,0.01286076009273529,-0.2658664286136627,-0.2658664286136627,-0.06648068130016327,-2.0000009536743164,-1.2135425806045532,0.0,-0.19938574731349945,-0.19938574731349945,-0.040472205728292465,-0.040472205728292465,-0.04303155094385147,0.8720223903656006,-0.34359613060951233,0.0,0.0025593452155590057,0.0025593452155590057,0.08306479454040527,0.08306479454040527,0.07835665345191956,0.09140285849571228,1.4264228343963623,0.0,0.004708141088485718,0.004708141088485718,0.1278717964887619,0.1278717964887619,0.19816040992736816,-1.9997551441192627,0.904421329498291,0.0,-0.07028861343860626,-0.07028861343860626,0.06727614998817444,0.06727614998817444,0.018345501273870468,1.9751111268997192,0.6354028582572937,0.0,0.04893064871430397,0.04893064871430397
50,1.6666666666666667,4,0,0,,4,uneven rough,5,0.0,52.690147399902344,33.20261001586914,0.29309922456741333,1.366493821144104,-1.1316766738891602,1.366493821144104,-1.1316766738891602,7.2588348388671875,0.0,0.0,-0.5459070205688477,0.28847619891166687,0.683246910572052,-0.5658383369445801,0.1676742434501648,0.12747444212436676,0.4908175468444824,0.5399249792098999,0.5235268473625183,-0.1496412307024002,0.11737196892499924,0.11737196892499924,0.12324494123458862,-1.723543405532837,0.40187183022499084,0.0,-0.005872972309589386,-0.005872972309589386,0.06373722106218338,0.06373722106218338,0.07805682718753815,0.15249556303024292,-1.7289214134216309,0.0,-0.014319606125354767,-0.014319606125354767,0.2454087734222412,0.2454087734222412,0.09351235628128052,-0.0684998482465744,-0.4731673002243042,0.0,0.1518964171409607,0.1518964171409607,0.37794747948646545,0.37794747948646545,0.2054963856935501,1.8699203729629517,-1.2855719327926636,0.0,0.17245109379291534,0.17245109379291534,0.26176342368125916,0.26176342368125916,0.08977822214365005,1.2781825065612793,-0.24552437663078308,0.0,0.1719852015376091,0.1719852015376091,-0.0748206153512001,-0.0748206153512001,-0.04049372673034668,0.04439285397529602,0.6906879544258118,0.0,-0.034326888620853424,-0.034326888620853424
50,1.6666666666666667,14,0,0,,4,uneven rough,5,0.0,52.2403678894043,34.89607238769531,0.3367074131965637,0.743084192276001,0.08383624255657196,0.743084192276001,0.08383624255657196,1.4042695760726929,4.446591854095459,0.3333333432674408,0.6273996233940125,0.23076455295085907,0.3715420961380005,0.04191812127828598,0.37274599075317383,0.11200612038373947,0.30726897716522217,0.0602070614695549,0.4330885708332062,-0.500114381313324,0.2609221935272217,0.2609221935272217,0.24194985628128052,1.8068026304244995,1.2407963275909424,0.0,0.018972337245941162,0.018972337245941162,0.056003060191869736,0.056003060191869736,0.04921168461441994,-1.1871126890182495,-1.0828495025634766,0.0,0.006791375577449799,0.006791375577449799,0.15363448858261108,0.15363448858261108,0.11264733970165253,-0.5068960785865784,0.8535605669021606,0.0,0.04098714888095856,0.04098714888095856,0.04214494302868843,0.04214494302868843,0.0641772598028183,-1.3924700021743774,-0.8942356109619141,0.0,-0.022032316774129868,-0.022032316774129868,0.2165442854166031,0.2165442854166031,0.0988444834947586,1.9629673957824707,0.7308319211006165,0.0,0.11769980192184448,0.11769980192184448,-0.250057190656662,-0.250057190656662,-0.051243994385004044,-0.8296594023704529,-0.6690893173217773,0.0,-0.19881319627165794,-0.19881319627165794
50,1.6666666666666667,24,0,0,,4,uneven rough,6,0.0,52.254539489746094,35.475975036621094,0.34850919246673584,1.897037148475647,0.02046871930360794,1.897037148475647,0.02046871930360794,10.013721466064453,0.0,0.0,0.04818897694349289,0.273516982793808,0.9485185742378235,0.01023435965180397,0.17915476858615875,-0.010028033517301083,0.1360170990228653,0.3128270208835602,0.2515544593334198,-0.34346672892570496,0.125408336520195,0.125408336520195,0.15040944516658783,-1.9991445541381836,0.4638368785381317,0.0,-0.025001108646392822,-0.025001108646392822,-0.016044853255152702,-0.016044853255152702,-0.05250103399157524,1.2723628282546997,-1.6582075357437134,0.0,0.03645618073642254,0.03645618073642254,0.06800854951143265,0.06800854951143265,0.015877364203333855,1.9989945888519287,0.3437167704105377,0.0,0.05213118530809879,0.05213118530809879,0.2189789116382599,0.2189789116382599,0.139418825507164,1.994181513786316,0.6716001033782959,0.0,0.07956008613109589,0.07956008613109589,0.1257772296667099,0.1257772296667099,0.17187272012233734,-1.7498260736465454,-0.7376052737236023,0.0,-0.04609549045562744,-0.04609549045562744,-0.17173336446285248,-0.17173336446285248,-0.005483223125338554,-1.461347222328186,1.3928762674331665,0.0,-0.16625014133751392,-0.16625014133751392
51,1.7,4,0,0,,4,uneven rough,5,0.0,52.74858093261719,33.18034362792969,0.28681260347366333,0.6869538426399231,-0.5931999087333679,0.6869538426399231,-0.5931999087333679,4.031739234924316,2.085606098175049,0.5,-0.35405033826828003,0.24417316913604736,0.34347692131996155,-0.29659995436668396,0.6890777349472046,0.28947314620018005,-0.2680928409099579,0.5862537026405334,0.17255084216594696,0.5687333941459656,0.48235440254211426,0.48235440254211426,0.16148175299167633,1.862679362297058,-0.7998417615890503,0.0,0.3208726495504379,0.3208726495504379,0.14473657310009003,0.14473657310009003,0.10421192646026611,0.7885494828224182,-0.6651648879051208,0.0,0.040524646639823914,0.040524646639823914,-0.13404642045497894,-0.13404642045497894,0.03057493083178997,-1.9957420825958252,-0.2443675994873047,0.0,-0.1646213512867689,-0.1646213512867689,0.4103775918483734,0.4103775918483734,0.2662941813468933,1.9868470430374146,0.49854910373687744,0.0,0.1440834105014801,0.1440834105014801,0.08627542108297348,0.08627542108297348,0.12739361822605133,-0.3234139084815979,0.6159822344779968,0.0,-0.04111819714307785,-0.04111819714307785,0.2843666970729828,0.2843666970729828,-0.046556342393159866,0.6098315715789795,0.3252715468406677,0.0,0.33092303946614265,0.33092303946614265
51,1.7,14,0,0,,4,uneven rough,5,0.0,52.28531265258789,34.8687629699707,0.328336238861084,1.4138448238372803,-0.8555721640586853,1.4138448238372803,-0.8555721640586853,2.8701705932617188,4.994601726531982,0.3333333432674408,0.23465955257415771,0.15628474950790405,0.7069224119186401,-0.42778608202934265,0.6088418364524841,-0.14531266689300537,0.49068814516067505,0.47545111179351807,0.5029469132423401,-0.06052020937204361,0.42618927359580994,0.42618927359580994,0.3036912977695465,1.6274316310882568,1.5608173608779907,0.0,0.12249797582626343,0.12249797582626343,-0.23250027000904083,-0.23250027000904083,0.014976666308939457,0.9981139302253723,-1.141800045967102,0.0,-0.2474769363179803,-0.2474769363179803,0.24534407258033752,0.24534407258033752,0.15189871191978455,0.7013986706733704,0.08435593545436859,0.0,0.09344536066055298,0.09344536066055298,0.3328157663345337,0.3328157663345337,0.09134993702173233,1.224974513053894,-1.1759382486343384,0.0,0.24146582931280136,0.24146582931280136,0.25147345662117004,0.25147345662117004,0.16211017966270447,1.9985562562942505,1.4274835586547852,0.0,0.08936327695846558,0.08936327695846558,-0.030260104686021805,-0.030260104686021805,-0.040794018656015396,0.9649285674095154,-0.7598759531974792,0.0,0.010533913969993591,0.010533913969993591
51,1.7,24,0,0,,4,uneven rough,6,0.0,52.30569839477539,35.477420806884766,0.33526360988616943,1.9049713611602783,0.567882239818573,1.9049713611602783,0.567882239818573,10.500112533569336,0.013825039379298687,0.1666666716337204,0.27343541383743286,0.1974761188030243,0.9524856805801392,0.2839411199092865,0.24235574901103973,-0.08553250133991241,-0.12552998960018158,0.48649248480796814,0.35406824946403503,-0.11531546711921692,0.16964901983737946,0.16964901983737946,0.14085523784160614,0.41176944971084595,-0.928737223148346,0.0,0.028793781995773315,0.028793781995773315,-0.13685201108455658,-0.13685201108455658,-0.09977102279663086,-0.6251797080039978,-0.0012577868765220046,0.0,-0.03708098828792572,-0.03708098828792572,-0.06276499480009079,-0.06276499480009079,-0.033851489424705505,1.954197883605957,1.2796138525009155,0.0,-0.028913505375385284,-0.028913505375385284,0.340544730424881,0.340544730424881,0.19813431799411774,1.999678611755371,1.4193899631500244,0.0,0.14241041243076324,0.14241041243076324,0.17703412473201752,0.17703412473201752,0.13442488014698029,1.3448591232299805,-1.3099167346954346,0.0,0.04260924458503723,0.04260924458503723,-0.05765773355960846,-0.05765773355960846,-0.06332914531230927,1.9142652750015259,-0.22090677917003632,0.0,0.005671411752700806,0.005671411752700806
52,1.7333333333333334,4,0,0,,4,uneven rough,5,0.0,52.80459976196289,33.16002655029297,0.2923775613307953,1.5967026948928833,0.08467383682727814,1.5967026948928833,0.08467383682727814,8.2669095993042,1.0706086158752441,0.1666666716337204,-0.06655746698379517,0.37770944833755493,0.7983513474464417,0.04233691841363907,-0.4822661578655243,0.504801869392395,0.675603985786438,0.6005359292030334,-0.23007847368717194,0.009972860105335712,-0.33758631348609924,-0.33758631348609924,0.13512253761291504,-1.9536874294281006,0.7055524587631226,0.0,-0.4727088510990143,-0.4727088510990143,0.2524009346961975,0.2524009346961975,0.16803130507469177,2.0000057220458984,0.1567678302526474,0.0,0.08436962962150574,0.08436962962150574,0.337801992893219,0.337801992893219,0.07791531831026077,1.125980019569397,-1.23459792137146,0.0,0.2598866745829582,0.2598866745829582,0.42037513852119446,0.42037513852119446,0.33205825090408325,2.0109684467315674,1.3400354385375977,0.0,0.0883168876171112,0.0883168876171112,-0.3681255578994751,-0.3681255578994751,0.11467526108026505,-0.5184184312820435,0.08484598249197006,0.0,-0.48280081897974014,-0.48280081897974014,0.004986430052667856,0.004986430052667856,0.016265887767076492,1.8673769235610962,0.48616230487823486,0.0,-0.011279457714408636,-0.011279457714408636
52,1.7333333333333334,14,0,0,,4,uneven rough,5,0.0,52.332366943359375,34.85015106201172,0.3379918336868286,1.4965581893920898,0.8157381415367126,1.4965581893920898,0.8157381415367126,2.641223907470703,4.324940204620361,0.5,-0.32583603262901306,0.21469536423683167,0.7482790946960449,0.4078690707683563,-0.5914868116378784,0.3380153477191925,0.09156152606010437,0.731253981590271,0.35103297233581543,0.5006356239318848,-0.41404077410697937,-0.41404077410697937,0.26089903712272644,-1.9115694761276245,1.5984811782836914,0.0,-0.6749398112297058,-0.6749398112297058,0.16900767385959625,0.16900767385959625,0.07777397334575653,1.8210978507995605,0.06811115145683289,0.0,0.09123370051383972,0.09123370051383972,0.045780763030052185,0.045780763030052185,0.09828387200832367,-1.9949885606765747,0.43323299288749695,0.0,-0.052503108978271484,-0.052503108978271484,0.5118777751922607,0.5118777751922607,0.15574534237384796,1.517349123954773,0.18154212832450867,0.0,0.3561324328184128,0.3561324328184128,0.17551648616790771,0.17551648616790771,0.20620116591453552,0.6965211033821106,1.7503690719604492,0.0,-0.030684679746627808,-0.030684679746627808,0.2503178119659424,0.2503178119659424,-0.013499139808118343,1.3021252155303955,0.21533161401748657,0.0,0.2638169517740607,0.2638169517740607
52,1.7333333333333334,24,0,0,,4,uneven rough,6,0.0,52.3582878112793,35.46989059448242,0.3288213610649109,1.9343063831329346,1.0869615077972412,1.9020076990127563,1.0869615077972412,9.867321014404297,2.935368299484253,0.1666666716337204,-0.0775182843208313,0.2125607430934906,0.9671531915664673,0.5434807538986206,-0.3642416000366211,0.2231626957654953,-0.09568589180707932,0.16120971739292145,0.07807879894971848,0.38870108127593994,-0.25496912002563477,-0.25496912002563477,0.10555773228406906,-0.944951057434082,-0.17081235349178314,0.0,-0.3605268523097038,-0.3605268523097038,0.11158134788274765,0.11158134788274765,-0.057972874492406845,1.8044836521148682,-0.35402435064315796,0.0,0.1695542223751545,0.1695542223751545,-0.04784294590353966,-0.04784294590353966,-0.028741037473082542,-0.28420862555503845,1.6610249280929565,0.0,-0.019101908430457115,-0.019101908430457115,0.11284679919481277,0.11284679919481277,0.2160979062318802,-1.3038455247879028,1.7474862337112427,0.0,-0.10325110703706741,-0.10325110703706741,0.03903939947485924,0.03903939947485924,0.108490489423275,-2.000014305114746,0.19109827280044556,0.0,-0.06945108994841576,-0.06945108994841576,0.19435054063796997,0.19435054063796997,-0.01290922611951828,1.3116730451583862,0.9863232970237732,0.0,0.20725976675748825,0.20725976675748825
53,1.7666666666666666,4,0,0,,4,uneven rough,5,0.0,52.856971740722656,33.14840316772461,0.30248573422431946,1.2460383176803589,-0.18012076616287231,1.2460383176803589,-0.18012076616287231,7.243951797485352,1.7816810607910156,0.1666666716337204,0.07291720807552338,0.25193917751312256,0.6230191588401794,-0.09006038308143616,-0.4959184229373932,0.7003024816513062,0.3102063834667206,0.68016517162323,-0.08728817105293274,0.01783977821469307,-0.34714290499687195,-0.34714290499687195,0.07603920996189117,-1.607485294342041,-0.7979865670204163,0.0,-0.4231821149587631,-0.4231821149587631,0.3501512408256531,0.3501512408256531,0.23390032351016998,1.9319734573364258,1.1989378929138184,0.0,0.1162509173154831,0.1162509173154831,0.1551031917333603,0.1551031917333603,0.09728033095598221,0.5588935613632202,0.1000770851969719,0.0,0.05782286077737808,0.05782286077737808,0.4761156141757965,0.4761156141757965,0.39155763387680054,1.9276700019836426,1.7193821668624878,0.0,0.08455798029899597,0.08455798029899597,-0.13966107368469238,-0.13966107368469238,0.08123175799846649,-0.8012985587120056,-0.2562407851219177,0.0,-0.22089283168315887,-0.22089283168315887,0.008919889107346535,0.008919889107346535,0.04084755852818489,0.536048173904419,1.2671035528182983,0.0,-0.031927669420838356,-0.031927669420838356
53,1.7666666666666666,14,0,0,,4,uneven rough,5,0.0,52.375999450683594,34.832942962646484,0.338245689868927,1.356261968612671,-0.03410736471414566,1.356261968612671,-0.03410736471414566,7.485513210296631,1.7209371328353882,0.3333333432674408,-0.557538628578186,0.1282517910003662,0.6781309843063354,-0.01705368235707283,-0.028191812336444855,0.06127820163965225,-0.09202393144369125,0.2468760460615158,0.5483384132385254,0.20360833406448364,-0.019734269008040428,-0.019734269008040428,0.19924350082874298,-0.9430399537086487,-0.3861077129840851,0.0,-0.2189777698367834,-0.2189777698367834,0.030639100819826126,0.030639100819826126,0.061157211661338806,-0.18756265938282013,1.0592529773712158,0.0,-0.03051811084151268,-0.03051811084151268,-0.04601196572184563,-0.04601196572184563,0.03032512031495571,-1.9999362230300903,-0.9396878480911255,0.0,-0.07633708603680134,-0.07633708603680134,0.17281323671340942,0.17281323671340942,0.18204617500305176,-0.7466660737991333,0.936809778213501,0.0,-0.009232938289642334,-0.009232938289642334,0.2741692066192627,0.2741692066192627,0.23982609808444977,0.9571914076805115,1.1545215845108032,0.0,0.03434310853481293,0.03434310853481293,0.10180416703224182,0.10180416703224182,0.04785427078604698,1.2717312574386597,0.8298066854476929,0.0,0.05394989624619484,0.05394989624619484
53,1.7666666666666666,24,0,0,,4,uneven rough,6,0.0,52.41447830200195,35.47373962402344,0.31936368346214294,1.7709389925003052,0.6099671125411987,1.7709389925003052,0.6099671125411987,7.875426292419434,0.10168790817260742,0.1666666716337204,-0.11340825259685516,0.11950330436229706,0.8854694962501526,0.30498355627059937,-0.1085895374417305,0.19127066433429718,0.044177234172821045,0.04499608650803566,0.39382877945899963,-0.42218783497810364,-0.07601267844438553,-0.07601267844438553,0.04739962890744209,-1.4933302402496338,-0.608511745929718,0.0,-0.12341230735182762,-0.12341230735182762,0.09563533216714859,0.09563533216714859,0.008597380481660366,1.67121160030365,0.8663999438285828,0.0,0.08703795168548822,0.08703795168548822,0.022088617086410522,0.022088617086410522,0.002828489523380995,0.466913640499115,0.5611863732337952,0.0,0.019260127563029528,0.019260127563029528,0.03149725869297981,0.03149725869297981,0.15455834567546844,-1.4994628429412842,0.022257773205637932,0.0,-0.12306108698248863,-0.12306108698248863,0.19691438972949982,0.19691438972949982,0.1461249440908432,1.9388431310653687,-1.0477607250213623,0.0,0.050789445638656616,0.050789445638656616,-0.21109391748905182,-0.21109391748905182,0.007028394378721714,0.04019875079393387,1.1702766418457031,0.0,-0.21812231186777353,-0.21812231186777353
54,1.8,4,0,0,,4,uneven rough,5,0.0,52.912357330322266,33.13998031616211,0.3142051100730896,0.9549425840377808,-0.2250535935163498,0.9549425840377808,-0.2250535935163498,6.470329284667969,2.223531484603882,0.3333333432674408,0.19775855541229248,0.21879546344280243,0.4774712920188904,-0.1125267967581749,-0.4484475255012512,0.5916705131530762,0.42119157314300537,0.5396618843078613,-0.13214050233364105,0.055616434663534164,-0.3139132559299469,-0.3139132559299469,0.029500477015972137,-1.1533902883529663,-1.255678653717041,0.0,-0.34341373294591904,-0.34341373294591904,0.2958352565765381,0.2958352565765381,0.27910223603248596,1.4249542951583862,1.613397479057312,0.0,0.016733020544052124,0.016733020544052124,0.21059578657150269,0.21059578657150269,0.14315266907215118,1.6178556680679321,0.3594927489757538,0.0,0.0674431174993515,0.0674431174993515,0.3777633011341095,0.3777633011341095,0.406479150056839,-0.7972502708435059,1.8371485471725464,0.0,-0.028715848922729492,-0.028715848922729492,-0.2114248126745224,-0.2114248126745224,0.05362061411142349,-0.26701390743255615,-0.5644174218177795,0.0,-0.2650454267859459,-0.2650454267859459,0.027808217331767082,0.027808217331767082,0.07666205614805222,0.780642032623291,0.8537635207176208,0.0,-0.04885383881628513,-0.04885383881628513
54,1.8,14,0,0,,4,uneven rough,5,0.0,52.41938400268555,34.81881332397461,0.3444828987121582,1.2085952758789062,-0.4011063575744629,1.2085952758789062,-0.4011063575744629,5.371819972991943,2.7808539867401123,0.3333333432674408,-0.41350477933883667,0.16074985265731812,0.6042976379394531,-0.20055317878723145,0.4031969904899597,-0.16938525438308716,0.5206096768379211,0.1497679203748703,0.24446286261081696,-0.06874152272939682,0.2822378873825073,0.2822378873825073,0.2503144443035126,1.9574718475341797,-0.7009981870651245,0.0,0.03192344307899475,0.03192344307899475,-0.2710164189338684,-0.2710164189338684,0.014168931171298027,-0.5934922099113464,0.35430118441581726,0.0,-0.28518535010516644,-0.28518535010516644,0.26030483841896057,0.26030483841896057,0.07063405215740204,1.955267310142517,-1.5391541719436646,0.0,0.18967078626155853,0.18967078626155853,0.10483754426240921,0.10483754426240921,0.1124633401632309,-1.7954179048538208,-0.015030492097139359,0.0,-0.007625795900821686,-0.007625795900821686,0.12223143130540848,0.12223143130540848,0.17520266771316528,-1.8928683996200562,1.0429507493972778,0.0,-0.052971236407756805,-0.052971236407756805,-0.03437076136469841,-0.03437076136469841,0.04627692699432373,-1.0781100988388062,1.0796716213226318,0.0,-0.08064768835902214,-0.08064768835902214
54,1.8,24,0,0,,4,uneven rough,6,0.0,52.47209167480469,35.46891403198242,0.3225252628326416,1.9247883558273315,-0.2691488564014435,1.9247336387634277,-0.2691488564014435,8.661552429199219,7.522246360778809,0.6666666865348816,-0.06744992733001709,0.19083461165428162,0.9623941779136658,-0.13457442820072174,0.5642313361167908,-0.28675907850265503,-0.38895222544670105,0.01013004407286644,0.5193948745727539,-0.3585684895515442,0.3949619233608246,0.3949619233608246,0.09573673456907272,1.973668098449707,-1.1087896823883057,0.0,0.29922518879175186,0.29922518879175186,-0.4588145315647125,-0.4588145315647125,0.021214911714196205,1.0502090454101562,1.321441888809204,0.0,-0.48002944327890873,-0.48002944327890873,-0.19447611272335052,-0.19447611272335052,-0.03171432390809059,-1.4567989110946655,0.5078843832015991,0.0,-0.16276178881525993,-0.16276178881525993,0.007091030944138765,0.007091030944138765,0.0865485891699791,-1.9641098976135254,-0.8381257653236389,0.0,-0.07945755822584033,-0.07945755822584033,0.25969743728637695,0.25969743728637695,0.17805594205856323,1.9818272590637207,0.6408704519271851,0.0,0.08164149522781372,0.08164149522781372,-0.1792842447757721,-0.1792842447757721,-0.025329062715172768,-0.2973344326019287,0.531328558921814,0.0,-0.15395518206059933,-0.15395518206059933
55,1.8333333333333333,4,0,0,,4,uneven rough,5,0.0,52.965885162353516,33.14274597167969,0.30974888801574707,0.9139710068702698,-0.30830371379852295,0.9139710068702698,-0.30830371379852295,3.3015823364257812,3.738161087036133,0.3333333432674408,0.2219228744506836,0.21772634983062744,0.4569855034351349,-0.15415185689926147,-0.08721830695867538,0.4309072196483612,0.5258309245109558,0.14329548180103302,0.14167138934135437,-0.38784217834472656,-0.06105281412601471,-0.06105281412601471,-0.030379770323634148,-1.9107129573822021,-1.1978446245193481,0.0,-0.030673043802380562,-0.030673043802380562,0.2154536098241806,0.2154536098241806,0.22808639705181122,-2.0072765350341797,1.506851315498352,0.0,-0.012632787227630615,-0.012632787227630615,0.2629154622554779,0.2629154622554779,0.19044332206249237,0.1606857180595398,1.0709733963012695,0.0,0.07247214019298553,0.07247214019298553,0.10030683875083923,0.10030683875083923,0.34610384702682495,-2.1029093265533447,0.34765470027923584,0.0,-0.24579700827598572,-0.24579700827598572,0.07083569467067719,0.07083569467067719,0.06800813227891922,2.071100950241089,-0.3962649405002594,0.0,0.002827562391757965,0.002827562391757965,-0.19392108917236328,-0.19392108917236328,0.07141852378845215,-0.2561231255531311,0.8124204874038696,0.0,-0.26533961296081543,-0.26533961296081543
55,1.8333333333333333,14,0,0,,4,uneven rough,5,0.0,52.46043395996094,34.814186096191406,0.3509894907474518,1.158042311668396,-0.7853298783302307,1.158042311668396,-0.7853298783302307,4.8356781005859375,2.699579954147339,0.3333333432674408,-0.44083333015441895,0.038546472787857056,0.579021155834198,-0.39266493916511536,0.10334029793739319,-0.27720165252685547,0.6940853595733643,0.01989334635436535,0.13602018356323242,-0.16743388772010803,0.07233820855617523,0.07233820855617523,0.23113209009170532,-1.60378098487854,0.8021055459976196,0.0,-0.1587938815355301,-0.1587938815355301,-0.4435226619243622,-0.4435226619243622,-0.04016072303056717,-1.7130496501922607,-0.18158289790153503,0.0,-0.403361938893795,-0.403361938893795,0.34704267978668213,0.34704267978668213,0.13830262422561646,2.000802516937256,0.4365979731082916,0.0,0.20874005556106567,0.20874005556106567,0.0139253418892622,0.0139253418892622,0.06336328387260437,-1.9856690168380737,-1.0216647386550903,0.0,-0.04943794198334217,-0.04943794198334217,0.06801009178161621,0.06801009178161621,0.10329087823629379,-2.000713586807251,-0.6169666647911072,0.0,-0.03528078645467758,-0.03528078645467758,-0.08371694386005402,-0.08371694386005402,-0.005173248704522848,-1.882761836051941,-0.14034202694892883,0.0,-0.07854369515553117,-0.07854369515553117
55,1.8333333333333333,24,0,0,,4,uneven rough,6,0.0,52.527069091796875,35.467071533203125,0.3306344449520111,1.9013950824737549,-0.21656624972820282,1.9013950824737549,-0.21656624972820282,7.599767684936523,4.072142601013184,0.4690049886703491,-0.2252199649810791,0.1720743179321289,0.9506975412368774,-0.10828312486410141,0.0801493227481842,-0.01992838643491268,-0.1694176197052002,0.14146608114242554,0.4448258578777313,-0.46658408641815186,0.05610452592372894,0.05610452592372894,0.06038001924753189,-1.1399931907653809,0.6340374946594238,0.0,-0.004275493323802948,-0.004275493323802948,-0.03188541904091835,-0.03188541904091835,0.008405937813222408,0.5712709426879883,1.1680864095687866,0.0,-0.04029135685414076,-0.04029135685414076,-0.0847088098526001,-0.0847088098526001,-0.06814197450876236,-0.9242590665817261,-0.6029510498046875,0.0,-0.016566835343837738,-0.016566835343837738,0.09902625530958176,0.09902625530958176,0.0885193720459938,-0.014377739280462265,-1.4747592210769653,0.0,0.010506883263587952,0.010506883263587952,0.22241292893886566,0.22241292893886566,0.17870911955833435,-0.48179569840431213,1.3990498781204224,0.0,0.04370380938053131,0.04370380938053131,-0.23329204320907593,-0.23329204320907593,-0.05641084164381027,-1.5433226823806763,0.06280102580785751,0.0,-0.17688120156526566,-0.17688120156526566
56,1.8666666666666667,4,0,0,,4,uneven rough,5,0.0,53.01881790161133,33.14297866821289,0.2913006544113159,1.204653024673462,-0.5875129699707031,1.204653024673462,-0.5875129699707031,1.9210081100463867,2.792968273162842,0.3333333432674408,0.06620486080646515,0.19407892227172852,0.602326512336731,-0.29375648498535156,0.8618885278701782,-0.02318957820534706,-0.11417584866285324,0.12427196651697159,0.3431020677089691,-0.2184372991323471,0.6033219695091248,0.6033219695091248,-0.0031760528218001127,1.7550352811813354,-1.6009016036987305,0.0,0.6064980223309249,0.6064980223309249,-0.0371033251285553,-0.0371033251285553,0.16376258432865143,-1.9341485500335693,-0.4800429046154022,0.0,-0.20086590945720673,-0.20086590945720673,-0.05708792433142662,-0.05708792433142662,0.12437836825847626,-1.9998366832733154,0.5562950968742371,0.0,-0.18146629258990288,-0.18146629258990288,0.08699037879705429,0.08699037879705429,0.27518343925476074,-1.996791958808899,-1.0378985404968262,0.0,-0.18819306045770645,-0.18819306045770645,0.17155103385448456,0.17155103385448456,0.1313098818063736,1.9972730875015259,0.9987881779670715,0.0,0.04024115204811096,0.04024115204811096,-0.10921864956617355,-0.10921864956617355,0.008892714977264404,-1.8546357154846191,0.20826400816440582,0.0,-0.11811136454343796,-0.11811136454343796
56,1.8666666666666667,14,0,0,,4,uneven rough,5,0.0,52.502017974853516,34.80400848388672,0.35325610637664795,1.5763758420944214,-0.9251139163970947,1.5763758420944214,-0.9251139163970947,8.19795036315918,1.1114192008972168,0.13445386290550232,-0.17037853598594666,0.3035431504249573,0.7881879210472107,-0.46255695819854736,0.5962815284729004,-0.21151967346668243,0.6037583351135254,0.030713416635990143,-0.16649144887924194,-0.05964483320713043,0.41739705204963684,0.41739705204963684,0.26509055495262146,1.9580012559890747,-0.5581870079040527,0.0,0.15230649709701538,0.15230649709701538,-0.3384314775466919,-0.3384314775466919,-0.09576371312141418,-0.4570865333080292,-1.047476887702942,0.0,-0.2426677644252777,-0.2426677644252777,0.3018791675567627,0.3018791675567627,0.17576351761817932,-0.5169236063957214,1.3210020065307617,0.0,0.12611564993858337,0.12611564993858337,0.0214993916451931,0.0214993916451931,-0.0013012578710913658,-1.0541465282440186,-1.5667145252227783,0.0,0.022800649516284466,0.022800649516284466,-0.26638633012771606,-0.26638633012771606,0.05482221022248268,-0.8755627870559692,-1.3993396759033203,0.0,-0.32120854035019875,-0.32120854035019875,-0.029822416603565216,-0.029822416603565216,-0.007244172040373087,-0.4181388020515442,-1.125509262084961,0.0,-0.02257824456319213,-0.02257824456319213
56,1.8666666666666667,24,0,0,,4,uneven rough,6,0.0,52.58306884765625,35.45707702636719,0.351790189743042,1.9116477966308594,-0.087480328977108,1.9116477966308594,-0.087480328977108,9.826071739196777,5.224486351013184,0.5,-0.045281510800123215,0.12434711307287216,0.9558238983154297,-0.043740164488554,0.1275642067193985,0.23598046600818634,-0.11147723346948624,0.2662850320339203,0.042371854186058044,0.10192239284515381,0.08929494023323059,0.08929494023323059,0.04190647602081299,0.8291175365447998,-0.36900264024734497,0.0,0.0473884642124176,0.0473884642124176,0.11799023300409317,0.11799023300409317,0.070436991751194,1.9981651306152344,0.8306459188461304,0.0,0.04755324125289917,0.04755324125289917,-0.05573861673474312,-0.05573861673474312,-0.046618733555078506,0.2506924569606781,-0.7846192121505737,0.0,-0.009119883179664612,-0.009119883179664612,0.18639951944351196,0.18639951944351196,0.13523900508880615,1.881511926651001,-0.6490569114685059,0.0,0.05116051435470581,0.05116051435470581,0.021185927093029022,0.021185927093029022,0.1267358809709549,-1.997607707977295,0.33561643958091736,0.0,-0.10554995387792587,-0.10554995387792587,0.050961196422576904,0.050961196422576904,-0.00021982326870784163,1.966137170791626,-0.8453041911125183,0.0,0.051181019691284746,0.051181019691284746
57,1.9,4,0,0,,4,uneven rough,5,0.0,53.06964874267578,33.141387939453125,0.28069576621055603,0.6090356707572937,-0.6769376993179321,0.6090356707572937,-0.6769376993179321,1.4403924942016602,0.0038581332191824913,0.12079140543937683,0.13752081990242004,0.24285966157913208,0.30451783537864685,-0.33846884965896606,0.5848408937454224,-0.15420401096343994,0.47628721594810486,0.18965467810630798,-0.18739184737205505,-0.14209617674350739,0.40938863158226013,0.40938863158226013,0.05591989681124687,1.866551160812378,0.2965511083602905,0.0,0.35346873477101326,0.35346873477101326,-0.24672642350196838,-0.24672642350196838,0.11289332062005997,-1.52017343044281,-1.3021968603134155,0.0,-0.35961974412202835,-0.35961974412202835,0.23814360797405243,0.23814360797405243,0.09293558448553085,-0.44249051809310913,-0.8889464139938354,0.0,0.14520802348852158,0.14520802348852158,0.1327582746744156,0.1327582746744156,0.21048280596733093,-1.931269884109497,-1.5800585746765137,0.0,-0.07772453129291534,-0.07772453129291534,-0.2998269498348236,-0.2998269498348236,0.1265443116426468,-0.5641878247261047,1.56333327293396,0.0,-0.4263712614774704,-0.4263712614774704,-0.07104808837175369,-0.07104808837175369,-0.019525211304426193,-0.5315770506858826,-0.9581031799316406,0.0,-0.0515228770673275,-0.0515228770673275
57,1.9,14,0,0,,4,uneven rough,5,0.0,52.54755783081055,34.79114532470703,0.36058369278907776,1.203202724456787,-1.0192044973373413,1.203202724456787,-1.0192044973373413,3.3893866539001465,2.755352020263672,0.5,-0.23991023004055023,0.05734653398394585,0.6016013622283936,-0.5096022486686707,-0.12715551257133484,0.18174371123313904,0.7569730281829834,0.5429003238677979,0.45539432764053345,0.3794572353363037,-0.0890088602900505,-0.0890088602900505,0.20649190247058868,-1.9468127489089966,0.864470362663269,0.0,-0.2955007627606392,-0.2955007627606392,0.09087185561656952,0.09087185561656952,-0.02505975402891636,1.982762098312378,-0.7136691212654114,0.0,0.11593160964548588,0.11593160964548588,0.3784865140914917,0.3784865140914917,0.21057508885860443,1.2111438512802124,0.28183555603027344,0.0,0.16791142523288727,0.16791142523288727,0.38003021478652954,0.38003021478652954,0.06574101001024246,1.957409143447876,-1.2769076824188232,0.0,0.3142892047762871,0.3142892047762871,0.22769716382026672,0.22769716382026672,0.10506565123796463,1.4049465656280518,-1.103195309638977,0.0,0.1226315125823021,0.1226315125823021,0.18972861766815186,0.18972861766815186,0.049042537808418274,1.8898968696594238,-0.72556072473526,0.0,0.14068607985973358,0.14068607985973358
57,1.9,24,0,0,,4,uneven rough,6,0.0,52.63990020751953,35.45375061035156,0.36541587114334106,1.8487087488174438,-0.1263231635093689,1.8487087488174438,-0.1263231635093689,9.631465911865234,0.0,0.0,-0.2764057517051697,0.20769855380058289,0.9243543744087219,-0.06316158175468445,-0.7076613903045654,0.7717244029045105,0.11729872226715088,0.006942771375179291,0.07969862967729568,0.028591731563210487,-0.4953629672527313,-0.4953629672527313,0.01698608323931694,-0.4828275442123413,0.3084166646003723,0.0,-0.5123490504920483,-0.5123490504920483,0.38586220145225525,0.38586220145225525,0.13579201698303223,1.5467478036880493,1.4907634258270264,0.0,0.250070184469223,0.250070184469223,0.05864936113357544,0.05864936113357544,0.009388132952153683,-0.6824419498443604,-0.19925212860107422,0.0,0.04926122818142176,0.04926122818142176,0.004859939683228731,0.004859939683228731,0.14449886977672577,-1.6481726169586182,0.7817312479019165,0.0,-0.13963893009349704,-0.13963893009349704,0.03984931483864784,0.03984931483864784,0.060684505850076675,-1.9390171766281128,-0.983592689037323,0.0,-0.020835191011428833,-0.020835191011428833,0.014295865781605244,0.014295865781605244,0.025723300874233246,-0.7375393509864807,0.7442898154258728,0.0,-0.011427435092628002,-0.011427435092628002
58,1.9333333333333333,4,0,0,,4,uneven rough,5,0.0,53.11898422241211,33.14100646972656,0.2707464098930359,1.1081392765045166,-1.2846542596817017,1.1081392765045166,-1.2846542596817017,2.5237507820129395,2.14333438873291,0.3333333432674408,0.3917551040649414,0.16002047061920166,0.5540696382522583,-0.6423271298408508,0.400753378868103,0.03488801792263985,0.5635294914245605,-0.02998429723083973,0.2941471338272095,-0.45389026403427124,0.28052735328674316,0.28052735328674316,0.11411256343126297,1.719482421875,1.1842319965362549,0.0,0.1664147898554802,0.1664147898554802,0.017444008961319923,0.017444008961319923,0.053479328751564026,-2.0015032291412354,-1.4254411458969116,0.0,-0.0360353197902441,-0.0360353197902441,0.2817647457122803,0.2817647457122803,0.08863405883312225,-0.362377792596817,-0.6365194320678711,0.0,0.19313068687915802,0.19313068687915802,-0.020989008247852325,-0.020989008247852325,0.15004181861877441,-1.5499961376190186,-1.7786340713500977,0.0,-0.17103082686662674,-0.17103082686662674,0.14707356691360474,0.14707356691360474,0.1369098573923111,0.31935903429985046,0.360429048538208,0.0,0.01016370952129364,0.01016370952129364,-0.22694513201713562,-0.22694513201713562,-0.055350180715322495,-1.6387172937393188,-0.7169445157051086,0.0,-0.17159495130181313,-0.17159495130181313
58,1.9333333333333333,14,0,0,,4,uneven rough,5,0.0,52.593345642089844,34.77524948120117,0.358791708946228,0.7077390551567078,0.9830802083015442,0.7077390551567078,0.9830802083015442,4.111811637878418,2.1339755058288574,0.3333333432674408,0.0995817482471466,0.04981686919927597,0.3538695275783539,0.4915401041507721,0.37613600492477417,0.42403528094291687,-0.35596635937690735,0.5685358643531799,0.582500696182251,0.3791683614253998,0.2632952034473419,0.2632952034473419,0.2266894280910492,1.8613834381103516,-0.7250341773033142,0.0,0.036605775356292725,0.036605775356292725,0.21201764047145844,0.21201764047145844,0.041214119642972946,1.9990613460540771,0.810897946357727,0.0,0.1708035208284855,0.1708035208284855,-0.17798317968845367,-0.17798317968845367,0.148488849401474,-2.0000007152557373,0.8072681427001953,0.0,-0.3264720290899277,-0.3264720290899277,0.3979750871658325,0.3979750871658325,0.11286787688732147,1.4749747514724731,0.5517808794975281,0.0,0.28510721027851105,0.28510721027851105,0.2912503480911255,0.2912503480911255,0.1688966155052185,2.000011444091797,0.3149125874042511,0.0,0.12235373258590698,0.12235373258590698,0.1895841807126999,0.1895841807126999,0.1129961609840393,2.0000195503234863,0.753223717212677,0.0,0.07658801972866058,0.07658801972866058
58,1.9333333333333333,24,0,0,,4,uneven rough,6,0.0,52.697452545166016,35.455810546875,0.3633553683757782,1.869571566581726,0.7450962066650391,1.869571566581726,0.7450962066650391,9.707557678222656,4.0825300216674805,0.3333333432674408,0.1189502626657486,0.12331389635801315,0.934785783290863,0.37254810333251953,0.039649758487939835,0.151021346449852,0.07460735738277435,-0.21796679496765137,0.4238681197166443,-0.7726505398750305,0.027754830196499825,0.027754830196499825,0.03556716814637184,0.854362964630127,-0.13895422220230103,0.0,-0.007812337949872017,-0.007812337949872017,0.075510673224926,0.075510673224926,0.12339789420366287,-1.9428998231887817,1.5224170684814453,0.0,-0.04788722097873688,-0.04788722097873688,0.037303678691387177,0.037303678691387177,0.006944482214748859,-0.40346142649650574,-0.47244852781295776,0.0,0.030359196476638317,0.030359196476638317,-0.1525767594575882,-0.1525767594575882,0.08125617355108261,-1.5738617181777954,-0.5921407341957092,0.0,-0.2338329330086708,-0.2338329330086708,0.21193405985832214,0.21193405985832214,0.06493768841028214,-0.21554994583129883,-1.5237914323806763,0.0,0.14699637144804,0.14699637144804,-0.38632526993751526,-0.38632526993751526,-0.0339827723801136,-1.7126882076263428,-0.0935390517115593,0.0,-0.35234249755740166,-0.35234249755740166
59,1.9666666666666666,4,0,0,,4,uneven rough,5,0.0,53.169002532958984,33.140708923339844,0.26738452911376953,0.9670985341072083,-1.4960980415344238,0.9670985341072083,-1.4960980415344238,2.5333523750305176,4.176336288452148,0.5,0.40365463495254517,0.21356052160263062,0.4835492670536041,-0.7480490207672119,0.5022171139717102,0.16965867578983307,0.5665290355682373,0.10031028836965561,0.29520222544670105,-0.4505549669265747,0.35155197978019714,0.35155197978019714,0.17671971023082733,1.8756905794143677,1.486863613128662,0.0,0.1748322695493698,0.1748322695493698,0.08482933789491653,0.08482933789491653,0.06716670840978622,-0.08844982087612152,-1.7511476278305054,0.0,0.01766262948513031,0.01766262948513031,0.28326451778411865,0.28326451778411865,0.10392928868532181,-0.050205159932374954,-0.48151925206184387,0.0,0.17933522909879684,0.17933522909879684,0.07021719962358475,0.07021719962358475,0.08484598249197006,-1.8533896207809448,-1.6493617296218872,0.0,-0.014628782868385315,-0.014628782868385315,0.14760111272335052,0.14760111272335052,0.18710802495479584,-0.29598888754844666,0.33720797300338745,0.0,-0.03950691223144531,-0.03950691223144531,-0.22527748346328735,-0.22527748346328735,-0.08691365271806717,-1.1150641441345215,-1.2381165027618408,0.0,-0.13836383074522018,-0.13836383074522018
59,1.9666666666666666,14,0,0,,4,uneven rough,5,0.0,52.63992691040039,34.76564407348633,0.3440026044845581,1.1334137916564941,-0.07313326746225357,1.1334137916564941,-0.07313326746225357,5.646407604217529,0.0,0.0,0.2806969881057739,0.1933179795742035,0.5667068958282471,-0.036566633731126785,-0.08231383562088013,0.20413300395011902,-0.05399789288640022,0.6797813177108765,0.6071393489837646,-0.15628200769424438,-0.05761968344449997,-0.05761968344449997,0.19404937326908112,-1.9895775318145752,0.737330973148346,0.0,-0.2516690567135811,-0.2516690567135811,0.10206650197505951,0.10206650197505951,0.103402279317379,1.310523509979248,1.4826877117156982,0.0,-0.0013357773423194885,-0.0013357773423194885,-0.02699894644320011,-0.02699894644320011,0.08443768322467804,-0.2775891423225403,-0.7799667119979858,0.0,-0.11143662966787815,-0.11143662966787815,0.47584691643714905,0.47584691643714905,0.1856786012649536,1.940244436264038,1.0737563371658325,0.0,0.29016831517219543,0.29016831517219543,0.3035696744918823,0.3035696744918823,0.23342584073543549,1.8801007270812988,1.2676705121994019,0.0,0.07014383375644684,0.07014383375644684,-0.07814100384712219,-0.07814100384712219,0.06255627423524857,-0.22099639475345612,1.4581643342971802,0.0,-0.14069727808237076,-0.14069727808237076
59,1.9666666666666666,24,0,0,,4,uneven rough,6,0.0,52.75716018676758,35.443077087402344,0.35835209488868713,1.9010796546936035,-0.45141103863716125,1.9010796546936035,-0.45141103863716125,9.888586044311523,5.428752899169922,0.3333333432674408,0.12384375184774399,0.16709992289543152,0.9505398273468018,-0.22570551931858063,0.1882224678993225,0.278892457485199,0.36436009407043457,0.20905715227127075,0.13052605092525482,-0.36710262298583984,0.13175572454929352,0.13175572454929352,0.09667205065488815,1.9556792974472046,0.42266908288002014,0.0,0.035083673894405365,0.035083673894405365,0.1394462287425995,0.1394462287425995,0.11635210365056992,-0.2111475020647049,-0.43687930703163147,0.0,0.02309412509202957,0.02309412509202957,0.18218004703521729,0.18218004703521729,0.06146552041172981,0.779240608215332,-0.4334430992603302,0.0,0.12071452662348747,0.12071452662348747,0.1463399976491928,0.1463399976491928,0.0980735719203949,1.9870233535766602,-1.147207498550415,0.0,0.04826642572879791,0.04826642572879791,0.06526302546262741,0.06526302546262741,0.09456201642751694,-0.0370587520301342,-0.784109354019165,0.0,-0.029298990964889526,-0.029298990964889526,-0.18355131149291992,-0.18355131149291992,-0.08419562131166458,-1.4743549823760986,-1.0090088844299316,0.0,-0.09935569018125534,-0.09935569018125534
60,2.0,4,0,0,,4,uneven rough,5,0.0,53.216129302978516,33.13243103027344,0.27874770760536194,0.10209193825721741,-1.2850432395935059,0.10209193825721741,-1.2850432395935059,3.3082733154296875,4.731402397155762,0.3333333432674408,0.5557336807250977,0.1604510247707367,0.051045969128608704,-0.6425216197967529,0.5508428812026978,0.2589884102344513,0.7027541399002075,0.18639783561229706,0.16507883369922638,-0.36150822043418884,0.3855900168418884,0.3855900168418884,0.2309325784444809,1.471031904220581,1.7067071199417114,0.0,0.15465743839740753,0.15465743839740753,0.12949420511722565,0.12949420511722565,0.11536045372486115,1.456532597541809,-0.8110553026199341,0.0,0.014133751392364502,0.014133751392364502,0.35137706995010376,0.35137706995010376,0.11742905527353287,0.06585998088121414,-0.23765349388122559,0.0,0.2339480146765709,0.2339480146765709,0.13047848641872406,0.13047848641872406,0.08160360902547836,1.3019986152648926,-1.7647194862365723,0.0,0.0488748773932457,0.0488748773932457,0.08253941684961319,0.08253941684961319,0.15297502279281616,-1.996258020401001,-0.020802663639187813,0.0,-0.07043560594320297,-0.07043560594320297,-0.18075411021709442,-0.18075411021709442,-0.12558510899543762,-1.6586217880249023,-1.168542504310608,0.0,-0.0551690012216568,-0.0551690012216568
60,2.0,14,0,0,,4,uneven rough,5,0.0,52.68001937866211,34.7487678527832,0.33779048919677734,0.22275185585021973,0.822106659412384,0.22275185585021973,0.822106659412384,1.7862333059310913,3.3333334922790527,0.1666666716337204,0.41137564182281494,0.06853446364402771,0.11137592792510986,0.411053329706192,0.6868906021118164,-0.051947981119155884,-0.16006478667259216,0.3731790781021118,0.21536678075790405,0.0558210089802742,0.48082342743873596,0.48082342743873596,0.23205338418483734,1.3887333869934082,-0.8044679760932922,0.0,0.24877004325389862,0.24877004325389862,-0.08311676979064941,-0.08311676979064941,0.06387625634670258,-0.6613239049911499,1.3853458166122437,0.0,-0.146993026137352,-0.146993026137352,-0.08003239333629608,-0.08003239333629608,0.015624958090484142,-2.086845874786377,-0.4959215223789215,0.0,-0.09565735142678022,-0.09565735142678022,0.2612253427505493,0.2612253427505493,0.23813867568969727,1.7839770317077637,1.56367027759552,0.0,0.02308666706085205,0.02308666706085205,0.10768339037895203,0.10768339037895203,0.15489278733730316,-2.0290653705596924,1.613939642906189,0.0,-0.047209396958351135,-0.047209396958351135,0.0279105044901371,0.0279105044901371,0.006542642135173082,-2.1203322410583496,0.50876384973526,0.0,0.021367862354964018,0.021367862354964018
60,2.0,24,0,0,,4,uneven rough,6,0.0,52.81894302368164,35.4315185546875,0.34845709800720215,1.8818870782852173,0.7693133354187012,1.8818870782852173,0.7693133354187012,8.490435600280762,0.3559163510799408,0.3333333432674408,0.13366246223449707,0.2053191363811493,0.9409435391426086,0.3846566677093506,-0.520544707775116,0.2885735034942627,0.18523156642913818,0.4427805542945862,0.3717822730541229,0.4171037971973419,-0.3643812835216522,-0.3643812835216522,0.06483937054872513,-2.0000035762786865,1.2894357442855835,0.0,-0.42922065407037735,-0.42922065407037735,0.14428675174713135,0.14428675174713135,0.14217022061347961,0.5412981510162354,-0.309250146150589,0.0,0.0021165311336517334,0.0021165311336517334,0.09261578321456909,0.09261578321456909,0.11344747990369797,0.9885156750679016,0.25221043825149536,0.0,-0.020831696689128876,-0.020831696689128876,0.3099463880062103,0.3099463880062103,0.16820214688777924,1.797256350517273,0.6248922348022461,0.0,0.1417442411184311,0.1417442411184311,0.18589113652706146,0.18589113652706146,0.15916459262371063,1.911286473274231,-0.3617255985736847,0.0,0.02672654390335083,0.02672654390335083,0.20855189859867096,0.20855189859867096,-0.03874373435974121,1.6206767559051514,-1.2721164226531982,0.0,0.24729563295841217,0.24729563295841217
61,2.033333333333333,4,0,0,,4,uneven rough,5,0.0,53.25847625732422,33.11705017089844,0.2842717170715332,0.5009624361991882,-0.6917268633842468,0.5009624361991882,-0.6917268633842468,1.1645915508270264,3.821958541870117,0.3333333432674408,0.7292577028274536,0.24918882548809052,0.2504812180995941,-0.3458634316921234,0.2846980690956116,0.19146348536014557,0.6434118151664734,0.5212609171867371,0.19617202877998352,-0.21249286830425262,0.19928865134716034,0.19928865134716034,0.21555626392364502,-1.0781365633010864,1.5734559297561646,0.0,-0.01626761257648468,-0.01626761257648468,0.09573174268007278,0.09573174268007278,0.11179625988006592,-0.45544129610061646,0.4710429608821869,0.0,-0.016064517199993134,-0.016064517199993134,0.3217059075832367,0.3217059075832367,0.1795663833618164,1.8889237642288208,-0.06604643166065216,0.0,0.1421395242214203,0.1421395242214203,0.3648826479911804,0.3648826479911804,0.15023493766784668,2.000000476837158,-0.03079158067703247,0.0,0.21464771032333374,0.21464771032333374,0.09808601438999176,0.09808601438999176,0.09803074598312378,-0.9700073599815369,-1.1377286911010742,0.0,5.526840686798096e-05,5.526840686798096e-05,-0.10624643415212631,-0.10624643415212631,-0.10002831369638443,0.6362131237983704,-1.4456342458724976,0.0,-0.006218120455741882,-0.006218120455741882
61,2.033333333333333,14,0,0,,4,uneven rough,5,0.0,52.722015380859375,34.73693084716797,0.3373550772666931,1.4290868043899536,-0.40880295634269714,1.4290868043899536,-0.40880295634269714,7.907889366149902,3.202869415283203,0.3333333432674408,0.7617440223693848,0.21821050345897675,0.7145434021949768,-0.20440147817134857,-0.18797315657138824,0.06645031273365021,0.7881758213043213,0.3681460916996002,-0.13721147179603577,-0.23778954148292542,-0.13158120214939117,-0.13158120214939117,0.20435737073421478,-1.0483874082565308,0.4355719983577728,0.0,-0.33593857288360596,-0.33593857288360596,0.033225156366825104,0.033225156366825104,0.045348603278398514,-0.5638036727905273,0.22815506160259247,0.0,-0.01212344691157341,-0.01212344691157341,0.39408791065216064,0.39408791065216064,0.014140048995614052,-0.05938537046313286,-1.3954330682754517,0.0,0.3799478616565466,0.3799478616565466,0.2577022612094879,0.2577022612094879,0.29355692863464355,0.476575642824173,1.6882320642471313,0.0,-0.03585466742515564,-0.03585466742515564,-0.2195383608341217,-0.2195383608341217,0.08891189843416214,-2.023733139038086,-0.4458219110965729,0.0,-0.30845025926828384,-0.30845025926828384,-0.11889477074146271,-0.11889477074146271,-0.05715497210621834,-2.046135425567627,-0.9777318239212036,0.0,-0.06173979863524437,-0.06173979863524437
61,2.033333333333333,24,0,0,,4,uneven rough,6,0.0,52.881187438964844,35.425960540771484,0.3374301493167877,1.9074639081954956,1.1093742847442627,1.9074639081954956,1.1093742847442627,10.261316299438477,2.0300583839416504,0.3333333432674408,0.4943273067474365,0.17607556283473969,0.9537319540977478,0.5546871423721313,-0.28359463810920715,0.34648028016090393,-0.5800282955169678,0.4455302059650421,0.6506302356719971,0.5289380550384521,-0.19851624965667725,-0.19851624965667725,-0.00047570306924171746,-1.0212318897247314,-0.5704191327095032,0.0,-0.19804054658743553,-0.19804054658743553,0.17324014008045197,0.17324014008045197,0.16482780873775482,2.0000011920928955,0.17165137827396393,0.0,0.008412331342697144,0.008412331342697144,-0.2900141477584839,-0.2900141477584839,0.04882458969950676,-1.9988796710968018,0.6685187220573425,0.0,-0.33883873745799065,-0.33883873745799065,0.31187114119529724,0.31187114119529724,0.2318190187215805,1.3002206087112427,1.2877490520477295,0.0,0.08005212247371674,0.08005212247371674,0.32531511783599854,0.32531511783599854,0.22864659130573273,1.3423353433609009,0.9234395027160645,0.0,0.09666852653026581,0.09666852653026581,0.2644690275192261,0.2644690275192261,-0.00585067318752408,-0.8253064751625061,0.3634740114212036,0.0,0.27031970070675015,0.27031970070675015
62,2.0666666666666664,4,0,0,,4,uneven rough,5,0.0,53.30314254760742,33.094451904296875,0.2848757207393646,0.2718956470489502,-0.5225496888160706,0.2718956470489502,-0.5225496888160706,1.4932003021240234,0.8248979449272156,0.1666666716337204,0.5519838333129883,0.3008834719657898,0.1359478235244751,-0.2612748444080353,0.4861137270927429,0.3898771405220032,0.6311659812927246,0.43688759207725525,-0.15426436066627502,0.02803643047809601,0.34027960896492004,0.34027960896492004,0.25906726717948914,1.838347315788269,0.0742407962679863,0.0,0.08121234178543091,0.08121234178543091,0.1949385702610016,0.1949385702610016,0.16846852004528046,2.081545352935791,-0.05279289186000824,0.0,0.02647005021572113,0.02647005021572113,0.3155829906463623,0.3155829906463623,0.24441498517990112,1.7571277618408203,1.0392972230911255,0.0,0.07116800546646118,0.07116800546646118,0.3058212995529175,0.3058212995529175,0.21019458770751953,2.036898612976074,1.1174218654632568,0.0,0.09562671184539795,0.09562671184539795,-0.24682298302650452,-0.24682298302650452,0.07067377865314484,-1.0757054090499878,-1.0428987741470337,0.0,-0.31749676167964935,-0.31749676167964935,0.014018215239048004,0.014018215239048004,-0.03442055732011795,2.009812593460083,-0.2685540020465851,0.0,0.048438772559165955,0.048438772559165955
62,2.0666666666666664,14,0,0,,4,uneven rough,5,0.0,52.768192291259766,34.72329330444336,0.3474578857421875,1.5326818227767944,0.41217389702796936,1.5326818227767944,0.41217389702796936,6.291171073913574,2.121739387512207,0.5,0.8179961442947388,0.07986575365066528,0.7663409113883972,0.20608694851398468,0.38743552565574646,0.20408186316490173,0.515616238117218,0.39894405007362366,-0.156009241938591,-0.132197767496109,0.2712048590183258,0.2712048590183258,0.2507268786430359,1.38363778591156,-0.4034613072872162,0.0,0.020477980375289917,0.020477980375289917,0.10204093158245087,0.10204093158245087,0.08187279850244522,1.0861579179763794,-0.21961982548236847,0.0,0.020168133080005646,0.020168133080005646,0.257808119058609,0.257808119058609,0.061101846396923065,1.2459646463394165,-0.6400293111801147,0.0,0.19670627266168594,0.19670627266168594,0.2792608439922333,0.2792608439922333,0.2594674527645111,-0.38767170906066895,1.0031592845916748,0.0,0.019793391227722168,0.019793391227722168,-0.24961479008197784,-0.24961479008197784,0.0591263584792614,-0.3509935438632965,-1.3379757404327393,0.0,-0.30874114856123924,-0.30874114856123924,-0.0660988837480545,-0.0660988837480545,-0.0634942352771759,1.4980719089508057,-1.581809163093567,0.0,-0.002604648470878601,-0.002604648470878601
62,2.0666666666666664,24,0,0,,4,uneven rough,6,0.0,52.94313430786133,35.4304313659668,0.32850852608680725,1.9090590476989746,0.6029286980628967,1.8984791040420532,0.6029286980628967,9.37399673461914,2.176378011703491,0.3333333432674408,0.5195671916007996,0.1700621098279953,0.9545295238494873,0.30146434903144836,-0.24729514122009277,0.0041941492818295956,-0.49232909083366394,0.01740879938006401,0.6067514419555664,0.31768301129341125,-0.1731065958738327,-0.1731065958738327,-0.05613073334097862,-1.5809723138809204,-0.8253094553947449,0.0,-0.11697586253285408,-0.11697586253285408,0.0020970746409147978,0.0020970746409147978,0.13511128723621368,-0.063867948949337,1.2054036855697632,0.0,-0.1330142125952989,-0.1330142125952989,-0.24616454541683197,-0.24616454541683197,-0.016559891402721405,-1.3173587322235107,-0.8396331071853638,0.0,-0.22960465401411057,-0.22960465401411057,0.012186159379780293,0.012186159379780293,0.2009885162115097,-1.391914963722229,1.2948005199432373,0.0,-0.1888023568317294,-0.1888023568317294,0.3033757209777832,0.3033757209777832,0.24055157601833344,1.2912322282791138,1.1602839231491089,0.0,0.06282414495944977,0.06282414495944977,0.15884150564670563,0.15884150564670563,0.015668487176299095,-0.16829679906368256,-0.30866461992263794,0.0,0.14317301847040653,0.14317301847040653
63,2.1,4,0,0,,4,uneven rough,5,0.0,53.344932556152344,33.07987594604492,0.27732187509536743,0.7403360605239868,-0.2860380709171295,0.7403360605239868,-0.2860380709171295,2.407688856124878,0.38275277614593506,0.1666666716337204,0.6917492747306824,0.46809810400009155,0.3701680302619934,-0.14301903545856476,-0.2194386124610901,0.8028859496116638,0.506142258644104,0.5439997315406799,0.3145238757133484,0.01832261122763157,-0.15360702574253082,-0.15360702574253082,0.22743241488933563,-1.945798635482788,1.0716698169708252,0.0,-0.38103944063186646,-0.38103944063186646,0.4014429748058319,0.4014429748058319,0.22461184859275818,1.5833126306533813,1.1539658308029175,0.0,0.17683112621307373,0.17683112621307373,0.253071129322052,0.253071129322052,0.2538098990917206,-0.6194345951080322,1.445159912109375,0.0,-0.0007387697696685791,-0.0007387697696685791,0.380799800157547,0.380799800157547,0.2785743176937103,2.00076961517334,1.6372956037521362,0.0,0.10222548246383667,0.10222548246383667,0.1572619378566742,0.1572619378566742,0.12896227836608887,2.0008184909820557,-1.0614477396011353,0.0,0.028299659490585327,0.028299659490585327,0.009161305613815784,0.009161305613815784,-0.001944099087268114,0.6758187413215637,1.0196385383605957,0.0,0.011105404701083899,0.011105404701083899
63,2.1,14,0,0,,4,uneven rough,5,0.0,52.81471252441406,34.71281433105469,0.35496044158935547,1.2191078662872314,-0.5743024349212646,1.2191078662872314,-0.5743024349212646,2.9517502784729004,5.044114589691162,0.5246705412864685,0.7111668586730957,0.10770531743764877,0.6095539331436157,-0.2871512174606323,-0.06846731901168823,0.5263167023658752,0.5132100582122803,0.4038175940513611,0.25675880908966064,0.18910473585128784,-0.0479271225631237,-0.0479271225631237,0.19745135307312012,-1.5895437002182007,0.6069677472114563,0.0,-0.24537847563624382,-0.24537847563624382,0.2631583511829376,0.2631583511829376,0.15224593877792358,1.8585624694824219,0.5186692476272583,0.0,0.11091241240501404,0.11091241240501404,0.25660502910614014,0.25660502910614014,0.1094052642583847,1.4908190965652466,0.426315039396286,0.0,0.14719976484775543,0.14719976484775543,0.28267231583595276,0.28267231583595276,0.29516446590423584,-0.33176010847091675,0.21678094565868378,0.0,-0.012492150068283081,-0.012492150068283081,0.12837940454483032,0.12837940454483032,0.09518202394247055,1.4583730697631836,-0.7799342274665833,0.0,0.03319738060235977,0.03319738060235977,0.09455236792564392,0.09455236792564392,-0.011415496468544006,0.09379301965236664,0.1595611274242401,0.0,0.10596786439418793,0.10596786439418793
63,2.1,24,0,0,,4,uneven rough,6,0.0,53.00386428833008,35.428733825683594,0.3223631978034973,1.9334571361541748,0.2915138304233551,1.9150114059448242,0.2915138304233551,7.837800025939941,1.1665199995040894,0.3333333432674408,0.27412113547325134,0.2246752828359604,0.9667285680770874,0.14575691521167755,0.22471733391284943,0.012731143273413181,-0.19381949305534363,-0.22217538952827454,0.43079620599746704,-0.27293500304222107,0.157302126288414,0.157302126288414,-0.013157332316040993,1.5547962188720703,-1.2525626420974731,0.0,0.170459458604455,0.170459458604455,0.006365571636706591,0.006365571636706591,0.06967781484127045,-1.4880527257919312,0.4877552390098572,0.0,-0.06331224320456386,-0.06331224320456386,-0.09690974652767181,-0.09690974652767181,-0.0799216479063034,-1.348053216934204,-1.1097400188446045,0.0,-0.016988098621368408,-0.016988098621368408,-0.15552276372909546,-0.15552276372909546,0.1307043880224228,-2.000002384185791,-0.22427323460578918,0.0,-0.28622715175151825,-0.28622715175151825,0.21539810299873352,0.21539810299873352,0.20454475283622742,-0.7600696086883545,1.2343223094940186,0.0,0.010853350162506104,0.010853350162506104,-0.13646750152111053,-0.13646750152111053,-0.0480293408036232,-1.3440035581588745,-0.22930040955543518,0.0,-0.08843816071748734,-0.08843816071748734
64,2.1333333333333333,4,0,0,,4,uneven rough,5,0.0,53.3798942565918,33.06000518798828,0.2686968147754669,0.733691394329071,0.4003041982650757,0.733691394329071,0.4003041982650757,6.911538600921631,3.6088385581970215,0.3333333432674408,0.2124386429786682,0.36666733026504517,0.3668456971645355,0.20015209913253784,0.5765706300735474,0.2151079922914505,-0.006256927270442247,0.6888803243637085,0.15988411009311676,0.13728798925876617,0.40359944105148315,0.40359944105148315,0.24970287084579468,1.9773759841918945,-0.6344122886657715,0.0,0.15389657020568848,0.15389657020568848,0.10755399614572525,0.10755399614572525,0.15907533466815948,-1.993692398071289,1.396719217300415,0.0,-0.051521338522434235,-0.051521338522434235,-0.0031284636352211237,-0.0031284636352211237,0.19089534878730774,-1.9950850009918213,0.2778344750404358,0.0,-0.19402381242252886,-0.19402381242252886,0.4822162091732025,0.4822162091732025,0.3300236165523529,1.7165251970291138,1.8428044319152832,0.0,0.1521925926208496,0.1521925926208496,0.07994205504655838,0.07994205504655838,0.07205705344676971,-0.9710283279418945,0.6699630618095398,0.0,0.007885001599788666,0.007885001599788666,0.06864399462938309,0.06864399462938309,0.05587048828601837,1.9713510274887085,0.8252422213554382,0.0,0.012773506343364716,0.012773506343364716
64,2.1333333333333333,14,0,0,,4,uneven rough,5,0.0,52.86015319824219,34.705318450927734,0.3520278334617615,1.384113073348999,0.19329214096069336,1.384113073348999,0.19329214096069336,5.100969314575195,1.0498428344726562,0.5,0.32261815667152405,0.0983441174030304,0.6920565366744995,0.09664607048034668,0.716303825378418,-0.22157229483127594,-0.045564234256744385,0.278205543756485,0.09988861531019211,-0.08115141093730927,0.5014126896858215,0.5014126896858215,0.2480151206254959,1.9915052652359009,-0.6349437832832336,0.0,0.2533975690603256,0.2533975690603256,-0.3545156717300415,-0.3545156717300415,0.09653735905885696,-1.122654676437378,1.276247262954712,0.0,-0.45105303078889847,-0.45105303078889847,-0.022782117128372192,-0.022782117128372192,0.04784628748893738,-2.0000009536743164,1.0281875133514404,0.0,-0.07062840461730957,-0.07062840461730957,0.19474387168884277,0.19474387168884277,0.22650088369846344,-1.9989168643951416,-0.0933651477098465,0.0,-0.031757012009620667,-0.031757012009620667,0.049944307655096054,0.049944307655096054,0.03886638954281807,-0.4036865234375,0.4856087267398834,0.0,0.011077918112277985,0.011077918112277985,-0.04057570546865463,-0.04057570546865463,-0.04677267745137215,-0.631935715675354,0.1223757266998291,0.0,0.006196971982717514,0.006196971982717514
64,2.1333333333333333,24,0,0,,4,uneven rough,6,0.0,53.0665168762207,35.431949615478516,0.3240807354450226,1.915461778640747,-0.12052887678146362,1.889167308807373,-0.12052887678146362,9.881369590759277,3.3333334922790527,0.1666666716337204,0.045004408806562424,0.2617974281311035,0.9577308893203735,-0.06026443839073181,-0.06030016764998436,0.2861485183238983,-0.08404189348220825,-0.4448196291923523,0.2687126398086548,-0.4008808732032776,-0.04221011698246002,-0.04221011698246002,-0.02022867277264595,-1.8752630949020386,0.3347230851650238,0.0,-0.02198144420981407,-0.02198144420981407,0.14307425916194916,0.14307425916194916,0.11521036177873611,2.0000388622283936,-0.6293700933456421,0.0,0.027863897383213043,0.027863897383213043,-0.042020946741104126,-0.042020946741104126,-0.059316378086805344,1.8761783838272095,-1.2444827556610107,0.0,0.017295431345701218,0.017295431345701218,-0.3113737404346466,-0.3113737404346466,0.0733272135257721,-1.3579800128936768,-1.228273630142212,0.0,-0.3847009539604187,-0.3847009539604187,0.1343563199043274,0.1343563199043274,0.1766868233680725,-2.0504817962646484,0.10668957233428955,0.0,-0.04233050346374512,-0.04233050346374512,-0.2004404366016388,-0.2004404366016388,-0.06413256376981735,0.9476027488708496,-0.8595555424690247,0.0,-0.13630787283182144,-0.13630787283182144
65,2.1666666666666665,4,0,0,,4,uneven rough,5,0.0,53.418495178222656,33.04342269897461,0.26461198925971985,1.169565200805664,-0.490151971578598,1.169565200805664,-0.490151971578598,7.14312744140625,0.35553663969039917,0.1666666716337204,0.1826116144657135,0.5641031265258789,0.584782600402832,-0.245075985789299,-0.6424936056137085,0.5917990207672119,0.7393750548362732,0.6758979558944702,-0.45020219683647156,0.08425706624984741,-0.4497455060482025,-0.4497455060482025,0.23268166184425354,-1.0842814445495605,0.8422974944114685,0.0,-0.682427167892456,-0.682427167892456,0.29589951038360596,0.29589951038360596,0.21221639215946198,1.999483585357666,-0.5202255845069885,0.0,0.08368311822414398,0.08368311822414398,0.3696875274181366,0.3696875274181366,0.22004492580890656,1.1272382736206055,-1.007278323173523,0.0,0.14964260160923004,0.14964260160923004,0.4731285572052002,0.4731285572052002,0.40144944190979004,2.0002503395080566,1.7714059352874756,0.0,0.07167911529541016,0.07167911529541016,-0.7203235030174255,-0.7203235030174255,0.12202709168195724,1.4355098009109497,-0.2578563988208771,0.0,-0.8423505946993828,-0.8423505946993828,0.042128533124923706,0.042128533124923706,0.08963096886873245,0.1046701967716217,1.4732542037963867,0.0,-0.047502435743808746,-0.047502435743808746
65,2.1666666666666665,14,0,0,,4,uneven rough,5,0.0,52.9056396484375,34.70479202270508,0.3410770893096924,0.8697947263717651,-0.9306038022041321,0.8697947263717651,-0.9306038022041321,4.476057529449463,0.0,0.0,0.5260612964630127,0.10386131703853607,0.43489736318588257,-0.46530190110206604,0.1475488394498825,-0.12195374071598053,0.6996253728866577,0.12495158612728119,-0.20515944063663483,-0.28407061100006104,0.10328418761491776,0.10328418761491776,0.23468321561813354,-1.1215144395828247,0.8500552177429199,0.0,-0.1313990280032158,-0.1313990280032158,-0.1951259821653366,-0.1951259821653366,0.03633689135313034,-1.1245770454406738,-0.08009619265794754,0.0,-0.23146287351846695,-0.23146287351846695,0.34981268644332886,0.34981268644332886,0.07071729749441147,0.0879468023777008,-0.6839556694030762,0.0,0.2790953889489174,0.2790953889489174,0.08746610581874847,0.08746610581874847,0.16816473007202148,-1.8900426626205444,-1.1707675457000732,0.0,-0.08069862425327301,-0.08069862425327301,-0.3282551169395447,-0.3282551169395447,-0.002998730167746544,-0.8852434754371643,-0.017200399190187454,0.0,-0.32525638677179813,-0.32525638677179813,-0.14203530550003052,-0.14203530550003052,-0.062335122376680374,-0.4324994385242462,-0.30411332845687866,0.0,-0.07970018312335014,-0.07970018312335014
65,2.1666666666666665,24,0,0,,4,uneven rough,6,0.0,53.126773834228516,35.4339714050293,0.3351474702358246,1.9480082988739014,-0.05672138184309006,1.882790446281433,-0.05672138184309006,8.632347106933594,1.1249799728393555,0.3333333432674408,-0.06666751950979233,0.20000490546226501,0.9740041494369507,-0.02836069092154503,0.33729085326194763,0.08943602442741394,-0.11869818717241287,-0.2965942919254303,0.5784094929695129,-0.7168626189231873,0.2361035943031311,0.2361035943031311,0.015049214474856853,1.1644943952560425,-0.9148070812225342,0.0,0.22105437982827425,0.22105437982827425,0.04471801221370697,0.04471801221370697,0.1512656807899475,0.5633273124694824,0.8573024272918701,0.0,-0.10654766857624054,-0.10654766857624054,-0.059349093586206436,-0.059349093586206436,-0.03784272447228432,-0.3056443929672241,0.5199446082115173,0.0,-0.02150636911392212,-0.02150636911392212,-0.20761600136756897,-0.20761600136756897,0.0020779322367161512,-1.8759442567825317,-1.3016098737716675,0.0,-0.20969393360428512,-0.20969393360428512,0.28920474648475647,0.28920474648475647,0.16855770349502563,0.6651670336723328,-1.1129789352416992,0.0,0.12064704298973083,0.12064704298973083,-0.35843130946159363,-0.35843130946159363,-0.06578647345304489,-0.4683249592781067,0.162214994430542,0.0,-0.29264483600854874,-0.29264483600854874
66,2.2,4,0,0,,4,uneven rough,5,0.0,53.45510482788086,33.044166564941406,0.2502490282058716,0.9841768145561218,0.26255857944488525,0.9841768145561218,0.26255857944488525,5.886470317840576,3.1675848960876465,0.3333333432674408,0.29790112376213074,0.23642556369304657,0.4920884072780609,0.13127928972244263,-0.1473187506198883,0.3282967209815979,-0.00814732350409031,0.49778133630752563,0.4947431981563568,-0.01568206399679184,-0.10312312096357346,-0.10312312096357346,0.17993323504924774,-1.1289907693862915,-0.24699370563030243,0.0,-0.2830563560128212,-0.2830563560128212,0.16414836049079895,0.16414836049079895,0.1935458928346634,-1.9508050680160522,0.9044225215911865,0.0,-0.02939753234386444,-0.02939753234386444,-0.004073661752045155,-0.004073661752045155,0.15580293536186218,-1.9981008768081665,0.19958117604255676,0.0,-0.15987659711390734,-0.15987659711390734,0.34844693541526794,0.34844693541526794,0.41129225492477417,-1.520004391670227,1.9007949829101562,0.0,-0.06284531950950623,-0.06284531950950623,0.2473715990781784,0.2473715990781784,0.16993726789951324,1.9645849466323853,0.6995759010314941,0.0,0.07743433117866516,0.07743433117866516,-0.00784103199839592,-0.00784103199839592,0.036200348287820816,-1.318601131439209,0.6994543671607971,0.0,-0.044041380286216736,-0.044041380286216736
66,2.2,14,0,0,,4,uneven rough,5,0.0,52.95491409301758,34.69915008544922,0.3358267545700073,1.547560691833496,-1.0256588459014893,1.547560691833496,-1.0256588459014893,4.492622375488281,5.460216522216797,0.5,0.025215785950422287,0.21749763190746307,0.773780345916748,-0.5128294229507446,0.5055096745491028,0.058381304144859314,0.25889503955841064,0.07378251105546951,0.2933778464794159,0.1494598388671875,0.35385677218437195,0.35385677218437195,0.27213695645332336,1.9170074462890625,-0.26467379927635193,0.0,0.08171981573104858,0.08171981573104858,0.029190652072429657,0.029190652072429657,0.045276135206222534,-0.8404809236526489,-0.6706475615501404,0.0,-0.016085483133792877,-0.016085483133792877,0.12944751977920532,0.12944751977920532,0.11184035241603851,0.9443772435188293,-0.24752064049243927,0.0,0.01760716736316681,0.01760716736316681,0.05164775624871254,0.05164775624871254,0.0999864786863327,-2.010693311691284,-1.5774470567703247,0.0,-0.04833872243762016,-0.04833872243762016,0.14668892323970795,0.14668892323970795,0.05744463950395584,1.7868465185165405,-0.5079935193061829,0.0,0.0892442837357521,0.0892442837357521,0.07472991943359375,0.07472991943359375,-0.010212238878011703,1.1487667560577393,-0.37670305371284485,0.0,0.08494215831160545,0.08494215831160545
66,2.2,24,0,0,,4,uneven rough,6,0.0,53.182640075683594,35.438480377197266,0.3423147201538086,1.9576486349105835,0.3539641201496124,1.914726734161377,0.3539641201496124,9.773181915283203,3.2731666564941406,0.3333333432674408,-0.5833602547645569,0.07625698298215866,0.9788243174552917,0.1769820600748062,0.1230308786034584,-0.05960727855563164,-0.044117521494627,-0.1963130533695221,0.5541746616363525,-0.42623379826545715,0.08612161129713058,0.08612161129713058,0.07849746942520142,1.7468608617782593,0.2608336806297302,0.0,0.007624141871929169,0.007624141871929169,-0.09537164866924286,-0.09537164866924286,0.12400881946086884,-0.30291157960891724,0.6910883784294128,0.0,-0.2193804681301117,-0.2193804681301117,-0.0220587607473135,-0.0220587607473135,-0.02386529929935932,0.9596347808837891,0.05315510183572769,0.0,0.0018065385520458221,0.0018065385520458221,-0.13741913437843323,-0.13741913437843323,-0.06460502743721008,-1.998904824256897,-1.6263395547866821,0.0,-0.07281410694122314,-0.07281410694122314,0.27708733081817627,0.27708733081817627,0.20724911987781525,1.8816996812820435,-0.1076120063662529,0.0,0.06983821094036102,0.06983821094036102,-0.21311689913272858,-0.21311689913272858,-0.1125199943780899,-0.5842564105987549,-0.19429342448711395,0.0,-0.10059690475463867,-0.10059690475463867
67,2.2333333333333334,4,0,0,,4,uneven rough,5,0.0,53.49317932128906,33.040916442871094,0.2346860021352768,0.27637720108032227,-0.22010694444179535,0.27637720108032227,-0.22010694444179535,0.6627719402313232,3.1674678325653076,0.1666666716337204,0.4972380995750427,0.24404072761535645,0.13818860054016113,-0.11005347222089767,0.7474249005317688,0.0011103111319243908,0.38559046387672424,0.15205855667591095,-0.263095498085022,0.32599127292633057,0.5231974124908447,0.5231974124908447,0.22878357768058777,2.000404119491577,-0.7456763982772827,0.0,0.29441383481025696,0.29441383481025696,0.0005551555659621954,0.0005551555659621954,0.13128313422203064,-1.4771252870559692,-0.7099282741546631,0.0,-0.13072797865606844,-0.13072797865606844,0.19279523193836212,0.19279523193836212,0.15657183527946472,-0.4324856996536255,-1.0429922342300415,0.0,0.0362233966588974,0.0362233966588974,0.10644099116325378,0.10644099116325378,0.34604063630104065,-2.0002048015594482,-0.033331096172332764,0.0,-0.23959964513778687,-0.23959964513778687,-0.42095279693603516,-0.42095279693603516,0.1564372032880783,-1.649757981300354,1.4148142337799072,0.0,-0.5773900002241135,-0.5773900002241135,0.16299563646316528,0.16299563646316528,0.0963856503367424,2.0007121562957764,-0.4415578544139862,0.0,0.06660998612642288,0.06660998612642288
67,2.2333333333333334,14,0,0,,4,uneven rough,5,0.0,53.00005340576172,34.6867561340332,0.3314007818698883,1.4094020128250122,-0.41467106342315674,1.4094020128250122,-0.41467106342315674,2.887340545654297,3.4169442653656006,0.4998961389064789,-0.07597076147794724,0.06594141572713852,0.7047010064125061,-0.20733553171157837,0.6246739029884338,0.014480073936283588,-0.06448648124933243,0.33182910084724426,0.38538306951522827,0.10216514021158218,0.43727171421051025,0.43727171421051025,0.3374927341938019,1.9705935716629028,0.968852698802948,0.0,0.09977898001670837,0.09977898001670837,0.007240036968141794,0.007240036968141794,0.007281249854713678,0.033357977867126465,-0.7666716575622559,0.0,-4.1212886571884155e-05,-4.1212886571884155e-05,-0.032243240624666214,-0.032243240624666214,0.07780832797288895,-0.7183877825737,0.42638054490089417,0.0,-0.11005156859755516,-0.11005156859755516,0.23228037357330322,0.23228037357330322,0.12016791850328445,1.6884198188781738,-1.822405219078064,0.0,0.11211245507001877,0.11211245507001877,0.19269153475761414,0.19269153475761414,0.11813037842512131,1.9953477382659912,0.7895131707191467,0.0,0.07456115633249283,0.07456115633249283,0.05108257010579109,0.05108257010579109,0.017575522884726524,1.125598669052124,0.4858003258705139,0.0,0.03350704722106457,0.03350704722106457
67,2.2333333333333334,24,0,0,,4,uneven rough,6,0.0,53.23837661743164,35.442344665527344,0.3461800515651703,1.8999171257019043,0.2597537040710449,1.8999171257019043,0.2597537040710449,10.274881362915039,4.557121753692627,0.3333333432674408,-0.6846603155136108,0.11880342662334442,0.9499585628509521,0.12987685203552246,0.528934895992279,-0.15823186933994293,-0.06616699695587158,-0.1696101427078247,0.6792199611663818,-0.4990082383155823,0.37025442719459534,0.37025442719459534,0.14233049750328064,1.5540211200714111,1.1010360717773438,0.0,0.2279239296913147,0.2279239296913147,-0.25317099690437317,-0.25317099690437317,0.0924384593963623,-0.3785853981971741,0.12907902896404266,0.0,-0.3456094563007355,-0.3456094563007355,-0.03308349847793579,-0.03308349847793579,-0.02481095865368843,-0.2553713619709015,0.5656803250312805,0.0,-0.00827253982424736,-0.00827253982424736,-0.11872709542512894,-0.11872709542512894,-0.12225401401519775,-1.101049780845642,-1.8369886875152588,0.0,0.003526918590068817,0.003526918590068817,0.3396099805831909,0.3396099805831909,0.2616085708141327,1.999894380569458,1.0171483755111694,0.0,0.07800140976905823,0.07800140976905823,-0.24950411915779114,-0.24950411915779114,-0.17562644183635712,-1.9997180700302124,-0.4147791862487793,0.0,-0.07387767732143402,-0.07387767732143402
68,2.2666666666666666,4,0,0,,4,uneven rough,5,0.0,53.5338249206543,33.04535675048828,0.2301856279373169,1.5656933784484863,-0.6286687254905701,1.5656933784484863,-0.6286687254905701,5.511943817138672,0.9357049465179443,0.3333333432674408,0.4120693802833557,0.1852407306432724,0.7828466892242432,-0.31433436274528503,-0.19678589701652527,0.2028551548719406,0.6991938352584839,0.09862151741981506,0.42234572768211365,-0.1732407510280609,-0.13775011897087097,-0.13775011897087097,0.2072281837463379,-1.9508881568908691,0.8069624304771423,0.0,-0.34497830271720886,-0.34497830271720886,0.1014275774359703,0.1014275774359703,0.13800615072250366,-1.244168996810913,-1.1437028646469116,0.0,-0.036578573286533356,-0.036578573286533356,0.34959691762924194,0.34959691762924194,0.18464092910289764,1.2864984273910522,-0.6978107690811157,0.0,0.1649559885263443,0.1649559885263443,0.06903506070375443,0.06903506070375443,0.2952393889427185,-1.3428237438201904,-1.1454050540924072,0.0,-0.22620432823896408,-0.22620432823896408,0.21117286384105682,0.21117286384105682,0.1888517439365387,0.5275627970695496,-0.3179003894329071,0.0,0.022321119904518127,0.022321119904518127,-0.08662037551403046,-0.08662037551403046,0.0486491322517395,0.1421700417995453,0.9393059611320496,0.0,-0.13526950776576996,-0.13526950776576996
68,2.2666666666666666,14,0,0,,4,uneven rough,5,0.0,53.04678726196289,34.68093490600586,0.3359132409095764,1.1564586162567139,-0.3384823799133301,1.1564586162567139,-0.3384823799133301,1.3143497705459595,1.528100848197937,0.5,-0.17984676361083984,0.2326405942440033,0.5782293081283569,-0.16924118995666504,0.19090718030929565,0.1783045381307602,0.3184611201286316,0.6111686825752258,0.2686782777309418,-0.011815881356596947,0.1336350291967392,0.1336350291967392,0.31089335680007935,-1.749847173690796,1.5352387428283691,0.0,-0.17725832760334015,-0.17725832760334015,0.0891522690653801,0.0891522690653801,0.06420664489269257,0.7907222509384155,-0.3143334686756134,0.0,0.02494562417268753,0.02494562417268753,0.1592305600643158,0.1592305600643158,0.13452774286270142,1.7548627853393555,-0.22087351977825165,0.0,0.02470281720161438,0.02470281720161438,0.42781805992126465,0.42781805992126465,0.19307920336723328,1.9594733715057373,0.16262152791023254,0.0,0.23473885655403137,0.23473885655403137,0.1343391388654709,0.1343391388654709,0.15626530349254608,-0.27071458101272583,1.4712941646575928,0.0,-0.021926164627075195,-0.021926164627075195,-0.005907940678298473,-0.005907940678298473,0.01357270684093237,-0.3140886127948761,0.847543478012085,0.0,-0.019480647519230843,-0.019480647519230843
68,2.2666666666666666,24,0,0,,4,uneven rough,6,0.0,53.2945442199707,35.43118667602539,0.34539324045181274,1.9474003314971924,0.12255311757326126,1.8944902420043945,0.12255311757326126,9.681604385375977,1.8446829319000244,0.1666666716337204,-0.8222577571868896,0.1396317183971405,0.9737001657485962,0.06127655878663063,0.5320936441421509,-0.01820412650704384,0.10039746761322021,0.35939547419548035,0.515812337398529,-0.2499646544456482,0.3724655508995056,0.3724655508995056,0.20615731179714203,1.7497068643569946,1.3571546077728271,0.0,0.1663082391023636,0.1663082391023636,-0.0291266031563282,-0.0291266031563282,0.025907527655363083,-1.983093023300171,-0.1579553484916687,0.0,-0.055034130811691284,-0.055034130811691284,0.05019873380661011,0.05019873380661011,0.03921649605035782,1.8937283754348755,0.10145622491836548,0.0,0.010982237756252289,0.010982237756252289,0.25157684087753296,0.25157684087753296,-0.09892076253890991,1.9598640203475952,-1.4208874702453613,0.0,0.35049760341644287,0.35049760341644287,0.2579061686992645,0.2579061686992645,0.27196118235588074,0.3873760998249054,1.572794795036316,0.0,-0.014055013656616211,-0.014055013656616211,-0.1249823272228241,-0.1249823272228241,-0.13696275651454926,0.82480388879776,-1.3109065294265747,0.0,0.011980429291725159,0.011980429291725159
69,2.3,4,0,0,,4,uneven rough,5,0.0,53.57331085205078,33.04979705810547,0.22338518500328064,1.135791301727295,-0.7925868630409241,1.135791301727295,-0.7925868630409241,2.6803293228149414,3.1105546951293945,0.5,0.6015008091926575,0.22673474252223969,0.5678956508636475,-0.39629343152046204,0.8001314997673035,-0.0936112254858017,0.14894533157348633,0.0876045972108841,0.30207544565200806,-0.3253677189350128,0.560092031955719,0.560092031955719,0.24300646781921387,1.4441044330596924,-0.7523312568664551,0.0,0.3170855641365051,0.3170855641365051,-0.14977796375751495,-0.14977796375751495,0.0783771201968193,-0.6648582220077515,-1.200506567955017,0.0,-0.22815508395433426,-0.22815508395433426,0.07447266578674316,0.07447266578674316,0.12071670591831207,-1.9632383584976196,0.424121230840683,0.0,-0.04624404013156891,-0.04624404013156891,0.061323218047618866,0.061323218047618866,0.2272437959909439,-1.5701024532318115,-1.257025957107544,0.0,-0.16592057794332504,-0.16592057794332504,0.15103772282600403,0.15103772282600403,0.14147701859474182,0.3873562216758728,0.16012601554393768,0.0,0.009560704231262207,0.009560704231262207,-0.1626838594675064,-0.1626838594675064,-0.011249825358390808,-1.1803921461105347,0.4886038899421692,0.0,-0.1514340341091156,-0.1514340341091156
69,2.3,14,0,0,,4,uneven rough,5,0.0,53.08988571166992,34.68361282348633,0.3447311520576477,1.304491639137268,-0.581169068813324,1.304491639137268,-0.581169068813324,7.2092509269714355,2.9351768493652344,0.3333333432674408,-0.4391717314720154,0.1308784782886505,0.652245819568634,-0.290584534406662,0.36959055066108704,0.21296195685863495,0.09885585308074951,0.38372546434402466,-0.050043001770973206,-0.04156174510717392,0.25871339440345764,0.25871339440345764,0.24993248283863068,-1.1189513206481934,-0.3221547305583954,0.0,0.008780911564826965,0.008780911564826965,0.10648097842931747,0.10648097842931747,0.09446388483047485,0.5114076733589172,0.310467004776001,0.0,0.01201709359884262,0.01201709359884262,0.049427926540374756,0.049427926540374756,0.07786121964454651,-1.6342025995254517,0.8962113261222839,0.0,-0.028433293104171753,-0.028433293104171753,0.26860782504081726,0.26860782504081726,0.2547655403614044,1.2559961080551147,1.1785647869110107,0.0,0.013842284679412842,0.013842284679412842,-0.08006880432367325,-0.08006880432367325,0.10575256496667862,-1.9092544317245483,0.48635929822921753,0.0,-0.18582136929035187,-0.18582136929035187,-0.02078087255358696,-0.02078087255358696,-0.015361198224127293,-0.7140140533447266,0.19075462222099304,0.0,-0.005419674329459667,-0.005419674329459667
69,2.3,24,0,0,,4,uneven rough,6,0.0,53.35402297973633,35.43339538574219,0.3531879782676697,1.9608803987503052,-0.5581848621368408,1.9094239473342896,-0.5581848621368408,6.255702018737793,3.3333334922790527,0.1666666716337204,-0.7979178428649902,0.1400827318429947,0.9804401993751526,-0.2790924310684204,-0.13200737535953522,0.3029472827911377,-0.1536695510149002,0.26368415355682373,0.3968971371650696,0.2128356397151947,-0.09240516275167465,-0.09240516275167465,0.173238143324852,-1.7891035079956055,1.5791044235229492,0.0,-0.26564330607652664,-0.26564330607652664,0.15147364139556885,0.15147364139556885,0.04019395262002945,1.313062310218811,-1.1898914575576782,0.0,0.1112796887755394,0.1112796887755394,-0.0768347755074501,-0.0768347755074501,0.03562523424625397,-0.07591849565505981,1.1148101091384888,0.0,-0.11246000975370407,-0.11246000975370407,0.18457891047000885,0.18457891047000885,-0.027028489857912064,1.9644635915756226,0.4905954897403717,0.0,0.2116074003279209,0.2116074003279209,0.1984485685825348,0.1984485685825348,0.25252947211265564,-1.7847131490707397,0.9025569558143616,0.0,-0.05408090353012085,-0.05408090353012085,0.10641781985759735,0.10641781985759735,-0.09791775792837143,1.4069477319717407,-0.10337204486131668,0.0,0.20433557778596878,0.20433557778596878
70,2.3333333333333335,4,0,0,,4,uneven rough,5,0.0,53.61270523071289,33.0408935546875,0.2207936942577362,0.5042530298233032,-1.1365991830825806,0.5042530298233032,-1.1365991830825806,1.9828474521636963,2.0493316650390625,0.3333333432674408,0.6163259744644165,0.2590559124946594,0.2521265149116516,-0.5682995915412903,0.5182585120201111,-0.14478355646133423,0.55727219581604,0.4375157952308655,0.07456833124160767,-0.5090091228485107,0.36278095841407776,0.36278095841407776,0.29550766944885254,1.9914982318878174,0.48953741788864136,0.0,0.06727328896522522,0.06727328896522522,-0.23165369033813477,-0.23165369033813477,0.01691085658967495,-1.987122654914856,-0.8976500034332275,0.0,-0.24856454692780972,-0.24856454692780972,0.27863609790802,0.27863609790802,0.13071252405643463,1.074431300163269,-0.9256961345672607,0.0,0.1479235738515854,0.1479235738515854,0.3062610626220703,0.3062610626220703,0.24571701884269714,1.7739959955215454,-1.4340399503707886,0.0,0.06054404377937317,0.06054404377937317,0.03728416562080383,0.03728416562080383,0.08599650114774704,-1.909999132156372,0.28860238194465637,0.0,-0.04871233552694321,-0.04871233552694321,-0.25450456142425537,-0.25450456142425537,-0.033158719539642334,-0.6029778718948364,-0.45504945516586304,0.0,-0.22134584188461304,-0.22134584188461304
70,2.3333333333333335,14,0,0,,4,uneven rough,5,0.0,53.13440704345703,34.686607360839844,0.35146480798721313,0.8634799122810364,-1.145484209060669,0.8634799122810364,-1.145484209060669,5.383119106292725,3.1732168197631836,0.45832929015159607,-0.4817892014980316,0.03658940643072128,0.4317399561405182,-0.5727421045303345,0.30074548721313477,0.17039665579795837,0.4413476288318634,0.11753871291875839,-0.28402435779571533,-0.12269209325313568,0.21052183210849762,0.21052183210849762,0.2286737710237503,-0.9789179563522339,-0.7726649641990662,0.0,-0.018151938915252686,-0.018151938915252686,0.08519832789897919,0.08519832789897919,0.08396691083908081,0.13166716694831848,0.42407920956611633,0.0,0.0012314170598983765,0.0012314170598983765,0.2206738144159317,0.2206738144159317,0.10854613780975342,1.1795859336853027,-0.5344892740249634,0.0,0.11212767660617828,0.11212767660617828,0.0822770968079567,0.0822770968079567,0.20798435807228088,-1.8555008172988892,1.2223446369171143,0.0,-0.1257072612643242,-0.1257072612643242,-0.4544389843940735,-0.4544389843940735,0.07441066205501556,-0.12988166511058807,-0.8681250214576721,0.0,-0.528849646449089,-0.528849646449089,-0.06134604662656784,-0.06134604662656784,0.0031674569472670555,0.16492365300655365,-0.3208031952381134,0.0,-0.0645135035738349,-0.0645135035738349
70,2.3333333333333335,24,0,0,,4,uneven rough,6,0.0,53.41447448730469,35.44597625732422,0.36708635091781616,1.9116982221603394,-0.7728293538093567,1.8692965507507324,-0.7728293538093567,9.099346160888672,1.4938682317733765,0.1666666716337204,-0.35189470648765564,0.1260242760181427,0.9558491110801697,-0.38641467690467834,0.02223622053861618,0.4282957911491394,-0.3477577269077301,0.28423696756362915,0.28337204456329346,0.20679838955402374,0.015565354377031326,0.015565354377031326,0.11027929931879044,-2.0000009536743164,-0.3252863585948944,0.0,-0.09471394494175911,-0.09471394494175911,0.2141478955745697,0.2141478955745697,0.10250116884708405,1.9505172967910767,0.22528307139873505,0.0,0.11164672672748566,0.11164672672748566,-0.17387886345386505,-0.17387886345386505,-0.020977631211280823,-1.9999860525131226,0.4415700137615204,0.0,-0.15290123224258423,-0.15290123224258423,0.1989658772945404,0.1989658772945404,0.03628425672650337,1.962727665901184,1.323923110961914,0.0,0.16268162056803703,0.16268162056803703,0.14168602228164673,0.14168602228164673,0.19407878816127777,-2.0000014305114746,-0.6168303489685059,0.0,-0.05239276587963104,-0.05239276587963104,0.10339919477701187,0.10339919477701187,-0.03520623594522476,1.9989885091781616,0.7505654692649841,0.0,0.13860543072223663,0.13860543072223663
71,2.3666666666666667,4,0,0,,4,uneven rough,5,0.0,53.65287399291992,33.034854888916016,0.2193804383277893,0.9607887268066406,-0.4264279901981354,0.9607887268066406,-0.4264279901981354,1.3818778991699219,2.1320290565490723,0.3333333432674408,0.2411855161190033,0.26783615350723267,0.4803943634033203,-0.2132139950990677,-0.2760844826698303,0.10827456414699554,0.6734831929206848,0.5775620937347412,0.25196409225463867,-0.20789384841918945,-0.193259134888649,-0.193259134888649,0.26474788784980774,-1.7393677234649658,1.338748812675476,0.0,-0.4580070227384567,-0.4580070227384567,0.05413728207349777,0.05413728207349777,0.056338369846343994,-0.40751391649246216,-1.5136398077011108,0.0,-0.002201087772846222,-0.002201087772846222,0.3367415964603424,0.3367415964603424,0.18356533348560333,1.3288952112197876,0.20517951250076294,0.0,0.15317626297473907,0.15317626297473907,0.4042934477329254,0.4042934477329254,0.3177168071269989,2.0135416984558105,0.3797893524169922,0.0,0.08657664060592651,0.08657664060592651,0.12598204612731934,0.12598204612731934,0.1404416561126709,0.39835143089294434,-0.9544908404350281,0.0,-0.014459609985351562,-0.014459609985351562,-0.10394692420959473,-0.10394692420959473,-0.06405878812074661,-0.7019954919815063,-0.5386884212493896,0.0,-0.039888136088848114,-0.039888136088848114
71,2.3666666666666667,14,0,0,,4,uneven rough,5,0.0,53.17858123779297,34.68425369262695,0.3489026129245758,0.6860032677650452,-0.7071629762649536,0.6860032677650452,-0.7071629762649536,3.089350700378418,2.9601364135742188,0.3333333432674408,-0.40642881393432617,0.17726829648017883,0.3430016338825226,-0.3535814881324768,0.699790358543396,-0.03966904804110527,0.5497422218322754,-0.17578339576721191,0.14862143993377686,-0.25615790486335754,0.48985323309898376,0.48985323309898376,0.2738111615180969,1.8692926168441772,-0.8892807960510254,0.0,0.21604207158088684,0.21604207158088684,-0.06347047537565231,-0.06347047537565231,0.021961132064461708,-1.9991916418075562,0.2587489187717438,0.0,-0.08543160744011402,-0.08543160744011402,0.2748711109161377,0.2748711109161377,0.15858732163906097,1.7529176473617554,0.4346519112586975,0.0,0.11628378927707672,0.11628378927707672,-0.12304837256669998,-0.12304837256669998,0.13883915543556213,-1.9911569356918335,-0.5178747177124023,0.0,-0.2618875280022621,-0.2618875280022621,0.07431071996688843,0.07431071996688843,0.0679541677236557,0.9114857912063599,-0.4507209062576294,0.0,0.006356552243232727,0.006356552243232727,-0.12807895243167877,-0.12807895243167877,0.00825593899935484,0.030677126720547676,-0.0461723655462265,0.0,-0.1363348914310336,-0.1363348914310336
71,2.3666666666666667,24,0,0,,4,uneven rough,6,0.0,53.475494384765625,35.4582405090332,0.36117106676101685,1.8250198364257812,-0.3934986889362335,1.8250198364257812,-0.3934986889362335,9.509681701660156,0.0,0.0,-0.12963686883449554,0.19037139415740967,0.9125099182128906,-0.19674934446811676,-0.11530575901269913,0.2711232304573059,-0.43148478865623474,0.1398250311613083,0.5971674919128418,0.1645267754793167,-0.08071403205394745,-0.08071403205394745,0.04455387592315674,-1.8014270067214966,-1.2721730470657349,0.0,-0.1252679079771042,-0.1252679079771042,0.13556161522865295,0.13556161522865295,0.153740793466568,0.41337186098098755,1.2007335424423218,0.0,-0.01817917823791504,-0.01817917823791504,-0.21574239432811737,-0.21574239432811737,-0.0874103456735611,-1.9782801866531372,-0.9388901591300964,0.0,-0.12833204865455627,-0.12833204865455627,0.09787751734256744,0.09787751734256744,0.10087452828884125,1.5643870830535889,1.6851043701171875,0.0,-0.0029970109462738037,-0.0029970109462738037,0.2985837459564209,0.2985837459564209,0.23028306663036346,1.7985899448394775,-1.398877739906311,0.0,0.06830067932605743,0.06830067932605743,0.08226338773965836,0.08226338773965836,0.03203917294740677,2.000000476837158,1.4564261436462402,0.0,0.05022421479225159,0.05022421479225159
72,2.4,4,0,0,,4,uneven rough,5,0.0,53.68619155883789,33.0287971496582,0.21936728060245514,0.7786887884140015,-0.03555519878864288,0.7786887884140015,-0.03555519878864288,4.641932487487793,0.46374523639678955,0.5,0.25517427921295166,0.18323740363121033,0.38934439420700073,-0.01777759939432144,0.515870988368988,0.030442116782069206,0.15462377667427063,0.46354222297668457,0.037840791046619415,-0.0058083441108465195,0.3611096739768982,0.3611096739768982,0.3112998604774475,1.9640706777572632,-0.40162381529808044,0.0,0.049809813499450684,0.049809813499450684,0.015221058391034603,0.015221058391034603,-0.008535816334187984,-1.409437656402588,-0.8882342576980591,0.0,0.023756874725222588,0.023756874725222588,0.07731188833713531,0.07731188833713531,0.128525048494339,-1.972658395767212,0.8405303955078125,0.0,-0.051213160157203674,-0.051213160157203674,0.3244795501232147,0.3244795501232147,0.32328712940216064,-0.0006503323093056679,1.303515911102295,0.0,0.0011924207210540771,0.0011924207210540771,0.018920395523309708,0.018920395523309708,0.08028532564640045,-1.6488209962844849,-0.1895914077758789,0.0,-0.061364930123090744,-0.061364930123090744,-0.0029041720554232597,-0.0029041720554232597,-0.08100827038288116,1.0938128232955933,-0.6310225129127502,0.0,0.0781040983274579,0.0781040983274579
72,2.4,14,0,0,,4,uneven rough,5,0.0,53.22360610961914,34.6698112487793,0.3446193337440491,0.5731821060180664,-0.6102772355079651,0.5731821060180664,-0.6102772355079651,1.284656286239624,2.5872063636779785,0.3333333432674408,-0.07200711220502853,0.0897708386182785,0.2865910530090332,-0.30513861775398254,0.655461311340332,0.07716748118400574,0.501759946346283,0.3025137484073639,0.28653907775878906,-0.005957928020507097,0.45882290601730347,0.45882290601730347,0.33072078227996826,1.4779300689697266,0.6704215407371521,0.0,0.1281021237373352,0.1281021237373352,0.03858374059200287,0.03858374059200287,0.03457479551434517,0.3827114403247833,-1.0178947448730469,0.0,0.0040089450776577,0.0040089450776577,0.2508799731731415,0.2508799731731415,0.21569207310676575,1.1866052150726318,1.1800017356872559,0.0,0.03518790006637573,0.03518790006637573,0.21175962686538696,0.21175962686538696,0.14463651180267334,1.6856803894042969,-1.3508710861206055,0.0,0.06712311506271362,0.06712311506271362,0.14326953887939453,0.14326953887939453,0.14149421453475952,1.804371953010559,0.3194732069969177,0.0,0.0017753243446350098,0.0017753243446350098,-0.0029789640102535486,-0.0029789640102535486,0.021921921521425247,0.9825235605239868,-0.002721524564549327,0.0,-0.024900885531678796,-0.024900885531678796
72,2.4,24,0,0,,4,uneven rough,6,0.0,53.53440856933594,35.46842956542969,0.3380836248397827,1.479715347290039,0.6991294026374817,1.479715347290039,0.6991294026374817,7.557496070861816,0.0,0.0,-0.014792263507843018,0.14328621327877045,0.7398576736450195,0.34956470131874084,0.3645792305469513,-0.06554141640663147,-0.5627720355987549,-0.20353859663009644,0.6499356031417847,-0.06156332790851593,0.2552054524421692,0.2552054524421692,0.10033705085515976,0.9143702387809753,-1.5714141130447388,0.0,0.15486840158700943,0.15486840158700943,-0.10486626625061035,-0.10486626625061035,0.10866858065128326,1.0405936241149902,0.7555578351020813,0.0,-0.21353484690189362,-0.21353484690189362,-0.28138601779937744,-0.28138601779937744,-0.1328386664390564,1.1102547645568848,-1.5265631675720215,0.0,-0.14854735136032104,-0.14854735136032104,-0.14247702062129974,-0.14247702062129974,0.03793469816446304,-1.7141199111938477,1.6168506145477295,0.0,-0.1804117187857628,-0.1804117187857628,0.32496780157089233,0.32496780157089233,0.28199106454849243,1.9211703538894653,0.4089762568473816,0.0,0.0429767370223999,0.0429767370223999,-0.030781663954257965,-0.030781663954257965,0.005840183235704899,-0.7688600420951843,1.7637640237808228,0.0,-0.036621847189962864,-0.036621847189962864
73,2.433333333333333,4,0,0,,4,uneven rough,5,0.0,53.7204475402832,33.0266227722168,0.23018302023410797,1.048606276512146,-0.12138976156711578,1.048606276512146,-0.12138976156711578,4.522407054901123,0.0554417222738266,0.1666666716337204,0.15407870709896088,0.33935388922691345,0.524303138256073,-0.06069488078355789,-0.29399362206459045,0.41311565041542053,0.8591097593307495,0.32651031017303467,-0.13678990304470062,-0.28234753012657166,-0.2057955265045166,-0.2057955265045166,0.311605304479599,-0.9398491978645325,0.9359440803527832,0.0,-0.5174008309841156,-0.5174008309841156,0.20655782520771027,0.20655782520771027,0.05850466713309288,2.0077226161956787,-1.1829235553741455,0.0,0.14805315807461739,0.14805315807461739,0.42955487966537476,0.42955487966537476,0.1585073620080948,1.1175605058670044,-0.7500516176223755,0.0,0.27104751765727997,0.27104751765727997,0.22855721414089203,0.22855721414089203,0.33128035068511963,0.3040976822376251,0.566137969493866,0.0,-0.1027231365442276,-0.1027231365442276,-0.218863844871521,-0.218863844871521,0.09138061106204987,-0.1967858076095581,-1.0146424770355225,0.0,-0.31024445593357086,-0.31024445593357086,-0.14117376506328583,-0.14117376506328583,-0.09765054285526276,-0.6081337332725525,0.3442024886608124,0.0,-0.04352322220802307,-0.04352322220802307
73,2.433333333333333,14,0,0,,4,uneven rough,5,0.0,53.266021728515625,34.6595344543457,0.3385128378868103,0.4708561599254608,0.046144064515829086,0.4708561599254608,0.046144064515829086,0.698036789894104,1.5642783641815186,0.3333333432674408,-0.2142060250043869,0.24289041757583618,0.2354280799627304,0.023072032257914543,0.35192394256591797,0.46247735619544983,0.12730790674686432,0.7997560501098633,0.4195147752761841,0.16152077913284302,0.24634675681591034,0.24634675681591034,0.299299031496048,-1.6779168844223022,1.1269882917404175,0.0,-0.052952274680137634,-0.052952274680137634,0.23123867809772491,0.23123867809772491,0.09703660011291504,1.9962104558944702,-0.22598950564861298,0.0,0.13420207798480988,0.13420207798480988,0.06365395337343216,0.06365395337343216,0.15899592638015747,-0.8494675755500793,1.1837353706359863,0.0,-0.09534197300672531,-0.09534197300672531,0.5598292350769043,0.5598292350769043,0.21589262783527374,1.5834819078445435,0.36600056290626526,0.0,0.34393660724163055,0.34393660724163055,0.20975738763809204,0.20975738763809204,0.20823107659816742,1.3701759576797485,1.1590375900268555,0.0,0.0015263110399246216,0.0015263110399246216,0.08076038956642151,0.08076038956642151,0.07475163787603378,2.0504627227783203,0.5543377995491028,0.0,0.006008751690387726,0.006008751690387726
73,2.433333333333333,24,0,0,,4,uneven rough,6,0.0,53.59218978881836,35.47505187988281,0.3334487974643707,1.9546207189559937,1.304248571395874,1.8744735717773438,1.304248571395874,8.809463500976562,1.1452082395553589,0.3333333432674408,0.06107644364237785,0.08521684259176254,0.9773103594779968,0.652124285697937,0.3147548735141754,-0.24928413331508636,-0.25740236043930054,-0.21507248282432556,0.41733601689338684,-0.37961530685424805,0.2203284054994583,0.2203284054994583,0.16526828706264496,1.9984745979309082,-0.16594716906547546,0.0,0.055060118436813354,0.055060118436813354,-0.3988546133041382,-0.3988546133041382,0.0540606826543808,-0.8200163841247559,0.9167175889015198,0.0,-0.452915295958519,-0.452915295958519,-0.12870118021965027,-0.12870118021965027,-0.11079683899879456,0.9155751466751099,-0.03570156544446945,0.0,-0.017904341220855713,-0.017904341220855713,-0.1505507379770279,-0.1505507379770279,-0.03067796677350998,-1.94203782081604,-0.26648610830307007,0.0,-0.11987277120351791,-0.11987277120351791,0.20866800844669342,0.20866800844669342,0.21571922302246094,-1.6342576742172241,1.2639734745025635,0.0,-0.007051214575767517,-0.007051214575767517,-0.18980765342712402,-0.18980765342712402,-0.061044126749038696,-2.0002896785736084,0.3318138122558594,0.0,-0.12876352667808533,-0.12876352667808533
74,2.466666666666667,4,0,0,,4,uneven rough,5,0.0,53.75416946411133,33.03311538696289,0.2280939221382141,1.0768775939941406,0.08431967347860336,1.0768775939941406,0.08431967347860336,3.11598539352417,4.635385513305664,0.5,0.11906389892101288,0.0803106427192688,0.5384387969970703,0.04215983673930168,0.5114244818687439,-0.021448850631713867,0.47414475679397583,0.04407386854290962,0.36325860023498535,-0.5266441702842712,0.3579971194267273,0.3579971194267273,0.36157336831092834,1.4870936870574951,-0.12463279813528061,0.0,-0.00357624888420105,-0.00357624888420105,-0.03431816026568413,-0.03431816026568413,0.02143196389079094,-2.000013828277588,0.6210735440254211,0.0,-0.05575012415647507,-0.05575012415647507,0.23707237839698792,0.23707237839698792,0.1991652548313141,1.134210467338562,0.30589962005615234,0.0,0.03790712356567383,0.03790712356567383,0.030851706862449646,0.030851706862449646,0.27178558707237244,-1.6084604263305664,0.4179799258708954,0.0,-0.2409338802099228,-0.2409338802099228,0.18162930011749268,0.18162930011749268,0.14327503740787506,2.0169966220855713,-0.55222487449646,0.0,0.038354262709617615,0.038354262709617615,-0.2633220851421356,-0.2633220851421356,-0.1208827868103981,-1.3904151916503906,-0.19425010681152344,0.0,-0.14243929833173752,-0.14243929833173752
74,2.466666666666667,14,0,0,,4,uneven rough,5,0.0,53.30613708496094,34.64515686035156,0.34197309613227844,0.943543553352356,-0.11545827984809875,0.943543553352356,-0.11545827984809875,4.635628700256348,0.3037753105163574,0.1666666716337204,-0.4261023700237274,0.21733316779136658,0.471771776676178,-0.05772913992404938,0.6391336917877197,0.29423168301582336,0.3996979296207428,0.583401083946228,0.15184156596660614,0.015888288617134094,0.4473935663700104,0.4473935663700104,0.3267865777015686,1.946077585220337,-0.45891010761260986,0.0,0.12060698866844177,0.12060698866844177,0.14711584150791168,0.14711584150791168,0.13481605052947998,0.5594285726547241,1.0304462909698486,0.0,0.012299790978431702,0.012299790978431702,0.1998489648103714,0.1998489648103714,0.1476656198501587,0.10364292562007904,0.03415880724787712,0.0,0.05218334496021271,0.05218334496021271,0.40838074684143066,0.40838074684143066,0.27222344279289246,1.7711626291275024,1.0543667078018188,0.0,0.1361573040485382,0.1361573040485382,0.07592078298330307,0.07592078298330307,0.16221868991851807,-1.746645212173462,1.278415560722351,0.0,-0.086297906935215,-0.086297906935215,0.007944144308567047,0.007944144308567047,0.05909473076462746,0.8660046458244324,1.4002494812011719,0.0,-0.05115058645606041,-0.05115058645606041
74,2.466666666666667,24,0,0,,4,uneven rough,6,0.0,53.64786148071289,35.48452377319336,0.3265165090560913,1.915999412536621,-0.27022549510002136,1.8913847208023071,-0.27022549510002136,7.500820159912109,0.717523992061615,0.3333333432674408,0.10047708451747894,0.13724830746650696,0.9579997062683105,-0.13511274755001068,0.18214170634746552,-0.052108921110630035,0.14317646622657776,-0.09577814489603043,0.01004047505557537,-0.5839565992355347,0.12749919295310974,0.12749919295310974,0.15111306309700012,-1.2506495714187622,1.0578207969665527,0.0,-0.02361387014389038,-0.02361387014389038,-0.0833742767572403,-0.0833742767572403,-0.011254305951297283,-2.000023126602173,-0.06523490697145462,0.0,-0.07211997080594301,-0.07211997080594301,0.07158823311328888,0.07158823311328888,-0.051804590970277786,1.9163000583648682,0.5021519660949707,0.0,0.12339282408356667,0.12339282408356667,-0.067044697701931,-0.067044697701931,-0.04732932150363922,-0.7190353274345398,-1.2138460874557495,0.0,-0.01971537619829178,-0.01971537619829178,0.005020237527787685,0.005020237527787685,0.14940044283866882,-1.752889633178711,-0.3746916353702545,0.0,-0.14438020531088114,-0.14438020531088114,-0.29197829961776733,-0.29197829961776733,-0.06831599026918411,1.3483322858810425,-0.9867616891860962,0.0,-0.22366230934858322,-0.22366230934858322
75,2.5,4,0,0,,4,uneven rough,5,0.0,53.78886413574219,33.04068374633789,0.22290073335170746,0.7470217943191528,0.007019796408712864,0.7470217943191528,0.007019796408712864,1.5641326904296875,1.4931868314743042,0.1666666716337204,0.1514158844947815,0.13234667479991913,0.3735108971595764,0.003509898204356432,0.7368165254592896,-0.077727310359478,0.6467937231063843,0.14013004302978516,0.281643271446228,-0.4538835287094116,0.5157715678215027,0.5157715678215027,0.42684224247932434,1.9529237747192383,0.7866402268409729,0.0,0.08892932534217834,0.08892932534217834,-0.12436369806528091,-0.12436369806528091,-0.04231221228837967,-1.9907217025756836,-0.860893964767456,0.0,-0.08205148577690125,-0.08205148577690125,0.32339686155319214,0.32339686155319214,0.23200653493404388,0.7884774208068848,0.774228036403656,0.0,0.09139032661914825,0.09139032661914825,0.09809102863073349,0.09809102863073349,0.20951174199581146,-1.8089807033538818,-0.7277730703353882,0.0,-0.11142071336507797,-0.11142071336507797,0.140821635723114,0.140821635723114,0.1838545799255371,-0.2925884425640106,0.9004175662994385,0.0,-0.043032944202423096,-0.043032944202423096,-0.2269417643547058,-0.2269417643547058,-0.16867870092391968,-1.6532676219940186,-0.8705639839172363,0.0,-0.05826306343078613,-0.05826306343078613
75,2.5,14,0,0,,4,uneven rough,5,0.0,53.344242095947266,34.63177490234375,0.3430890738964081,1.1410905122756958,-0.43110138177871704,1.1410905122756958,-0.43110138177871704,4.064975261688232,3.563617706298828,0.3333333432674408,-0.2568693161010742,0.243218332529068,0.5705452561378479,-0.21555069088935852,-0.46335259079933167,0.36117619276046753,0.6801041960716248,0.776652455329895,0.32582902908325195,0.2780914902687073,-0.3243468105792999,-0.3243468105792999,0.30627498030662537,-1.5125410556793213,0.9008742570877075,0.0,-0.6306217908859253,-0.6306217908859253,0.18058809638023376,0.18058809638023376,0.15134386718273163,-0.21344703435897827,0.764132022857666,0.0,0.029244229197502136,0.029244229197502136,0.3400520980358124,0.3400520980358124,0.206457257270813,-0.854335367679596,0.07344525307416916,0.0,0.1335948407649994,0.1335948407649994,0.5436567068099976,0.5436567068099976,0.34289443492889404,1.9354405403137207,1.4596444368362427,0.0,0.20076227188110352,0.20076227188110352,0.16291451454162598,0.16291451454162598,0.18030057847499847,-0.00017590424977242947,-0.43195921182632446,0.0,-0.017386063933372498,-0.017386063933372498,0.13904574513435364,0.13904574513435364,0.10415934026241302,-0.932742714881897,1.0981864929199219,0.0,0.03488640487194061,0.03488640487194061
75,2.5,24,0,0,,4,uneven rough,6,0.0,53.7037467956543,35.48479080200195,0.33434873819351196,1.9546334743499756,-1.032291293144226,1.8826202154159546,-1.032291293144226,10.168014526367188,3.163485288619995,0.3333333432674408,0.447752445936203,0.16086024045944214,0.9773167371749878,-0.516145646572113,0.4857064187526703,0.3767010569572449,0.11617522686719894,0.1323809176683426,0.16253206133842468,-0.385481595993042,0.33999449014663696,0.33999449014663696,0.16808678209781647,1.9935005903244019,-0.24739249050617218,0.0,0.1719077080488205,0.1719077080488205,0.18835052847862244,0.18835052847862244,0.041504308581352234,1.8790332078933716,-1.1591676473617554,0.0,0.1468462198972702,0.1468462198972702,0.05808761343359947,0.05808761343359947,0.015505243092775345,1.9994956254959106,1.3017138242721558,0.0,0.04258237034082413,0.04258237034082413,0.0926666408777237,0.0926666408777237,-0.0070592793636024,1.9868686199188232,-0.9340791702270508,0.0,0.0997259202413261,0.0997259202413261,0.08126603066921234,0.08126603066921234,0.1030898466706276,-1.9010738134384155,-1.153927206993103,0.0,-0.021823816001415253,-0.021823816001415253,-0.192740797996521,-0.192740797996521,-0.09433107823133469,-1.800934910774231,0.3335046172142029,0.0,-0.09840971976518631,-0.09840971976518631
76,2.533333333333333,4,0,0,,4,uneven rough,5,0.0,53.82149124145508,33.051597595214844,0.22293688356876373,1.057494878768921,-1.0812134742736816,1.057494878768921,-1.0812134742736816,2.034046173095703,2.9897332191467285,0.3333333432674408,0.01423766277730465,0.11551638692617416,0.5287474393844604,-0.5406067371368408,0.5272042751312256,-0.14001528918743134,0.816371738910675,0.16784754395484924,0.3309236466884613,-0.5199828743934631,0.3690429925918579,0.3690429925918579,0.4169299006462097,-1.8270790576934814,1.446058988571167,0.0,-0.04788690805435181,-0.04788690805435181,-0.2240244597196579,-0.2240244597196579,-0.10739518702030182,-1.7500799894332886,-1.4997005462646484,0.0,-0.11662927269935608,-0.11662927269935608,0.4081858694553375,0.4081858694553375,0.2819999158382416,1.0808918476104736,0.782284677028656,0.0,0.12618595361709595,0.12618595361709595,0.11749327927827835,0.11749327927827835,0.1668122261762619,-0.9814944267272949,-1.3390897512435913,0.0,-0.04931894689798355,-0.04931894689798355,0.16546182334423065,0.16546182334423065,0.17441098392009735,0.08936406672000885,0.22588984668254852,0.0,-0.0089491605758667,-0.0089491605758667,-0.25999143719673157,-0.25999143719673157,-0.21058078110218048,-1.2648133039474487,-1.3131060600280762,0.0,-0.049410656094551086,-0.049410656094551086
76,2.533333333333333,14,0,0,,4,uneven rough,5,0.0,53.377296447753906,34.631011962890625,0.3454257547855377,0.5785042643547058,0.18683388829231262,0.5785042643547058,0.18683388829231262,4.319165229797363,1.2928990125656128,0.5,-0.12453939765691757,0.14428192377090454,0.2892521321773529,0.09341694414615631,0.09108123928308487,-0.13970932364463806,0.40835991501808167,0.5011163949966431,0.07340921461582184,0.16058598458766937,0.06375686824321747,0.06375686824321747,0.24649612605571747,-1.4171382188796997,-0.4636751115322113,0.0,-0.1827392578125,-0.1827392578125,-0.22353492677211761,-0.22353492677211761,0.0972713977098465,-1.230273962020874,0.21140706539154053,0.0,-0.3208063244819641,-0.3208063244819641,0.20417995750904083,0.20417995750904083,0.19181686639785767,0.586555540561676,-0.45112356543540955,0.0,0.012363091111183167,0.012363091111183167,0.35078147053718567,0.35078147053718567,0.38460615277290344,0.09195846319198608,1.7286604642868042,0.0,-0.03382468223571777,-0.03382468223571777,0.03670460730791092,0.03670460730791092,0.11094682663679123,-1.996626615524292,-0.1878281533718109,0.0,-0.07424221932888031,-0.07424221932888031,0.08029299229383469,0.08029299229383469,0.07813426107168198,-0.3728128671646118,-0.05010451376438141,0.0,0.00215873122215271,0.00215873122215271
76,2.533333333333333,24,0,0,,4,uneven rough,6,0.0,53.757320404052734,35.48226547241211,0.3433687090873718,1.7805653810501099,0.13761454820632935,1.7805653810501099,0.13761454820632935,9.406473159790039,0.7991399168968201,0.1666666716337204,0.41434574127197266,0.2105085551738739,0.8902826905250549,0.06880727410316467,-0.6669040322303772,0.20209920406341553,0.48901909589767456,0.5014682412147522,-0.007317725103348494,0.15283441543579102,-0.46683281660079956,-0.46683281660079956,0.14062060415744781,-1.361838936805725,1.019612431526184,0.0,-0.6074534207582474,-0.6074534207582474,0.10104960203170776,0.10104960203170776,0.09590274840593338,0.7988049387931824,0.5586365461349487,0.0,0.0051468536257743835,0.0051468536257743835,0.24450954794883728,0.24450954794883728,0.08200091123580933,-0.28799182176589966,1.6962409019470215,0.0,0.16250863671302795,0.16250863671302795,0.3510277569293976,0.3510277569293976,0.06400002539157867,1.8166626691818237,0.7174299359321594,0.0,0.2870277315378189,0.2870277315378189,-0.01170836016535759,-0.01170836016535759,0.038776945322752,-1.9835269451141357,-1.5763652324676514,0.0,-0.05048530548810959,-0.05048530548810959,0.07641720771789551,0.07641720771789551,-0.05369553342461586,1.9873002767562866,-0.8733113408088684,0.0,0.13011274114251137,0.13011274114251137
77,2.5666666666666664,4,0,0,,4,uneven rough,5,0.0,53.85566711425781,33.052345275878906,0.23172610998153687,1.1509509086608887,-0.9435768723487854,1.1509509086608887,-0.9435768723487854,2.33804988861084,3.3685479164123535,0.3333333432674408,-0.08275990933179855,0.25658249855041504,0.5754754543304443,-0.4717884361743927,0.8421070575714111,0.04981818422675133,0.5153083205223083,0.42161524295806885,0.25948742032051086,-0.1812501847743988,0.5894749164581299,0.5894749164581299,0.4247698187828064,1.378811001777649,-0.40457916259765625,0.0,0.1647050976753235,0.1647050976753235,0.024909092113375664,0.024909092113375664,-0.06491699814796448,2.0038349628448486,-1.6412655115127563,0.0,0.08982609026134014,0.08982609026134014,0.2576541602611542,0.2576541602611542,0.2740127146244049,-0.7110631465911865,0.9511176943778992,0.0,-0.016358554363250732,-0.016358554363250732,0.2951306700706482,0.2951306700706482,0.17243064939975739,1.1058546304702759,-1.1369047164916992,0.0,0.12270002067089081,0.12270002067089081,0.12974371016025543,0.12974371016025543,0.16554957628250122,-0.9876287579536438,0.14869792759418488,0.0,-0.03580586612224579,-0.03580586612224579,-0.0906250923871994,-0.0906250923871994,-0.23733903467655182,-0.9587132930755615,-1.2858012914657593,0.0,0.14671394228935242,0.14671394228935242
77,2.5666666666666664,14,0,0,,4,uneven rough,5,0.0,53.41293716430664,34.6370964050293,0.34663844108581543,0.8530895113945007,-0.31242790818214417,0.8530895113945007,-0.31242790818214417,4.123851776123047,0.713552713394165,0.3333333432674408,0.14375576376914978,0.11234444379806519,0.42654475569725037,-0.15621395409107208,0.27250826358795166,-0.06793898344039917,0.6501638889312744,0.21061445772647858,-0.24931327998638153,-0.04470336064696312,0.19075578451156616,0.19075578451156616,0.21833541989326477,-1.1545634269714355,-1.0027648210525513,0.0,-0.02757963538169861,-0.02757963538169861,-0.10870237648487091,-0.10870237648487091,0.04181051626801491,-1.6451292037963867,-0.6037219762802124,0.0,-0.15051289275288582,-0.15051289275288582,0.3250819444656372,0.3250819444656372,0.2187453806400299,0.432278573513031,0.1355820596218109,0.0,0.1063365638256073,0.1063365638256073,0.14743012189865112,0.14743012189865112,0.33667606115341187,-1.509653925895691,0.8032662272453308,0.0,-0.18924593925476074,-0.18924593925476074,-0.3989012539386749,-0.3989012539386749,0.061422672122716904,-0.7794944643974304,-1.2105259895324707,0.0,-0.46032392606139183,-0.46032392606139183,-0.02235168032348156,-0.02235168032348156,0.04818601906299591,-1.3233661651611328,-0.23256438970565796,0.0,-0.07053769938647747,-0.07053769938647747
77,2.5666666666666664,24,0,0,,4,uneven rough,6,0.0,53.813072204589844,35.485164642333984,0.3521783947944641,1.7139052152633667,0.253947377204895,1.7139052152633667,0.253947377204895,8.768918991088867,3.3333334922790527,0.1666666716337204,0.8309803009033203,0.10279287397861481,0.8569526076316833,0.1269736886024475,-0.6803559064865112,0.5790138840675354,0.5498936772346497,0.06418497115373611,-0.04849063605070114,0.04882647469639778,-0.4762491285800934,-0.4762491285800934,0.10828706622123718,-0.25538966059684753,-0.32686445116996765,0.0,-0.5845361948013306,-0.5845361948013306,0.2895069420337677,0.2895069420337677,0.14662884175777435,0.27780207991600037,0.6944282054901123,0.0,0.14287810027599335,0.14287810027599335,0.27494683861732483,0.27494683861732483,0.1469334065914154,1.823750376701355,0.5743522047996521,0.0,0.12801343202590942,0.12801343202590942,0.04492947831749916,0.04492947831749916,0.08858481049537659,-0.7113567590713501,1.3389381170272827,0.0,-0.043655332177877426,-0.043655332177877426,-0.07758501917123795,-0.07758501917123795,-0.003615765133872628,-1.8559508323669434,-1.8065751791000366,0.0,-0.07396925403736532,-0.07396925403736532,0.02441323734819889,0.02441323734819889,-0.009002640843391418,-0.2086918205022812,0.74408358335495,0.0,0.03341587819159031,0.03341587819159031
78,2.6,4,0,0,,4,uneven rough,5,0.0,53.88679504394531,33.04337692260742,0.23900455236434937,0.6495511531829834,-0.28418946266174316,0.6495511531829834,-0.28418946266174316,0.7912721633911133,1.5166254043579102,0.3333333432674408,0.02296554110944271,0.21541735529899597,0.3247755765914917,-0.14209473133087158,0.05637747794389725,0.24866023659706116,0.11674297600984573,0.7393382787704468,0.362146258354187,-0.08408927172422409,0.03946423530578613,0.03946423530578613,0.3748432695865631,-1.977071762084961,0.603752851486206,0.0,-0.335379034280777,-0.335379034280777,0.12433011829853058,0.12433011829853058,-0.0005575834074988961,1.6749590635299683,0.4196808338165283,0.0,0.12488770170602947,0.12488770170602947,0.05837148800492287,0.05837148800492287,0.2089347541332245,-1.999995231628418,0.011317661963403225,0.0,-0.15056326612830162,-0.15056326612830162,0.5175367593765259,0.5175367593765259,0.24117730557918549,1.9521636962890625,0.13115543127059937,0.0,0.2763594537973404,0.2763594537973404,0.1810731291770935,0.1810731291770935,0.19096894562244415,0.7728925943374634,-0.49378320574760437,0.0,-0.009895816445350647,-0.009895816445350647,-0.042044635862112045,-0.042044635862112045,-0.2090814858675003,1.7822718620300293,-1.100865125656128,0.0,0.16703685000538826,0.16703685000538826
78,2.6,14,0,0,,4,uneven rough,5,0.0,53.45106506347656,34.64105987548828,0.34435996413230896,0.9914553761482239,-0.4997771978378296,0.9914553761482239,-0.4997771978378296,3.012267589569092,2.6208436489105225,0.5,0.14960598945617676,0.14799077808856964,0.49572768807411194,-0.2498885989189148,0.6029118299484253,-0.2358718365430832,0.46350839734077454,0.04318799823522568,-0.10220403224229813,-0.2775140702724457,0.4220382869243622,0.4220382869243622,0.26748669147491455,1.9660218954086304,-1.0885920524597168,0.0,0.15455159544944763,0.15455159544944763,-0.3773949444293976,-0.3773949444293976,-0.021009402349591255,-1.8305003643035889,-1.1925355195999146,0.0,-0.35638554207980633,-0.35638554207980633,0.23175419867038727,0.23175419867038727,0.2040046900510788,-0.5214190483093262,0.3033348023891449,0.0,0.02774950861930847,0.02774950861930847,0.030231598764657974,0.030231598764657974,0.2698516547679901,-1.8708478212356567,-0.5044629573822021,0.0,-0.23962005600333214,-0.23962005600333214,-0.16352646052837372,-0.16352646052837372,0.0030614358838647604,-1.5410670042037964,-0.9668200016021729,0.0,-0.16658789641223848,-0.16658789641223848,-0.13875703513622284,-0.13875703513622284,-0.009260114282369614,-1.4831570386886597,-0.8493056893348694,0.0,-0.12949692085385323,-0.12949692085385323
78,2.6,24,0,0,,4,uneven rough,6,0.0,53.86863327026367,35.50928497314453,0.35800087451934814,1.8771053552627563,-0.7862561941146851,1.7883470058441162,-0.7862561941146851,9.400300025939941,5.321435451507568,0.5,0.5480985045433044,0.13159111142158508,0.9385526776313782,-0.39312809705734253,-0.5188801884651184,0.48781317472457886,-0.06246958673000336,-0.36256682872772217,0.10583358258008957,-0.35894784331321716,-0.3632161319255829,-0.3632161319255829,0.04892542585730553,-1.9066126346588135,-0.2864524722099304,0.0,-0.4121415577828884,-0.4121415577828884,0.24390658736228943,0.24390658736228943,0.21192149817943573,1.8973017930984497,0.45886704325675964,0.0,0.0319850891828537,0.0319850891828537,-0.03123479336500168,-0.03123479336500168,0.10584109276533127,-0.8324891328811646,1.2807642221450806,0.0,-0.13707588613033295,-0.13707588613033295,-0.25379678606987,-0.25379678606987,0.032992951571941376,-2.0009031295776367,0.17969773709774017,0.0,-0.28678973764181137,-0.28678973764181137,0.052916791290044785,0.052916791290044785,0.03671212121844292,2.001739740371704,-1.8344922065734863,0.0,0.016204670071601868,0.016204670071601868,-0.17947392165660858,-0.17947392165660858,-0.07997622340917587,-2.0001320838928223,0.20538267493247986,0.0,-0.09949769824743271,-0.09949769824743271
79,2.6333333333333333,4,0,0,,4,uneven rough,5,0.0,53.91817855834961,33.02456283569336,0.24782344698905945,0.7649393677711487,-0.041271109133958817,0.7649393677711487,-0.041271109133958817,4.641847133636475,0.9917235374450684,0.1666666716337204,0.2693566679954529,0.35937151312828064,0.38246968388557434,-0.020635554566979408,0.6152688264846802,0.5058709979057312,0.2536074221134186,0.6451070308685303,-0.012461896054446697,0.10613587498664856,0.43068817257881165,0.43068817257881165,0.3867984414100647,1.6199535131454468,-0.8554500341415405,0.0,0.04388973116874695,0.04388973116874695,0.2529354989528656,0.2529354989528656,0.06126179173588753,1.93268883228302,1.1294174194335938,0.0,0.19167370721697807,0.19167370721697807,0.1268037110567093,0.1268037110567093,0.1436757743358612,-1.8362723588943481,-1.1258822679519653,0.0,-0.016872063279151917,-0.016872063279151917,0.4515749216079712,0.4515749216079712,0.29132217168807983,1.5425387620925903,1.1607568264007568,0.0,0.16025274991989136,0.16025274991989136,-0.019939033314585686,-0.019939033314585686,0.13683009147644043,-1.9928323030471802,0.2223975658416748,0.0,-0.15676912479102612,-0.15676912479102612,0.05306793749332428,0.05306793749332428,-0.1567554920911789,1.7268517017364502,0.5292657017707825,0.0,0.20982342958450317,0.20982342958450317
79,2.6333333333333333,14,0,0,,4,uneven rough,5,0.0,53.4884147644043,34.644691467285156,0.34302371740341187,0.6410011649131775,-0.9224892854690552,0.6410011649131775,-0.9224892854690552,1.7452332973480225,2.187488317489624,0.3333333432674408,-0.053356051445007324,0.1463381052017212,0.32050058245658875,-0.4612446427345276,0.3419151306152344,-0.08899878710508347,0.6372423768043518,0.2602509558200836,-0.036971963942050934,-0.19189077615737915,0.23934058845043182,0.23934058845043182,0.2725798785686493,-0.9719328284263611,0.6384921669960022,0.0,-0.03323929011821747,-0.03323929011821747,-0.14239805936813354,-0.14239805936813354,-0.08577248454093933,-1.9776026010513306,-1.5532419681549072,0.0,-0.056625574827194214,-0.056625574827194214,0.3186211884021759,0.3186211884021759,0.2385450005531311,1.884031057357788,-0.1629825085401535,0.0,0.0800761878490448,0.0800761878490448,0.1821756660938263,0.1821756660938263,0.22682279348373413,-1.175919532775879,-1.2770193815231323,0.0,-0.04464712738990784,-0.04464712738990784,-0.059155143797397614,-0.059155143797397614,-0.036193493753671646,-0.8444774150848389,-1.2915003299713135,0.0,-0.022961650043725967,-0.022961650043725967,-0.09594538807868958,-0.09594538807868958,-0.04370022565126419,-0.3630654513835907,-1.207686424255371,0.0,-0.052245162427425385,-0.052245162427425385
79,2.6333333333333333,24,0,0,,4,uneven rough,6,0.0,53.9217643737793,35.5257682800293,0.3449317216873169,1.9196360111236572,-0.4000279903411865,1.7599143981933594,-0.4000279903411865,9.340538024902344,1.974231243133545,0.1666666716337204,0.5453237295150757,0.23521879315376282,0.9598180055618286,-0.20001399517059326,0.620086669921875,0.03335493803024292,-0.3472955524921417,-0.5262019038200378,0.4164271950721741,-0.726860761642456,0.434060662984848,0.434060662984848,0.07318173348903656,2.000107765197754,-1.2024939060211182,0.0,0.36087892949581146,0.36087892949581146,0.01667746901512146,0.01667746901512146,0.15757374465465546,-1.6830849647521973,1.2721606492996216,0.0,-0.140896275639534,-0.140896275639534,-0.17364777624607086,-0.17364777624607086,0.05779705569148064,1.7301756143569946,0.08592700958251953,0.0,-0.2314448319375515,-0.2314448319375515,-0.368341326713562,-0.368341326713562,-0.038003284484148026,-1.817813754081726,-1.053217887878418,0.0,-0.330338042229414,-0.330338042229414,0.20821359753608704,0.20821359753608704,0.09580709785223007,1.7970354557037354,0.33452022075653076,0.0,0.11240649968385696,0.11240649968385696,-0.363430380821228,-0.363430380821228,-0.12158768624067307,2.0374176502227783,-1.0416193008422852,0.0,-0.24184269458055496,-0.24184269458055496
80,2.6666666666666665,4,0,0,,4,uneven rough,5,0.0,53.949954986572266,33.00483703613281,0.2532895803451538,1.3576674461364746,-0.26934298872947693,1.3576674461364746,-0.26934298872947693,6.744892120361328,1.3136258125305176,0.1666666716337204,0.5252748727798462,0.44183549284935,0.6788337230682373,-0.13467149436473846,-0.609239399433136,0.7784199714660645,0.7523300647735596,0.6634633541107178,-0.20770859718322754,-0.11396150290966034,-0.42646756768226624,-0.42646756768226624,0.3593427538871765,-1.0393917560577393,0.5441475510597229,0.0,-0.7858103215694427,-0.7858103215694427,0.3892099857330322,0.3892099857330322,0.127345010638237,1.6789188385009766,1.5835884809494019,0.0,0.2618649750947952,0.2618649750947952,0.3761650323867798,0.3761650323867798,0.19787655770778656,1.3593875169754028,-1.5275380611419678,0.0,0.17828847467899323,0.17828847467899323,0.46442434191703796,0.46442434191703796,0.36334550380706787,1.9287033081054688,1.3766170740127563,0.0,0.10107883810997009,0.10107883810997009,-0.3323337733745575,-0.3323337733745575,0.08968867361545563,-1.593779444694519,-1.0300973653793335,0.0,-0.4220224469900131,-0.4220224469900131,-0.05698075145483017,-0.05698075145483017,-0.08661884069442749,2.000051498413086,1.2063829898834229,0.0,0.02963808923959732,0.02963808923959732
80,2.6666666666666665,14,0,0,,4,uneven rough,5,0.0,53.527366638183594,34.644989013671875,0.349662721157074,0.6908766627311707,-0.44679147005081177,0.6908766627311707,-0.44679147005081177,1.0891326665878296,4.872384548187256,0.5,0.00968159269541502,0.20803259313106537,0.3454383313655853,-0.22339573502540588,0.6772927641868591,0.04188677668571472,0.3743378818035126,0.18688122928142548,-0.23539423942565918,0.05125950649380684,0.47410494089126587,0.47410494089126587,0.33102652430534363,1.9997745752334595,-0.2720450162887573,0.0,0.14307841658592224,0.14307841658592224,0.02094338834285736,0.02094338834285736,-0.03901173174381256,1.9854154586791992,-1.793176293373108,0.0,0.05995512008666992,0.05995512008666992,0.1871689409017563,0.1871689409017563,0.21172693371772766,-0.9352394342422485,0.9944026470184326,0.0,-0.024557992815971375,-0.024557992815971375,0.13081686198711395,0.13081686198711395,0.16055074334144592,-1.8691335916519165,-1.2198573350906372,0.0,-0.02973388135433197,-0.02973388135433197,-0.3766307830810547,-0.3766307830810547,-0.04145517572760582,-0.13047297298908234,-1.038752794265747,0.0,-0.33517560735344887,-0.33517560735344887,0.02562975324690342,0.02562975324690342,-0.0571666844189167,0.8082959651947021,-0.7301362156867981,0.0,0.08279643766582012,0.08279643766582012
80,2.6666666666666665,24,0,0,,4,uneven rough,6,0.0,53.978851318359375,35.5260124206543,0.34622806310653687,1.9295800924301147,-1.327762484550476,1.853014588356018,-1.327762484550476,9.819393157958984,4.938023567199707,0.3333333432674408,0.6172481775283813,0.059638723731040955,0.9647900462150574,-0.663881242275238,0.5810108184814453,0.5028610825538635,-0.6596025228500366,-0.10062339156866074,0.4343695342540741,-0.1480022817850113,0.4067075550556183,0.4067075550556183,0.1342572569847107,1.6785187721252441,0.6082627773284912,0.0,0.2724502980709076,0.2724502980709076,0.25143054127693176,0.25143054127693176,0.21795231103897095,1.988847017288208,-0.3987405300140381,0.0,0.033478230237960815,0.033478230237960815,-0.3298012614250183,-0.3298012614250183,0.026817675679922104,-1.1847695112228394,1.0155881643295288,0.0,-0.3566189371049404,-0.3566189371049404,-0.07043637335300446,-0.07043637335300446,-0.07928773015737534,0.048405710607767105,-1.4855217933654785,0.0,0.00885135680437088,0.00885135680437088,0.21718476712703705,0.21718476712703705,0.163165882229805,0.9907070994377136,1.1614289283752441,0.0,0.054018884897232056,0.054018884897232056,-0.07400114089250565,-0.07400114089250565,-0.08125008642673492,0.520209550857544,0.6992737054824829,0.0,0.0072489455342292786,0.0072489455342292786
81,2.7,4,0,0,,4,uneven rough,5,0.0,53.983577728271484,33.00398254394531,0.26330530643463135,1.0618112087249756,0.13048188388347626,1.0618112087249756,0.13048188388347626,4.618879318237305,1.8785099983215332,0.1666666716337204,0.435491144657135,0.3731781840324402,0.5309056043624878,0.06524094194173813,-0.4036601483821869,0.7741048336029053,0.704024612903595,0.2833937406539917,0.022005410864949226,-0.1910458505153656,-0.28256210684776306,-0.28256210684776306,0.33349645137786865,-0.5810589790344238,-0.35118839144706726,0.0,-0.6160585582256317,-0.6160585582256317,0.38705241680145264,0.38705241680145264,0.180576354265213,1.38811457157135,1.6374884843826294,0.0,0.20647606253623962,0.20647606253623962,0.3520123064517975,0.3520123064517975,0.21213899552822113,-0.21205401420593262,0.10473480820655823,0.0,0.13987331092357635,0.13987331092357635,0.1983756124973297,0.1983756124973297,0.3703700602054596,-1.0023555755615234,1.6887675523757935,0.0,-0.17199444770812988,-0.17199444770812988,0.011002705432474613,0.011002705432474613,0.0594814196228981,-1.5920287370681763,-1.348804235458374,0.0,-0.04847871419042349,-0.04847871419042349,-0.0955229252576828,-0.0955229252576828,-0.032222457230091095,0.6504731178283691,1.655124545097351,0.0,-0.0633004680275917,-0.0633004680275917
81,2.7,14,0,0,,4,uneven rough,5,0.0,53.56363296508789,34.643775939941406,0.3454427421092987,0.3789517283439636,0.02042980119585991,0.3789517283439636,0.02042980119585991,1.2791311740875244,2.3306596279144287,0.1666666716337204,0.3611446022987366,0.23600006103515625,0.1894758641719818,0.010214900597929955,0.18443001806735992,0.5664068460464478,0.4398740828037262,0.25987932085990906,0.3712884187698364,-0.23917528986930847,0.1291010081768036,0.1291010081768036,0.2792297601699829,-1.7662678956985474,1.0124458074569702,0.0,-0.15012875199317932,-0.15012875199317932,0.2832034230232239,0.2832034230232239,0.0276404470205307,1.94320547580719,0.3432462811470032,0.0,0.2555629760026932,0.2555629760026932,0.2199370414018631,0.2199370414018631,0.20747990906238556,0.3649127781391144,-0.09662043303251266,0.0,0.012457132339477539,0.012457132339477539,0.1819155216217041,0.1819155216217041,0.1955896019935608,1.1821181774139404,-1.5869592428207397,0.0,-0.01367408037185669,-0.01367408037185669,0.1856442093849182,0.1856442093849182,0.019255563616752625,1.9725642204284668,-0.5252097249031067,0.0,0.1663886457681656,0.1663886457681656,-0.11958764493465424,-0.11958764493465424,-0.09720593690872192,-0.554631233215332,0.13969610631465912,0.0,-0.022381708025932312,-0.022381708025932312
81,2.7,24,0,0,,4,uneven rough,6,0.0,54.03662109375,35.52552795410156,0.34821879863739014,1.8883873224258423,-0.8300377726554871,1.8871006965637207,-0.8300377726554871,7.781405448913574,7.377718925476074,0.5,0.3951713442802429,0.1333121657371521,0.9441936612129211,-0.41501888632774353,-0.18845868110656738,0.42946258187294006,-0.149089053273201,0.07503363490104675,0.6152232885360718,-0.500171422958374,-0.13192106783390045,-0.13192106783390045,0.0828075036406517,-1.8952795267105103,1.2133874893188477,0.0,-0.21472857147455215,-0.21472857147455215,0.21473129093647003,0.21473129093647003,0.2549222409725189,0.3189581334590912,0.9512057304382324,0.0,-0.04019095003604889,-0.04019095003604889,-0.0745445266366005,-0.0745445266366005,-0.03407289460301399,-1.1427510976791382,-0.22849802672863007,0.0,-0.0404716320335865,-0.0404716320335865,0.05252354219555855,0.05252354219555855,-0.007623068988323212,1.6211344003677368,-0.6182364225387573,0.0,0.06014661118388176,0.06014661118388176,0.3076116442680359,0.3076116442680359,0.2114093154668808,0.87841796875,1.064902424812317,0.0,0.09620232880115509,0.09620232880115509,-0.250085711479187,-0.250085711479187,-0.10695365816354752,0.26081445813179016,0.5980305075645447,0.0,-0.1431320533156395,-0.1431320533156395
82,2.7333333333333334,4,0,0,,4,uneven rough,5,0.0,54.015663146972656,33.019020080566406,0.25928542017936707,0.7799081802368164,-0.3976243734359741,0.7799081802368164,-0.3976243734359741,3.1134514808654785,0.46801647543907166,0.3333333432674408,0.061983149498701096,0.12415842711925507,0.3899540901184082,-0.19881218671798706,0.21499809622764587,0.17791825532913208,0.5820755362510681,0.16892147064208984,0.23634199798107147,-0.516140878200531,0.1504986584186554,0.1504986584186554,0.27789464592933655,-1.9133645296096802,-0.4811576306819916,0.0,-0.12739598751068115,-0.12739598751068115,0.08895912766456604,0.08895912766456604,0.15012241899967194,-2.000624656677246,1.4964920282363892,0.0,-0.061163291335105896,-0.061163291335105896,0.29103776812553406,0.29103776812553406,0.24910090863704681,1.33538019657135,-0.07437816262245178,0.0,0.041936859488487244,0.041936859488487244,0.11824502795934677,0.11824502795934677,0.3172023892402649,-1.9729520082473755,0.1672017127275467,0.0,-0.19895736128091812,-0.19895736128091812,0.11817099899053574,0.11817099899053574,0.09925321489572525,2.0148777961730957,-1.4863238334655762,0.0,0.018917784094810486,0.018917784094810486,-0.2580704391002655,-0.2580704391002655,-0.02439803071320057,-0.2300841063261032,1.0870928764343262,0.0,-0.23367240838706493,-0.23367240838706493
82,2.7333333333333334,14,0,0,,4,uneven rough,5,0.0,53.59918212890625,34.634944915771484,0.33172130584716797,0.05775025859475136,1.3017319440841675,0.05775025859475136,1.3017319440841675,1.5011128187179565,0.31383928656578064,0.1666666716337204,0.12638428807258606,0.2049659937620163,0.02887512929737568,0.6508659720420837,0.8790827989578247,0.11905413866043091,0.08593465387821198,0.6198145151138306,0.18297968804836273,-0.01681765727698803,0.6153579354286194,0.6153579354286194,0.29510751366615295,1.832498550415039,-0.5586439371109009,0.0,0.32025042176246643,0.32025042176246643,0.059527069330215454,0.059527069330215454,0.07113879173994064,0.5035904049873352,1.2478660345077515,0.0,-0.01161172240972519,-0.01161172240972519,0.04296732693910599,0.04296732693910599,0.14099889993667603,-1.9783073663711548,0.16433127224445343,0.0,-0.09803157299757004,-0.09803157299757004,0.4338701665401459,0.4338701665401459,0.25328704714775085,1.725839614868164,-0.021317899227142334,0.0,0.18058311939239502,0.18058311939239502,0.09148984402418137,0.09148984402418137,0.06920113414525986,0.37641221284866333,0.887036144733429,0.0,0.02228870987892151,0.02228870987892151,-0.008408828638494015,-0.008408828638494015,-0.0756918266415596,0.5168439149856567,-0.252877801656723,0.0,0.06728299800306559,0.06728299800306559
82,2.7333333333333334,24,0,0,,4,uneven rough,6,0.0,54.095001220703125,35.525604248046875,0.34805557131767273,1.9591724872589111,0.8149411082267761,1.834527611732483,0.8149411082267761,9.48868179321289,3.0023856163024902,0.3333333432674408,-0.05869070813059807,0.16346114873886108,0.9795862436294556,0.40747055411338806,0.23325757682323456,0.30861613154411316,-0.33693447709083557,-0.005764636676758528,0.6120508909225464,0.4350822865962982,0.16328030824661255,0.16328030824661255,0.12774412333965302,1.3305405378341675,-0.5442584156990051,0.0,0.035536184906959534,0.035536184906959534,0.15430806577205658,0.15430806577205658,0.23352807760238647,-0.3104398548603058,0.5937318205833435,0.0,-0.0792200118303299,-0.0792200118303299,-0.16846723854541779,-0.16846723854541779,-0.09648251533508301,-1.3346027135849,-0.74541836977005,0.0,-0.07198472321033478,-0.07198472321033478,-0.004035245627164841,-0.004035245627164841,-0.0280072670429945,0.5312979221343994,0.6479078531265259,0.0,0.02397202141582966,0.02397202141582966,0.3060254454612732,0.3060254454612732,0.24329999089241028,0.6713463068008423,0.9594637751579285,0.0,0.06272545456886292,0.06272545456886292,0.2175411432981491,0.2175411432981491,-0.05167372152209282,2.000074625015259,0.4073679447174072,0.0,0.26921486482024193,0.26921486482024193
83,2.7666666666666666,4,0,0,,4,uneven rough,5,0.0,54.04608154296875,33.03505325317383,0.2518067955970764,1.1447014808654785,-0.5380135774612427,1.1447014808654785,-0.5380135774612427,3.2415664196014404,1.2978819608688354,0.3333333432674408,-0.32264190912246704,0.23369698226451874,0.5723507404327393,-0.26900678873062134,0.9375153183937073,-0.04398014396429062,0.35898393392562866,0.12563644349575043,0.049149345606565475,-0.19677302241325378,0.6562607288360596,0.6562607288360596,0.30449095368385315,1.8662577867507935,-1.2909300327301025,0.0,0.3517697751522064,0.3517697751522064,-0.07036823034286499,-0.07036823034286499,0.08414813131093979,-1.9997084140777588,-0.48078402876853943,0.0,-0.15451636165380478,-0.15451636165380478,0.17949196696281433,0.17949196696281433,0.18688809871673584,-2.0006062984466553,0.7227017283439636,0.0,-0.007396131753921509,-0.007396131753921509,0.08794550597667694,0.08794550597667694,0.2481236457824707,-1.9017995595932007,-1.0428450107574463,0.0,-0.16017813980579376,-0.16017813980579376,0.024574672803282738,0.024574672803282738,0.05192616581916809,-1.8823059797286987,0.4932618737220764,0.0,-0.027351493015885353,-0.027351493015885353,-0.09838651120662689,-0.09838651120662689,-0.07838544994592667,-1.4443014860153198,0.34235864877700806,0.0,-0.020001061260700226,-0.020001061260700226
83,2.7666666666666666,14,0,0,,4,uneven rough,5,0.0,53.63100814819336,34.63227844238281,0.32932066917419434,1.2014572620391846,0.10400300472974777,1.2014572620391846,0.10400300472974777,6.160594463348389,2.3794631958007812,0.3333333432674408,0.22281722724437714,0.3946613073348999,0.6007286310195923,0.052001502364873886,-0.3126750886440277,0.1957940012216568,0.687822699546814,0.5453420877456665,-0.13366153836250305,-0.2811528444290161,-0.2188725620508194,-0.2188725620508194,0.26813873648643494,-1.8559826612472534,0.7933123111724854,0.0,-0.48701129853725433,-0.48701129853725433,0.0978970006108284,0.0978970006108284,0.0907430648803711,0.4489443600177765,0.8270512819290161,0.0,0.007153935730457306,0.007153935730457306,0.343911349773407,0.343911349773407,0.1091826781630516,0.06333446502685547,-1.047120451927185,0.0,0.23472867161035538,0.23472867161035538,0.38173946738243103,0.38173946738243103,0.3251311779022217,1.9657039642333984,0.9665281176567078,0.0,0.05660828948020935,0.05660828948020935,-0.2138584703207016,-0.2138584703207016,0.03589092195034027,-0.06433448195457458,0.5983284711837769,0.0,-0.24974939227104187,-0.24974939227104187,-0.14057642221450806,-0.14057642221450806,-0.10556121170520782,0.8043474555015564,0.18232424557209015,0.0,-0.03501521050930023,-0.03501521050930023
83,2.7666666666666666,24,0,0,,4,uneven rough,6,0.0,54.154205322265625,35.529483795166016,0.34521815180778503,1.9621566534042358,-0.10060247778892517,1.8210115432739258,-0.10060247778892517,9.308489799499512,3.3159914016723633,0.3333333432674408,-0.41997218132019043,0.1660572737455368,0.9810783267021179,-0.050301238894462585,-0.2157256156206131,0.35161668062210083,0.12920640408992767,-0.058654993772506714,0.6500155925750732,0.29941827058792114,-0.15100793540477753,-0.15100793540477753,0.08601512014865875,-1.70858895778656,0.5157562494277954,0.0,-0.23702305555343628,-0.23702305555343628,0.17580834031105042,0.17580834031105042,0.20861804485321045,-0.9882360696792603,0.0825115442276001,0.0,-0.032809704542160034,-0.032809704542160034,0.06460320204496384,0.06460320204496384,-0.04676397517323494,1.7854297161102295,-1.07854425907135,0.0,0.11136717721819878,0.11136717721819878,-0.0410584956407547,-0.0410584956407547,-0.002747368300333619,-0.4451867938041687,0.5819763541221619,0.0,-0.03831112734042108,-0.03831112734042108,0.3250077962875366,0.3250077962875366,0.2963866889476776,1.1111114025115967,0.7965616583824158,0.0,0.02862110733985901,0.02862110733985901,0.14970913529396057,0.14970913529396057,0.008524075150489807,-0.03365018218755722,1.3078871965408325,0.0,0.14118506014347076,0.14118506014347076
84,2.8,4,0,0,,4,uneven rough,5,0.0,54.07451248168945,33.05110549926758,0.249891459941864,0.83837890625,-1.4128849506378174,0.83837890625,-1.4128849506378174,2.1999077796936035,2.0876643657684326,0.3333333432674408,-0.2530153691768646,0.07006125152111053,0.419189453125,-0.7064424753189087,0.029783790931105614,0.0685596764087677,0.8184173703193665,0.005829536356031895,-0.048332665115594864,-0.22812680900096893,0.020848654210567474,0.020848654210567474,0.27463656663894653,-1.816157341003418,0.4941496253013611,0.0,-0.25378791242837906,-0.25378791242837906,0.03427983820438385,0.03427983820438385,0.026038246229290962,-1.0398777723312378,-1.339586615562439,0.0,0.008241591975092888,0.008241591975092888,0.4092086851596832,0.4092086851596832,0.18377937376499176,0.0701904296875,-0.8170614838600159,0.0,0.22542931139469147,0.22542931139469147,0.004080675542354584,0.004080675542354584,0.19814373552799225,-1.8166710138320923,-1.5284994840621948,0.0,-0.19406305998563766,-0.19406305998563766,-0.0773322656750679,-0.0773322656750679,0.00011347886174917221,-1.7522428035736084,-0.8498884439468384,0.0,-0.07744574453681707,-0.07744574453681707,-0.11406340450048447,-0.11406340450048447,-0.06445782631635666,0.3395344316959381,-0.6678221821784973,0.0,-0.04960557818412781,-0.04960557818412781
84,2.8,14,0,0,,4,uneven rough,5,0.0,53.66598129272461,34.63485336303711,0.3321342170238495,0.7430809736251831,-0.20844148099422455,0.7430809736251831,-0.20844148099422455,5.072043418884277,2.059460401535034,0.5,0.1903441846370697,0.03756549954414368,0.37154048681259155,-0.10422074049711227,-0.007108374964445829,0.5188061594963074,0.28259584307670593,0.5522277355194092,0.16708508133888245,0.07686839997768402,-0.004975862335413694,-0.004975862335413694,0.20699672400951385,-1.6873037815093994,-0.7046038508415222,0.0,-0.21197258634492755,-0.21197258634492755,0.2594030797481537,0.2594030797481537,0.15618690848350525,0.8692711591720581,0.6132689118385315,0.0,0.10321617126464844,0.10321617126464844,0.14129792153835297,0.14129792153835297,0.10883337259292603,0.609597384929657,-0.4192672371864319,0.0,0.03246454894542694,0.03246454894542694,0.386559396982193,0.386559396982193,0.38191455602645874,1.403804898262024,1.5314639806747437,0.0,0.004644840955734253,0.004644840955734253,0.08354254066944122,0.08354254066944122,0.07118801027536392,1.014330267906189,0.22365763783454895,0.0,0.012354530394077301,0.012354530394077301,0.03843419998884201,0.03843419998884201,-0.10016118735074997,1.078847885131836,0.5340172648429871,0.0,0.13859538733959198,0.13859538733959198
84,2.8,24,0,0,,4,uneven rough,6,0.0,54.215126037597656,35.52981948852539,0.34186890721321106,1.945711374282837,0.9984675645828247,1.7722511291503906,0.9984675645828247,9.109384536743164,5.920395851135254,0.3333333432674408,-0.8302748203277588,0.2097865343093872,0.9728556871414185,0.49923378229141235,0.5583863258361816,0.03473232313990593,-0.29399171471595764,0.07423241436481476,0.6107662916183472,0.26058489084243774,0.39087042212486267,0.39087042212486267,0.11253143101930618,0.989774763584137,-0.7418925166130066,0.0,0.2783389911055565,0.2783389911055565,0.017366161569952965,0.017366161569952965,0.14203187823295593,-1.670331597328186,-0.522891104221344,0.0,-0.12466571666300297,-0.12466571666300297,-0.14699585735797882,-0.14699585735797882,-0.08692323416471481,-1.9989619255065918,0.5407517552375793,0.0,-0.06007262319326401,-0.06007262319326401,0.05196268856525421,0.05196268856525421,-0.012497509829699993,1.5164287090301514,0.0012164615327492356,0.0,0.0644601983949542,0.0644601983949542,0.3053831458091736,0.3053831458091736,0.30738112330436707,0.4371117949485779,0.9744086861610413,0.0,-0.0019979774951934814,-0.0019979774951934814,0.13029244542121887,0.13029244542121887,0.03955614194273949,1.1321229934692383,0.5493795871734619,0.0,0.09073630347847939,0.09073630347847939
85,2.8333333333333335,4,0,0,,4,uneven rough,5,0.0,54.10888671875,33.059898376464844,0.24605238437652588,0.7821177244186401,-1.1637356281280518,0.7821177244186401,-1.1637356281280518,2.493896007537842,1.7079375982284546,0.3333333432674408,-0.2534055709838867,0.2336677610874176,0.39105886220932007,-0.5818678140640259,0.7106726765632629,0.04139053076505661,0.5806872844696045,-0.0993720069527626,0.03985472768545151,0.01416897214949131,0.4974708557128906,0.4974708557128906,0.3050573170185089,1.8946030139923096,-0.8121020793914795,0.0,0.1924135386943817,0.1924135386943817,0.020695265382528305,0.020695265382528305,0.02709462121129036,-0.3185924291610718,-1.170130729675293,0.0,-0.0063993558287620544,-0.0063993558287620544,0.29034364223480225,0.29034364223480225,0.2456330806016922,1.9049121141433716,-0.3154076635837555,0.0,0.044710561633110046,0.044710561633110046,-0.06956040114164352,-0.06956040114164352,0.12813201546669006,-1.8892848491668701,-1.691432237625122,0.0,-0.1976924166083336,-0.1976924166083336,0.019927363842725754,0.019927363842725754,0.016185468062758446,0.5923837423324585,-1.3600811958312988,0.0,0.003741895779967308,0.003741895779967308,0.007084486074745655,0.007084486074745655,0.004235448315739632,2.006714344024658,-0.09826095402240753,0.0,0.0028490377590060234,0.0028490377590060234
85,2.8333333333333335,14,0,0,,4,uneven rough,5,0.0,53.70206069946289,34.63486862182617,0.33843421936035156,0.8529245853424072,0.44909045100212097,0.8529245853424072,0.44909045100212097,6.314404487609863,4.2071733474731445,0.648038387298584,0.27283039689064026,0.03878731280565262,0.4264622926712036,0.22454522550106049,0.6420787572860718,0.25408366322517395,0.30980271100997925,0.4192379117012024,-0.16223837435245514,0.01761060580611229,0.4494551122188568,0.4494551122188568,0.26000866293907166,1.966731309890747,-1.2602241039276123,0.0,0.18944644927978516,0.18944644927978516,0.12704183161258698,0.12704183161258698,0.11977717280387878,-0.8399423360824585,0.7580130100250244,0.0,0.007264658808708191,0.007264658808708191,0.15490135550498962,0.15490135550498962,0.13952188193798065,-0.018230348825454712,0.16245466470718384,0.0,0.015379473567008972,0.015379473567008972,0.2934665381908417,0.2934665381908417,0.3226233124732971,-1.8519431352615356,1.4592852592468262,0.0,-0.029156774282455444,-0.029156774282455444,-0.25958141684532166,-0.25958141684532166,0.014737906865775585,-1.3229373693466187,0.6707053780555725,0.0,-0.27431932371109724,-0.27431932371109724,0.008805302903056145,0.008805302903056145,-0.05161387473344803,1.9396121501922607,0.8420654535293579,0.0,0.06041917763650417,0.06041917763650417
85,2.8333333333333335,24,0,0,,4,uneven rough,6,0.0,54.27772903442383,35.524078369140625,0.3390727937221527,1.916466236114502,0.491301029920578,1.7841825485229492,0.491301029920578,9.045051574707031,2.7212114334106445,0.1666666716337204,-1.1758967638015747,0.17475323379039764,0.958233118057251,0.245650514960289,-0.2994326055049896,0.2884540259838104,0.4313248097896576,0.31096404790878296,0.5671820640563965,0.16821156442165375,-0.20960281789302826,-0.20960281789302826,0.06038741022348404,-1.9204418659210205,0.23719526827335358,0.0,-0.2699902281165123,-0.2699902281165123,0.1442270129919052,0.1442270129919052,0.12705448269844055,0.6168270111083984,-1.1716560125350952,0.0,0.01717253029346466,0.01717253029346466,0.2156624048948288,0.2156624048948288,-0.031260229647159576,1.7667737007141113,-0.8952069282531738,0.0,0.24692263454198837,0.24692263454198837,0.2176748365163803,0.2176748365163803,0.05780071020126343,1.999999761581421,0.8579201698303223,0.0,0.15987412631511688,0.15987412631511688,0.28359103202819824,0.28359103202819824,0.2999848425388336,-0.4753153622150421,0.6706200838088989,0.0,-0.016393810510635376,-0.016393810510635376,0.08410578221082687,0.08410578221082687,0.09191703051328659,0.587786078453064,0.8788637518882751,0.0,-0.007811248302459717,-0.007811248302459717
86,2.8666666666666667,4,0,0,,4,uneven rough,5,0.0,54.14809036254883,33.0626335144043,0.23396266996860504,0.5011977553367615,-1.028212070465088,0.5011977553367615,-1.028212070465088,1.9012807607650757,1.0005159378051758,0.3333333432674408,-0.029166918247938156,0.0938134416937828,0.25059887766838074,-0.514106035232544,0.5921264886856079,0.5588901042938232,0.2883099615573883,0.27386176586151123,0.4642537832260132,-0.3580443859100342,0.4144885241985321,0.4144885241985321,0.37155237793922424,1.8621710538864136,0.7182738184928894,0.0,0.04293614625930786,0.04293614625930786,0.2794450521469116,0.2794450521469116,0.09081480652093887,1.3356945514678955,-0.6886694431304932,0.0,0.18863024562597275,0.18863024562597275,0.14415498077869415,0.14415498077869415,0.1842452734708786,1.2134321928024292,0.9399651288986206,0.0,-0.04009029269218445,-0.04009029269218445,0.19170323014259338,0.19170323014259338,0.14622412621974945,1.8147650957107544,-1.8032984733581543,0.0,0.04547910392284393,0.04547910392284393,0.2321268916130066,0.2321268916130066,0.08098598569631577,1.278335690498352,-0.25615400075912476,0.0,0.15114090591669083,0.15114090591669083,-0.1790221929550171,-0.1790221929550171,-0.05664005130529404,1.4365485906600952,1.0918958187103271,0.0,-0.12238214164972305,-0.12238214164972305
86,2.8666666666666667,14,0,0,,4,uneven rough,5,0.0,53.74285888671875,34.64274978637695,0.341869056224823,1.0227314233779907,-0.8866769075393677,1.0227314233779907,-0.8866769075393677,1.9509176015853882,3.732832431793213,0.46932169795036316,0.3301891088485718,0.05008753389120102,0.5113657116889954,-0.44333845376968384,-0.18375630676746368,0.3853442966938019,0.7371258735656738,0.1393565535545349,0.22823646664619446,-0.15578146278858185,-0.1286294162273407,-0.1286294162273407,0.24555359780788422,-1.4616601467132568,0.5643023252487183,0.0,-0.3741830140352249,-0.3741830140352249,0.19267214834690094,0.19267214834690094,0.18652114272117615,1.835922122001648,-0.14547382295131683,0.0,0.0061510056257247925,0.0061510056257247925,0.3685629367828369,0.3685629367828369,0.17828206717967987,0.8883000612258911,0.06029503419995308,0.0,0.19028086960315704,0.19028086960315704,0.09754958748817444,0.09754958748817444,0.2678198516368866,-1.6535130739212036,-0.41288918256759644,0.0,-0.17027026414871216,-0.17027026414871216,0.11411823332309723,0.11411823332309723,0.08012861013412476,1.5849734544754028,-0.45650380849838257,0.0,0.03398962318897247,0.03398962318897247,-0.07789073139429092,-0.07789073139429092,-0.03542505204677582,0.25992634892463684,1.4626203775405884,0.0,-0.042465679347515106,-0.042465679347515106
86,2.8666666666666667,24,0,0,,4,uneven rough,6,0.0,54.341495513916016,35.52543640136719,0.3410171866416931,1.799159288406372,0.42268460988998413,1.799159288406372,0.42268460988998413,9.289326667785645,0.0,0.0,-0.8875078558921814,0.12588104605674744,0.899579644203186,0.21134230494499207,-0.16497330367565155,0.6986255645751953,-0.004932836629450321,0.2187008559703827,0.031861670315265656,0.177459254860878,-0.11548130959272385,-0.11548130959272385,-0.005764506757259369,-1.9559186697006226,-0.9827366471290588,0.0,-0.10971680283546448,-0.10971680283546448,0.34931278228759766,0.34931278228759766,0.19256766140460968,2.0000555515289307,-0.16044452786445618,0.0,0.15674512088298798,0.15674512088298798,-0.0024664183147251606,-0.0024664183147251606,0.0010171105386689305,-0.10911601781845093,0.6098816990852356,0.0,-0.003483528853394091,-0.003483528853394091,0.15309059619903564,0.15309059619903564,0.12398916482925415,1.8646401166915894,1.5036540031433105,0.0,0.029101431369781494,0.029101431369781494,0.015930835157632828,0.015930835157632828,0.2472144067287445,-2.0683655738830566,0.022706134244799614,0.0,-0.23128357157111168,-0.23128357157111168,0.088729627430439,0.088729627430439,0.07205723226070404,-1.7040092945098877,0.7142879366874695,0.0,0.016672395169734955,0.016672395169734955
87,2.9,4,0,0,,4,uneven rough,5,0.0,54.18267059326172,33.05764389038086,0.2342507541179657,0.7047590017318726,-0.0657903403043747,0.7047590017318726,-0.0657903403043747,3.499337673187256,0.4264563024044037,0.1666666716337204,0.14596667885780334,0.251124769449234,0.3523795008659363,-0.03289517015218735,0.318655788898468,0.6792805194854736,0.2815999388694763,0.7372493147850037,-0.013171372935175896,0.07148607075214386,0.2230590432882309,0.2230590432882309,0.34642866253852844,-1.90565824508667,1.3650354146957397,0.0,-0.12336961925029755,-0.12336961925029755,0.3396402597427368,0.3396402597427368,0.12658922374248505,0.9717292785644531,0.4559095799922943,0.0,0.21305103600025177,0.21305103600025177,0.14079996943473816,0.14079996943473816,0.14493626356124878,-1.4095286130905151,1.0945838689804077,0.0,-0.00413629412651062,-0.00413629412651062,0.516074538230896,0.516074538230896,0.21706071496009827,1.9999946355819702,0.2423611432313919,0.0,0.29901382327079773,0.29901382327079773,-0.021074196323752403,-0.021074196323752403,0.03812094032764435,-1.9197003841400146,0.6114492416381836,0.0,-0.05919513665139675,-0.05919513665139675,0.03574303537607193,0.03574303537607193,-0.0020158865954726934,1.8132036924362183,1.286763072013855,0.0,0.03775892197154462,0.03775892197154462
87,2.9,14,0,0,,4,uneven rough,5,0.0,53.78121566772461,34.65092849731445,0.33418843150138855,1.1091928482055664,-0.20961077511310577,1.1091928482055664,-0.20961077511310577,3.0363521575927734,3.6985957622528076,0.5,0.3424348533153534,0.19441178441047668,0.5545964241027832,-0.10480538755655289,0.8959029316902161,-0.40338629484176636,0.28904789686203003,0.1362462043762207,0.5618577599525452,-0.23561514914035797,0.6271320581436157,0.6271320581436157,0.28815796971321106,2.017146110534668,-0.5811804533004761,0.0,0.33897408843040466,0.33897408843040466,-0.645418107509613,-0.645418107509613,0.1857222616672516,-0.06080757826566696,0.9748110175132751,0.0,-0.8311403691768646,-0.8311403691768646,0.14452394843101501,0.14452394843101501,0.13526102900505066,-1.2668553590774536,0.5284505486488342,0.0,0.009262919425964355,0.009262919425964355,0.09537234157323837,0.09537234157323837,0.19769920408725739,-1.821258544921875,-1.1143401861190796,0.0,-0.10232686251401901,-0.10232686251401901,0.2809288799762726,0.2809288799762726,0.1326206773519516,1.538468837738037,0.6977511048316956,0.0,0.14830820262432098,0.14830820262432098,-0.11780757457017899,-0.11780757457017899,-0.08366810530424118,-2.078366994857788,0.7826150059700012,0.0,-0.034139469265937805,-0.034139469265937805
87,2.9,24,0,0,,4,uneven rough,6,0.0,54.402217864990234,35.53784942626953,0.34346771240234375,1.496232271194458,0.7389222979545593,1.496232271194458,0.7389222979545593,7.679670333862305,3.3333334922790527,0.1666666716337204,-0.6030248403549194,0.042290158569812775,0.748116135597229,0.36946114897727966,-0.44949501752853394,0.3681711256504059,-0.005132969003170729,0.13102252781391144,0.20430324971675873,-0.06266140192747116,-0.31464651226997375,-0.31464651226997375,-0.05561592057347298,-1.3283979892730713,-1.5329755544662476,0.0,-0.2590305916965008,-0.2590305916965008,0.18408556282520294,0.18408556282520294,0.2172776162624359,-0.7967454791069031,1.0611060857772827,0.0,-0.03319205343723297,-0.03319205343723297,-0.0025664845015853643,-0.0025664845015853643,-0.023197868838906288,0.07348965853452682,0.20335908234119415,0.0,0.020631384337320924,0.020631384337320924,0.09171576797962189,0.09171576797962189,0.132155641913414,-0.8944433331489563,1.7077562808990479,0.0,-0.040439873933792114,-0.040439873933792114,0.10215162485837936,0.10215162485837936,0.16949427127838135,-2.0,-1.1595895290374756,0.0,-0.06734264642000198,-0.06734264642000198,-0.03133070096373558,-0.03133070096373558,0.014684237539768219,-1.921878695487976,-0.6530216336250305,0.0,-0.0460149385035038,-0.0460149385035038
88,2.933333333333333,4,0,0,,4,uneven rough,5,0.0,54.21637725830078,33.06004333496094,0.23593083024024963,0.4990907907485962,-0.22814220190048218,0.4990907907485962,-0.22814220190048218,4.0107598304748535,1.4945132732391357,0.1666666716337204,-0.15157335996627808,0.20756539702415466,0.2495453953742981,-0.11407110095024109,0.19740740954875946,0.4909871220588684,0.7814620733261108,0.526238203048706,-0.4862965941429138,0.011815054342150688,0.13818518817424774,0.13818518817424774,0.2825857996940613,-2.000129461288452,-0.4842206537723541,0.0,-0.14440061151981354,-0.14440061151981354,0.2454935610294342,0.2454935610294342,0.19339020550251007,1.961787223815918,0.7475549578666687,0.0,0.05210335552692413,0.05210335552692413,0.3907310366630554,0.3907310366630554,0.1837719827890396,0.27180609107017517,-0.32124581933021545,0.0,0.2069590538740158,0.2069590538740158,0.3683667480945587,0.3683667480945587,0.2859824001789093,1.7569196224212646,1.2361302375793457,0.0,0.08238434791564941,0.08238434791564941,-0.7780745625495911,-0.7780745625495911,0.030240831896662712,0.6058811545372009,-0.8196672797203064,0.0,-0.8083153944462538,-0.8083153944462538,0.005907527171075344,0.005907527171075344,0.05506204441189766,1.8618535995483398,1.5844135284423828,0.0,-0.049154517240822315,-0.049154517240822315
88,2.933333333333333,14,0,0,,4,uneven rough,5,0.0,53.817955017089844,34.64814758300781,0.33361610770225525,0.8711246252059937,-1.1210311651229858,0.8711246252059937,-1.1210311651229858,1.9428962469100952,3.7308223247528076,0.3280225992202759,0.342660129070282,0.0791950449347496,0.4355623126029968,-0.5605155825614929,0.5359346866607666,-0.3661137521266937,0.730290412902832,0.25714510679244995,0.0274137444794178,-0.1947711706161499,0.3751542866230011,0.3751542866230011,0.3529892861843109,1.6841539144515991,0.8879180550575256,0.0,0.022165000438690186,0.022165000438690186,-0.585781991481781,-0.585781991481781,0.12331269681453705,-1.8710317611694336,0.3892704248428345,0.0,-0.709094688296318,-0.709094688296318,0.365145206451416,0.365145206451416,0.1451762169599533,0.18109749257564545,-0.48661863803863525,0.0,0.2199689894914627,0.2199689894914627,0.18000157177448273,0.18000157177448273,0.15738430619239807,-0.40055862069129944,-1.5140330791473389,0.0,0.022617265582084656,0.022617265582084656,0.0137068722397089,0.0137068722397089,0.08363290876150131,-1.7671067714691162,1.173094391822815,0.0,-0.06992603652179241,-0.06992603652179241,-0.09738558530807495,-0.09738558530807495,-0.06505739688873291,0.5614256262779236,-0.8349893093109131,0.0,-0.03232818841934204,-0.03232818841934204
88,2.933333333333333,24,0,0,,4,uneven rough,6,0.0,54.458614349365234,35.55787658691406,0.33557164669036865,1.8530248403549194,-0.15749572217464447,1.8510404825210571,-0.15749572217464447,9.7196683883667,0.0,0.0,-0.182495579123497,0.06814415752887726,0.9265124201774597,-0.07874786108732224,-0.16105468571186066,0.31176623702049255,0.022451475262641907,-0.29742056131362915,0.1082838773727417,-0.5414319038391113,-0.11273828148841858,-0.11273828148841858,-0.10267898440361023,-1.228573203086853,-1.4173070192337036,0.0,-0.01005929708480835,-0.01005929708480835,0.15588311851024628,0.15588311851024628,0.15894575417041779,-0.6905463337898254,0.010673467069864273,0.0,-0.003062635660171509,-0.003062635660171509,0.011225737631320953,0.011225737631320953,-0.0008913118508644402,0.12989501655101776,0.12993067502975464,0.0,0.012117049482185394,0.012117049482185394,-0.20819438993930817,-0.20819438993930817,0.07107541710138321,-1.8957127332687378,0.23646792769432068,0.0,-0.2792698070406914,-0.2792698070406914,0.05414193868637085,0.05414193868637085,0.10052783787250519,-1.9109914302825928,-1.6347591876983643,0.0,-0.04638589918613434,-0.04638589918613434,-0.27071595191955566,-0.27071595191955566,-0.03167254105210304,-1.479664921760559,-1.3704357147216797,0.0,-0.23904341086745262,-0.23904341086745262
89,2.966666666666667,4,0,0,,4,uneven rough,5,0.0,54.247764587402344,33.070220947265625,0.2210255265235901,1.268747329711914,-0.5239574909210205,1.268747329711914,-0.5239574909210205,7.931445121765137,5.1849565505981445,0.3333333432674408,-0.229451984167099,0.05882638692855835,0.634373664855957,-0.26197874546051025,0.3540683090686798,0.18368002772331238,0.12432248145341873,0.4442363977432251,0.4528631865978241,-0.16651925444602966,0.2478478103876114,0.2478478103876114,0.24366170167922974,0.22415100038051605,-1.3413182497024536,0.0,0.004186108708381653,0.004186108708381653,0.09184001386165619,0.09184001386165619,0.1644207239151001,-2.000124454498291,1.4340840578079224,0.0,-0.07258071005344391,-0.07258071005344391,0.062161240726709366,0.062161240726709366,0.11647694557905197,-1.9745808839797974,0.01406679768115282,0.0,-0.054315704852342606,-0.054315704852342606,0.31096547842025757,0.31096547842025757,0.33199718594551086,0.3823120594024658,1.530585527420044,0.0,-0.021031707525253296,-0.021031707525253296,0.22643159329891205,0.22643159329891205,0.045861922204494476,0.6647087335586548,-0.013659646734595299,0.0,0.18056967109441757,0.18056967109441757,-0.08325962722301483,-0.08325962722301483,0.03627987578511238,-1.244468092918396,1.7412786483764648,0.0,-0.11953950300812721,-0.11953950300812721
89,2.966666666666667,14,0,0,,4,uneven rough,5,0.0,53.85214614868164,34.64495086669922,0.3305588662624359,1.0330088138580322,-1.1217730045318604,1.0330088138580322,-1.1217730045318604,1.6812471151351929,4.410489559173584,0.6666666865348816,0.3679942488670349,0.1497446894645691,0.5165044069290161,-0.5608865022659302,-0.2614019513130188,-0.10286164283752441,0.8043733835220337,0.5963547825813293,0.5869321823120117,0.09644729644060135,-0.18298135697841644,-0.18298135697841644,0.3024293780326843,-1.96902334690094,1.3381112813949585,0.0,-0.48541073501110077,-0.48541073501110077,-0.1645786315202713,-0.1645786315202713,0.08061744272708893,-1.408844232559204,-0.8887084722518921,0.0,-0.24519607424736023,-0.24519607424736023,0.40218669176101685,0.40218669176101685,0.18657544255256653,1.4229575395584106,-0.10909073799848557,0.0,0.21561124920845032,0.21561124920845032,0.41744834184646606,0.41744834184646606,0.22337020933628082,1.876847267150879,-0.8844726085662842,0.0,0.19407813251018524,0.19407813251018524,0.29346609115600586,0.29346609115600586,0.13020236790180206,1.6701546907424927,-0.4893006384372711,0.0,0.1632637232542038,0.1632637232542038,0.048223648220300674,0.048223648220300674,-0.02029995620250702,1.8629151582717896,-0.04545379430055618,0.0,0.0685236044228077,0.0685236044228077
89,2.966666666666667,24,0,0,,4,uneven rough,6,0.0,54.52043533325195,35.56660842895508,0.3397858142852783,1.9233266115188599,-1.0699712038040161,1.7973097562789917,-1.0699712038040161,8.549650192260742,3.5789995193481445,0.3333333432674408,0.15673482418060303,0.1382180005311966,0.9616633057594299,-0.5349856019020081,-0.0007597727817483246,0.5076068043708801,0.27811819314956665,-0.22835707664489746,0.17099176347255707,-0.615953803062439,-0.0005318409530445933,-0.0005318409530445933,-0.061760056763887405,1.9914019107818604,-1.3105965852737427,0.0,0.06122821581084281,0.06122821581084281,0.25380340218544006,0.25380340218544006,0.22098322212696075,1.7355844974517822,-0.3857974708080292,0.0,0.03282018005847931,0.03282018005847931,0.13905909657478333,0.13905909657478333,-0.0007618380477651954,-0.8748584985733032,0.12991051375865936,0.0,0.13982093462254852,0.13982093462254852,-0.15984995663166046,-0.15984995663166046,0.0014649360673502088,-1.913813591003418,-0.9690708518028259,0.0,-0.16131489269901067,-0.16131489269901067,0.08549588173627853,0.08549588173627853,0.1071699783205986,-0.26432332396507263,-1.7909413576126099,0.0,-0.02167409658432007,-0.02167409658432007,-0.3079769015312195,-0.3079769015312195,-0.04468739405274391,0.2756926417350769,-1.4321941137313843,0.0,-0.26328950747847557,-0.26328950747847557
90,3.0,4,0,0,,4,uneven rough,5,0.0,54.28108596801758,33.081722259521484,0.21464695036411285,0.32215791940689087,-0.9908055663108826,0.32215791940689087,-0.9908055663108826,2.23209810256958,1.1843366622924805,0.3333333432674408,-0.5186699628829956,0.06341461837291718,0.16107895970344543,-0.4954027831554413,0.28430402278900146,-0.01851198449730873,0.7412775754928589,0.24109536409378052,-0.03546968847513199,-0.10772376507520676,0.19901281595230103,0.19901281595230103,0.26307058334350586,-0.8824071884155273,-0.45619910955429077,0.0,-0.06405776739120483,-0.06405776739120483,-0.02961917594075203,-0.02961917594075203,0.0980103611946106,-1.9728729724884033,-0.5076236128807068,0.0,-0.12762953713536263,-0.12762953713536263,0.37063878774642944,0.37063878774642944,0.10808728635311127,-0.46378302574157715,-1.1103181838989258,0.0,0.2625515013933182,0.2625515013933182,0.16876675188541412,0.16876675188541412,0.2902836501598358,-1.2805594205856323,0.8813496828079224,0.0,-0.12151689827442169,-0.12151689827442169,-0.05675150081515312,-0.05675150081515312,0.0017091248882934451,-1.9687986373901367,0.36989104747772217,0.0,-0.05846062570344657,-0.05846062570344657,-0.05386188253760338,-0.05386188253760338,0.036767058074474335,0.05203191190958023,0.05313211306929588,0.0,-0.09062894061207771,-0.09062894061207771
90,3.0,14,0,0,,4,uneven rough,5,0.0,53.887149810791016,34.63976287841797,0.3318650424480438,1.0433011054992676,-0.5666423439979553,1.0433011054992676,-0.5666423439979553,4.819711685180664,7.324626922607422,0.5,0.5665749311447144,0.13049766421318054,0.5216505527496338,-0.28332117199897766,0.4218892753124237,0.05604998767375946,0.647264838218689,0.6412243843078613,0.24699470400810242,0.23614461719989777,0.2953224778175354,0.2953224778175354,0.271488219499588,0.2777082622051239,-0.5317485928535461,0.0,0.023834258317947388,0.023834258317947388,0.02802499383687973,0.02802499383687973,0.020460523664951324,-0.9139052629470825,-1.1827940940856934,0.0,0.007564470171928406,0.007564470171928406,0.3236324191093445,0.3236324191093445,0.2403721958398819,1.7396584749221802,0.7571321129798889,0.0,0.08326022326946259,0.08326022326946259,0.44885706901550293,0.44885706901550293,0.2782451808452606,1.2177664041519165,0.6767826080322266,0.0,0.1706118881702423,0.1706118881702423,0.12349735200405121,0.12349735200405121,0.14007984101772308,-0.28473377227783203,0.7316592931747437,0.0,-0.016582489013671875,-0.016582489013671875,0.11807230859994888,0.11807230859994888,0.03461523354053497,1.2717831134796143,1.0335414409637451,0.0,0.08345707505941391,0.08345707505941391
90,3.0,24,0,0,,4,uneven rough,6,0.0,54.58419418334961,35.57976531982422,0.34316205978393555,1.8698450326919556,-0.8800167441368103,1.7743895053863525,-0.8800167441368103,9.237159729003906,3.9782283306121826,0.3333333432674408,0.15501564741134644,0.10688664019107819,0.9349225163459778,-0.44000837206840515,-0.36090973019599915,0.6061757802963257,0.1723586618900299,-0.23900514841079712,0.4897530972957611,-0.48737046122550964,-0.2526368200778961,-0.2526368200778961,-0.06997017562389374,-1.11882483959198,0.5563592910766602,0.0,-0.18266664445400238,-0.18266664445400238,0.30308789014816284,0.30308789014816284,0.2813156247138977,1.3491466045379639,0.8136357069015503,0.0,0.021772265434265137,0.021772265434265137,0.08617933094501495,0.08617933094501495,-0.004347049631178379,0.4673770070075989,-0.43818768858909607,0.0,0.09052638057619333,0.09052638057619333,-0.16730360686779022,-0.16730360686779022,-0.05596085265278816,-1.9627212285995483,-1.503230094909668,0.0,-0.11134275421500206,-0.11134275421500206,0.24487654864788055,0.24487654864788055,0.17158301174640656,1.9254169464111328,-0.9277887940406799,0.0,0.073293536901474,0.073293536901474,-0.24368523061275482,-0.24368523061275482,-0.06142181158065796,0.05275014042854309,-0.46655189990997314,0.0,-0.18226341903209686,-0.18226341903209686
91,3.033333333333333,4,0,0,,4,uneven rough,5,0.0,54.316131591796875,33.09889602661133,0.20807823538780212,1.0518351793289185,-1.007891058921814,1.0518351793289185,-1.007891058921814,3.431619644165039,2.3217391967773438,0.3333333432674408,-0.3360558748245239,0.14687711000442505,0.5259175896644592,-0.503945529460907,0.37721994519233704,0.052808113396167755,0.7770779728889465,0.07814683020114899,0.02544919028878212,-0.16177323460578918,0.26405397057533264,0.26405397057533264,0.2669772803783417,0.3381403684616089,-0.6971779465675354,0.0,-0.002923309803009033,-0.002923309803009033,0.026404056698083878,0.026404056698083878,0.04317973181605339,-1.02040433883667,-1.3360782861709595,0.0,-0.016775675117969513,-0.016775675117969513,0.38853898644447327,0.38853898644447327,0.14525161683559418,1.390244960784912,-0.7447660565376282,0.0,0.2432873696088791,0.2432873696088791,0.05470278114080429,0.05470278114080429,0.22537751495838165,-1.8642752170562744,-0.3409976065158844,0.0,-0.17067473381757736,-0.17067473381757736,0.01272459514439106,0.01272459514439106,0.003549048909917474,0.8106545805931091,-0.9524083137512207,0.0,0.009175546234473586,0.009175546234473586,-0.08088661730289459,-0.08088661730289459,0.041852448135614395,-0.3254612684249878,0.052510056644678116,0.0,-0.12273906543850899,-0.12273906543850899
91,3.033333333333333,14,0,0,,4,uneven rough,5,0.0,53.92662048339844,34.63820266723633,0.33534401655197144,0.8282620906829834,-0.7806895971298218,0.8282620906829834,-0.7806895971298218,4.714228630065918,1.5972609519958496,0.3333333432674408,0.528647780418396,0.18569383025169373,0.4141310453414917,-0.3903447985649109,-0.1862642914056778,0.2295706868171692,0.7271291017532349,0.6184938549995422,0.35041213035583496,0.026961075142025948,-0.13038499653339386,-0.13038499653339386,0.21288104355335236,-1.9581447839736938,-0.07408023625612259,0.0,-0.3432660400867462,-0.3432660400867462,0.1147853434085846,0.1147853434085846,0.08471652865409851,1.734962821006775,-1.030763864517212,0.0,0.030068814754486084,0.030068814754486084,0.36356455087661743,0.36356455087661743,0.3033757507801056,2.000000476837158,1.3126542568206787,0.0,0.06018880009651184,0.06018880009651184,0.43294569849967957,0.43294569849967957,0.34762322902679443,2.0000014305114746,0.9826558232307434,0.0,0.08532246947288513,0.08532246947288513,0.17520606517791748,0.17520606517791748,0.1937446892261505,0.3419703543186188,0.15698882937431335,0.0,-0.018538624048233032,-0.018538624048233032,0.013480537571012974,0.013480537571012974,0.018855292350053787,-0.8590755462646484,1.1682437658309937,0.0,-0.0053747547790408134,-0.0053747547790408134
91,3.033333333333333,24,0,0,,4,uneven rough,6,0.0,54.6436882019043,35.59426498413086,0.3300080895423889,1.8486096858978271,-0.31748342514038086,1.82682466506958,-0.31748342514038086,9.354093551635742,4.248733043670654,0.3333333432674408,0.406676709651947,0.2190392017364502,0.9243048429489136,-0.15874171257019043,0.8453190326690674,0.23736512660980225,-0.34283220767974854,-0.4403906762599945,0.6556750535964966,-0.5116565227508545,0.5917233228683472,0.5917233228683472,-0.030974479392170906,1.8672713041305542,-0.3907928168773651,0.0,0.6226978022605181,0.6226978022605181,0.11868256330490112,0.11868256330490112,0.2228211760520935,-2.0000014305114746,1.1164145469665527,0.0,-0.10413861274719238,-0.10413861274719238,-0.17141610383987427,-0.17141610383987427,-0.0694134533405304,-1.999637246131897,0.07382021099328995,0.0,-0.10200265049934387,-0.10200265049934387,-0.30827346444129944,-0.30827346444129944,-0.12572656571865082,-2.0000245571136475,-1.7630271911621094,0.0,-0.18254689872264862,-0.18254689872264862,0.3278375267982483,0.3278375267982483,0.23012538254261017,2.000427722930908,0.6854188442230225,0.0,0.09771214425563812,0.09771214425563812,-0.25582826137542725,-0.25582826137542725,-0.12499484419822693,-1.9989979267120361,-0.17293760180473328,0.0,-0.13083341717720032,-0.13083341717720032
92,3.0666666666666664,4,0,0,,4,uneven rough,5,0.0,54.35637283325195,33.11283874511719,0.20756950974464417,0.863354504108429,-0.6363474130630493,0.863354504108429,-0.6363474130630493,1.8020336627960205,4.4181036949157715,0.6666666865348816,-0.04812544584274292,0.11191951483488083,0.4316772520542145,-0.31817370653152466,0.6980015635490417,0.12213072180747986,0.5791653394699097,0.23244529962539673,0.10895684361457825,0.018240436911582947,0.48860108852386475,0.48860108852386475,0.3294641673564911,1.697016954421997,-0.11180711537599564,0.0,0.15913692116737366,0.15913692116737366,0.06106536090373993,0.06106536090373993,0.05814076587557793,0.5824730396270752,-1.1575956344604492,0.0,0.0029245950281620026,0.0029245950281620026,0.28958266973495483,0.28958266973495483,0.20417453348636627,1.5589362382888794,0.4623729884624481,0.0,0.08540813624858856,0.08540813624858856,0.1627117097377777,0.1627117097377777,0.1578717976808548,-1.3887890577316284,-1.2022614479064941,0.0,0.004839912056922913,0.004839912056922913,0.054478421807289124,0.054478421807289124,0.05104430764913559,1.3545682430267334,0.044430606067180634,0.0,0.003434114158153534,0.003434114158153534,0.009120218455791473,0.009120218455791473,0.06047477573156357,0.42362621426582336,-0.16119560599327087,0.0,-0.051354557275772095,-0.051354557275772095
92,3.0666666666666664,14,0,0,,4,uneven rough,5,0.0,53.96453857421875,34.64039993286133,0.32514479756355286,0.24543818831443787,-0.5423374772071838,0.24543818831443787,-0.5423374772071838,1.7307004928588867,0.0,0.0,0.5054421424865723,0.2062569111585617,0.12271909415721893,-0.2711687386035919,0.5745730400085449,-0.04507945850491524,0.08417076617479324,0.38781440258026123,0.291494756937027,-0.016610119491815567,0.4022011160850525,0.4022011160850525,0.2703016996383667,1.944533109664917,-1.139333724975586,0.0,0.1318994164466858,0.1318994164466858,-0.07212713360786438,-0.07212713360786438,0.02124081179499626,-2.0,0.5329829454421997,0.0,-0.09336794540286064,-0.09336794540286064,0.04208538308739662,0.04208538308739662,0.24741406738758087,-1.6483439207077026,1.7012810707092285,0.0,-0.20532868430018425,-0.20532868430018425,0.2714700698852539,0.2714700698852539,0.29273155331611633,-2.0000011920928955,1.5578649044036865,0.0,-0.021261483430862427,-0.021261483430862427,0.1457473784685135,0.1457473784685135,0.1327245533466339,-0.7402048707008362,0.2615777254104614,0.0,0.013022825121879578,0.013022825121879578,-0.008305059745907784,-0.008305059745907784,-0.01520842406898737,-0.22391511499881744,0.02199380286037922,0.0,0.006903364323079586,0.006903364323079586
92,3.0666666666666664,24,0,0,,4,uneven rough,6,0.0,54.70832443237305,35.592254638671875,0.32634249329566956,1.8926708698272705,-0.3904852569103241,1.7704261541366577,-0.3904852569103241,9.040918350219727,0.0,0.0,0.4486420154571533,0.13636624813079834,0.9463354349136353,-0.19524262845516205,0.6932236552238464,0.5244351029396057,0.4926271140575409,0.582909882068634,0.30618205666542053,-0.05995432287454605,0.485256552696228,0.485256552696228,0.03293834626674652,1.9899821281433105,0.8859207034111023,0.0,0.4523182064294815,0.4523182064294815,0.26221755146980286,0.26221755146980286,0.2342175543308258,1.3987864255905151,-0.6456126570701599,0.0,0.02799999713897705,0.02799999713897705,0.24631355702877045,0.24631355702877045,-0.0038048161659389734,1.9936076402664185,-1.0985163450241089,0.0,0.2501183731947094,0.2501183731947094,0.4080369174480438,0.4080369174480438,-0.1260690689086914,1.472938060760498,-1.8970259428024292,0.0,0.5341059863567352,0.5341059863567352,0.15309102833271027,0.15309102833271027,0.18490055203437805,-1.8599141836166382,1.4289271831512451,0.0,-0.031809523701667786,-0.031809523701667786,-0.029977161437273026,-0.029977161437273026,-0.059086866676807404,2.000000476837158,-1.2053953409194946,0.0,0.029109705239534378,0.029109705239534378
93,3.1,4,0,0,,4,uneven rough,5,0.0,54.390953063964844,33.127227783203125,0.20952337980270386,0.9752665758132935,-1.0055557489395142,0.9752665758132935,-1.0055557489395142,1.7578151226043701,5.296682357788086,0.39107856154441833,0.09060394763946533,0.03044178895652294,0.48763328790664673,-0.5027778744697571,0.37372326850891113,0.11254031956195831,0.4371502995491028,0.3346964716911316,0.33778613805770874,0.11424445360898972,0.26160627603530884,0.26160627603530884,0.275296151638031,-1.9984757900238037,0.9109052419662476,0.0,-0.013689875602722168,-0.013689875602722168,0.056270159780979156,0.056270159780979156,0.07857862114906311,0.7279351949691772,-0.17375771701335907,0.0,-0.022308461368083954,-0.022308461368083954,0.2185751497745514,0.2185751497745514,0.23362669348716736,-0.07997781783342361,1.0823718309402466,0.0,-0.015051543712615967,-0.015051543712615967,0.23428753018379211,0.23428753018379211,0.20884646475315094,1.8922488689422607,-1.3077244758605957,0.0,0.025441065430641174,0.025441065430641174,0.16889306902885437,0.16889306902885437,0.10574633628129959,1.712855577468872,0.7851848006248474,0.0,0.06314673274755478,0.06314673274755478,0.05712222680449486,0.05712222680449486,0.08467894792556763,0.5252643823623657,0.16946369409561157,0.0,-0.02755672112107277,-0.02755672112107277
93,3.1,14,0,0,,4,uneven rough,5,0.0,54.00041580200195,34.64803695678711,0.31482353806495667,0.775260329246521,-0.7753693461418152,0.775260329246521,-0.7753693461418152,4.058679103851318,0.0,0.0,0.511746346950531,0.2774604558944702,0.3876301646232605,-0.3876846730709076,0.19016072154045105,-0.2910841405391693,0.6254075765609741,0.1484755128622055,0.2247045785188675,-0.2719331383705139,0.13311250507831573,0.13311250507831573,0.26124951243400574,-1.1987926959991455,0.6042901277542114,0.0,-0.12813700735569,-0.12813700735569,-0.4657346308231354,-0.4657346308231354,-0.0254934411495924,-0.03449813276529312,-0.8991701602935791,0.0,-0.440241189673543,-0.440241189673543,0.31270378828048706,0.31270378828048706,0.27112066745758057,1.3192132711410522,-0.19260291755199432,0.0,0.041583120822906494,0.041583120822906494,0.10393285751342773,0.10393285751342773,0.23478303849697113,-1.5431326627731323,-0.45375898480415344,0.0,-0.1308501809835434,-0.1308501809835434,0.11235228925943375,0.11235228925943375,0.10246853530406952,-0.3490791916847229,-0.30483195185661316,0.0,0.009883753955364227,0.009883753955364227,-0.13596656918525696,-0.13596656918525696,0.006711537949740887,0.5106630325317383,-0.11704353988170624,0.0,-0.14267810713499784,-0.14267810713499784
93,3.1,24,0,0,,4,uneven rough,6,0.0,54.77579879760742,35.59423065185547,0.32217371463775635,1.8596198558807373,-0.5879095196723938,1.762596607208252,-0.5879095196723938,9.064432144165039,0.0,0.0,0.2828717827796936,0.1659354418516159,0.9298099279403687,-0.2939547598361969,-0.45279088616371155,0.7910385131835938,0.26286599040031433,0.217546746134758,-0.051593050360679626,0.47829511761665344,-0.3169536292552948,-0.3169536292552948,-0.0015597239835187793,-1.896720051765442,1.5101590156555176,0.0,-0.315393905271776,-0.315393905271776,0.3955192565917969,0.3955192565917969,0.3009091913700104,1.999997854232788,0.5102942585945129,0.0,0.0946100652217865,0.0946100652217865,0.13143299520015717,0.13143299520015717,0.06287337094545364,2.0000009536743164,0.6497761011123657,0.0,0.06855962425470352,0.06855962425470352,0.15228271484375,0.15228271484375,-0.05406767502427101,2.0000009536743164,0.008357764221727848,0.0,0.206350389868021,0.206350389868021,-0.08254887908697128,-0.08254887908697128,0.12354856729507446,-1.979291319847107,-0.4305896461009979,0.0,-0.20609744638204575,-0.20609744638204575,0.23914755880832672,0.23914755880832672,0.006125208456069231,1.9885069131851196,0.6069412231445312,0.0,0.2330223503522575,0.2330223503522575
94,3.1333333333333333,4,0,0,,4,uneven rough,5,0.0,54.42677688598633,33.142181396484375,0.2148967832326889,0.9198160171508789,-0.0976516380906105,0.9198160171508789,-0.0976516380906105,4.399496078491211,1.953540563583374,0.3333333432674408,0.23584096133708954,0.09925645589828491,0.45990800857543945,-0.04882581904530525,0.6852669715881348,0.3645620048046112,-0.24255609512329102,0.30006495118141174,0.22595348954200745,0.14488492906093597,0.4796868860721588,0.4796868860721588,0.32514676451683044,1.8182088136672974,-0.7340640425682068,0.0,0.15454012155532837,0.15454012155532837,0.1822810024023056,0.1822810024023056,0.14383772015571594,2.0000011920928955,0.3360610604286194,0.0,0.03844328224658966,0.03844328224658966,-0.12127804756164551,-0.12127804756164551,0.17047807574272156,-1.9988999366760254,0.4251772463321686,0.0,-0.29175612330436707,-0.29175612330436707,0.2100454568862915,0.2100454568862915,0.19929930567741394,-0.17436397075653076,0.5015462040901184,0.0,0.010746151208877563,0.010746151208877563,0.11297674477100372,0.11297674477100372,0.12698028981685638,-0.2684239447116852,1.3096915483474731,0.0,-0.014003545045852661,-0.014003545045852661,0.07244246453046799,0.07244246453046799,0.07477700710296631,0.1207999512553215,0.3706340491771698,0.0,-0.0023345425724983215,-0.0023345425724983215
94,3.1333333333333333,14,0,0,,4,uneven rough,5,0.0,54.04093933105469,34.65257263183594,0.31749898195266724,0.5907814502716064,-0.9751006364822388,0.5907814502716064,-0.9751006364822388,1.8097081184387207,3.889371633529663,0.6666666865348816,0.5522472262382507,0.2567005753517151,0.2953907251358032,-0.4875503182411194,0.6777418851852417,-0.20321691036224365,0.4256057143211365,0.08503632247447968,0.3523681163787842,-0.21016301214694977,0.47441932559013367,0.47441932559013367,0.3101133704185486,1.9059557914733887,-0.4151761531829834,0.0,0.16430595517158508,0.16430595517158508,-0.3251470625400543,-0.3251470625400543,-0.012280231341719627,1.9557007551193237,-0.41028302907943726,0.0,-0.3128668311983347,-0.3128668311983347,0.21280285716056824,0.21280285716056824,0.23145367205142975,-1.7923989295959473,0.6621806621551514,0.0,-0.01865081489086151,-0.01865081489086151,0.05952542647719383,0.05952542647719383,0.16461065411567688,-1.9293028116226196,-1.069692850112915,0.0,-0.10508522763848305,-0.10508522763848305,0.1761840581893921,0.1761840581893921,0.10896994173526764,1.740065336227417,-0.3298494219779968,0.0,0.06721411645412445,0.06721411645412445,-0.10508150607347488,-0.10508150607347488,-0.02027452178299427,-1.6174960136413574,0.23786288499832153,0.0,-0.08480698429048061,-0.08480698429048061
94,3.1333333333333333,24,0,0,,4,uneven rough,6,0.0,54.84017562866211,35.611263275146484,0.3064182698726654,1.8023734092712402,-0.5445037484169006,1.8023734092712402,-0.5445037484169006,9.303461074829102,0.0,0.0,0.18500515818595886,0.060080211609601974,0.9011867046356201,-0.2722518742084503,-0.4295266270637512,0.6005645990371704,-0.2871393859386444,-0.24654287099838257,0.1764100342988968,-0.09062658250331879,-0.3006686270236969,-0.3006686270236969,-0.05282501131296158,-0.09251999855041504,-0.4160965085029602,0.0,-0.24784361571073532,-0.24784361571073532,0.3002822995185852,0.3002822995185852,0.33050772547721863,0.7381919622421265,1.3525753021240234,0.0,-0.030225425958633423,-0.030225425958633423,-0.1435696929693222,-0.1435696929693222,0.02716398425400257,1.7207262516021729,1.4131956100463867,0.0,-0.17073367722332478,-0.17073367722332478,-0.17258000373840332,-0.17258000373840332,-0.08112499862909317,-1.9098693132400513,1.1344363689422607,0.0,-0.09145500510931015,-0.09145500510931015,0.0882050171494484,0.0882050171494484,0.08081592619419098,0.313519686460495,-1.3062283992767334,0.0,0.007389090955257416,0.007389090955257416,-0.04531329125165939,-0.04531329125165939,-0.035672541707754135,0.7973553538322449,1.3880809545516968,0.0,-0.009640749543905258,-0.009640749543905258
95,3.1666666666666665,4,0,0,,4,uneven rough,5,0.0,54.45724105834961,33.15789031982422,0.22016440331935883,0.5037826895713806,-0.7488689422607422,0.5037826895713806,-0.7488689422607422,2.0068955421447754,0.5267385840415955,0.1666666716337204,0.14003047347068787,0.058237504214048386,0.2518913447856903,-0.3744344711303711,0.04945626109838486,0.3086651861667633,0.5582036972045898,0.3088220953941345,0.0487375408411026,-0.1360486000776291,0.03461938351392746,0.03461938351392746,0.28381088376045227,-0.7194934487342834,0.7089955806732178,0.0,-0.2491915002465248,-0.2491915002465248,0.15433259308338165,0.15433259308338165,0.14865997433662415,-0.7008300423622131,1.2768558263778687,0.0,0.005672618746757507,0.005672618746757507,0.2791018486022949,0.2791018486022949,0.1504654437303543,0.7316601276397705,-0.9454003572463989,0.0,0.1286364048719406,0.1286364048719406,0.21617546677589417,0.21617546677589417,0.24274328351020813,-0.06452015042304993,0.11938538402318954,0.0,-0.026567816734313965,-0.026567816734313965,0.0243687704205513,0.0243687704205513,0.07634897530078888,-1.6967757940292358,0.41742223501205444,0.0,-0.05198020488023758,-0.05198020488023758,-0.06802430003881454,-0.06802430003881454,0.05419139936566353,-1.0334874391555786,0.2293774038553238,0.0,-0.12221569940447807,-0.12221569940447807
95,3.1666666666666665,14,0,0,,4,uneven rough,5,0.0,54.07577896118164,34.657142639160156,0.31707799434661865,0.616470992565155,-0.7172389030456543,0.616470992565155,-0.7172389030456543,1.3412708044052124,0.3090413212776184,0.3333333432674408,0.4517548680305481,0.20075607299804688,0.3082354962825775,-0.35861945152282715,0.24717837572097778,-0.1819862723350525,-0.07912398874759674,0.42359429597854614,0.2577061951160431,-0.16634243726730347,0.17302486300468445,0.17302486300468445,0.24954329431056976,-1.9969193935394287,0.8971959948539734,0.0,-0.07651843130588531,-0.07651843130588531,-0.29117804765701294,-0.29117804765701294,-0.05733775720000267,-0.9975179433822632,0.9274484515190125,0.0,-0.23384029045701027,-0.23384029045701027,-0.03956199437379837,-0.03956199437379837,0.17149882018566132,-1.762536644935608,-0.7256430387496948,0.0,-0.2110608145594597,-0.2110608145594597,0.2965160012245178,0.2965160012245178,0.22196456789970398,1.9962167739868164,-1.5557178258895874,0.0,0.07455143332481384,0.07455143332481384,0.12885309755802155,0.12885309755802155,0.10328564047813416,1.1073410511016846,0.840484082698822,0.0,0.02556745707988739,0.02556745707988739,-0.08317121863365173,-0.08317121863365173,-0.06913168728351593,-1.350818157196045,-0.8111603856086731,0.0,-0.014039531350135803,-0.014039531350135803
95,3.1666666666666665,24,0,0,,4,uneven rough,6,0.0,54.90992736816406,35.619300842285156,0.30384328961372375,1.9832642078399658,-1.3859562873840332,1.763467788696289,-1.3859562873840332,8.02195930480957,2.934523344039917,0.5,0.21027135848999023,0.18585729598999023,0.9916321039199829,-0.6929781436920166,0.8741719722747803,0.7405754923820496,-0.23681914806365967,-0.5028731822967529,0.4571896195411682,-0.07132493704557419,0.6119203567504883,0.6119203567504883,-0.023981468752026558,1.4412246942520142,-0.23314577341079712,0.0,0.6359018255025148,0.6359018255025148,0.3702877461910248,0.3702877461910248,0.390455037355423,0.5674607157707214,1.005201816558838,0.0,-0.020167291164398193,-0.020167291164398193,-0.11840957403182983,-0.11840957403182983,-0.008054748177528381,-0.5656464695930481,1.5870740413665771,0.0,-0.11035482585430145,-0.11035482585430145,-0.35201123356819153,-0.35201123356819153,-0.14779748022556305,-1.8555629253387451,-0.5868195295333862,0.0,-0.20421375334262848,-0.20421375334262848,0.2285948097705841,0.2285948097705841,0.1298452466726303,1.6527438163757324,-0.39041993021965027,0.0,0.0987495630979538,0.0987495630979538,-0.035662468522787094,-0.035662468522787094,0.005778443068265915,1.160570502281189,1.0540835857391357,0.0,-0.04144091159105301,-0.04144091159105301
96,3.2,4,0,0,,4,uneven rough,5,0.0,54.49007034301758,33.17470932006836,0.22868004441261292,1.0506900548934937,-1.019278645515442,1.0506900548934937,-1.019278645515442,3.3663973808288574,2.4843854904174805,0.5,0.43712127208709717,0.04913150519132614,0.5253450274467468,-0.509639322757721,0.4974307715892792,0.2773301601409912,0.41384223103523254,0.004036326427012682,-0.2429099977016449,-0.16780667006969452,0.34820154309272766,0.34820154309272766,0.3348689675331116,1.474338412284851,-0.09867467731237411,0.0,0.013332575559616089,0.013332575559616089,0.1386650800704956,0.1386650800704956,0.1467915177345276,0.5732569694519043,0.15866868197917938,0.0,-0.008126437664031982,-0.008126437664031982,0.20692111551761627,0.20692111551761627,0.15766066312789917,-0.21726848185062408,0.002812647260725498,0.0,0.0492604523897171,0.0492604523897171,0.0028254284989088774,0.0028254284989088774,0.17742224037647247,-1.5949134826660156,0.015404865145683289,0.0,-0.1745968118775636,-0.1745968118775636,-0.38865599036216736,-0.38865599036216736,0.03752182424068451,0.0428512841463089,-0.7779490947723389,0.0,-0.42617781460285187,-0.42617781460285187,-0.08390333503484726,-0.08390333503484726,0.0023689460940659046,-1.7432223558425903,-0.4846486449241638,0.0,-0.08627228112891316,-0.08627228112891316
96,3.2,14,0,0,,4,uneven rough,5,0.0,54.113746643066406,34.65091323852539,0.3097146451473236,-0.017902446910738945,0.03145039081573486,-0.017902446910738945,0.03145039081573486,0.6918302774429321,1.203558325767517,0.12516999244689941,0.46649369597435,0.19420596957206726,-0.008951223455369473,0.01572519540786743,0.6335173845291138,-0.16592958569526672,0.32540252804756165,0.44175392389297485,-0.3268439769744873,0.29986023902893066,0.44346216320991516,0.44346216320991516,0.27471357583999634,1.6874831914901733,-0.7391420602798462,0.0,0.16874858736991882,0.16874858736991882,-0.26548734307289124,-0.26548734307289124,-0.12327247112989426,-1.9164446592330933,-0.16093099117279053,0.0,-0.14221487194299698,-0.14221487194299698,0.16270126402378082,0.16270126402378082,0.1516372263431549,-0.06663601845502853,-1.3119045495986938,0.0,0.011064037680625916,0.011064037680625916,0.30922773480415344,0.30922773480415344,0.26865631341934204,1.9399255514144897,0.4525523781776428,0.0,0.0405714213848114,0.0405714213848114,-0.5229503512382507,-0.5229503512382507,0.07243227958679199,-1.3070684671401978,0.9913654923439026,0.0,-0.5953826308250427,-0.5953826308250427,0.14993011951446533,0.14993011951446533,-0.00692736404016614,2.0000014305114746,-1.116283893585205,0.0,0.15685748355463147,0.15685748355463147
96,3.2,24,0,0,,4,uneven rough,6,0.0,54.97400665283203,35.624107360839844,0.2992088198661804,1.8863837718963623,-1.4462897777557373,1.7574312686920166,-1.4462897777557373,9.393054008483887,4.479369163513184,0.5,0.3301634192466736,0.12214736640453339,0.9431918859481812,-0.7231448888778687,0.5656064748764038,0.45727381110191345,-0.5033600330352783,-0.2756332457065582,0.6620056629180908,-0.2360951155424118,0.39592453837394714,0.39592453837394714,0.04158651456236839,1.9613629579544067,0.7135462760925293,0.0,0.35433802381157875,0.35433802381157875,0.22863690555095673,0.22863690555095673,0.3301631212234497,-1.9442133903503418,0.7577022314071655,0.0,-0.10152621567249298,-0.10152621567249298,-0.25168001651763916,-0.25168001651763916,-0.04053318500518799,-0.9938047528266907,0.369922012090683,0.0,-0.21114683151245117,-0.21114683151245117,-0.192943274974823,-0.192943274974823,-0.2007034868001938,-0.8726353645324707,-1.3041692972183228,0.0,0.007760211825370789,0.007760211825370789,0.3310028314590454,0.3310028314590454,0.15576601028442383,1.4752554893493652,0.7647885084152222,0.0,0.17523682117462158,0.17523682117462158,-0.1180475577712059,-0.1180475577712059,-0.001206320128403604,0.5509032011032104,1.1142914295196533,0.0,-0.1168412376428023,-0.1168412376428023
97,3.2333333333333334,4,0,0,,4,uneven rough,5,0.0,54.516822814941406,33.19611358642578,0.2258337289094925,0.43851345777511597,-0.5379018783569336,0.43851345777511597,-0.5379018783569336,1.1784130334854126,2.4188122749328613,0.3333333432674408,0.3615097999572754,0.10579413175582886,0.21925672888755798,-0.2689509391784668,0.2996158301830292,-0.0541214756667614,0.5129634737968445,0.09093545377254486,0.29342204332351685,-0.404573529958725,0.2097310721874237,0.2097310721874237,0.3036491572856903,-2.0004022121429443,0.7907097339630127,0.0,-0.0939180850982666,-0.0939180850982666,-0.0865943655371666,-0.0865943655371666,0.10276468843221664,-1.998986840248108,0.39307764172554016,0.0,-0.18935905396938324,-0.18935905396938324,0.25648173689842224,0.25648173689842224,0.20771043002605438,1.7157734632492065,-0.12162161618471146,0.0,0.04877130687236786,0.04877130687236786,0.0636548176407814,0.0636548176407814,0.1197856068611145,-2.001868724822998,-0.8950720429420471,0.0,-0.0561307892203331,-0.0561307892203331,0.14671102166175842,0.14671102166175842,0.0923391729593277,2.0010056495666504,-0.31386709213256836,0.0,0.054371848702430725,0.054371848702430725,-0.2022867649793625,-0.2022867649793625,-0.03789680451154709,-1.2131611108779907,-1.1962485313415527,0.0,-0.1643899604678154,-0.1643899604678154
97,3.2333333333333334,14,0,0,,4,uneven rough,5,0.0,54.15192794799805,34.6492805480957,0.30403372645378113,1.1028165817260742,-0.576745331287384,1.1028165817260742,-0.576745331287384,5.751391410827637,0.0,0.0,0.37519165873527527,0.31010520458221436,0.5514082908630371,-0.288372665643692,-0.5426204204559326,0.479087233543396,0.7745211124420166,0.5469732284545898,-0.11447983235120773,-0.1368381232023239,-0.37983429431915283,-0.37983429431915283,0.25119537115097046,-1.7245045900344849,0.6328762173652649,0.0,-0.6310296654701233,-0.6310296654701233,0.239543616771698,0.239543616771698,-0.06181521341204643,1.9703316688537598,-1.1535015106201172,0.0,0.30135883018374443,0.30135883018374443,0.3872605562210083,0.3872605562210083,0.21290743350982666,0.267337441444397,-0.6078274846076965,0.0,0.17435312271118164,0.17435312271118164,0.3828812539577484,0.3828812539577484,0.3403293490409851,1.9596761465072632,1.2935158014297485,0.0,0.042551904916763306,0.042551904916763306,-0.1831677407026291,-0.1831677407026291,0.043439291417598724,-1.2238850593566895,-0.30817317962646484,0.0,-0.2266070321202278,-0.2266070321202278,-0.06841906160116196,-0.06841906160116196,-0.04168953746557236,0.19229212403297424,0.6456694006919861,0.0,-0.0267295241355896,-0.0267295241355896
97,3.2333333333333334,24,0,0,,4,uneven rough,6,0.0,55.04034423828125,35.619110107421875,0.2892526686191559,1.920181155204773,-0.8820103406906128,1.769798755645752,-0.8820103406906128,8.857751846313477,1.9898356199264526,0.3333333432674408,0.2971007227897644,0.06501993536949158,0.9600905776023865,-0.4410051703453064,0.3174201250076294,0.4348228871822357,-0.05887446179986,0.06961747258901596,0.4028947055339813,0.05395009368658066,0.22219409048557281,0.22219409048557281,0.10788296908140182,1.7958401441574097,1.4190640449523926,0.0,0.11431112140417099,0.11431112140417099,0.21741144359111786,0.21741144359111786,0.2638789117336273,-2.000953197479248,-0.7699657082557678,0.0,-0.04646746814250946,-0.04646746814250946,-0.02943723089993,-0.02943723089993,-0.02882739156484604,0.4047870337963104,-0.4011315405368805,0.0,-0.0006098393350839615,-0.0006098393350839615,0.04873222857713699,0.04873222857713699,-0.15416951477527618,2.0002219676971436,-1.0601792335510254,0.0,0.20290174335241318,0.20290174335241318,0.20144735276699066,0.20144735276699066,0.20495879650115967,1.1025973558425903,1.1664878129959106,0.0,-0.0035114437341690063,-0.0035114437341690063,0.02697504684329033,0.02697504684329033,0.034732330590486526,1.7637876272201538,0.7957507371902466,0.0,-0.0077572837471961975,-0.0077572837471961975
98,3.2666666666666666,4,0,0,,4,uneven rough,5,0.0,54.54328918457031,33.21448516845703,0.22430714964866638,1.3213882446289062,-0.46440497040748596,1.3213882446289062,-0.46440497040748596,4.7169952392578125,3.241642475128174,0.3333333432674408,0.5586334466934204,0.25779634714126587,0.6606941223144531,-0.23220248520374298,0.92857825756073,-0.032859694212675095,0.29245638847351074,0.07181234657764435,0.13815665245056152,-0.15672928094863892,0.6500047445297241,0.6500047445297241,0.33064040541648865,1.7904549837112427,-0.7873899340629578,0.0,0.3193643391132355,0.3193643391132355,-0.05257550999522209,-0.05257550999522209,0.03503613919019699,-1.9947235584259033,-0.9593998789787292,0.0,-0.08761164918541908,-0.08761164918541908,0.14622819423675537,0.14622819423675537,0.16543082892894745,-1.681076169013977,0.9172448515892029,0.0,-0.019202634692192078,-0.019202634692192078,0.050268642604351044,0.050268642604351044,0.051484622061252594,-1.5286905765533447,-1.5208568572998047,0.0,-0.0012159794569015503,-0.0012159794569015503,0.06907832622528076,0.06907832622528076,0.05871053412556648,-1.49726402759552,0.9949660897254944,0.0,0.01036779209971428,0.01036779209971428,-0.07836464047431946,-0.07836464047431946,-0.0631941482424736,0.05617203190922737,-1.2058109045028687,0.0,-0.015170492231845856,-0.015170492231845856
98,3.2666666666666666,14,0,0,,4,uneven rough,5,0.0,54.18470764160156,34.6552848815918,0.30831053853034973,-0.2519628703594208,0.6355279684066772,-0.2519628703594208,0.6355279684066772,2.816452741622925,3.2214651107788086,0.3333333432674408,0.37646645307540894,0.22782854735851288,-0.1259814351797104,0.3177639842033386,-0.22131526470184326,0.3580116331577301,0.42105257511138916,0.5470550060272217,-0.09014429897069931,0.13312581181526184,-0.15492068231105804,-0.15492068231105804,0.19056490063667297,-1.481187343597412,-0.6999911069869995,0.0,-0.345485582947731,-0.345485582947731,0.17900581657886505,0.17900581657886505,-0.018034840002655983,0.5275097489356995,0.6127193570137024,0.0,0.19704065658152103,0.19704065658152103,0.21052628755569458,0.21052628755569458,0.19357872009277344,0.4369429349899292,-0.11300765722990036,0.0,0.016947567462921143,0.016947567462921143,0.3829385042190552,0.3829385042190552,0.40066203474998474,1.1187204122543335,1.6701641082763672,0.0,-0.017723530530929565,-0.017723530530929565,-0.1442308872938156,-0.1442308872938156,-0.005963296629488468,-1.936055302619934,-0.8259183168411255,0.0,-0.13826759066432714,-0.13826759066432714,0.06656290590763092,0.06656290590763092,-0.0021003978326916695,1.7845770120620728,0.38932907581329346,0.0,0.06866330374032259,0.06866330374032259
98,3.2666666666666666,24,0,0,,4,uneven rough,6,0.0,55.108158111572266,35.61945343017578,0.2849110960960388,1.8829666376113892,-0.7345516085624695,1.784447193145752,-0.7345516085624695,7.295140743255615,1.0822770595550537,0.3333333432674408,0.14547744393348694,0.1311105340719223,0.9414833188056946,-0.36727580428123474,-0.29449155926704407,0.5705511569976807,0.020253753289580345,0.40008610486984253,0.29764074087142944,0.2782678008079529,-0.20614409446716309,-0.20614409446716309,0.07411246001720428,-1.9862529039382935,1.632093906402588,0.0,-0.28025655448436737,-0.28025655448436737,0.28527557849884033,0.28527557849884033,0.24865102767944336,1.1587474346160889,-1.4659682512283325,0.0,0.03662455081939697,0.03662455081939697,0.010126876644790173,0.010126876644790173,0.009272415190935135,0.9164626598358154,0.05453626066446304,0.0,0.0008544614538550377,0.0008544614538550377,0.2800602614879608,0.2800602614879608,-0.08222354203462601,2.0000011920928955,0.6701771020889282,0.0,0.3622838035225868,0.3622838035225868,0.14882037043571472,0.14882037043571472,0.1856032758951187,-1.243835210800171,1.1303640604019165,0.0,-0.03678290545940399,-0.03678290545940399,0.13913390040397644,0.13913390040397644,0.1012042760848999,1.9744318723678589,1.3430805206298828,0.0,0.03792962431907654,0.03792962431907654
99,3.3,4,0,0,,4,uneven rough,5,0.0,54.575679779052734,33.22393798828125,0.23348137736320496,0.8103946447372437,-1.2125418186187744,0.8103946447372437,-1.2125418186187744,4.174280643463135,0.27821338176727295,0.1666666716337204,0.2241635024547577,0.17392846941947937,0.4051973223686218,-0.6062709093093872,0.20783984661102295,0.32052484154701233,0.6710054874420166,0.20817191898822784,-0.06798653304576874,-0.02999613992869854,0.14548788964748383,0.14548788964748383,0.2727357745170593,-1.9824731349945068,0.6701282262802124,0.0,-0.1272478848695755,-0.1272478848695755,0.16026242077350616,0.16026242077350616,0.08130700886249542,1.9393280744552612,-1.5447736978530884,0.0,0.07895541191101074,0.07895541191101074,0.3355027437210083,0.3355027437210083,0.21836163103580475,1.5707322359085083,-0.5518504977226257,0.0,0.11714111268520355,0.11714111268520355,0.14572034776210785,0.14572034776210785,0.11337760835886002,1.965775728225708,-1.525286078453064,0.0,0.03234273940324783,0.03234273940324783,-0.1087784543633461,-0.1087784543633461,0.03824295476078987,-0.8747698664665222,-0.414145290851593,0.0,-0.14702140912413597,-0.14702140912413597,-0.01499806996434927,-0.01499806996434927,0.002200452610850334,1.6373271942138672,-0.49228349328041077,0.0,-0.017198522575199604,-0.017198522575199604
99,3.3,14,0,0,,4,uneven rough,5,0.0,54.21390914916992,34.6756591796875,0.3254241645336151,0.7593635320663452,0.1661875694990158,0.7593635320663452,0.1661875694990158,5.546736717224121,5.334071159362793,0.4728214740753174,0.3192451000213623,0.046516261994838715,0.3796817660331726,0.0830937847495079,-0.14631851017475128,0.46064233779907227,0.6944295763969421,0.3341388404369354,-0.11415223032236099,-0.30295681953430176,-0.10242295265197754,-0.10242295265197754,0.1354459524154663,-1.9116324186325073,-1.1416808366775513,0.0,-0.23786890506744385,-0.23786890506744385,0.23032116889953613,0.23032116889953613,0.03934846818447113,1.5745465755462646,0.5645416975021362,0.0,0.190972700715065,0.190972700715065,0.34721478819847107,0.34721478819847107,0.22300685942173004,1.0328402519226074,0.19793540239334106,0.0,0.12420792877674103,0.12420792877674103,0.23389717936515808,0.23389717936515808,0.36808356642723083,-1.918312907218933,1.3583768606185913,0.0,-0.13418638706207275,-0.13418638706207275,-0.1826435774564743,-0.1826435774564743,-0.05535208806395531,-1.9309202432632446,-1.4535918235778809,0.0,-0.127291489392519,-0.127291489392519,-0.15147840976715088,-0.15147840976715088,0.021089760586619377,0.3915424942970276,1.1782047748565674,0.0,-0.17256817035377026,-0.17256817035377026
99,3.3,24,0,0,,4,uneven rough,6,0.0,55.174591064453125,35.63393783569336,0.2768348455429077,1.8431192636489868,-0.4643612802028656,1.767034649848938,-0.4643612802028656,9.109203338623047,0.0,0.0,-0.009463071823120117,0.052095990628004074,0.9215596318244934,-0.2321806401014328,-0.06754841655492783,0.4845559298992157,-0.09985076636075974,-0.13974294066429138,0.06466995924711227,-0.0008976531680673361,-0.04728389158844948,-0.04728389158844948,0.00921432115137577,-1.8214426040649414,-0.4137258529663086,0.0,-0.05649821273982525,-0.05649821273982525,0.24227796494960785,0.24227796494960785,0.24303746223449707,-0.6438141465187073,0.01805068366229534,0.0,-0.0007594972848892212,-0.0007594972848892212,-0.04992538318037987,-0.04992538318037987,-0.030220452696084976,0.14932917058467865,0.5418710112571716,0.0,-0.01970493048429489,-0.01970493048429489,-0.09782005846500397,-0.09782005846500397,-0.062073368579149246,-0.8475943207740784,1.4220620393753052,0.0,-0.03574668988585472,-0.03574668988585472,0.03233497962355614,0.03233497962355614,0.11902772635221481,-1.7177903652191162,-0.21201246976852417,0.0,-0.08669274672865868,-0.08669274672865868,-0.00044882658403366804,-0.00044882658403366804,0.042834073305130005,-1.2547210454940796,1.7000477313995361,0.0,-0.04328289988916367,-0.04328289988916367
100,3.3333333333333335,4,0,0,,4,uneven rough,5,0.0,54.60597229003906,33.2391357421875,0.2363576740026474,0.521475613117218,-0.917772650718689,0.521475613117218,-0.917772650718689,3.9719338417053223,1.7964766025543213,0.3333333432674408,0.24784868955612183,0.05151253938674927,0.260737806558609,-0.4588863253593445,0.11515673995018005,0.5396102666854858,-0.10003531724214554,0.33551934361457825,0.47645482420921326,-0.11625238507986069,0.08060971647500992,0.08060971647500992,0.20580460131168365,-1.9447468519210815,-0.8296573162078857,0.0,-0.12519488483667374,-0.12519488483667374,0.2698051333427429,0.2698051333427429,0.14771009981632233,2.0000011920928955,0.42514365911483765,0.0,0.1220950335264206,0.1220950335264206,-0.05001765862107277,-0.05001765862107277,0.15356498956680298,-1.9986470937728882,0.6482616066932678,0.0,-0.20358264818787575,-0.20358264818787575,0.2348635345697403,0.2348635345697403,0.18133963644504547,1.9870225191116333,0.4485664963722229,0.0,0.053523898124694824,0.053523898124694824,0.23822741210460663,0.23822741210460663,0.0824262797832489,1.9652358293533325,-0.6745832562446594,0.0,0.15580113232135773,0.15580113232135773,-0.058126192539930344,-0.058126192539930344,-0.04168247804045677,-1.2665358781814575,0.7118021845817566,0.0,-0.016443714499473572,-0.016443714499473572
100,3.3333333333333335,14,0,0,,4,uneven rough,5,0.0,54.242454528808594,34.69546127319336,0.33020591735839844,1.3236382007598877,-0.5683960318565369,1.3236382007598877,-0.5683960318565369,4.438148498535156,1.46603524684906,0.3333333432674408,0.3308555483818054,0.18289534747600555,0.6618191003799438,-0.28419801592826843,0.5778472423553467,-0.17892226576805115,0.518370509147644,-0.41861477494239807,-0.10613782703876495,-0.5824255347251892,0.4044930636882782,0.4044930636882782,0.1637020856142044,1.8754422664642334,-1.5770128965377808,0.0,0.2407909780740738,0.2407909780740738,-0.28627562522888184,-0.28627562522888184,-0.0041401199996471405,-1.952205777168274,1.135600209236145,0.0,-0.2821355052292347,-0.2821355052292347,0.259185254573822,0.259185254573822,0.23303121328353882,0.33998993039131165,0.6699920892715454,0.0,0.026154041290283203,0.026154041290283203,-0.29303035140037537,-0.29303035140037537,0.29829880595207214,-1.9285439252853394,-0.4942694306373596,0.0,-0.5913291573524475,-0.5913291573524475,-0.16982053220272064,-0.16982053220272064,-0.1305810958147049,-1.892151117324829,-1.723474144935608,0.0,-0.03923943638801575,-0.03923943638801575,-0.2912127673625946,-0.2912127673625946,-0.004882134962826967,-1.0346437692642212,0.7334244847297668,0.0,-0.28633063239976764,-0.28633063239976764
100,3.3333333333333335,24,0,0,,4,uneven rough,6,0.0,55.23652648925781,35.64717102050781,0.2624737620353699,1.9082086086273193,-0.867927074432373,1.7843067646026611,-0.867927074432373,9.293134689331055,1.9045321941375732,0.3333333432674408,0.1710364818572998,0.1820496767759323,0.9541043043136597,-0.4339635372161865,0.2805615961551666,0.33070749044418335,-0.20997817814350128,-0.3208160996437073,0.156859889626503,-0.4265156388282776,0.19639311730861664,0.19639311730861664,0.05194925144314766,-1.8616353273391724,-1.2096514701843262,0.0,0.14444386586546898,0.14444386586546898,0.16535374522209167,0.16535374522209167,0.1770271211862564,0.5736446976661682,-0.35616886615753174,0.0,-0.011673375964164734,-0.011673375964164734,-0.10498908907175064,-0.10498908907175064,-0.059978287667036057,-2.2246296405792236,0.3199271559715271,0.0,-0.045010801404714584,-0.045010801404714584,-0.22457127273082733,-0.22457127273082733,-0.12790676951408386,-0.7082023620605469,0.13879425823688507,0.0,-0.09666450321674347,-0.09666450321674347,0.0784299448132515,0.0784299448132515,0.0958942249417305,2.0553078651428223,-1.0633820295333862,0.0,-0.017464280128479004,-0.017464280128479004,-0.2132578194141388,-0.2132578194141388,-0.033509477972984314,-0.26359668374061584,0.029416190460324287,0.0,-0.17974834144115448,-0.17974834144115448
101,3.3666666666666667,4,0,0,,4,uneven rough,5,0.0,54.63823318481445,33.24247360229492,0.22410622239112854,-0.16725024580955505,0.19867852330207825,-0.16725024580955505,0.19867852330207825,1.719476580619812,0.3006436228752136,0.1666666716337204,0.2630065083503723,0.05140839144587517,-0.08362512290477753,0.09933926165103912,0.7152837514877319,-0.09281408786773682,-0.142951101064682,0.538536548614502,0.1504412293434143,0.32897233963012695,0.5006986260414124,0.5006986260414124,0.23146167397499084,1.90223228931427,-1.4601309299468994,0.0,0.2692369520664215,0.2692369520664215,-0.14850254356861115,-0.14850254356861115,0.08799178153276443,-1.5176981687545776,1.3155709505081177,0.0,-0.23649432510137558,-0.23649432510137558,-0.071475550532341,-0.071475550532341,0.08780326694250107,-1.9208731651306152,-0.848305344581604,0.0,-0.15927881747484207,-0.15927881747484207,0.37697556614875793,0.37697556614875793,0.23942968249320984,1.9964174032211304,1.3184123039245605,0.0,0.1375458836555481,0.1375458836555481,0.07522061467170715,0.07522061467170715,0.06463778764009476,0.324097216129303,0.8179751634597778,0.0,0.010582827031612396,0.010582827031612396,0.16448616981506348,0.16448616981506348,0.02189025841653347,1.9841233491897583,-0.40675368905067444,0.0,0.14259591139853,0.14259591139853
101,3.3666666666666667,14,0,0,,4,uneven rough,5,0.0,54.26742935180664,34.72084045410156,0.3234021067619324,1.2095972299575806,-1.1496100425720215,1.2095972299575806,-1.1496100425720215,1.9730005264282227,1.840925693511963,0.3333333432674408,0.32184457778930664,0.13863086700439453,0.6047986149787903,-0.5748050212860107,0.10976075381040573,-0.22476480901241302,0.32194459438323975,-0.16228871047496796,-0.20624496042728424,-0.3544539511203766,0.07683252543210983,0.07683252543210983,0.1320873200893402,-1.9267855882644653,0.3750114440917969,0.0,-0.05525479465723038,-0.05525479465723038,-0.3596237003803253,-0.3596237003803253,-0.06755007803440094,-1.9242796897888184,-0.6102508306503296,0.0,-0.2920736223459244,-0.2920736223459244,0.16097229719161987,0.16097229719161987,0.16915495693683624,-1.9713444709777832,0.48340827226638794,0.0,-0.00818265974521637,-0.00818265974521637,-0.11360209435224533,-0.11360209435224533,0.25624513626098633,-1.735956072807312,-1.305210828781128,0.0,-0.36984723061323166,-0.36984723061323166,-0.3299919366836548,-0.3299919366836548,-0.19666112959384918,-1.7224013805389404,-1.8188444375991821,0.0,-0.1333308070898056,-0.1333308070898056,-0.1772269755601883,-0.1772269755601883,-0.06351257860660553,-1.6874597072601318,-0.26624447107315063,0.0,-0.11371439695358276,-0.11371439695358276
101,3.3666666666666667,24,0,0,,4,uneven rough,6,0.0,55.300350189208984,35.65029525756836,0.2526443898677826,1.8930561542510986,0.3769414722919464,1.7730965614318848,0.3769414722919464,9.68466567993164,6.780708312988281,0.5,0.004300992004573345,0.28111571073532104,0.9465280771255493,0.1884707361459732,0.5898815393447876,0.3275727927684784,-0.5143598914146423,0.48541775345802307,0.5860267877578735,0.594052791595459,0.4129170775413513,0.4129170775413513,0.07750251144170761,0.8361079096794128,-1.5782842636108398,0.0,0.3354145660996437,0.3354145660996437,0.1637863963842392,0.1637863963842392,0.17324566841125488,-1.237621784210205,0.1695493906736374,0.0,-0.009459272027015686,-0.009459272027015686,-0.25717994570732117,-0.25717994570732117,-0.07679763436317444,-0.6707708239555359,-1.1187697649002075,0.0,-0.18038231134414673,-0.18038231134414673,0.3397924304008484,0.3397924304008484,-0.11425721645355225,1.3447332382202148,-0.34009915590286255,0.0,0.45404964685440063,0.45404964685440063,0.29301339387893677,0.29301339387893677,0.15905563533306122,1.4703681468963623,0.6999308466911316,0.0,0.13395775854587555,0.13395775854587555,0.2970263957977295,0.2970263957977295,-0.01744791865348816,-0.5677908062934875,-0.13625381886959076,0.0,0.31447431445121765,0.31447431445121765
102,3.4,4,0,0,,4,uneven rough,5,0.0,54.66948699951172,33.25251388549805,0.21960052847862244,0.7714334726333618,0.01630166545510292,0.7714334726333618,0.01630166545510292,3.9525527954101562,0.0,0.0,0.3409605920314789,0.2664022147655487,0.3857167363166809,0.00815083272755146,-0.3899947702884674,0.49852827191352844,0.7976962327957153,0.6082388162612915,-0.07551366090774536,-0.16371802985668182,-0.27299633622169495,-0.27299633622169495,0.19765931367874146,-1.9334521293640137,0.440955251455307,0.0,-0.4706556499004364,-0.4706556499004364,0.24926413595676422,0.24926413595676422,0.1419203132390976,2.000220775604248,-0.28636446595191956,0.0,0.10734382271766663,0.10734382271766663,0.39884811639785767,0.39884811639785767,0.06743207573890686,-1.9791889190673828,-1.4547370672225952,0.0,0.3314160406589508,0.3314160406589508,0.4257671535015106,0.4257671535015106,0.31150925159454346,1.9989969730377197,1.701757550239563,0.0,0.11425790190696716,0.11425790190696716,-0.12082185596227646,-0.12082185596227646,0.07193317264318466,-0.7518138289451599,0.5387356877326965,0.0,-0.19275502860546112,-0.19275502860546112,-0.08185901492834091,-0.08185901492834091,-0.0030959120485931635,-1.5229885578155518,0.945052444934845,0.0,-0.07876310287974775,-0.07876310287974775
102,3.4,14,0,0,,4,uneven rough,5,0.0,54.29475784301758,34.74223327636719,0.3201574981212616,1.0069085359573364,-0.7652021646499634,1.0069085359573364,-0.7652021646499634,2.133917808532715,1.9824597835540771,0.3333333432674408,0.1819448471069336,0.19952945411205292,0.5034542679786682,-0.3826010823249817,0.5840126276016235,-0.033520836383104324,0.2501937747001648,-0.20430278778076172,-0.2057563066482544,-0.160859152674675,0.4088088274002075,0.4088088274002075,0.15906813740730286,1.6076220273971558,-0.9264287352561951,0.0,0.24974068999290466,0.24974068999290466,-0.05363333970308304,-0.05363333970308304,-0.07324066758155823,0.5439240336418152,-1.3532050848007202,0.0,0.01960732787847519,0.01960732787847519,0.1250968873500824,0.1250968873500824,0.10745752602815628,-1.2131248712539673,-0.9045132994651794,0.0,0.017639361321926117,0.017639361321926117,-0.1430119425058365,-0.1430119425058365,0.18562491238117218,-1.9095993041992188,-1.5487549304962158,0.0,-0.32863685488700867,-0.32863685488700867,-0.329210102558136,-0.329210102558136,-0.2525387108325958,-1.8143994808197021,-1.7643153667449951,0.0,-0.07667139172554016,-0.07667139172554016,-0.0804295763373375,-0.0804295763373375,-0.07486354559659958,0.9679049849510193,-1.069802165031433,0.0,-0.005566030740737915,-0.005566030740737915
102,3.4,24,0,0,,4,uneven rough,6,0.0,55.36235427856445,35.6517333984375,0.23853124678134918,1.9212563037872314,0.40304943919181824,1.7566394805908203,0.40304943919181824,7.61305570602417,5.2296295166015625,0.5,0.03123496100306511,0.04070236533880234,0.9606281518936157,0.20152471959590912,-0.18088524043560028,-0.0685260072350502,0.12229219079017639,0.24817252159118652,0.4420830011367798,0.3159905970096588,-0.12661966681480408,-0.12661966681480408,0.023429153487086296,-1.859721302986145,-0.21318261325359344,0.0,-0.15004882030189037,-0.15004882030189037,-0.10964161157608032,-0.10964161157608032,0.11625383794307709,-1.9241875410079956,-0.6260676980018616,0.0,-0.2258954495191574,-0.2258954495191574,0.061146095395088196,0.061146095395088196,-0.010967436246573925,1.9741387367248535,-0.8654703497886658,0.0,0.07211353164166212,0.07211353164166212,0.17372076213359833,0.17372076213359833,-0.04859303683042526,1.7861720323562622,0.6125081181526184,0.0,0.2223137989640236,0.2223137989640236,0.2210415005683899,0.2210415005683899,0.2073429971933365,1.5294380187988281,1.1355375051498413,0.0,0.013698503375053406,0.013698503375053406,0.1579952985048294,0.1579952985048294,0.04056520387530327,1.5193346738815308,-0.3802455961704254,0.0,0.11743009462952614,0.11743009462952614
103,3.433333333333333,4,0,0,,4,uneven rough,5,0.0,54.702476501464844,33.25407409667969,0.21216660737991333,0.37818291783332825,-0.21894019842147827,0.37818291783332825,-0.21894019842147827,4.47298002243042,3.563218593597412,0.3333333432674408,0.22194890677928925,0.05837307497859001,0.18909145891666412,-0.10947009921073914,0.32703152298927307,-0.04433591291308403,0.4533652663230896,0.5702695846557617,0.25605103373527527,0.1148458868265152,0.2289220690727234,0.2289220690727234,0.1942344605922699,1.396148443222046,-0.9015389084815979,0.0,0.03468760848045349,0.03468760848045349,-0.07093746215105057,-0.07093746215105057,0.09892822057008743,-1.5937414169311523,1.0064749717712402,0.0,-0.169865682721138,-0.169865682721138,0.2266826331615448,0.2266826331615448,0.12089599668979645,1.9756717681884766,-1.7512630224227905,0.0,0.10578663647174835,0.10578663647174835,0.39918869733810425,0.39918869733810425,0.3712675869464874,1.5524438619613647,1.8698172569274902,0.0,0.02792111039161682,0.02792111039161682,0.12802551686763763,0.12802551686763763,0.09885111451148987,1.993211269378662,-0.19094331562519073,0.0,0.029174402356147766,0.029174402356147766,0.0574229434132576,0.0574229434132576,0.05399084463715553,1.1937360763549805,-0.4503823518753052,0.0,0.003432098776102066,0.003432098776102066
103,3.433333333333333,14,0,0,,4,uneven rough,5,0.0,54.323509216308594,34.76670837402344,0.3137650489807129,0.33204787969589233,-1.163108229637146,0.33204787969589233,-1.163108229637146,2.2988977432250977,2.537848472595215,0.3333333432674408,0.31156620383262634,0.11618943512439728,0.16602393984794617,-0.581554114818573,-0.0476779080927372,0.18502919375896454,0.39289432764053345,0.05432137846946716,0.09366101771593094,-0.23821574449539185,-0.03337453678250313,-0.03337453678250313,0.11567414551973343,-1.9648902416229248,0.5063281059265137,0.0,-0.14904868230223656,-0.14904868230223656,0.09251459687948227,0.09251459687948227,-0.006254334002733231,1.8541090488433838,-0.2805648744106293,0.0,0.0987689308822155,0.0987689308822155,0.19644716382026672,0.19644716382026672,0.11658669263124466,0.1703331023454666,-1.079002857208252,0.0,0.07986047118902206,0.07986047118902206,0.038024965673685074,0.038024965673685074,0.12521444261074066,-1.9760736227035522,-1.7527769804000854,0.0,-0.08718947693705559,-0.08718947693705559,0.04683050885796547,0.04683050885796547,-0.18805086612701416,1.9946810007095337,-1.7926329374313354,0.0,0.23488137498497963,0.23488137498497963,-0.11910787224769592,-0.11910787224769592,-0.048794135451316833,0.9201980829238892,0.08232109993696213,0.0,-0.07031373679637909,-0.07031373679637909
103,3.433333333333333,24,0,0,,4,uneven rough,6,0.0,55.42776870727539,35.65376663208008,0.2370394468307495,1.8118174076080322,0.04529740661382675,1.8034276962280273,0.04529740661382675,8.891410827636719,2.9803338050842285,0.3333333432674408,-0.05993114039301872,0.04823613166809082,0.9059087038040161,0.022648703306913376,0.2809734046459198,0.4306949973106384,-0.3121202290058136,0.05107194930315018,0.11099367588758469,-0.01259645540267229,0.19668138027191162,0.19668138027191162,0.053939346224069595,1.3769185543060303,-1.1441385746002197,0.0,0.14274203404784203,0.14274203404784203,0.2153474986553192,0.2153474986553192,0.13122957944869995,1.9999980926513672,-1.3600269556045532,0.0,0.08411791920661926,0.08411791920661926,-0.1560601145029068,-0.1560601145029068,-0.06352698057889938,-1.804431438446045,0.7400497198104858,0.0,-0.09253313392400742,-0.09253313392400742,0.035750363022089005,0.035750363022089005,-0.0035887593403458595,1.4346516132354736,1.2760998010635376,0.0,0.039339122362434864,0.039339122362434864,0.05549683794379234,0.05549683794379234,0.18370305001735687,-0.7927209138870239,1.358249545097351,0.0,-0.12820621207356453,-0.12820621207356453,-0.006298227701336145,-0.006298227701336145,-0.0168903898447752,-1.377051830291748,0.6937804818153381,0.0,0.010592162143439054,0.010592162143439054
104,3.466666666666667,4,0,0,,4,uneven rough,5,0.0,54.73408889770508,33.26544952392578,0.20993870496749878,0.7386906147003174,-0.058195989578962326,0.7386906147003174,-0.058195989578962326,3.7137503623962402,0.0,0.0,0.18668577075004578,0.22074954211711884,0.3693453073501587,-0.029097994789481163,0.037788257002830505,0.5144442319869995,0.2536099851131439,0.37160757184028625,-0.1230521947145462,0.021942345425486565,0.026451779529452324,0.026451779529452324,0.1696830540895462,-1.915281891822815,0.3975776433944702,0.0,-0.14323127456009388,-0.14323127456009388,0.25722211599349976,0.25722211599349976,0.1388038694858551,2.0000054836273193,-0.4636920094490051,0.0,0.11841824650764465,0.11841824650764465,0.12680499255657196,0.12680499255657196,0.09815362095832825,-0.5246216058731079,0.35595259070396423,0.0,0.028651371598243713,0.028651371598243713,0.2601253092288971,0.2601253092288971,0.42433086037635803,1.3188380002975464,1.6903737783432007,0.0,-0.16420555114746094,-0.16420555114746094,-0.19688351452350616,-0.19688351452350616,0.11892682313919067,0.5564178228378296,1.0439815521240234,0.0,-0.31581033766269684,-0.31581033766269684,0.010971172712743282,0.010971172712743282,0.01439977902919054,-0.7285190224647522,0.4792051613330841,0.0,-0.003428606316447258,-0.003428606316447258
104,3.466666666666667,14,0,0,,4,uneven rough,5,0.0,54.348453521728516,34.78730010986328,0.30168935656547546,1.0854140520095825,-0.6699638366699219,1.0854140520095825,-0.6699638366699219,4.170238018035889,2.1299262046813965,0.3333333432674408,-0.020487666130065918,0.2923217713832855,0.5427070260047913,-0.33498191833496094,0.9280139207839966,-0.46208125352859497,-0.49706166982650757,-0.2281598299741745,0.6635432839393616,-0.19423964619636536,0.6496097445487976,0.6496097445487976,0.13810068368911743,1.7430217266082764,-0.8909031748771667,0.0,0.5115090608596802,0.5115090608596802,-0.739329993724823,-0.739329993724823,-0.04635085165500641,-1.016379475593567,0.9263836145401001,0.0,-0.6929791420698166,-0.6929791420698166,-0.24853083491325378,-0.24853083491325378,0.06331562250852585,-1.8547859191894531,-0.37262606620788574,0.0,-0.31184645742177963,-0.31184645742177963,-0.15971188247203827,-0.15971188247203827,0.05358055979013443,-1.9543241262435913,-1.8790292739868164,0.0,-0.2132924422621727,-0.2132924422621727,0.3317716419696808,0.3317716419696808,-0.17969904839992523,0.3743550181388855,0.34872111678123474,0.0,0.511470690369606,0.511470690369606,-0.09711982309818268,-0.09711982309818268,-0.03793339803814888,0.45355069637298584,0.5560582280158997,0.0,-0.0591864250600338,-0.0591864250600338
104,3.466666666666667,24,0,0,,4,uneven rough,6,0.0,55.4947395324707,35.660945892333984,0.23716014623641968,1.7489063739776611,-0.4112045168876648,1.7489063739776611,-0.4112045168876648,8.728854179382324,2.5353431701660156,0.5,0.07871957868337631,0.12720033526420593,0.8744531869888306,-0.2056022584438324,-0.24615047872066498,0.3659590780735016,-0.16795244812965393,0.033034369349479675,0.4013747274875641,-0.06131868064403534,-0.17230533063411713,-0.17230533063411713,0.010045547969639301,-1.5046318769454956,0.28127163648605347,0.0,-0.18235087860375643,-0.18235087860375643,0.1829795390367508,0.1829795390367508,0.18658770620822906,0.7411906123161316,0.5397372245788574,0.0,-0.0036081671714782715,-0.0036081671714782715,-0.08397622406482697,-0.08397622406482697,-0.08789297938346863,0.32049790024757385,-0.6986044645309448,0.0,0.003916755318641663,0.003916755318641663,0.023124057799577713,0.023124057799577713,0.049723610281944275,0.4017423987388611,1.3657453060150146,0.0,-0.026599552482366562,-0.026599552482366562,0.20068736374378204,0.20068736374378204,0.18673080205917358,0.2743372321128845,0.14208698272705078,0.0,0.01395656168460846,0.01395656168460846,-0.03065934032201767,-0.03065934032201767,-0.03496761992573738,-0.05630654841661453,-0.4770718216896057,0.0,0.004308279603719711,0.004308279603719711
105,3.5,4,0,0,,4,uneven rough,5,0.0,54.7607421875,33.28327941894531,0.20416390895843506,0.4536099433898926,0.9137207269668579,0.4536099433898926,0.9137207269668579,4.719679832458496,4.106432914733887,0.5,0.19979405403137207,0.0899740606546402,0.2268049716949463,0.45686036348342896,0.6340824365615845,-0.027234356850385666,0.15972912311553955,0.25924238562583923,0.029106155037879944,-0.2563779950141907,0.44385769963264465,0.44385769963264465,0.23071548342704773,1.9857492446899414,-0.9101172685623169,0.0,0.21314221620559692,0.21314221620559692,-0.043574970215559006,-0.043574970215559006,0.07609104365110397,-1.9631513357162476,0.9292869567871094,0.0,-0.11966601386666298,-0.11966601386666298,0.07986456155776978,0.07986456155776978,0.03833737224340439,-1.6651886701583862,-0.1419256329536438,0.0,0.04152718931436539,0.04152718931436539,0.18146966397762299,0.18146966397762299,0.3628060519695282,-1.8836915493011475,1.4803067445755005,0.0,-0.1813363879919052,-0.1813363879919052,0.014553077518939972,0.014553077518939972,0.05514618754386902,-1.5197581052780151,0.7683121562004089,0.0,-0.04059311002492905,-0.04059311002492905,-0.12818899750709534,-0.12818899750709534,-0.02922581508755684,-1.5897167921066284,-0.203644260764122,0.0,-0.0989631824195385,-0.0989631824195385
105,3.5,14,0,0,,4,uneven rough,5,0.0,54.38148498535156,34.79787063598633,0.29312705993652344,0.7723783850669861,-0.36196833848953247,0.7723783850669861,-0.36196833848953247,3.235767364501953,2.72489595413208,0.3333333432674408,0.1635628640651703,0.12458156794309616,0.38618919253349304,-0.18098416924476624,0.4508206248283386,-0.0791252925992012,0.2971208691596985,0.2986908257007599,0.12719431519508362,0.1233128160238266,0.31557443737983704,0.31557443737983704,0.1962706595659256,1.6582348346710205,0.5983226895332336,0.0,0.11930377781391144,0.11930377781391144,-0.1266004741191864,-0.1266004741191864,-0.07318480312824249,-1.9715830087661743,-0.17205810546875,0.0,-0.05341567099094391,-0.05341567099094391,0.14856043457984924,0.14856043457984924,0.058933354914188385,-0.7440198659896851,-1.210641860961914,0.0,0.08962707966566086,0.08962707966566086,0.20908357203006744,0.20908357203006744,0.05923797935247421,1.1913659572601318,-1.9216010570526123,0.0,0.14984559267759323,0.14984559267759323,0.06359715759754181,0.06359715759754181,-0.15735428035259247,-0.38634926080703735,0.3632145822048187,0.0,0.22095143795013428,0.22095143795013428,0.0616564080119133,0.0616564080119133,0.019350452348589897,1.5641006231307983,0.49810028076171875,0.0,0.0423059556633234,0.0423059556633234
105,3.5,24,0,0,,4,uneven rough,6,0.0,55.55548858642578,35.67259979248047,0.22468897700309753,1.7436764240264893,0.7557535767555237,1.7436764240264893,0.7557535767555237,9.245283126831055,1.660888433456421,0.1666666716337204,0.06809397786855698,0.08812464773654938,0.8718382120132446,0.37787678837776184,0.27316814661026,-0.03739698976278305,-0.3567579388618469,-0.052290208637714386,0.35724255442619324,-0.17814357578754425,0.19121770560741425,0.19121770560741425,0.06359942257404327,2.0000014305114746,-0.7284814119338989,0.0,0.12761828303337097,0.12761828303337097,-0.05983518436551094,-0.05983518436551094,0.13808739185333252,-1.9051064252853394,0.6536393165588379,0.0,-0.19792257621884346,-0.19792257621884346,-0.17837896943092346,-0.17837896943092346,-0.1535923182964325,-2.000000238418579,-0.12240217626094818,0.0,-0.024786651134490967,-0.024786651134490967,-0.03660314530134201,-0.03660314530134201,-0.013370852917432785,-1.990176796913147,0.8206962943077087,0.0,-0.023232292383909225,-0.023232292383909225,0.17862127721309662,0.17862127721309662,0.17476017773151398,0.19523665308952332,0.2168615162372589,0.0,0.0038610994815826416,0.0038610994815826416,-0.08907178789377213,-0.08907178789377213,-0.07526753842830658,-0.6874006986618042,-0.2391703873872757,0.0,-0.013804249465465546,-0.013804249465465546
106,3.533333333333333,4,0,0,,4,uneven rough,5,0.0,54.783145904541016,33.30715560913086,0.1996643841266632,1.0483715534210205,-1.2990812063217163,1.0483715534210205,-1.2990812063217163,1.6307942867279053,2.1954479217529297,0.3333333432674408,0.09573408961296082,0.0686684250831604,0.5241857767105103,-0.6495406031608582,0.17197193205356598,-0.12878505885601044,0.8143045902252197,-0.28983986377716064,-0.11174777150154114,-0.5909261703491211,0.12038034945726395,0.12038034945726395,0.19618168473243713,-2.0001354217529297,0.7272108793258667,0.0,-0.07580133527517319,-0.07580133527517319,-0.20605610311031342,-0.20605610311031342,0.011589692905545235,-1.9909757375717163,-0.7061028480529785,0.0,-0.21764579601585865,-0.21764579601585865,0.40715229511260986,0.40715229511260986,0.013665897771716118,-0.48229894042015076,-1.0031813383102417,0.0,0.39348639734089375,0.39348639734089375,-0.2028879076242447,-0.2028879076242447,0.34052348136901855,-0.8359069228172302,-0.42170390486717224,0.0,-0.5434113889932632,-0.5434113889932632,-0.1787964403629303,-0.1787964403629303,0.00312672252766788,-1.7866613864898682,-0.5253668427467346,0.0,-0.18192316289059818,-0.18192316289059818,-0.29546308517456055,-0.29546308517456055,-0.05615181475877762,-0.6224256157875061,-0.9873321652412415,0.0,-0.23931127041578293,-0.23931127041578293
106,3.533333333333333,14,0,0,,4,uneven rough,5,0.0,54.41631317138672,34.81326675415039,0.29259559512138367,0.4636709690093994,-0.8612964749336243,0.4636709690093994,-0.8612964749336243,1.13173508644104,3.271838903427124,0.3333333432674408,0.06823498010635376,0.20332413911819458,0.2318354845046997,-0.43064823746681213,-0.32827693223953247,0.2429351657629013,0.695065975189209,0.4807533621788025,0.21535226702690125,0.1196214035153389,-0.22979384660720825,-0.22979384660720825,0.1460060030221939,-1.7849332094192505,1.197598934173584,0.0,-0.37579984962940216,-0.37579984962940216,0.12146758288145065,0.12146758288145065,-0.00798842404037714,0.9715524911880493,-1.1895127296447754,0.0,0.1294560069218278,0.1294560069218278,0.3475329875946045,0.3475329875946045,0.09769968688488007,1.4336320161819458,-0.9468129277229309,0.0,0.24983330070972443,0.24983330070972443,0.33652734756469727,0.33652734756469727,0.12735173106193542,1.6444237232208252,-0.16152392327785492,0.0,0.20917561650276184,0.20917561650276184,0.10767613351345062,0.10767613351345062,-0.09012829512357712,1.397215485572815,-0.06059015169739723,0.0,0.19780442863702774,0.19780442863702774,0.05981070175766945,0.05981070175766945,0.05497210845351219,0.8635873794555664,1.1008187532424927,0.0,0.004838593304157257,0.004838593304157257
106,3.533333333333333,24,0,0,,4,uneven rough,6,0.0,55.61354446411133,35.68413543701172,0.21875423192977905,1.7236067056655884,-0.5565500855445862,1.7236067056655884,-0.5565500855445862,9.01073932647705,0.0,0.0,0.008169790729880333,0.17083029448986053,0.8618033528327942,-0.2782750427722931,0.11975111812353134,0.12666863203048706,0.020870765671133995,-0.32836592197418213,0.14598724246025085,-0.29126420617103577,0.08382578194141388,0.08382578194141388,0.10677628219127655,0.38446786999702454,0.8142076730728149,0.0,-0.02295050024986267,-0.02295050024986267,0.06333431601524353,0.06333431601524353,0.07226204127073288,-1.95445716381073,-0.7930801510810852,0.0,-0.00892772525548935,-0.00892772525548935,0.010435382835566998,0.010435382835566998,-0.13636165857315063,0.6934601068496704,-1.1839995384216309,0.0,0.14679704140871763,0.14679704140871763,-0.22985614836215973,-0.22985614836215973,-0.06952754408121109,-1.1556891202926636,-0.7685763835906982,0.0,-0.16032860428094864,-0.16032860428094864,0.07299362123012543,0.07299362123012543,0.127974271774292,-1.7356435060501099,0.20463477075099945,0.0,-0.054980650544166565,-0.054980650544166565,-0.14563210308551788,-0.14563210308551788,-0.05898076668381691,-0.9278428554534912,-0.49260061979293823,0.0,-0.08665133640170097,-0.08665133640170097
107,3.5666666666666664,4,0,0,,4,uneven rough,5,0.0,54.81399917602539,33.33039474487305,0.19168397784233093,0.8576472401618958,-0.850357711315155,0.8576472401618958,-0.850357711315155,2.022566318511963,0.6095275282859802,0.3333333432674408,0.22094127535820007,0.17150036990642548,0.4288236200809479,-0.4251788556575775,0.6411288976669312,0.0401294119656086,0.7656447291374207,-0.22878216207027435,0.12378920614719391,-0.4959717392921448,0.44879022240638733,0.44879022240638733,0.2398328185081482,1.9372000694274902,-0.8148356080055237,0.0,0.20895740389823914,0.20895740389823914,0.0200647059828043,0.0200647059828043,0.021446937695145607,-0.7199321389198303,-1.4325722455978394,0.0,-0.0013822317123413086,-0.0013822317123413086,0.3828223645687103,0.3828223645687103,0.03027482144534588,0.6637480854988098,-0.7086734771728516,0.0,0.35254754312336445,0.35254754312336445,-0.1601475179195404,-0.1601475179195404,0.2735508978366852,-1.8679089546203613,-0.6558950543403625,0.0,-0.4336984157562256,-0.4336984157562256,0.061894603073596954,0.061894603073596954,0.06542522460222244,1.1957745552062988,-1.2385050058364868,0.0,-0.0035306215286254883,-0.0035306215286254883,-0.2479858696460724,-0.2479858696460724,-0.0934034064412117,-0.08623816072940826,-0.7810133695602417,0.0,-0.1545824632048607,-0.1545824632048607
107,3.5666666666666664,14,0,0,,4,uneven rough,5,0.0,54.450164794921875,34.83100128173828,0.2940598130226135,0.6145750880241394,-0.12963661551475525,0.6145750880241394,-0.12963661551475525,4.547721862792969,3.9229249954223633,0.6666666865348816,0.040818266570568085,0.06975056976079941,0.3072875440120697,-0.06481830775737762,0.5323036313056946,0.3207068145275116,-0.11054202169179916,0.11444439738988876,0.21959616243839264,0.030793700367212296,0.37261253595352173,0.37261253595352173,0.20471176505088806,1.879180908203125,-0.4887300729751587,0.0,0.16790077090263367,0.16790077090263367,0.1603534072637558,0.1603534072637558,0.05650961026549339,1.9964268207550049,0.032357435673475266,0.0,0.1038437969982624,0.1038437969982624,-0.05527101084589958,-0.05527101084589958,0.05621270835399628,-0.9412391185760498,0.39909490942955017,0.0,-0.11148371919989586,-0.11148371919989586,0.0801110789179802,0.0801110789179802,0.07742857933044434,-1.2220999002456665,0.85956209897995,0.0,0.002682499587535858,0.002682499587535858,0.10979808121919632,0.10979808121919632,-0.025510389357805252,1.8782378435134888,0.7636557817459106,0.0,0.13530847057700157,0.13530847057700157,0.015396850183606148,0.015396850183606148,0.0005519393016584218,-1.1415292024612427,0.9666876792907715,0.0,0.014844910881947726,0.014844910881947726
107,3.5666666666666664,24,0,0,,4,uneven rough,6,0.0,55.675846099853516,35.70766830444336,0.2196614146232605,1.8382022380828857,-0.4618975818157196,1.755448579788208,-0.4618975818157196,8.893360137939453,2.4090123176574707,0.3333333432674408,0.12805938720703125,0.15072718262672424,0.9191011190414429,-0.2309487909078598,0.08167843520641327,0.2381187081336975,0.37734052538871765,-0.24708975851535797,0.29232966899871826,-0.34503230452537537,0.05717490240931511,0.05717490240931511,0.08854036033153534,-1.2565960884094238,0.57123202085495,0.0,-0.03136545792222023,-0.03136545792222023,0.11905935406684875,0.11905935406684875,0.10533592104911804,0.4542880952358246,-1.449724793434143,0.0,0.013723433017730713,0.013723433017730713,0.18867026269435883,0.18867026269435883,-0.11612880975008011,-0.9380377531051636,-0.12248051166534424,0.0,0.30479907244443893,0.30479907244443893,-0.17296282947063446,-0.17296282947063446,-0.1237536296248436,-1.6301746368408203,-0.9874505996704102,0.0,-0.04920919984579086,-0.04920919984579086,0.14616483449935913,0.14616483449935913,0.154415100812912,0.2406005561351776,-0.8924020528793335,0.0,-0.008250266313552856,-0.008250266313552856,-0.17251615226268768,-0.17251615226268768,-0.09233862906694412,-1.5924992561340332,-0.7386873364448547,0.0,-0.08017752319574356,-0.08017752319574356
108,3.6,4,0,0,,4,uneven rough,5,0.0,54.84994888305664,33.35121154785156,0.18947003781795502,0.9500391483306885,-0.7445553541183472,0.9500391483306885,-0.7445553541183472,1.3175609111785889,4.869414329528809,0.5,0.06158864498138428,0.11721333861351013,0.47501957416534424,-0.3722776770591736,0.5973619222640991,0.42661330103874207,0.6689374446868896,0.03828074038028717,0.4282413423061371,-0.37447652220726013,0.4181533455848694,0.4181533455848694,0.3081991970539093,1.766726016998291,0.7411702871322632,0.0,0.10995414853096008,0.10995414853096008,0.21330665051937103,0.21330665051937103,0.08164222538471222,1.707136631011963,-1.029644250869751,0.0,0.1316644251346588,0.1316644251346588,0.3344687223434448,0.3344687223434448,0.05519972741603851,-0.20773330330848694,0.06729613244533539,0.0,0.2792689949274063,0.2792689949274063,0.02679651789367199,0.02679651789367199,0.21407222747802734,-1.5603902339935303,-1.341169834136963,0.0,-0.18727570958435535,-0.18727570958435535,0.21412067115306854,0.21412067115306854,0.14757701754570007,1.9904735088348389,0.13784101605415344,0.0,0.06654365360736847,0.06654365360736847,-0.18723826110363007,-0.18723826110363007,-0.12618789076805115,-1.120535969734192,-0.3881862461566925,0.0,-0.06105037033557892,-0.06105037033557892
108,3.6,14,0,0,,4,uneven rough,5,0.0,54.48270034790039,34.8420295715332,0.29104089736938477,0.19630415737628937,-0.5042753219604492,0.19630415737628937,-0.5042753219604492,0.9151607751846313,1.1036418676376343,0.5,-0.11203896999359131,0.04058420658111572,0.09815207868814468,-0.2521376609802246,0.6463059186935425,-0.12337519973516464,0.0928942859172821,0.12665490806102753,0.037141166627407074,-0.4504372477531433,0.4524141252040863,0.4524141252040863,0.26515716314315796,1.5833507776260376,0.8500910401344299,0.0,0.18725696206092834,0.18725696206092834,-0.1974003165960312,-0.1974003165960312,0.016129588708281517,-0.7752525210380554,1.1428457498550415,0.0,-0.2135299053043127,-0.2135299053043127,0.04644714295864105,0.04644714295864105,0.048115428537130356,0.07112117111682892,-0.3587323725223541,0.0,-0.0016682855784893036,-0.0016682855784893036,0.08865843713283539,0.08865843713283539,0.0577440969645977,0.026383157819509506,-0.317413330078125,0.0,0.030914340168237686,0.030914340168237686,0.018570583313703537,0.018570583313703537,-0.011180531233549118,1.5031312704086304,1.3938424587249756,0.0,0.029751114547252655,0.029751114547252655,-0.22521862387657166,-0.22521862387657166,-0.0289700236171484,-0.5123602747917175,-0.22530190646648407,0.0,-0.19624860025942326,-0.19624860025942326
108,3.6,24,0,0,,4,uneven rough,6,0.0,55.73979568481445,35.717918395996094,0.20647993683815002,1.8094735145568848,0.08390843868255615,1.8094735145568848,0.08390843868255615,10.037298202514648,6.103168487548828,0.3333333432674408,0.13484977185726166,0.31567007303237915,0.9047367572784424,0.041954219341278076,0.6420421600341797,0.06869848072528839,0.3646382689476013,0.22533342242240906,0.3861328959465027,-0.0993778258562088,0.4494295120239258,0.4494295120239258,0.12333592772483826,1.831170916557312,-0.4622252583503723,0.0,0.3260935842990875,0.3260935842990875,0.034349240362644196,0.034349240362644196,0.04643600434064865,-1.8423423767089844,-0.3731924891471863,0.0,-0.012086763978004456,-0.012086763978004456,0.18231913447380066,0.18231913447380066,-0.07407589256763458,-0.1667506992816925,-0.5835980176925659,0.0,0.25639502704143524,0.25639502704143524,0.15773339569568634,0.15773339569568634,-0.14249558746814728,0.9695171117782593,-1.3508479595184326,0.0,0.3002289831638336,0.3002289831638336,0.19306644797325134,0.19306644797325134,0.17708426713943481,1.999959111213684,-0.2518003582954407,0.0,0.01598218083381653,0.01598218083381653,-0.0496889129281044,-0.0496889129281044,-0.04312844201922417,1.3269157409667969,-1.2214341163635254,0.0,-0.006560470908880234,-0.006560470908880234
109,3.6333333333333333,4,0,0,,4,uneven rough,5,0.0,54.88515853881836,33.37330627441406,0.19162142276763916,0.1419810652732849,-0.4701387286186218,0.1419810652732849,-0.4701387286186218,3.020493984222412,4.487617492675781,0.5,0.13726870715618134,0.07292897999286652,0.07099053263664246,-0.2350693643093109,0.5767282247543335,0.3266241252422333,0.6698687076568604,0.23304229974746704,0.4078123867511749,-0.5135782361030579,0.40370973944664,0.40370973944664,0.374484658241272,1.8389196395874023,1.321021318435669,0.0,0.029225081205368042,0.029225081205368042,0.16331206262111664,0.16331206262111664,0.1476260870695114,1.2737051248550415,0.517736554145813,0.0,0.015685975551605225,0.015685975551605225,0.3349343538284302,0.3349343538284302,0.07331414520740509,-0.04889579489827156,-0.08820600062608719,0.0,0.2616202086210251,0.2616202086210251,0.16312961280345917,0.16312961280345917,0.1544100046157837,-1.154605746269226,-1.4651174545288086,0.0,0.008719608187675476,0.008719608187675476,0.20390619337558746,0.20390619337558746,0.21950295567512512,0.9315938949584961,1.1853227615356445,0.0,-0.015596762299537659,-0.015596762299537659,-0.25678911805152893,-0.25678911805152893,-0.1662796139717102,-1.9476431608200073,-0.8022580742835999,0.0,-0.09050950407981873,-0.09050950407981873
109,3.6333333333333333,14,0,0,,4,uneven rough,5,0.0,54.51669692993164,34.84901809692383,0.2804638743400574,0.24206914007663727,-0.40783703327178955,0.24206914007663727,-0.40783703327178955,1.0833191871643066,0.7469838857650757,0.3333333432674408,0.005767305847257376,0.06004413962364197,0.12103457003831863,-0.20391851663589478,0.4357367753982544,-0.0071252756752073765,0.4783576726913452,0.16209754347801208,0.3957473933696747,-0.12978899478912354,0.3050157427787781,0.3050157427787781,0.2943612039089203,0.6290984749794006,1.2646774053573608,0.0,0.010654538869857788,0.010654538869857788,-0.011400441639125347,-0.011400441639125347,-0.020769843831658363,-1.4263062477111816,0.058349546045064926,0.0,0.009369402192533016,0.009369402192533016,0.2391788363456726,0.2391788363456726,0.09632205218076706,0.9850368499755859,-0.11569240689277649,0.0,0.14285678416490555,0.14285678416490555,0.11346828192472458,0.11346828192472458,0.09763778001070023,1.3152315616607666,-0.1230301782488823,0.0,0.015830501914024353,0.015830501914024353,0.19787369668483734,0.19787369668483734,0.060473497956991196,1.995828628540039,1.4556344747543335,0.0,0.13740019872784615,0.13740019872784615,-0.06489449739456177,-0.06489449739456177,-0.025136586278676987,0.6587334275245667,-0.387605220079422,0.0,-0.03975791111588478,-0.03975791111588478
109,3.6333333333333333,24,0,0,,4,uneven rough,6,0.0,55.809627532958984,35.72504425048828,0.1964033991098404,1.808343529701233,0.8108924627304077,1.808343529701233,0.8108924627304077,7.200377941131592,0.7340984344482422,0.3333333432674408,-0.011054754257202148,0.14340417087078094,0.9041717648506165,0.40544623136520386,-0.13984599709510803,0.39775803685188293,-0.07116424292325974,0.457359254360199,0.423024445772171,0.4097059369087219,-0.09789219498634338,-0.09789219498634338,0.07497653365135193,-1.9205737113952637,0.8344650268554688,0.0,-0.1728687286376953,-0.1728687286376953,0.19887901842594147,0.19887901842594147,0.09354612231254578,1.7460342645645142,-1.2038524150848389,0.0,0.10533289611339569,0.10533289611339569,-0.03558212146162987,-0.03558212146162987,-0.04814114794135094,0.39992275834083557,-0.3479117751121521,0.0,0.01255902647972107,0.01255902647972107,0.3201514780521393,0.3201514780521393,-0.07242852449417114,1.9674327373504639,-0.038909412920475006,0.0,0.3925800025463104,0.3925800025463104,0.2115122228860855,0.2115122228860855,0.23901769518852234,-0.1064532995223999,1.021348476409912,0.0,-0.02750547230243683,-0.02750547230243683,0.20485296845436096,0.20485296845436096,0.024046674370765686,1.884559988975525,0.21940746903419495,0.0,0.18080629408359528,0.18080629408359528
110,3.6666666666666665,4,0,0,,4,uneven rough,5,0.0,54.91301727294922,33.394142150878906,0.19438371062278748,0.09290551394224167,-0.8258507251739502,0.09290551394224167,-0.8258507251739502,3.2503304481506348,2.3835487365722656,0.3333333432674408,0.2629827857017517,0.08998046815395355,0.046452756971120834,-0.4129253625869751,0.548742949962616,-0.061386868357658386,0.842004656791687,0.034411173313856125,0.2149522453546524,-0.6448299288749695,0.38412004709243774,0.38412004709243774,0.4134933054447174,0.11634909361600876,1.6138418912887573,0.0,-0.029373258352279663,-0.029373258352279663,-0.09821899235248566,-0.09821899235248566,0.08366643637418747,-1.995745301246643,0.9451625347137451,0.0,-0.18188542872667313,-0.18188542872667313,0.4210023283958435,0.4210023283958435,0.08396030217409134,-0.5160937905311584,-0.06597993522882462,0.0,0.33704202622175217,0.33704202622175217,0.024087820202112198,0.024087820202112198,0.0911993533372879,-1.903300166130066,-1.2895535230636597,0.0,-0.0671115331351757,-0.0671115331351757,0.1074761226773262,0.1074761226773262,0.16904033720493317,-1.895066499710083,1.041864037513733,0.0,-0.061564214527606964,-0.061564214527606964,-0.32241496443748474,-0.32241496443748474,-0.21093986928462982,-1.9617702960968018,-1.4498608112335205,0.0,-0.11147509515285492,-0.11147509515285492
110,3.6666666666666665,14,0,0,,4,uneven rough,5,0.0,54.54854202270508,34.85979080200195,0.2786877453327179,0.36422839760780334,-0.1711057722568512,0.36422839760780334,-0.1711057722568512,0.9143195152282715,2.8032474517822266,0.5,-0.012125929817557335,0.12059339135885239,0.18211419880390167,-0.0855528861284256,0.19854065775871277,0.2689684331417084,0.24493417143821716,0.4280029237270355,0.46470922231674194,0.040117599070072174,0.13897845149040222,0.13897845149040222,0.23941253125667572,-1.9645321369171143,0.9053199291229248,0.0,-0.1004340797662735,-0.1004340797662735,0.1344842165708542,0.1344842165708542,0.034993983805179596,1.9754760265350342,-0.78107750415802,0.0,0.09949023276567459,0.09949023276567459,0.12246708571910858,0.12246708571910858,0.13790883123874664,0.5105941295623779,0.5066618919372559,0.0,-0.015441745519638062,-0.015441745519638062,0.29960203170776367,0.29960203170776367,0.16862119734287262,2.000000476837158,0.6901655793190002,0.0,0.13098083436489105,0.13098083436489105,0.23235461115837097,0.23235461115837097,0.13451015949249268,1.8954663276672363,1.761061191558838,0.0,0.0978444516658783,0.0978444516658783,0.020058799535036087,0.020058799535036087,0.01422116532921791,0.5649510622024536,0.20399652421474457,0.0,0.005837634205818176,0.005837634205818176
110,3.6666666666666665,24,0,0,,4,uneven rough,6,0.0,55.87667465209961,35.7298583984375,0.18700659275054932,1.8141789436340332,0.06356793642044067,1.8141789436340332,0.06356793642044067,9.362570762634277,0.11923881620168686,0.1666666716337204,0.21188530325889587,0.11566321551799774,0.9070894718170166,0.03178396821022034,0.17679138481616974,0.1523975133895874,-0.3220999240875244,0.024452252313494682,0.40031254291534424,0.004543768707662821,0.12375396490097046,0.12375396490097046,0.08647003024816513,1.1589982509613037,-0.7232388257980347,0.0,0.03728393465280533,0.03728393465280533,0.0761987566947937,0.0761987566947937,0.07211094349622726,0.3137916624546051,0.4640187919139862,0.0,0.004087813198566437,0.004087813198566437,-0.1610499620437622,-0.1610499620437622,-0.11444247514009476,-2.253024101257324,0.07491521537303925,0.0,-0.04660748690366745,-0.04660748690366745,0.017116576433181763,0.017116576433181763,-0.014162161387503147,1.9931508302688599,1.0954800844192505,0.0,0.03127873782068491,0.03127873782068491,0.20015627145767212,0.20015627145767212,0.20524094998836517,-0.7653403878211975,0.3836873173713684,0.0,-0.005084678530693054,-0.005084678530693054,0.0022718843538314104,0.0022718843538314104,0.0177414882928133,-2.132441520690918,1.1608877182006836,0.0,-0.01546960393898189,-0.01546960393898189
111,3.6999999999999997,4,0,0,,4,uneven rough,5,0.0,54.93514633178711,33.41941833496094,0.19729623198509216,1.0372438430786133,-1.469149112701416,1.0372438430786133,-1.469149112701416,2.368952512741089,1.5641487836837769,0.3333333432674408,0.32696887850761414,0.2177497148513794,0.5186219215393066,-0.734574556350708,0.4749842882156372,-0.00818602740764618,0.9383718371391296,-0.04974529519677162,0.2657211124897003,-0.40783262252807617,0.3324889838695526,0.3324889838695526,0.360348105430603,-1.9995481967926025,0.7671567797660828,0.0,-0.027859121561050415,-0.027859121561050415,-0.013097643852233887,-0.013097643852233887,0.018094705417752266,-1.970285415649414,-0.717631995677948,0.0,-0.031192349269986153,-0.031192349269986153,0.4691859185695648,0.4691859185695648,0.13334399461746216,1.150267243385315,-0.32047510147094727,0.0,0.33584192395210266,0.33584192395210266,-0.034821707755327225,-0.034821707755327225,0.02868450991809368,-1.9491298198699951,-1.6365669965744019,0.0,-0.0635062176734209,-0.0635062176734209,0.13286055624485016,0.13286055624485016,0.13107125461101532,-0.9058123826980591,-0.6186817288398743,0.0,0.0017893016338348389,0.0017893016338348389,-0.20391631126403809,-0.20391631126403809,-0.17950057983398438,0.8181741833686829,-1.7392953634262085,0.0,-0.02441573143005371,-0.02441573143005371
111,3.6999999999999997,14,0,0,,4,uneven rough,5,0.0,54.579463958740234,34.870201110839844,0.2730325758457184,0.23798777163028717,0.3653246760368347,0.23798777163028717,0.3653246760368347,2.5537757873535156,0.7329949140548706,0.2644122838973999,-0.0868522971868515,0.030979137867689133,0.11899388581514359,0.18266233801841736,0.8041837811470032,0.042968038469552994,-0.2678109109401703,0.37212347984313965,0.33286523818969727,0.01685875654220581,0.5629286170005798,0.5629286170005798,0.2625434696674347,1.2065199613571167,-0.7172995805740356,0.0,0.30038514733314514,0.30038514733314514,0.021484019234776497,0.021484019234776497,0.03643479943275452,0.04490775242447853,0.777482807636261,0.0,-0.01495078019797802,-0.01495078019797802,-0.13390545547008514,-0.13390545547008514,0.09393488615751266,-1.1510814428329468,0.5088852047920227,0.0,-0.2278403416275978,-0.2278403416275978,0.2604864239692688,0.2604864239692688,0.21141783893108368,1.3115239143371582,1.4307485818862915,0.0,0.04906858503818512,0.04906858503818512,0.16643261909484863,0.16643261909484863,0.14279167354106903,0.14337830245494843,1.8370541334152222,0.0,0.023640945553779602,0.023640945553779602,0.008429378271102905,0.008429378271102905,0.010883866809308529,0.3872479796409607,0.4080808758735657,0.0,-0.0024544885382056236,-0.0024544885382056236
111,3.6999999999999997,24,0,0,,4,uneven rough,6,0.0,55.94123077392578,35.72846984863281,0.20301032066345215,1.9569271802902222,0.0636155903339386,1.8603185415267944,0.0636155903339386,9.24327278137207,4.7884063720703125,0.5,0.4058900773525238,0.21232323348522186,0.9784635901451111,0.0318077951669693,-0.38620421290397644,0.4352547824382782,0.19228364527225494,0.5744438171386719,0.20563694834709167,0.22061806917190552,-0.27034294605255127,-0.27034294605255127,0.03488019481301308,-1.5335536003112793,0.3409813940525055,0.0,-0.30522314086556435,-0.30522314086556435,0.2176273912191391,0.2176273912191391,0.13575439155101776,1.9988676309585571,0.3790801167488098,0.0,0.08187299966812134,0.08187299966812134,0.09614182263612747,0.09614182263612747,-0.07625028491020203,1.939535140991211,-1.2413058280944824,0.0,0.1723921075463295,0.1723921075463295,0.40211066603660583,0.40211066603660583,0.05018588528037071,1.587766170501709,1.6030247211456299,0.0,0.3519247807562351,0.3519247807562351,0.10281847417354584,0.10281847417354584,0.16360895335674286,-1.5168812274932861,-0.2659749984741211,0.0,-0.06079047918319702,-0.06079047918319702,0.11030903458595276,0.11030903458595276,0.07333637773990631,0.7265440821647644,-0.701166570186615,0.0,0.03697265684604645,0.03697265684604645
112,3.7333333333333334,4,0,0,,4,uneven rough,5,0.0,54.96474075317383,33.437747955322266,0.2094237208366394,0.9350827932357788,-1.3847585916519165,0.9350827932357788,-1.3847585916519165,4.103817939758301,2.3180761337280273,0.3333333432674408,0.37389373779296875,0.30527323484420776,0.4675413966178894,-0.6923792958259583,0.8316939473152161,0.15550941228866577,0.7646890878677368,0.011916840448975563,0.21732677519321442,-0.13051223754882812,0.5821857452392578,0.5821857452392578,0.383258193731308,1.2773137092590332,-0.7971431612968445,0.0,0.19892755150794983,0.19892755150794983,0.07775470614433289,0.07775470614433289,0.060233693569898605,1.201270580291748,-1.425884485244751,0.0,0.01752101257443428,0.01752101257443428,0.3823445439338684,0.3823445439338684,0.18958285450935364,1.513612151145935,0.5110852718353271,0.0,0.19276168942451477,0.19276168942451477,0.008341788314282894,0.008341788314282894,-0.029306503012776375,-0.3572268784046173,-1.8132905960083008,0.0,0.03764829132705927,0.03764829132705927,0.10866338759660721,0.10866338759660721,0.12482448667287827,-0.8282562494277954,-0.7810259461402893,0.0,-0.016161099076271057,-0.016161099076271057,-0.06525611877441406,-0.06525611877441406,-0.12363988906145096,1.3926762342453003,-0.29329749941825867,0.0,0.058383770287036896,0.058383770287036896
112,3.7333333333333334,14,0,0,,4,uneven rough,5,0.0,54.61088943481445,34.87806701660156,0.27670368552207947,0.8930679559707642,-0.05515434965491295,0.8930679559707642,-0.05515434965491295,3.872068405151367,5.254881381988525,0.5,0.09013009071350098,0.15099196135997772,0.4465339779853821,-0.027577174827456474,-0.28025302290916443,0.1681652069091797,0.6131941080093384,0.5485848188400269,-0.2342248260974884,0.0957140326499939,-0.19617711007595062,-0.19617711007595062,0.211937814950943,-1.9993839263916016,0.37043142318725586,0.0,-0.4081149250268936,-0.4081149250268936,0.08408260345458984,0.08408260345458984,0.05738242715597153,1.820792317390442,0.36328354477882385,0.0,0.026700176298618317,0.026700176298618317,0.3065970540046692,0.3065970540046692,0.15204443037509918,-0.0564468614757061,-0.42966291308403015,0.0,0.15455262362957,0.15455262362957,0.38400936126708984,0.38400936126708984,0.282993346452713,1.9793356657028198,1.3633387088775635,0.0,0.10101601481437683,0.10101601481437683,-0.3747597336769104,-0.3747597336769104,0.1317528933286667,0.13839875161647797,0.879446804523468,0.0,-0.5065126270055771,-0.5065126270055771,0.04785701632499695,0.04785701632499695,0.054851531982421875,0.4028298258781433,0.39630192518234253,0.0,-0.006994515657424927,-0.006994515657424927
112,3.7333333333333334,24,0,0,,4,uneven rough,6,0.0,56.00261306762695,35.73936462402344,0.22520866990089417,1.7514034509658813,-0.3197219967842102,1.7514034509658813,-0.3197219967842102,9.79680061340332,2.895862340927124,0.4054054617881775,0.35748490691185,0.2094022035598755,0.8757017254829407,-0.1598609983921051,-0.36684900522232056,0.6482266187667847,0.0523621141910553,-0.24757744371891022,0.1510423719882965,-0.06446225941181183,-0.2567943036556244,-0.2567943036556244,-0.02346958965063095,-1.7669141292572021,-0.7188840508460999,0.0,-0.23332471400499344,-0.23332471400499344,0.32411330938339233,0.32411330938339233,0.1912277638912201,1.1582030057907104,1.2949109077453613,0.0,0.13288554549217224,0.13288554549217224,0.02618105709552765,0.02618105709552765,-0.04041220247745514,-0.35300371050834656,0.5571473240852356,0.0,0.06659325957298279,0.06659325957298279,-0.1733042150735855,-0.1733042150735855,0.03010985441505909,-1.8086118698120117,1.5943975448608398,0.0,-0.2034140694886446,-0.2034140694886446,0.07552118599414825,0.07552118599414825,0.11461719125509262,-1.8009811639785767,-0.9732396006584167,0.0,-0.039096005260944366,-0.039096005260944366,-0.032231129705905914,-0.032231129705905914,0.053147461265325546,-1.1613335609436035,0.1060635894536972,0.0,-0.08537859097123146,-0.08537859097123146
113,3.7666666666666666,4,0,0,,4,uneven rough,5,0.0,54.99530029296875,33.45331573486328,0.21735882759094238,-0.1929738074541092,-1.134838342666626,-0.1929738074541092,-1.134838342666626,1.6753467321395874,5.148303031921387,0.5,0.3403429388999939,0.04575275629758835,-0.0964869037270546,-0.567419171333313,0.34931617975234985,0.5028070211410522,0.7083715200424194,0.1542913317680359,0.42630356550216675,-0.0014058416709303856,0.24452131986618042,0.24452131986618042,0.3239412009716034,-1.9698888063430786,0.37575846910476685,0.0,-0.07941988110542297,-0.07941988110542297,0.2514035105705261,0.2514035105705261,0.13356637954711914,1.9260528087615967,0.059513699263334274,0.0,0.11783713102340698,0.11783713102340698,0.3541857600212097,0.3541857600212097,0.23571622371673584,1.3843398094177246,1.0779157876968384,0.0,0.11846953630447388,0.11846953630447388,0.10800392925739288,0.10800392925739288,0.035680629312992096,1.871389389038086,-0.9900295734405518,0.0,0.07232329994440079,0.07232329994440079,0.21315178275108337,0.21315178275108337,0.1811780035495758,1.568037509918213,-0.8077300190925598,0.0,0.03197377920150757,0.03197377920150757,-0.0007029208354651928,-0.0007029208354651928,-0.07153298705816269,1.9433579444885254,0.6599550843238831,0.0,0.0708300662226975,0.0708300662226975
113,3.7666666666666666,14,0,0,,4,uneven rough,5,0.0,54.641056060791016,34.892452239990234,0.2683091163635254,0.5957782864570618,0.03197438642382622,0.5957782864570618,0.03197438642382622,6.2356486320495605,6.2491302490234375,0.5,0.06787057965993881,0.1132187694311142,0.2978891432285309,0.01598719321191311,0.45683616399765015,-0.015415185131132603,-0.0993962436914444,0.18945114314556122,0.3740197420120239,-0.02287440560758114,0.31978529691696167,0.31978529691696167,0.2668181359767914,1.8971283435821533,-0.9694664478302002,0.0,0.05296716094017029,0.05296716094017029,-0.024664295837283134,-0.024664295837283134,0.014371528290212154,-1.877414345741272,1.1873615980148315,0.0,-0.03903582412749529,-0.03903582412749529,-0.0496981218457222,-0.0496981218457222,0.09991954267024994,0.3975616991519928,-0.2186458855867386,0.0,-0.14961766451597214,-0.14961766451597214,0.1326158046722412,0.1326158046722412,0.23014016449451447,-1.853368878364563,1.7116245031356812,0.0,-0.09752435982227325,-0.09752435982227325,0.18700987100601196,0.18700987100601196,0.1280777007341385,1.7836414575576782,0.460456907749176,0.0,0.058932170271873474,0.058932170271873474,-0.01143720280379057,-0.01143720280379057,0.026623398065567017,0.12296726554632187,0.39999282360076904,0.0,-0.038060600869357586,-0.038060600869357586
113,3.7666666666666666,24,0,0,,4,uneven rough,6,0.0,56.06283187866211,35.74766159057617,0.22806771099567413,1.8323986530303955,-0.34661248326301575,1.8323986530303955,-0.34661248326301575,9.30122184753418,2.2489004135131836,0.3333333432674408,0.29689544439315796,0.25375425815582275,0.9161993265151978,-0.17330624163150787,0.21029742062091827,0.20692163705825806,0.15567797422409058,-0.4887247383594513,0.3735610246658325,-0.779358983039856,0.14720819890499115,0.14720819890499115,0.01100445631891489,1.963864803314209,-1.3114421367645264,0.0,0.13620374258607626,0.13620374258607626,0.10346081852912903,0.10346081852912903,0.1443466693162918,-1.9993999004364014,1.2176159620285034,0.0,-0.04088585078716278,-0.04088585078716278,0.07783898711204529,0.07783898711204529,-0.009358388371765614,1.5452924966812134,0.04254629462957382,0.0,0.0871973754838109,0.0871973754838109,-0.3421073257923126,-0.3421073257923126,-0.03969009593129158,-1.9068539142608643,-0.32967010140419006,0.0,-0.30241722986102104,-0.30241722986102104,0.18678051233291626,0.18678051233291626,0.1334637552499771,2.0183074474334717,-1.4412461519241333,0.0,0.05331675708293915,0.05331675708293915,-0.389679491519928,-0.389679491519928,0.031515948474407196,-0.3587047755718231,-0.6105250120162964,0.0,-0.4211954399943352,-0.4211954399943352
114,3.8,4,0,0,,4,uneven rough,5,0.0,55.026702880859375,33.46531295776367,0.21691466867923737,0.7935114502906799,-0.2734432816505432,0.7935114502906799,-0.2734432816505432,5.290536403656006,6.871091842651367,0.5,0.43423184752464294,0.042311444878578186,0.39675572514533997,-0.1367216408252716,0.7937048673629761,0.20440661907196045,0.2697363793849945,0.46798941493034363,0.597054660320282,5.718693137168884e-05,0.5555933713912964,0.5555933713912964,0.3515641689300537,2.0000410079956055,-0.9504746794700623,0.0,0.20402920246124268,0.20402920246124268,0.10220330953598022,0.10220330953598022,0.1447576880455017,-0.47645509243011475,1.1148582696914673,0.0,-0.042554378509521484,-0.042554378509521484,0.13486818969249725,0.13486818969249725,0.17792315781116486,-2.000122547149658,1.2511684894561768,0.0,-0.0430549681186676,-0.0430549681186676,0.3275925815105438,0.3275925815105438,0.07710674405097961,1.3646928071975708,0.6278218626976013,0.0,0.2504858374595642,0.2504858374595642,0.298527330160141,0.298527330160141,0.23065511882305145,1.6991758346557617,0.5355331897735596,0.0,0.06787221133708954,0.06787221133708954,2.859346568584442e-05,2.859346568584442e-05,-0.040837548673152924,0.16977864503860474,1.385593295097351,0.0,0.04086614213883877,0.04086614213883877
114,3.8,14,0,0,,4,uneven rough,5,0.0,54.67823791503906,34.89753723144531,0.26314353942871094,0.5154803991317749,-0.143575981259346,0.5154803991317749,-0.143575981259346,0.9268831014633179,1.33073091506958,0.3333333432674408,0.2146972268819809,0.1472499668598175,0.25774019956588745,-0.071787990629673,0.6229953765869141,-0.00917747151106596,0.18244612216949463,0.4191139042377472,-0.12897896766662598,0.28638923168182373,0.43609675765037537,0.43609675765037537,0.32683074474334717,1.7316818237304688,0.6513113975524902,0.0,0.1092660129070282,0.1092660129070282,-0.014683954417705536,-0.014683954417705536,-0.04158737510442734,-0.3348968029022217,-0.5454682111740112,0.0,0.026903420686721802,0.026903420686721802,0.09122306108474731,0.09122306108474731,0.11686074733734131,0.3931567072868347,0.12975898385047913,0.0,-0.025637686252593994,-0.025637686252593994,0.2933797240257263,0.2933797240257263,0.2351493090391159,1.713202714920044,-0.3040291368961334,0.0,0.05823041498661041,0.05823041498661041,-0.20636634528636932,-0.20636634528636932,0.1154249981045723,0.41687270998954773,1.2085877656936646,0.0,-0.3217913433909416,-0.3217913433909416,0.14319461584091187,0.14319461584091187,0.0676845833659172,1.3468315601348877,0.24336206912994385,0.0,0.07551003247499466,0.07551003247499466
114,3.8,24,0,0,,4,uneven rough,6,0.0,56.126094818115234,35.75602722167969,0.2321186661720276,1.7388707399368286,-0.196635439991951,1.7388707399368286,-0.196635439991951,9.428271293640137,1.4679949283599854,0.3333333432674408,0.483161985874176,0.10537169873714447,0.8694353699684143,-0.0983177199959755,0.4690646827220917,0.45403894782066345,0.0102454898878932,-0.14234042167663574,0.33729901909828186,-0.39324116706848145,0.32834526896476746,0.32834526896476746,0.07591646909713745,1.7615458965301514,0.540422260761261,0.0,0.25242879986763,0.25242879986763,0.22701947391033173,0.22701947391033173,0.18097466230392456,1.8033084869384766,-0.6012905836105347,0.0,0.046044811606407166,0.046044811606407166,0.0051227449439466,0.0051227449439466,-0.030070070177316666,-0.5563124418258667,0.8922016620635986,0.0,0.035192815121263266,0.035192815121263266,-0.09963829070329666,-0.09963829070329666,-0.09632471203804016,-1.0558067560195923,-1.2214126586914062,0.0,-0.0033135786652565002,-0.0033135786652565002,0.16864950954914093,0.16864950954914093,0.20327849686145782,0.7831591367721558,0.5147916674613953,0.0,-0.034628987312316895,-0.034628987312316895,-0.19662058353424072,-0.19662058353424072,-0.0019068365218117833,-0.19904349744319916,-0.4681454002857208,0.0,-0.19471374701242894,-0.19471374701242894
115,3.8333333333333335,4,0,0,,4,uneven rough,5,0.0,55.05623245239258,33.477874755859375,0.21296444535255432,0.5764704942703247,-0.7383809685707092,0.5764704942703247,-0.7383809685707092,3.310546875,3.5292155742645264,0.3333333432674408,0.22230444848537445,0.13532960414886475,0.28823524713516235,-0.3691904842853546,-0.04055756703019142,-0.2217096984386444,0.7768785357475281,0.6639020442962646,0.45185574889183044,0.3115495443344116,-0.028390295803546906,-0.028390295803546906,0.3235541880130768,-1.9635258913040161,0.7177521586418152,0.0,-0.3519444838166237,-0.3519444838166237,-0.35473552346229553,-0.35473552346229553,0.0885009691119194,-1.723732590675354,0.21512684226036072,0.0,-0.44323649257421494,-0.44323649257421494,0.38843926787376404,0.38843926787376404,0.22380271553993225,1.9996647834777832,-0.5871172547340393,0.0,0.1646365523338318,0.1646365523338318,0.4647314250469208,0.4647314250469208,0.14351513981819153,1.9785369634628296,1.044450044631958,0.0,0.32121628522872925,0.32121628522872925,0.22592787444591522,0.22592787444591522,0.22131465375423431,-0.2648508548736572,1.1934587955474854,0.0,0.004613220691680908,0.004613220691680908,0.1557747721672058,0.1557747721672058,0.010629543103277683,1.6220394372940063,0.6981695294380188,0.0,0.14514522906392813,0.14514522906392813
115,3.8333333333333335,14,0,0,,4,uneven rough,5,0.0,54.71580505371094,34.90790939331055,0.26035869121551514,1.331186056137085,-0.8421017527580261,1.331186056137085,-0.8421017527580261,1.2847378253936768,2.4175946712493896,0.5,0.1878490149974823,0.21802374720573425,0.6655930280685425,-0.42105087637901306,-0.24220450222492218,0.2277044802904129,0.3059167265892029,0.45637333393096924,0.4255472421646118,-0.25724008679389954,-0.16954314708709717,-0.16954314708709717,0.29913365840911865,-1.710172414779663,1.2621548175811768,0.0,-0.4686768054962158,-0.4686768054962158,0.11385224014520645,0.11385224014520645,0.02526761032640934,1.9069174528121948,-0.4264107644557953,0.0,0.08858462981879711,0.08858462981879711,0.15295836329460144,0.15295836329460144,0.12104690819978714,0.37167543172836304,0.2786845266819,0.0,0.0319114550948143,0.0319114550948143,0.31946131587028503,0.31946131587028503,0.3082828223705292,1.8812412023544312,0.8365173935890198,0.0,0.01117849349975586,0.01117849349975586,0.2127736210823059,0.2127736210823059,0.18866103887557983,1.9646631479263306,0.7609506249427795,0.0,0.024112582206726074,0.024112582206726074,-0.12862004339694977,-0.12862004339694977,0.02238820679485798,-1.622185468673706,0.8672657012939453,0.0,-0.15100825019180775,-0.15100825019180775
115,3.8333333333333335,24,0,0,,4,uneven rough,6,0.0,56.188228607177734,35.75841522216797,0.23282194137573242,1.6859631538391113,-0.4415876865386963,1.6859631538391113,-0.4415876865386963,8.118276596069336,1.9476006031036377,0.3333333432674408,0.5576555728912354,0.038160912692546844,0.8429815769195557,-0.22079384326934814,0.2096707820892334,0.32896122336387634,-0.10125578194856644,0.0001666732132434845,0.5017681121826172,-0.339542031288147,0.14676953852176666,0.14676953852176666,0.12853604555130005,1.1357629299163818,1.230847716331482,0.0,0.018233492970466614,0.018233492970466614,0.16448061168193817,0.16448061168193817,0.184602290391922,0.6455770134925842,0.7582740187644958,0.0,-0.020121678709983826,-0.020121678709983826,-0.05062789097428322,-0.05062789097428322,-0.050010599195957184,0.6217249631881714,0.07320920377969742,0.0,-0.0006172917783260345,-0.0006172917783260345,0.0001166712463600561,0.0001166712463600561,-0.05355900153517723,1.967358112335205,-1.1277787685394287,0.0,0.05367567278153729,0.05367567278153729,0.2508840560913086,0.2508840560913086,0.22348889708518982,-0.37872377038002014,0.6665270924568176,0.0,0.027395159006118774,0.027395159006118774,-0.1697710156440735,-0.1697710156440735,-0.062343794852495193,-1.8801690340042114,-0.3159947097301483,0.0,-0.10742722079157829,-0.10742722079157829
116,3.8666666666666667,4,0,0,,4,uneven rough,5,0.0,55.08771514892578,33.491390228271484,0.21555691957473755,0.4072566330432892,-0.48055899143218994,0.4072566330432892,-0.48055899143218994,3.52524995803833,0.2108071744441986,0.1666666716337204,0.26611411571502686,0.06561404466629028,0.2036283165216446,-0.24027949571609497,0.061384167522192,0.0955410897731781,0.7447969913482666,0.6097253561019897,0.16150008141994476,0.3477017879486084,0.04296891763806343,0.04296891763806343,0.2630184292793274,-1.6733227968215942,-0.798247218132019,0.0,-0.22004951164126396,-0.22004951164126396,0.04777054488658905,0.04777054488658905,0.03621372953057289,-0.8926615118980408,-0.881107747554779,0.0,0.011556815356016159,0.011556815356016159,0.3723984956741333,0.3723984956741333,0.2666073143482208,1.6650980710983276,0.8754539489746094,0.0,0.10579118132591248,0.10579118132591248,0.4268077313899994,0.4268077313899994,0.20414124429225922,1.6901205778121948,1.5725843906402588,0.0,0.22266648709774017,0.22266648709774017,0.08075004070997238,0.08075004070997238,0.1651664674282074,-1.671297550201416,0.36892789602279663,0.0,-0.08441642671823502,-0.08441642671823502,0.1738508939743042,0.1738508939743042,0.06516405940055847,1.5091248750686646,1.220527172088623,0.0,0.10868683457374573,0.10868683457374573
116,3.8666666666666667,14,0,0,,4,uneven rough,5,0.0,54.74943542480469,34.91977310180664,0.2551361918449402,-0.17073769867420197,0.7635895609855652,-0.17073769867420197,0.7635895609855652,1.858581304550171,0.9863287806510925,0.2694282531738281,0.10316526889801025,0.1879379004240036,-0.08536884933710098,0.3817947804927826,0.7285706400871277,-0.19383864104747772,-0.08399344235658646,0.42243269085884094,0.27447718381881714,0.19340752065181732,0.5099994540214539,0.5099994540214539,0.35164400935173035,1.8213781118392944,-0.41840434074401855,0.0,0.1583554446697235,0.1583554446697235,-0.31014183163642883,-0.31014183163642883,-0.04333675280213356,-2.0001044273376465,0.8928571939468384,0.0,-0.2668050788342953,-0.2668050788342953,-0.04199672117829323,-0.04199672117829323,0.09547118097543716,-0.2505553960800171,0.3312617540359497,0.0,-0.1374679021537304,-0.1374679021537304,0.29570287466049194,0.29570287466049194,0.2882113456726074,-0.3410942256450653,1.4272061586380005,0.0,0.0074915289878845215,0.0074915289878845215,0.13723859190940857,0.13723859190940857,0.140704944729805,-0.7671727538108826,1.4415318965911865,0.0,-0.0034663528203964233,-0.0034663528203964233,0.09670376032590866,0.09670376032590866,0.03176770359277725,0.5828051567077637,-0.540274441242218,0.0,0.06493605673313141,0.06493605673313141
116,3.8666666666666667,24,0,0,,4,uneven rough,6,0.0,56.246761322021484,35.764923095703125,0.24382632970809937,1.9437377452850342,1.3507740497589111,1.9035331010818481,1.3507740497589111,9.91562271118164,1.2706379890441895,0.1666666716337204,0.7109476923942566,0.12896984815597534,0.9718688726425171,0.6753870248794556,-0.23488104343414307,0.49120232462882996,-0.0952611193060875,-0.07471595704555511,0.23817522823810577,0.4965530335903168,-0.16441673040390015,-0.16441673040390015,0.08430378884077072,-1.5456563234329224,1.177086591720581,0.0,-0.24872051924467087,-0.24872051924467087,0.24560116231441498,0.24560116231441498,0.22739586234092712,0.24117329716682434,0.6945549249649048,0.0,0.018205299973487854,0.018205299973487854,-0.04763055965304375,-0.04763055965304375,-0.04453468322753906,-0.7157359719276428,0.383340984582901,0.0,-0.0030958764255046844,-0.0030958764255046844,-0.05230116844177246,-0.05230116844177246,-0.009983301162719727,0.2409658432006836,0.6222171783447266,0.0,-0.042317867279052734,-0.042317867279052734,0.11908761411905289,0.11908761411905289,0.16841082274913788,-1.9187867641448975,0.07554037868976593,0.0,-0.04932320863008499,-0.04932320863008499,0.2482765167951584,0.2482765167951584,-0.01087753102183342,-1.74119234085083,-1.2003816366195679,0.0,0.2591540478169918,0.2591540478169918
117,3.9,4,0,0,,4,uneven rough,5,0.0,55.12411117553711,33.507843017578125,0.2264421135187149,0.6273446083068848,-0.3781258463859558,0.6273446083068848,-0.3781258463859558,5.886096000671387,2.8647658824920654,0.5,0.4558143615722656,0.13900360465049744,0.3136723041534424,-0.1890629231929779,0.06930628418922424,0.34453144669532776,0.6753703355789185,0.35040199756622314,0.21247100830078125,0.045884497463703156,0.04851439967751503,0.04851439967751503,0.20372554659843445,-1.5119857788085938,-1.2930165529251099,0.0,-0.15521114692091942,-0.15521114692091942,0.17226572334766388,0.17226572334766388,0.09700063616037369,2.0020649433135986,-0.8876402378082275,0.0,0.07526508718729019,0.07526508718729019,0.33768516778945923,0.33768516778945923,0.31255266070365906,1.6807104349136353,1.3219201564788818,0.0,0.02513250708580017,0.02513250708580017,0.2452813982963562,0.2452813982963562,0.26424160599708557,0.9419031739234924,1.6390395164489746,0.0,-0.01896020770072937,-0.01896020770072937,0.10623550415039062,0.10623550415039062,0.13014580309391022,-1.4903762340545654,-0.7846192121505737,0.0,-0.023910298943519592,-0.023910298943519592,0.022942248731851578,0.022942248731851578,0.03483551740646362,-1.135817050933838,1.3837008476257324,0.0,-0.011893268674612045,-0.011893268674612045
117,3.9,14,0,0,,4,uneven rough,5,0.0,54.77803421020508,34.938453674316406,0.2453315705060959,1.345386266708374,-0.9487219452857971,1.345386266708374,-0.9487219452857971,2.7567241191864014,2.60612154006958,0.5,0.19360074400901794,0.08961568772792816,0.672693133354187,-0.47436097264289856,0.1522182822227478,-0.2434491366147995,0.6655795574188232,0.2730194926261902,0.26900342106819153,-0.4019731283187866,0.10655279457569122,0.10655279457569122,0.3378535807132721,-1.3828742504119873,0.8479726910591125,0.0,-0.23130078613758087,-0.23130078613758087,-0.3895186185836792,-0.3895186185836792,-0.10733313113451004,-1.9743152856826782,-0.7428284883499146,0.0,-0.28218548744916916,-0.28218548744916916,0.3327897787094116,0.3327897787094116,0.15167546272277832,1.3438808917999268,0.002301295753568411,0.0,0.1811143159866333,0.1811143159866333,0.1911136358976364,0.1911136358976364,0.25032854080200195,-1.8903841972351074,0.4274059534072876,0.0,-0.05921490490436554,-0.05921490490436554,0.13450171053409576,0.13450171053409576,0.15609779953956604,1.1020299196243286,0.19272634387016296,0.0,-0.021596089005470276,-0.021596089005470276,-0.2009865641593933,-0.2009865641593933,-0.0030168178491294384,-0.004466988146305084,0.09471677243709564,0.0,-0.19796974631026387,-0.19796974631026387
117,3.9,24,0,0,,4,uneven rough,6,0.0,56.30295181274414,35.764984130859375,0.2400200366973877,1.871074914932251,0.5118051767349243,1.871074914932251,0.5118051767349243,9.732817649841309,3.6334571838378906,0.3333333432674408,0.3590080142021179,0.15727630257606506,0.9355374574661255,0.25590258836746216,0.4437280595302582,0.24340419471263885,-0.3167364299297333,0.2710692584514618,0.46642711758613586,0.14053234457969666,0.3106096386909485,0.3106096386909485,0.11376186460256577,0.25709956884384155,-0.36235713958740234,0.0,0.19684777408838272,0.19684777408838272,0.12170209735631943,0.12170209735631943,0.16765062510967255,-0.8062432408332825,0.438212126493454,0.0,-0.04594852775335312,-0.04594852775335312,-0.15836821496486664,-0.15836821496486664,-0.10413965582847595,1.5991746187210083,-0.23807910084724426,0.0,-0.054228559136390686,-0.054228559136390686,0.18974848091602325,0.18974848091602325,0.014677239581942558,1.9461513757705688,0.40665698051452637,0.0,0.1750712413340807,0.1750712413340807,0.23321355879306793,0.23321355879306793,0.16769623756408691,1.819062352180481,-1.0520557165145874,0.0,0.06551732122898102,0.06551732122898102,0.07026617228984833,0.07026617228984833,0.01932084560394287,0.974750816822052,-1.5061569213867188,0.0,0.05094532668590546,0.05094532668590546
118,3.933333333333333,4,0,0,,4,uneven rough,5,0.0,55.15911865234375,33.52681350708008,0.22103899717330933,-0.16224327683448792,-0.27874261140823364,-0.16224327683448792,-0.27874261140823364,1.8247897624969482,0.1819876879453659,0.1666666716337204,0.5024441480636597,0.17960122227668762,-0.08112163841724396,-0.13937130570411682,0.5114448070526123,0.05869391933083534,0.3412286639213562,-0.15015468001365662,0.02467225305736065,-0.04414486885070801,0.3580113649368286,0.3580113649368286,0.26458466053009033,1.9940898418426514,-1.4168221950531006,0.0,0.09342670440673828,0.09342670440673828,0.02934695966541767,0.02934695966541767,0.05722561851143837,-1.9999539852142334,0.7462042570114136,0.0,-0.0278786588460207,-0.0278786588460207,0.1706143319606781,0.1706143319606781,0.2562721371650696,-2.000000238418579,1.5247808694839478,0.0,-0.08565780520439148,-0.08565780520439148,-0.10510827600955963,-0.10510827600955963,0.19705109298229218,-2.0000007152557373,1.2448774576187134,0.0,-0.3021593689918518,-0.3021593689918518,0.012336126528680325,0.012336126528680325,0.051516227424144745,-1.987679123878479,-1.1836555004119873,0.0,-0.03918010089546442,-0.03918010089546442,-0.022072434425354004,-0.022072434425354004,-0.023301435634493828,-1.1815859079360962,-0.04083911329507828,0.0,0.001229001209139824,0.001229001209139824
118,3.933333333333333,14,0,0,,4,uneven rough,5,0.0,54.80992126464844,34.96045684814453,0.2333744466304779,0.812495231628418,-0.22169487178325653,0.812495231628418,-0.22169487178325653,1.7747883796691895,4.9971747398376465,0.3333333432674408,0.2709420919418335,0.23777906596660614,0.406247615814209,-0.11084743589162827,0.886318564414978,-0.08296167850494385,0.4702607989311218,0.09473934024572372,0.40868768095970154,-0.09083516895771027,0.6204229593276978,0.6204229593276978,0.3802158832550049,1.7219685316085815,-0.4133521616458893,0.0,0.24020707607269287,0.24020707607269287,-0.13273869454860687,-0.13273869454860687,-0.1408940851688385,1.2988444566726685,-1.4391133785247803,0.0,0.008155390620231628,0.008155390620231628,0.2351303994655609,0.2351303994655609,0.1846364438533783,-0.4916384518146515,0.7608327865600586,0.0,0.05049395561218262,0.05049395561218262,0.06631753593683243,0.06631753593683243,0.18345782160758972,0.0029503367841243744,-0.8830767273902893,0.0,-0.1171402856707573,-0.1171402856707573,0.20434384047985077,0.20434384047985077,0.2127847671508789,-0.2708078622817993,0.7068482041358948,0.0,-0.008440926671028137,-0.008440926671028137,-0.04541758447885513,-0.04541758447885513,0.00237061339430511,-1.6999839544296265,0.038638096302747726,0.0,-0.04778819787316024,-0.04778819787316024
118,3.933333333333333,24,0,0,,4,uneven rough,6,0.0,56.360652923583984,35.7791862487793,0.24401569366455078,1.9350874423980713,-0.04938625916838646,1.8988746404647827,-0.04938625916838646,9.354852676391602,7.284467697143555,0.5,0.38486799597740173,0.16100673377513885,0.9675437211990356,-0.02469312958419323,-0.2601609230041504,0.3528825640678406,-0.22179634869098663,-0.06631466746330261,0.3153238296508789,0.14135709404945374,-0.1821126490831375,-0.1821126490831375,0.07228662073612213,-1.3405855894088745,-0.012115205638110638,0.0,-0.25439926981925964,-0.25439926981925964,0.1764412820339203,0.1764412820339203,0.15820524096488953,0.2778134047985077,-0.26540517807006836,0.0,0.01823604106903076,0.01823604106903076,-0.11089817434549332,-0.11089817434549332,-0.06682935357093811,0.5305238366127014,0.8007074594497681,0.0,-0.044068820774555206,-0.044068820774555206,-0.04642026498913765,-0.04642026498913765,0.007268809247761965,-1.9880656003952026,1.2770898342132568,0.0,-0.053689074236899614,-0.053689074236899614,0.15766191482543945,0.15766191482543945,0.18442149460315704,-0.39777374267578125,0.5712795853614807,0.0,-0.02675957977771759,-0.02675957977771759,0.07067854702472687,0.07067854702472687,0.04209602251648903,0.6842500567436218,-0.10344722121953964,0.0,0.02858252450823784,0.02858252450823784
119,3.966666666666667,4,0,0,,4,uneven rough,5,0.0,55.186424255371094,33.55133056640625,0.20413462817668915,0.4005042612552643,-0.8624997735023499,0.4005042612552643,-0.8624997735023499,2.229379415512085,0.0,0.0,0.37221992015838623,0.24497686326503754,0.20025213062763214,-0.4312498867511749,0.04431740194559097,-0.13663607835769653,0.5541636943817139,-0.17546319961547852,-0.04690153896808624,-0.2392159104347229,0.03102218173444271,0.03102218173444271,0.23146170377731323,-1.9978572130203247,0.5117135643959045,0.0,-0.20043952204287052,-0.20043952204287052,-0.21861772239208221,-0.21861772239208221,-0.008171961642801762,-1.9625996351242065,-0.8064785599708557,0.0,-0.21044576074928045,-0.21044576074928045,0.27708184719085693,0.27708184719085693,0.24059927463531494,0.1556335687637329,-0.4681366980075836,0.0,0.03648257255554199,0.03648257255554199,-0.12282423675060272,-0.12282423675060272,0.15593290328979492,-1.524582028388977,-0.5897824764251709,0.0,-0.27875714004039764,-0.27875714004039764,-0.07504246383905411,-0.07504246383905411,-0.008203336969017982,-1.926754355430603,-1.6382519006729126,0.0,-0.06683912687003613,-0.06683912687003613,-0.11960795521736145,-0.11960795521736145,-0.034132059663534164,-0.31212177872657776,-0.6858193874359131,0.0,-0.08547589555382729,-0.08547589555382729
119,3.966666666666667,14,0,0,,4,uneven rough,5,0.0,54.84452819824219,34.97555160522461,0.24451816082000732,1.561652421951294,-0.8351369500160217,1.561652421951294,-0.8351369500160217,2.6805083751678467,2.3225769996643066,0.5,-0.07116769254207611,0.13753235340118408,0.780826210975647,-0.41756847500801086,0.03885991871356964,0.33099067211151123,0.7783612012863159,0.7977046966552734,0.20834392309188843,0.11439815163612366,0.02720194309949875,0.02720194309949875,0.33001208305358887,-1.7558655738830566,0.7939620018005371,0.0,-0.3028101399540901,-0.3028101399540901,0.16549533605575562,0.16549533605575562,-0.11098044365644455,0.5417221188545227,0.10893291980028152,0.0,0.27647577971220016,0.27647577971220016,0.38918060064315796,0.38918060064315796,0.2375890016555786,1.6811299324035645,0.05268329754471779,0.0,0.15159159898757935,0.15159159898757935,0.5583932995796204,0.5583932995796204,0.24984031915664673,1.9737300872802734,-0.3821154236793518,0.0,0.30855298042297363,0.30855298042297363,0.10417196154594421,0.10417196154594421,0.16738687455654144,-1.9651241302490234,0.15407969057559967,0.0,-0.06321491301059723,-0.06321491301059723,0.05719907581806183,0.05719907581806183,0.03422783315181732,0.9669610857963562,-0.9443819522857666,0.0,0.022971242666244507,0.022971242666244507
119,3.966666666666667,24,0,0,,4,uneven rough,6,0.0,56.41560745239258,35.795745849609375,0.24464231729507446,1.8899362087249756,-0.3962867856025696,1.8899362087249756,-0.3962867856025696,10.107104301452637,0.404346227645874,0.1666666716337204,0.023355286568403244,0.1907564103603363,0.9449681043624878,-0.1981433928012848,0.24765636026859283,0.13472901284694672,-0.159616619348526,-0.3337717652320862,0.25782454013824463,-0.6030527353286743,0.1733594536781311,0.1733594536781311,0.11143631488084793,1.9955154657363892,-0.7632347345352173,0.0,0.06192313879728317,0.06192313879728317,0.06736450642347336,0.06736450642347336,0.09247708320617676,-1.8816553354263306,0.0417315848171711,0.0,-0.0251125767827034,-0.0251125767827034,-0.079808309674263,-0.079808309674263,-0.0703975185751915,0.21161434054374695,0.6479451656341553,0.0,-0.009410791099071503,-0.009410791099071503,-0.23364023864269257,-0.23364023864269257,-0.06382168084383011,-2.0000007152557373,-0.5690349340438843,0.0,-0.16981855779886246,-0.16981855779886246,0.12891227006912231,0.12891227006912231,0.1268947571516037,-0.9313489198684692,0.023375095799565315,0.0,0.0020175129175186157,0.0020175129175186157,-0.30152636766433716,-0.30152636766433716,-0.02386634424328804,-2.000000238418579,0.3419182300567627,0.0,-0.2776600234210491,-0.2776600234210491
120,4.0,4,0,0,,4,uneven rough,5,0.0,55.2144775390625,33.575538635253906,0.19409041106700897,0.5861223936080933,-0.7380709648132324,0.5861223936080933,-0.7380709648132324,1.7557119131088257,0.07334910333156586,0.1666666716337204,-0.0387791208922863,0.3327147960662842,0.29306119680404663,-0.3690354824066162,0.6214834451675415,0.007985329255461693,0.44993847608566284,0.06446301937103271,-0.23499105870723724,-0.07535818964242935,0.43503841757774353,0.43503841757774353,0.2689203917980194,1.9995537996292114,-0.9072022438049316,0.0,0.16611802577972412,0.16611802577972412,0.003992664627730846,0.003992664627730846,-0.013193384744226933,0.2091524302959442,-1.4601515531539917,0.0,0.01718604937195778,0.01718604937195778,0.22496923804283142,0.22496923804283142,0.23676767945289612,-0.43057677149772644,-0.11545586585998535,0.0,-0.011798441410064697,-0.011798441410064697,0.0451241135597229,0.0451241135597229,0.0861729234457016,-1.9530508518218994,-1.1183198690414429,0.0,-0.0410488098859787,-0.0410488098859787,-0.375985711812973,-0.375985711812973,-0.04454236105084419,-0.8017174005508423,-1.801371693611145,0.0,-0.33144335076212883,-0.33144335076212883,-0.037679094821214676,-0.037679094821214676,-0.03853817284107208,0.474463552236557,-0.47453010082244873,0.0,0.0008590780198574066,0.0008590780198574066
120,4.0,14,0,0,,4,uneven rough,5,0.0,54.87363052368164,34.99723434448242,0.2601379156112671,0.2887667715549469,0.14654703438282013,0.2887667715549469,0.14654703438282013,3.0541152954101562,1.8877233266830444,0.5,0.012674550525844097,0.08664076775312424,0.14438338577747345,0.07327351719141006,0.10368981212377548,0.49047520756721497,0.4469856917858124,0.30391377210617065,-0.07210922986268997,0.20363789796829224,0.07258287072181702,0.07258287072181702,0.27593234181404114,-1.1372605562210083,-0.6477150917053223,0.0,-0.20334947109222412,-0.20334947109222412,0.24523760378360748,0.24523760378360748,-0.06832866370677948,1.983979344367981,0.35363271832466125,0.0,0.31356626749038696,0.31356626749038696,0.2234928458929062,0.2234928458929062,0.2492542564868927,-0.7846190333366394,0.9734099507331848,0.0,-0.02576141059398651,-0.02576141059398651,0.21273963153362274,0.21273963153362274,0.2615470886230469,-1.1328922510147095,0.9498838782310486,0.0,-0.04880745708942413,-0.04880745708942413,-0.11537476629018784,-0.11537476629018784,0.10539302229881287,-2.0000252723693848,-1.0441219806671143,0.0,-0.2207677885890007,-0.2207677885890007,0.10181894898414612,0.10181894898414612,0.07276677340269089,1.1078108549118042,0.13629482686519623,0.0,0.02905217558145523,0.02905217558145523
120,4.0,24,0,0,,4,uneven rough,6,0.0,56.468772888183594,35.817989349365234,0.24846763908863068,1.518640398979187,-0.9735829830169678,1.518640398979187,-0.9735829830169678,7.974761962890625,0.0,0.0,-0.12694832682609558,0.07694585621356964,0.7593201994895935,-0.4867914915084839,-0.09113744646310806,0.2560458481311798,0.5802279710769653,-0.2526315152645111,0.04552944004535675,-0.5686429142951965,-0.06379621475934982,-0.06379621475934982,0.08306089043617249,-1.9532511234283447,0.7965675592422485,0.0,-0.1468571051955223,-0.1468571051955223,0.1280229240655899,0.1280229240655899,0.0882120355963707,1.1673591136932373,-1.0457547903060913,0.0,0.03981088846921921,0.03981088846921921,0.29011398553848267,0.29011398553848267,-0.007696875371038914,1.7389016151428223,0.4012429118156433,0.0,0.2978108609095216,0.2978108609095216,-0.17684206366539001,-0.17684206366539001,-0.1193513348698616,-1.960619568824768,-1.3781055212020874,0.0,-0.05749072879552841,-0.05749072879552841,0.022764720022678375,0.022764720022678375,0.0786541998386383,-1.728293776512146,-0.5164275765419006,0.0,-0.05588947981595993,-0.05588947981595993,-0.28432145714759827,-0.28432145714759827,-0.06314945220947266,-1.5015267133712769,-0.9822067022323608,0.0,-0.2211720049381256,-0.2211720049381256
121,4.033333333333333,4,0,0,,4,uneven rough,5,0.0,55.24776840209961,33.5992317199707,0.18773102760314941,0.6474322080612183,-0.8290829062461853,0.6474322080612183,-0.8290829062461853,1.575303077697754,3.7101669311523438,0.5,0.09929084777832031,0.06863677501678467,0.32371610403060913,-0.41454145312309265,0.3061802089214325,0.18576426804065704,0.43000534176826477,0.3006933629512787,0.344572514295578,0.15574690699577332,0.2143261432647705,0.2143261432647705,0.22241096198558807,-1.6836780309677124,0.7362828254699707,0.0,-0.008084818720817566,-0.008084818720817566,0.09288213402032852,0.09288213402032852,0.055108360946178436,0.964167594909668,-0.5163241028785706,0.0,0.037773773074150085,0.037773773074150085,0.21500267088413239,0.21500267088413239,0.2217681109905243,-1.1527509689331055,-0.2936258018016815,0.0,-0.006765440106391907,-0.006765440106391907,0.21048535406589508,0.21048535406589508,0.1340041309595108,1.7705254554748535,-1.5902782678604126,0.0,0.07648122310638428,0.07648122310638428,0.172286257147789,0.172286257147789,0.014153188094496727,-0.20174574851989746,-1.2361654043197632,0.0,0.15813306905329227,0.15813306905329227,0.07787345349788666,0.07787345349788666,0.011192278005182743,1.3813414573669434,0.06203261762857437,0.0,0.06668117549270391,0.06668117549270391
121,4.033333333333333,14,0,0,,4,uneven rough,5,0.0,54.902931213378906,35.022666931152344,0.27444884181022644,0.7403930425643921,0.12649276852607727,0.7403930425643921,0.12649276852607727,2.9583051204681396,1.8023123741149902,0.3333333432674408,0.015016774646937847,0.171056866645813,0.37019652128219604,0.06324638426303864,0.5294994115829468,0.18914861977100372,0.6939440965652466,-0.04383442923426628,-0.054878558963537216,-0.06621263176202774,0.3706495761871338,0.3706495761871338,0.32695963978767395,1.984350562095642,-0.9245049953460693,0.0,0.04368993639945984,0.04368993639945984,0.09457430988550186,0.09457430988550186,0.00047229640767909586,1.9830315113067627,1.2754336595535278,0.0,0.09410201347782277,0.09410201347782277,0.3469720482826233,0.3469720482826233,0.27460357546806335,0.19468429684638977,-0.02058280073106289,0.0,0.07236847281455994,0.07236847281455994,-0.030684100463986397,-0.030684100463986397,0.19750821590423584,-1.7844451665878296,-0.2277214676141739,0.0,-0.22819231636822224,-0.22819231636822224,-0.08780569583177567,-0.08780569583177567,0.04415116086602211,-1.2320270538330078,-1.5845913887023926,0.0,-0.13195685669779778,-0.13195685669779778,-0.03310631588101387,-0.03310631588101387,0.03339635580778122,-1.0795104503631592,0.6855917572975159,0.0,-0.06650267168879509,-0.06650267168879509
121,4.033333333333333,24,0,0,,4,uneven rough,6,0.0,56.52577209472656,35.83613586425781,0.25046950578689575,1.9201722145080566,-1.2601776123046875,1.914265751838684,-1.2601776123046875,10.42233943939209,3.3333334922790527,0.1666666716337204,-0.41420942544937134,0.2776375114917755,0.9600861072540283,-0.6300888061523438,0.24169936776161194,0.5158039331436157,0.5243365168571472,-0.3558216989040375,0.3789482116699219,-0.7783235311508179,0.16918955743312836,0.16918955743312836,0.10089602321386337,2.001854658126831,-0.7581848502159119,0.0,0.06829353421926498,0.06829353421926498,0.25790196657180786,0.25790196657180786,0.15610814094543457,1.825143814086914,0.20554378628730774,0.0,0.10179382562637329,0.10179382562637329,0.2621682584285736,0.2621682584285736,0.02651061676442623,-0.8864301443099976,1.157557487487793,0.0,0.23565764166414738,0.23565764166414738,-0.24907518923282623,-0.24907518923282623,-0.18948720395565033,-1.9739843606948853,-1.7074600458145142,0.0,-0.0595879852771759,-0.0595879852771759,0.18947410583496094,0.18947410583496094,0.11453257501125336,1.827942967414856,-1.2016189098358154,0.0,0.07494153082370758,0.07494153082370758,-0.38916176557540894,-0.38916176557540894,-0.09418390691280365,0.30884939432144165,-1.2758312225341797,0.0,-0.2949778586626053,-0.2949778586626053
122,4.066666666666666,4,0,0,,4,uneven rough,5,0.0,55.28593826293945,33.620826721191406,0.196543350815773,0.649366021156311,-0.4885812997817993,0.649366021156311,-0.4885812997817993,3.798042058944702,3.580667018890381,0.5,0.20196378231048584,0.03872038051486015,0.3246830105781555,-0.24429064989089966,0.4955730736255646,0.322906494140625,0.4479653537273407,0.34393373131752014,-0.03431157395243645,0.14801083505153656,0.34690114855766296,0.34690114855766296,0.24784888327121735,1.814016580581665,-0.6319673657417297,0.0,0.09905226528644562,0.09905226528644562,0.1614532470703125,0.1614532470703125,0.12099578976631165,2.0000016689300537,0.32074856758117676,0.0,0.040457457304000854,0.040457457304000854,0.22398267686367035,0.22398267686367035,0.2006162405014038,-0.7362909913063049,-0.779376745223999,0.0,0.02336643636226654,0.02336643636226654,0.24075360596179962,0.24075360596179962,0.18720148503780365,1.9183125495910645,0.30992621183395386,0.0,0.05355212092399597,0.05355212092399597,-0.054898519068956375,-0.054898519068956375,-0.028105417266488075,-1.2115141153335571,-0.651302695274353,0.0,-0.0267931018024683,-0.0267931018024683,0.07400541752576828,0.07400541752576828,0.06325981020927429,2.000469207763672,0.8079721927642822,0.0,0.010745607316493988,0.010745607316493988
122,4.066666666666666,14,0,0,,4,uneven rough,5,0.0,54.92700958251953,35.050209045410156,0.27131640911102295,0.6112818717956543,-0.3032798767089844,0.6112818717956543,-0.3032798767089844,0.8016015887260437,1.3691935539245605,0.3333333432674408,0.005712568759918213,0.12210972607135773,0.30564093589782715,-0.1516399383544922,0.13210003077983856,-0.16968101263046265,0.39896515011787415,0.1915469467639923,0.4202001392841339,-0.4155873656272888,0.09247002005577087,0.09247002005577087,0.29225069284439087,-1.3513197898864746,0.7201671600341797,0.0,-0.19978067278862,-0.19978067278862,-0.27148962020874023,-0.27148962020874023,-0.018945299088954926,-0.26020577549934387,1.6755107641220093,0.0,-0.2525443211197853,-0.2525443211197853,0.19948257505893707,0.19948257505893707,0.21241755783557892,-1.7969586849212646,0.10112959891557693,0.0,-0.012934982776641846,-0.012934982776641846,0.1340828537940979,0.1340828537940979,0.18058648705482483,-0.36392942070961,-1.107895851135254,0.0,-0.04650363326072693,-0.04650363326072693,0.21010006964206696,0.21010006964206696,0.027829289436340332,0.4500351548194885,-1.3852509260177612,0.0,0.18227078020572662,0.18227078020572662,-0.2077936828136444,-0.2077936828136444,-0.028221918269991875,-1.9622312784194946,-0.3124001920223236,0.0,-0.17957176454365253,-0.17957176454365253
122,4.066666666666666,24,0,0,,4,uneven rough,6,0.0,56.58677291870117,35.83950424194336,0.2495868057012558,1.7921879291534424,-0.41294172406196594,1.7921879291534424,-0.41294172406196594,9.36505126953125,4.181087493896484,0.3333333432674408,-0.7500770092010498,0.1094837486743927,0.8960939645767212,-0.20647086203098297,0.3902990520000458,0.40747278928756714,-0.09245305508375168,0.32223543524742126,0.6312782764434814,-0.16478084027767181,0.2732093334197998,0.2732093334197998,0.16350752115249634,1.935115098953247,0.8023464679718018,0.0,0.10970181226730347,0.10970181226730347,0.20373639464378357,0.20373639464378357,0.20880426466464996,1.1891846656799316,1.1212685108184814,0.0,-0.005067870020866394,-0.005067870020866394,-0.04622652754187584,-0.04622652754187584,-0.0022733635269105434,-0.40538689494132996,0.001883188495412469,0.0,-0.043953164014965296,-0.043953164014965296,0.22556480765342712,0.22556480765342712,-0.17389020323753357,0.9608195424079895,-1.8581533432006836,0.0,0.3994550108909607,0.3994550108909607,0.3156391382217407,0.3156391382217407,0.16428126394748688,0.4579427242279053,0.511300802230835,0.0,0.15135787427425385,0.15135787427425385,-0.08239042013883591,-0.08239042013883591,-0.07399746775627136,0.5481218695640564,-0.37984994053840637,0.0,-0.008392952382564545,-0.008392952382564545
123,4.1,4,0,0,,4,uneven rough,5,0.0,55.32040786743164,33.648590087890625,0.20002636313438416,0.308953195810318,-1.206403374671936,0.308953195810318,-1.206403374671936,2.0123884677886963,2.9044127464294434,0.3333333432674408,0.27896547317504883,0.2155473679304123,0.154476597905159,-0.603201687335968,-0.6321198344230652,0.6769304275512695,0.5690860748291016,0.7191623449325562,0.03492368757724762,-0.018837830051779747,-0.4424838721752167,-0.4424838721752167,0.2279864400625229,-0.5950349569320679,0.7509963512420654,0.0,-0.6704703122377396,-0.6704703122377396,0.33846521377563477,0.33846521377563477,0.19021868705749512,1.8735853433609009,1.270201325416565,0.0,0.14824652671813965,0.14824652671813965,0.2845430374145508,0.2845430374145508,0.17756927013397217,-0.32275116443634033,-0.7550159692764282,0.0,0.10697376728057861,0.10697376728057861,0.5034136176109314,0.5034136176109314,0.25371789932250977,1.2007205486297607,1.2193107604980469,0.0,0.24969571828842163,0.24969571828842163,0.01746184378862381,0.01746184378862381,0.007138455286622047,1.8148061037063599,-0.9680472016334534,0.0,0.010323388502001762,0.010323388502001762,-0.009418915025889874,-0.009418915025889874,0.044401928782463074,-0.7299444675445557,1.4822121858596802,0.0,-0.05382084380835295,-0.05382084380835295
123,4.1,14,0,0,,4,uneven rough,5,0.0,54.95712661743164,35.065093994140625,0.27300313115119934,0.6774190664291382,-0.486796110868454,0.6774190664291382,-0.486796110868454,3.4670090675354004,1.0352110862731934,0.1666666716337204,0.23920661211013794,0.22938701510429382,0.3387095332145691,-0.243398055434227,0.764019250869751,-0.23808011412620544,0.6040093302726746,0.5059005618095398,0.008731508627533913,0.1555003970861435,0.5348134636878967,0.5348134636878967,0.28921058773994446,0.4050658345222473,-0.45105525851249695,0.0,0.24560287594795227,0.24560287594795227,-0.3809281885623932,-0.3809281885623932,-0.043483931571245193,0.9416012167930603,0.5810531377792358,0.0,-0.337444256991148,-0.337444256991148,0.3020046651363373,0.3020046651363373,0.23876112699508667,0.4451524019241333,-0.9720529317855835,0.0,0.06324353814125061,0.06324353814125061,0.3541303873062134,0.3541303873062134,0.21814022958278656,1.9799177646636963,-0.687255859375,0.0,0.13599015772342682,0.13599015772342682,0.004365754313766956,0.004365754313766956,-0.022065235301852226,0.26065850257873535,-0.34757691621780396,0.0,0.026430989615619183,0.026430989615619183,0.07775019854307175,0.07775019854307175,0.021694134920835495,1.9880812168121338,-1.2452176809310913,0.0,0.05605606362223625,0.05605606362223625
123,4.1,24,0,0,,4,uneven rough,6,0.0,56.64064025878906,35.85151672363281,0.2608865201473236,1.808103084564209,0.09570737928152084,1.808103084564209,0.09570737928152084,6.361691474914551,2.2781219482421875,0.3333333432674408,-0.9781781435012817,0.19597241282463074,0.9040515422821045,0.04785368964076042,-0.26411718130111694,0.5554161071777344,-0.24720871448516846,0.33044159412384033,0.27430298924446106,0.34172773361206055,-0.1848820298910141,-0.1848820298910141,0.12260947376489639,-1.4629167318344116,1.442815899848938,0.0,-0.3074915036559105,-0.3074915036559105,0.2777080535888672,0.2777080535888672,0.24931757152080536,0.24058261513710022,1.1596684455871582,0.0,0.02839048206806183,0.02839048206806183,-0.12360435724258423,-0.12360435724258423,-0.023557476699352264,0.06296654790639877,-0.22838804125785828,0.0,-0.10004688054323196,-0.10004688054323196,0.23130911588668823,0.23130911588668823,-0.10092178732156754,1.9811975955963135,-0.26430103182792664,0.0,0.33223090320825577,0.33223090320825577,0.13715149462223053,0.13715149462223053,0.1749768704175949,-0.5300342440605164,0.48113203048706055,0.0,-0.03782537579536438,-0.03782537579536438,0.17086386680603027,0.17086386680603027,-0.07384516298770905,-0.8723487854003906,0.1448269933462143,0.0,0.24470902979373932,0.24470902979373932
124,4.133333333333333,4,0,0,,4,uneven rough,5,0.0,55.349082946777344,33.67589569091797,0.20360980927944183,0.7548049688339233,0.005453058984130621,0.7548049688339233,0.005453058984130621,4.042768478393555,7.825797080993652,0.6666666865348816,-0.04073134809732437,0.07823160290718079,0.37740248441696167,0.0027265294920653105,0.32116472721099854,0.03783750534057617,0.15754133462905884,0.34426507353782654,0.15694046020507812,0.09627118706703186,0.22481530904769897,0.22481530904769897,0.23108099400997162,0.5376303195953369,-0.010052178055047989,0.0,-0.006265684962272644,-0.006265684962272644,0.018918752670288086,0.018918752670288086,0.15283682942390442,-0.690363883972168,1.6113557815551758,0.0,-0.13391807675361633,-0.13391807675361633,0.07877066731452942,0.07877066731452942,0.10860896110534668,-1.9923183917999268,-0.5106126666069031,0.0,-0.02983829379081726,-0.02983829379081726,0.24098554253578186,0.24098554253578186,0.2538754940032959,-0.5690478682518005,1.2087998390197754,0.0,-0.012889951467514038,-0.012889951467514038,0.07847023010253906,0.07847023010253906,0.02164139412343502,1.7907061576843262,0.605383038520813,0.0,0.05682883597910404,0.05682883597910404,0.04813559353351593,0.04813559353351593,0.03402462229132652,-0.067640021443367,0.23145486414432526,0.0,0.014110971242189407,0.014110971242189407
124,4.133333333333333,14,0,0,,4,uneven rough,5,0.0,54.98771667480469,35.08340835571289,0.27089759707450867,0.9595396518707275,0.07989221811294556,0.9595396518707275,0.07989221811294556,3.6468868255615234,1.4485337734222412,0.3333333432674408,0.19844791293144226,0.2262844294309616,0.47976982593536377,0.03994610905647278,-0.16303198039531708,0.23455797135829926,0.48148420453071594,0.6886730194091797,0.5603793263435364,0.1700337529182434,-0.11412238329648972,-0.11412238329648972,0.2374354898929596,-1.7781680822372437,0.03299714997410774,0.0,-0.3515578731894493,-0.3515578731894493,0.11727898567914963,0.11727898567914963,0.0237684715539217,1.9744118452072144,0.7849076390266418,0.0,0.09351051412522793,0.09351051412522793,0.24074210226535797,0.24074210226535797,0.24432551860809326,-0.10708528757095337,-0.17076247930526733,0.0,-0.0035834163427352905,-0.0035834163427352905,0.4820711016654968,0.4820711016654968,0.28706005215644836,1.9201362133026123,0.8207688927650452,0.0,0.19501104950904846,0.19501104950904846,0.2801896631717682,0.2801896631717682,0.03528973087668419,1.4831551313400269,-0.003679519984871149,0.0,0.244899932295084,0.244899932295084,0.0850168764591217,0.0850168764591217,0.036596279591321945,-0.07475537806749344,0.5828953385353088,0.0,0.04842059686779976,0.04842059686779976
124,4.133333333333333,24,0,0,,4,uneven rough,6,0.0,56.68954849243164,35.87019729614258,0.28181445598602295,1.9325785636901855,0.5888395309448242,1.899653673171997,0.5888395309448242,8.229143142700195,4.430862903594971,0.3333333432674408,-0.5772431492805481,0.3827725052833557,0.9662892818450928,0.2944197654724121,-0.09942196309566498,0.6760535836219788,-0.501708447933197,0.13622230291366577,0.32097190618515015,0.6278560757637024,-0.06959537416696548,-0.06959537416696548,0.05347144231200218,-1.8660078048706055,-0.20009052753448486,0.0,-0.12306681647896767,-0.12306681647896767,0.3380267918109894,0.3380267918109894,0.3076167702674866,1.8714746236801147,0.6400156617164612,0.0,0.030410021543502808,0.030410021543502808,-0.2508542239665985,-0.2508542239665985,-0.04654612019658089,-0.3198530972003937,-0.06365563720464706,0.0,-0.20430810377001762,-0.20430810377001762,0.09535560756921768,0.09535560756921768,-0.03735434263944626,1.8676530122756958,1.005307912826538,0.0,0.13270995020866394,0.13270995020866394,0.16048595309257507,0.16048595309257507,0.17389225959777832,-0.3380733132362366,-0.0905831977725029,0.0,-0.013406306505203247,-0.013406306505203247,0.3139280378818512,0.3139280378818512,-0.08136087656021118,-0.268479585647583,-0.4302860200405121,0.0,0.3952889144420624,0.3952889144420624
125,4.166666666666667,4,0,0,,4,uneven rough,5,0.0,55.38166809082031,33.70307540893555,0.20435944199562073,1.1241707801818848,-0.7552751898765564,1.1241707801818848,-0.7552751898765564,5.672046661376953,2.050227403640747,0.1666666716337204,-0.12395652383565903,0.04320433735847473,0.5620853900909424,-0.3776375949382782,0.6286324262619019,-0.016114378347992897,0.35681265592575073,0.2090584635734558,0.253041535615921,-0.16351193189620972,0.4400427043437958,0.4400427043437958,0.2983425557613373,1.8019331693649292,0.2996084988117218,0.0,0.1417001485824585,0.1417001485824585,-0.025783006101846695,-0.025783006101846695,0.11571603268384933,-0.07163523137569427,0.30995938181877136,0.0,-0.14149903878569603,-0.14149903878569603,0.17840632796287537,0.17840632796287537,0.1381661593914032,1.8428608179092407,-1.3483717441558838,0.0,0.04024016857147217,0.04024016857147217,0.14634092152118683,0.14634092152118683,0.19078902900218964,-1.4170546531677246,0.20360153913497925,0.0,-0.04444810748100281,-0.04444810748100281,0.1265207678079605,0.1265207678079605,0.06465403735637665,1.5959432125091553,1.275566816329956,0.0,0.06186673045158386,0.06186673045158386,-0.08175596594810486,-0.08175596594810486,-0.026224741712212563,-1.9983330965042114,0.06234608218073845,0.0,-0.055531224235892296,-0.055531224235892296
125,4.166666666666667,14,0,0,,4,uneven rough,5,0.0,55.01772689819336,35.09733200073242,0.26311737298965454,0.42942166328430176,0.1429843008518219,0.42942166328430176,0.1429843008518219,4.612238883972168,3.3294787406921387,0.5,0.3763102889060974,0.15927904844284058,0.21471083164215088,0.07149215042591095,0.5637717247009277,-0.057004209607839584,-0.09889724105596542,0.6001611948013306,0.21413366496562958,0.19085855782032013,0.3946402072906494,0.3946402072906494,0.24839939177036285,1.058565378189087,-0.9910389184951782,0.0,0.14624081552028656,0.14624081552028656,-0.09120673686265945,-0.09120673686265945,-0.017185119912028313,-1.8818680047988892,1.4574553966522217,0.0,-0.07402161695063114,-0.07402161695063114,-0.04944862052798271,-0.04944862052798271,0.1695064753293991,-2.00614333152771,-0.13475927710533142,0.0,-0.21895509585738182,-0.21895509585738182,0.42011281847953796,0.42011281847953796,0.34087905287742615,1.985264539718628,1.4423531293869019,0.0,0.07923376560211182,0.07923376560211182,0.10706683248281479,0.10706683248281479,0.031137317419052124,0.6336691975593567,0.8369794487953186,0.0,0.07592951506376266,0.07592951506376266,0.09542927891016006,0.09542927891016006,0.037676721811294556,-0.25220441818237305,0.21105845272541046,0.0,0.05775255709886551,0.05775255709886551
125,4.166666666666667,24,0,0,,4,uneven rough,6,0.0,56.736793518066406,35.89382553100586,0.30208277702331543,1.9268110990524292,-0.04821205884218216,1.8916939496994019,-0.04821205884218216,9.739825248718262,6.6666669845581055,0.3333333432674408,-0.3126016855239868,0.3916500508785248,0.9634055495262146,-0.02410602942109108,-0.11708350479602814,0.6537646055221558,-0.7012529373168945,-0.05007542297244072,0.2024024873971939,0.4784488081932068,-0.08195845037698746,-0.08195845037698746,-0.01542801782488823,-1.9705965518951416,-1.1420031785964966,0.0,-0.06653043255209923,-0.06653043255209923,0.3268823027610779,0.3268823027610779,0.31109610199928284,0.14724163711071014,1.3362847566604614,0.0,0.015786200761795044,0.015786200761795044,-0.35062646865844727,-0.35062646865844727,-0.08636657893657684,-0.6384801864624023,-0.2085101455450058,0.0,-0.2642598897218704,-0.2642598897218704,-0.035052794963121414,-0.035052794963121414,-0.027518881484866142,-0.7150661945343018,1.4928793907165527,0.0,-0.007533913478255272,-0.007533913478255272,0.10120124369859695,0.10120124369859695,0.12081289291381836,-1.0749554634094238,-0.2305145561695099,0.0,-0.019611649215221405,-0.019611649215221405,0.2392244040966034,0.2392244040966034,-0.05891954153776169,1.35380220413208,-0.3388003706932068,0.0,0.2981439456343651,0.2981439456343651
126,4.2,4,0,0,,4,uneven rough,5,0.0,55.4182014465332,33.72374725341797,0.20218199491500854,1.3327479362487793,-0.9323810338973999,1.3327479362487793,-0.9323810338973999,6.6832709312438965,1.886847972869873,0.1666666716337204,-0.16216155886650085,0.1633487194776535,0.6663739681243896,-0.46619051694869995,0.6169610619544983,0.07315301895141602,0.6306378841400146,0.36130431294441223,0.1902356594800949,-0.24976509809494019,0.43187272548675537,0.43187272548675537,0.3606467545032501,1.982296109199524,1.149025559425354,0.0,0.07122597098350525,0.07122597098350525,0.03657650947570801,0.03657650947570801,0.05760610103607178,-2.000004768371582,0.0942051038146019,0.0,-0.02102959156036377,-0.02102959156036377,0.3153189420700073,0.3153189420700073,0.18657930195331573,1.4444047212600708,0.4559568464756012,0.0,0.1287396401166916,0.1287396401166916,0.2529130280017853,0.2529130280017853,0.1977292150259018,1.1177974939346313,-0.7127203941345215,0.0,0.055183812975883484,0.055183812975883484,0.09511782974004745,0.09511782974004745,0.09836152195930481,1.3071295022964478,1.4567081928253174,0.0,-0.0032436922192573547,-0.0032436922192573547,-0.12488254904747009,-0.12488254904747009,-0.07329589128494263,-1.0211639404296875,-1.102765679359436,0.0,-0.051586657762527466,-0.051586657762527466
126,4.2,14,0,0,,4,uneven rough,5,0.0,55.044944763183594,35.11309051513672,0.2563757598400116,0.9820796251296997,-0.10321630537509918,0.9820796251296997,-0.10321630537509918,6.094496726989746,3.444199323654175,0.3333333432674408,0.35666531324386597,0.21679794788360596,0.49103981256484985,-0.05160815268754959,-0.0442894846200943,-0.11315444856882095,0.7466749548912048,0.6494276523590088,0.03591913729906082,0.11390996724367142,-0.03100263886153698,-0.03100263886153698,0.2043362855911255,-1.9679639339447021,0.16781103610992432,0.0,-0.23533892445266247,-0.23533892445266247,-0.18104712665081024,-0.18104712665081024,-0.07934444397687912,-1.7209022045135498,-0.43060407042503357,0.0,-0.10170268267393112,-0.10170268267393112,0.3733374774456024,0.3733374774456024,0.21660621464252472,1.7100621461868286,-1.1928431987762451,0.0,0.1567312628030777,0.1567312628030777,0.4545993506908417,0.4545993506908417,0.41097649931907654,1.983628511428833,1.7493162155151367,0.0,0.04362285137176514,0.04362285137176514,0.01795956864953041,0.01795956864953041,0.004732733126729727,-0.8294669389724731,0.7220274806022644,0.0,0.013226835522800684,0.013226835522800684,0.05695498362183571,0.05695498362183571,0.05195754021406174,0.013070245273411274,-0.05087120458483696,0.0,0.0049974434077739716,0.0049974434077739716
126,4.2,24,0,0,,4,uneven rough,6,0.0,56.79020690917969,35.90980911254883,0.30579447746276855,1.8899469375610352,1.0085901021957397,1.8899469375610352,1.0085901021957397,9.787169456481934,3.5368573665618896,0.3333333432674408,-0.04094511270523071,0.3647341728210449,0.9449734687805176,0.5042950510978699,0.17476920783519745,0.5936107635498047,-0.26695430278778076,0.08902127295732498,0.412283331155777,0.005675251130014658,0.1223384439945221,0.1223384439945221,-0.017543712630867958,1.0004273653030396,-1.610491394996643,0.0,0.13988215662539005,0.13988215662539005,0.29680538177490234,0.29680538177490234,0.3094342052936554,-0.9200620055198669,0.6639976501464844,0.0,-0.012628823518753052,-0.012628823518753052,-0.13347715139389038,-0.13347715139389038,-0.11880086362361908,-1.3472208976745605,-0.45161598920822144,0.0,-0.014676287770271301,-0.014676287770271301,0.06231489032506943,0.06231489032506943,-0.017546243965625763,1.5624216794967651,0.244502991437912,0.0,0.07986113429069519,0.07986113429069519,0.2061416655778885,0.2061416655778885,0.17162929475307465,1.9807510375976562,-0.7079629898071289,0.0,0.03451237082481384,0.03451237082481384,0.002837625565007329,0.002837625565007329,-0.0074661606922745705,0.8131628036499023,0.6182001829147339,0.0,0.0103037862572819,0.0103037862572819
127,4.233333333333333,4,0,0,,4,uneven rough,5,0.0,55.45646286010742,33.74427795410156,0.20109176635742188,0.4231880009174347,-0.8419030904769897,0.4231880009174347,-0.8419030904769897,1.8548845052719116,0.29248151183128357,0.1666666716337204,0.1526469588279724,0.18308179080486298,0.21159400045871735,-0.4209515452384949,0.5343915820121765,0.3331965208053589,0.4091491103172302,0.5163544416427612,0.31125107407569885,0.30961471796035767,0.3740741014480591,0.3740741014480591,0.3907371461391449,0.3440203368663788,1.6201581954956055,0.0,-0.016663044691085815,-0.016663044691085815,0.16659826040267944,0.16659826040267944,0.10827311128377914,1.9889940023422241,-1.08986496925354,0.0,0.0583251491189003,0.0583251491189003,0.2045745551586151,0.2045745551586151,0.20905150473117828,-0.28470197319984436,1.014827013015747,0.0,-0.004476949572563171,-0.004476949572563171,0.36144810914993286,0.36144810914993286,0.2654581367969513,2.000002384185791,0.3222576975822449,0.0,0.09598997235298157,0.09598997235298157,0.15562553703784943,0.15562553703784943,0.16585871577262878,0.9141193628311157,1.372136116027832,0.0,-0.010233178734779358,-0.010233178734779358,0.15480735898017883,0.15480735898017883,-0.024216074496507645,1.8325896263122559,-1.056627869606018,0.0,0.17902343347668648,0.17902343347668648
127,4.233333333333333,14,0,0,,4,uneven rough,5,0.0,55.07756042480469,35.135101318359375,0.26081880927085876,0.37080857157707214,-0.3309593200683594,0.37080857157707214,-0.3309593200683594,2.099334716796875,0.86008620262146,0.1666666716337204,0.44986027479171753,0.1399233639240265,0.18540428578853607,-0.1654796600341797,0.28050509095191956,0.0269936416298151,0.5231328010559082,0.4632878005504608,-0.09475284069776535,0.21847571432590485,0.19635355472564697,0.19635355472564697,0.21721743047237396,0.40600666403770447,-1.0397599935531616,0.0,-0.02086387574672699,-0.02086387574672699,0.01349682081490755,0.01349682081490755,-0.0589388869702816,1.9976125955581665,-1.1601409912109375,0.0,0.07243570778518915,0.07243570778518915,0.2615664005279541,0.2615664005279541,0.24442985653877258,1.588906168937683,0.44846469163894653,0.0,0.01713654398918152,0.01713654398918152,0.32430145144462585,0.32430145144462585,0.3691309690475464,-1.868158221244812,1.8817968368530273,0.0,-0.04482951760292053,-0.04482951760292053,-0.1516045480966568,-0.1516045480966568,-0.0073309242725372314,-0.35775136947631836,-0.15519025921821594,0.0,-0.14427362382411957,-0.14427362382411957,0.10923785716295242,0.10923785716295242,0.07150718569755554,1.2147812843322754,-0.014718594029545784,0.0,0.03773067146539688,0.03773067146539688
127,4.233333333333333,24,0,0,,4,uneven rough,6,0.0,56.842010498046875,35.92488479614258,0.31124573945999146,1.8765053749084473,0.11546489596366882,1.8765053749084473,0.11546489596366882,9.627090454101562,0.0,0.0,0.1892663538455963,0.2779061496257782,0.9382526874542236,0.05773244798183441,-0.35970526933670044,0.6043700575828552,-0.3518807590007782,0.03794505074620247,0.2607327997684479,0.05976247787475586,-0.25179368257522583,-0.25179368257522583,-0.06874195486307144,-1.4139556884765625,-0.1342732310295105,0.0,-0.1830517277121544,-0.1830517277121544,0.3021850287914276,0.3021850287914276,0.2882769703865051,0.9988610148429871,-0.2316325157880783,0.0,0.013908058404922485,0.013908058404922485,-0.1759403795003891,-0.1759403795003891,-0.17325471341609955,-0.8268764615058899,-0.9579926133155823,0.0,-0.0026856660842895508,-0.0026856660842895508,0.026561535894870758,0.026561535894870758,0.042452871799468994,0.7486710548400879,0.9896565675735474,0.0,-0.015891335904598236,-0.015891335904598236,0.13036639988422394,0.13036639988422394,0.1431754231452942,-1.3783009052276611,0.812240719795227,0.0,-0.012809023261070251,-0.012809023261070251,0.02988123893737793,0.02988123893737793,-0.007962887175381184,0.181623175740242,0.7284324169158936,0.0,0.03784412611275911,0.03784412611275911
128,4.266666666666667,4,0,0,,4,uneven rough,5,0.0,55.48823547363281,33.76878356933594,0.1962844729423523,0.18258768320083618,0.3474738597869873,0.18258768320083618,0.3474738597869873,1.3996076583862305,0.48433801531791687,0.04633300006389618,-0.025262992829084396,0.1882530152797699,0.09129384160041809,0.17373692989349365,0.35488179326057434,0.5386197566986084,0.3172566294670105,0.7120782136917114,0.5008938908576965,-0.0651213526725769,0.24841725826263428,0.24841725826263428,0.3374365568161011,-1.9999635219573975,0.8986275792121887,0.0,-0.0890192985534668,-0.0890192985534668,0.2693098783493042,0.2693098783493042,0.17406751215457916,1.9959933757781982,0.6509274244308472,0.0,0.09524236619472504,0.09524236619472504,0.15862831473350525,0.15862831473350525,0.18293435871601105,-0.6827368140220642,0.2800709903240204,0.0,-0.0243060439825058,-0.0243060439825058,0.498454749584198,0.498454749584198,0.33480104804039,1.9094735383987427,1.270857572555542,0.0,0.16365370154380798,0.16365370154380798,0.25044694542884827,0.25044694542884827,0.22130785882472992,1.3093488216400146,1.1131726503372192,0.0,0.029139086604118347,0.029139086604118347,-0.03256067633628845,-0.03256067633628845,0.004540981724858284,0.09492045640945435,0.5769408941268921,0.0,-0.037101658061146736,-0.037101658061146736
128,4.266666666666667,14,0,0,,4,uneven rough,5,0.0,55.10831832885742,35.16301727294922,0.2583010494709015,0.8384014964103699,-0.19123795628547668,0.8384014964103699,-0.19123795628547668,2.518742084503174,3.0882394313812256,0.3333333432674408,0.2737170457839966,0.12143826484680176,0.41920074820518494,-0.09561897814273834,0.3455312252044678,0.2344007045030594,0.13723349571228027,-0.3717670738697052,0.5131311416625977,-0.5611154437065125,0.24187184870243073,0.24187184870243073,0.24357803165912628,0.5585789680480957,-0.22232094407081604,0.0,-0.0017061829566955566,-0.0017061829566955566,0.1172003522515297,0.1172003522515297,0.007394551299512386,1.9804075956344604,0.6252585053443909,0.0,0.10980580095201731,0.10980580095201731,0.06861674785614014,0.06861674785614014,0.18035490810871124,-2.0000014305114746,1.09327232837677,0.0,-0.1117381602525711,-0.1117381602525711,-0.2602369487285614,-0.2602369487285614,0.30300629138946533,-1.8379498720169067,-0.23843444883823395,0.0,-0.5632432401180267,-0.5632432401180267,0.25656557083129883,0.25656557083129883,0.04107574746012688,1.9976246356964111,-0.2697186768054962,0.0,0.21548982337117195,0.21548982337117195,-0.2805577218532562,-0.2805577218532562,0.006380971521139145,-1.9974405765533447,0.6804428696632385,0.0,-0.28693869337439537,-0.28693869337439537
128,4.266666666666667,24,0,0,,4,uneven rough,6,0.0,56.895301818847656,35.94148254394531,0.3109723627567291,1.8468693494796753,0.8451472520828247,1.8468693494796753,0.8451472520828247,9.768247604370117,2.948396682739258,0.3333333432674408,0.41607606410980225,0.20873749256134033,0.9234346747398376,0.42257362604141235,-0.07866278290748596,0.4197033941745758,-0.14076954126358032,-0.13575534522533417,0.5131869912147522,-0.20097443461418152,-0.05506394803524017,-0.05506394803524017,-0.03420057147741318,0.6922731399536133,-0.857807993888855,0.0,-0.020863376557826996,-0.020863376557826996,0.2098516970872879,0.2098516970872879,0.26951712369918823,-1.9904392957687378,0.4640907347202301,0.0,-0.05966542661190033,-0.05966542661190033,-0.07038477063179016,-0.07038477063179016,-0.12089965492486954,1.999643087387085,-0.8838592767715454,0.0,0.050514884293079376,0.050514884293079376,-0.09502874314785004,-0.09502874314785004,-0.015209518373012543,-1.950115442276001,0.8534029126167297,0.0,-0.0798192247748375,-0.0798192247748375,0.2565934956073761,0.2565934956073761,0.18161708116531372,1.9809186458587646,-0.4262954592704773,0.0,0.07497641444206238,0.07497641444206238,-0.10048721730709076,-0.10048721730709076,-0.02418522536754608,-1.529445767402649,0.419265478849411,0.0,-0.07630199193954468,-0.07630199193954468
129,4.3,4,0,0,,4,uneven rough,5,0.0,55.51563262939453,33.791648864746094,0.1923309564590454,0.39850202202796936,0.30842700600624084,0.39850202202796936,0.30842700600624084,2.187432289123535,1.5221962928771973,0.1666666716337204,0.2227485179901123,0.22731274366378784,0.19925101101398468,0.15421350300312042,0.7895733118057251,0.1055498942732811,-0.004695921204984188,0.5151186585426331,0.16048678755760193,0.14427556097507477,0.5527012944221497,0.5527012944221497,0.36929360032081604,1.141824722290039,-0.7402409911155701,0.0,0.18340769410133362,0.18340769410133362,0.05277494713664055,0.05277494713664055,0.11595290899276733,-1.9947354793548584,1.4114301204681396,0.0,-0.06317796185612679,-0.06317796185612679,-0.002347960602492094,-0.002347960602492094,0.11606378108263016,-1.9984939098358154,-0.2643022835254669,0.0,-0.11841174168512225,-0.11841174168512225,0.3605830669403076,0.3605830669403076,0.30608996748924255,-0.29399973154067993,1.6319321393966675,0.0,0.054493099451065063,0.054493099451065063,0.08024339377880096,0.08024339377880096,0.1468142420053482,-1.842313289642334,1.2240910530090332,0.0,-0.06657084822654724,-0.06657084822654724,0.07213778048753738,0.07213778048753738,0.05900782719254494,-0.7420791983604431,0.30440568923950195,0.0,0.013129953294992447,0.013129953294992447
129,4.3,14,0,0,,4,uneven rough,5,0.0,55.13804626464844,35.18805694580078,0.25396013259887695,0.05702774599194527,0.3700137138366699,0.05702774599194527,0.3700137138366699,0.6991104483604431,0.0,0.0,0.5194446444511414,0.21927177906036377,0.028513872995972633,0.18500685691833496,0.7960606217384338,-0.3039662539958954,0.10521677881479263,0.3466350734233856,0.24983863532543182,-0.5270158052444458,0.5572424530982971,0.5572424530982971,0.2986193895339966,1.2975398302078247,0.21920126676559448,0.0,0.25862306356430054,0.25862306356430054,-0.4863460063934326,-0.4863460063934326,0.016575464978814125,2.054011583328247,1.3914622068405151,0.0,-0.5029214713722467,-0.5029214713722467,0.052608389407396317,0.052608389407396317,0.11453326046466827,-2.0510876178741455,-0.6556702256202698,0.0,-0.06192487105727196,-0.06192487105727196,0.2426445484161377,0.2426445484161377,0.23105952143669128,-1.6822001934051514,-1.1428033113479614,0.0,0.011585026979446411,0.011585026979446411,0.12491931766271591,0.12491931766271591,0.05088258907198906,1.0731148719787598,1.012241244316101,0.0,0.07403672859072685,0.07403672859072685,-0.2635079026222229,-0.2635079026222229,-0.05593385174870491,-1.9287028312683105,-0.8336372375488281,0.0,-0.207574050873518,-0.207574050873518
129,4.3,24,0,0,,4,uneven rough,6,0.0,56.94816970825195,35.959503173828125,0.29937902092933655,1.8833788633346558,-0.34937772154808044,1.8833788633346558,-0.34937772154808044,9.799844741821289,2.0931293964385986,0.1666666716337204,0.464876264333725,0.24042737483978271,0.9416894316673279,-0.17468886077404022,0.3540396988391876,0.4689306318759918,0.20039814710617065,-0.39367321133613586,0.42402324080467224,-0.3388073444366455,0.24782778322696686,0.24782778322696686,0.028170421719551086,1.6279137134552002,0.01861066371202469,0.0,0.21965736150741577,0.21965736150741577,0.2344653159379959,0.2344653159379959,0.2140045315027237,-0.8372201919555664,-0.9237049221992493,0.0,0.020460784435272217,0.020460784435272217,0.10019907355308533,0.10019907355308533,-0.0568486712872982,1.679223895072937,0.7464781403541565,0.0,0.15704774484038353,0.15704774484038353,-0.2755712568759918,-0.2755712568759918,-0.07784818112850189,-1.5019718408584595,-0.7317113876342773,0.0,-0.19772307574748993,-0.19772307574748993,0.21201162040233612,0.21201162040233612,0.22873900830745697,1.0323480367660522,0.9347476959228516,0.0,-0.01672738790512085,-0.01672738790512085,-0.16940367221832275,-0.16940367221832275,-0.08615971356630325,-2.001411199569702,-0.6825393438339233,0.0,-0.0832439586520195,-0.0832439586520195
130,4.333333333333333,4,0,0,,4,uneven rough,5,0.0,55.537109375,33.820194244384766,0.1878344863653183,1.1100196838378906,0.310219407081604,1.1100196838378906,0.310219407081604,4.93864631652832,0.6965459585189819,0.1666666716337204,0.3708352744579315,0.11377502977848053,0.5550098419189453,0.155109703540802,0.1686883419752121,-0.12943337857723236,0.652580738067627,0.29496848583221436,-0.1377357840538025,-0.151631698012352,0.11808183789253235,0.11808183789253235,0.358875036239624,-1.2673946619033813,0.3238823413848877,0.0,-0.24079319834709167,-0.24079319834709167,-0.20709340274333954,-0.20709340274333954,0.07699070870876312,-1.7531555891036987,-0.5144219994544983,0.0,-0.28408411145210266,-0.28408411145210266,0.3262903690338135,0.3262903690338135,0.15810143947601318,1.7015609741210938,-1.2448173761367798,0.0,0.1681889295578003,0.1681889295578003,0.20647794008255005,0.20647794008255005,0.2666817009449005,-1.4459553956985474,0.5430067777633667,0.0,-0.060203760862350464,-0.060203760862350464,-0.22037725150585175,-0.22037725150585175,0.08792843669652939,-1.5387489795684814,-0.509659469127655,0.0,-0.30830568820238113,-0.30830568820238113,-0.075815849006176,-0.075815849006176,0.022403618320822716,-0.21031230688095093,-0.2872787415981293,0.0,-0.09821946732699871,-0.09821946732699871
130,4.333333333333333,14,0,0,,4,uneven rough,5,0.0,55.165000915527344,35.21342086791992,0.257400780916214,1.2725350856781006,-0.025586633011698723,1.2725350856781006,-0.025586633011698723,6.310769081115723,6.6666669845581055,0.3333333432674408,0.5596787333488464,0.09225098788738251,0.6362675428390503,-0.012793316505849361,0.4471675753593445,-0.005708233918994665,0.4665987491607666,0.26504144072532654,-0.19693706929683685,-0.27898457646369934,0.3130173087120056,0.3130173087120056,0.32672759890556335,-0.05953393504023552,0.8288958072662354,0.0,-0.01371029019355774,-0.01371029019355774,-0.00913317408412695,-0.00913317408412695,0.013253951445221901,0.48787298798561096,1.7660688161849976,0.0,-0.02238712552934885,-0.02238712552934885,0.2332993745803833,0.2332993745803833,0.1541336327791214,1.7528530359268188,-1.4446417093276978,0.0,0.0791657418012619,0.0791657418012619,0.18552900850772858,0.18552900850772858,0.17717239260673523,-0.7952305674552917,-1.4477792978286743,0.0,0.008356615900993347,0.008356615900993347,-0.3150993287563324,-0.3150993287563324,-0.019305426627397537,-2.0029895305633545,1.0466593503952026,0.0,-0.29579390212893486,-0.29579390212893486,-0.13949228823184967,-0.13949228823184967,-0.11808811873197556,-2.002150058746338,-1.452789306640625,0.0,-0.021404169499874115,-0.021404169499874115
130,4.333333333333333,24,0,0,,4,uneven rough,6,0.0,57.00112533569336,35.97267532348633,0.3015327751636505,1.7497295141220093,-0.6968202590942383,1.7497295141220093,-0.6968202590942383,9.45248794555664,2.1133761405944824,0.1666666716337204,0.8036796450614929,0.22117814421653748,0.8748647570610046,-0.34841012954711914,0.43060731887817383,0.6447780132293701,0.4451749622821808,-0.145938441157341,0.2596094012260437,-0.2114475965499878,0.30142512917518616,0.30142512917518616,0.09096483141183853,1.2091835737228394,0.9285134673118591,0.0,0.21046029776334763,0.21046029776334763,0.32238900661468506,0.32238900661468506,0.2503269910812378,1.862554669380188,-0.87480628490448,0.0,0.07206201553344727,0.07206201553344727,0.2225874811410904,0.2225874811410904,-0.01816304586827755,-1.8098881244659424,1.2738542556762695,0.0,0.24075052700936794,0.24075052700936794,-0.10215690732002258,-0.10215690732002258,-0.12803399562835693,-0.28623536229133606,-1.1672180891036987,0.0,0.02587708830833435,0.02587708830833435,0.12980470061302185,0.12980470061302185,0.1930214911699295,-0.34963032603263855,0.9899311065673828,0.0,-0.06321679055690765,-0.06321679055690765,-0.1057237982749939,-0.1057237982749939,-0.1063653901219368,0.489239901304245,-1.4282318353652954,0.0,0.0006415918469429016,0.0006415918469429016
131,4.366666666666666,4,0,0,,4,uneven rough,5,0.0,55.56046676635742,33.85408401489258,0.18724775314331055,1.3274273872375488,-0.2245272845029831,1.3274273872375488,-0.2245272845029831,2.683236598968506,4.927334785461426,0.3842329978942871,0.6568427085876465,0.208346426486969,0.6637136936187744,-0.11226364225149155,0.7119078636169434,0.13809309899806976,0.5157607197761536,0.20803534984588623,-0.15941216051578522,-0.19781765341758728,0.49833551049232483,0.49833551049232483,0.40669387578964233,2.0001420974731445,-0.5758285522460938,0.0,0.0916416347026825,0.0916416347026825,0.06904654949903488,0.06904654949903488,0.06315777450799942,0.5203428268432617,-1.2148041725158691,0.0,0.005888774991035461,0.005888774991035461,0.2578803598880768,0.2578803598880768,0.16999667882919312,-0.10178817063570023,0.4210702180862427,0.0,0.08788368105888367,0.08788368105888367,0.14562474191188812,0.14562474191188812,0.20081177353858948,-1.947445273399353,-0.5815560221672058,0.0,-0.055187031626701355,-0.055187031626701355,-0.25505945086479187,-0.25505945086479187,0.08070821315050125,0.31341028213500977,-1.0915085077285767,0.0,-0.3357676640152931,-0.3357676640152931,-0.09890882670879364,-0.09890882670879364,-0.012464398518204689,-1.530761480331421,-0.24376177787780762,0.0,-0.08644442819058895,-0.08644442819058895
131,4.366666666666666,14,0,0,,4,uneven rough,5,0.0,55.19660949707031,35.23717498779297,0.25587964057922363,1.0254342555999756,0.07421743124723434,1.0254342555999756,0.07421743124723434,5.237393856048584,3.3333334922790527,0.1666666716337204,0.36298415064811707,0.11223503202199936,0.5127171277999878,0.03710871562361717,0.6888993978500366,-0.10323712974786758,0.5143569111824036,0.3785092830657959,-0.20129859447479248,-0.018878411501646042,0.4822295606136322,0.4822295606136322,0.3797221779823303,1.6168090105056763,0.3265760540962219,0.0,0.10250738263130188,0.10250738263130188,-0.16517941653728485,-0.16517941653728485,-0.008773035369813442,-0.026464886963367462,1.0433745384216309,0.0,-0.1564063811674714,-0.1564063811674714,0.2571784555912018,0.2571784555912018,0.2041207253932953,1.387012004852295,0.36322757601737976,0.0,0.053057730197906494,0.053057730197906494,0.2649565041065216,0.2649565041065216,0.169010728597641,1.348143219947815,-1.078827142715454,0.0,0.09594577550888062,0.09594577550888062,-0.32207775115966797,-0.32207775115966797,-0.10618477314710617,-1.438706636428833,-0.677617609500885,0.0,-0.2158929780125618,-0.2158929780125618,-0.009439205750823021,-0.009439205750823021,-0.08529161661863327,1.1824946403503418,-1.7633988857269287,0.0,0.07585241086781025,0.07585241086781025
131,4.366666666666666,24,0,0,,4,uneven rough,6,0.0,57.05727005004883,35.98185729980469,0.3022354245185852,1.8867982625961304,-0.0674784779548645,1.8867982625961304,-0.0674784779548645,8.573606491088867,1.9058434963226318,0.5,0.5077775716781616,0.13979732990264893,0.9433991312980652,-0.03373923897743225,-0.2512669563293457,0.6472947597503662,-0.3148420751094818,0.7557060122489929,0.8488008975982666,0.6537253856658936,-0.175886869430542,-0.175886869430542,0.028403984382748604,-1.9828053712844849,1.0872048139572144,0.0,-0.2042908538132906,-0.2042908538132906,0.3236473798751831,0.3236473798751831,0.31489938497543335,1.5447561740875244,0.672902524471283,0.0,0.008747994899749756,0.008747994899749756,-0.1574210375547409,-0.1574210375547409,-0.08481288701295853,-1.999987244606018,-0.4696992039680481,0.0,-0.07260815054178238,-0.07260815054178238,0.5289942026138306,0.5289942026138306,-0.06087123230099678,1.9942262172698975,-0.6691088676452637,0.0,0.5898654349148273,0.5898654349148273,0.4244004487991333,0.4244004487991333,0.2549593448638916,1.7845662832260132,0.23254066705703735,0.0,0.1694411039352417,0.1694411039352417,0.3268626928329468,0.3268626928329468,-0.054914895445108414,1.7074339389801025,-0.3440898656845093,0.0,0.3817775882780552,0.3817775882780552
132,4.4,4,0,0,,4,uneven rough,5,0.0,55.5866813659668,33.88534164428711,0.1856468915939331,0.41682472825050354,0.505478024482727,0.41682472825050354,0.505478024482727,1.8530124425888062,5.249326229095459,0.3333333432674408,0.575141429901123,0.15380725264549255,0.20841236412525177,0.2527390122413635,0.4542761445045471,0.10677493363618851,0.6249496936798096,0.30334997177124023,0.39135581254959106,-0.18036715686321259,0.31799328327178955,0.31799328327178955,0.35757893323898315,-2.000091552734375,0.88062983751297,0.0,-0.039585649967193604,-0.039585649967193604,0.053387466818094254,0.053387466818094254,0.07328120619058609,-0.6276562809944153,-0.23374895751476288,0.0,-0.019893739372491837,-0.019893739372491837,0.3124748468399048,0.3124748468399048,0.22391730546951294,1.9445809125900269,0.1254451423883438,0.0,0.08855754137039185,0.08855754137039185,0.2123449742794037,0.2123449742794037,0.2443871647119522,1.4069925546646118,-1.3538322448730469,0.0,-0.03204219043254852,-0.03204219043254852,0.19567790627479553,0.19567790627479553,0.14560635387897491,2.0001883506774902,-0.2971649169921875,0.0,0.05007155239582062,0.05007155239582062,-0.09018357843160629,-0.09018357843160629,-0.046006008982658386,-0.7798658609390259,-0.971433699131012,0.0,-0.044177569448947906,-0.044177569448947906
132,4.4,14,0,0,,4,uneven rough,5,0.0,55.22993469238281,35.266868591308594,0.25174468755722046,0.8575275540351868,-0.27125415205955505,0.8575275540351868,-0.27125415205955505,4.390621185302734,0.5239639282226562,0.1666666716337204,0.18391770124435425,0.18176734447479248,0.4287637770175934,-0.13562707602977753,-0.134245827794075,0.08947919309139252,0.6635502576828003,0.5397073030471802,0.22257547080516815,-0.030629361048340797,-0.09397207945585251,-0.09397207945585251,0.3435367941856384,-2.0,1.0560760498046875,0.0,-0.43750887364149094,-0.43750887364149094,0.04473959654569626,0.04473959654569626,0.06043471023440361,1.2469240427017212,0.43848541378974915,0.0,-0.01569511368870735,-0.01569511368870735,0.33177512884140015,0.33177512884140015,0.2551881968975067,1.160215139389038,0.9420771598815918,0.0,0.07658693194389343,0.07658693194389343,0.37779510021209717,0.37779510021209717,0.23685206472873688,1.670905590057373,0.2933862507343292,0.0,0.1409430354833603,0.1409430354833603,0.11128773540258408,0.11128773540258408,-0.06587908416986465,0.954810380935669,-1.1079387664794922,0.0,0.17716681957244873,0.17716681957244873,-0.015314680524170399,-0.015314680524170399,-0.061908748000860214,0.557447075843811,-0.09778540581464767,0.0,0.046594067476689816,0.046594067476689816
132,4.4,24,0,0,,4,uneven rough,6,0.0,57.10771179199219,35.9844970703125,0.3050645589828491,1.7540932893753052,0.5536162257194519,1.7540932893753052,0.5536162257194519,8.348738670349121,1.9942080974578857,0.1666666716337204,0.1281636655330658,0.1292286366224289,0.8770466446876526,0.27680811285972595,0.11843900382518768,0.5225209593772888,-0.2902836501598358,0.06474669277667999,0.15129370987415314,0.3671807050704956,0.0829073041677475,0.0829073041677475,0.04492294788360596,1.2037690877914429,-0.6485844850540161,0.0,0.03798435628414154,0.03798435628414154,0.2612604796886444,0.2612604796886444,0.2564380168914795,-1.5750212669372559,1.1658501625061035,0.0,0.004822462797164917,0.004822462797164917,-0.1451418250799179,-0.1451418250799179,-0.10233863443136215,-0.06764975935220718,-1.3349268436431885,0.0,-0.042803190648555756,-0.042803190648555756,0.045322682708501816,0.045322682708501816,-0.011293621733784676,1.982607126235962,0.83674556016922,0.0,0.05661630444228649,0.05661630444228649,0.07564685493707657,0.07564685493707657,0.19342835247516632,-1.4376857280731201,1.1100587844848633,0.0,-0.11778149753808975,-0.11778149753808975,0.1835903525352478,0.1835903525352478,-0.03429526835680008,0.10962105542421341,0.8158453702926636,0.0,0.21788562089204788,0.21788562089204788
133,4.433333333333334,4,0,0,,4,uneven rough,5,0.0,55.61553192138672,33.91057205200195,0.18699610233306885,1.0056257247924805,0.734649658203125,1.0056257247924805,0.734649658203125,3.9353721141815186,0.9306418299674988,0.3333333432674408,0.4738643169403076,0.15639138221740723,0.5028128623962402,0.3673248291015625,0.9085820913314819,0.11217209696769714,-0.12836956977844238,0.35472801327705383,0.01744767092168331,0.13274824619293213,0.6360074281692505,0.6360074281692505,0.3998444974422455,1.6738866567611694,-0.7481352090835571,0.0,0.236162930727005,0.236162930727005,0.05608604848384857,0.05608604848384857,0.021386705338954926,-0.4733237624168396,-0.45646485686302185,0.0,0.034699343144893646,0.034699343144893646,-0.06418478488922119,-0.06418478488922119,0.17276707291603088,-1.701859474182129,1.1539877653121948,0.0,-0.23695185780525208,-0.23695185780525208,0.24830961227416992,0.24830961227416992,0.22657355666160583,-0.19216379523277283,0.20714305341243744,0.0,0.021736055612564087,0.021736055612564087,0.008723835460841656,0.008723835460841656,0.0934329479932785,-1.6314539909362793,1.0017627477645874,0.0,-0.08470911253243685,-0.08470911253243685,0.06637412309646606,0.06637412309646606,-0.026965178549289703,1.4275239706039429,-0.8631209135055542,0.0,0.09333930164575577,0.09333930164575577
133,4.433333333333334,14,0,0,,4,uneven rough,5,0.0,55.266212463378906,35.29715347290039,0.24955666065216064,0.9475584626197815,0.5573973655700684,0.9475584626197815,0.5573973655700684,5.337095260620117,1.1859030723571777,0.5,0.1230786070227623,0.07492191344499588,0.47377923130989075,0.2786986827850342,0.6203391551971436,0.19990083575248718,-0.20257946848869324,0.39892908930778503,0.30186837911605835,0.24891585111618042,0.43423739075660706,0.43423739075660706,0.3746454119682312,1.9903030395507812,-0.6718348264694214,0.0,0.059591978788375854,0.059591978788375854,0.09995041787624359,0.09995041787624359,0.11154031753540039,0.7757713198661804,0.8955780863761902,0.0,-0.0115898996591568,-0.0115898996591568,-0.10128973424434662,-0.10128973424434662,0.19998101890087128,-1.8660292625427246,1.0654127597808838,0.0,-0.3012707531452179,-0.3012707531452179,0.2792503535747528,0.2792503535747528,0.24095012247562408,0.040512606501579285,1.0722382068634033,0.0,0.03830023109912872,0.03830023109912872,0.15093418955802917,0.15093418955802917,-0.01496423315256834,1.0548804998397827,0.058343306183815,0.0,0.16589842271059752,0.16589842271059752,0.12445792555809021,0.12445792555809021,-0.025288909673690796,1.4392855167388916,0.2726842164993286,0.0,0.149746835231781,0.149746835231781
133,4.433333333333334,24,0,0,,4,uneven rough,6,0.0,57.159610748291016,35.98759078979492,0.310330867767334,1.8333592414855957,-0.3330835700035095,1.8333592414855957,-0.3330835700035095,9.04627799987793,6.6666669845581055,0.3333333432674408,0.20917320251464844,0.14791575074195862,0.9166796207427979,-0.16654178500175476,-0.7195138931274414,0.46897798776626587,0.10335677862167358,0.07807120680809021,0.45844417810440063,0.22754442691802979,-0.503659725189209,-0.503659725189209,0.0036096503026783466,-1.6118172407150269,0.3987395465373993,0.0,-0.5072693754918873,-0.5072693754918873,0.23448899388313293,0.23448899388313293,0.22767961025238037,-0.018660739064216614,-0.38384348154067993,0.0,0.0068093836307525635,0.0068093836307525635,0.05167838931083679,0.05167838931083679,-0.039327383041381836,2.005511522293091,-0.6184061169624329,0.0,0.09100577235221863,0.09100577235221863,0.05464984476566315,0.05464984476566315,0.05009324848651886,0.7923601269721985,1.4846177101135254,0.0,0.004556596279144287,0.004556596279144287,0.22922208905220032,0.22922208905220032,0.21678870916366577,1.0627269744873047,-0.3304405212402344,0.0,0.012433379888534546,0.012433379888534546,0.11377221345901489,0.11377221345901489,0.007765178568661213,0.47140243649482727,0.4165448844432831,0.0,0.10600703489035368,0.10600703489035368
134,4.466666666666667,4,0,0,,4,uneven rough,5,0.0,55.64444351196289,33.93564224243164,0.197605162858963,0.7441720366477966,-0.1621585190296173,0.7441720366477966,-0.1621585190296173,3.062753200531006,1.0401880741119385,0.1666666716337204,0.36258968710899353,0.27278876304626465,0.3720860183238983,-0.08107925951480865,-0.12441504746675491,0.4886804223060608,0.617829442024231,0.34202268719673157,-0.19978471100330353,-0.035391081124544144,-0.08709052950143814,-0.08709052950143814,0.3605490028858185,-1.3027417659759521,0.621280312538147,0.0,-0.4476395323872566,-0.4476395323872566,0.2443402111530304,0.2443402111530304,0.09011130779981613,1.9842513799667358,-0.4659968912601471,0.0,0.15422890335321426,0.15422890335321426,0.3089147210121155,0.3089147210121155,0.22637583315372467,1.9644155502319336,-0.4607134163379669,0.0,0.08253888785839081,0.08253888785839081,0.23941588401794434,0.23941588401794434,0.2783915400505066,0.3403753936290741,-0.01862575300037861,0.0,-0.038975656032562256,-0.038975656032562256,-0.31965553760528564,-0.31965553760528564,0.10663464665412903,-0.5457766652107239,-0.4870626926422119,0.0,-0.4262901842594147,-0.4262901842594147,-0.017695540562272072,-0.017695540562272072,-1.2540085663204081e-06,0.05116025730967522,0.4320138096809387,0.0,-0.01769428655370575,-0.01769428655370575
134,4.466666666666667,14,0,0,,4,uneven rough,5,0.0,55.30008316040039,35.32857894897461,0.24455848336219788,0.35604146122932434,0.8827335238456726,0.35604146122932434,0.8827335238456726,2.534801959991455,2.4667696952819824,0.3333333432674408,0.43153318762779236,0.18595467507839203,0.17802073061466217,0.4413667619228363,-0.09444119781255722,0.6730259656906128,0.325030654668808,0.6250919103622437,0.27239418029785156,0.07041002064943314,-0.066108837723732,-0.066108837723732,0.3241042196750641,-1.9816691875457764,0.8333426713943481,0.0,-0.3902130573987961,-0.3902130573987961,0.3365129828453064,0.3365129828453064,0.18027126789093018,2.14945650100708,0.8278391361236572,0.0,0.15624171495437622,0.15624171495437622,0.162515327334404,0.162515327334404,0.14378021657466888,-1.200911045074463,-0.5920298099517822,0.0,0.018735110759735107,0.018735110759735107,0.43756434321403503,0.43756434321403503,0.30669379234313965,1.824000358581543,0.48889869451522827,0.0,0.13087055087089539,0.13087055087089539,0.13619709014892578,0.13619709014892578,0.04668208584189415,1.5584698915481567,0.6217872500419617,0.0,0.08951500430703163,0.08951500430703163,0.03520501032471657,0.03520501032471657,-0.0019415270071476698,0.5480259656906128,0.9322826862335205,0.0,0.03714653733186424,0.03714653733186424
134,4.466666666666667,24,0,0,,4,uneven rough,6,0.0,57.20964050292969,36.007965087890625,0.3171411454677582,1.8909530639648438,0.3326176404953003,1.8755714893341064,0.3326176404953003,10.006482124328613,4.214413642883301,0.3333333432674408,0.21430426836013794,0.02153758332133293,0.9454765319824219,0.16630882024765015,-0.12364409863948822,0.42280322313308716,-0.3112271726131439,-0.04166330769658089,0.5262699723243713,-0.12984539568424225,-0.08655086904764175,-0.08655086904764175,-0.06043459102511406,-1.8727166652679443,-0.738032877445221,0.0,-0.026116278022527695,-0.026116278022527695,0.21140161156654358,0.21140161156654358,0.22761401534080505,0.3634173572063446,-0.17736850678920746,0.0,-0.016212403774261475,-0.016212403774261475,-0.15561358630657196,-0.15561358630657196,-0.0758136436343193,0.6494166254997253,0.865161657333374,0.0,-0.07979994267225266,-0.07979994267225266,-0.02916431427001953,-0.02916431427001953,0.018281463533639908,-1.5757060050964355,1.0932140350341797,0.0,-0.04744577780365944,-0.04744577780365944,0.26313498616218567,0.26313498616218567,0.24428072571754456,0.19323237240314484,0.4572588801383972,0.0,0.018854260444641113,0.018854260444641113,-0.06492269784212112,-0.06492269784212112,-0.032250966876745224,-0.5109876990318298,0.44756144285202026,0.0,-0.0326717309653759,-0.0326717309653759
135,4.5,4,0,0,,4,uneven rough,5,0.0,55.66558074951172,33.9632568359375,0.19912588596343994,0.626911997795105,0.4500388205051422,0.626911997795105,0.4500388205051422,3.2275102138519287,0.46254128217697144,0.1666666716337204,0.23372499644756317,0.07636357843875885,0.3134559988975525,0.2250194102525711,0.7847157120704651,-0.10583172738552094,-0.007504728157073259,-0.10078522562980652,0.04609760642051697,0.002777021611109376,0.5493009686470032,0.5493009686470032,0.4185224771499634,2.0000038146972656,-0.46656522154808044,0.0,0.1307784914970398,0.1307784914970398,-0.16933076083660126,-0.16933076083660126,0.03006502240896225,-1.5325905084609985,0.919377863407135,0.0,-0.1993957832455635,-0.1993957832455635,-0.0037523640785366297,-0.0037523640785366297,0.16830818355083466,-1.9951772689819336,0.9104588627815247,0.0,-0.17206054762937129,-0.17206054762937129,-0.07054965943098068,-0.07054965943098068,0.21600086987018585,-1.921432614326477,0.18435414135456085,0.0,-0.28655052930116653,-0.28655052930116653,0.023048803210258484,0.023048803210258484,0.036054518073797226,-1.553693175315857,-0.5202596783638,0.0,-0.013005714863538742,-0.013005714863538742,0.001388510805554688,0.001388510805554688,0.025961343199014664,-0.058565352112054825,0.21667852997779846,0.0,-0.024572832393459976,-0.024572832393459976
135,4.5,14,0,0,,4,uneven rough,5,0.0,55.331661224365234,35.3557243347168,0.23484307527542114,0.8893414735794067,0.6002301573753357,0.8893414735794067,0.6002301573753357,5.306792259216309,1.6678352355957031,0.3333333432674408,0.07010509073734283,0.07758606970310211,0.44467073678970337,0.30011507868766785,0.6986875534057617,-0.022975333034992218,0.26557594537734985,0.6327665448188782,0.1385207325220108,-0.010789202526211739,0.4890812933444977,0.4890812933444977,0.32946765422821045,0.7121939063072205,-0.7582700848579407,0.0,0.15961363911628723,0.15961363911628723,-0.03676053509116173,-0.03676053509116173,0.15201681852340698,0.013357906602323055,1.5750839710235596,0.0,-0.1887773536145687,-0.1887773536145687,0.13278797268867493,0.13278797268867493,0.09108821302652359,-1.4706997871398926,-0.9362923502922058,0.0,0.04169975966215134,0.04169975966215134,0.44293656945228577,0.44293656945228577,0.3579292595386505,1.8632516860961914,1.2437676191329956,0.0,0.08500730991363525,0.08500730991363525,0.0692603662610054,0.0692603662610054,0.04178557172417641,2.0050740242004395,1.151389241218567,0.0,0.027474794536828995,0.027474794536828995,-0.005394601263105869,-0.005394601263105869,-0.0032547598239034414,0.5882716178894043,0.7150232195854187,0.0,-0.002139841439202428,-0.002139841439202428
135,4.5,24,0,0,,4,uneven rough,6,0.0,57.25699234008789,36.0195198059082,0.3288164734840393,1.9293837547302246,-0.7785548567771912,1.8687739372253418,-0.7785548567771912,8.976856231689453,3.854733943939209,0.3333333432674408,0.12304328382015228,0.21820704638957977,0.9646918773651123,-0.3892774283885956,0.45881524682044983,0.23381656408309937,-0.15421903133392334,-0.3670589327812195,0.4093753695487976,-0.3262813687324524,0.3211706578731537,0.3211706578731537,-0.030234145000576973,1.787076711654663,-1.3795851469039917,0.0,0.35140480287373066,0.35140480287373066,0.11690828204154968,0.11690828204154968,0.1689026802778244,-1.9166909456253052,0.1283927857875824,0.0,-0.05199439823627472,-0.05199439823627472,-0.07710951566696167,-0.07710951566696167,-0.06805302947759628,-0.3381958305835724,0.7431790232658386,0.0,-0.009056486189365387,-0.009056486189365387,-0.2569412589073181,-0.2569412589073181,-0.05166718736290932,-1.867645502090454,-0.4157981276512146,0.0,-0.2052740715444088,-0.2052740715444088,0.2046876847743988,0.2046876847743988,0.18298742175102234,-1.6761786937713623,0.3079778254032135,0.0,0.021700263023376465,0.021700263023376465,-0.1631406843662262,-0.1631406843662262,-0.056674063205718994,-0.36527225375175476,-0.0944039598107338,0.0,-0.1064666211605072,-0.1064666211605072
136,4.533333333333333,4,0,0,,4,uneven rough,5,0.0,55.683013916015625,33.989688873291016,0.19481423497200012,1.0128695964813232,-0.6125981211662292,1.0128695964813232,-0.6125981211662292,2.7844581604003906,1.783552646636963,0.1666666716337204,0.33062368631362915,0.07752355933189392,0.5064347982406616,-0.3062990605831146,0.3501388430595398,-0.08063199371099472,0.6900951862335205,0.38692596554756165,-0.20117944478988647,-0.06619574129581451,0.24509719014167786,0.24509719014167786,0.36433282494544983,-1.8364132642745972,0.9280373454093933,0.0,-0.11923563480377197,-0.11923563480377197,-0.12901119887828827,-0.12901119887828827,-0.032636597752571106,-1.9810259342193604,-0.46696946024894714,0.0,-0.09637460112571716,-0.09637460112571716,0.34504759311676025,0.34504759311676025,0.16783754527568817,0.02018800377845764,-0.7323930263519287,0.0,0.17721004784107208,0.17721004784107208,0.27084818482398987,0.27084818482398987,0.2700744569301605,1.6634211540222168,-1.0062614679336548,0.0,0.0007737278938293457,0.0007737278938293457,-0.3218871057033539,-0.3218871057033539,0.008375847712159157,-0.8394747376441956,-1.1045647859573364,0.0,-0.33026295341551304,-0.33026295341551304,-0.03309787064790726,-0.03309787064790726,0.034199416637420654,-0.5333114266395569,0.061055149883031845,0.0,-0.06729728728532791,-0.06729728728532791
136,4.533333333333333,14,0,0,,4,uneven rough,5,0.0,55.35792541503906,35.38346862792969,0.23795950412750244,1.3743830919265747,0.2760227918624878,1.3743830919265747,0.2760227918624878,5.1585869789123535,2.410888671875,0.6622874140739441,0.07966592162847519,0.17546314001083374,0.6871915459632874,0.1380113959312439,-0.11097632348537445,0.24542030692100525,0.3596227765083313,0.7074414491653442,0.20748458802700043,0.28971680998802185,-0.07768342643976212,-0.07768342643976212,0.2738083004951477,-1.9733916521072388,0.07313289493322372,0.0,-0.3514917269349098,-0.3514917269349098,0.12271015346050262,0.12271015346050262,0.15201011300086975,-0.8146252036094666,0.6920812129974365,0.0,-0.029299959540367126,-0.029299959540367126,0.17981138825416565,0.17981138825416565,0.10642443597316742,1.4820914268493652,-1.2384473085403442,0.0,0.07338695228099823,0.07338695228099823,0.4952090084552765,0.4952090084552765,0.42416995763778687,1.904664158821106,1.5940250158309937,0.0,0.07103905081748962,0.07103905081748962,0.10374229401350021,0.10374229401350021,0.08576970547437668,0.6504613757133484,1.6340641975402832,0.0,0.017972588539123535,0.017972588539123535,0.14485840499401093,0.14485840499401093,0.05098313093185425,1.923681378364563,0.6433576345443726,0.0,0.09387527406215668,0.09387527406215668
136,4.533333333333333,24,0,0,,4,uneven rough,6,0.0,57.30784225463867,36.02339553833008,0.34620052576065063,1.895961880683899,-0.4479098916053772,1.8727798461914062,-0.4479098916053772,10.239501953125,5.274474143981934,0.3333333432674408,-0.2535094618797302,0.060151033103466034,0.9479809403419495,-0.2239549458026886,0.041322968900203705,0.5777583718299866,0.2822718322277069,-0.07059762626886368,0.3164961338043213,-0.01867835968732834,0.028926078230142593,0.028926078230142593,0.019445408135652542,0.6643255352973938,0.4108511805534363,0.0,0.009480670094490051,0.009480670094490051,0.2888791859149933,0.2888791859149933,0.22996413707733154,1.9647260904312134,-1.0279011726379395,0.0,0.05891504883766174,0.05891504883766174,0.14113591611385345,0.14113591611385345,-0.0035919479560106993,1.6000813245773315,0.13176774978637695,0.0,0.14472786406986415,0.14472786406986415,-0.049418337643146515,-0.049418337643146515,-0.06744910776615143,1.2343066930770874,-1.2366752624511719,0.0,0.018030770123004913,0.018030770123004913,0.15824806690216064,0.15824806690216064,0.16660870611667633,-0.8041512966156006,-0.8138678073883057,0.0,-0.008360639214515686,-0.008360639214515686,-0.00933917984366417,-0.00933917984366417,0.0020908210426568985,2.004509449005127,-0.24755337834358215,0.0,-0.011430000886321068,-0.011430000886321068
137,4.566666666666666,4,0,0,,4,uneven rough,5,0.0,55.70198059082031,34.0200080871582,0.200614333152771,0.4734854996204376,-0.07610534131526947,0.4734854996204376,-0.07610534131526947,2.4489657878875732,1.3799667358398438,0.3333333432674408,0.06816534698009491,0.08025795966386795,0.2367427498102188,-0.038052670657634735,0.5564597249031067,0.07746466994285583,0.48576033115386963,0.32024866342544556,-0.07481435686349869,0.11985459178686142,0.3895218074321747,0.3895218074321747,0.38853517174720764,0.7998252511024475,-0.634988009929657,0.0,0.000986635684967041,0.000986635684967041,0.03873233497142792,0.03873233497142792,-0.018477361649274826,2.000016927719116,-1.3230197429656982,0.0,0.057209696620702744,0.057209696620702744,0.24288016557693481,0.24288016557693481,0.19520264863967896,0.6139472723007202,-0.306882381439209,0.0,0.04767751693725586,0.04767751693725586,0.22417406737804413,0.22417406737804413,0.22552348673343658,-1.7008860111236572,0.5031818747520447,0.0,-0.001349419355392456,-0.001349419355392456,-0.11970297247171402,-0.11970297247171402,-0.017821671441197395,-0.9208751320838928,-0.9546824097633362,0.0,-0.10188130103051662,-0.10188130103051662,0.05992729589343071,0.05992729589343071,0.07726950198411942,1.3490792512893677,-0.27500078082084656,0.0,-0.017342206090688705,-0.017342206090688705
137,4.566666666666666,14,0,0,,4,uneven rough,5,0.0,55.381591796875,35.41585159301758,0.25145068764686584,1.2487967014312744,0.21641415357589722,1.2487967014312744,0.21641415357589722,6.712621688842773,2.3529317378997803,0.5,-0.17544692754745483,0.08397587388753891,0.6243983507156372,0.10820707678794861,0.3662290573120117,0.40372705459594727,0.32867124676704407,0.47869470715522766,-0.12496745586395264,0.054293494671583176,0.25636032223701477,0.25636032223701477,0.26683372259140015,-0.02866910770535469,-1.0839757919311523,0.0,-0.010473400354385376,-0.010473400354385376,0.20186352729797363,0.20186352729797363,0.18775023519992828,1.727846622467041,-0.1598132997751236,0.0,0.014113292098045349,0.014113292098045349,0.16433562338352203,0.16433562338352203,0.12555000185966492,0.44148245453834534,0.2997501790523529,0.0,0.03878562152385712,0.03878562152385712,0.33508628606796265,0.33508628606796265,0.38737261295318604,-2.033907890319824,1.7696609497070312,0.0,-0.05228632688522339,-0.05228632688522339,-0.19994793832302094,-0.19994793832302094,0.06991861760616302,-0.4560268223285675,1.077933430671692,0.0,-0.26986655592918396,-0.26986655592918396,0.027146747335791588,0.027146747335791588,0.060200370848178864,0.15754523873329163,1.3672549724578857,0.0,-0.033053623512387276,-0.033053623512387276
137,4.566666666666666,24,0,0,,4,uneven rough,6,0.0,57.3575553894043,36.03601837158203,0.3587842881679535,1.7893435955047607,-0.949990451335907,1.7893435955047607,-0.949990451335907,8.970653533935547,1.1808170080184937,0.1666666716337204,-0.3000617027282715,0.12389107793569565,0.8946717977523804,-0.4749952256679535,-0.42512840032577515,0.8140711188316345,-0.05933690816164017,-0.058803752064704895,0.35154658555984497,-0.24779269099235535,-0.29758986830711365,-0.29758986830711365,-0.03463125228881836,-1.4582756757736206,0.5541660189628601,0.0,-0.2629586160182953,-0.2629586160182953,0.40703555941581726,0.40703555941581726,0.2969702184200287,1.9511433839797974,0.6641356348991394,0.0,0.11006534099578857,0.11006534099578857,-0.029668454080820084,-0.029668454080820084,-0.03489527106285095,-0.5271300673484802,0.9619548916816711,0.0,0.0052268169820308685,0.0052268169820308685,-0.04116262495517731,-0.04116262495517731,-0.010410265065729618,0.804192841053009,0.16042234003543854,0.0,-0.03075235988944769,-0.03075235988944769,0.17577329277992249,0.17577329277992249,0.1572691649198532,-0.23708400130271912,-0.8083741068840027,0.0,0.018504127860069275,0.018504127860069275,-0.12389634549617767,-0.12389634549617767,-0.04387545958161354,-1.0643959045410156,1.0257669687271118,0.0,-0.08002088591456413,-0.08002088591456413
138,4.6,4,0,0,,4,uneven rough,5,0.0,55.714725494384766,34.05735397338867,0.20121866464614868,0.6032212376594543,-0.8727954626083374,0.6032212376594543,-0.8727954626083374,1.410677433013916,4.799548625946045,0.3333333432674408,0.22242681682109833,0.12232627719640732,0.3016106188297272,-0.4363977313041687,0.47923967242240906,0.09778331965208054,0.5503875017166138,0.08141295611858368,0.4118949770927429,-0.17570149898529053,0.33546775579452515,0.33546775579452515,0.3706563413143158,-1.2136183977127075,0.17625798285007477,0.0,-0.03518858551979065,-0.03518858551979065,0.04889165982604027,0.04889165982604027,0.03891240805387497,0.6451305150985718,0.5558311939239502,0.0,0.009979251772165298,0.009979251772165298,0.2751937508583069,0.2751937508583069,0.21984462440013885,0.10703139007091522,0.21375635266304016,0.0,0.05534912645816803,0.05534912645816803,0.056989070028066635,0.056989070028066635,0.16557960212230682,-1.8622525930404663,-0.7430020570755005,0.0,-0.10859053209424019,-0.10859053209424019,0.20594748854637146,0.20594748854637146,0.04741346836090088,1.9960992336273193,-0.9355676770210266,0.0,0.15853402018547058,0.15853402018547058,-0.08785074949264526,-0.08785074949264526,0.06616564095020294,-0.8666196465492249,0.6432569622993469,0.0,-0.1540163904428482,-0.1540163904428482
138,4.6,14,0,0,,4,uneven rough,5,0.0,55.404632568359375,35.44698715209961,0.25136029720306396,1.032805323600769,-0.11972611397504807,1.032805323600769,-0.11972611397504807,1.699460744857788,4.7918195724487305,0.5,0.16674642264842987,0.09739255160093307,0.5164026618003845,-0.05986305698752403,0.564437747001648,-0.014611800201237202,0.3322497308254242,-0.05187901109457016,0.2421615570783615,-0.41279372572898865,0.39510640501976013,0.39510640501976013,0.32374414801597595,1.9817637205123901,-0.4873034954071045,0.0,0.07136225700378418,0.07136225700378418,-0.023378880694508553,-0.023378880694508553,0.16071508824825287,-1.5433405637741089,0.9074730277061462,0.0,-0.18409396894276142,-0.18409396894276142,0.1661248654127121,0.1661248654127121,0.143956258893013,0.26618483662605286,0.37988585233688354,0.0,0.022168606519699097,0.022168606519699097,-0.03631530702114105,-0.03631530702114105,0.3185323476791382,-1.9869273900985718,-0.38088369369506836,0.0,-0.35484765470027924,-0.35484765470027924,0.12108077853918076,0.12108077853918076,0.10039427876472473,2.0008325576782227,0.21062956750392914,0.0,0.020686499774456024,0.020686499774456024,-0.20639686286449432,-0.20639686286449432,0.032235607504844666,-1.2657049894332886,0.6832829117774963,0.0,-0.238632470369339,-0.238632470369339
138,4.6,24,0,0,,4,uneven rough,6,0.0,57.404876708984375,36.049957275390625,0.3730098605155945,1.6729369163513184,-0.20830795168876648,1.6729369163513184,-0.20830795168876648,8.558446884155273,1.1258010864257812,0.1666666716337204,-0.2789086103439331,0.07003239542245865,0.8364684581756592,-0.10415397584438324,0.00489814393222332,0.6257278919219971,-0.08852574974298477,-0.3186570107936859,0.19390740990638733,-0.3192127048969269,0.003428700612857938,0.003428700612857938,0.011278586462140083,1.4271031618118286,-0.5836721062660217,0.0,-0.007849885849282146,-0.007849885849282146,0.31286394596099854,0.31286394596099854,0.3089674711227417,0.6772317290306091,1.3918120861053467,0.0,0.003896474838256836,0.003896474838256836,-0.044262874871492386,-0.044262874871492386,-0.07555589824914932,-0.6189194321632385,0.12002359330654144,0.0,0.03129302337765694,0.03129302337765694,-0.22305990755558014,-0.22305990755558014,-0.06916270405054092,-1.5147289037704468,0.5244113206863403,0.0,-0.15389720350503922,-0.15389720350503922,0.09695370495319366,0.09695370495319366,0.10068779438734055,-1.354047417640686,-0.4853656589984894,0.0,-0.003734089434146881,-0.003734089434146881,-0.15960635244846344,-0.15960635244846344,-0.0772731751203537,-0.9510625600814819,-0.15601485967636108,0.0,-0.08233317732810974,-0.08233317732810974
139,4.633333333333333,4,0,0,,4,uneven rough,5,0.0,55.72572326660156,34.0960693359375,0.18595223128795624,1.015973687171936,-0.7183387279510498,1.015973687171936,-0.7183387279510498,3.1491622924804688,2.743328094482422,0.3333333432674408,0.2566641569137573,0.268034428358078,0.507986843585968,-0.3591693639755249,0.9051284790039062,-0.18337669968605042,0.06307678669691086,-0.03236698359251022,0.2823873460292816,-0.2300889641046524,0.6335899233818054,0.6335899233818054,0.4132177531719208,1.9984424114227295,-0.6095806360244751,0.0,0.22037217020988464,0.22037217020988464,-0.2934027314186096,-0.2934027314186096,-0.003826174885034561,-1.5375938415527344,0.6063212156295776,0.0,-0.28957655653357506,-0.28957655653357506,0.03153839334845543,0.03153839334845543,0.15411822497844696,-1.9999973773956299,0.15341387689113617,0.0,-0.12257983162999153,-0.12257983162999153,-0.022656887769699097,-0.022656887769699097,0.09560798853635788,-1.9548721313476562,-1.3758282661437988,0.0,-0.11826487630605698,-0.11826487630605698,0.1411936730146408,0.1411936730146408,0.09815391898155212,2.000000476837158,0.7220020294189453,0.0,0.043039754033088684,0.043039754033088684,-0.1150444820523262,-0.1150444820523262,0.00530632771551609,-1.9015544652938843,-0.21042996644973755,0.0,-0.12035080976784229,-0.12035080976784229
139,4.633333333333333,14,0,0,,4,uneven rough,5,0.0,55.424598693847656,35.47850036621094,0.23834684491157532,0.9014936089515686,-0.02105984464287758,0.9014936089515686,-0.02105984464287758,1.2582919597625732,2.6365408897399902,0.3333333432674408,0.17394399642944336,0.0347134992480278,0.4507468044757843,-0.01052992232143879,0.6757534742355347,-0.2953336834907532,0.2591651678085327,0.11595076322555542,0.39518505334854126,-0.4295591413974762,0.47302743792533875,0.47302743792533875,0.38960784673690796,2.000000238418579,0.9087115526199341,0.0,0.08341959118843079,0.08341959118843079,-0.4725339114665985,-0.4725339114665985,0.11485883593559265,-1.3831498622894287,-0.4782213866710663,0.0,-0.5873927474021912,-0.5873927474021912,0.12958258390426636,0.12958258390426636,0.1167222410440445,-0.316413938999176,0.31559908390045166,0.0,0.012860342860221863,0.012860342860221863,0.08116552978754044,0.08116552978754044,0.25366145372390747,-1.9632232189178467,-1.2889436483383179,0.0,-0.17249592393636703,-0.17249592393636703,0.19759252667427063,0.19759252667427063,0.16437600553035736,1.9996466636657715,1.222813606262207,0.0,0.03321652114391327,0.03321652114391327,-0.2147795706987381,-0.2147795706987381,-0.022527655586600304,-1.4266377687454224,-0.418678343296051,0.0,-0.1922519151121378,-0.1922519151121378
139,4.633333333333333,24,0,0,,4,uneven rough,6,0.0,57.45153045654297,36.07061767578125,0.3862259089946747,1.7754076719284058,-1.0299808979034424,1.7754076719284058,-1.0299808979034424,9.237675666809082,4.1225810050964355,0.5,-0.44836530089378357,0.10808482766151428,0.8877038359642029,-0.5149904489517212,-0.3395625054836273,0.6233930587768555,-0.11713328212499619,-0.49406498670578003,0.12577804923057556,-0.37410128116607666,-0.23769375681877136,-0.23769375681877136,-0.022005099803209305,-1.6881592273712158,0.5532238483428955,0.0,-0.21568865701556206,-0.21568865701556206,0.31169652938842773,0.31169652938842773,0.3121543228626251,0.4483579695224762,0.9877870678901672,0.0,-0.0004577934741973877,-0.0004577934741973877,-0.05856664106249809,-0.05856664106249809,-0.09939336776733398,-0.12564420700073242,-0.29777610301971436,0.0,0.04082672670483589,0.04082672670483589,-0.345845490694046,-0.345845490694046,-0.1114213615655899,-1.302523136138916,-0.6285222172737122,0.0,-0.23442412912845612,-0.23442412912845612,0.06288902461528778,0.06288902461528778,0.04916210472583771,-0.6548575162887573,-0.9765198826789856,0.0,0.013726919889450073,0.013726919889450073,-0.18705064058303833,-0.18705064058303833,-0.11112656444311142,-0.09963660687208176,-0.6055362820625305,0.0,-0.07592407613992691,-0.07592407613992691
140,4.666666666666667,4,0,0,,4,uneven rough,5,0.0,55.74398422241211,34.12201690673828,0.1825025975704193,0.24131672084331512,-0.8439184427261353,0.24131672084331512,-0.8439184427261353,1.60077702999115,1.0786092281341553,0.1666666716337204,0.40584874153137207,0.14348188042640686,0.12065836042165756,-0.4219592213630676,0.6917717456817627,-0.10663270950317383,0.7231037616729736,0.3843781054019928,0.0937490314245224,0.04667416587471962,0.48424020409584045,0.48424020409584045,0.4420001208782196,0.4234403073787689,0.8650002479553223,0.0,0.04224008321762085,0.04224008321762085,-0.17061233520507812,-0.17061233520507812,-0.06519532948732376,-1.7846429347991943,-0.6058521866798401,0.0,-0.10541700571775436,-0.10541700571775436,0.3615518808364868,0.3615518808364868,0.21143090724945068,1.967978835105896,-1.0641287565231323,0.0,0.15012097358703613,0.15012097358703613,0.26906466484069824,0.26906466484069824,0.1107541024684906,1.2502671480178833,-1.7032207250595093,0.0,0.15831056237220764,0.15831056237220764,0.0468745157122612,0.0468745157122612,0.06202061474323273,-1.9314773082733154,1.444584608078003,0.0,-0.015146099030971527,-0.015146099030971527,0.02333708293735981,0.02333708293735981,0.03770548477768898,1.551955223083496,-1.1665947437286377,0.0,-0.01436840184032917,-0.01436840184032917
140,4.666666666666667,14,0,0,,4,uneven rough,5,0.0,55.442161560058594,35.50970458984375,0.2222805917263031,0.5428814888000488,0.021812230348587036,0.5428814888000488,0.021812230348587036,1.7018930912017822,0.6067931652069092,0.1666666716337204,0.20385468006134033,0.097272589802742,0.2714407444000244,0.010906115174293518,0.6161008477210999,-0.3440626263618469,0.6765283346176147,0.15022964775562286,0.40620213747024536,-0.4069952666759491,0.4312705993652344,0.4312705993652344,0.44915780425071716,1.3371975421905518,1.5257281064987183,0.0,-0.017887204885482788,-0.017887204885482788,-0.550500214099884,-0.550500214099884,0.05307842046022415,-1.9998767375946045,-0.9898695945739746,0.0,-0.6035786345601082,-0.6035786345601082,0.3382641673088074,0.3382641673088074,0.13787460327148438,0.2500830590724945,-0.04174221307039261,0.0,0.200389564037323,0.200389564037323,0.10516075044870377,0.10516075044870377,0.18967047333717346,-1.8869385719299316,-1.6701825857162476,0.0,-0.0845097228884697,-0.0845097228884697,0.20310106873512268,0.20310106873512268,0.23276583850383759,1.0315181016921997,1.662036418914795,0.0,-0.029664769768714905,-0.029664769768714905,-0.20349763333797455,-0.20349763333797455,-0.06252718716859818,-1.6077452898025513,-0.9885804057121277,0.0,-0.14097044616937637,-0.14097044616937637
140,4.666666666666667,24,0,0,,4,uneven rough,6,0.0,57.501461029052734,36.08414077758789,0.38657626509666443,1.885756254196167,-0.5371931195259094,1.872056007385254,-0.5371931195259094,10.156434059143066,4.191448211669922,0.5,-0.28562313318252563,0.1931690275669098,0.9428781270980835,-0.2685965597629547,0.3778938949108124,0.4333672523498535,0.011684571392834187,-0.45528069138526917,0.5364334583282471,-0.5419167280197144,0.26452571153640747,0.26452571153640747,0.03212457522749901,1.9401681423187256,-0.7140581607818604,0.0,0.23240113630890846,0.23240113630890846,0.21668362617492676,0.21668362617492676,0.266227662563324,-1.9086164236068726,0.6827929019927979,0.0,-0.04954403638839722,-0.04954403638839722,0.005842285696417093,0.005842285696417093,-0.034853529185056686,2.105032444000244,-0.20045241713523865,0.0,0.04069581488147378,0.04069581488147378,-0.3186964690685272,-0.3186964690685272,-0.176456481218338,-1.7399057149887085,-1.009603500366211,0.0,-0.1422399878501892,-0.1422399878501892,0.26821672916412354,0.26821672916412354,0.05696377530694008,0.17573094367980957,-0.7946513891220093,0.0,0.21125295385718346,0.21125295385718346,-0.2709583640098572,-0.2709583640098572,-0.1250094473361969,0.4042922556400299,-0.3194997012615204,0.0,-0.14594891667366028,-0.14594891667366028
141,4.7,4,0,0,,4,uneven rough,5,0.0,55.75917434692383,34.14851760864258,0.19151927530765533,1.1752939224243164,-0.693405270576477,1.1752939224243164,-0.693405270576477,5.607418060302734,5.376123428344727,0.3333333432674408,0.04282420873641968,0.19380605220794678,0.5876469612121582,-0.3467026352882385,0.28801634907722473,0.3312259018421173,0.5337861776351929,0.44465750455856323,-0.23320956528186798,0.4313983917236328,0.2016114443540573,0.2016114443540573,0.3857032358646393,-1.8354202508926392,0.6153414845466614,0.0,-0.18409179151058197,-0.18409179151058197,0.16561295092105865,0.16561295092105865,-0.006385446060448885,2.0001001358032227,-1.272342562675476,0.0,0.17199839698150754,0.17199839698150754,0.26689308881759644,0.26689308881759644,0.2507539391517639,-0.19336287677288055,0.6502302885055542,0.0,0.01613914966583252,0.01613914966583252,0.31126025319099426,0.31126025319099426,0.17996327579021454,2.002229928970337,-0.033313386142253876,0.0,0.13129697740077972,0.13129697740077972,-0.3731352984905243,-0.3731352984905243,0.04329439625144005,-0.5057620406150818,-0.46424686908721924,0.0,-0.41642969474196434,-0.41642969474196434,0.2156991958618164,0.2156991958618164,0.09567555785179138,2.002791404724121,0.3704783022403717,0.0,0.12002363801002502,0.12002363801002502
141,4.7,14,0,0,,4,uneven rough,5,0.0,55.46082305908203,35.53935623168945,0.21644747257232666,0.7481439709663391,-0.43150025606155396,0.7481439709663391,-0.43150025606155396,2.304959774017334,3.1211328506469727,0.3333333432674408,0.23280715942382812,0.14365288615226746,0.37407198548316956,-0.21575012803077698,0.6771976947784424,-0.16458457708358765,0.7825786471366882,0.12155525386333466,0.45891743898391724,-0.21678650379180908,0.47403839230537415,0.47403839230537415,0.49400046467781067,0.7982869744300842,1.4191325902938843,0.0,-0.019962072372436523,-0.019962072372436523,-0.26333531737327576,-0.26333531737327576,0.00035711718373931944,-1.72195303440094,-1.5609294176101685,0.0,-0.2636924345570151,-0.2636924345570151,0.3912893235683441,0.3912893235683441,0.1754412204027176,1.2995336055755615,0.12325631827116013,0.0,0.21584810316562653,0.21584810316562653,0.08508867770433426,0.08508867770433426,0.1250428408384323,-1.8835114240646362,-1.7927367687225342,0.0,-0.03995416313409805,-0.03995416313409805,0.22945871949195862,0.22945871949195862,0.23894329369068146,-0.576532244682312,1.3055402040481567,0.0,-0.00948457419872284,-0.00948457419872284,-0.10839325189590454,-0.10839325189590454,-0.07934470474720001,0.27116289734840393,-1.3386573791503906,0.0,-0.02904854714870453,-0.02904854714870453
141,4.7,24,0,0,,4,uneven rough,6,0.0,57.558963775634766,36.087158203125,0.38734376430511475,1.8502308130264282,-0.9541698098182678,1.8502308130264282,-0.9541698098182678,10.26778793334961,4.680071830749512,0.3333333432674408,-0.4135931432247162,0.09624292701482773,0.9251154065132141,-0.4770849049091339,0.3016919195652008,0.7698426246643066,0.1613844782114029,-0.10544274747371674,0.278178870677948,-0.013141971081495285,0.2111843377351761,0.2111843377351761,0.09446681290864944,1.9950175285339355,0.7866461277008057,0.0,0.11671752482652664,0.11671752482652664,0.3849213123321533,0.3849213123321533,0.32908108830451965,1.9999946355819702,-0.7823945879936218,0.0,0.05584022402763367,0.05584022402763367,0.08069223910570145,0.08069223910570145,0.031824786216020584,1.9992544651031494,1.1030728816986084,0.0,0.04886745288968086,0.04886745288968086,-0.0738099217414856,-0.0738099217414856,-0.14966252446174622,2.0000007152557373,-1.4225176572799683,0.0,0.07585260272026062,0.07585260272026062,0.139089435338974,0.139089435338974,0.1246328353881836,1.814192295074463,-0.24599549174308777,0.0,0.014456599950790405,0.014456599950790405,-0.0065709855407476425,-0.0065709855407476425,-0.059211865067481995,2.0000009536743164,0.08973357081413269,0.0,0.05264087952673435,0.05264087952673435
142,4.733333333333333,4,0,0,,4,uneven rough,5,0.0,55.77388381958008,34.17827224731445,0.19160065054893494,0.8531959056854248,0.17487846314907074,0.8531959056854248,0.17487846314907074,5.466198921203613,5.590755462646484,0.5,-0.07139788568019867,0.09293970465660095,0.4265979528427124,0.08743923157453537,0.3767521381378174,0.43727928400039673,-0.1790318489074707,0.4348592162132263,0.3057568669319153,0.2613612711429596,0.26372650265693665,0.26372650265693665,0.3186999559402466,-1.9992492198944092,-0.7703235745429993,0.0,-0.054973453283309937,-0.054973453283309937,0.21863964200019836,0.21863964200019836,0.05974666029214859,2.0000009536743164,0.5779024362564087,0.0,0.15889298170804977,0.15889298170804977,-0.08951592445373535,-0.08951592445373535,0.18933123350143433,-1.99998939037323,0.17326121032238007,0.0,-0.2788471579551697,-0.2788471579551697,0.3044014573097229,0.3044014573097229,0.24643108248710632,2.0000011920928955,1.1175864934921265,0.0,0.05797037482261658,0.05797037482261658,0.15287843346595764,0.15287843346595764,0.09174394607543945,1.9771486520767212,-0.4877196252346039,0.0,0.06113448739051819,0.06113448739051819,0.1306806355714798,0.1306806355714798,0.1352030634880066,0.5749740600585938,1.2933911085128784,0.0,-0.004522427916526794,-0.004522427916526794
142,4.733333333333333,14,0,0,,4,uneven rough,5,0.0,55.48575210571289,35.56334686279297,0.21553006768226624,0.6426488757133484,-0.05442478507757187,0.6426488757133484,-0.05442478507757187,1.9946990013122559,3.00943922996521,0.5,0.3484668731689453,0.17240405082702637,0.3213244378566742,-0.027212392538785934,0.7485870718955994,0.0036862585693597794,0.7413510084152222,0.4953642785549164,0.4654698967933655,-0.003294437425211072,0.524010956287384,0.524010956287384,0.4841286838054657,0.3386705219745636,1.0681053400039673,0.0,0.039882272481918335,0.039882272481918335,0.0018431292846798897,0.0018431292846798897,0.006790355779230595,0.5831100344657898,-1.6519725322723389,0.0,-0.004947226494550705,-0.004947226494550705,0.3706755042076111,0.3706755042076111,0.22831594944000244,1.598557472229004,0.7883256077766418,0.0,0.14235955476760864,0.14235955476760864,0.3467549979686737,0.3467549979686737,0.15659473836421967,1.3593190908432007,-1.8440608978271484,0.0,0.19016025960445404,0.19016025960445404,0.23273494839668274,0.23273494839668274,0.23866885900497437,-0.6675374507904053,0.24141307175159454,0.0,-0.005933910608291626,-0.005933910608291626,-0.001647218712605536,-0.001647218712605536,-0.020173730328679085,2.0005691051483154,-0.42846211791038513,0.0,0.01852651161607355,0.01852651161607355
142,4.733333333333333,24,0,0,,4,uneven rough,6,0.0,57.614723205566406,36.09889221191406,0.3796083331108093,1.5587873458862305,1.2897175550460815,1.5587873458862305,1.2897175550460815,8.004522323608398,0.0,0.0,-0.30682188272476196,0.2024601399898529,0.7793936729431152,0.6448587775230408,-0.4887947142124176,0.8428155183792114,-0.27038952708244324,0.4587412178516388,0.365004301071167,0.25168687105178833,-0.3421562910079956,-0.3421562910079956,0.05071334168314934,-1.6898733377456665,1.4698615074157715,0.0,-0.39286963269114494,-0.39286963269114494,0.4214077591896057,0.4214077591896057,0.393894761800766,1.8838684558868408,0.7907732725143433,0.0,0.02751299738883972,0.02751299738883972,-0.13519476354122162,-0.13519476354122162,-0.01070944219827652,1.1389243602752686,1.6097755432128906,0.0,-0.1244853213429451,-0.1244853213429451,0.32111886143684387,0.32111886143684387,-0.0784665122628212,1.9980205297470093,0.512580394744873,0.0,0.39958537369966507,0.39958537369966507,0.1825021505355835,0.1825021505355835,0.18862222135066986,0.5236668586730957,0.918838381767273,0.0,-0.006120070815086365,-0.006120070815086365,0.12584343552589417,0.12584343552589417,0.0022473358549177647,1.9598493576049805,1.169802188873291,0.0,0.1235960996709764,0.1235960996709764
143,4.766666666666667,4,0,0,,4,uneven rough,5,0.0,55.79290008544922,34.208702087402344,0.1919371485710144,0.8954181671142578,0.9493385553359985,0.8954181671142578,0.9493385553359985,4.417735576629639,0.0,0.0,-0.016064923256635666,0.10043733566999435,0.4477090835571289,0.47466927766799927,0.7912842631340027,0.2412542700767517,-0.376831978559494,0.695778489112854,0.17065094411373138,0.2504425346851349,0.5538989901542664,0.5538989901542664,0.34373006224632263,0.9911853671073914,-1.4651603698730469,0.0,0.21016892790794373,0.21016892790794373,0.12062713503837585,0.12062713503837585,0.11890130490064621,0.5822435021400452,1.3819595575332642,0.0,0.0017258301377296448,0.0017258301377296448,-0.188415989279747,-0.188415989279747,0.1240631639957428,-0.7651000618934631,-1.0554986000061035,0.0,-0.3124791532754898,-0.3124791532754898,0.48704493045806885,0.48704493045806885,0.30249419808387756,1.8496618270874023,1.6165053844451904,0.0,0.18455073237419128,0.18455073237419128,0.08532547205686569,0.08532547205686569,0.08617360889911652,-0.3831384778022766,0.9059213399887085,0.0,-0.000848136842250824,-0.000848136842250824,0.12522126734256744,0.12522126734256744,0.11343003809452057,-0.2982918918132782,0.8871968388557434,0.0,0.011791229248046875,0.011791229248046875
143,4.766666666666667,14,0,0,,4,uneven rough,5,0.0,55.50941467285156,35.58478927612305,0.22105583548545837,0.6087727546691895,0.4182822108268738,0.6087727546691895,0.4182822108268738,0.7642033100128174,0.9241143465042114,0.3333333432674408,0.27434617280960083,0.21953532099723816,0.3043863773345947,0.2091411054134369,0.3610593378543854,0.4470618665218353,0.5547109246253967,0.6705706119537354,0.3744654953479767,0.00730983167886734,0.2527415454387665,0.2527415454387665,0.4281211495399475,-1.9178274869918823,0.6556815505027771,0.0,-0.17537960410118103,-0.17537960410118103,0.22353093326091766,0.22353093326091766,0.057377494871616364,0.8943212628364563,-0.388252854347229,0.0,0.1661534383893013,0.1661534383893013,0.27735546231269836,0.27735546231269836,0.258611261844635,0.48305031657218933,1.2464321851730347,0.0,0.018744200468063354,0.018744200468063354,0.46939942240715027,0.46939942240715027,0.22721189260482788,1.9413211345672607,-0.032864127308130264,0.0,0.2421875298023224,0.2421875298023224,0.18723274767398834,0.18723274767398834,0.22389136254787445,-1.162570595741272,-0.2725091874599457,0.0,-0.03665861487388611,-0.03665861487388611,0.00365491583943367,0.00365491583943367,-0.0034587178379297256,-0.1637151837348938,0.9449164867401123,0.0,0.007113633677363396,0.007113633677363396
143,4.766666666666667,24,0,0,,4,uneven rough,6,0.0,57.667152404785156,36.11132049560547,0.3753686845302582,1.8421146869659424,0.05864829942584038,1.8421146869659424,0.05864829942584038,9.284865379333496,3.2917582988739014,0.3333333432674408,-0.08494997024536133,0.14491459727287292,0.9210573434829712,0.02932414971292019,-0.0806184783577919,0.401688814163208,-0.34082385897636414,0.07542487978935242,0.38714826107025146,0.11710701882839203,-0.05643293261528015,-0.05643293261528015,-0.016701029613614082,-1.6734110116958618,-0.31665822863578796,0.0,-0.03973190300166607,-0.03973190300166607,0.200844407081604,0.200844407081604,0.3532576858997345,0.16890724003314972,1.4088112115859985,0.0,-0.1524132788181305,-0.1524132788181305,-0.17041192948818207,-0.17041192948818207,-0.0332343690097332,-2.0901434421539307,1.3435554504394531,0.0,-0.13717756047844887,-0.13717756047844887,0.05279741436243057,0.05279741436243057,-0.010555123910307884,1.8654743432998657,1.352450966835022,0.0,0.06335253827273846,0.06335253827273846,0.19357413053512573,0.19357413053512573,0.13663433492183685,-1.0566329956054688,0.6954076886177063,0.0,0.05693979561328888,0.05693979561328888,0.058553509414196014,0.058553509414196014,0.04511239752173424,0.47710853815078735,1.6164963245391846,0.0,0.013441111892461777,0.013441111892461777
144,4.8,4,0,0,,4,uneven rough,5,0.0,55.803192138671875,34.24032974243164,0.191705584526062,1.160520076751709,-0.6167646646499634,1.160520076751709,-0.6167646646499634,4.953112602233887,2.3882648944854736,0.6666666865348816,0.04283972829580307,0.20245254039764404,0.5802600383758545,-0.3083823323249817,0.23740620911121368,0.020833177492022514,0.3687143325805664,0.3557458519935608,-0.100857213139534,-0.11261852830648422,0.16618435084819794,0.16618435084819794,0.3057744801044464,-1.598740577697754,-0.07633808255195618,0.0,-0.13959012925624847,-0.13959012925624847,0.010416588746011257,0.010416588746011257,0.05621268227696419,-1.9395452737808228,0.9297986626625061,0.0,-0.04579609353095293,-0.04579609353095293,0.1843571662902832,0.1843571662902832,0.10392124950885773,-0.3662647008895874,-0.8913067579269409,0.0,0.08043591678142548,0.08043591678142548,0.24902209639549255,0.24902209639549255,0.33547624945640564,-0.4903227984905243,1.7483323812484741,0.0,-0.08645415306091309,-0.08645415306091309,-0.16137154400348663,-0.16137154400348663,0.041876159608364105,-0.7496727705001831,0.17708462476730347,0.0,-0.20324770361185074,-0.20324770361185074,-0.05630926415324211,-0.05630926415324211,0.08582606911659241,-0.8784794211387634,0.21691939234733582,0.0,-0.14213533326983452,-0.14213533326983452
144,4.8,14,0,0,,4,uneven rough,5,0.0,55.53249740600586,35.600887298583984,0.22869041562080383,0.49579423666000366,0.42247557640075684,0.49579423666000366,0.42247557640075684,3.9660911560058594,0.9759804606437683,0.4326651096343994,0.18447372317314148,0.19246917963027954,0.24789711833000183,0.21123778820037842,0.5086271166801453,0.1600949764251709,0.4839516878128052,0.655376672744751,-0.0852920264005661,0.12741313874721527,0.35603898763656616,0.35603898763656616,0.36220425367355347,-1.782443642616272,-0.7993850708007812,0.0,-0.006165266036987305,-0.006165266036987305,0.08004748821258545,0.08004748821258545,0.06477545201778412,0.6005776524543762,0.33691683411598206,0.0,0.01527203619480133,0.01527203619480133,0.2419758439064026,0.2419758439064026,0.2556890547275543,-0.6147410869598389,0.8148147463798523,0.0,-0.013713210821151733,-0.013713210821151733,0.45876365900039673,0.45876365900039673,0.29208484292030334,1.8460575342178345,1.083343744277954,0.0,0.16667881608009338,0.16667881608009338,-0.13646724820137024,-0.13646724820137024,0.16864308714866638,-1.5032970905303955,-0.775751531124115,0.0,-0.3051103353500366,-0.3051103353500366,0.06370656937360764,0.06370656937360764,0.0356954000890255,1.4626327753067017,0.3180941641330719,0.0,0.028011169284582138,0.028011169284582138
144,4.8,24,0,0,,4,uneven rough,6,0.0,57.720436096191406,36.12369918823242,0.3829996883869171,1.8296213150024414,0.11831329762935638,1.8296213150024414,0.11831329762935638,9.113719940185547,8.735099792480469,0.5,0.38185226917266846,0.10811443626880646,0.9148106575012207,0.05915664881467819,-0.21529127657413483,0.237848162651062,-0.07449279725551605,-0.06664372980594635,0.30566683411598206,0.05029583349823952,-0.15070389211177826,-0.15070389211177826,-0.07633966952562332,-1.626435399055481,-1.0837687253952026,0.0,-0.07436422258615494,-0.07436422258615494,0.118924081325531,0.118924081325531,0.3431941270828247,0.6605201363563538,0.7077673077583313,0.0,-0.2242700457572937,-0.2242700457572937,-0.037246398627758026,-0.037246398627758026,-0.05009298026561737,1.3733826875686646,-0.5978640913963318,0.0,0.012846581637859344,0.012846581637859344,-0.046650610864162445,-0.046650610864162445,0.00782772433012724,-0.7587882876396179,1.6425153017044067,0.0,-0.054478335194289684,-0.054478335194289684,0.15283341705799103,0.15283341705799103,0.107364222407341,0.6141366362571716,-0.2951992452144623,0.0,0.045469194650650024,0.045469194650650024,0.02514791674911976,0.02514791674911976,0.04469875991344452,-0.37510913610458374,0.9722844362258911,0.0,-0.01955084316432476,-0.01955084316432476
145,4.833333333333333,4,0,0,,4,uneven rough,5,0.0,55.81081008911133,34.276283264160156,0.19240522384643555,0.8252108693122864,0.09541960805654526,0.8252108693122864,0.09541960805654526,3.7704830169677734,0.8690614104270935,0.3333333432674408,0.13539442420005798,0.11444588750600815,0.4126054346561432,0.04770980402827263,0.6552454233169556,-0.05244194716215134,0.4744148552417755,0.050667375326156616,-0.12737609446048737,-0.10679806023836136,0.45867177844047546,0.45867177844047546,0.35267212986946106,1.5424367189407349,-0.9371072053909302,0.0,0.1059996485710144,0.1059996485710144,-0.0839071199297905,-0.0839071199297905,-0.007418942637741566,-1.8501322269439697,-0.692533552646637,0.0,-0.07648817729204893,-0.07648817729204893,0.23720742762088776,0.23720742762088776,0.09895554929971695,-0.13791336119174957,-0.5944470167160034,0.0,0.1382518783211708,0.1382518783211708,0.03546716272830963,0.03546716272830963,0.26766228675842285,-1.7597897052764893,0.48259273171424866,0.0,-0.23219512403011322,-0.23219512403011322,-0.20380175113677979,-0.20380175113677979,0.008863324299454689,-0.7581421732902527,-0.3469056785106659,0.0,-0.21266507543623447,-0.21266507543623447,-0.05339903011918068,-0.05339903011918068,0.04265936091542244,-1.7603108882904053,-0.4024210572242737,0.0,-0.09605839103460312,-0.09605839103460312
145,4.833333333333333,14,0,0,,4,uneven rough,5,0.0,55.55940246582031,35.618255615234375,0.23581457138061523,0.5698118209838867,-0.0625506192445755,0.5698118209838867,-0.0625506192445755,4.718141078948975,0.7186915278434753,0.1666666716337204,0.1286536157131195,0.26654741168022156,0.28490591049194336,-0.03127530962228775,0.15727275609970093,0.4275721311569214,0.7189615368843079,0.5598978996276855,-0.3325498402118683,0.11235041171312332,0.11009092628955841,0.11009092628955841,0.29951798915863037,-1.7996615171432495,-1.355208158493042,0.0,-0.18942706286907196,-0.18942706286907196,0.2137860655784607,0.2137860655784607,0.1294577419757843,2.0000107288360596,0.48599115014076233,0.0,0.08432832360267639,0.08432832360267639,0.35948076844215393,0.35948076844215393,0.30941447615623474,1.5892488956451416,0.006541323382407427,0.0,0.05006629228591919,0.05006629228591919,0.3919285237789154,0.3919285237789154,0.35912659764289856,1.9140918254852295,1.5145834684371948,0.0,0.032801926136016846,0.032801926136016846,-0.5320797562599182,-0.5320797562599182,0.17655007541179657,0.56316077709198,-1.1871070861816406,0.0,-0.7086298316717148,-0.7086298316717148,0.05617520585656166,0.05617520585656166,0.08310306072235107,1.866592288017273,0.9652183651924133,0.0,-0.026927854865789413,-0.026927854865789413
145,4.833333333333333,24,0,0,,4,uneven rough,6,0.0,57.77519226074219,36.13275146484375,0.3853115141391754,1.859389066696167,0.7242725491523743,1.859389066696167,0.7242725491523743,9.47950553894043,7.076139450073242,0.5,-0.008947770111262798,0.1395602822303772,0.9296945333480835,0.36213627457618713,0.3246549069881439,0.11567109078168869,-0.24657508730888367,-0.22332948446273804,0.543267011642456,-0.2370174527168274,0.22725842893123627,0.22725842893123627,-0.03347667306661606,2.008697986602783,-1.390593409538269,0.0,0.2607351019978523,0.2607351019978523,0.057835545390844345,0.057835545390844345,0.31117406487464905,-1.185728907585144,0.681053638458252,0.0,-0.2533385194838047,-0.2533385194838047,-0.12328754365444183,-0.12328754365444183,-0.09659398347139359,-2.000123977661133,0.5166823863983154,0.0,-0.02669356018304825,-0.02669356018304825,-0.1563306301832199,-0.1563306301832199,-0.05965198576450348,-1.9310425519943237,0.2848139703273773,0.0,-0.09667864441871643,-0.09667864441871643,0.271633505821228,0.271633505821228,0.15654152631759644,1.5941380262374878,0.2189408838748932,0.0,0.11509197950363159,0.11509197950363159,-0.1185087263584137,-0.1185087263584137,-0.011230836622416973,-1.4506785869598389,0.2104656845331192,0.0,-0.10727788973599672,-0.10727788973599672
146,4.866666666666666,4,0,0,,4,uneven rough,5,0.0,55.81389236450195,34.31653594970703,0.19268834590911865,1.3546311855316162,-0.7151007056236267,1.3546311855316162,-0.7151007056236267,1.8291656970977783,1.1288745403289795,0.3333333432674408,0.051712773740291595,0.11695893853902817,0.6773155927658081,-0.35755035281181335,0.23182956874370575,0.04106597602367401,0.6919627785682678,0.22675557434558868,0.17100954055786133,-0.11100809276103973,0.16228069365024567,0.16228069365024567,0.3231777548789978,-1.7517521381378174,0.4648313820362091,0.0,-0.16089706122875214,-0.16089706122875214,0.020532988011837006,0.020532988011837006,0.019435564056038857,0.3238911032676697,-1.3470419645309448,0.0,0.0010974239557981491,0.0010974239557981491,0.3459813892841339,0.3459813892841339,0.1326492875814438,1.3726310729980469,-0.3363220691680908,0.0,0.21333210170269012,0.21333210170269012,0.15872889757156372,0.15872889757156372,0.21258077025413513,-1.9807474613189697,-0.7852542996406555,0.0,-0.05385187268257141,-0.05385187268257141,0.08550477027893066,0.08550477027893066,0.08104521036148071,1.2625373601913452,-0.5794195532798767,0.0,0.004459559917449951,0.004459559917449951,-0.05550404638051987,-0.05550404638051987,6.146865052869543e-05,-1.5671590566635132,-1.1701743602752686,0.0,-0.05556551503104856,-0.05556551503104856
146,4.866666666666666,14,0,0,,4,uneven rough,5,0.0,55.574302673339844,35.64546585083008,0.24328139424324036,0.7545265555381775,0.6462824940681458,0.7545265555381775,0.6462824940681458,7.450919151306152,3.832439422607422,0.5,0.20358863472938538,0.21030454337596893,0.37726327776908875,0.3231412470340729,0.25061893463134766,0.6381286382675171,0.0013881651684641838,0.4765859544277191,0.17919956147670746,-0.08034384995698929,0.17543324828147888,0.17543324828147888,0.23563152551651,-1.8415749073028564,-1.606502890586853,0.0,-0.06019827723503113,-0.06019827723503113,0.31906431913375854,0.31906431913375854,0.19316498935222626,1.9954828023910522,1.3420205116271973,0.0,0.1258993297815323,0.1258993297815323,0.0006940825842320919,0.0006940825842320919,0.2412138283252716,-2.002690315246582,0.90140700340271,0.0,-0.24051974574103951,-0.24051974574103951,0.3336101770401001,0.3336101770401001,0.3868589699268341,-0.5857870578765869,1.7404662370681763,0.0,-0.05324879288673401,-0.05324879288673401,0.08959978073835373,0.08959978073835373,0.12190256267786026,-0.8741059899330139,-0.1975025087594986,0.0,-0.03230278193950653,-0.03230278193950653,-0.040171924978494644,-0.040171924978494644,0.0401202030479908,-1.7368019819259644,1.4748568534851074,0.0,-0.08029212802648544,-0.08029212802648544
146,4.866666666666666,24,0,0,,4,uneven rough,6,0.0,57.8282356262207,36.139427185058594,0.3907862603664398,1.772281289100647,-1.0260320901870728,1.772281289100647,-1.0260320901870728,9.46371078491211,2.8019778728485107,0.3333333432674408,0.33034011721611023,0.09381058812141418,0.8861406445503235,-0.5130160450935364,0.17623445391654968,0.5481038093566895,0.04067922383546829,-0.4183741807937622,0.1609582155942917,-0.4346865713596344,0.12336411327123642,0.12336411327123642,0.03480052947998047,1.9922341108322144,0.5313720703125,0.0,0.08856358379125595,0.08856358379125595,0.2740519046783447,0.2740519046783447,0.2601160705089569,-0.33908069133758545,-0.37442857027053833,0.0,0.013935834169387817,0.013935834169387817,0.020339611917734146,0.020339611917734146,-0.045700959861278534,1.9999920129776,-0.9063244462013245,0.0,0.06604057177901268,0.06604057177901268,-0.2928619086742401,-0.2928619086742401,-0.12197563797235489,-1.9241479635238647,-0.9680352807044983,0.0,-0.17088627070188522,-0.17088627070188522,0.08047910779714584,0.08047910779714584,0.1062467023730278,-1.4794011116027832,0.9964798092842102,0.0,-0.025767594575881958,-0.025767594575881958,-0.2173432856798172,-0.2173432856798172,-0.05471548065543175,-1.595974087715149,-0.7287482619285583,0.0,-0.16262780502438545,-0.16262780502438545
147,4.9,4,0,0,,4,uneven rough,5,0.0,55.8172721862793,34.3519401550293,0.1941833794116974,1.4153656959533691,-0.08843639492988586,1.4153656959533691,-0.08843639492988586,3.811650037765503,2.3176321983337402,0.3333333432674408,0.019449274986982346,0.2304568737745285,0.7076828479766846,-0.04421819746494293,0.8768414258956909,-0.12751121819019318,0.33311381936073303,0.13550922274589539,-0.006761407013982534,-0.1357438564300537,0.6137889623641968,0.6137889623641968,0.34356510639190674,1.7399789094924927,-0.7884289026260376,0.0,0.27022385597229004,0.27022385597229004,-0.20401795208454132,-0.20401795208454132,-0.04524098336696625,-1.9234256744384766,-0.4022934138774872,0.0,-0.15877696871757507,-0.15877696871757507,0.16655690968036652,0.16655690968036652,0.12185509502887726,0.3690112233161926,0.6299231052398682,0.0,0.04470181465148926,0.04470181465148926,0.09485645592212677,0.09485645592212677,0.14072363078594208,-1.9928191900253296,-1.4611883163452148,0.0,-0.04586717486381531,-0.04586717486381531,-0.01081825140863657,-0.01081825140863657,0.02757382206618786,-1.6948918104171753,0.4620261788368225,0.0,-0.03839207347482443,-0.03839207347482443,-0.06787192821502686,-0.06787192821502686,-0.036260101944208145,-0.5820321440696716,-1.3946301937103271,0.0,-0.03161182627081871,-0.03161182627081871
147,4.9,14,0,0,,4,uneven rough,5,0.0,55.589210510253906,35.67369842529297,0.23890723288059235,0.5414723753929138,0.44004878401756287,0.5414723753929138,0.44004878401756287,3.680023670196533,1.3424338102340698,0.3333333432674408,0.18661294877529144,0.18615490198135376,0.2707361876964569,0.22002439200878143,0.5892283916473389,0.048080332577228546,0.3698233962059021,0.2144414633512497,-0.10537416487932205,-0.27028319239616394,0.4124598801136017,0.4124598801136017,0.28149092197418213,1.999194860458374,-1.7394130229949951,0.0,0.13096895813941956,0.13096895813941956,0.024040166288614273,0.024040166288614273,0.13969309628009796,-1.8763402700424194,1.7114893198013306,0.0,-0.11565292999148369,-0.11565292999148369,0.18491169810295105,0.18491169810295105,0.1722535640001297,-1.568261742591858,-0.740574836730957,0.0,0.01265813410282135,0.01265813410282135,0.15010902285575867,0.15010902285575867,0.3189968466758728,-1.8895049095153809,0.4251984655857086,0.0,-0.16888782382011414,-0.16888782382011414,-0.16859866678714752,-0.16859866678714752,0.05998947471380234,-0.8571714758872986,-0.5800553560256958,0.0,-0.22858814150094986,-0.22858814150094986,-0.13514159619808197,-0.13514159619808197,-0.010630620643496513,-1.0681341886520386,-0.341020792722702,0.0,-0.12451097555458546,-0.12451097555458546
147,4.9,24,0,0,,4,uneven rough,6,0.0,57.88486099243164,36.15447235107422,0.39252710342407227,1.6675012111663818,-0.45523086190223694,1.6675012111663818,-0.45523086190223694,9.657394409179688,0.7013068199157715,0.1666666716337204,0.4355599880218506,0.06855367124080658,0.8337506055831909,-0.22761543095111847,-0.15997478365898132,0.5962674617767334,0.23186589777469635,-0.2220148742198944,0.24191230535507202,-0.5069455504417419,-0.11198234558105469,-0.11198234558105469,-0.009750207886099815,-1.7873458862304688,1.3573460578918457,0.0,-0.10223213769495487,-0.10223213769495487,0.2981337308883667,0.2981337308883667,0.3021206259727478,0.7366265058517456,-0.3544428050518036,0.0,-0.0039868950843811035,-0.0039868950843811035,0.11593294888734818,0.11593294888734818,0.02326185256242752,1.8612374067306519,0.7369120717048645,0.0,0.09267109632492065,0.09267109632492065,-0.15541040897369385,-0.15541040897369385,-0.12744130194187164,-0.4101871848106384,-1.5086231231689453,0.0,-0.027969107031822205,-0.027969107031822205,0.12095615267753601,0.12095615267753601,0.11650289595127106,-0.736193835735321,-0.4033876955509186,0.0,0.004453256726264954,0.004453256726264954,-0.25347277522087097,-0.25347277522087097,-0.11039760708808899,-1.429710030555725,-1.2190792560577393,0.0,-0.14307516813278198,-0.14307516813278198
148,4.933333333333334,4,0,0,,4,uneven rough,5,0.0,55.83502197265625,34.382850646972656,0.19470664858818054,1.1190755367279053,-1.2742936611175537,1.1190755367279053,-1.2742936611175537,2.2429122924804688,0.777915894985199,0.3333333432674408,0.08904074132442474,0.07276394963264465,0.5595377683639526,-0.6371468305587769,0.4881522059440613,-0.011979636736214161,0.7638116478919983,0.3255312144756317,0.03755854442715645,0.07543071359395981,0.3417065441608429,0.3417065441608429,0.3285011649131775,-0.4440927803516388,0.641137421131134,0.0,0.013205379247665405,0.013205379247665405,-0.019167419523000717,-0.019167419523000717,-0.03515864163637161,0.6079928278923035,-1.2623443603515625,0.0,0.015991222113370895,0.015991222113370895,0.38190582394599915,0.38190582394599915,0.17538146674633026,1.2731393575668335,0.48240306973457336,0.0,0.20652435719966888,0.20652435719966888,0.2278718501329422,0.2278718501329422,0.1837160438299179,1.9609037637710571,-1.7617733478546143,0.0,0.04415580630302429,0.04415580630302429,0.018779272213578224,0.018779272213578224,0.03704451397061348,-0.31739184260368347,-0.757499098777771,0.0,-0.018265241757035255,-0.018265241757035255,0.037715356796979904,0.037715356796979904,0.0240041334182024,1.7521319389343262,-0.9351857900619507,0.0,0.013711223378777504,0.013711223378777504
148,4.933333333333334,14,0,0,,4,uneven rough,5,0.0,55.604427337646484,35.704715728759766,0.23632963001728058,1.1823352575302124,-0.42951875925064087,1.1823352575302124,-0.42951875925064087,1.4250373840332031,2.871479034423828,0.3333333432674408,0.07876776903867722,0.15278926491737366,0.5911676287651062,-0.21475937962532043,-0.018411176279187202,0.3079477548599243,0.6885794401168823,0.19974763691425323,0.14041048288345337,-0.06582029163837433,-0.012887823395431042,-0.012887823395431042,0.2695996165275574,-1.3810604810714722,0.37440255284309387,0.0,-0.2824874399229884,-0.2824874399229884,0.15397387742996216,0.15397387742996216,0.13262546062469482,0.03118656948208809,-0.3170759677886963,0.0,0.021348416805267334,0.021348416805267334,0.34428972005844116,0.34428972005844116,0.21140031516551971,1.0697455406188965,-1.2085504531860352,0.0,0.13288940489292145,0.13288940489292145,0.13982334733009338,0.13982334733009338,0.26792463660240173,-1.7098637819290161,-0.8835389614105225,0.0,-0.12810128927230835,-0.12810128927230835,0.07020524144172668,0.07020524144172668,0.10484611243009567,0.49960610270500183,-0.7367373108863831,0.0,-0.03464087098836899,-0.03464087098836899,-0.032910145819187164,-0.032910145819187164,0.01111817080527544,0.6157901883125305,-0.752131998538971,0.0,-0.044028316624462605,-0.044028316624462605
148,4.933333333333334,24,0,0,,4,uneven rough,6,0.0,57.94232177734375,36.16116714477539,0.3930594027042389,1.8558075428009033,0.3953515589237213,1.8558075428009033,0.3953515589237213,10.216170310974121,3.8295083045959473,0.5,0.37526214122772217,0.1717698574066162,0.9279037714004517,0.19767577946186066,0.4076486825942993,0.5247009992599487,-0.12484626471996307,-0.15754787623882294,0.31421130895614624,-0.36020809412002563,0.2853540778160095,0.2853540778160095,0.016481779515743256,1.1444522142410278,-0.42066842317581177,0.0,0.26887229830026627,0.26887229830026627,0.26235049962997437,0.26235049962997437,0.3156798183917999,0.100441113114357,0.2624497413635254,0.0,-0.05332931876182556,-0.05332931876182556,-0.06242313235998154,-0.06242313235998154,-0.0018121546600013971,-1.6104437112808228,1.3726075887680054,0.0,-0.06061097769998014,-0.06061097769998014,-0.1102835088968277,-0.1102835088968277,-0.14259932935237885,0.6203818321228027,-0.8875654339790344,0.0,0.03231582045555115,0.03231582045555115,0.15710565447807312,0.15710565447807312,0.10334541648626328,0.2103501558303833,-0.5915569067001343,0.0,0.053760237991809845,0.053760237991809845,-0.18010404706001282,-0.18010404706001282,-0.15391983091831207,-0.4042133688926697,-1.3381702899932861,0.0,-0.026184216141700745,-0.026184216141700745
149,4.966666666666667,4,0,0,,4,uneven rough,5,0.0,55.848358154296875,34.41721725463867,0.1867222934961319,0.6585131287574768,-0.28296491503715515,0.6585131287574768,-0.28296491503715515,2.494422435760498,3.3333334922790527,0.1666666716337204,0.4539458155632019,0.1002080887556076,0.3292565643787384,-0.14148245751857758,0.13609850406646729,0.5167377591133118,0.15802600979804993,0.5036603212356567,0.3755688965320587,0.11635998636484146,0.09526894986629486,0.09526894986629486,0.2665662169456482,-1.8036607503890991,0.027546316385269165,0.0,-0.17129726707935333,-0.17129726707935333,0.2583688795566559,0.2583688795566559,0.03052757866680622,2.005695343017578,-0.20485235750675201,0.0,0.22784130088984966,0.22784130088984966,0.07901300489902496,0.07901300489902496,0.1210605576634407,-2.00449800491333,0.9294868111610413,0.0,-0.04204755276441574,-0.04204755276441574,0.35256221890449524,0.35256221890449524,0.25268280506134033,2.005866050720215,0.343034952878952,0.0,0.09987941384315491,0.09987941384315491,0.18778444826602936,0.18778444826602936,0.09629747271537781,1.3670810461044312,-0.508661687374115,0.0,0.09148697555065155,0.09148697555065155,0.05817999318242073,0.05817999318242073,0.039374012500047684,-0.742798388004303,0.5842284560203552,0.0,0.018805980682373047,0.018805980682373047
149,4.966666666666667,14,0,0,,4,uneven rough,5,0.0,55.61775207519531,35.73860168457031,0.22575712203979492,1.3128833770751953,-0.3562740981578827,1.3128833770751953,-0.3562740981578827,3.1262874603271484,6.467554092407227,0.3333333432674408,0.12492254376411438,0.1676410436630249,0.6564416885375977,-0.17813704907894135,0.8394395112991333,0.13996213674545288,0.3254096806049347,-0.15093761682510376,0.29154905676841736,-0.29138240218162537,0.5876076221466064,0.5876076221466064,0.3115999698638916,1.9373469352722168,-0.618139386177063,0.0,0.27600765228271484,0.27600765228271484,0.06998106837272644,0.06998106837272644,0.08684947341680527,-1.2323243618011475,-0.12016770988702774,0.0,-0.016868405044078827,-0.016868405044078827,0.16270484030246735,0.16270484030246735,0.15717872977256775,-1.28323233127594,0.0796021819114685,0.0,0.005526110529899597,0.005526110529899597,-0.10565633326768875,-0.10565633326768875,0.20247043669223785,-1.6841754913330078,-1.3507444858551025,0.0,-0.3081267699599266,-0.3081267699599266,0.14577452838420868,0.14577452838420868,0.12534567713737488,1.8945658206939697,-0.03770652040839195,0.0,0.0204288512468338,0.0204288512468338,-0.14569120109081268,-0.14569120109081268,-0.044046081602573395,-1.841450810432434,0.02129366621375084,0.0,-0.10164511948823929,-0.10164511948823929
149,4.966666666666667,24,0,0,,4,uneven rough,6,0.0,57.999752044677734,36.170433044433594,0.3949452042579651,1.7445249557495117,-0.24159766733646393,1.7445249557495117,-0.24159766733646393,8.445005416870117,4.366180419921875,0.5,0.31998175382614136,0.09693749248981476,0.8722624778747559,-0.12079883366823196,-0.239637091755867,0.6638084650039673,-0.398436576128006,-0.08462774753570557,0.1281074434518814,0.30562976002693176,-0.16774596273899078,-0.16774596273899078,-0.03904297202825546,-1.4958049058914185,0.46425360441207886,0.0,-0.12870299071073532,-0.12870299071073532,0.33190423250198364,0.33190423250198364,0.31459054350852966,-0.0890323594212532,0.1708497703075409,0.0,0.01731368899345398,0.01731368899345398,-0.199218288064003,-0.199218288064003,-0.03014157898724079,-0.893782377243042,-0.3140149414539337,0.0,-0.1690767090767622,-0.1690767090767622,-0.05923942103981972,-0.05923942103981972,-0.07322724163532257,1.2416495084762573,-0.03496934846043587,0.0,0.013987820595502853,0.013987820595502853,0.0640537217259407,0.0640537217259407,0.09982424229383469,0.20467495918273926,-0.13815723359584808,0.0,-0.03577052056789398,-0.03577052056789398,0.15281488001346588,0.15281488001346588,-0.11603812873363495,-1.2117698192596436,-0.8101093769073486,0.0,0.26885300874710083,0.26885300874710083
150,5.0,4,0,0,,4,uneven rough,5,0.0,55.87162780761719,34.45121765136719,0.18771371245384216,1.0687074661254883,0.8247249126434326,1.0687074661254883,0.8247249126434326,6.693490505218506,6.155684471130371,0.5,0.5116801261901855,0.1029183492064476,0.5343537330627441,0.4123624563217163,0.5537519454956055,0.21032509207725525,0.2178705632686615,0.736788272857666,0.3052372634410858,0.3736254870891571,0.3876263499259949,0.3876263499259949,0.3034312129020691,1.9360620975494385,-1.0078214406967163,0.0,0.08419513702392578,0.08419513702392578,0.10516254603862762,0.10516254603862762,0.09798253327608109,1.9554827213287354,1.0449953079223633,0.0,0.007180012762546539,0.007180012762546539,0.10893528163433075,0.10893528163433075,0.10384084284305573,-1.0874559879302979,-0.7293934226036072,0.0,0.005094438791275024,0.005094438791275024,0.5157517790794373,0.5157517790794373,0.2693937420845032,0.41630303859710693,1.2832026481628418,0.0,0.24635803699493408,0.24635803699493408,0.1526186317205429,0.1526186317205429,0.1350308358669281,-0.06098485738039017,0.5518866181373596,0.0,0.017587795853614807,0.017587795853614807,0.18681274354457855,0.18681274354457855,0.05545438081026077,-0.5680537223815918,-0.16607490181922913,0.0,0.13135836273431778,0.13135836273431778
150,5.0,14,0,0,,4,uneven rough,5,0.0,55.64483642578125,35.76911544799805,0.21691057085990906,0.19762003421783447,-0.13557647168636322,0.19762003421783447,-0.13557647168636322,1.6056855916976929,1.9204587936401367,0.1666666716337204,-0.05426067113876343,0.10602869838476181,0.09881001710891724,-0.06778823584318161,0.7313642501831055,0.21201087534427643,0.7229989767074585,0.3109254837036133,0.16269026696681976,-0.18197223544120789,0.5119549632072449,0.5119549632072449,0.37550291419029236,1.7258203029632568,0.8267371654510498,0.0,0.13645204901695251,0.13645204901695251,0.10600543767213821,0.10600543767213821,0.06468156725168228,0.3026742935180664,-0.7489830851554871,0.0,0.04132387042045593,0.04132387042045593,0.36149948835372925,0.36149948835372925,0.17184969782829285,0.51766037940979,-0.6909468770027161,0.0,0.1896497905254364,0.1896497905254364,0.21764783561229706,0.21764783561229706,0.2019977867603302,1.2246612310409546,-1.5392669439315796,0.0,0.015650048851966858,0.015650048851966858,0.08134513348340988,0.08134513348340988,0.13718242943286896,-0.898162841796875,1.054803729057312,0.0,-0.055837295949459076,-0.055837295949459076,-0.09098611772060394,-0.09098611772060394,-0.06760217249393463,0.3829953372478485,-1.0319054126739502,0.0,-0.02338394522666931,-0.02338394522666931
150,5.0,24,0,0,,4,uneven rough,6,0.0,58.0572395324707,36.171775817871094,0.3943856358528137,1.8673890829086304,0.29707518219947815,1.8673890829086304,0.29707518219947815,8.87117862701416,4.615699291229248,0.6666666865348816,0.19304101169109344,0.08250170201063156,0.9336945414543152,0.14853759109973907,0.0957588255405426,0.5667970180511475,-0.18080158531665802,-0.045245371758937836,0.3867729902267456,0.22590835392475128,0.06703117489814758,0.06703117489814758,0.005486578214913607,1.8890151977539062,-0.6439669728279114,0.0,0.061544596683233976,0.061544596683233976,0.28339850902557373,0.28339850902557373,0.2927030622959137,-1.8793110847473145,0.02391194738447666,0.0,-0.009304553270339966,-0.009304553270339966,-0.09040079265832901,-0.09040079265832901,-0.039150796830654144,-0.5026424527168274,-0.6418164968490601,0.0,-0.051249995827674866,-0.051249995827674866,-0.031671758741140366,-0.031671758741140366,-0.06873287260532379,0.5756769776344299,0.6868332624435425,0.0,0.037061113864183426,0.037061113864183426,0.1933864951133728,0.1933864951133728,0.1574205607175827,1.8821805715560913,0.05568069964647293,0.0,0.0359659343957901,0.0359659343957901,0.11295417696237564,0.11295417696237564,-0.10052268952131271,0.15948417782783508,-1.037208914756775,0.0,0.21347686648368835,0.21347686648368835
151,5.033333333333333,4,0,0,,4,uneven rough,5,0.0,55.889095306396484,34.48663330078125,0.18929354846477509,0.9314084053039551,0.26348525285720825,0.9314084053039551,0.26348525285720825,4.595247268676758,4.3882598876953125,0.3333333432674408,0.44675129652023315,0.1092827171087265,0.46570420265197754,0.13174262642860413,-0.014416991733014584,-0.08005864173173904,0.6610215306282043,0.5166117548942566,0.3137308657169342,0.15290412306785583,-0.010091894306242466,-0.010091894306242466,0.25925201177597046,-1.7535524368286133,0.6566555500030518,0.0,-0.2693439060822129,-0.2693439060822129,-0.12809382379055023,-0.12809382379055023,0.09404058009386063,1.4934300184249878,1.5597865581512451,0.0,-0.22213440388441086,-0.22213440388441086,0.3305107653141022,0.3305107653141022,0.14524444937705994,1.7812343835830688,-0.9318426251411438,0.0,0.18526631593704224,0.18526631593704224,0.3616282343864441,0.3616282343864441,0.3315517008304596,1.5870054960250854,0.793056070804596,0.0,0.030076533555984497,0.030076533555984497,0.1568654328584671,0.1568654328584671,0.1057012602686882,0.9661328196525574,0.20536799728870392,0.0,0.0511641725897789,0.0511641725897789,0.07645206153392792,0.07645206153392792,0.05961718037724495,0.06328263878822327,-0.3933544456958771,0.0,0.016834881156682968,0.016834881156682968
151,5.033333333333333,14,0,0,,4,uneven rough,5,0.0,55.673336029052734,35.80259704589844,0.21209277212619781,0.3942564129829407,-0.3664415776729584,0.3942564129829407,-0.3664415776729584,0.9639949798583984,3.3545961380004883,0.3333333432674408,-0.28201958537101746,0.19891878962516785,0.19712820649147034,-0.1832207888364792,-0.017916901037096977,0.5710326433181763,0.4836631119251251,0.5280678868293762,0.5087959170341492,-0.3808555603027344,-0.01254183053970337,-0.01254183053970337,0.3407500982284546,-1.3338565826416016,1.3350803852081299,0.0,-0.35329192876815796,-0.35329192876815796,0.28551632165908813,0.28551632165908813,0.1315244734287262,1.1911108493804932,-0.1543741226196289,0.0,0.15399184823036194,0.15399184823036194,0.24183155596256256,0.24183155596256256,0.20284584164619446,1.0262666940689087,-0.007598159834742546,0.0,0.0389857143163681,0.0389857143163681,0.3696475028991699,0.3696475028991699,0.275727242231369,1.600538730621338,0.023462997749447823,0.0,0.0939202606678009,0.0939202606678009,0.2543979585170746,0.2543979585170746,0.20338143408298492,1.9629888534545898,-0.049407076090574265,0.0,0.05101652443408966,0.05101652443408966,-0.1904277801513672,-0.1904277801513672,-0.10580538213253021,-2.0752296447753906,-0.23191799223423004,0.0,-0.08462239801883698,-0.08462239801883698
151,5.033333333333333,24,0,0,,4,uneven rough,6,0.0,58.111629486083984,36.17409133911133,0.3892982006072998,1.6274105310440063,-0.6870445013046265,1.6274105310440063,-0.6870445013046265,7.606130123138428,7.105464935302734,0.5,-0.0418778657913208,0.10135161131620407,0.8137052655220032,-0.34352225065231323,-0.1732180267572403,0.37231796979904175,-0.08834345638751984,0.011853095144033432,0.5922683477401733,0.24621646106243134,-0.1212526187300682,-0.1212526187300682,-0.04186561703681946,-1.9970957040786743,0.7881856560707092,0.0,-0.07938700169324875,-0.07938700169324875,0.18615898489952087,0.18615898489952087,0.22665315866470337,-2.0000011920928955,-1.0521737337112427,0.0,-0.040494173765182495,-0.040494173765182495,-0.04417172819375992,-0.04417172819375992,-0.046797797083854675,-0.3274734318256378,-0.5631272196769714,0.0,0.002626068890094757,0.002626068890094757,0.008297166787087917,0.008297166787087917,-0.0023122350685298443,1.8327069282531738,0.6239852905273438,0.0,0.010609401855617762,0.010609401855617762,0.29613417387008667,0.29613417387008667,0.21891550719738007,1.999916672706604,1.0883870124816895,0.0,0.0772186666727066,0.0772186666727066,0.12310823053121567,0.12310823053121567,-0.045973069965839386,1.108622431755066,-0.3605964779853821,0.0,0.16908130049705505,0.16908130049705505
152,5.066666666666666,4,0,0,,4,uneven rough,5,0.0,55.90428161621094,34.52894973754883,0.1884775459766388,0.9651741981506348,0.6345774531364441,0.9651741981506348,0.6345774531364441,4.725905895233154,3.6325442790985107,0.3333333432674408,0.15482959151268005,0.03350507467985153,0.4825870990753174,0.31728872656822205,0.5333424210548401,-0.0024535085540264845,0.3070284426212311,0.4220595955848694,0.2883991599082947,0.1566975861787796,0.3733396828174591,0.3733396828174591,0.3144276738166809,1.5980387926101685,-0.7060803771018982,0.0,0.0589120090007782,0.0589120090007782,-0.003925613593310118,-0.003925613593310118,0.06296972185373306,-1.1445633172988892,1.522268533706665,0.0,-0.06689533544704318,-0.06689533544704318,0.15351422131061554,0.15351422131061554,0.16461265087127686,-0.5578504800796509,0.602135956287384,0.0,-0.011098429560661316,-0.011098429560661316,0.29544171690940857,0.29544171690940857,0.28045782446861267,-0.8148715496063232,1.2419564723968506,0.0,0.014983892440795898,0.014983892440795898,0.14419957995414734,0.14419957995414734,0.08572961390018463,-0.6117686033248901,0.6355057954788208,0.0,0.05846996605396271,0.05846996605396271,0.0783487930893898,0.0783487930893898,0.07263688743114471,-0.0334354043006897,-0.13517102599143982,0.0,0.005711905658245087,0.005711905658245087
152,5.066666666666666,14,0,0,,4,uneven rough,5,0.0,55.7064208984375,35.83059310913086,0.2065502405166626,1.0129492282867432,0.5772209167480469,1.0129492282867432,0.5772209167480469,4.1808881759643555,3.137559413909912,0.5,-0.20675168931484222,0.19930720329284668,0.5064746141433716,0.28861045837402344,0.7851063013076782,0.050091832876205444,0.1638101488351822,0.5544983148574829,0.300362229347229,-0.02988266944885254,0.5495743751525879,0.5495743751525879,0.3662363588809967,1.2862181663513184,-0.17394134402275085,0.0,0.1833380162715912,0.1833380162715912,0.025045916438102722,0.025045916438102722,0.06482458859682083,-1.9997552633285522,0.6063655018806458,0.0,-0.03977867215871811,-0.03977867215871811,0.0819050744175911,0.0819050744175911,0.1479073166847229,-2.0005340576171875,0.5769509077072144,0.0,-0.0660022422671318,-0.0660022422671318,0.38814881443977356,0.38814881443977356,0.3207548260688782,1.9128674268722534,0.9151444435119629,0.0,0.06739398837089539,0.06739398837089539,0.1501811146736145,0.1501811146736145,0.14411896467208862,-1.5524705648422241,1.0884051322937012,0.0,0.006062150001525879,0.006062150001525879,-0.01494133472442627,-0.01494133472442627,-0.09825167804956436,1.9619697332382202,-1.2741297483444214,0.0,0.08331034332513809,0.08331034332513809
152,5.066666666666666,24,0,0,,4,uneven rough,6,0.0,58.165260314941406,36.179718017578125,0.3841952383518219,1.437720775604248,0.12981601059436798,1.437720775604248,0.12981601059436798,7.524453163146973,0.47156715393066406,0.1666666716337204,0.08213058114051819,0.08988989889621735,0.718860387802124,0.06490800529718399,0.16548925638198853,0.3285030424594879,-0.4494020640850067,-0.04003015533089638,0.42377835512161255,0.11651334166526794,0.11584247648715973,0.11584247648715973,0.00819269847124815,1.8643920421600342,-0.7866173982620239,0.0,0.10764977801591158,0.10764977801591158,0.16425152122974396,0.16425152122974396,0.15999889373779297,-1.9704948663711548,-1.5880770683288574,0.0,0.004252627491950989,0.004252627491950989,-0.22470103204250336,-0.22470103204250336,-0.09079199284315109,-1.1041638851165771,-0.42988812923431396,0.0,-0.13390903919935226,-0.13390903919935226,-0.028021108359098434,-0.028021108359098434,-0.04362032562494278,-1.1844919919967651,1.3073986768722534,0.0,0.015599217265844345,0.015599217265844345,0.21188917756080627,0.21188917756080627,0.24994602799415588,-0.20998628437519073,1.6037675142288208,0.0,-0.03805685043334961,-0.03805685043334961,0.05825667083263397,0.05825667083263397,-0.007775021716952324,0.6559601426124573,0.4701025187969208,0.0,0.0660316925495863,0.0660316925495863
153,5.1,4,0,0,,4,uneven rough,5,0.0,55.91827392578125,34.57439041137695,0.18790405988693237,1.291146159172058,-0.38446542620658875,1.291146159172058,-0.38446542620658875,6.581229209899902,2.7936644554138184,0.2673147916793823,0.07764490693807602,0.12822911143302917,0.645573079586029,-0.19223271310329437,0.11231903731822968,-0.0923522412776947,0.7503867745399475,0.37236711382865906,0.280830055475235,0.03688783198595047,0.07862332463264465,0.07862332463264465,0.2850269675254822,-1.2058634757995605,0.596672773361206,0.0,-0.20640364289283752,-0.20640364289283752,-0.14776359498500824,-0.14776359498500824,0.03447936475276947,-0.6620897054672241,0.014437046833336353,0.0,-0.1822429597377777,-0.1822429597377777,0.37519338726997375,0.37519338726997375,0.2155247926712036,1.8785244226455688,-0.05372244119644165,0.0,0.15966859459877014,0.15966859459877014,0.2606569826602936,0.2606569826602936,0.27805715799331665,-0.4696670174598694,0.07902222871780396,0.0,-0.01740017533302307,-0.01740017533302307,0.1404150277376175,0.1404150277376175,0.10530780255794525,1.3910185098648071,-0.06970538198947906,0.0,0.03510722517967224,0.03510722517967224,0.018443915992975235,0.018443915992975235,0.02949296310544014,-1.7988382577896118,-0.07764952629804611,0.0,-0.011049047112464905,-0.011049047112464905
153,5.1,14,0,0,,4,uneven rough,5,0.0,55.744930267333984,35.857845306396484,0.21344946324825287,1.259373426437378,-0.3532724380493164,1.259373426437378,-0.3532724380493164,6.584295272827148,3.8415136337280273,0.3333333432674408,-0.40566787123680115,0.3775918483734131,0.629686713218689,-0.1766362190246582,-0.5295042991638184,0.6799542903900146,0.7644551992416382,0.6451252698898315,-0.026911048218607903,0.049775078892707825,-0.3706530034542084,-0.3706530034542084,0.337226539850235,-1.8409874439239502,0.651635468006134,0.0,-0.7078795433044434,-0.7078795433044434,0.3399771451950073,0.3399771451950073,0.11235293745994568,2.0001261234283447,-0.8671398162841797,0.0,0.22762420773506165,0.22762420773506165,0.3822275996208191,0.3822275996208191,0.19966024160385132,0.638075053691864,-0.8803637027740479,0.0,0.18256735801696777,0.18256735801696777,0.4515876770019531,0.4515876770019531,0.3893090784549713,1.9856562614440918,1.4792587757110596,0.0,0.06227859854698181,0.06227859854698181,-0.043057676404714584,-0.043057676404714584,0.10715741664171219,-1.6899381875991821,-0.4047507345676422,0.0,-0.15021509304642677,-0.15021509304642677,0.024887539446353912,0.024887539446353912,-0.03399289399385452,2.31661319732666,0.5555667281150818,0.0,0.058880433440208435,0.058880433440208435
153,5.1,24,0,0,,4,uneven rough,6,0.0,58.218482971191406,36.18568420410156,0.38515567779541016,1.648006796836853,-0.26209965348243713,1.648006796836853,-0.26209965348243713,8.445226669311523,0.29870155453681946,0.3333333432674408,-0.10133892297744751,0.12127640098333359,0.8240033984184265,-0.13104982674121857,-0.15679523348808289,0.2843344509601593,0.2765195965766907,-0.060322511941194534,0.33781471848487854,-0.05200687423348427,-0.10975666344165802,-0.10975666344165802,-0.03816262260079384,-1.9849371910095215,0.7122681140899658,0.0,-0.07159404084086418,-0.07159404084086418,0.14216722548007965,0.14216722548007965,0.12361040711402893,0.2696540653705597,-1.804296851158142,0.0,0.01855681836605072,0.01855681836605072,0.13825979828834534,0.13825979828834534,-0.031233537942171097,1.9980593919754028,-0.811124861240387,0.0,0.16949333623051643,0.16949333623051643,-0.042225759476423264,-0.042225759476423264,-0.017891064286231995,0.3737533986568451,-0.10152075439691544,0.0,-0.02433469519019127,-0.02433469519019127,0.16890735924243927,0.16890735924243927,0.19611625373363495,-1.468775749206543,0.5782678723335266,0.0,-0.02720889449119568,-0.02720889449119568,-0.026003437116742134,-0.026003437116742134,-0.012545142322778702,-0.6030187010765076,0.5751867294311523,0.0,-0.013458294793963432,-0.013458294793963432
154,5.133333333333333,4,0,0,,4,uneven rough,5,0.0,55.93467330932617,34.6171760559082,0.18798193335533142,1.1405305862426758,0.34871867299079895,1.1405305862426758,0.34871867299079895,5.456695079803467,1.8019994497299194,0.22015979886054993,-0.21292686462402344,0.126463383436203,0.5702652931213379,0.17435933649539948,0.7832843065261841,-0.15901966392993927,0.2301931083202362,0.3037555515766144,0.07394509017467499,0.16710887849330902,0.5482990145683289,0.5482990145683289,0.341017484664917,1.863728404045105,-0.42248445749282837,0.0,0.20728152990341187,0.20728152990341187,-0.25443145632743835,-0.25443145632743835,-0.03344041109085083,-1.9657864570617676,-0.36807239055633545,0.0,-0.22099104523658752,-0.22099104523658752,0.1150965541601181,0.1150965541601181,0.16593220829963684,-1.992462396621704,1.0387734174728394,0.0,-0.05083565413951874,-0.05083565413951874,0.21262888610363007,0.21262888610363007,0.21919216215610504,-1.4715253114700317,-0.23120765388011932,0.0,-0.006563276052474976,-0.006563276052474976,0.036972545087337494,0.036972545087337494,0.05549383908510208,-1.4839807748794556,0.7561905384063721,0.0,-0.018521293997764587,-0.018521293997764587,0.08355443924665451,0.08355443924665451,0.015346898697316647,1.5663589239120483,-1.0508127212524414,0.0,0.06820754054933786,0.06820754054933786
154,5.133333333333333,14,0,0,,4,uneven rough,5,0.0,55.77491760253906,35.889827728271484,0.22217346727848053,0.6698707342147827,0.34357044100761414,0.6698707342147827,0.34357044100761414,5.410790920257568,2.230722188949585,0.1666666716337204,-0.2727895975112915,0.3127526044845581,0.33493536710739136,0.17178522050380707,-0.32754185795783997,0.7696496248245239,0.5399067401885986,0.6701008677482605,-0.10249673575162888,-0.03446768596768379,-0.2292792946100235,-0.2292792946100235,0.27494221925735474,-1.7866445779800415,-0.7576979994773865,0.0,-0.5042215138673782,-0.5042215138673782,0.38482481241226196,0.38482481241226196,0.18081122636795044,1.9948011636734009,0.7540174722671509,0.0,0.20401358604431152,0.20401358604431152,0.2699533700942993,0.2699533700942993,0.2271120697259903,0.5149708986282349,-0.021835701540112495,0.0,0.04284130036830902,0.04284130036830902,0.4690706133842468,0.4690706133842468,0.456508994102478,1.883381724357605,1.7655768394470215,0.0,0.012561619281768799,0.012561619281768799,-0.16399477422237396,-0.16399477422237396,0.06723598390817642,-0.8037877082824707,-1.13139808177948,0.0,-0.23123075813055038,-0.23123075813055038,-0.017233842983841896,-0.017233842983841896,0.013749184086918831,0.8251923322677612,1.5512655973434448,0.0,-0.030983027070760727,-0.030983027070760727
154,5.133333333333333,24,0,0,,4,uneven rough,6,0.0,58.27147674560547,36.19776916503906,0.39154332876205444,1.5758212804794312,0.26885172724723816,1.5758212804794312,0.26885172724723816,8.273435592651367,0.8951048851013184,0.1666666716337204,0.15167610347270966,0.22284239530563354,0.7879106402397156,0.13442586362361908,0.14445511996746063,0.4740719497203827,-0.1059964969754219,-0.10564730316400528,0.25728243589401245,-0.1853734254837036,0.10111857950687408,0.10111857950687408,0.01369074359536171,2.000000238418579,-0.8127366304397583,0.0,0.08742783591151237,0.08742783591151237,0.23703597486019135,0.23703597486019135,0.18724334239959717,2.000000476837158,-0.6316812634468079,0.0,0.04979263246059418,0.04979263246059418,-0.05299824848771095,-0.05299824848771095,-0.05442925542593002,-0.2274748980998993,0.7771929502487183,0.0,0.0014310069382190704,0.0014310069382190704,-0.07395311444997787,-0.07395311444997787,-0.07445194572210312,-1.3651152849197388,0.16720010340213776,0.0,0.0004988312721252441,0.0004988312721252441,0.12864121794700623,0.12864121794700623,0.1613132357597351,-1.6527504920959473,-0.5791342258453369,0.0,-0.03267201781272888,-0.03267201781272888,-0.0926867127418518,-0.0926867127418518,-0.06439381837844849,-1.9755703210830688,-0.09097273647785187,0.0,-0.02829289436340332,-0.02829289436340332
155,5.166666666666667,4,0,0,,4,uneven rough,5,0.0,55.94767379760742,34.660945892333984,0.1904098242521286,1.3163344860076904,0.17475897073745728,1.3163344860076904,0.17475897073745728,4.462903022766113,0.11709515750408173,0.1666666716337204,-0.35950660705566406,0.26454800367355347,0.6581672430038452,0.08737948536872864,-0.21273644268512726,0.4561198651790619,0.7677215933799744,0.255325585603714,0.12254314124584198,-0.04145403206348419,-0.14891551434993744,-0.14891551434993744,0.306911826133728,-1.036106824874878,0.8701443672180176,0.0,-0.45582734048366547,-0.45582734048366547,0.22805993258953094,0.22805993258953094,0.02727925032377243,1.313799500465393,-1.2714227437973022,0.0,0.20078068226575851,0.20078068226575851,0.3838607966899872,0.3838607966899872,0.21551920473575592,1.3621035814285278,-0.6750927567481995,0.0,0.16834159195423126,0.16834159195423126,0.1787279099225998,0.1787279099225998,0.2059371918439865,-1.539113998413086,-0.9324854612350464,0.0,-0.02720928192138672,-0.02720928192138672,0.06127157062292099,0.06127157062292099,0.07462618499994278,-0.5431067943572998,-0.5104063153266907,0.0,-0.01335461437702179,-0.01335461437702179,-0.020727016031742096,-0.020727016031742096,-0.011476675048470497,1.3106764554977417,0.4289408326148987,0.0,-0.009250340983271599,-0.009250340983271599
155,5.166666666666667,14,0,0,,4,uneven rough,5,0.0,55.788333892822266,35.92940139770508,0.21803584694862366,0.9941850900650024,0.4646660089492798,0.9941850900650024,0.4646660089492798,6.721142768859863,2.299802541732788,0.3333333432674408,-0.34667903184890747,0.141644686460495,0.4970925450325012,0.2323330044746399,0.1996442824602127,0.32202813029289246,0.1382909119129181,0.6021621227264404,0.12788639962673187,-0.1833704262971878,0.13975100219249725,0.13975100219249725,0.21040552854537964,-1.9986109733581543,-1.3394662141799927,0.0,-0.07065452635288239,-0.07065452635288239,0.16101406514644623,0.16101406514644623,0.18745294213294983,-0.9570741057395935,1.4555587768554688,0.0,-0.0264388769865036,-0.0264388769865036,0.06914545595645905,0.06914545595645905,0.16166269779205322,-1.9969335794448853,0.2816757261753082,0.0,-0.09251724183559418,-0.09251724183559418,0.42151346802711487,0.42151346802711487,0.45980024337768555,-0.9265463948249817,1.8321839570999146,0.0,-0.03828677535057068,-0.03828677535057068,0.06394319981336594,0.06394319981336594,0.04406534880399704,0.4813893139362335,-0.9461665749549866,0.0,0.019877851009368896,0.019877851009368896,-0.0916852131485939,-0.0916852131485939,-0.023094192147254944,-1.9434504508972168,1.1407424211502075,0.0,-0.06859102100133896,-0.06859102100133896
155,5.166666666666667,24,0,0,,4,uneven rough,6,0.0,58.32223892211914,36.211700439453125,0.40014490485191345,1.1401654481887817,-1.1932761669158936,1.1401654481887817,-1.1932761669158936,5.901780605316162,0.0,0.0,-0.11404325813055038,0.09782269597053528,0.5700827240943909,-0.5966380834579468,-0.5425163507461548,0.48655062913894653,0.40361037850379944,-0.4780963659286499,0.03034835495054722,-0.6681575775146484,-0.3797614276409149,-0.3797614276409149,0.008116785436868668,-1.1648517847061157,0.7775898575782776,0.0,-0.3878782130777836,-0.3878782130777836,0.24327531456947327,0.24327531456947327,0.2214406430721283,0.14145401120185852,0.8562763333320618,0.0,0.02183467149734497,0.02183467149734497,0.20180518925189972,0.20180518925189972,-0.02851804904639721,0.7744545340538025,0.2091519683599472,0.0,0.23032323829829693,0.23032323829829693,-0.334667444229126,-0.334667444229126,-0.13044951856136322,-1.9435017108917236,-0.6991737484931946,0.0,-0.20421792566776276,-0.20421792566776276,0.01517417747527361,0.01517417747527361,0.10409201681613922,-1.7396800518035889,-1.1861587762832642,0.0,-0.08891783934086561,-0.08891783934086561,-0.3340787887573242,-0.3340787887573242,-0.0877322405576706,0.2374570369720459,-1.1565276384353638,0.0,-0.24634654819965363,-0.24634654819965363
156,5.2,4,0,0,,4,uneven rough,5,0.0,55.95519256591797,34.70636749267578,0.19181515276432037,1.2343937158584595,0.17580117285251617,1.2343937158584595,0.17580117285251617,3.1741933822631836,0.7567151784896851,0.5,-0.5218441486358643,0.3238722085952759,0.6171968579292297,0.08790058642625809,0.6984272003173828,0.5138620138168335,0.3183693587779999,0.14773374795913696,0.1649390459060669,-0.21743939816951752,0.48889902234077454,0.48889902234077454,0.35634803771972656,1.8643726110458374,-0.2076534628868103,0.0,0.13255098462104797,0.13255098462104797,0.25693100690841675,0.25693100690841675,0.09129856526851654,1.2183789014816284,0.19026653468608856,0.0,0.1656324416399002,0.1656324416399002,0.15918467938899994,0.15918467938899994,0.15095986425876617,-2.0080692768096924,0.4767417311668396,0.0,0.008224815130233765,0.008224815130233765,0.10341361910104752,0.10341361910104752,0.13580097258090973,-1.983200192451477,-1.2754743099212646,0.0,-0.03238735347986221,-0.03238735347986221,0.08246952295303345,0.08246952295303345,0.10259699076414108,0.5750110149383545,-0.5288951992988586,0.0,-0.020127467811107635,-0.020127467811107635,-0.10871969908475876,-0.10871969908475876,-0.06434284150600433,-1.78765869140625,0.9274757504463196,0.0,-0.044376857578754425,-0.044376857578754425
156,5.2,14,0,0,,4,uneven rough,5,0.0,55.80790328979492,35.96792984008789,0.20723052322864532,0.3579481542110443,-0.575255274772644,0.3579481542110443,-0.575255274772644,1.8055570125579834,0.28577980399131775,0.1666666716337204,-0.3701654374599457,0.16751325130462646,0.17897407710552216,-0.287627637386322,0.8222166895866394,-0.08329948782920837,0.5476521253585815,0.20039567351341248,-0.31282690167427063,-0.007094684988260269,0.5755516886711121,0.5755516886711121,0.2525603771209717,1.6037758588790894,-1.712147831916809,0.0,0.3229913115501404,0.3229913115501404,-0.13327918946743011,-0.13327918946743011,0.1350228190422058,-0.6704601049423218,0.09145184606313705,0.0,-0.2683020085096359,-0.2683020085096359,0.27382606267929077,0.27382606267929077,0.18558438122272491,1.1698896884918213,-1.0066540241241455,0.0,0.08824168145656586,0.08824168145656586,0.1402769684791565,0.1402769684791565,0.3918966054916382,-1.6830824613571167,0.2723928689956665,0.0,-0.2516196370124817,-0.2516196370124817,-0.500523030757904,-0.500523030757904,0.06728947162628174,1.5199676752090454,-0.13902392983436584,0.0,-0.5678125023841858,-0.5678125023841858,-0.0035473424941301346,-0.0035473424941301346,0.029283557087183,1.7517883777618408,-0.6030657291412354,0.0,-0.03283089958131313,-0.03283089958131313
156,5.2,24,0,0,,4,uneven rough,6,0.0,58.373191833496094,36.22177505493164,0.39637091755867004,1.788329005241394,-0.8475049138069153,1.788329005241394,-0.8475049138069153,10.276346206665039,6.6666669845581055,0.3333333432674408,0.1780458688735962,0.23011402785778046,0.894164502620697,-0.42375245690345764,0.15272724628448486,0.33647504448890686,0.47101694345474243,-0.5825202465057373,0.6090552806854248,-0.7516931295394897,0.10690907388925552,0.10690907388925552,0.0566934198141098,1.9963090419769287,-0.32067012786865234,0.0,0.05021565407514572,0.05021565407514572,0.16823752224445343,0.16823752224445343,0.17925353348255157,-1.9986798763275146,0.4521144926548004,0.0,-0.011016011238098145,-0.011016011238098145,0.23550847172737122,0.23550847172737122,0.027037356048822403,0.765748918056488,0.5287750363349915,0.0,0.2084711156785488,0.2084711156785488,-0.40776416659355164,-0.40776416659355164,-0.19528213143348694,-1.4755252599716187,-1.4027190208435059,0.0,-0.2124820351600647,-0.2124820351600647,0.3045276403427124,0.3045276403427124,0.13658203184604645,2.017543315887451,-1.4991207122802734,0.0,0.16794560849666595,0.16794560849666595,-0.3758465647697449,-0.3758465647697449,-0.10145116597414017,0.26414623856544495,-0.36836618185043335,0.0,-0.2743953987956047,-0.2743953987956047
157,5.233333333333333,4,0,0,,4,uneven rough,5,0.0,55.97114181518555,34.7432746887207,0.1845102608203888,0.7671629786491394,-0.1648196578025818,0.7671629786491394,-0.1648196578025818,1.3019137382507324,1.1149859428405762,0.3333333432674408,-0.356073260307312,0.15224090218544006,0.3835814893245697,-0.0824098289012909,0.4656901955604553,0.13563691079616547,0.6872273087501526,0.39539897441864014,0.29625675082206726,-0.0855494812130928,0.3259831368923187,0.3259831368923187,0.32109951972961426,-1.2753762006759644,0.9638738036155701,0.0,0.004883617162704468,0.004883617162704468,0.06781845539808273,0.06781845539808273,0.06506822258234024,-0.8973734378814697,0.7715631127357483,0.0,0.0027502328157424927,0.0027502328157424927,0.3436136543750763,0.3436136543750763,0.19098219275474548,0.06658542901277542,-0.9281748533248901,0.0,0.1526314616203308,0.1526314616203308,0.27677926421165466,0.27677926421165466,0.18637196719646454,2.0031378269195557,-1.6756237745285034,0.0,0.09040729701519012,0.09040729701519012,0.14812837541103363,0.14812837541103363,0.16192243993282318,1.7558201551437378,0.09525535255670547,0.0,-0.01379406452178955,-0.01379406452178955,-0.0427747406065464,-0.0427747406065464,-0.019241759553551674,0.5957263112068176,-0.6076661348342896,0.0,-0.023532981052994728,-0.023532981052994728
157,5.233333333333333,14,0,0,,4,uneven rough,5,0.0,55.821632385253906,36.00770568847656,0.19078578054904938,1.1253163814544678,-0.5286421775817871,1.1253163814544678,-0.5286421775817871,1.5982301235198975,0.8813384771347046,0.3333333432674408,-0.2906727194786072,0.17142042517662048,0.5626581907272339,-0.26432108879089355,0.6799706220626831,0.17129148542881012,0.20823240280151367,0.40854892134666443,0.5409858822822571,-0.35188597440719604,0.47597941756248474,0.47597941756248474,0.3139067590236664,1.9631495475769043,0.16268134117126465,0.0,0.16207265853881836,0.16207265853881836,0.08564574271440506,0.08564574271440506,0.10388974100351334,-1.7692091464996338,-0.33933454751968384,0.0,-0.018243998289108276,-0.018243998289108276,0.10411620140075684,0.10411620140075684,0.12006553262472153,-1.9702388048171997,0.22396768629550934,0.0,-0.01594933122396469,-0.01594933122396469,0.28598424792289734,0.28598424792289734,0.3257613778114319,-2.0127551555633545,-0.8332363963127136,0.0,-0.039777129888534546,-0.039777129888534546,0.27049294114112854,0.27049294114112854,0.12581701576709747,1.6100906133651733,0.7989729046821594,0.0,0.14467592537403107,0.14467592537403107,-0.17594298720359802,-0.17594298720359802,-0.0032089734449982643,-1.163070559501648,0.7283729910850525,0.0,-0.17273401375859976,-0.17273401375859976
157,5.233333333333333,24,0,0,,4,uneven rough,6,0.0,58.43207550048828,36.21781921386719,0.39145514369010925,1.357756495475769,-0.9826257824897766,1.357756495475769,-0.9826257824897766,7.537454128265381,4.176515102386475,0.3333333432674408,0.12189622968435287,0.045877911150455475,0.6788782477378845,-0.4913128912448883,0.5506719946861267,0.64952552318573,0.08072439581155777,0.217397540807724,0.5484591722488403,0.1876455843448639,0.3854703903198242,0.3854703903198242,0.12192316353321075,1.9381005764007568,0.9893540740013123,0.0,0.26354722678661346,0.26354722678661346,0.324762761592865,0.324762761592865,0.23428893089294434,1.9987808465957642,-0.9335690140724182,0.0,0.09047383069992065,0.09047383069992065,0.040362197905778885,0.040362197905778885,0.050321683287620544,-0.13745447993278503,0.6627604961395264,0.0,-0.00995948538184166,-0.00995948538184166,0.15217827260494232,0.15217827260494232,-0.1617339551448822,1.9577805995941162,-1.4438837766647339,0.0,0.3139122277498245,0.3139122277498245,0.27422958612442017,0.27422958612442017,0.2092864215373993,1.993172526359558,0.4892074167728424,0.0,0.06494316458702087,0.06494316458702087,0.09382279217243195,0.09382279217243195,-0.03671691566705704,1.856236457824707,-0.010742523707449436,0.0,0.13053970783948898,0.13053970783948898
158,5.266666666666667,4,0,0,,4,uneven rough,5,0.0,55.9837532043457,34.78212356567383,0.18166297674179077,1.086437702178955,0.3079527020454407,1.086437702178955,0.3079527020454407,4.050097465515137,4.194883346557617,0.5,-0.39379140734672546,0.034507639706134796,0.5432188510894775,0.15397635102272034,0.44636955857276917,0.2976725697517395,0.011828441172838211,0.6016483902931213,0.3605972230434418,0.34663379192352295,0.31245869398117065,0.31245869398117065,0.30197930335998535,-0.20465300977230072,-0.30220216512680054,0.0,0.010479390621185303,0.010479390621185303,0.14883628487586975,0.14883628487586975,0.11621246486902237,1.2008590698242188,-0.17205661535263062,0.0,0.03262382000684738,0.03262382000684738,0.0059142205864191055,0.0059142205864191055,0.12339887768030167,-1.9218276739120483,-0.36573562026023865,0.0,-0.11748465709388256,-0.11748465709388256,0.42115387320518494,0.42115387320518494,0.24760550260543823,1.797583818435669,0.40435463190078735,0.0,0.1735483705997467,0.1735483705997467,0.1802986115217209,0.1802986115217209,0.20555256307125092,-0.11486943811178207,1.0341416597366333,0.0,-0.02525395154953003,-0.02525395154953003,0.17331689596176147,0.17331689596176147,0.017118290066719055,0.08418290317058563,0.07273409515619278,0.0,0.15619860589504242,0.15619860589504242
158,5.266666666666667,14,0,0,,4,uneven rough,5,0.0,55.8370475769043,36.04118728637695,0.18037307262420654,0.3807869553565979,-0.9354528188705444,0.3807869553565979,-0.9354528188705444,3.02079439163208,1.9615507125854492,0.3333333432674408,-0.24635820090770721,0.0898948535323143,0.19039347767829895,-0.4677264094352722,0.7673736810684204,-0.026078326627612114,0.7871142029762268,0.45689326524734497,0.21587038040161133,0.03222864121198654,0.5371615886688232,0.5371615886688232,0.3693883717060089,1.609520673751831,1.1806693077087402,0.0,0.16777321696281433,0.16777321696281433,-0.04172532260417938,-0.04172532260417938,0.04192280396819115,-1.9857101440429688,-1.147788166999817,0.0,-0.08364812657237053,-0.08364812657237053,0.3935571014881134,0.3935571014881134,0.12132446467876434,0.9299359917640686,-1.016640543937683,0.0,0.27223263680934906,0.27223263680934906,0.31982529163360596,0.31982529163360596,0.28753048181533813,-0.14151625335216522,-1.5001384019851685,0.0,0.03229480981826782,0.03229480981826782,0.10793519020080566,0.10793519020080566,0.1336369514465332,-1.5165185928344727,1.257580280303955,0.0,-0.02570176124572754,-0.02570176124572754,0.01611432060599327,0.01611432060599327,0.016285331919789314,0.19885262846946716,-0.3410525918006897,0.0,-0.0001710113137960434,-0.0001710113137960434
158,5.266666666666667,24,0,0,,4,uneven rough,6,0.0,58.48744583129883,36.22187042236328,0.3913658857345581,1.33809494972229,1.0789753198623657,1.33809494972229,1.0789753198623657,6.852851867675781,0.0,0.0,0.17957362532615662,0.17582598328590393,0.669047474861145,0.5394876599311829,-0.4555710554122925,0.7725745439529419,-0.18038269877433777,0.7237766981124878,0.3423272967338562,0.12182727456092834,-0.3188997209072113,-0.3188997209072113,0.08656647056341171,-1.8648332357406616,1.5257771015167236,0.0,-0.405466191470623,-0.405466191470623,0.38628727197647095,0.38628727197647095,0.2910712659358978,1.6349478960037231,0.7243868708610535,0.0,0.09521600604057312,0.09521600604057312,-0.09019134938716888,-0.09019134938716888,0.018921909853816032,0.631709635257721,0.21031752228736877,0.0,-0.10911325924098492,-0.10911325924098492,0.5066436529159546,0.5066436529159546,-0.09036803990602493,1.6377859115600586,0.4794233739376068,0.0,0.5970116928219795,0.5970116928219795,0.1711636483669281,0.1711636483669281,0.2212161123752594,-0.5861970782279968,1.3395519256591797,0.0,-0.0500524640083313,-0.0500524640083313,0.06091363728046417,0.06091363728046417,-0.032277509570121765,-0.41702359914779663,1.0448507070541382,0.0,0.09319114685058594,0.09319114685058594
159,5.3,4,0,0,,4,uneven rough,5,0.0,55.992225646972656,34.819923400878906,0.18516704440116882,1.1054095029830933,0.153610497713089,1.1054095029830933,0.153610497713089,6.019737243652344,5.039383888244629,0.3333333432674408,-0.5270334482192993,0.08450814336538315,0.5527047514915466,0.0768052488565445,0.2084900587797165,0.03920695558190346,0.46344953775405884,0.47227758169174194,0.24783362448215485,0.1593151092529297,0.1459430456161499,0.1459430456161499,0.24491055309772491,-1.8580904006958008,-0.24704770743846893,0.0,-0.09896750748157501,-0.09896750748157501,0.01960347779095173,0.01960347779095173,0.06464046239852905,-1.04389226436615,0.6041923761367798,0.0,-0.045036984607577324,-0.045036984607577324,0.23172476887702942,0.23172476887702942,0.105973981320858,0.28340646624565125,-1.245552897453308,0.0,0.12575078755617142,0.12575078755617142,0.3305943012237549,0.3305943012237549,0.3098447918891907,1.5475797653198242,1.1920889616012573,0.0,0.02074950933456421,0.02074950933456421,0.12391681224107742,0.12391681224107742,0.13023804128170013,-1.6621488332748413,0.38448870182037354,0.0,-0.006321229040622711,-0.006321229040622711,0.07965755462646484,0.07965755462646484,0.05334652587771416,1.298568844795227,0.07920727133750916,0.0,0.026311028748750687,0.026311028748750687
159,5.3,14,0,0,,4,uneven rough,5,0.0,55.84623336791992,36.07602310180664,0.1779913455247879,0.9180830121040344,-1.0814118385314941,0.9180830121040344,-1.0814118385314941,1.6983110904693604,1.3561034202575684,0.5151420831680298,-0.10590359568595886,0.12589536607265472,0.4590415060520172,-0.5407059192657471,0.08870058506727219,-0.2728555500507355,0.750033438205719,0.2684469521045685,0.5742147564888,-0.6001095175743103,0.06209040805697441,0.06209040805697441,0.35331833362579346,-1.2732294797897339,1.423142671585083,0.0,-0.29122792556881905,-0.29122792556881905,-0.43656888604164124,-0.43656888604164124,0.022590603679418564,-0.87876296043396,-1.6215507984161377,0.0,-0.4591594897210598,-0.4591594897210598,0.3750167191028595,0.3750167191028595,0.17040972411632538,1.777186632156372,0.08395732194185257,0.0,0.20460699498653412,0.20460699498653412,0.18791286647319794,0.18791286647319794,0.252007395029068,-1.9186400175094604,-0.7319709658622742,0.0,-0.06409452855587006,-0.06409452855587006,0.2871073782444,0.2871073782444,0.18389970064163208,2.016494035720825,-0.3109002113342285,0.0,0.10320767760276794,0.10320767760276794,-0.30005475878715515,-0.30005475878715515,-0.0006607861141674221,-0.6758747696876526,-0.03578921779990196,0.0,-0.29939397267298773,-0.29939397267298773
159,5.3,24,0,0,,4,uneven rough,6,0.0,58.53678512573242,36.229248046875,0.3940228819847107,1.7307571172714233,0.834078848361969,1.7307571172714233,0.834078848361969,7.714972972869873,3.9873366355895996,0.3333333432674408,-0.016981830820441246,0.12961216270923615,0.8653785586357117,0.4170394241809845,0.044405270367860794,0.49412694573402405,-0.30031725764274597,0.22380571067333221,0.1687997281551361,0.2853763997554779,0.031083688139915466,0.031083688139915466,0.01859257183969021,-1.5623031854629517,-0.39128005504608154,0.0,0.012491116300225258,0.012491116300225258,0.24706347286701202,0.24706347286701202,0.23516033589839935,-1.6846965551376343,1.2392196655273438,0.0,0.011903136968612671,0.011903136968612671,-0.15015862882137299,-0.15015862882137299,0.006022147834300995,-0.8721280694007874,0.44857338070869446,0.0,-0.15618077665567398,-0.15618077665567398,0.15666399896144867,0.15666399896144867,-0.03362160176038742,1.429453730583191,1.1343636512756348,0.0,0.1902856007218361,0.1902856007218361,0.08439986407756805,0.08439986407756805,0.15691711008548737,-1.7569550275802612,0.2507299780845642,0.0,-0.07251724600791931,-0.07251724600791931,0.14268819987773895,0.14268819987773895,-0.03507803753018379,0.3654075562953949,0.2183043509721756,0.0,0.17776623740792274,0.17776623740792274
160,5.333333333333333,4,0,0,,4,uneven rough,5,0.0,55.9909782409668,34.863460540771484,0.19424240291118622,1.3893587589263916,-0.23023267090320587,1.3893587589263916,-0.23023267090320587,7.330720901489258,3.5493335723876953,0.3333333432674408,-0.44841277599334717,0.1334860622882843,0.6946793794631958,-0.11511633545160294,0.2700379490852356,0.17783468961715698,0.6796256303787231,0.20977862179279327,-0.06160687655210495,-0.03506562486290932,0.18902656435966492,0.18902656435966492,0.2074415683746338,-1.2871195077896118,-1.1579341888427734,0.0,-0.018415004014968872,-0.018415004014968872,0.08891734480857849,0.08891734480857849,0.0737902969121933,0.9044409990310669,-0.32763761281967163,0.0,0.015127047896385193,0.015127047896385193,0.3398128151893616,0.3398128151893616,0.12071610987186432,-0.9611608982086182,-0.38107654452323914,0.0,0.21909670531749725,0.21909670531749725,0.1468450278043747,0.1468450278043747,0.26597097516059875,-1.9291372299194336,1.3930840492248535,0.0,-0.11912594735622406,-0.11912594735622406,-0.09857100248336792,-0.09857100248336792,0.10231150686740875,-0.7274782657623291,-0.7726837992668152,0.0,-0.20088250935077667,-0.20088250935077667,-0.01753281243145466,-0.01753281243145466,0.060708001255989075,-0.8551103472709656,0.7686364650726318,0.0,-0.07824081368744373,-0.07824081368744373
160,5.333333333333333,14,0,0,,4,uneven rough,5,0.0,55.855098724365234,36.10960388183594,0.1754230558872223,1.0177011489868164,0.21843421459197998,1.0177011489868164,0.21843421459197998,1.488149881362915,4.132425308227539,0.6666666865348816,0.19208991527557373,0.24001318216323853,0.5088505744934082,0.10921710729598999,0.9329637289047241,-0.1354885995388031,0.5353115200996399,0.09399161487817764,0.47089308500289917,-0.1894555538892746,0.6530746221542358,0.6530746221542358,0.38946494460105896,1.1283555030822754,-0.10139100253582001,0.0,0.2636096775531769,0.2636096775531769,-0.21678176522254944,-0.21678176522254944,-0.03348085656762123,-0.7316102385520935,-1.2015771865844727,0.0,-0.1833009086549282,-0.1833009086549282,0.26765576004981995,0.26765576004981995,0.2352905124425888,1.936181902885437,1.0413122177124023,0.0,0.03236524760723114,0.03236524760723114,0.06579413264989853,0.06579413264989853,0.17968052625656128,-1.2037389278411865,-1.4029157161712646,0.0,-0.11388639360666275,-0.11388639360666275,0.23544654250144958,0.23544654250144958,0.23111669719219208,1.9285048246383667,1.0050126314163208,0.0,0.004329845309257507,0.004329845309257507,-0.0947277769446373,-0.0947277769446373,-0.038220688700675964,-1.9921941757202148,-0.39769473671913147,0.0,-0.056507088243961334,-0.056507088243961334
160,5.333333333333333,24,0,0,,4,uneven rough,6,0.0,58.587303161621094,36.23137283325195,0.39121824502944946,1.602639079093933,0.3465675413608551,1.602639079093933,0.3465675413608551,8.217902183532715,3.2661521434783936,0.3333333432674408,0.12407656759023666,0.09367407858371735,0.8013195395469666,0.17328377068042755,-0.0802198126912117,0.34503474831581116,0.04129871726036072,0.3080619275569916,0.023864297196269035,0.25368866324424744,-0.05615386739373207,-0.05615386739373207,-0.04823148623108864,-1.92001473903656,-1.0533785820007324,0.0,-0.007922381162643433,-0.007922381162643433,0.17251737415790558,0.17251737415790558,0.17071375250816345,-1.3953626155853271,-0.4139677882194519,0.0,0.0018036216497421265,0.0018036216497421265,0.02064935863018036,0.02064935863018036,0.02138693444430828,-0.725648045539856,-0.2981535792350769,0.0,-0.0007375758141279221,-0.0007375758141279221,0.21564334630966187,0.21564334630966187,0.031125230714678764,1.8487062454223633,1.3012081384658813,0.0,0.1845181155949831,0.1845181155949831,0.011932148598134518,0.011932148598134518,0.09357939660549164,-1.9445300102233887,-0.8844187259674072,0.0,-0.08164724800735712,-0.08164724800735712,0.12684433162212372,0.12684433162212372,0.028603162616491318,0.9748326539993286,0.30147677659988403,0.0,0.0982411690056324,0.0982411690056324
161,5.366666666666666,4,0,0,,4,uneven rough,5,0.0,55.99492263793945,34.9061393737793,0.19035884737968445,1.464009165763855,0.0192383024841547,1.464009165763855,0.0192383024841547,5.622766017913818,2.5500965118408203,0.3333333432674408,-0.14710000157356262,0.1807376593351364,0.7320045828819275,0.00961915124207735,0.7248361110687256,-0.22210119664669037,0.4684108793735504,0.056512460112571716,0.4167110025882721,-0.3859871029853821,0.50738525390625,0.50738525390625,0.24938693642616272,1.9710347652435303,-1.2309757471084595,0.0,0.2579983174800873,0.2579983174800873,-0.3553619086742401,-0.3553619086742401,0.033456262201070786,-2.0069100856781006,0.36898183822631836,0.0,-0.3888181708753109,-0.3888181708753109,0.2342054396867752,0.2342054396867752,0.15619857609272003,1.7606477737426758,-0.7090572714805603,0.0,0.07800686359405518,0.07800686359405518,0.03955871984362602,0.03955871984362602,0.19432249665260315,-1.974829077720642,-0.4853057861328125,0.0,-0.15476377680897713,-0.15476377680897713,0.20835550129413605,0.20835550129413605,0.15497718751430511,2.0359036922454834,-0.7471244931221008,0.0,0.05337831377983093,0.05337831377983093,-0.19299355149269104,-0.19299355149269104,0.03820965811610222,-0.4612186849117279,-0.14943289756774902,0.0,-0.23120320960879326,-0.23120320960879326
161,5.366666666666666,14,0,0,,4,uneven rough,5,0.0,55.86397171020508,36.14144515991211,0.17795972526073456,1.249274492263794,-0.6535918116569519,1.249274492263794,-0.6535918116569519,2.0843145847320557,4.676977157592773,0.45559439063072205,0.24814510345458984,0.052800461649894714,0.624637246131897,-0.32679590582847595,0.7936290502548218,-0.206990048289299,0.47243690490722656,0.09414305537939072,0.37639302015304565,-0.2893981337547302,0.5555403232574463,0.5555403232574463,0.45740076899528503,1.9846341609954834,0.5939098596572876,0.0,0.09813955426216125,0.09813955426216125,-0.3311840891838074,-0.3311840891838074,-0.09947573393583298,-1.7136181592941284,-0.9358569979667664,0.0,-0.2317083552479744,-0.2317083552479744,0.23621845245361328,0.23621845245361328,0.24497538805007935,-0.5090143084526062,1.5472731590270996,0.0,-0.008756935596466064,-0.008756935596466064,0.06590013951063156,0.06590013951063156,0.11456508189439774,-1.94572114944458,-1.2903008460998535,0.0,-0.048664942383766174,-0.048664942383766174,0.18819651007652283,0.18819651007652283,0.1941317915916443,-0.9978649020195007,1.5271568298339844,0.0,-0.00593528151512146,-0.00593528151512146,-0.1446990668773651,-0.1446990668773651,-0.09674852341413498,-1.7886364459991455,-1.2992275953292847,0.0,-0.04795054346323013,-0.04795054346323013
161,5.366666666666666,24,0,0,,4,uneven rough,6,0.0,58.644775390625,36.23738098144531,0.39919745922088623,1.545501708984375,-0.17150786519050598,1.545501708984375,-0.17150786519050598,7.893485069274902,6.799520015716553,0.5,-0.01602937839925289,0.03875800967216492,0.7727508544921875,-0.08575393259525299,-0.4359780550003052,0.4275364875793457,-0.09696997702121735,0.21373993158340454,0.12879876792430878,0.49777495861053467,-0.30518463253974915,-0.30518463253974915,-0.11514829844236374,-1.9650957584381104,-1.5433762073516846,0.0,-0.1900363340973854,-0.1900363340973854,0.21376824378967285,0.21376824378967285,0.219792440533638,1.0324559211730957,-0.9688501954078674,0.0,-0.006024196743965149,-0.006024196743965149,-0.04848498851060867,-0.04848498851060867,-0.025207923725247383,-1.2524429559707642,-0.5398597121238708,0.0,-0.02327706478536129,-0.02327706478536129,0.14961795508861542,0.14961795508861542,0.09296920150518417,1.8161883354187012,1.610764503479004,0.0,0.056648753583431244,0.056648753583431244,0.06439938396215439,0.06439938396215439,0.056041404604911804,-1.4036972522735596,-1.4838075637817383,0.0,0.008357979357242584,0.008357979357242584,0.24888747930526733,0.24888747930526733,0.043334100395441055,-0.3277931809425354,0.682193398475647,0.0,0.20555337890982628,0.20555337890982628
162,5.4,4,0,0,,4,uneven rough,5,0.0,56.002925872802734,34.946754455566406,0.18969690799713135,1.2937211990356445,-0.06444497406482697,1.2937211990356445,-0.06444497406482697,2.3147759437561035,1.5866340398788452,0.3333333432674408,-0.0758756622672081,0.05744354426860809,0.6468605995178223,-0.03222248703241348,0.7936486601829529,-0.06790124624967575,0.39892446994781494,0.23662012815475464,0.5269663333892822,-0.1230991929769516,0.5555540323257446,0.5555540323257446,0.3113754391670227,1.6346592903137207,0.5794467329978943,0.0,0.24417859315872192,0.24417859315872192,-0.10864199697971344,-0.10864199697971344,-0.022728050127625465,-1.8611342906951904,-0.974351704120636,0.0,-0.08591394685208797,-0.08591394685208797,0.19946223497390747,0.19946223497390747,0.20123811066150665,0.38619372248649597,0.6873183846473694,0.0,-0.0017758756875991821,-0.0017758756875991821,0.16563408076763153,0.16563408076763153,0.14445805549621582,-0.2669670581817627,-1.3274849653244019,0.0,0.02117602527141571,0.02117602527141571,0.2634831666946411,0.2634831666946411,0.19699227809906006,0.45114678144454956,0.8264046311378479,0.0,0.06649088859558105,0.06649088859558105,-0.0615495964884758,-0.0615495964884758,-0.0015744350384920835,-2.0019326210021973,-0.32571715116500854,0.0,-0.059975161449983716,-0.059975161449983716
162,5.4,14,0,0,,4,uneven rough,5,0.0,55.876861572265625,36.17189025878906,0.1860443651676178,0.933117151260376,-0.8911457061767578,0.933117151260376,-0.8911457061767578,2.6857566833496094,1.0876898765563965,0.3333333432674408,0.4331516921520233,0.10456111282110214,0.466558575630188,-0.4455728530883789,0.47439053654670715,-0.03137880191206932,0.8130760192871094,0.26670318841934204,0.10000703483819962,-0.05872542783617973,0.3320733606815338,0.3320733606815338,0.40370938181877136,-1.954418659210205,1.3802279233932495,0.0,-0.07163602113723755,-0.07163602113723755,-0.05020608380436897,-0.05020608380436897,-0.09378846734762192,1.9641022682189941,-1.375604510307312,0.0,0.043582383543252945,0.043582383543252945,0.4065380096435547,0.4065380096435547,0.30699601769447327,1.804885983467102,0.3846445381641388,0.0,0.09954199194908142,0.09954199194908142,0.1866922229528427,0.1866922229528427,0.16703487932682037,1.9995068311691284,-1.6608766317367554,0.0,0.01965734362602234,0.01965734362602234,0.05000351741909981,0.05000351741909981,0.1575184166431427,-1.3462438583374023,0.09950502216815948,0.0,-0.10751489922404289,-0.10751489922404289,-0.029362713918089867,-0.029362713918089867,-0.04822086915373802,1.794501781463623,-1.5759402513504028,0.0,0.018858155235648155,0.018858155235648155
162,5.4,24,0,0,,4,uneven rough,6,0.0,58.706295013427734,36.25046157836914,0.39695027470588684,1.7647371292114258,0.2887079119682312,1.7647371292114258,0.2887079119682312,8.34489631652832,5.866620063781738,0.5,-0.011129438877105713,0.0725889801979065,0.8823685646057129,0.1443539559841156,-0.19967316091060638,0.6431664824485779,-0.21264755725860596,-0.004800267983227968,0.3277481198310852,0.08588563650846481,-0.1397712081670761,-0.1397712081670761,-0.12510359287261963,-0.24021391570568085,-1.7818171977996826,0.0,-0.014667615294456482,-0.014667615294456482,0.32158324122428894,0.32158324122428894,0.28553399443626404,1.9993374347686768,0.1626918613910675,0.0,0.0360492467880249,0.0360492467880249,-0.10632377862930298,-0.10632377862930298,-0.09264717996120453,-2.004331588745117,-0.9427555799484253,0.0,-0.01367659866809845,-0.01367659866809845,-0.0033601876348257065,-0.0033601876348257065,0.048788923770189285,-1.9116710424423218,1.7269115447998047,0.0,-0.05214911140501499,-0.05214911140501499,0.1638740599155426,0.1638740599155426,0.10356959700584412,1.738258719444275,-1.4385130405426025,0.0,0.060304462909698486,0.060304462909698486,0.04294281825423241,0.04294281825423241,0.03531930595636368,-0.12551692128181458,0.11114517599344254,0.0,0.007623512297868729,0.007623512297868729
163,5.433333333333334,4,0,0,,4,uneven rough,5,0.0,56.012290954589844,34.983909606933594,0.20279347896575928,1.5460673570632935,-0.05481414496898651,1.5460673570632935,-0.05481414496898651,7.967684745788574,3.8521316051483154,0.3333333432674408,-0.05332744121551514,0.06678237020969391,0.7730336785316467,-0.027407072484493256,0.33569127321243286,0.05408233404159546,0.6724050045013428,0.5707122087478638,0.2081913948059082,0.27178555727005005,0.234983891248703,0.234983891248703,0.25849947333335876,-1.8724908828735352,1.1760658025741577,0.0,-0.02351558208465576,-0.02351558208465576,0.02704116702079773,0.02704116702079773,-0.0074314153753221035,1.8128927946090698,-1.4757401943206787,0.0,0.03447258239611983,0.03447258239611983,0.3362025022506714,0.3362025022506714,0.26240822672843933,1.3375868797302246,0.5170619487762451,0.0,0.07379427552223206,0.07379427552223206,0.3994985520839691,0.3994985520839691,0.21183238923549652,2.0277960300445557,-0.7278662323951721,0.0,0.1876661628484726,0.1876661628484726,0.1040956974029541,0.1040956974029541,0.17049148678779602,-1.0798475742340088,0.6142331957817078,0.0,-0.06639578938484192,-0.06639578938484192,0.13589277863502502,0.13589277863502502,0.046391475945711136,1.9251011610031128,-1.2734524011611938,0.0,0.08950130268931389,0.08950130268931389
163,5.433333333333334,14,0,0,,4,uneven rough,5,0.0,55.88671875,36.20586013793945,0.1943487524986267,0.6808539628982544,-0.2713378071784973,0.6808539628982544,-0.2713378071784973,3.444626808166504,0.7542617321014404,0.1666666716337204,0.554706335067749,0.019492173567414284,0.3404269814491272,-0.13566890358924866,0.5631178021430969,0.5616450309753418,0.22695831954479218,0.2523931562900543,0.12035475671291351,-0.05988048017024994,0.3941824436187744,0.3941824436187744,0.3921126127243042,0.3206825256347656,-0.5051872134208679,0.0,0.002069830894470215,0.002069830894470215,0.2808225154876709,0.2808225154876709,-0.028779273852705956,1.7987264394760132,0.512671709060669,0.0,0.30960178934037685,0.30960178934037685,0.11347915977239609,0.11347915977239609,0.24641713500022888,-2.0000014305114746,1.1876516342163086,0.0,-0.1329379752278328,-0.1329379752278328,0.1766752004623413,0.1766752004623413,0.18926209211349487,-0.3311783969402313,0.4087107181549072,0.0,-0.012586891651153564,-0.012586891651153564,0.06017737835645676,0.06017737835645676,0.08873197436332703,-1.9143978357315063,-0.7179239988327026,0.0,-0.02855459600687027,-0.02855459600687027,-0.02994024008512497,-0.02994024008512497,-0.02229449711740017,0.9580762982368469,0.32971370220184326,0.0,-0.0076457429677248,-0.0076457429677248
163,5.433333333333334,24,0,0,,4,uneven rough,6,0.0,58.763153076171875,36.258628845214844,0.38260337710380554,1.5529093742370605,0.7327876687049866,1.5529093742370605,0.7327876687049866,7.84952449798584,0.3679770827293396,0.1666666716337204,-0.11578007787466049,0.06846550852060318,0.7764546871185303,0.3663938343524933,0.24474669992923737,0.3440057933330536,-0.4715871214866638,-0.403125524520874,0.3405326008796692,-0.38977012038230896,0.17132268846035004,0.17132268846035004,-0.07047328352928162,1.6276055574417114,-0.9101918935775757,0.0,0.24179597198963165,0.24179597198963165,0.1720028966665268,0.1720028966665268,0.24302633106708527,-1.2222071886062622,1.2011345624923706,0.0,-0.07102343440055847,-0.07102343440055847,-0.2357935607433319,-0.2357935607433319,-0.14340531826019287,0.5360872745513916,-1.5429725646972656,0.0,-0.09238824248313904,-0.09238824248313904,-0.2821878492832184,-0.2821878492832184,-0.016066117212176323,-1.8303276300430298,-0.33034956455230713,0.0,-0.26612173207104206,-0.26612173207104206,0.1702663004398346,0.1702663004398346,0.11793320626020432,-0.8580387234687805,0.3576394319534302,0.0,0.05233309417963028,0.05233309417963028,-0.19488506019115448,-0.19488506019115448,-0.022627277299761772,-0.6762518286705017,-0.022663995623588562,0.0,-0.1722577828913927,-0.1722577828913927
164,5.466666666666667,4,0,0,,4,uneven rough,5,0.0,56.00764846801758,35.02605056762695,0.2061169445514679,1.2324116230010986,0.8210129141807556,1.2324116230010986,0.8210129141807556,5.764558792114258,2.212354898452759,0.1666666716337204,0.25001829862594604,0.0757567435503006,0.6162058115005493,0.4105064570903778,-0.1794676035642624,0.6957492232322693,-0.5599322319030762,0.09901583194732666,0.47263336181640625,-0.1946214884519577,-0.1256273239850998,-0.1256273239850998,0.20559236407279968,-1.4363396167755127,-0.5475935935974121,0.0,-0.3312196880578995,-0.3312196880578995,0.34787461161613464,0.34787461161613464,0.05866747722029686,1.963376760482788,0.3836587965488434,0.0,0.2892071343958378,0.2892071343958378,-0.2799661159515381,-0.2799661159515381,0.1974574625492096,-1.9999949932098389,0.9809882044792175,0.0,-0.4774235785007477,-0.4774235785007477,0.06931108236312866,0.06931108236312866,0.20297175645828247,-1.916080117225647,0.830190122127533,0.0,-0.1336606740951538,-0.1336606740951538,0.23631668090820312,0.23631668090820312,0.215672567486763,1.9996299743652344,-0.34360310435295105,0.0,0.020644113421440125,0.020644113421440125,-0.09731074422597885,-0.09731074422597885,-0.0006082412437535822,-1.9065020084381104,0.5350154638290405,0.0,-0.09670250298222527,-0.09670250298222527
164,5.466666666666667,14,0,0,,4,uneven rough,5,0.0,55.89319610595703,36.239662170410156,0.1934327781200409,0.1514599472284317,-0.4677862823009491,0.1514599472284317,-0.4677862823009491,0.9359135627746582,1.0283124446868896,0.1666666716337204,0.5616351366043091,0.12296485900878906,0.07572997361421585,-0.23389314115047455,0.2851718068122864,0.29794612526893616,0.553202211856842,0.42621833086013794,0.14131982624530792,-0.1440843641757965,0.19962026178836823,0.19962026178836823,0.3270576596260071,-1.9163490533828735,-0.03823897987604141,0.0,-0.12743739783763885,-0.12743739783763885,0.14897306263446808,0.14897306263446808,0.039307139813899994,1.9241528511047363,1.2398093938827515,0.0,0.10966592282056808,0.10966592282056808,0.276601105928421,0.276601105928421,0.22471825778484344,0.10706152021884918,-0.6146531701087952,0.0,0.051882848143577576,0.051882848143577576,0.29835283756256104,0.29835283756256104,0.2536209225654602,1.97934889793396,-0.009623918682336807,0.0,0.04473191499710083,0.04473191499710083,0.07065991312265396,0.07065991312265396,0.0915987566113472,0.4937111735343933,-1.3944123983383179,0.0,-0.020938843488693237,-0.020938843488693237,-0.07204218208789825,-0.07204218208789825,-0.022344166412949562,-0.38612014055252075,0.6849910616874695,0.0,-0.04969801567494869,-0.04969801567494869
164,5.466666666666667,24,0,0,,4,uneven rough,6,0.0,58.823551177978516,36.267948150634766,0.3812233805656433,1.859616756439209,-0.07413924485445023,1.859616756439209,-0.07413924485445023,9.795141220092773,4.987746238708496,0.3333333432674408,0.15065734088420868,0.09539096057415009,0.9298083782196045,-0.03706962242722511,-0.14064635336399078,0.46334972977638245,-0.3607292175292969,-0.5270941853523254,0.17094255983829498,-0.2709777355194092,-0.09845244884490967,-0.09845244884490967,-0.07656511664390564,-0.7221271395683289,0.5246832966804504,0.0,-0.02188733220100403,-0.02188733220100403,0.23167486488819122,0.23167486488819122,0.22782202064990997,0.29369795322418213,-0.1690272092819214,0.0,0.00385284423828125,0.00385284423828125,-0.18036460876464844,-0.18036460876464844,-0.14892151951789856,-0.024969011545181274,-0.3674684166908264,0.0,-0.03144308924674988,-0.03144308924674988,-0.36896592378616333,-0.36896592378616333,-0.05979892611503601,-1.3721506595611572,-1.1784398555755615,0.0,-0.3091669976711273,-0.3091669976711273,0.08547127991914749,0.08547127991914749,0.0935431569814682,-0.6367247700691223,-0.32970717549324036,0.0,-0.00807187706232071,-0.00807187706232071,-0.1354888677597046,-0.1354888677597046,-0.06639096885919571,0.5286247134208679,-0.3922037184238434,0.0,-0.06909789890050888,-0.06909789890050888
165,5.5,4,0,0,,4,uneven rough,5,0.0,56.00394058227539,35.065582275390625,0.20098257064819336,1.4106223583221436,-0.02051958627998829,1.4106223583221436,-0.02051958627998829,4.807582855224609,3.3333334922790527,0.1666666716337204,0.18963372707366943,0.25100553035736084,0.7053111791610718,-0.010259793139994144,0.8428658843040466,-0.07247269153594971,-0.1504020094871521,0.056860681623220444,0.21042652428150177,-0.2681403160095215,0.5900061130523682,0.5900061130523682,0.24597972631454468,1.5827162265777588,-1.0500922203063965,0.0,0.3440263867378235,0.3440263867378235,-0.11595630645751953,-0.11595630645751953,-0.007338645402342081,-1.977603554725647,1.2768341302871704,0.0,-0.10861766105517745,-0.10861766105517745,-0.07520100474357605,-0.07520100474357605,0.13338026404380798,-0.25841468572616577,-0.7044650316238403,0.0,-0.20858126878738403,-0.20858126878738403,0.03980247676372528,0.03980247676372528,0.13453570008277893,-1.5532714128494263,-0.7225559949874878,0.0,-0.09473322331905365,-0.09473322331905365,0.10521326214075089,0.10521326214075089,0.14808888733386993,-1.9818682670593262,0.9812650680541992,0.0,-0.04287562519311905,-0.04287562519311905,-0.13407015800476074,-0.13407015800476074,-0.049298353493213654,0.7892307043075562,-0.8454228639602661,0.0,-0.08477180451154709,-0.08477180451154709
165,5.5,14,0,0,,4,uneven rough,5,0.0,55.9042854309082,36.270530700683594,0.17591890692710876,0.3437548577785492,0.15460480749607086,0.3437548577785492,0.15460480749607086,4.101837158203125,1.7071826457977295,0.3333333432674408,0.4661961495876312,0.09412193298339844,0.1718774288892746,0.07730240374803543,0.8083359003067017,-0.04930184781551361,0.08809825778007507,0.4846738874912262,0.19352243840694427,-0.01466083899140358,0.5658351182937622,0.5658351182937622,0.3483680784702301,1.6340616941452026,-1.100125789642334,0.0,0.2174670398235321,0.2174670398235321,-0.07888295501470566,-0.07888295501470566,-0.019956810399889946,-2.0000009536743164,1.626738429069519,0.0,-0.05892614461481571,-0.05892614461481571,0.04404912889003754,0.04404912889003754,0.16065138578414917,-1.9977368116378784,-0.20659437775611877,0.0,-0.11660225689411163,-0.11660225689411163,0.3392717242240906,0.3392717242240906,0.30153849720954895,1.7670584917068481,1.1149449348449707,0.0,0.037733227014541626,0.037733227014541626,0.09676121920347214,0.09676121920347214,0.0727638304233551,0.8933281302452087,-0.32686394453048706,0.0,0.023997388780117035,0.023997388780117035,-0.00733041949570179,-0.00733041949570179,-0.005088878329843283,0.4859394431114197,0.07938285917043686,0.0,-0.002241541165858507,-0.002241541165858507
165,5.5,24,0,0,,4,uneven rough,6,0.0,58.88849639892578,36.27094650268555,0.3795163631439209,1.610119342803955,0.13462652266025543,1.610119342803955,0.13462652266025543,9.21772575378418,7.082941055297852,0.5,0.14352630078792572,0.1513778418302536,0.8050596714019775,0.06731326133012772,0.2776336073875427,0.13868765532970428,-0.33103814721107483,-0.3833852708339691,0.5437780618667603,-0.36575791239738464,0.19434352219104767,0.19434352219104767,-0.023705577477812767,1.21700119972229,-0.18026556074619293,0.0,0.21804909966886044,0.21804909966886044,0.06934382766485214,0.06934382766485214,0.20000140368938446,-1.255588412284851,0.09259842336177826,0.0,-0.13065757602453232,-0.13065757602453232,-0.16551907360553741,-0.16551907360553741,-0.15672041475772858,0.06715428084135056,-0.17381863296031952,0.0,-0.008798658847808838,-0.008798658847808838,-0.2683696746826172,-0.2683696746826172,-0.11710187792778015,-0.9080665111541748,-1.2879643440246582,0.0,-0.15126779675483704,-0.15126779675483704,0.2718890309333801,0.2718890309333801,0.1077071949839592,0.4667656719684601,-0.5032954812049866,0.0,0.16418183594942093,0.16418183594942093,-0.18287895619869232,-0.18287895619869232,-0.0837961882352829,0.7412933111190796,0.12843433022499084,0.0,-0.09908276796340942,-0.09908276796340942
166,5.533333333333333,4,0,0,,4,uneven rough,5,0.0,56.01614761352539,35.10991668701172,0.21160033345222473,1.4202020168304443,-0.9342763423919678,1.4202020168304443,-0.9342763423919678,5.362618923187256,3.27308988571167,0.3333333432674408,0.15816158056259155,0.035231783986091614,0.7101010084152222,-0.4671381711959839,0.4371204078197479,0.32327157258987427,0.4780062437057495,0.05924830958247185,-0.057309072464704514,-0.008134930394589901,0.3059842884540558,0.3059842884540558,0.3112525939941406,1.6046756505966187,0.43850237131118774,0.0,-0.005268305540084839,-0.005268305540084839,0.16163578629493713,0.16163578629493713,0.053046200424432755,1.9998500347137451,-0.5632307529449463,0.0,0.10858958587050438,0.10858958587050438,0.23900312185287476,0.23900312185287476,0.18311092257499695,1.4231499433517456,-0.4522673487663269,0.0,0.05589219927787781,0.05589219927787781,0.04147381708025932,0.04147381708025932,0.07352110743522644,-1.3826419115066528,-1.1922439336776733,0.0,-0.03204729035496712,-0.03204729035496712,-0.09169451892375946,-0.09169451892375946,0.12475667893886566,-0.8978947997093201,-0.6940958499908447,0.0,-0.21645119786262512,-0.21645119786262512,-0.0040674651972949505,-0.0040674651972949505,0.018932662904262543,1.963361144065857,0.07881318032741547,0.0,-0.023000128101557493,-0.023000128101557493
166,5.533333333333333,14,0,0,,4,uneven rough,5,0.0,55.91255187988281,36.2983283996582,0.1668241322040558,0.902219295501709,-0.47908255457878113,0.902219295501709,-0.47908255457878113,4.572975158691406,0.0,0.0,0.5152738094329834,0.17635178565979004,0.4511096477508545,-0.23954127728939056,0.012424299493432045,-0.12812751531600952,0.7182421684265137,0.5854091644287109,-0.006093847565352917,-0.15553496778011322,0.008697009645402431,0.008697009645402431,0.3010960817337036,-1.7625123262405396,0.445788711309433,0.0,-0.2923990720883012,-0.2923990720883012,-0.205004021525383,-0.205004021525383,-0.08200862258672714,-1.6265084743499756,-0.42382651567459106,0.0,-0.12299539893865585,-0.12299539893865585,0.35912108421325684,0.35912108421325684,0.14941251277923584,-1.411886215209961,-1.2193095684051514,0.0,0.209708571434021,0.209708571434021,0.4097864031791687,0.4097864031791687,0.37254413962364197,1.9746665954589844,1.4836511611938477,0.0,0.03724226355552673,0.03724226355552673,-0.009750156663358212,-0.009750156663358212,0.03561284393072128,-1.9964368343353271,0.36303484439849854,0.0,-0.045363000594079494,-0.045363000594079494,-0.07776748389005661,-0.07776748389005661,0.03335793316364288,0.2544061839580536,0.30925068259239197,0.0,-0.1111254170536995,-0.1111254170536995
166,5.533333333333333,24,0,0,,4,uneven rough,6,0.0,58.959129333496094,36.27116394042969,0.3817718029022217,1.7297563552856445,-0.6806852221488953,1.7297563552856445,-0.6806852221488953,9.431825637817383,3.0104613304138184,0.3333333432674408,0.4428139626979828,0.1742141842842102,0.8648781776428223,-0.34034261107444763,0.031118888407945633,0.6285768747329712,-0.16450287401676178,-0.3348459005355835,0.23665739595890045,-0.12831030786037445,0.021783221513032913,0.021783221513032913,0.03758233040571213,1.554535150527954,0.6097515821456909,0.0,-0.015799108892679214,-0.015799108892679214,0.3142884373664856,0.3142884373664856,0.2632668614387512,1.999963402748108,-0.6696688532829285,0.0,0.051021575927734375,0.051021575927734375,-0.08225143700838089,-0.08225143700838089,-0.09449325501918793,1.5723927021026611,-0.037572115659713745,0.0,0.012241818010807037,0.012241818010807037,-0.23439212143421173,-0.23439212143421173,-0.17831279337406158,-1.7677210569381714,-1.073169469833374,0.0,-0.056079328060150146,-0.056079328060150146,0.11832869797945023,0.11832869797945023,0.15044152736663818,0.248861163854599,0.04517883434891701,0.0,-0.03211282938718796,-0.03211282938718796,-0.06415515393018723,-0.06415515393018723,-0.0480772890150547,-0.17715221643447876,0.47494590282440186,0.0,-0.016077864915132523,-0.016077864915132523
167,5.566666666666666,4,0,0,,4,uneven rough,5,0.0,56.01483154296875,35.15826416015625,0.20996493101119995,1.0570542812347412,-0.5406919717788696,1.0570542812347412,-0.5406919717788696,2.1143853664398193,2.179450511932373,0.3333333432674408,0.2296992987394333,0.04551815241575241,0.5285271406173706,-0.2703459858894348,0.31875985860824585,0.5461931228637695,0.2649521231651306,0.014806298539042473,0.6819884777069092,-0.17689184844493866,0.22313189506530762,0.22313189506530762,0.2799728810787201,-1.9932594299316406,1.0978587865829468,0.0,-0.056840986013412476,-0.056840986013412476,0.27309656143188477,0.27309656143188477,0.11873429268598557,1.9160962104797363,0.8859397172927856,0.0,0.1543622687458992,0.1543622687458992,0.1324760615825653,0.1324760615825653,0.12728987634181976,-1.830407738685608,0.6080969572067261,0.0,0.005186185240745544,0.005186185240745544,0.010364408604800701,0.010364408604800701,0.05498065799474716,-0.7019702792167664,-1.2998952865600586,0.0,-0.04461624938994646,-0.04461624938994646,0.3409942388534546,0.3409942388534546,0.17341654002666473,1.9919785261154175,-0.8093241453170776,0.0,0.16757769882678986,0.16757769882678986,-0.08844592422246933,-0.08844592422246933,-0.026031946763396263,-1.3434187173843384,1.144339919090271,0.0,-0.06241397745907307,-0.06241397745907307
167,5.566666666666666,14,0,0,,4,uneven rough,5,0.0,55.90977096557617,36.32796859741211,0.17706376314163208,0.33463504910469055,0.06619139760732651,0.33463504910469055,0.06619139760732651,3.9437549114227295,4.581498146057129,0.5,0.4654361605644226,0.10126524418592453,0.16731752455234528,0.033095698803663254,0.23034155368804932,0.10664815455675125,0.625044584274292,0.4454990029335022,-0.08920422196388245,0.03729559853672981,0.16123908758163452,0.16123908758163452,0.23524229228496552,-1.9549418687820435,-0.8027886748313904,0.0,-0.074003204703331,-0.074003204703331,0.053324077278375626,0.053324077278375626,-0.02050585299730301,1.978536605834961,-1.1038250923156738,0.0,0.07382993027567863,0.07382993027567863,0.312522292137146,0.312522292137146,0.17243362963199615,1.5720134973526,-1.3281927108764648,0.0,0.14008866250514984,0.14008866250514984,0.31184929609298706,0.31184929609298706,0.3786925673484802,-1.3852614164352417,1.7612721920013428,0.0,-0.06684327125549316,-0.06684327125549316,-0.14272676408290863,-0.14272676408290863,0.0497731976211071,0.007460301276296377,-0.971014678478241,0.0,-0.19249996170401573,-0.19249996170401573,0.018647799268364906,0.018647799268364906,0.034164391458034515,0.15334339439868927,0.27824148535728455,0.0,-0.015516592189669609,-0.015516592189669609
167,5.566666666666666,24,0,0,,4,uneven rough,6,0.0,59.022308349609375,36.274234771728516,0.37971821427345276,0.9085919260978699,0.23523133993148804,0.9085919260978699,0.23523133993148804,4.635226249694824,0.0,0.0,0.6882305145263672,0.1359044313430786,0.45429596304893494,0.11761566996574402,0.08516062051057816,0.29193052649497986,0.0014759775949642062,-0.2264639288187027,0.2204791009426117,-0.2854069173336029,0.05961243435740471,0.05961243435740471,0.05588195100426674,-0.04910767078399658,1.143933892250061,0.0,0.00373048335313797,0.00373048335313797,0.14596526324748993,0.14596526324748993,0.20207403600215912,-1.7793124914169312,0.8397459983825684,0.0,-0.05610877275466919,-0.05610877275466919,0.0007379887974821031,0.0007379887974821031,-0.027219058945775032,0.8331300616264343,0.8727048635482788,0.0,0.027957047743257135,0.027957047743257135,-0.158524751663208,-0.158524751663208,-0.16342057287693024,1.4188121557235718,-1.4658701419830322,0.0,0.004895821213722229,0.004895821213722229,0.11023955047130585,0.11023955047130585,0.09657125174999237,-1.3153492212295532,0.16034118831157684,0.0,0.013668298721313477,0.013668298721313477,-0.14270345866680145,-0.14270345866680145,-0.08315563946962357,-0.9965630769729614,0.10624845325946808,0.0,-0.05954781919717789,-0.05954781919717789
168,5.6,4,0,0,,4,uneven rough,5,0.0,56.02248764038086,35.202552795410156,0.19469806551933289,1.2524142265319824,0.1253795623779297,1.2524142265319824,0.1253795623779297,5.7661590576171875,2.084972858428955,0.1666666716337204,0.11316641420125961,0.2879003882408142,0.6262071132659912,0.06268978118896484,0.9017249345779419,-0.06862249970436096,0.344316303730011,0.5632261037826538,0.3344322144985199,-0.032957255840301514,0.6312074661254883,0.6312074661254883,0.27865517139434814,1.089084506034851,-0.6498649716377258,0.0,0.35255229473114014,0.35255229473114014,-0.10979600250720978,-0.10979600250720978,0.058872584253549576,-0.7558453679084778,1.468392014503479,0.0,-0.16866858676075935,-0.16866858676075935,0.1721581518650055,0.1721581518650055,0.1503668576478958,1.142852544784546,-0.7706379890441895,0.0,0.02179129421710968,0.02179129421710968,0.3942582607269287,0.3942582607269287,0.0764889195561409,1.153661847114563,-0.9618273973464966,0.0,0.3177693411707878,0.3177693411707878,0.16721610724925995,0.16721610724925995,0.15427455306053162,-0.6566316485404968,0.7745373845100403,0.0,0.012941554188728333,0.012941554188728333,-0.016478627920150757,-0.016478627920150757,-0.0023922561667859554,2.0844647884368896,-0.26224327087402344,0.0,-0.014086371753364801,-0.014086371753364801
168,5.6,14,0,0,,4,uneven rough,5,0.0,55.90487289428711,36.35719680786133,0.17651711404323578,1.4131897687911987,0.8340677618980408,1.4131897687911987,0.8340677618980408,4.263138771057129,2.4348485469818115,0.5,0.28657907247543335,0.14356307685375214,0.7065948843955994,0.4170338809490204,0.7645529508590698,-0.1646682322025299,0.32409796118736267,-0.3320750296115875,0.27955174446105957,-0.4671633839607239,0.5351870656013489,0.5351870656013489,0.2740734815597534,2.048222541809082,-1.4542181491851807,0.0,0.26111358404159546,0.26111358404159546,-0.2634691894054413,-0.2634691894054413,-0.04262598231434822,-0.9154596924781799,0.6389477252960205,0.0,-0.22084320709109306,-0.22084320709109306,0.16204898059368134,0.16204898059368134,0.15832369029521942,-1.148659348487854,0.3115890920162201,0.0,0.003725290298461914,0.003725290298461914,-0.23245251178741455,-0.23245251178741455,0.3086642324924469,-1.855277419090271,-0.017783578485250473,0.0,-0.5411167442798615,-0.5411167442798615,0.13977587223052979,0.13977587223052979,0.07613781094551086,0.9804800748825073,-0.4177831709384918,0.0,0.06363806128501892,0.06363806128501892,-0.23358169198036194,-0.23358169198036194,-0.011649508960545063,-2.1469244956970215,0.20762388408184052,0.0,-0.22193218301981688,-0.22193218301981688
168,5.6,24,0,0,,4,uneven rough,6,0.0,59.088417053222656,36.274906158447266,0.37629690766334534,1.7336459159851074,0.10924811661243439,1.7336459159851074,0.10924811661243439,8.771272659301758,0.9382945895195007,0.3333333432674408,0.9113532900810242,0.07985624670982361,0.8668229579925537,0.054624058306217194,-0.014387283474206924,0.4429461658000946,0.06282319873571396,0.014552325941622257,0.1553681194782257,0.08308091014623642,-0.010071097873151302,-0.010071097873151302,0.0015871335053816438,-1.9934049844741821,0.4693860411643982,0.0,-0.011658231378532946,-0.011658231378532946,0.2214730829000473,0.2214730829000473,0.20424285531044006,-0.11564342677593231,-0.6410743594169617,0.0,0.01723022758960724,0.01723022758960724,0.03141159936785698,0.03141159936785698,0.015192264690995216,-0.38449418544769287,0.8503292202949524,0.0,0.016219334676861763,0.016219334676861763,0.010186628438532352,0.010186628438532352,-0.09549420326948166,1.9046651124954224,0.16513441503047943,0.0,0.10568083170801401,0.10568083170801401,0.07768405973911285,0.07768405973911285,0.09545507282018661,0.2879140377044678,-0.6740168333053589,0.0,-0.01777101308107376,-0.01777101308107376,0.04154045507311821,0.04154045507311821,-0.017694970592856407,1.9454412460327148,-0.5172831416130066,0.0,0.05923542566597462,0.05923542566597462
169,5.633333333333333,4,0,0,,4,uneven rough,5,0.0,56.03249740600586,35.24848937988281,0.1972009837627411,1.595306396484375,0.10747325420379639,1.595306396484375,0.10747325420379639,5.742958068847656,1.3828928470611572,0.5,0.13066968321800232,0.10180474817752838,0.7976531982421875,0.05373662710189819,0.36123180389404297,0.5649833679199219,0.1639896035194397,0.47208142280578613,-0.018522171303629875,0.5257425308227539,0.25286224484443665,0.25286224484443665,0.26247987151145935,-0.8685643672943115,0.33334019780158997,0.0,-0.009617626667022705,-0.009617626667022705,0.28249168395996094,0.28249168395996094,0.11368850618600845,1.9707525968551636,0.21080419421195984,0.0,0.16880317777395248,0.16880317777395248,0.08199480175971985,0.08199480175971985,0.09644325822591782,-1.919258952140808,0.31125298142433167,0.0,-0.014448456466197968,-0.014448456466197968,0.33045700192451477,0.33045700192451477,0.1440199464559555,2.000001907348633,0.2342739999294281,0.0,0.18643705546855927,0.18643705546855927,-0.0296354740858078,-0.0296354740858078,0.0946660190820694,-1.9684370756149292,-0.03464815765619278,0.0,-0.1243014931678772,-0.1243014931678772,0.26287126541137695,0.26287126541137695,0.05838095769286156,2.0,1.0645896196365356,0.0,0.2044903077185154,0.2044903077185154
169,5.633333333333333,14,0,0,,4,uneven rough,5,0.0,55.900123596191406,36.38685989379883,0.17206278443336487,1.3187804222106934,-0.1382995843887329,1.3187804222106934,-0.1382995843887329,6.488654136657715,3.503560781478882,0.1731516569852829,0.3277061879634857,0.10854475200176239,0.6593902111053467,-0.06914979219436646,0.3270759582519531,-0.08921769261360168,0.7288706302642822,0.3417978584766388,0.1659252643585205,-0.34136292338371277,0.22895316779613495,0.22895316779613495,0.27457937598228455,-1.4172248840332031,0.5260680913925171,0.0,-0.0456262081861496,-0.0456262081861496,-0.14274831116199493,-0.14274831116199493,-0.10227955877780914,-1.9354662895202637,-0.23991702497005463,0.0,-0.04046875238418579,-0.04046875238418579,0.3644353151321411,0.3644353151321411,0.17789340019226074,0.8673691153526306,-0.5140379667282104,0.0,0.18654191493988037,0.18654191493988037,0.23925849795341492,0.23925849795341492,0.27193063497543335,-0.6867478489875793,-1.0567058324813843,0.0,-0.03267213702201843,-0.03267213702201843,0.08296263217926025,0.08296263217926025,0.0889454185962677,0.37628912925720215,0.3727973699569702,0.0,-0.005982786417007446,-0.005982786417007446,-0.17068146169185638,-0.17068146169185638,-0.06578152626752853,-1.8556792736053467,-1.1236419677734375,0.0,-0.10489993542432785,-0.10489993542432785
169,5.633333333333333,24,0,0,,4,uneven rough,6,0.0,59.15333557128906,36.28386688232422,0.38470658659935,1.5612521171569824,-0.8908624053001404,1.5612521171569824,-0.8908624053001404,6.976370811462402,0.7893218398094177,0.3333333432674408,0.9321162104606628,0.03740297257900238,0.7806260585784912,-0.4454312026500702,-0.18641386926174164,0.6866738796234131,-0.43938615918159485,-0.07025545835494995,0.11504600942134857,0.11678604036569595,-0.13048970699310303,-0.13048970699310303,-0.06795068830251694,-1.9847204685211182,-0.9230804443359375,0.0,-0.06253901869058609,-0.06253901869058609,0.34333693981170654,0.34333693981170654,0.2657037079334259,1.9898477792739868,-0.34399476647377014,0.0,0.07763323187828064,0.07763323187828064,-0.21969307959079742,-0.21969307959079742,-0.03158857300877571,-1.0701417922973633,0.15215787291526794,0.0,-0.1881045065820217,-0.1881045065820217,-0.049178820103406906,-0.049178820103406906,-0.039866309612989426,0.9310063719749451,1.1486681699752808,0.0,-0.00931251049041748,-0.00931251049041748,0.057523004710674286,0.057523004710674286,0.11582083255052567,-0.6715372800827026,-0.13013941049575806,0.0,-0.05829782783985138,-0.05829782783985138,0.05839302018284798,0.05839302018284798,0.017208503559231758,0.8525768518447876,0.8751456141471863,0.0,0.04118451662361622,0.04118451662361622
170,5.666666666666667,4,0,0,,4,uneven rough,5,0.0,56.040069580078125,35.295692443847656,0.200046569108963,0.6513325572013855,-0.281669944524765,0.6513325572013855,-0.281669944524765,3.3451449871063232,0.0,0.0,0.08993816375732422,0.08687406778335571,0.32566627860069275,-0.1408349722623825,-0.04545370861887932,0.48067402839660645,0.5901535749435425,0.491987943649292,0.044572606682777405,0.29510486125946045,-0.03181759640574455,-0.03181759640574455,0.20500029623508453,-1.5907896757125854,-0.3462187945842743,0.0,-0.2368178926408291,-0.2368178926408291,0.24033701419830322,0.24033701419830322,0.1800324022769928,1.7128536701202393,1.20588219165802,0.0,0.060304611921310425,0.060304611921310425,0.29507678747177124,0.29507678747177124,0.13318051397800446,-0.3946317732334137,-0.949882447719574,0.0,0.16189627349376678,0.16189627349376678,0.3443915545940399,0.3443915545940399,0.21069391071796417,1.7026678323745728,1.2326197624206543,0.0,0.13369764387607574,0.13369764387607574,0.022286303341388702,0.022286303341388702,0.05567615479230881,-1.8121235370635986,-1.1280158758163452,0.0,-0.033389851450920105,-0.033389851450920105,0.14755243062973022,0.14755243062973022,0.10453323274850845,1.729104995727539,1.5934723615646362,0.0,0.04301919788122177,0.04301919788122177
170,5.666666666666667,14,0,0,,4,uneven rough,5,0.0,55.89646911621094,36.41903305053711,0.17844045162200928,1.3478000164031982,0.4633999466896057,1.3478000164031982,0.4633999466896057,3.1561927795410156,1.576219916343689,0.3333333432674408,0.23348212242126465,0.18998627364635468,0.6739000082015991,0.23169997334480286,0.8222658634185791,0.1563141644001007,0.3290221691131592,0.13501305878162384,0.03297613933682442,-0.16224005818367004,0.5755860805511475,0.5755860805511475,0.3279060125350952,1.8744386434555054,-0.5726732611656189,0.0,0.24768006801605225,0.24768006801605225,0.07815708220005035,0.07815708220005035,-0.062226783484220505,1.5000770092010498,-1.1985836029052734,0.0,0.14038386568427086,0.14038386568427086,0.1645110845565796,0.1645110845565796,0.14905185997486115,-0.33508968353271484,0.2670120596885681,0.0,0.015459224581718445,0.015459224581718445,0.09450913965702057,0.09450913965702057,0.202623650431633,-2.000013589859009,-0.8475309014320374,0.0,-0.10811451077461243,-0.10811451077461243,0.01648806966841221,0.01648806966841221,0.06589138507843018,-1.941680669784546,0.3747716248035431,0.0,-0.04940331541001797,-0.04940331541001797,-0.08112002909183502,-0.08112002909183502,-0.09463777393102646,0.8227028250694275,-1.5375372171401978,0.0,0.013517744839191437,0.013517744839191437
170,5.666666666666667,24,0,0,,4,uneven rough,6,0.0,59.21113967895508,36.2980842590332,0.3853021264076233,1.708575963973999,-0.22962284088134766,1.708575963973999,-0.22962284088134766,7.527233123779297,0.5944482088088989,0.3333333432674408,0.5457110404968262,0.2267526239156723,0.8542879819869995,-0.11481142044067383,0.0036766009870916605,0.30313724279403687,-0.2715744972229004,-0.41270193457603455,0.4839654564857483,-0.3512853682041168,0.0025736207608133554,0.0025736207608133554,-0.022935330867767334,1.8408544063568115,-1.5233336687088013,0.0,0.02550895162858069,0.02550895162858069,0.15156862139701843,0.15156862139701843,0.23892244696617126,-2.0000059604644775,0.9755640029907227,0.0,-0.08735382556915283,-0.08735382556915283,-0.1357872486114502,-0.1357872486114502,-0.10059157758951187,-1.9983042478561401,-0.5389325618743896,0.0,-0.035195671021938324,-0.035195671021938324,-0.28889134526252747,-0.28889134526252747,-0.10439138859510422,-1.996503233909607,1.025601863861084,0.0,-0.18449995666742325,-0.18449995666742325,0.24198272824287415,0.24198272824287415,0.15980437397956848,2.007558584213257,-0.43624672293663025,0.0,0.08217835426330566,0.08217835426330566,-0.1756426841020584,-0.1756426841020584,-0.0296014491468668,-0.8613175749778748,0.8623851537704468,0.0,-0.1460412349551916,-0.1460412349551916
171,5.7,4,0,0,,4,uneven rough,5,0.0,56.039180755615234,35.34819793701172,0.2054605484008789,1.212733268737793,0.4924977123737335,1.212733268737793,0.4924977123737335,8.073190689086914,2.6766867637634277,0.5,0.2779560685157776,0.15408816933631897,0.6063666343688965,0.24624885618686676,0.2859157919883728,0.5044491291046143,0.5816203355789185,0.2843703031539917,0.1411798894405365,-0.16454075276851654,0.2001410573720932,0.2001410573720932,0.20942848920822144,0.8540945053100586,-1.0499013662338257,0.0,-0.009287431836128235,-0.009287431836128235,0.25222456455230713,0.25222456455230713,0.24487635493278503,0.9379962682723999,1.4925247430801392,0.0,0.007348209619522095,0.007348209619522095,0.29081016778945923,0.29081016778945923,0.15350531041622162,1.3873172998428345,-0.6359426975250244,0.0,0.1373048573732376,0.1373048573732376,0.19905920326709747,0.19905920326709747,0.20664095878601074,-0.8959304690361023,1.4983857870101929,0.0,-0.007581755518913269,-0.007581755518913269,0.07058994472026825,0.07058994472026825,0.08068552613258362,1.2464210987091064,-1.514811635017395,0.0,-0.010095581412315369,-0.010095581412315369,-0.08227037638425827,-0.08227037638425827,0.11073567718267441,0.1637881100177765,1.6701593399047852,0.0,-0.19300605356693268,-0.19300605356693268
171,5.7,14,0,0,,4,uneven rough,5,0.0,55.8895378112793,36.45018005371094,0.18516522645950317,0.8092229962348938,0.17711852490901947,0.8092229962348938,0.17711852490901947,1.6061317920684814,0.3222462832927704,0.1666666716337204,0.5420903563499451,0.1589110940694809,0.4046114981174469,0.08855926245450974,0.18275251984596252,0.557389497756958,0.4468376636505127,0.18450626730918884,0.14574958384037018,-0.4567900598049164,0.127926766872406,0.127926766872406,0.2869798243045807,-1.7595889568328857,0.810928225517273,0.0,-0.15905305743217468,-0.15905305743217468,0.278694748878479,0.278694748878479,0.0019633634947240353,1.329880714416504,0.32724395394325256,0.0,0.27673138538375497,0.27673138538375497,0.22341883182525635,0.22341883182525635,0.1683388650417328,1.3482203483581543,-0.07341734319925308,0.0,0.05507996678352356,0.05507996678352356,0.12915438413619995,0.12915438413619995,0.16549046337604523,-1.7550705671310425,-1.4991466999053955,0.0,-0.036336079239845276,-0.036336079239845276,0.07287479192018509,0.07287479192018509,0.09111279994249344,0.32281509041786194,-0.9349546432495117,0.0,-0.01823800802230835,-0.01823800802230835,-0.2283950299024582,-0.2283950299024582,-0.11354246735572815,-1.2232049703598022,-0.20305326581001282,0.0,-0.11485256254673004,-0.11485256254673004
171,5.7,24,0,0,,4,uneven rough,6,0.0,59.26607894897461,36.30729675292969,0.3884221017360687,1.1081526279449463,-0.8474838137626648,1.1081526279449463,-0.8474838137626648,6.018314361572266,2.8644843101501465,0.1666666716337204,0.4619966149330139,0.15610256791114807,0.5540763139724731,-0.4237419068813324,0.13414159417152405,0.1780344396829605,0.372336745262146,-0.2999609112739563,0.21915437281131744,-0.474552184343338,0.09389911592006683,0.09389911592006683,0.04348599165678024,1.946876883506775,0.37878429889678955,0.0,0.05041312426328659,0.05041312426328659,0.08901721984148026,0.08901721984148026,0.17366085946559906,-1.990371584892273,-0.7068285942077637,0.0,-0.0846436396241188,-0.0846436396241188,0.186168372631073,0.186168372631073,-0.09143204987049103,0.5507951974868774,-1.3640639781951904,0.0,0.277600422501564,0.277600422501564,-0.20997263491153717,-0.20997263491153717,-0.16836120188236237,-1.8900891542434692,-0.6831017732620239,0.0,-0.041611433029174805,-0.041611433029174805,0.10957718640565872,0.10957718640565872,0.13240143656730652,-1.6480560302734375,0.9454851746559143,0.0,-0.022824250161647797,-0.022824250161647797,-0.237276092171669,-0.237276092171669,-0.037343934178352356,0.025717539712786674,-0.11219944804906845,0.0,-0.19993215799331665,-0.19993215799331665
172,5.733333333333333,4,0,0,,4,uneven rough,5,0.0,56.03573226928711,35.3987922668457,0.20021526515483856,1.7865428924560547,-0.417373389005661,1.7865428924560547,-0.417373389005661,6.879912853240967,3.0751142501831055,0.5,0.20088732242584229,0.13132330775260925,0.8932714462280273,-0.2086866945028305,0.7115269899368286,0.3827584385871887,-0.478246808052063,0.1661287546157837,0.21122771501541138,-0.19641579687595367,0.4980688989162445,0.4980688989162445,0.27428433299064636,1.9999924898147583,0.026621326804161072,0.0,0.22378456592559814,0.22378456592559814,0.19137921929359436,0.19137921929359436,0.2042846381664276,-0.945385217666626,1.1789933443069458,0.0,-0.012905418872833252,-0.012905418872833252,-0.2391234040260315,-0.2391234040260315,0.0978984385728836,-1.8733253479003906,0.5080121159553528,0.0,-0.3370218425989151,-0.3370218425989151,0.1162901297211647,0.1162901297211647,0.14075852930545807,-1.9998321533203125,0.14463506639003754,0.0,-0.024468399584293365,-0.024468399584293365,0.10561385750770569,0.10561385750770569,0.08481385558843613,1.283223271369934,0.046394288539886475,0.0,0.020800001919269562,0.020800001919269562,-0.09820789843797684,-0.09820789843797684,0.04937566816806793,-1.9885574579238892,0.8184543251991272,0.0,-0.14758356660604477,-0.14758356660604477
172,5.733333333333333,14,0,0,,4,uneven rough,5,0.0,55.885929107666016,36.480167388916016,0.17890124022960663,1.406211256980896,-0.49673572182655334,1.406211256980896,-0.49673572182655334,4.391314506530762,3.450079917907715,0.3333333432674408,0.3524863123893738,0.24194785952568054,0.703105628490448,-0.24836786091327667,0.9314395785331726,-0.06608244776725769,0.44041383266448975,0.04476224258542061,0.2893868386745453,-0.5996955633163452,0.6520076990127563,0.6520076990127563,0.3170240521430969,1.419944405555725,-0.6424468159675598,0.0,0.3349836468696594,0.3349836468696594,-0.10573191940784454,-0.10573191940784454,-0.05243605002760887,-2.0040595531463623,0.8941365480422974,0.0,-0.05329586938023567,-0.05329586938023567,0.22020691633224487,0.22020691633224487,0.20386594533920288,1.9641488790512085,0.7303791642189026,0.0,0.016340970993041992,0.016340970993041992,0.031333569437265396,0.031333569437265396,0.09488678723573685,-2.0214548110961914,-1.6438465118408203,0.0,-0.06355321779847145,-0.06355321779847145,0.14469341933727264,0.14469341933727264,0.10575076937675476,0.17353247106075287,-0.2238093763589859,0.0,0.03894264996051788,0.03894264996051788,-0.2998477816581726,-0.2998477816581726,-0.14378197491168976,-0.03622917830944061,-0.7798488736152649,0.0,-0.15606580674648285,-0.15606580674648285
172,5.733333333333333,24,0,0,,4,uneven rough,6,0.0,59.32691192626953,36.316551208496094,0.39205288887023926,1.542130708694458,-1.125728964805603,1.542130708694458,-1.125728964805603,8.40817642211914,4.484353065490723,0.3333333432674408,0.1676628291606903,0.10453604906797409,0.771065354347229,-0.5628644824028015,-0.2706066370010376,0.42400744557380676,0.7166647911071777,-0.1917836219072342,0.4354560077190399,-0.14374612271785736,-0.18942464888095856,-0.18942464888095856,-0.011759325861930847,-1.811625599861145,1.265386700630188,0.0,-0.1776653230190277,-0.1776653230190277,0.21200372278690338,0.21200372278690338,0.20891331136226654,0.49416059255599976,-1.4325461387634277,0.0,0.003090411424636841,0.003090411424636841,0.35833239555358887,0.35833239555358887,-0.04969651624560356,0.09268151968717575,-0.2813991606235504,0.0,0.40802891179919243,0.40802891179919243,-0.1342485398054123,-0.1342485398054123,-0.12099769711494446,1.370131015777588,-1.3655345439910889,0.0,-0.013250842690467834,-0.013250842690467834,0.21772800385951996,0.21772800385951996,0.1894436478614807,1.9592316150665283,-0.5209076404571533,0.0,0.028284355998039246,0.028284355998039246,-0.07187306135892868,-0.07187306135892868,-0.03692211955785751,-0.016497939825057983,-0.03422093763947487,0.0,-0.03495094180107117,-0.03495094180107117
173,5.766666666666667,4,0,0,,4,uneven rough,5,0.0,56.034095764160156,35.44704055786133,0.19208075106143951,1.4069759845733643,0.4606519639492035,1.4069759845733643,0.4606519639492035,7.192255973815918,0.0,0.0,0.2873370349407196,0.12234600633382797,0.7034879922866821,0.23032598197460175,0.3733059763908386,0.06834784150123596,0.334974467754364,0.12877868115901947,0.18028613924980164,-0.18090657889842987,0.26131418347358704,0.26131418347358704,0.28724604845046997,-1.00108802318573,1.1423689126968384,0.0,-0.025931864976882935,-0.025931864976882935,0.03417392075061798,0.03417392075061798,0.13882489502429962,-1.9522062540054321,-0.02213408797979355,0.0,-0.10465097427368164,-0.10465097427368164,0.167487233877182,0.167487233877182,0.12901803851127625,1.0140856504440308,-0.8384003639221191,0.0,0.03846919536590576,0.03846919536590576,0.09014507383108139,0.09014507383108139,0.10536360740661621,-0.40261033177375793,-1.0678505897521973,0.0,-0.01521853357553482,-0.01521853357553482,0.09014306962490082,0.09014306962490082,0.09832964837551117,0.5073832273483276,0.7456995844841003,0.0,-0.008186578750610352,-0.008186578750610352,-0.09045328944921494,-0.09045328944921494,0.055471159517765045,0.6657510995864868,-0.7686351537704468,0.0,-0.14592444896697998,-0.14592444896697998
173,5.766666666666667,14,0,0,,4,uneven rough,5,0.0,55.896575927734375,36.51053237915039,0.1823178380727768,1.4819649457931519,0.4966311454772949,1.4819649457931519,0.4966311454772949,5.852805137634277,4.516968727111816,0.3333333432674408,0.3792310655117035,0.10699141025543213,0.7409824728965759,0.24831557273864746,0.7992985248565674,0.6006994247436523,-0.013776067644357681,0.28613802790641785,0.18866026401519775,0.018781207501888275,0.5595089793205261,0.5595089793205261,0.3731634020805359,1.4125760793685913,0.5236328840255737,0.0,0.18634557723999023,0.18634557723999023,0.30034971237182617,0.30034971237182617,-0.009132221341133118,1.2880232334136963,-0.7445087432861328,0.0,0.3094819337129593,0.3094819337129593,-0.006888033822178841,-0.006888033822178841,0.15817207098007202,-1.9251583814620972,1.4279547929763794,0.0,-0.16506010480225086,-0.16506010480225086,0.20029661059379578,0.20029661059379578,0.10238132625818253,1.9970080852508545,-1.8573468923568726,0.0,0.09791528433561325,0.09791528433561325,0.09433013200759888,0.09433013200759888,0.10140715539455414,-0.7148627638816833,0.000848419324029237,0.0,-0.007077023386955261,-0.007077023386955261,0.009390603750944138,0.009390603750944138,-0.11479213088750839,-0.047010257840156555,-0.35940495133399963,0.0,0.12418273463845253,0.12418273463845253
173,5.766666666666667,24,0,0,,4,uneven rough,6,0.0,59.38801956176758,36.31651306152344,0.386928915977478,1.4484899044036865,-0.06095518544316292,1.4484899044036865,-0.06095518544316292,6.828956604003906,0.344289630651474,0.3333333432674408,0.1558760404586792,0.09916367381811142,0.7242449522018433,-0.03047759272158146,0.4330505132675171,0.42709746956825256,-0.30417317152023315,0.06769324094057083,0.433219850063324,0.12353242188692093,0.30313536524772644,0.30313536524772644,0.008265649899840355,1.8016129732131958,-0.4743615686893463,0.0,0.2948697153478861,0.2948697153478861,0.21354873478412628,0.21354873478412628,0.20430493354797363,-0.32389867305755615,-0.34318268299102783,0.0,0.009243801236152649,0.009243801236152649,-0.15208658576011658,-0.15208658576011658,-0.10885464400053024,-2.000000476837158,-0.06989327818155289,0.0,-0.043231941759586334,-0.043231941759586334,0.04738526791334152,0.04738526791334152,-0.0634818971157074,2.000011682510376,0.18121564388275146,0.0,0.11086716502904892,0.11086716502904892,0.216609925031662,0.216609925031662,0.22663584351539612,0.34109413623809814,0.8813675045967102,0.0,-0.01002591848373413,-0.01002591848373413,0.061766210943460464,0.061766210943460464,0.021755553781986237,2.0000157356262207,-0.0242003221064806,0.0,0.04001065716147423,0.04001065716147423
174,5.8,4,0,0,,4,uneven rough,5,0.0,56.03904724121094,35.49203109741211,0.1983136534690857,1.4056695699691772,0.26667898893356323,1.4056695699691772,0.26667898893356323,4.701385498046875,4.125704765319824,0.5,0.3420565724372864,0.11515882611274719,0.7028347849845886,0.13333949446678162,0.8107749819755554,0.1584380865097046,0.10698650032281876,0.3176349699497223,-0.046433161944150925,0.07232637703418732,0.5675424933433533,0.5675424933433533,0.31632328033447266,1.2725307941436768,-0.06954547017812729,0.0,0.2512192130088806,0.2512192130088806,0.0792190432548523,0.0792190432548523,0.08836686611175537,-0.20419880747795105,-1.1134003400802612,0.0,-0.009147822856903076,-0.009147822856903076,0.05349325016140938,0.05349325016140938,0.10557238757610321,-1.1484365463256836,0.20899853110313416,0.0,-0.05207913741469383,-0.05207913741469383,0.22234447300434113,0.22234447300434113,0.1318415403366089,1.9509557485580444,-0.691722571849823,0.0,0.09050293266773224,0.09050293266773224,-0.07429306209087372,-0.07429306209087372,0.029670247808098793,-1.989716649055481,0.6109550595283508,0.0,-0.10396330989897251,-0.10396330989897251,0.03616318851709366,0.03616318851709366,0.04496149346232414,-0.8028902411460876,0.04236939921975136,0.0,-0.008798304945230484,-0.008798304945230484
174,5.8,14,0,0,,4,uneven rough,5,0.0,55.91107940673828,36.53788757324219,0.18857711553573608,1.0715038776397705,0.617380678653717,1.0715038776397705,0.617380678653717,5.524147033691406,2.102508068084717,0.1666666716337204,0.11766043305397034,0.19826185703277588,0.5357519388198853,0.3086903393268585,-0.04586419835686684,0.4098527133464813,0.1554415225982666,0.8061956763267517,0.1430094689130783,0.24340219795703888,-0.032104939222335815,-0.032104939222335815,0.33368149399757385,-1.8652526140213013,1.026242971420288,0.0,-0.36578643321990967,-0.36578643321990967,0.20492635667324066,0.20492635667324066,0.050731487572193146,1.9258432388305664,0.4046884775161743,0.0,0.15419486910104752,0.15419486910104752,0.0777207612991333,0.0777207612991333,0.10304322838783264,-1.6317659616470337,-0.46790143847465515,0.0,-0.02532246708869934,-0.02532246708869934,0.5643369555473328,0.5643369555473328,0.17400000989437103,1.8904576301574707,0.3219122886657715,0.0,0.39033694565296173,0.39033694565296173,0.07150473445653915,0.07150473445653915,0.07855164259672165,-0.8144199252128601,-0.40381595492362976,0.0,-0.007046908140182495,-0.007046908140182495,0.12170109897851944,0.12170109897851944,-0.06191685423254967,1.7100530862808228,-0.18277642130851746,0.0,0.1836179532110691,0.1836179532110691
174,5.8,24,0,0,,4,uneven rough,6,0.0,59.44904708862305,36.3144416809082,0.39157426357269287,1.4504420757293701,-0.1111016720533371,1.4504420757293701,-0.1111016720533371,7.492648124694824,0.0,0.0,0.06891089677810669,0.23581092059612274,0.7252210378646851,-0.05555083602666855,-0.557062029838562,0.6212069392204285,0.45176681876182556,0.31464463472366333,0.16106188297271729,0.16890105605125427,-0.3899434208869934,-0.3899434208869934,-0.019370006397366524,-1.8470385074615479,0.8124785423278809,0.0,-0.3705734144896269,-0.3705734144896269,0.31060346961021423,0.31060346961021423,0.2505568265914917,1.9165561199188232,-0.3322794735431671,0.0,0.060046643018722534,0.060046643018722534,0.22588340938091278,0.22588340938091278,-0.05248112231492996,1.8773363828659058,-1.1611793041229248,0.0,0.27836453169584274,0.27836453169584274,0.22025124728679657,0.22025124728679657,0.0059172916226089,1.201406478881836,1.2095662355422974,0.0,0.21433395566418767,0.21433395566418767,0.08053094148635864,0.08053094148635864,0.1924736350774765,-1.0393153429031372,0.5758959650993347,0.0,-0.11194269359111786,-0.11194269359111786,0.08445052802562714,0.08445052802562714,0.03914400935173035,2.0702736377716064,1.1202950477600098,0.0,0.04530651867389679,0.04530651867389679
175,5.833333333333333,4,0,0,,4,uneven rough,5,0.0,56.0445442199707,35.539024353027344,0.21029457449913025,1.0605521202087402,0.7084487676620483,1.0605521202087402,0.7084487676620483,2.286013603210449,4.505594253540039,0.3333333432674408,0.42697572708129883,0.16289012134075165,0.5302760601043701,0.35422438383102417,-0.10615840554237366,0.4372180104255676,0.4431082308292389,0.7270115613937378,0.023242034018039703,0.426305890083313,-0.07431088387966156,-0.07431088387966156,0.27540233731269836,-1.9955124855041504,0.6892668604850769,0.0,-0.3497132211923599,-0.3497132211923599,0.2186090052127838,0.2186090052127838,0.14682234823703766,1.9037623405456543,-0.5993361473083496,0.0,0.07178665697574615,0.07178665697574615,0.22155411541461945,0.22155411541461945,0.169486403465271,1.9563485383987427,-0.5584976673126221,0.0,0.05206771194934845,0.05206771194934845,0.5089080929756165,0.5089080929756165,0.20173399150371552,1.6961270570755005,0.8024525046348572,0.0,0.30717410147190094,0.30717410147190094,0.011621017009019852,0.011621017009019852,0.0373590849339962,-0.5072238445281982,-0.8594693541526794,0.0,-0.02573806792497635,-0.02573806792497635,0.2131529450416565,0.2131529450416565,0.09200488775968552,0.4157370626926422,-0.43554192781448364,0.0,0.12114805728197098,0.12114805728197098
175,5.833333333333333,14,0,0,,4,uneven rough,5,0.0,55.91814422607422,36.5677375793457,0.19805407524108887,0.743366003036499,0.31087905168533325,0.743366003036499,0.31087905168533325,4.429055213928223,1.9150805473327637,0.26887768507003784,-0.09945462644100189,0.13159716129302979,0.3716830015182495,0.15543952584266663,0.2732095420360565,0.3930797874927521,0.5117732882499695,0.46597036719322205,-0.15164653956890106,0.2824331521987915,0.19124667346477509,0.19124667346477509,0.26909756660461426,-1.9037702083587646,-0.6086138486862183,0.0,-0.07785089313983917,-0.07785089313983917,0.19653989374637604,0.19653989374637604,0.11738672107458115,1.9467847347259521,1.2647521495819092,0.0,0.07915317267179489,0.07915317267179489,0.25588664412498474,0.25588664412498474,0.15087221562862396,1.618933916091919,-1.1259524822235107,0.0,0.10501442849636078,0.10501442849636078,0.32617926597595215,0.32617926597595215,0.24213263392448425,1.9923042058944702,1.2087706327438354,0.0,0.0840466320514679,0.0840466320514679,-0.24263446033000946,-0.24263446033000946,0.061720870435237885,-0.5805057287216187,-0.6359722018241882,0.0,-0.30435533076524734,-0.30435533076524734,0.14121657609939575,0.14121657609939575,0.014696570113301277,1.8082319498062134,0.8874327540397644,0.0,0.12652000598609447,0.12652000598609447
175,5.833333333333333,24,0,0,,4,uneven rough,7,0.0,59.50767517089844,36.3270263671875,0.40661102533340454,1.571666955947876,-0.5030982494354248,1.571666955947876,-0.5030982494354248,8.04488754272461,1.616506576538086,0.37436461448669434,-0.18659356236457825,0.08641798794269562,0.785833477973938,-0.2515491247177124,-0.45228105783462524,0.7116819620132446,-0.09986525028944016,-0.3008226454257965,0.17937690019607544,-0.2608473002910614,-0.31659674644470215,-0.31659674644470215,-0.08006557077169418,-1.8042075634002686,-0.6912171244621277,0.0,-0.23653117567300797,-0.23653117567300797,0.3558409810066223,0.3558409810066223,0.3149709105491638,1.1448228359222412,0.9392161965370178,0.0,0.040870070457458496,0.040870070457458496,-0.04993262514472008,-0.04993262514472008,-0.0815902128815651,-1.2299197912216187,0.5568029284477234,0.0,0.031657587736845016,0.031657587736845016,-0.21057584881782532,-0.21057584881782532,-0.03175933286547661,-1.312604308128357,1.2049527168273926,0.0,-0.1788165159523487,-0.1788165159523487,0.08968845009803772,0.08968845009803772,0.1365942656993866,-1.5170505046844482,-0.3373473882675171,0.0,-0.04690581560134888,-0.04690581560134888,-0.1304236501455307,-0.1304236501455307,0.002260335488244891,-1.9780197143554688,1.6574146747589111,0.0,-0.1326839856337756,-0.1326839856337756
176,5.866666666666666,4,0,0,,4,uneven rough,5,0.0,56.04122543334961,35.58536148071289,0.20909103751182556,1.134405493736267,-0.11030247807502747,1.134405493736267,-0.11030247807502747,6.809124946594238,2.7708048820495605,0.3333333432674408,0.4177277982234955,0.06340958178043365,0.5672027468681335,-0.05515123903751373,0.6127536296844482,0.17080457508563995,-0.013932961970567703,0.15091575682163239,-0.08695453405380249,0.06903940439224243,0.42892754077911377,0.42892754077911377,0.32986536622047424,1.974639654159546,-0.8287122249603271,0.0,0.09906217455863953,0.09906217455863953,0.08540228754281998,0.08540228754281998,0.09613354504108429,-1.8926812410354614,0.8159202337265015,0.0,-0.010731257498264313,-0.010731257498264313,-0.006966480985283852,-0.006966480985283852,0.10850989073514938,-1.9640980958938599,0.8634008765220642,0.0,-0.11547637172043324,-0.11547637172043324,0.10564102977514267,0.10564102977514267,0.14191240072250366,-1.9923020601272583,1.3077377080917358,0.0,-0.03627137094736099,-0.03627137094736099,-0.13912725448608398,-0.13912725448608398,-0.036314766854047775,-1.840706706047058,-0.6603090763092041,0.0,-0.10281248763203621,-0.10281248763203621,0.034519702196121216,0.034519702196121216,0.03949702903628349,-1.2801921367645264,0.0457727387547493,0.0,-0.004977326840162277,-0.004977326840162277
176,5.866666666666666,14,0,0,,4,uneven rough,5,0.0,55.920982360839844,36.60121536254883,0.19737181067466736,0.9094583988189697,-0.09887828677892685,0.9094583988189697,-0.09887828677892685,7.949113845825195,5.328598976135254,0.5,-0.14228510856628418,0.10431170463562012,0.45472919940948486,-0.049439143389463425,0.3773607313632965,0.27681106328964233,0.3230942189693451,0.3156169354915619,0.2205912321805954,0.20332224667072296,0.26415249705314636,0.26415249705314636,0.2666253447532654,0.26213714480400085,-1.340897560119629,0.0,-0.0024728477001190186,-0.0024728477001190186,0.13840553164482117,0.13840553164482117,0.15635810792446136,0.2993882894515991,1.6503746509552002,0.0,-0.017952576279640198,-0.017952576279640198,0.16154710948467255,0.16154710948467255,0.17888040840625763,-0.20478573441505432,0.42601120471954346,0.0,-0.017333298921585083,-0.017333298921585083,0.22093185782432556,0.22093185782432556,0.23164735734462738,-1.0586702823638916,1.6517819166183472,0.0,-0.010715499520301819,-0.010715499520301819,0.1102956160902977,0.1102956160902977,0.07266166806221008,0.8854940533638,-0.604611337184906,0.0,0.037633948028087616,0.037633948028087616,0.10166112333536148,0.10166112333536148,0.08014126867055893,1.9591217041015625,1.408054232597351,0.0,0.02151985466480255,0.02151985466480255
176,5.866666666666666,24,0,0,,4,uneven rough,7,0.0,59.56258010864258,36.332611083984375,0.4019908607006073,1.9603873491287231,0.6648585796356201,1.9231852293014526,0.6648585796356201,8.715795516967773,3.7839953899383545,0.6666666865348816,-0.42093655467033386,0.18115060031414032,0.9801936745643616,0.33242928981781006,0.2929677665233612,0.3866468667984009,0.11261870712041855,-0.2854310870170593,0.45201727747917175,-0.641843318939209,0.20507743954658508,0.20507743954658508,-0.027335021644830704,1.9884569644927979,-1.3205039501190186,0.0,0.2324124611914158,0.2324124611914158,0.19332343339920044,0.19332343339920044,0.2572266161441803,-2.0000016689300537,1.0554665327072144,0.0,-0.06390318274497986,-0.06390318274497986,0.056309353560209274,0.056309353560209274,-0.029731977730989456,2.0000014305114746,-0.45341330766677856,0.0,0.08604133129119873,0.08604133129119873,-0.1998017579317093,-0.1998017579317093,-0.10220562666654587,-1.994868516921997,-0.2184785157442093,0.0,-0.09759613126516342,-0.09759613126516342,0.22600863873958588,0.22600863873958588,0.16037802398204803,2.005419969558716,-1.004353642463684,0.0,0.06563061475753784,0.06563061475753784,-0.3209216594696045,-0.3209216594696045,-0.02699878253042698,-0.4142860174179077,-0.3980664610862732,0.0,-0.2939228769391775,-0.2939228769391775
177,5.9,4,0,0,,4,uneven rough,5,0.0,56.038455963134766,35.628150939941406,0.206946462392807,1.058261752128601,-0.5983794331550598,1.058261752128601,-0.5983794331550598,3.7943713665008545,1.625300407409668,0.24966959655284882,0.8163038492202759,0.1109313815832138,0.5291308760643005,-0.2991897165775299,0.3027958571910858,-0.13639387488365173,0.6928675770759583,0.13767069578170776,-0.10965818166732788,-0.1912313550710678,0.21195709705352783,0.21195709705352783,0.30477988719940186,-1.9266090393066406,0.7563079595565796,0.0,-0.09282279014587402,-0.09282279014587402,-0.218230202794075,-0.218230202794075,0.032997746020555496,-1.9943954944610596,-0.7155278921127319,0.0,-0.2512279488146305,-0.2512279488146305,0.3464337885379791,0.3464337885379791,0.1368826925754547,-0.11935387551784515,-0.7352721095085144,0.0,0.20955109596252441,0.20955109596252441,0.09636948257684708,0.09636948257684708,0.12545496225357056,-0.22169046103954315,-0.5581106543540955,0.0,-0.02908547967672348,-0.02908547967672348,-0.1754530966281891,-0.1754530966281891,-0.09906205534934998,-1.9238917827606201,-1.3277080059051514,0.0,-0.07639104127883911,-0.07639104127883911,-0.0956156775355339,-0.0956156775355339,0.03613433241844177,-0.034086547791957855,-0.7039301991462708,0.0,-0.13175000995397568,-0.13175000995397568
177,5.9,14,0,0,,4,uneven rough,5,0.0,55.92636489868164,36.63627243041992,0.17653605341911316,0.9945163130760193,0.4308944046497345,0.9945163130760193,0.4308944046497345,5.019949913024902,0.0,0.0,-0.27724146842956543,0.0918925553560257,0.49725815653800964,0.21544720232486725,0.5806286334991455,0.24813832342624664,0.2867276668548584,0.39639338850975037,0.2623022496700287,0.0495293028652668,0.40644004940986633,0.40644004940986633,0.3215685188770294,1.9999582767486572,-0.434538871049881,0.0,0.08487153053283691,0.08487153053283691,0.12406916171312332,0.12406916171312332,0.13688616454601288,-1.6053707599639893,0.8865245580673218,0.0,-0.012817002832889557,-0.012817002832889557,0.1433638334274292,0.1433638334274292,0.1454363912343979,-0.17532773315906525,0.0693574845790863,0.0,-0.002072557806968689,-0.002072557806968689,0.27747535705566406,0.27747535705566406,0.24043695628643036,1.3102654218673706,0.1192874014377594,0.0,0.037038400769233704,0.037038400769233704,0.13115112483501434,0.13115112483501434,0.12147603183984756,1.3323420286178589,0.23789693415164948,0.0,0.009675092995166779,0.009675092995166779,0.0247646514326334,0.0247646514326334,0.05628746375441551,-2.0,1.7196286916732788,0.0,-0.03152281232178211,-0.03152281232178211
177,5.9,24,0,0,,4,uneven rough,7,0.0,59.61932373046875,36.334564208984375,0.38562390208244324,1.9494420289993286,-0.562627375125885,1.9146842956542969,-0.562627375125885,10.324146270751953,2.1900744438171387,0.1666666716337204,-0.5913894772529602,0.024921845644712448,0.9747210144996643,-0.2813136875629425,0.6285872459411621,0.2260073721408844,-0.022197037935256958,-0.15969116985797882,0.4489087462425232,-0.5282670259475708,0.44001105427742004,0.44001105427742004,0.03459249809384346,1.766011357307434,0.5503884553909302,0.0,0.4054185561835766,0.4054185561835766,0.1130036860704422,0.1130036860704422,0.19034264981746674,-2.000000476837158,-0.6721006631851196,0.0,-0.07733896374702454,-0.07733896374702454,-0.011098518967628479,-0.011098518967628479,-0.0316254161298275,-0.21431419253349304,0.9337517619132996,0.0,0.02052689716219902,0.02052689716219902,-0.11178381741046906,-0.11178381741046906,-0.12766242027282715,0.29154032468795776,-1.2228525876998901,0.0,0.015878602862358093,0.015878602862358093,0.2244543731212616,0.2244543731212616,0.22204597294330597,1.4228992462158203,0.6973777413368225,0.0,0.0024084001779556274,0.0024084001779556274,-0.2641335129737854,-0.2641335129737854,-0.07961626350879669,-1.0716443061828613,-0.4072370231151581,0.0,-0.1845172494649887,-0.1845172494649887
178,5.933333333333334,4,0,0,,4,uneven rough,5,0.0,56.04234313964844,35.676109313964844,0.2055581510066986,1.209623098373413,-0.4434766471385956,1.209623098373413,-0.4434766471385956,4.986575603485107,1.462957739830017,0.3333333432674408,0.5475067496299744,0.18605153262615204,0.6048115491867065,-0.2217383235692978,0.6485405564308167,0.1820303499698639,0.4091576933860779,0.263355553150177,0.06507067382335663,0.08598767966032028,0.45397838950157166,0.45397838950157166,0.3132636845111847,1.419539451599121,-0.7606181502342224,0.0,0.14071470499038696,0.14071470499038696,0.09101517498493195,0.09101517498493195,0.08958812803030014,1.039534091949463,-1.4386019706726074,0.0,0.0014270469546318054,0.0014270469546318054,0.20457884669303894,0.20457884669303894,0.19124659895896912,1.025700569152832,-0.38703083992004395,0.0,0.013332247734069824,0.013332247734069824,0.18434888124465942,0.18434888124465942,0.1376025676727295,1.0494744777679443,-0.3678980767726898,0.0,0.04674631357192993,0.04674631357192993,0.032535336911678314,0.032535336911678314,-0.029483653604984283,1.9348180294036865,-1.6647913455963135,0.0,0.0620189905166626,0.0620189905166626,0.04299383983016014,0.04299383983016014,0.05730322375893593,0.26205605268478394,-0.3251993954181671,0.0,-0.014309383928775787,-0.014309383928775787
178,5.933333333333334,14,0,0,,4,uneven rough,5,0.0,55.92779541015625,36.67005157470703,0.16715002059936523,0.5771129131317139,0.004339188802987337,0.5771129131317139,0.004339188802987337,0.8469496965408325,0.3996170461177826,0.1666666716337204,-0.22162672877311707,0.16545405983924866,0.28855645656585693,0.0021695944014936686,0.12986811995506287,-0.2731838524341583,0.7609328031539917,0.4296634793281555,0.2539518475532532,0.15819349884986877,0.09090768545866013,0.09090768545866013,0.27803894877433777,-1.8404840230941772,0.9419301748275757,0.0,-0.18713126331567764,-0.18713126331567764,-0.43709418177604675,-0.43709418177604675,0.08711829036474228,-0.909909725189209,-0.522397518157959,0.0,-0.524212472140789,-0.524212472140789,0.38046640157699585,0.38046640157699585,0.17444376647472382,-0.17707660794258118,-0.06898797303438187,0.0,0.20602263510227203,0.20602263510227203,0.30076444149017334,0.30076444149017334,0.29800498485565186,1.4711107015609741,0.7926685214042664,0.0,0.0027594566345214844,0.0027594566345214844,0.1269759237766266,0.1269759237766266,0.12957645952701569,-0.7266017198562622,0.8566981554031372,0.0,-0.002600535750389099,-0.002600535750389099,0.07909674942493439,0.07909674942493439,0.07675407081842422,0.11149244755506516,-0.3834560513496399,0.0,0.0023426786065101624,0.0023426786065101624
178,5.933333333333334,24,0,0,,4,uneven rough,7,0.0,59.677024841308594,36.3189811706543,0.37178775668144226,1.9032933712005615,0.04995989799499512,1.9032933712005615,0.04995989799499512,9.620512008666992,0.09304170310497284,0.1666666716337204,-0.5014490485191345,0.10624198615550995,0.9516466856002808,0.02497994899749756,0.3636639714241028,0.02284613810479641,0.2952234148979187,0.41925397515296936,0.34154123067855835,0.05242298170924187,0.2545647621154785,0.2545647621154785,0.09936076402664185,1.9955813884735107,1.237703800201416,0.0,0.15520399808883667,0.15520399808883667,0.011423069052398205,0.011423069052398205,0.12371768802404404,-2.000004768371582,-1.4228975772857666,0.0,-0.11229461897164583,-0.11229461897164583,0.14761170744895935,0.14761170744895935,0.02857283130288124,1.999409556388855,0.28463321924209595,0.0,0.11903887614607811,0.11903887614607811,0.29347777366638184,0.29347777366638184,-0.07642091810703278,1.861555814743042,-0.36661213636398315,0.0,0.3698986917734146,0.3698986917734146,0.17077061533927917,0.17077061533927917,0.2008175104856491,-0.9747511744499207,1.1075888872146606,0.0,-0.030046895146369934,-0.030046895146369934,0.026211490854620934,0.026211490854620934,-0.03329527750611305,1.0353690385818481,-0.7828940749168396,0.0,0.059506768360733986,0.059506768360733986
179,5.966666666666667,4,0,0,,4,uneven rough,5,0.0,56.049781799316406,35.721988677978516,0.20335659384727478,1.0238394737243652,0.45911261439323425,1.0238394737243652,0.45911261439323425,3.092674970626831,1.4294328689575195,0.3420189321041107,0.7285861372947693,0.1247376799583435,0.5119197368621826,0.22955630719661713,0.5314104557037354,0.45389318466186523,-0.2228545993566513,0.5915228724479675,0.4902837574481964,-0.09833014756441116,0.37198731303215027,0.37198731303215027,0.3561443090438843,1.179871678352356,0.4720468819141388,0.0,0.01584300398826599,0.01584300398826599,0.22694659233093262,0.22694659233093262,0.1570560187101364,1.9926551580429077,-0.037459421902894974,0.0,0.0698905736207962,0.0698905736207962,-0.11142729967832565,-0.11142729967832565,0.13051941990852356,-1.9575090408325195,0.411730021238327,0.0,-0.2419467195868492,-0.2419467195868492,0.41406601667404175,0.41406601667404175,0.19404785335063934,1.6733750104904175,0.4334869086742401,0.0,0.2200181633234024,0.2200181633234024,0.2451418787240982,0.2451418787240982,0.0189434252679348,0.8549383282661438,0.3704342544078827,0.0,0.2261984534561634,0.2261984534561634,-0.04916507378220558,-0.04916507378220558,5.723975118598901e-05,-1.8149747848510742,0.0068358853459358215,0.0,-0.04922231353339157,-0.04922231353339157
179,5.966666666666667,14,0,0,,4,uneven rough,5,0.0,55.92578125,36.706844329833984,0.1735255867242813,1.225749135017395,0.04296376183629036,1.225749135017395,0.04296376183629036,5.514923095703125,3.7183356285095215,0.3333333432674408,-0.6469505429267883,0.08620544523000717,0.6128745675086975,0.02148188091814518,0.4978565275669098,0.032742664217948914,0.5761715769767761,0.25116682052612305,0.06706515699625015,0.16303537786006927,0.3484995663166046,0.3484995663166046,0.32883721590042114,1.7144676446914673,-0.6312518119812012,0.0,0.01966235041618347,0.01966235041618347,0.016371332108974457,0.016371332108974457,0.03430698439478874,-1.1620590686798096,-0.7414976358413696,0.0,-0.017935652285814285,-0.017935652285814285,0.28808578848838806,0.28808578848838806,0.1734771728515625,-0.7139909863471985,-0.13010148704051971,0.0,0.11460861563682556,0.11460861563682556,0.17581677436828613,0.17581677436828613,0.23613134026527405,-1.9218891859054565,1.1762609481811523,0.0,-0.060314565896987915,-0.060314565896987915,0.033532578498125076,0.033532578498125076,0.07161513715982437,-2.008805751800537,-0.03850242495536804,0.0,-0.038082558661699295,-0.038082558661699295,0.08151768893003464,0.08151768893003464,0.09491080790758133,-0.07274702936410904,-0.1036112830042839,0.0,-0.013393118977546692,-0.013393118977546692
179,5.966666666666667,24,0,0,,4,uneven rough,7,0.0,59.73303985595703,36.30923080444336,0.36084848642349243,1.9363669157028198,0.6167213916778564,1.9232960939407349,0.6167213916778564,9.407920837402344,3.3333334922790527,0.1666666716337204,-0.6032618880271912,0.28819483518600464,0.9681834578514099,0.3083606958389282,-0.41392025351524353,0.17342056334018707,0.06783293932676315,0.35707417130470276,0.36543145775794983,0.2562124729156494,-0.28974416851997375,-0.28974416851997375,0.06451477110385895,-1.5726280212402344,1.666209101676941,0.0,-0.3542589396238327,-0.3542589396238327,0.08671028167009354,0.08671028167009354,0.07755026966333389,-0.8815951943397522,-1.7491949796676636,0.0,0.009160012006759644,0.009160012006759644,0.03391646966338158,0.03391646966338158,0.06173621490597725,1.99161696434021,1.2541708946228027,0.0,-0.027819745242595673,-0.027819745242595673,0.24995191395282745,0.24995191395282745,-0.006009979173541069,1.8033459186553955,0.8931980133056641,0.0,0.2559618931263685,0.2559618931263685,0.18271572887897491,0.18271572887897491,0.18316307663917542,0.9102907180786133,-0.06976991891860962,0.0,-0.0004473477602005005,-0.0004473477602005005,0.1281062364578247,0.1281062364578247,0.016746314242482185,-1.7612011432647705,0.24515515565872192,0.0,0.11135992221534252,0.11135992221534252
180,6.0,4,0,0,,4,uneven rough,5,0.0,56.04899978637695,35.76463317871094,0.19272223114967346,1.3704590797424316,0.23158419132232666,1.3704590797424316,0.23158419132232666,7.121382713317871,3.3374414443969727,0.3333333432674408,0.6430649757385254,0.13339418172836304,0.6852295398712158,0.11579209566116333,0.1777094453573227,0.19236676394939423,0.02649267390370369,0.4341823160648346,0.29773393273353577,-0.38060352206230164,0.12439660727977753,0.12439660727977753,0.3085988759994507,-1.9601560831069946,0.8722522854804993,0.0,-0.18420226871967316,-0.18420226871967316,0.09618338197469711,0.09618338197469711,0.14413553476333618,-1.7154605388641357,1.1103709936141968,0.0,-0.04795215278863907,-0.04795215278863907,0.013246336951851845,0.013246336951851845,0.0720338299870491,-1.0446034669876099,-0.9278420209884644,0.0,-0.05878749303519726,-0.05878749303519726,0.30392763018608093,0.30392763018608093,0.26501232385635376,2.000054359436035,1.1345218420028687,0.0,0.03891530632972717,0.03891530632972717,0.14886696636676788,0.14886696636676788,0.061464037746191025,1.7237887382507324,0.6443737149238586,0.0,0.08740292862057686,0.08740292862057686,-0.19030176103115082,-0.19030176103115082,-0.052800580859184265,-0.7381219863891602,-1.023219108581543,0.0,-0.13750118017196655,-0.13750118017196655
180,6.0,14,0,0,,4,uneven rough,5,0.0,55.915260314941406,36.743438720703125,0.18452957272529602,1.2970037460327148,-0.44786542654037476,1.2970037460327148,-0.44786542654037476,1.7344039678573608,2.5486111640930176,0.5917341113090515,-0.8340244293212891,0.04783836007118225,0.6485018730163574,-0.22393271327018738,0.1495988965034485,0.10143230110406876,0.7546465396881104,0.20319204032421112,0.08876308053731918,-0.03689936175942421,0.10471922904253006,0.10471922904253006,0.2959205210208893,-1.5384503602981567,0.6950221657752991,0.0,-0.19120129197835922,-0.19120129197835922,0.05071615055203438,0.05071615055203438,0.05138617381453514,-0.331838995218277,-0.9792838096618652,0.0,-0.0006700232625007629,-0.0006700232625007629,0.3773232698440552,0.3773232698440552,0.20108547806739807,0.8232312202453613,-0.4602336585521698,0.0,0.1762377917766571,0.1762377917766571,0.1422344297170639,0.1422344297170639,0.19346940517425537,-1.8060952425003052,-0.5754386782646179,0.0,-0.05123497545719147,-0.05123497545719147,0.04438154026865959,0.04438154026865959,0.07057419419288635,-0.6607491374015808,-1.1525154113769531,0.0,-0.02619265392422676,-0.02619265392422676,-0.018449680879712105,-0.018449680879712105,0.08737447112798691,-0.9291095733642578,-0.0861605778336525,0.0,-0.10582415200769901,-0.10582415200769901
180,6.0,24,0,0,,4,uneven rough,7,0.0,59.79189682006836,36.32070541381836,0.36164891719818115,1.9683277606964111,-0.9331150054931641,1.9129164218902588,-0.9331150054931641,10.018285751342773,5.597180366516113,0.3333333432674408,-0.5405013561248779,0.14319872856140137,0.9841638803482056,-0.46655750274658203,-0.2503659725189209,0.17908266186714172,-0.2907792627811432,-0.09315898269414902,0.09696958214044571,0.3735966682434082,-0.1752561777830124,-0.1752561777830124,0.0067464024759829044,-1.8874685764312744,-0.16503523290157318,0.0,-0.1820025802589953,-0.1820025802589953,0.08954133093357086,0.08954133093357086,0.0403386726975441,0.6270236968994141,-1.2586524486541748,0.0,0.049202658236026764,0.049202658236026764,-0.1453896313905716,-0.1453896313905716,0.10131240636110306,1.3082250356674194,1.6711242198944092,0.0,-0.24670203775167465,-0.24670203775167465,-0.06521128863096237,-0.06521128863096237,-0.03532957658171654,-2.000311851501465,1.4077972173690796,0.0,-0.029881712049245834,-0.029881712049245834,0.048484791070222855,0.048484791070222855,0.1487288922071457,-1.0601969957351685,0.48435813188552856,0.0,-0.10024410113692284,-0.10024410113692284,0.1867983341217041,0.1867983341217041,0.021342260763049126,0.9371010065078735,-0.8892422914505005,0.0,0.16545607335865498,0.16545607335865498
181,6.033333333333333,4,0,0,,4,uneven rough,5,0.0,56.04601287841797,35.81245803833008,0.18800225853919983,0.9719911813735962,0.8800147771835327,0.9719911813735962,0.8800147771835327,6.3543806076049805,3.8720879554748535,0.3333333432674408,0.5463494062423706,0.06455671787261963,0.4859955906867981,0.44000738859176636,0.7986868619918823,0.052513495087623596,0.17971187829971313,0.13137419521808624,-0.06771694123744965,0.21923042833805084,0.5590807795524597,0.5590807795524597,0.3667159974575043,1.8321889638900757,-0.7291964888572693,0.0,0.19236478209495544,0.19236478209495544,0.026256747543811798,0.026256747543811798,0.08203689754009247,-1.44221031665802,-0.4873591959476471,0.0,-0.05578014999628067,-0.05578014999628067,0.08985593914985657,0.08985593914985657,0.09214801341295242,-0.44313400983810425,-0.9938591718673706,0.0,-0.0022920742630958557,-0.0022920742630958557,0.09196193516254425,0.09196193516254425,0.20222195982933044,-1.7352756261825562,1.623895525932312,0.0,-0.1102600246667862,-0.1102600246667862,-0.10834711045026779,-0.10834711045026779,0.013481616042554379,-2.0254368782043457,1.2546769380569458,0.0,-0.12182872649282217,-0.12182872649282217,0.10961521416902542,0.10961521416902542,0.0011123522417619824,1.6272456645965576,-0.8620246648788452,0.0,0.10850286192726344,0.10850286192726344
181,6.033333333333333,14,0,0,,4,uneven rough,5,0.0,55.90373229980469,36.777313232421875,0.18914370238780975,1.5155763626098633,-0.009648285806179047,1.5155763626098633,-0.009648285806179047,3.096126079559326,3.2074222564697266,0.5,-0.5152314901351929,0.1918269246816635,0.7577881813049316,-0.004824142903089523,0.7971833348274231,0.0220558550208807,0.24292457103729248,0.037932828068733215,0.0006924270419403911,-0.17971296608448029,0.5580283403396606,0.5580283403396606,0.33353009819984436,1.7749528884887695,-0.567787230014801,0.0,0.22449824213981628,0.22449824213981628,0.01102792751044035,0.01102792751044035,0.008941665291786194,-0.5340089201927185,-0.6132173538208008,0.0,0.0020862622186541557,0.0020862622186541557,0.12146228551864624,0.12146228551864624,0.13813936710357666,-1.9502507448196411,0.2654396891593933,0.0,-0.01667708158493042,-0.01667708158493042,0.02655297890305519,0.02655297890305519,0.12355068325996399,-1.6455122232437134,-1.271254062652588,0.0,-0.0969977043569088,-0.0969977043569088,0.00034621352097019553,0.00034621352097019553,0.008519785478711128,-0.9448572397232056,-0.8744698762893677,0.0,-0.008173571957740933,-0.008173571957740933,-0.08985648304224014,-0.08985648304224014,0.023968828842043877,-1.619138240814209,-0.5627654790878296,0.0,-0.11382531188428402,-0.11382531188428402
181,6.033333333333333,24,0,0,,4,uneven rough,7,0.0,59.85477828979492,36.33060836791992,0.37551063299179077,1.9433931112289429,-0.26672279834747314,1.9106405973434448,-0.26672279834747314,10.177682876586914,3.751659393310547,0.5,-0.4034527540206909,0.19363948702812195,0.9716965556144714,-0.13336139917373657,0.4538421332836151,0.2566974461078644,-0.24415382742881775,-0.26792529225349426,0.22217601537704468,-0.4814700186252594,0.3176894783973694,0.3176894783973694,0.0435178242623806,1.8730053901672363,-1.138902187347412,0.0,0.2741716541349888,0.2741716541349888,0.1283487230539322,0.1283487230539322,0.10692480951547623,1.9609792232513428,-0.19248777627944946,0.0,0.021423913538455963,0.021423913538455963,-0.12207691371440887,-0.12207691371440887,0.0645323172211647,-1.7027474641799927,1.4659403562545776,0.0,-0.18660923093557358,-0.18660923093557358,-0.1875476986169815,-0.1875476986169815,-0.10611726343631744,-1.9677460193634033,-0.5191537737846375,0.0,-0.08143043518066406,-0.08143043518066406,0.11108800768852234,0.11108800768852234,0.11500324308872223,-0.7109056711196899,-0.3889361023902893,0.0,-0.00391523540019989,-0.00391523540019989,-0.2407350093126297,-0.2407350093126297,-0.0385500006377697,-1.888913631439209,0.1433754861354828,0.0,-0.20218500867486,-0.20218500867486
182,6.066666666666666,4,0,0,,4,uneven rough,5,0.0,56.038002014160156,35.862308502197266,0.18772998452186584,1.5625569820404053,-0.7598772644996643,1.5625569820404053,-0.7598772644996643,1.9757089614868164,2.9244370460510254,0.5,0.5655773878097534,0.10509523004293442,0.7812784910202026,-0.37993863224983215,0.2384680211544037,0.30906960368156433,0.6693395376205444,0.2807275056838989,0.25524479150772095,-0.11769821494817734,0.16692760586738586,0.16692760586738586,0.3180544674396515,-1.7409604787826538,0.7190154194831848,0.0,-0.15112686157226562,-0.15112686157226562,0.15453480184078217,0.15453480184078217,0.15077580511569977,1.6145559549331665,-1.0272337198257446,0.0,0.0037589967250823975,0.0037589967250823975,0.3346697688102722,0.3346697688102722,0.13074316084384918,1.0323917865753174,-0.6824781894683838,0.0,0.20392660796642303,0.20392660796642303,0.1965092569589615,0.1965092569589615,0.21887946128845215,0.00492468336597085,-0.27538588643074036,0.0,-0.02237020432949066,-0.02237020432949066,0.12762239575386047,0.12762239575386047,0.06992853432893753,1.8004486560821533,-0.5999053120613098,0.0,0.05769386142492294,0.05769386142492294,-0.05884910747408867,-0.05884910747408867,-0.023629754781723022,-0.3624296486377716,0.5454132556915283,0.0,-0.035219352692365646,-0.035219352692365646
182,6.066666666666666,14,0,0,,4,uneven rough,5,0.0,55.90767288208008,36.814247131347656,0.1854153424501419,0.93403160572052,-0.6916230320930481,0.93403160572052,-0.6916230320930481,1.6697734594345093,2.808830738067627,0.3333333432674408,-0.5521380305290222,0.09817865490913391,0.46701580286026,-0.34581151604652405,0.4736970067024231,0.012118994258344173,0.6920129060745239,0.41739001870155334,0.11796197295188904,0.03885563835501671,0.33158791065216064,0.33158791065216064,0.31536582112312317,-0.48079410195350647,0.7568022608757019,0.0,0.016222089529037476,0.016222089529037476,0.006059497129172087,0.006059497129172087,0.008142558857798576,0.07428939640522003,-0.5684327483177185,0.0,-0.0020830617286264896,-0.0020830617286264896,0.34600645303726196,0.34600645303726196,0.1719411164522171,-0.6328644752502441,-0.9873156547546387,0.0,0.17406533658504486,0.17406533658504486,0.29217299818992615,0.29217299818992615,0.1747910976409912,1.868841528892517,-1.4828603267669678,0.0,0.11738190054893494,0.11738190054893494,0.05898098647594452,0.05898098647594452,0.06464241445064545,0.47813165187835693,-0.9142670035362244,0.0,-0.005661427974700928,-0.005661427974700928,0.019427819177508354,0.019427819177508354,0.04613973945379257,-0.9244827628135681,-1.1600404977798462,0.0,-0.026711920276284218,-0.026711920276284218
182,6.066666666666666,24,0,0,,4,uneven rough,7,0.0,59.91758346557617,36.335811614990234,0.3895938992500305,1.7817661762237549,0.09013093262910843,1.7817661762237549,0.09013093262910843,9.052295684814453,0.2553834319114685,0.1666666716337204,-0.23938792943954468,0.13550618290901184,0.8908830881118774,0.045065466314554214,0.04329423978924751,0.5202268362045288,-0.3191834092140198,0.0629507526755333,0.12530776858329773,-0.4725307524204254,0.03030596673488617,0.03030596673488617,0.013170382007956505,-0.7791822552680969,0.5640357732772827,0.0,0.017135584726929665,0.017135584726929665,0.2601134181022644,0.2601134181022644,0.17096661031246185,1.9101225137710571,1.0250862836837769,0.0,0.08914680778980255,0.08914680778980255,-0.1595917046070099,-0.1595917046070099,0.007593773305416107,-1.9218471050262451,-0.3256414234638214,0.0,-0.167185477912426,-0.167185477912426,0.044065527617931366,0.044065527617931366,-0.059305429458618164,1.578163504600525,-1.3381904363632202,0.0,0.10337095707654953,0.10337095707654953,0.06265388429164886,0.06265388429164886,0.07624340057373047,-0.922657310962677,-0.5709782838821411,0.0,-0.013589516282081604,-0.013589516282081604,-0.2362653762102127,-0.2362653762102127,-0.08357009291648865,-1.1622449159622192,-1.0056843757629395,0.0,-0.15269528329372406,-0.15269528329372406
183,6.1,4,0,0,,4,uneven rough,5,0.0,56.033504486083984,35.9080696105957,0.180730402469635,1.310089111328125,0.523734450340271,1.310089111328125,0.523734450340271,4.883716583251953,3.371814727783203,0.5,0.4010936915874481,0.14131960272789001,0.6550445556640625,0.2618672251701355,0.9349798560142517,-0.014262964017689228,-0.11834871768951416,0.28226783871650696,0.551828145980835,-0.31662943959236145,0.6544858813285828,0.6544858813285828,0.3608923554420471,1.2681139707565308,-0.6718593835830688,0.0,0.29359352588653564,0.29359352588653564,-0.022820742800831795,-0.022820742800831795,0.10673126578330994,-1.0533009767532349,0.466438889503479,0.0,-0.12955200858414173,-0.12955200858414173,-0.05917435884475708,-0.05917435884475708,0.0693557932972908,-1.053752064704895,0.28711235523223877,0.0,-0.12853015214204788,-0.12853015214204788,0.1975874900817871,0.1975874900817871,0.18367041647434235,0.22829192876815796,-0.11689779162406921,0.0,0.013917073607444763,0.013917073607444763,0.2759140729904175,0.2759140729904175,0.07635220140218735,0.13560368120670319,0.7572591304779053,0.0,0.19956187158823013,0.19956187158823013,-0.15831471979618073,-0.15831471979618073,-0.08545266091823578,-1.6460354328155518,0.032117243856191635,0.0,-0.07286205887794495,-0.07286205887794495
183,6.1,14,0,0,,4,uneven rough,5,0.0,55.9105339050293,36.85067367553711,0.18896357715129852,0.6315443515777588,0.17764902114868164,0.6315443515777588,0.17764902114868164,1.9584951400756836,1.7885855436325073,0.5,-0.45906805992126465,0.06003541871905327,0.3157721757888794,0.08882451057434082,0.405264288187027,0.08780060708522797,0.3996059000492096,0.6498615741729736,0.38645127415657043,0.2012411653995514,0.28368499875068665,0.28368499875068665,0.27680251002311707,-1.1456425189971924,0.05706305056810379,0.0,0.00688248872756958,0.00688248872756958,0.04390030354261398,0.04390030354261398,0.06766797602176666,1.2590053081512451,-0.2050364911556244,0.0,-0.02376767247915268,-0.02376767247915268,0.1998029500246048,0.1998029500246048,0.18252891302108765,0.47169044613838196,-0.7869083285331726,0.0,0.01727403700351715,0.01727403700351715,0.45490309596061707,0.45490309596061707,0.23903559148311615,1.5129611492156982,0.41219788789749146,0.0,0.21586750447750092,0.21586750447750092,0.19322563707828522,0.19322563707828522,0.12347833067178726,1.5873161554336548,-0.1270023137331009,0.0,0.06974730640649796,0.06974730640649796,0.1006205826997757,0.1006205826997757,0.05564633384346962,1.138644814491272,-1.026855707168579,0.0,0.044974248856306076,0.044974248856306076
183,6.1,24,0,0,,4,uneven rough,7,0.0,59.9781494140625,36.332359313964844,0.39198634028434753,1.882360816001892,0.04294916242361069,1.882360816001892,0.04294916242361069,9.6134033203125,0.9856901168823242,0.1666666716337204,-0.20728379487991333,0.10393917560577393,0.941180408000946,0.021474581211805344,0.09994791448116302,0.12562048435211182,-0.36164069175720215,0.18225784599781036,0.4866090416908264,-0.2344616800546646,0.06996353715658188,0.06996353715658188,0.035260964184999466,1.2346820831298828,-0.19542211294174194,0.0,0.03470257297158241,0.03470257297158241,0.06281024217605591,0.06281024217605591,0.16163286566734314,-1.9074482917785645,1.5254874229431152,0.0,-0.09882262349128723,-0.09882262349128723,-0.18082034587860107,-0.18082034587860107,-0.03419258072972298,-1.0520780086517334,-1.2281389236450195,0.0,-0.1466277651488781,-0.1466277651488781,0.12758049368858337,0.12758049368858337,-0.002648338908329606,1.6469781398773193,0.3107213079929352,0.0,0.13022883259691298,0.13022883259691298,0.2433045208454132,0.2433045208454132,0.07103576511144638,-0.9430102109909058,-0.7698182463645935,0.0,0.17226875573396683,0.17226875573396683,-0.1172308400273323,-0.1172308400273323,-0.09992023557424545,-0.5774558186531067,-1.0942039489746094,0.0,-0.017310604453086853,-0.017310604453086853
184,6.133333333333333,4,0,0,,4,uneven rough,5,0.0,56.03578567504883,35.951019287109375,0.18815992772579193,1.1863380670547485,0.045749958604574203,1.1863380670547485,0.045749958604574203,6.0586347579956055,4.511936187744141,0.3333333432674408,0.11400934308767319,0.18482540547847748,0.5931690335273743,0.022874979302287102,0.3104236423969269,-0.01116018183529377,0.6293771862983704,0.4832230508327484,-0.08640726655721664,0.18895642459392548,0.2172965407371521,0.2172965407371521,0.3061409890651703,-1.881051778793335,0.4250050187110901,0.0,-0.08884444832801819,-0.08884444832801819,-0.017856290563941002,-0.017856290563941002,0.044509779661893845,-0.47315794229507446,-0.39282476902008057,0.0,-0.062366070225834846,-0.062366070225834846,0.3146885931491852,0.3146885931491852,0.12259317934513092,0.4724535644054413,-0.4710147976875305,0.0,0.19209541380405426,0.19209541380405426,0.3382561206817627,0.3382561206817627,0.251228004693985,1.7190083265304565,0.07827309519052505,0.0,0.08702811598777771,0.08702811598777771,-0.1382516324520111,-0.1382516324520111,0.014301064424216747,-1.9433666467666626,0.4057740271091461,0.0,-0.15255269687622786,-0.15255269687622786,0.09447821229696274,0.09447821229696274,-0.04536834731698036,-0.09063204377889633,-0.916713297367096,0.0,0.1398465596139431,0.1398465596139431
184,6.133333333333333,14,0,0,,4,uneven rough,5,0.0,55.915740966796875,36.887081146240234,0.182281494140625,1.2626657485961914,0.027041299268603325,1.2626657485961914,0.027041299268603325,6.211341857910156,5.689152717590332,0.4281666874885559,-0.3598700165748596,0.05668935179710388,0.6313328742980957,0.013520649634301662,0.7231626510620117,0.1034996435046196,-0.06165558099746704,0.5830123424530029,0.38244330883026123,-0.005059217568486929,0.5062138438224792,0.5062138438224792,0.3138948678970337,1.9613733291625977,-0.6229488253593445,0.0,0.19231897592544556,0.19231897592544556,0.0517498217523098,0.0517498217523098,0.0802462100982666,-0.28091707825660706,0.6227353811264038,0.0,-0.028496388345956802,-0.028496388345956802,-0.03082779049873352,-0.03082779049873352,0.11433323472738266,-1.4530048370361328,-0.07529433071613312,0.0,-0.14516102522611618,-0.14516102522611618,0.4081086218357086,0.4081086218357086,0.29784274101257324,1.4620769023895264,1.0345714092254639,0.0,0.11026588082313538,0.11026588082313538,0.19122165441513062,0.19122165441513062,0.15737909078598022,-0.14349231123924255,0.842276394367218,0.0,0.03384256362915039,0.03384256362915039,-0.0025296087842434645,-0.0025296087842434645,-0.006039832253009081,-1.4373157024383545,0.19752216339111328,0.0,0.0035102234687656164,0.0035102234687656164
184,6.133333333333333,24,0,0,,4,uneven rough,7,0.0,60.037227630615234,36.332862854003906,0.38738587498664856,1.9429147243499756,-0.12450200319290161,1.9078614711761475,-0.12450200319290161,9.766561508178711,2.8480727672576904,0.3333333432674408,-0.1096498966217041,0.19566848874092102,0.9714573621749878,-0.062251001596450806,-0.34972667694091797,0.22508062422275543,-0.007548095658421516,0.0871712788939476,0.11600497364997864,0.15650276839733124,-0.24480867385864258,-0.24480867385864258,-0.010464457795023918,-1.0048890113830566,0.6131613850593567,0.0,-0.23434421606361866,-0.23434421606361866,0.11254031211137772,0.11254031211137772,0.1169244572520256,0.26275312900543213,-0.41550055146217346,0.0,-0.004384145140647888,-0.004384145140647888,-0.003774047829210758,-0.003774047829210758,-0.01339121162891388,-0.40558093786239624,-1.1285938024520874,0.0,0.009617163799703121,0.009617163799703121,0.0610198937356472,0.0610198937356472,0.06654632091522217,2.0160818099975586,1.066243290901184,0.0,-0.005526427179574966,-0.005526427179574966,0.05800248682498932,0.05800248682498932,0.05822208896279335,-1.168818712234497,-0.8677412867546082,0.0,-0.00021960213780403137,-0.00021960213780403137,0.07825138419866562,0.07825138419866562,-0.043170999735593796,0.8233943581581116,-0.8020336627960205,0.0,0.12142238393425941,0.12142238393425941
185,6.166666666666667,4,0,0,,4,uneven rough,5,0.0,56.03448486328125,35.99738311767578,0.20569485425949097,1.4560006856918335,0.2841587960720062,1.4560006856918335,0.2841587960720062,7.297926902770996,3.9365956783294678,0.3333333432674408,0.19629095494747162,0.11582209914922714,0.7280003428459167,0.1420793980360031,0.25758540630340576,0.226237952709198,0.645929753780365,0.502294659614563,-0.08085416257381439,0.0983932614326477,0.18030978739261627,0.18030978739261627,0.24018585681915283,-1.9432440996170044,-0.8788436055183411,0.0,-0.05987606942653656,-0.05987606942653656,0.113118976354599,0.113118976354599,0.09025832265615463,1.5495290756225586,-0.4382452964782715,0.0,0.022860653698444366,0.022860653698444366,0.3229648768901825,0.3229648768901825,0.18843437731266022,2.000152111053467,0.06242390722036362,0.0,0.13453049957752228,0.13453049957752228,0.35160624980926514,0.35160624980926514,0.31800127029418945,2.0009922981262207,1.0059477090835571,0.0,0.033604979515075684,0.033604979515075684,-0.1293666660785675,-0.1293666660785675,-0.03803173080086708,-1.7534822225570679,-0.9224343299865723,0.0,-0.09133493527770042,-0.09133493527770042,0.04919663071632385,0.04919663071632385,0.004278147593140602,1.3214356899261475,-0.449645459651947,0.0,0.04491848312318325,0.04491848312318325
185,6.166666666666667,14,0,0,,4,uneven rough,5,0.0,55.91838836669922,36.922218322753906,0.19150125980377197,1.5269286632537842,0.09925417602062225,1.5269286632537842,0.09925417602062225,7.2762603759765625,8.923954963684082,0.5,-0.33642059564590454,0.16737639904022217,0.7634643316268921,0.04962708801031113,-0.03890983760356903,0.17218682169914246,0.6511480808258057,0.6107046604156494,0.2721611261367798,0.07361327856779099,-0.02723688632249832,-0.02723688632249832,0.26659926772117615,-1.9028751850128174,0.8382315635681152,0.0,-0.29383615404367447,-0.29383615404367447,0.08609341084957123,0.08609341084957123,0.10694344341754913,0.40636196732521057,0.1118086650967598,0.0,-0.020850032567977905,-0.020850032567977905,0.32557404041290283,0.32557404041290283,0.17132338881492615,0.7505930662155151,-0.8542543053627014,0.0,0.15425065159797668,0.15425065159797668,0.42749324440956116,0.42749324440956116,0.36322835087776184,1.9137187004089355,1.2762837409973145,0.0,0.06426489353179932,0.06426489353179932,0.1360805630683899,0.1360805630683899,0.12276811897754669,-1.5005357265472412,0.2849210202693939,0.0,0.0133124440908432,0.0133124440908432,0.03680663928389549,0.03680663928389549,0.007179568521678448,-0.33315959572792053,-0.7268180847167969,0.0,0.029627070762217045,0.029627070762217045
185,6.166666666666667,24,0,0,,4,uneven rough,7,0.0,60.099849700927734,36.334678649902344,0.38436800241470337,1.9039756059646606,0.3542315661907196,1.9039756059646606,0.3542315661907196,10.059926986694336,3.3333334922790527,0.1666666716337204,0.07159342616796494,0.13357320427894592,0.9519878029823303,0.1771157830953598,-0.5287415981292725,0.2469601035118103,-0.11816675961017609,0.3898400664329529,0.5110653638839722,0.23690162599086761,-0.3701191246509552,-0.3701191246509552,-0.06730975210666656,-1.1255062818527222,-0.30168721079826355,0.0,-0.30280937254428864,-0.30280937254428864,0.12348005175590515,0.12348005175590515,0.16052335500717163,-0.5604716539382935,-0.032014697790145874,0.0,-0.03704330325126648,-0.03704330325126648,-0.05908337980508804,-0.05908337980508804,-0.07174092531204224,-1.564857006072998,-0.7198010087013245,0.0,0.012657545506954193,0.012657545506954193,0.27288803458213806,0.27288803458213806,0.13296423852443695,1.343649983406067,1.6032836437225342,0.0,0.1399237960577011,0.1399237960577011,0.2555326819419861,0.2555326819419861,0.08842232078313828,-0.5086519718170166,-1.037971019744873,0.0,0.1671103611588478,0.1671103611588478,0.11845081299543381,0.11845081299543381,0.012366016395390034,-0.8515676856040955,0.11698625981807709,0.0,0.10608479660004377,0.10608479660004377
186,6.2,4,0,0,,4,uneven rough,5,0.0,56.01809310913086,36.04780960083008,0.21654829382896423,1.4394686222076416,0.4547349512577057,1.4394686222076416,0.4547349512577057,8.596884727478027,5.827762603759766,0.3333333432674408,0.3149833083152771,0.05239279568195343,0.7197343111038208,0.22736747562885284,-0.19702698290348053,0.662844181060791,0.012345404364168644,0.13227610290050507,0.11816231161355972,0.1131327673792839,-0.1379188895225525,-0.1379188895225525,0.18365469574928284,-1.3791571855545044,-1.4806575775146484,0.0,-0.3215735852718353,-0.3215735852718353,0.3314220905303955,0.3314220905303955,0.15568633377552032,1.6885288953781128,0.6856458783149719,0.0,0.17573575675487518,0.17573575675487518,0.006172702182084322,0.006172702182084322,0.16004177927970886,0.877030611038208,1.158018946647644,0.0,-0.15386907709762454,-0.15386907709762454,0.09259326756000519,0.09259326756000519,0.2904438078403473,-2.0004189014434814,1.5685477256774902,0.0,-0.1978505402803421,-0.1978505402803421,0.05908115580677986,0.05908115580677986,-0.02825057879090309,1.9108983278274536,-1.3923102617263794,0.0,0.08733173459768295,0.08733173459768295,0.05656638368964195,0.05656638368964195,0.006823418196290731,-0.08277038484811783,0.5517269968986511,0.0,0.04974296549335122,0.04974296549335122
186,6.2,14,0,0,,4,uneven rough,5,0.0,55.91716384887695,36.95825958251953,0.200259268283844,0.8187484741210938,0.6495068669319153,0.8187484741210938,0.6495068669319153,5.26005220413208,4.952330589294434,0.5,-0.05021963641047478,0.046979572623968124,0.4093742370605469,0.32475343346595764,0.18121327459812164,0.18375109136104584,0.3432821035385132,0.5981519222259521,-0.16555823385715485,0.25745123624801636,0.12684929370880127,0.12684929370880127,0.20073793828487396,-1.9002423286437988,-0.7115951180458069,0.0,-0.07388864457607269,-0.07388864457607269,0.09187554568052292,0.09187554568052292,0.0994134172797203,1.121449589729309,0.2783496379852295,0.0,-0.007537871599197388,-0.007537871599197388,0.1716410517692566,0.1716410517692566,0.17585475742816925,-0.6539796590805054,0.05312927067279816,0.0,-0.004213705658912659,-0.004213705658912659,0.41870632767677307,0.41870632767677307,0.4133332371711731,0.9446852207183838,1.636690616607666,0.0,0.005373090505599976,0.005373090505599976,-0.26489317417144775,-0.26489317417144775,0.048696134239435196,-1.3617870807647705,-0.7245794534683228,0.0,-0.31358930841088295,-0.31358930841088295,0.12872561812400818,0.12872561812400818,0.03764576092362404,0.48085498809814453,-0.5042428374290466,0.0,0.09107985720038414,0.09107985720038414
186,6.2,24,0,0,,4,uneven rough,7,0.0,60.16497802734375,36.340084075927734,0.38031941652297974,1.925605058670044,0.4340118169784546,1.920088768005371,0.4340118169784546,10.471900939941406,4.726558208465576,0.3333333432674408,0.33291298151016235,0.07809780538082123,0.962802529335022,0.2170059084892273,-0.42610499262809753,0.3055408000946045,0.03352015092968941,0.09170003980398178,0.4173046350479126,0.23481710255146027,-0.298273503780365,-0.298273503780365,-0.12024044245481491,-1.5330201387405396,-0.7674760222434998,0.0,-0.17803306132555008,-0.17803306132555008,0.15277040004730225,0.15277040004730225,0.19760318100452423,1.726440191268921,-0.3308052122592926,0.0,-0.044832780957221985,-0.044832780957221985,0.016760075464844704,0.016760075464844704,-0.021276036277413368,2.0164217948913574,-1.1975971460342407,0.0,0.03803611174225807,0.03803611174225807,0.06419003009796143,0.06419003009796143,0.10489249974489212,-1.8425428867340088,1.4564863443374634,0.0,-0.040702469646930695,-0.040702469646930695,0.2086523175239563,0.2086523175239563,0.12918829917907715,0.9450934529304504,-0.7386930584907532,0.0,0.07946401834487915,0.07946401834487915,0.11740855127573013,0.11740855127573013,0.05914866551756859,1.6632399559020996,-0.43063586950302124,0.0,0.058259885758161545,0.058259885758161545
187,6.233333333333333,4,0,0,,4,uneven rough,5,0.0,56.00487518310547,36.098114013671875,0.2079439014196396,1.5390206575393677,0.4583158791065216,1.5390206575393677,0.4583158791065216,5.931849479675293,0.7319440841674805,0.3333333432674408,-0.13875514268875122,0.1632228046655655,0.7695103287696838,0.2291579395532608,0.8701381087303162,0.15576280653476715,-0.5116083025932312,-0.1332295536994934,0.1291491538286209,-0.4735339283943176,0.6090966463088989,0.6090966463088989,0.21749183535575867,2.0090219974517822,-1.4232691526412964,0.0,0.39160481095314026,0.39160481095314026,0.07788140326738358,0.07788140326738358,0.11576482653617859,-1.1180095672607422,1.2526776790618896,0.0,-0.03788342326879501,-0.03788342326879501,-0.2558041512966156,-0.2558041512966156,0.10381702333688736,-2.0125551223754883,0.9991476535797119,0.0,-0.35962117463350296,-0.35962117463350296,-0.09326068311929703,-0.09326068311929703,0.22087916731834412,-0.8891533613204956,-0.4493524134159088,0.0,-0.31413985043764114,-0.31413985043764114,0.06457457691431046,0.06457457691431046,0.020529944449663162,0.4052587151527405,0.47532978653907776,0.0,0.04404463246464729,0.04404463246464729,-0.2367669641971588,-0.2367669641971588,-0.05615938827395439,-1.8976738452911377,0.1929810345172882,0.0,-0.18060757592320442,-0.18060757592320442
187,6.233333333333333,14,0,0,,4,uneven rough,5,0.0,55.91264343261719,36.998905181884766,0.2023666650056839,1.326385736465454,0.40744519233703613,1.326385736465454,0.40744519233703613,6.205517768859863,0.4616320729255676,0.3333333432674408,0.25084206461906433,0.05128433555364609,0.663192868232727,0.20372259616851807,0.3700559437274933,0.17936696112155914,0.384309858083725,0.33323702216148376,-0.13473127782344818,-0.14675462245941162,0.25903916358947754,0.25903916358947754,0.250078946352005,1.7877000570297241,-1.3836584091186523,0.0,0.008960217237472534,0.008960217237472534,0.08968348056077957,0.08968348056077957,0.09815500676631927,-0.41024020314216614,0.7550398707389832,0.0,-0.008471526205539703,-0.008471526205539703,0.1921549290418625,0.1921549290418625,0.17022034525871277,-0.525806725025177,-0.34667137265205383,0.0,0.02193458378314972,0.02193458378314972,0.23326590657234192,0.23326590657234192,0.35175204277038574,-1.4681040048599243,1.245429515838623,0.0,-0.11848613619804382,-0.11848613619804382,-0.21557004749774933,-0.21557004749774933,-0.018369412049651146,-1.5837453603744507,-1.0848578214645386,0.0,-0.19720063544809818,-0.19720063544809818,-0.07337731122970581,-0.07337731122970581,-0.006487635429948568,-0.25764113664627075,0.05273323878645897,0.0,-0.06688967579975724,-0.06688967579975724
187,6.233333333333333,24,0,0,,4,uneven rough,7,0.0,60.231136322021484,36.338958740234375,0.3749963641166687,1.9702318906784058,-0.14405231177806854,1.9182385206222534,-0.14405231177806854,9.198946952819824,1.1971156597137451,0.5,0.7593040466308594,0.12133555114269257,0.9851159453392029,-0.07202615588903427,0.16264362633228302,-0.08807282894849777,-0.4221513271331787,-0.36478191614151,0.6661178469657898,-0.31966760754585266,0.11385053396224976,0.11385053396224976,-0.0832274854183197,1.7804062366485596,-1.200316071510315,0.0,0.19707801938056946,0.19707801938056946,-0.14091652631759644,-0.14091652631759644,0.19008226692676544,-0.21952030062675476,0.8323650360107422,0.0,-0.3309987932443619,-0.3309987932443619,-0.21107566356658936,-0.21107566356658936,-0.05874939262866974,-0.9115129709243774,0.6196148991584778,0.0,-0.15232627093791962,-0.15232627093791962,-0.255347341299057,-0.255347341299057,0.034114059060811996,-1.995148777961731,-0.4087906777858734,0.0,-0.289461400359869,-0.289461400359869,0.3330589234828949,0.3330589234828949,0.1630679816007614,1.4531430006027222,0.21332286298274994,0.0,0.16999094188213348,0.16999094188213348,-0.15983380377292633,-0.15983380377292633,0.01852167211472988,-0.8641758561134338,0.7532452940940857,0.0,-0.1783554758876562,-0.1783554758876562
188,6.266666666666667,4,0,0,,4,uneven rough,5,0.0,56.003173828125,36.15064239501953,0.20825916528701782,1.6576714515686035,-0.8557019829750061,1.6576714515686035,-0.8557019829750061,8.537364959716797,2.3135714530944824,0.1666666716337204,-0.39913639426231384,0.15472310781478882,0.8288357257843018,-0.42785099148750305,0.2930624485015869,0.5293579697608948,0.5694416761398315,0.4057323634624481,-0.0032332800328731537,-0.4625263512134552,0.20514370501041412,0.20514370501041412,0.21127744019031525,-0.6685532331466675,0.5173543691635132,0.0,-0.006133735179901123,-0.006133735179901123,0.2646789848804474,0.2646789848804474,0.1746455579996109,1.8497470617294312,-0.08771312981843948,0.0,0.09003342688083649,0.09003342688083649,0.28472083806991577,0.28472083806991577,0.15581540763378143,0.7380046248435974,-0.7036744952201843,0.0,0.12890543043613434,0.12890543043613434,0.28401264548301697,0.28401264548301697,0.27449142932891846,1.7553391456604004,-0.6980166435241699,0.0,0.00952121615409851,0.00952121615409851,-0.005173248238861561,-0.005173248238861561,0.03245797008275986,-1.3755054473876953,0.43571147322654724,0.0,-0.03763121832162142,-0.03763121832162142,-0.2312631756067276,-0.2312631756067276,-0.12096447497606277,-2.0000038146972656,-0.9890789985656738,0.0,-0.11029870063066483,-0.11029870063066483
188,6.266666666666667,14,0,0,,4,uneven rough,5,0.0,55.903533935546875,37.04494094848633,0.19945725798606873,1.2608036994934082,-0.49478769302368164,1.2608036994934082,-0.49478769302368164,3.442239761352539,0.03255848214030266,0.1666666716337204,0.36372193694114685,0.09819693863391876,0.6304018497467041,-0.24739384651184082,0.25071942806243896,0.14275267720222473,0.554200291633606,0.3039166033267975,0.1424979418516159,-0.38702377676963806,0.17550359666347504,0.17550359666347504,0.2576119601726532,-0.7560782432556152,0.40943336486816406,0.0,-0.08210836350917816,-0.08210836350917816,0.07137633860111237,0.07137633860111237,0.12627482414245605,-0.21889469027519226,0.09618843346834183,0.0,-0.05489848554134369,-0.05489848554134369,0.277100145816803,0.277100145816803,0.1963120549917221,1.324295997619629,-0.44795480370521545,0.0,0.08078809082508087,0.08078809082508087,0.21274161338806152,0.21274161338806152,0.2971445620059967,-1.8879317045211792,-0.288807213306427,0.0,-0.08440294861793518,-0.08440294861793518,0.07124897092580795,0.07124897092580795,0.023902270942926407,1.0200921297073364,-1.3669297695159912,0.0,0.047346699982881546,0.047346699982881546,-0.19351188838481903,-0.19351188838481903,-0.03256618231534958,-0.7896516919136047,-0.12275298684835434,0.0,-0.16094570606946945,-0.16094570606946945
188,6.266666666666667,24,0,0,,4,uneven rough,7,0.0,60.29476547241211,36.3366584777832,0.37303560972213745,1.9222770929336548,0.1773335039615631,1.9222770929336548,0.1773335039615631,9.906564712524414,0.6590620279312134,0.1666666716337204,0.9129884243011475,0.19997267425060272,0.9611385464668274,0.08866675198078156,0.14061793684959412,0.07993301004171371,-0.25902146100997925,-0.2919272780418396,0.4459306299686432,-0.4505377411842346,0.09843255579471588,0.09843255579471588,-0.019948985427618027,1.9872314929962158,0.4849896728992462,0.0,0.11838154122233391,0.11838154122233391,0.03996650502085686,0.03996650502085686,0.1506519466638565,-0.15607942640781403,0.23762717843055725,0.0,-0.11068544164299965,-0.11068544164299965,-0.12951073050498962,-0.12951073050498962,-0.11478877067565918,-1.8610689640045166,-0.24608753621578217,0.0,-0.014721959829330444,-0.014721959829330444,-0.204349085688591,-0.204349085688591,-0.030227920040488243,-1.7160537242889404,-1.305720329284668,0.0,-0.17412116564810276,-0.17412116564810276,0.2229653149843216,0.2229653149843216,0.15567761659622192,0.8171182870864868,0.9143193960189819,0.0,0.06728769838809967,0.06728769838809967,-0.2252688705921173,-0.2252688705921173,-0.03551125526428223,-1.861169457435608,-0.16124752163887024,0.0,-0.18975761532783508,-0.18975761532783508
189,6.3,4,0,0,,4,uneven rough,5,0.0,56.004154205322266,36.20575714111328,0.20552396774291992,0.6822500824928284,0.511227548122406,0.6822500824928284,0.511227548122406,3.2484664916992188,1.1785153150558472,0.1666666716337204,0.10561531782150269,0.15297941863536835,0.3411250412464142,0.255613774061203,0.6828097105026245,0.4389094114303589,0.08250084519386292,0.40555694699287415,0.0728035643696785,-0.09780064225196838,0.4779667854309082,0.4779667854309082,0.26902931928634644,1.7141491174697876,-0.15315991640090942,0.0,0.20893746614456177,0.20893746614456177,0.21945470571517944,0.21945470571517944,0.22246156632900238,-0.2562243342399597,1.0077303647994995,0.0,-0.003006860613822937,-0.003006860613822937,0.04125042259693146,0.04125042259693146,0.11785110086202621,0.7659823894500732,0.11145347356796265,0.0,-0.07660067826509476,-0.07660067826509476,0.28388985991477966,0.28388985991477966,0.27580809593200684,0.08584994822740555,0.6891151070594788,0.0,0.008081763982772827,0.008081763982772827,0.03640178218483925,0.03640178218483925,0.020319657400250435,0.0022411304526031017,-0.5883538126945496,0.0,0.016082124784588814,0.016082124784588814,-0.04890032112598419,-0.04890032112598419,-0.10311298072338104,-0.229482039809227,-1.5606577396392822,0.0,0.05421265959739685,0.05421265959739685
189,6.3,14,0,0,,4,uneven rough,5,0.0,55.897300720214844,37.09086990356445,0.1971953958272934,1.435014247894287,-0.3836715817451477,1.435014247894287,-0.3836715817451477,2.917880058288574,4.991321563720703,0.5,0.7802726030349731,0.1951611042022705,0.7175071239471436,-0.19183579087257385,0.8375164270401001,0.029547644779086113,0.504749059677124,0.2706974446773529,0.33744558691978455,-0.5455430746078491,0.586261510848999,0.586261510848999,0.3009548485279083,1.7863397598266602,-0.2495489865541458,0.0,0.2853066623210907,0.2853066623210907,0.014773822389543056,0.014773822389543056,0.07114478945732117,-1.914995789527893,-0.08196013420820236,0.0,-0.05637096706777811,-0.05637096706777811,0.252374529838562,0.252374529838562,0.2496703416109085,-0.517508864402771,0.554078996181488,0.0,0.0027041882276535034,0.0027041882276535034,0.18948820233345032,0.18948820233345032,0.2265530526638031,-1.9579600095748901,-1.1929550170898438,0.0,-0.03706485033035278,-0.03706485033035278,0.16872279345989227,0.16872279345989227,0.05368570610880852,1.6154837608337402,-0.017303330823779106,0.0,0.11503708735108376,0.11503708735108376,-0.27277153730392456,-0.27277153730392456,-0.07799196988344193,-1.3496742248535156,-0.49981871247291565,0.0,-0.19477956742048264,-0.19477956742048264
189,6.3,24,0,0,,4,uneven rough,7,0.0,60.35525131225586,36.33098220825195,0.3800966143608093,1.9092249870300293,-0.49964162707328796,1.9092249870300293,-0.49964162707328796,9.907279014587402,1.8627910614013672,0.369032621383667,1.0433759689331055,0.19965235888957977,0.9546124935150146,-0.24982081353664398,0.01760147139430046,0.15534742176532745,0.2414890080690384,0.07856879383325577,0.3375631868839264,-0.5478118062019348,0.012321029789745808,0.012321029789745808,-0.017177460715174675,-0.4549805223941803,1.334359884262085,0.0,0.029498490504920483,0.029498490504920483,0.07767371088266373,0.07767371088266373,0.11272154748439789,-0.10541164875030518,0.015024760738015175,0.0,-0.03504783660173416,-0.03504783660173416,0.1207445040345192,0.1207445040345192,-0.08715561032295227,0.5291255116462708,-1.15920090675354,0.0,0.20790011435747147,0.20790011435747147,0.05499815568327904,0.05499815568327904,-0.0018939342116937041,1.7265691757202148,-1.5377235412597656,0.0,0.05689208989497274,0.05689208989497274,0.1687815934419632,0.1687815934419632,0.12748874723911285,-0.25719591975212097,0.8593617081642151,0.0,0.04129284620285034,0.04129284620285034,-0.2739059031009674,-0.2739059031009674,-0.08951050788164139,-1.944105625152588,-1.1223864555358887,0.0,-0.18439539521932602,-0.18439539521932602
190,6.333333333333333,4,0,0,,4,uneven rough,5,0.0,56.01013946533203,36.25796890258789,0.18891066312789917,1.4690196514129639,0.09816699475049973,1.4690196514129639,0.09816699475049973,3.849755048751831,1.049566626548767,0.3333333432674408,-0.0033895771484822035,0.23744671046733856,0.7345098257064819,0.04908349737524986,0.5016011595726013,0.207439124584198,0.2908640205860138,0.44646865129470825,0.10304808616638184,-0.1634274274110794,0.35112079977989197,0.35112079977989197,0.33270174264907837,1.5146501064300537,0.9026199579238892,0.0,0.0184190571308136,0.0184190571308136,0.103719562292099,0.103719562292099,0.1571251004934311,-1.9983693361282349,0.2930881381034851,0.0,-0.05340553820133209,-0.05340553820133209,0.1454320102930069,0.1454320102930069,0.16250687837600708,-0.11245983093976974,0.4815253019332886,0.0,-0.017074868083000183,-0.017074868083000183,0.3125280439853668,0.3125280439853668,0.2900480031967163,0.3713676333427429,0.34802791476249695,0.0,0.022480040788650513,0.022480040788650513,0.05152404308319092,0.05152404308319092,0.050945766270160675,1.2640827894210815,-0.2544303834438324,0.0,0.0005782768130302429,0.0005782768130302429,-0.0817137137055397,-0.0817137137055397,-0.07068029791116714,0.26061731576919556,-0.80800861120224,0.0,-0.011033415794372559,-0.011033415794372559
190,6.333333333333333,14,0,0,,4,uneven rough,5,0.0,55.894039154052734,37.14057922363281,0.1961366832256317,1.5215686559677124,-0.46349117159843445,1.5215686559677124,-0.46349117159843445,1.8534663915634155,6.736215591430664,0.6666666865348816,0.9639530181884766,0.10384988784790039,0.7607843279838562,-0.23174558579921722,0.6953652501106262,0.23677675426006317,0.4144819676876068,0.3351498544216156,0.484453022480011,-0.3692663013935089,0.4867556691169739,0.4867556691169739,0.3645488917827606,1.7829939126968384,0.9015461802482605,0.0,0.12220677733421326,0.12220677733421326,0.11838837713003159,0.11838837713003159,0.11915464699268341,1.560317039489746,-1.1183618307113647,0.0,-0.000766269862651825,-0.000766269862651825,0.2072409838438034,0.2072409838438034,0.2023153305053711,-0.976740300655365,-0.05179870128631592,0.0,0.004925653338432312,0.004925653338432312,0.23460489511489868,0.23460489511489868,0.20567239820957184,0.5454689264297485,-1.6254901885986328,0.0,0.028932496905326843,0.028932496905326843,0.2422265112400055,0.2422265112400055,0.12316431105136871,1.6962543725967407,0.905877411365509,0.0,0.11906220018863678,0.11906220018863678,-0.18463315069675446,-0.18463315069675446,-0.14390955865383148,-1.8554267883300781,-0.9803285598754883,0.0,-0.040723592042922974,-0.040723592042922974
190,6.333333333333333,24,0,0,,4,uneven rough,7,0.0,60.41684341430664,36.33021545410156,0.397550106048584,1.9127092361450195,-0.06388672441244125,1.9127092361450195,-0.06388672441244125,10.025558471679688,2.5658204555511475,0.5,0.7294868230819702,0.09790675342082977,0.9563546180725098,-0.03194336220622063,-0.19369494915008545,0.5333818197250366,0.04733461141586304,0.12254409492015839,-0.0126194441691041,-0.00019898265600204468,-0.1355864554643631,-0.1355864554643631,-0.08244307339191437,-2.0000016689300537,0.3226636052131653,0.0,-0.05314338207244873,-0.05314338207244873,0.2666909098625183,0.2666909098625183,0.17091979086399078,2.0000009536743164,-0.053070202469825745,0.0,0.09577111899852753,0.09577111899852753,0.02366730570793152,0.02366730570793152,-0.027336273342370987,2.0,-0.20461811125278473,0.0,0.051003579050302505,0.051003579050302505,0.08578086644411087,0.08578086644411087,0.0645894780755043,1.9984023571014404,0.3079134523868561,0.0,0.021191388368606567,0.021191388368606567,-0.02019111067056656,-0.02019111067056656,0.07609085738658905,-1.9918872117996216,0.22805804014205933,0.0,-0.09628196805715561,-0.09628196805715561,-9.949132800102234e-05,-9.949132800102234e-05,-0.04173535853624344,1.9997460842132568,-1.5869879722595215,0.0,0.041635867208242416,0.041635867208242416
191,6.366666666666666,4,0,0,,4,uneven rough,5,0.0,56.01120376586914,36.30359649658203,0.17546159029006958,0.9613463282585144,0.15068219602108002,0.9613463282585144,0.15068219602108002,1.4714031219482422,2.6042585372924805,0.3333333432674408,-0.05465635657310486,0.25198987126350403,0.4806731641292572,0.07534109801054001,0.1374325007200241,0.008471501991152763,0.6912862062454224,0.747831404209137,0.29701876640319824,0.32677751779556274,0.09620274603366852,0.09620274603366852,0.2816377580165863,-1.8985730409622192,1.2486628293991089,0.0,-0.18543501198291779,-0.18543501198291779,0.004235750995576382,0.004235750995576382,0.10053267329931259,-2.0016415119171143,-1.0025060176849365,0.0,-0.09629692230373621,-0.09629692230373621,0.3456431031227112,0.3456431031227112,0.18872593343257904,0.8545581698417664,0.14568504691123962,0.0,0.15691716969013214,0.15691716969013214,0.5234819650650024,0.5234819650650024,0.3585427701473236,1.800455927848816,0.3612242341041565,0.0,0.16493919491767883,0.16493919491767883,0.14850938320159912,0.14850938320159912,0.12044892460107803,1.7469831705093384,0.6041396856307983,0.0,0.028060458600521088,0.028060458600521088,0.16338875889778137,0.16338875889778137,-0.0033243203070014715,1.9750202894210815,-0.2038055956363678,0.0,0.16671307920478284,0.16671307920478284
191,6.366666666666666,14,0,0,,4,uneven rough,5,0.0,55.891719818115234,37.18684005737305,0.17986516654491425,1.0429167747497559,-0.4940369129180908,1.0429167747497559,-0.4940369129180908,3.4321963787078857,0.29822826385498047,0.1666666716337204,0.950343132019043,0.16879668831825256,0.5214583873748779,-0.2470184564590454,0.5473824143409729,-0.05760463699698448,0.319634348154068,0.5935691595077515,0.6245775818824768,-0.5926374793052673,0.38316768407821655,0.38316768407821655,0.3763231039047241,-0.07864134758710861,1.3999183177947998,0.0,0.006844580173492432,0.006844580173492432,-0.09216742217540741,-0.09216742217540741,0.07484305649995804,-1.587022304534912,0.3961679935455322,0.0,-0.16701047867536545,-0.16701047867536545,0.159817174077034,0.159817174077034,0.1554248034954071,0.11664776504039764,-0.5747623443603516,0.0,0.004392370581626892,0.004392370581626892,0.41549840569496155,0.41549840569496155,0.2680386006832123,1.626503586769104,-0.3980260491371155,0.0,0.14745980501174927,0.14745980501174927,0.3122887909412384,0.3122887909412384,0.1723882108926773,1.951064109802246,1.3527579307556152,0.0,0.1399005800485611,0.1399005800485611,-0.29631873965263367,-0.29631873965263367,-0.19413478672504425,-0.2943776249885559,-1.475110650062561,0.0,-0.10218395292758942,-0.10218395292758942
191,6.366666666666666,24,0,0,,4,uneven rough,7,0.0,60.47736358642578,36.34546661376953,0.40788692235946655,1.9049665927886963,-0.49440616369247437,1.9049665927886963,-0.49440616369247437,9.975286483764648,0.0,0.0,0.5823615789413452,0.11251132935285568,0.9524832963943481,-0.24720308184623718,-0.31062543392181396,0.6841681003570557,-0.10594262927770615,-0.4069315493106842,0.0990518257021904,-0.3917524814605713,-0.21743780374526978,-0.21743780374526978,-0.14284434914588928,-2.000004291534424,-0.9905754923820496,0.0,-0.0745934545993805,-0.0745934545993805,0.34208405017852783,0.34208405017852783,0.23518875241279602,1.9331152439117432,1.1077399253845215,0.0,0.10689529776573181,0.10689529776573181,-0.05297131463885307,-0.05297131463885307,-0.0668862834572792,-1.257314920425415,1.0418769121170044,0.0,0.013914968818426132,0.013914968818426132,-0.2848520874977112,-0.2848520874977112,0.041745077818632126,-1.8237026929855347,1.2637189626693726,0.0,-0.3265971653163433,-0.3265971653163433,0.0495259128510952,0.0495259128510952,0.060914281755685806,0.5605480670928955,-1.0271029472351074,0.0,-0.011388368904590607,-0.011388368904590607,-0.19587624073028564,-0.19587624073028564,-0.09299033135175705,-1.7001936435699463,0.4409578740596771,0.0,-0.1028859093785286,-0.1028859093785286
192,6.4,4,0,0,,4,uneven rough,5,0.0,56.0084228515625,36.34691619873047,0.17231380939483643,1.108109474182129,0.04926878958940506,1.108109474182129,0.04926878958940506,4.735461711883545,4.011356830596924,0.3333333432674408,0.09130609035491943,0.21152353286743164,0.5540547370910645,0.02463439479470253,0.28019872307777405,0.2645013928413391,0.3253828287124634,0.8088317513465881,0.40346065163612366,0.4132995307445526,0.19613909721374512,0.19613909721374512,0.21564346551895142,-1.6051290035247803,-0.5307899713516235,0.0,-0.0195043683052063,-0.0195043683052063,0.13225069642066956,0.13225069642066956,0.11034202575683594,1.4741109609603882,-1.5674190521240234,0.0,0.021908670663833618,0.021908670663833618,0.1626914143562317,0.1626914143562317,0.16715703904628754,-1.592185139656067,0.5464831590652466,0.0,-0.004465624690055847,-0.004465624690055847,0.5661821961402893,0.5661821961402893,0.42382362484931946,1.7578577995300293,1.1749683618545532,0.0,0.14235857129096985,0.14235857129096985,0.20173032581806183,0.20173032581806183,0.1918959617614746,1.5351101160049438,1.250305414199829,0.0,0.00983436405658722,0.00983436405658722,0.2066497653722763,0.2066497653722763,0.03940935060381889,0.21891486644744873,1.028106451034546,0.0,0.1672404147684574,0.1672404147684574
192,6.4,14,0,0,,4,uneven rough,5,0.0,55.89445495605469,37.235469818115234,0.17471843957901,1.227665662765503,0.5824375748634338,1.227665662765503,0.5824375748634338,5.987842559814453,0.9738314151763916,0.3333333432674408,0.8598597049713135,0.1478399932384491,0.6138328313827515,0.2912187874317169,0.785378634929657,0.23880872130393982,0.3207516372203827,0.5313131213188171,-0.020256929099559784,0.2583219110965729,0.5497650504112244,0.5497650504112244,0.43031448125839233,2.000021457672119,0.5639380812644958,0.0,0.11945056915283203,0.11945056915283203,0.11940436065196991,0.11940436065196991,0.08847066760063171,1.7945400476455688,-0.7251313328742981,0.0,0.030933693051338196,0.030933693051338196,0.16037581861019135,0.16037581861019135,0.13939295709133148,-0.16887430846691132,-0.18383783102035522,0.0,0.020982861518859863,0.020982861518859863,0.371919184923172,0.371919184923172,0.3252401351928711,2.0010828971862793,0.7466466426849365,0.0,0.0466790497303009,0.0466790497303009,-0.032411087304353714,-0.032411087304353714,0.1695793718099594,-0.13561072945594788,1.691041350364685,0.0,-0.20199045911431313,-0.20199045911431313,0.12916095554828644,0.12916095554828644,-0.14368344843387604,1.9531251192092896,-0.8075220584869385,0.0,0.2728444039821625,0.2728444039821625
192,6.4,24,0,0,,4,uneven rough,7,0.0,60.533348083496094,36.359107971191406,0.39823880791664124,1.9137966632843018,-0.2236035019159317,1.9137966632843018,-0.2236035019159317,9.48162841796875,1.3580658435821533,0.1666666716337204,0.6295734643936157,0.19822482764720917,0.9568983316421509,-0.11180175095796585,0.5166477560997009,0.33373111486434937,-0.23142056167125702,-0.5571092367172241,0.3555241823196411,-0.7196601629257202,0.3616534173488617,0.3616534173488617,-0.1132165938615799,1.9852906465530396,-1.5613083839416504,0.0,0.4748700112104416,0.4748700112104416,0.16686555743217468,0.16686555743217468,0.2056872844696045,-1.9832546710968018,1.5744086503982544,0.0,-0.03882172703742981,-0.03882172703742981,-0.11571028083562851,-0.11571028083562851,-0.12191309779882431,-0.9859233498573303,-0.2580902874469757,0.0,0.006202816963195801,0.006202816963195801,-0.38997647166252136,-0.38997647166252136,-0.028820175677537918,-1.767276644706726,-0.481914758682251,0.0,-0.36115629598498344,-0.36115629598498344,0.17776209115982056,0.17776209115982056,0.11133419722318649,2.097904920578003,-0.1294422149658203,0.0,0.06642789393663406,0.06642789393663406,-0.3598300814628601,-0.3598300814628601,-0.1579843908548355,-1.8410338163375854,-0.7696530222892761,0.0,-0.2018456906080246,-0.2018456906080246
193,6.433333333333334,4,0,0,,4,uneven rough,5,0.0,56.01191711425781,36.39322280883789,0.16209842264652252,1.654986023902893,0.363135427236557,1.654986023902893,0.363135427236557,7.160273551940918,3.3067615032196045,0.3333333432674408,0.22768685221672058,0.25483447313308716,0.8274930119514465,0.1815677136182785,0.46251899003982544,0.03964533656835556,-0.2763098180294037,0.737381637096405,0.6295009255409241,0.2519196569919586,0.32376328110694885,0.32376328110694885,0.2416355311870575,1.9667601585388184,-1.1382231712341309,0.0,0.08212774991989136,0.08212774991989136,0.01982266828417778,0.01982266828417778,0.062161948531866074,-1.524181842803955,0.1522674560546875,0.0,-0.04233928024768829,-0.04233928024768829,-0.13815490901470184,-0.13815490901470184,0.10213080048561096,-1.8091206550598145,-0.6627237200737,0.0,-0.2402857095003128,-0.2402857095003128,0.516167163848877,0.516167163848877,0.4681839644908905,1.4237263202667236,1.5045350790023804,0.0,0.04798319935798645,0.04798319935798645,0.31475046277046204,0.31475046277046204,0.23675210773944855,1.5393095016479492,1.41133451461792,0.0,0.07799835503101349,0.07799835503101349,0.1259598284959793,0.1259598284959793,0.08349553495645523,0.5665974617004395,0.5705881118774414,0.0,0.04246429353952408,0.04246429353952408
193,6.433333333333334,14,0,0,,4,uneven rough,5,0.0,55.8953857421875,37.2767448425293,0.1840795874595642,1.651916265487671,0.5562596321105957,1.651916265487671,0.5562596321105957,2.342010021209717,0.7562553286552429,0.1666666716337204,1.0650500059127808,0.30965617299079895,0.8259581327438354,0.27812981605529785,-0.3139835000038147,0.595018744468689,0.6972399950027466,0.7570793628692627,0.19986943900585175,0.025085292756557465,-0.21978844702243805,-0.21978844702243805,0.41015976667404175,-1.5527570247650146,1.3759021759033203,0.0,-0.6299482136964798,-0.6299482136964798,0.2975093722343445,0.2975093722343445,0.11883215606212616,0.3239419758319855,0.6994953751564026,0.0,0.17867721617221832,0.17867721617221832,0.3486199975013733,0.3486199975013733,0.17898952960968018,0.42976588010787964,-0.17537742853164673,0.0,0.16963046789169312,0.16963046789169312,0.5299555659294128,0.5299555659294128,0.3887644410133362,1.998953938484192,1.4559071063995361,0.0,0.14119112491607666,0.14119112491607666,0.09993471950292587,0.09993471950292587,0.16188660264015198,-1.693471074104309,0.658249020576477,0.0,-0.061951883137226105,-0.061951883137226105,0.012542646378278732,0.012542646378278732,-0.08333157002925873,1.9872184991836548,0.7533528208732605,0.0,0.09587421640753746,0.09587421640753746
193,6.433333333333334,24,0,0,,4,uneven rough,7,0.0,60.59062194824219,36.358394622802734,0.3949849605560303,1.9559457302093506,-1.4262691736221313,1.9259065389633179,-1.4262691736221313,9.551420211791992,2.9088504314422607,0.3333333432674408,0.2713340222835541,0.041871752589941025,0.9779728651046753,-0.7131345868110657,0.5023688077926636,0.6883583068847656,-0.1338215172290802,-0.5061295628547668,0.259562611579895,-0.24481801688671112,0.3516581654548645,0.3516581654548645,-0.050213541835546494,1.5028798580169678,0.443945050239563,0.0,0.401871707290411,0.401871707290411,0.3441791534423828,0.3441791534423828,0.23644733428955078,0.9326504468917847,-0.4371005892753601,0.0,0.10773181915283203,0.10773181915283203,-0.0669107586145401,-0.0669107586145401,-0.06989730894565582,1.6676135063171387,-0.6696084141731262,0.0,0.0029865503311157227,0.0029865503311157227,-0.3542906939983368,-0.3542906939983368,-0.09456803649663925,-1.8809291124343872,-1.2086607217788696,0.0,-0.25972265750169754,-0.25972265750169754,0.1297813057899475,0.1297813057899475,0.16999806463718414,0.20924238860607147,1.129903793334961,0.0,-0.04021675884723663,-0.04021675884723663,-0.12240900844335556,-0.12240900844335556,-0.11710922420024872,0.8861016035079956,-1.3754136562347412,0.0,-0.005299784243106842,-0.005299784243106842
194,6.466666666666667,4,0,0,,4,uneven rough,5,0.0,56.007354736328125,36.437808990478516,0.1591862142086029,1.6364974975585938,0.3104865550994873,1.6364974975585938,0.3104865550994873,6.5584001541137695,2.4082064628601074,0.3333333432674408,0.23220118880271912,0.29016363620758057,0.8182487487792969,0.15524327754974365,-0.09995372593402863,0.10184339433908463,0.5609807372093201,0.7277520895004272,0.541744589805603,-0.17206896841526031,-0.0699676051735878,-0.0699676051735878,0.20968791842460632,-1.8538439273834229,0.6173399686813354,0.0,-0.2796555235981941,-0.2796555235981941,0.05092169716954231,0.05092169716954231,0.07034756243228912,-0.11530473083257675,-0.7955999970436096,0.0,-0.01942586526274681,-0.01942586526274681,0.28049036860466003,0.28049036860466003,0.1172424852848053,1.3239048719406128,-1.3108986616134644,0.0,0.16324788331985474,0.16324788331985474,0.509426474571228,0.509426474571228,0.5241856575012207,0.6950501203536987,1.458845615386963,0.0,-0.014759182929992676,-0.014759182929992676,0.2708722949028015,0.2708722949028015,0.27216678857803345,-0.4875164330005646,1.4836918115615845,0.0,-0.0012944936752319336,-0.0012944936752319336,-0.08603448420763016,-0.08603448420763016,0.03575258329510689,0.01199575886130333,0.568331778049469,0.0,-0.12178706750273705,-0.12178706750273705
194,6.466666666666667,14,0,0,,4,uneven rough,5,0.0,55.88840103149414,37.315643310546875,0.20444384217262268,1.42718505859375,0.20195361971855164,1.42718505859375,0.20195361971855164,5.650912284851074,3.9288554191589355,0.3333333432674408,0.7462852001190186,0.08749502897262573,0.713592529296875,0.10097680985927582,0.03485658019781113,0.6000690460205078,0.5196422338485718,0.542507529258728,-0.1145806834101677,-0.032766759395599365,0.02439960651099682,0.02439960651099682,0.3593057692050934,-0.8779149651527405,-0.27996695041656494,0.0,-0.33490616269409657,-0.33490616269409657,0.3000345230102539,0.3000345230102539,0.18575839698314667,2.002415657043457,0.48715680837631226,0.0,0.11427612602710724,0.11427612602710724,0.2598211169242859,0.2598211169242859,0.22799134254455566,1.4921759366989136,0.16677168011665344,0.0,0.031829774379730225,0.031829774379730225,0.37975525856018066,0.37975525856018066,0.4154459536075592,-0.9553641676902771,1.7629467248916626,0.0,-0.03569069504737854,-0.03569069504737854,-0.18332909047603607,-0.18332909047603607,0.13417378067970276,-0.7633007168769836,-0.671417772769928,0.0,-0.31750287115573883,-0.31750287115573883,-0.016383379697799683,-0.016383379697799683,-0.01579318195581436,1.471757411956787,1.450982689857483,0.0,-0.000590197741985321,-0.000590197741985321
194,6.466666666666667,24,0,0,,4,uneven rough,7,0.0,60.64570236206055,36.355995178222656,0.3818244934082031,1.890415072441101,-1.1164655685424805,1.890415072441101,-1.1164655685424805,10.242130279541016,2.322835683822632,0.3333333432674408,-0.07670211046934128,0.07872871309518814,0.9452075362205505,-0.5582327842712402,0.5349428057670593,0.14908289909362793,0.17200951278209686,-0.2825218141078949,0.6565728187561035,-0.43882885575294495,0.3744599521160126,0.3744599521160126,0.017845051363110542,1.9665677547454834,1.0426687002182007,0.0,0.35661490075290203,0.35661490075290203,0.07454144954681396,0.07454144954681396,0.17979742586612701,-2.009881019592285,0.33735910058021545,0.0,-0.10525597631931305,-0.10525597631931305,0.08600475639104843,0.08600475639104843,-0.040485091507434845,0.7547111511230469,0.6518610715866089,0.0,0.12648984789848328,0.12648984789848328,-0.1977652609348297,-0.1977652609348297,-0.159388929605484,-2.0113000869750977,-1.5887625217437744,0.0,-0.0383763313293457,-0.0383763313293457,0.32828640937805176,0.32828640937805176,0.22172735631465912,2.0759804248809814,0.6093602180480957,0.0,0.10655905306339264,0.10655905306339264,-0.21941442787647247,-0.21941442787647247,-0.13013142347335815,-0.6980271339416504,-0.09674889594316483,0.0,-0.08928300440311432,-0.08928300440311432
195,6.5,4,0,0,,4,uneven rough,5,0.0,55.996368408203125,36.480857849121094,0.17137688398361206,1.1190986633300781,-0.1859482377767563,1.1190986633300781,-0.1859482377767563,4.323933124542236,2.2644710540771484,0.6666666865348816,0.2484278678894043,0.23000268638134003,0.5595493316650391,-0.09297411888837814,0.5585964918136597,0.13026128709316254,0.298943430185318,0.3549155592918396,0.2633327543735504,-0.04235752299427986,0.39101752638816833,0.39101752638816833,0.2629026770591736,1.8170520067214966,-0.7798718214035034,0.0,0.12811484932899475,0.12811484932899475,0.06513064354658127,0.06513064354658127,0.07278904318809509,-0.18291351199150085,-0.4109598398208618,0.0,-0.0076583996415138245,-0.0076583996415138245,0.149471715092659,0.149471715092659,0.12070248275995255,-0.17913022637367249,0.17882399260997772,0.0,0.02876923233270645,0.02876923233270645,0.24844089150428772,0.24844089150428772,0.4622655510902405,-1.850346565246582,1.026994228363037,0.0,-0.21382465958595276,-0.21382465958595276,0.1316663771867752,0.1316663771867752,0.21410979330539703,-1.8806275129318237,0.36916711926460266,0.0,-0.08244341611862183,-0.08244341611862183,-0.02117876149713993,-0.02117876149713993,0.017243726179003716,-1.4865760803222656,0.2537783980369568,0.0,-0.038422487676143646,-0.038422487676143646
195,6.5,14,0,0,,4,uneven rough,5,0.0,55.870967864990234,37.35184097290039,0.20837923884391785,1.4674592018127441,-0.030337786301970482,1.4674592018127441,-0.030337786301970482,3.9741735458374023,1.9105224609375,0.5,0.5168234705924988,0.11161921918392181,0.7337296009063721,-0.015168893150985241,0.5279459357261658,0.19619132578372955,0.3822866380214691,0.08470484614372253,0.1825890839099884,-0.5285249948501587,0.36956214904785156,0.36956214904785156,0.36428216099739075,0.4637722969055176,-0.618047833442688,0.0,0.005279988050460815,0.005279988050460815,0.09809566289186478,0.09809566289186478,0.14752861857414246,-1.9950238466262817,1.3438868522644043,0.0,-0.04943295568227768,-0.04943295568227768,0.19114331901073456,0.19114331901073456,0.18244418501853943,-0.8639727234840393,0.916157603263855,0.0,0.00869913399219513,0.00869913399219513,0.059293393045663834,0.059293393045663834,0.34926721453666687,-1.998842477798462,0.22600886225700378,0.0,-0.28997382149100304,-0.28997382149100304,0.0912945419549942,0.0912945419549942,0.06710224598646164,-0.5670329332351685,-0.7233685255050659,0.0,0.024192295968532562,0.024192295968532562,-0.26426249742507935,-0.26426249742507935,-0.02964659407734871,-0.9686709642410278,1.46272873878479,0.0,-0.23461590334773064,-0.23461590334773064
195,6.5,24,0,0,,4,uneven rough,7,0.0,60.70320510864258,36.3399543762207,0.3754621148109436,1.8958929777145386,-0.5633186101913452,1.8958929777145386,-0.5633186101913452,10.235479354858398,4.5404205322265625,0.3333333432674408,-0.27049487829208374,0.15514668822288513,0.9479464888572693,-0.2816593050956726,0.7643517851829529,0.447240948677063,0.23320429027080536,0.3218505084514618,0.3298231363296509,-0.057361286133527756,0.5350462198257446,0.5350462198257446,0.08168654888868332,1.9727760553359985,1.5650428533554077,0.0,0.4533596709370613,0.4533596709370613,0.2236204743385315,0.2236204743385315,0.1642288714647293,1.4868671894073486,-0.9897747039794922,0.0,0.059391602873802185,0.059391602873802185,0.11660214513540268,0.11660214513540268,0.02062283083796501,1.9886642694473267,0.710012674331665,0.0,0.09597931429743767,0.09597931429743767,0.22529534995555878,0.22529534995555878,-0.14035475254058838,1.9086488485336304,-1.8276660442352295,0.0,0.36565010249614716,0.36565010249614716,0.16491156816482544,0.16491156816482544,0.21446676552295685,-0.9060825109481812,1.4385899305343628,0.0,-0.04955519735813141,-0.04955519735813141,-0.028680643066763878,-0.028680643066763878,-0.06437202543020248,2.000000476837158,-0.43671268224716187,0.0,0.035691382363438606,0.035691382363438606
196,6.533333333333333,4,0,0,,4,uneven rough,5,0.0,55.982791900634766,36.51898193359375,0.1754385530948639,1.1978108882904053,-0.605309784412384,1.1978108882904053,-0.605309784412384,1.1139743328094482,3.3142547607421875,0.3333333432674408,0.5210708379745483,0.22253790497779846,0.5989054441452026,-0.302654892206192,0.24562695622444153,-0.06750374287366867,0.6681824326515198,0.003789630252867937,0.38510218262672424,-0.7085542678833008,0.17193886637687683,0.17193886637687683,0.22714011371135712,-1.898708701133728,0.6884335279464722,0.0,-0.055201247334480286,-0.055201247334480286,-0.10800599306821823,-0.10800599306821823,0.012312013655900955,-1.6038715839385986,-0.28202202916145325,0.0,-0.12031800672411919,-0.12031800672411919,0.3340912163257599,0.3340912163257599,0.17813734710216522,1.6994736194610596,-0.023563962429761887,0.0,0.15595386922359467,0.15595386922359467,0.0026527410373091698,0.0026527410373091698,0.4241895377635956,-1.5333677530288696,-0.5998594164848328,0.0,-0.4215367967262864,-0.4215367967262864,0.19255109131336212,0.19255109131336212,0.18246524035930634,0.29398414492607117,-0.902870774269104,0.0,0.010085850954055786,0.010085850954055786,-0.3542771339416504,-0.3542771339416504,0.011528086848556995,-0.6977254152297974,-0.730221152305603,0.0,-0.3658052207902074,-0.3658052207902074
196,6.533333333333333,14,0,0,,4,uneven rough,5,0.0,55.855350494384766,37.389949798583984,0.2015504240989685,1.2788255214691162,-1.1284815073013306,1.2788255214691162,-1.1284815073013306,2.126596450805664,3.3333334922790527,0.1666666716337204,0.338122695684433,0.14158235490322113,0.6394127607345581,-0.5642407536506653,0.5965957641601562,-0.07979656010866165,0.7173169851303101,0.27411067485809326,0.025852857157588005,-0.4800516366958618,0.4176170229911804,0.4176170229911804,0.4153996706008911,1.6520329713821411,-0.006384802516549826,0.0,0.0022173523902893066,0.0022173523902893066,-0.12767450511455536,-0.12767450511455536,0.08394423872232437,-2.0002574920654297,-0.5439392328262329,0.0,-0.21161874383687973,-0.21161874383687973,0.35865849256515503,0.35865849256515503,0.19096428155899048,-1.1546651124954224,-0.09033127129077911,0.0,0.16769421100616455,0.16769421100616455,0.19187746942043304,0.19187746942043304,0.282236248254776,-1.9847095012664795,-1.0319260358810425,0.0,-0.09035877883434296,-0.09035877883434296,0.012926428578794003,0.012926428578794003,0.029714742675423622,-0.6072730422019958,-0.6349760890007019,0.0,-0.01678831409662962,-0.01678831409662962,-0.2400258183479309,-0.2400258183479309,-0.05534971132874489,-0.6461166739463806,0.08801097422838211,0.0,-0.18467610701918602,-0.18467610701918602
196,6.533333333333333,24,0,0,,4,uneven rough,7,0.0,60.76368713378906,36.322349548339844,0.38333502411842346,1.879410743713379,0.4834578037261963,1.879410743713379,0.4834578037261963,9.737029075622559,0.0,0.0,-0.31781184673309326,0.2743241488933563,0.9397053718566895,0.24172890186309814,-0.325359970331192,0.6318846940994263,0.2952275574207306,0.5061401128768921,0.26001930236816406,0.3884531855583191,-0.2277519702911377,-0.2277519702911377,0.05894746631383896,-1.6179897785186768,1.7955759763717651,0.0,-0.28669943660497665,-0.28669943660497665,0.31594234704971313,0.31594234704971313,0.2234416902065277,2.000126600265503,0.41052305698394775,0.0,0.09250065684318542,0.09250065684318542,0.1476137787103653,0.1476137787103653,0.08408166468143463,1.9281386137008667,1.432964563369751,0.0,0.06353211402893066,0.06353211402893066,0.35429808497428894,0.35429808497428894,-0.06855245679616928,1.9581378698349,0.28485310077667236,0.0,0.4228505417704582,0.4228505417704582,0.13000965118408203,0.13000965118408203,0.16593599319458008,-1.783625602722168,0.11290793865919113,0.0,-0.03592634201049805,-0.03592634201049805,0.19422659277915955,0.19422659277915955,-0.01019942108541727,1.9997012615203857,0.9410092830657959,0.0,0.20442601386457682,0.20442601386457682
197,6.566666666666666,4,0,0,,4,uneven rough,5,0.0,55.96798324584961,36.56010055541992,0.17085757851600647,1.2091114521026611,0.14267955720424652,1.2091114521026611,0.14267955720424652,1.8131630420684814,1.969404935836792,0.3333333432674408,0.5677681565284729,0.2369130253791809,0.6045557260513306,0.07133977860212326,0.8890273571014404,-0.01851571723818779,0.4034879505634308,0.18695580959320068,0.4201182723045349,-0.5621061325073242,0.6223191618919373,0.6223191618919373,0.26211264729499817,1.2841107845306396,-0.774341344833374,0.0,0.3602065145969391,0.3602065145969391,-0.029625147581100464,-0.029625147581100464,-0.016578227281570435,-0.3887406885623932,-1.0293980836868286,0.0,-0.01304692029953003,-0.01304692029953003,0.2017439752817154,0.2017439752817154,0.21071822941303253,1.1362864971160889,0.9506445527076721,0.0,-0.008974254131317139,-0.008974254131317139,0.130869060754776,0.130869060754776,0.35527992248535156,-1.8573923110961914,-1.127666711807251,0.0,-0.22441086173057556,-0.22441086173057556,0.21005913615226746,0.21005913615226746,0.20414918661117554,-0.01165560819208622,-0.22616685926914215,0.0,0.005909949541091919,0.005909949541091919,-0.2810530662536621,-0.2810530662536621,-0.017413051798939705,0.12402740120887756,-0.7118480205535889,0.0,-0.2636400144547224,-0.2636400144547224
197,6.566666666666666,14,0,0,,4,uneven rough,5,0.0,55.84469223022461,37.428916931152344,0.19283586740493774,1.2772314548492432,-0.5599677562713623,1.2772314548492432,-0.5599677562713623,1.557936429977417,5.978503227233887,0.3333333432674408,0.29902708530426025,0.09199230372905731,0.6386157274246216,-0.27998387813568115,0.37860268354415894,0.05713405832648277,0.8108543157577515,0.6132727861404419,0.38982415199279785,-0.19664788246154785,0.2650218605995178,0.2650218605995178,0.35377392172813416,-1.9096378087997437,0.9312875866889954,0.0,-0.08875206112861633,-0.08875206112861633,0.028567029163241386,0.028567029163241386,0.04692895710468292,-0.8223540782928467,-1.3673441410064697,0.0,-0.018361927941441536,-0.018361927941441536,0.40542715787887573,0.40542715787887573,0.22387860715389252,0.4311054050922394,-0.6921075582504272,0.0,0.18154855072498322,0.18154855072498322,0.4292909502983093,0.4292909502983093,0.34302985668182373,2.011183023452759,-1.570631504058838,0.0,0.0862610936164856,0.0862610936164856,0.19491207599639893,0.19491207599639893,0.0960620865225792,2.0306670665740967,-0.6193127036094666,0.0,0.09884998947381973,0.09884998947381973,-0.09832394123077393,-0.09832394123077393,-0.03037235327064991,-0.020379504188895226,-0.3270661234855652,0.0,-0.06795158796012402,-0.06795158796012402
197,6.566666666666666,24,0,0,,4,uneven rough,7,0.0,60.825321197509766,36.315616607666016,0.39406532049179077,1.8733503818511963,0.1949189007282257,1.8733503818511963,0.1949189007282257,9.771160125732422,2.67452335357666,0.1666666716337204,-0.5147106647491455,0.19512508809566498,0.9366751909255981,0.09745945036411285,-0.31945690512657166,0.6854104995727539,0.008744523860514164,-0.02125890552997589,0.04462365433573723,0.24765974283218384,-0.22361983358860016,-0.22361983358860016,-0.010207348503172398,-1.9917882680892944,-0.1344602406024933,0.0,-0.21341248508542776,-0.21341248508542776,0.34270524978637695,0.34270524978637695,0.2861795723438263,1.8080612421035767,1.3092877864837646,0.0,0.05652567744255066,0.05652567744255066,0.004372261930257082,0.004372261930257082,0.0693451389670372,-0.969071090221405,1.7129368782043457,0.0,-0.06497287703678012,-0.06497287703678012,-0.014881233684718609,-0.014881233684718609,-0.013469496741890907,1.051174283027649,1.230931282043457,0.0,-0.0014117369428277016,-0.0014117369428277016,0.022311827167868614,0.022311827167868614,0.11598215252161026,-1.5817534923553467,-0.9593955278396606,0.0,-0.09367032535374165,-0.09367032535374165,0.12382987141609192,0.12382987141609192,0.03861207142472267,0.42736098170280457,1.539595603942871,0.0,0.08521779999136925,0.08521779999136925
198,6.6,4,0,0,,4,uneven rough,5,0.0,55.95271682739258,36.60158157348633,0.17869651317596436,1.523539662361145,-0.06385912746191025,1.523539662361145,-0.06385912746191025,2.248248815536499,1.538993239402771,0.3333333432674408,0.49979981780052185,0.18509924411773682,0.7617698311805725,-0.031929563730955124,0.5828211307525635,0.19079364836215973,0.16005554795265198,0.35787075757980347,0.4334106147289276,-0.5328990817070007,0.4079747796058655,0.4079747796058655,0.3288003206253052,2.000000238418579,0.38951119780540466,0.0,0.0791744589805603,0.0791744589805603,0.09539682418107986,0.09539682418107986,0.0486048199236393,1.9950153827667236,-0.6671692132949829,0.0,0.04679200425744057,0.04679200425744057,0.08002777397632599,0.08002777397632599,0.1550271213054657,-1.9922800064086914,1.0556068420410156,0.0,-0.07499934732913971,-0.07499934732913971,0.2505095303058624,0.2505095303058624,0.2921149432659149,-1.9941555261611938,-1.540254831314087,0.0,-0.04160541296005249,-0.04160541296005249,0.2167053073644638,0.2167053073644638,0.22793585062026978,0.4390290379524231,-0.10488180816173553,0.0,-0.01123054325580597,-0.01123054325580597,-0.26644954085350037,-0.26644954085350037,-0.07537482678890228,-2.0,-0.2392425537109375,0.0,-0.19107471406459808,-0.19107471406459808
198,6.6,14,0,0,,4,uneven rough,5,0.0,55.83905792236328,37.470855712890625,0.1915656328201294,1.092533826828003,0.3713440001010895,1.092533826828003,0.3713440001010895,3.721208095550537,2.5772132873535156,0.3333333432674408,0.06775987148284912,0.07900623232126236,0.5462669134140015,0.18567200005054474,0.6675174832344055,0.23869585990905762,-0.031205514445900917,0.7489836812019348,0.18821580708026886,0.36125266551971436,0.46726223826408386,0.46726223826408386,0.37908416986465454,2.000001907348633,-0.6749767065048218,0.0,0.08817806839942932,0.08817806839942932,0.11934792995452881,0.11934792995452881,0.0838402658700943,0.8688152432441711,-1.0592057704925537,0.0,0.03550766408443451,0.03550766408443451,-0.015602757222950459,-0.015602757222950459,0.16065019369125366,-1.9998890161514282,-0.05704093351960182,0.0,-0.17625295091420412,-0.17625295091420412,0.5242885947227478,0.5242885947227478,0.39918163418769836,1.9924017190933228,0.45453283190727234,0.0,0.12510696053504944,0.12510696053504944,0.09410790354013443,0.09410790354013443,0.11531522870063782,-0.34518304467201233,0.8789905905723572,0.0,-0.021207325160503387,-0.021207325160503387,0.18062633275985718,0.18062633275985718,-0.005862149875611067,-0.6660433411598206,-0.1536649614572525,0.0,0.18648848263546824,0.18648848263546824
198,6.6,24,0,0,,4,uneven rough,7,0.0,60.88556671142578,36.31338119506836,0.39344996213912964,1.9303669929504395,-0.9718273878097534,1.9078340530395508,-0.9718273878097534,9.285774230957031,6.501616477966309,0.3333333432674408,-0.569337785243988,0.15885207056999207,0.9651834964752197,-0.4859136939048767,0.04720524325966835,0.4973568916320801,-0.29671627283096313,-0.17021389305591583,0.5112252235412598,-0.07702073454856873,0.033043671399354935,0.033043671399354935,0.027088573202490807,1.5949946641921997,-1.1845968961715698,0.0,0.005955098196864128,0.005955098196864128,0.24867844581604004,0.24867844581604004,0.2907787263393402,-0.08830330520868301,1.5912952423095703,0.0,-0.04210028052330017,-0.04210028052330017,-0.14835813641548157,-0.14835813641548157,0.012353465892374516,-1.1418441534042358,0.19652476906776428,0.0,-0.16071160230785608,-0.16071160230785608,-0.11914972215890884,-0.11914972215890884,-0.07304993271827698,-1.986876368522644,1.1292963027954102,0.0,-0.046099789440631866,-0.046099789440631866,0.2556126117706299,0.2556126117706299,0.12855082750320435,-0.17980781197547913,-1.3112778663635254,0.0,0.12706178426742554,0.12706178426742554,-0.03851036727428436,-0.03851036727428436,0.01051135640591383,0.012334880419075489,0.9107361435890198,0.0,-0.04902172368019819,-0.04902172368019819
199,6.633333333333333,4,0,0,,4,uneven rough,5,0.0,55.93952560424805,36.63870620727539,0.17398394644260406,0.8468179106712341,0.44693782925605774,0.8468179106712341,0.44693782925605774,4.178680896759033,0.0,0.0,0.420439213514328,0.283119797706604,0.42340895533561707,0.22346891462802887,0.48525968194007874,-0.13655613362789154,0.6135718822479248,0.2229897528886795,0.4237702488899231,-0.6939241886138916,0.3396817743778229,0.3396817743778229,0.3676316440105438,0.5268155932426453,1.3000845909118652,0.0,-0.027949869632720947,-0.027949869632720947,-0.21848981082439423,-0.21848981082439423,-0.010850452817976475,-1.7666618824005127,0.8380347490310669,0.0,-0.20763935800641775,-0.20763935800641775,0.3067859411239624,0.3067859411239624,0.20511461794376373,1.9879209995269775,-0.6676738262176514,0.0,0.10167132318019867,0.10167132318019867,0.1560928225517273,0.1560928225517273,0.2298421710729599,-1.9997504949569702,-1.7968910932540894,0.0,-0.0737493485212326,-0.0737493485212326,0.21188512444496155,0.21188512444496155,0.20280425250530243,0.1849142462015152,0.20264635980129242,0.0,0.009080871939659119,0.009080871939659119,-0.3469620943069458,-0.3469620943069458,-0.09751994907855988,-0.6170147657394409,-1.2347779273986816,0.0,-0.24944214522838593,-0.24944214522838593
199,6.633333333333333,14,0,0,,4,uneven rough,5,0.0,55.83436584472656,37.50678634643555,0.18879441916942596,1.6810271739959717,1.027661681175232,1.6810271739959717,1.027661681175232,7.303171157836914,3.033393383026123,0.1666666716337204,0.22724637389183044,0.3001295030117035,0.8405135869979858,0.513830840587616,-0.24871110916137695,0.08587158471345901,0.38453951478004456,0.7572175860404968,0.21433375775814056,-0.22419413924217224,-0.17409777641296387,-0.17409777641296387,0.3618508279323578,-1.2753572463989258,0.837460994720459,0.0,-0.5359486043453217,-0.5359486043453217,0.04293579235672951,0.04293579235672951,0.06227625161409378,-0.9284539818763733,0.030900759622454643,0.0,-0.019340459257364273,-0.019340459257364273,0.19226975739002228,0.19226975739002228,0.1379682868719101,-0.23659484088420868,-1.1555306911468506,0.0,0.05430147051811218,0.05430147051811218,0.5300523042678833,0.5300523042678833,0.47034236788749695,2.002056837081909,1.3240466117858887,0.0,0.05970993638038635,0.05970993638038635,0.10716687887907028,0.10716687887907028,0.11486797034740448,1.5115759372711182,0.18684063851833344,0.0,-0.007701091468334198,-0.007701091468334198,-0.11209706962108612,-0.11209706962108612,-0.018755650147795677,0.18679280579090118,-0.44336462020874023,0.0,-0.09334141947329044,-0.09334141947329044
199,6.633333333333333,24,0,0,,4,uneven rough,7,0.0,60.94218444824219,36.31136703491211,0.39278924465179443,1.9512224197387695,0.8180256485939026,1.863187313079834,0.8180256485939026,9.658239364624023,5.5589728355407715,0.3333333432674408,-0.5265812277793884,0.16143624484539032,0.9756112098693848,0.4090128242969513,-0.1249639093875885,0.322395384311676,-0.1572933942079544,-0.0664563924074173,0.20927448570728302,0.17318309843540192,-0.08747473359107971,-0.08747473359107971,-0.03155146539211273,-1.9955763816833496,0.38698917627334595,0.0,-0.05592326819896698,-0.05592326819896698,0.161197692155838,0.161197692155838,0.22545062005519867,-1.9987825155258179,0.641647219657898,0.0,-0.06425292789936066,-0.06425292789936066,-0.0786466971039772,-0.0786466971039772,-0.013606933876872063,-0.4164785146713257,-0.5601913928985596,0.0,-0.06503976322710514,-0.06503976322710514,-0.04651947319507599,-0.04651947319507599,-0.04365217685699463,1.1762019395828247,-0.6325932741165161,0.0,-0.00286729633808136,-0.00286729633808136,0.10463724285364151,0.10463724285364151,0.09696038067340851,0.17425261437892914,-0.6715426445007324,0.0,0.007676862180233002,0.007676862180233002,0.08659154921770096,0.08659154921770096,0.03831954672932625,0.6544108390808105,0.4027784466743469,0.0,0.04827200248837471,0.04827200248837471
200,6.666666666666667,4,0,0,,4,uneven rough,5,0.0,55.92756652832031,36.680110931396484,0.17511379718780518,1.2143710851669312,0.0708414614200592,1.2143710851669312,0.0708414614200592,2.0964741706848145,1.4501246213912964,0.1666666716337204,0.420501172542572,0.2783282995223999,0.6071855425834656,0.0354207307100296,0.7941266894340515,0.13989602029323578,0.7048037052154541,0.31304433941841125,0.3613782227039337,-0.5346464514732361,0.5558886528015137,0.5558886528015137,0.4286693036556244,1.9221819639205933,0.8628768920898438,0.0,0.12721934914588928,0.12721934914588928,0.06994801014661789,0.06994801014661789,0.04462495818734169,1.3455810546875,-0.6346653699874878,0.0,0.0253230519592762,0.0253230519592762,0.35240185260772705,0.35240185260772705,0.2412458211183548,-0.3260951042175293,0.8338042497634888,0.0,0.11115603148937225,0.11115603148937225,0.21913103759288788,0.21913103759288788,0.1972547173500061,0.14566370844841003,-1.911588191986084,0.0,0.021876320242881775,0.021876320242881775,0.18068911135196686,0.18068911135196686,0.22052353620529175,-0.35091638565063477,0.19262059032917023,0.0,-0.03983442485332489,-0.03983442485332489,-0.26732322573661804,-0.26732322573661804,-0.1471019983291626,-1.738182783126831,-0.8854935765266418,0.0,-0.12022122740745544,-0.12022122740745544
200,6.666666666666667,14,0,0,,4,uneven rough,5,0.0,55.812625885009766,37.53726577758789,0.1882602572441101,1.5490648746490479,0.13804303109645844,1.5490648746490479,0.13804303109645844,5.370089530944824,0.5544646978378296,0.3333333432674408,-0.08416740596294403,0.10492320358753204,0.7745324373245239,0.06902151554822922,-0.07064257562160492,0.3518904745578766,0.12497426569461823,0.5353175401687622,0.24043114483356476,-0.2558934986591339,-0.049449801445007324,-0.049449801445007324,0.31197354197502136,-1.352269172668457,-0.357130229473114,0.0,-0.3614233434200287,-0.3614233434200287,0.1759452372789383,0.1759452372789383,0.12810447812080383,2.004556894302368,-0.5115201473236084,0.0,0.04784075915813446,0.04784075915813446,0.06248713284730911,0.06248713284730911,0.07068423926830292,-2.00661039352417,-0.6359626650810242,0.0,-0.008197106420993805,-0.008197106420993805,0.37472227215766907,0.37472227215766907,0.4880102276802063,-0.6326338052749634,1.7073948383331299,0.0,-0.11328795552253723,-0.11328795552253723,0.12021557241678238,0.12021557241678238,0.15690180659294128,0.4891286790370941,0.9358483552932739,0.0,-0.036686234176158905,-0.036686234176158905,-0.12794674932956696,-0.12794674932956696,-0.07964366674423218,-1.652249813079834,-0.08707248419523239,0.0,-0.04830308258533478,-0.04830308258533478
200,6.666666666666667,24,0,0,,4,uneven rough,7,0.0,61.0015754699707,36.30852127075195,0.3856147825717926,1.8893076181411743,0.18560422956943512,1.8803725242614746,0.18560422956943512,9.330013275146484,2.38558292388916,0.3333333432674408,-0.3706505000591278,0.05355849489569664,0.9446538090705872,0.09280211478471756,0.35431843996047974,0.22698679566383362,-0.4390801191329956,-0.19961541891098022,0.47786054015159607,-0.12272918224334717,0.2480228990316391,0.2480228990316391,0.025401024147868156,1.9672722816467285,-0.9601176381111145,0.0,0.22262187488377094,0.22262187488377094,0.11349339783191681,0.11349339783191681,0.16472159326076508,-1.9913588762283325,-0.8512564897537231,0.0,-0.05122819542884827,-0.05122819542884827,-0.2195400595664978,-0.2195400595664978,-0.04291808232665062,-0.6736476421356201,-0.4789358675479889,0.0,-0.17662197723984718,-0.17662197723984718,-0.1397307962179184,-0.1397307962179184,-0.1043093353509903,-1.9601531028747559,0.3901028037071228,0.0,-0.0354214608669281,-0.0354214608669281,0.23893027007579803,0.23893027007579803,0.13783806562423706,1.4561092853546143,-0.19332848489284515,0.0,0.10109220445156097,0.10109220445156097,-0.061364591121673584,-0.061364591121673584,-0.013710973784327507,-1.9817237854003906,0.5450518727302551,0.0,-0.04765361733734608,-0.04765361733734608
201,6.7,4,0,0,,4,uneven rough,5,0.0,55.91958236694336,36.718505859375,0.1664641797542572,0.9288028478622437,0.20821626484394073,0.9288028478622437,0.20821626484394073,1.1446120738983154,1.921020746231079,0.3333333432674408,0.15559062361717224,0.22805938124656677,0.4644014239311218,0.10410813242197037,0.32286369800567627,0.03477456420660019,0.48809459805488586,0.6715933084487915,0.6068998575210571,-0.21288447082042694,0.22600458562374115,0.22600458562374115,0.37651342153549194,-1.9633926153182983,1.4618098735809326,0.0,-0.1505088359117508,-0.1505088359117508,0.017387282103300095,0.017387282103300095,0.03491773083806038,-1.0164588689804077,0.48496952652931213,0.0,-0.017530448734760284,-0.017530448734760284,0.24404729902744293,0.24404729902744293,0.257841557264328,-0.5657663941383362,0.17799508571624756,0.0,-0.01379425823688507,-0.01379425823688507,0.4701153039932251,0.4701153039932251,0.26512524485588074,2.0,-0.7484142780303955,0.0,0.20499005913734436,0.20499005913734436,0.30344992876052856,0.30344992876052856,0.27522823214530945,1.9129157066345215,-0.1146961897611618,0.0,0.028221696615219116,0.028221696615219116,-0.10644223541021347,-0.10644223541021347,-0.10738878697156906,1.052202582359314,-1.3676055669784546,0.0,0.0009465515613555908,0.0009465515613555908
201,6.7,14,0,0,,4,uneven rough,5,0.0,55.7916374206543,37.56510543823242,0.18990981578826904,1.0246117115020752,0.7558463215827942,1.0246117115020752,0.7558463215827942,3.0519309043884277,0.9394456744194031,0.3333333432674408,0.05796656012535095,0.12050867080688477,0.5123058557510376,0.3779231607913971,0.5437994003295898,-0.1334197223186493,0.3408028781414032,0.07568047940731049,0.20021097362041473,-0.3488749861717224,0.3806595802307129,0.3806595802307129,0.3542911410331726,1.9366141557693481,-0.9197835922241211,0.0,0.026368439197540283,0.026368439197540283,-0.21347156167030334,-0.21347156167030334,0.07725250720977783,-1.6010613441467285,0.9110743403434753,0.0,-0.2907240688800812,-0.2907240688800812,0.1704014390707016,0.1704014390707016,0.038808975368738174,-0.8204137086868286,-1.4109293222427368,0.0,0.13159246370196342,0.13159246370196342,0.0529763363301754,0.0529763363301754,0.4196063280105591,-1.868528962135315,0.3843384385108948,0.0,-0.3666299916803837,-0.3666299916803837,0.10010548681020737,0.10010548681020737,0.12445741891860962,-0.7877772450447083,0.6832722425460815,0.0,-0.024351932108402252,-0.024351932108402252,-0.1744374930858612,-0.1744374930858612,-0.10830996185541153,-1.4261080026626587,-0.972026526927948,0.0,-0.06612753123044968,-0.06612753123044968
201,6.7,24,0,0,,4,uneven rough,7,0.0,61.061126708984375,36.30429458618164,0.3825235366821289,1.9021848440170288,-0.330763041973114,1.863301396369934,-0.330763041973114,9.526323318481445,3.409383773803711,0.3333333432674408,-0.4624215066432953,0.1325688660144806,0.9510924220085144,-0.165381520986557,0.4049922823905945,0.1962633579969406,-0.15997157990932465,-0.22441977262496948,0.09384870529174805,-0.3145633339881897,0.28349459171295166,0.28349459171295166,0.0898267850279808,1.995766282081604,0.695033848285675,0.0,0.19366780668497086,0.19366780668497086,0.0981316789984703,0.0981316789984703,0.10121756047010422,-1.8502609729766846,-1.4958723783493042,0.0,-0.003085881471633911,-0.003085881471633911,-0.07998578995466232,-0.07998578995466232,-0.07251530140638351,-1.734055519104004,-0.5890262722969055,0.0,-0.007470488548278809,-0.007470488548278809,-0.1570938378572464,-0.1570938378572464,-0.16650351881980896,-1.0720986127853394,-0.938736081123352,0.0,0.009409680962562561,0.009409680962562561,0.04692435264587402,0.04692435264587402,0.09537418186664581,-1.1389015913009644,0.739266574382782,0.0,-0.04844982922077179,-0.04844982922077179,-0.15728166699409485,-0.15728166699409485,-0.08023272454738617,-1.9230152368545532,-0.8835915923118591,0.0,-0.07704894244670868,-0.07704894244670868
202,6.733333333333333,4,0,0,,4,uneven rough,5,0.0,55.916439056396484,36.75822448730469,0.15881994366645813,1.0968928337097168,0.8489959239959717,1.0968928337097168,0.8489959239959717,5.49884557723999,0.0,0.0,0.17379891872406006,0.25485533475875854,0.5484464168548584,0.42449796199798584,0.7850547432899475,0.10887648910284042,0.3798915445804596,0.6828434467315674,0.11218999326229095,0.3188580572605133,0.5495383143424988,0.5495383143424988,0.4038808345794678,1.9658820629119873,-0.4748057723045349,0.0,0.145657479763031,0.145657479763031,0.05443824455142021,0.05443824455142021,0.018863489851355553,1.1281317472457886,-0.3639407753944397,0.0,0.03557475470006466,0.03557475470006466,0.1899457722902298,0.1899457722902298,0.1987808346748352,-1.2261230945587158,-0.2425289899110794,0.0,-0.008835062384605408,-0.008835062384605408,0.47799041867256165,0.47799041867256165,0.32110700011253357,1.942014455795288,0.8055440783500671,0.0,0.15688341856002808,0.15688341856002808,0.05609499663114548,0.05609499663114548,0.2503908574581146,-0.5514718294143677,1.0317192077636719,0.0,-0.19429586082696915,-0.19429586082696915,0.15942902863025665,0.15942902863025665,-0.09332671016454697,0.43307703733444214,0.0005583051242865622,0.0,0.2527557387948036,0.2527557387948036
202,6.733333333333333,14,0,0,,4,uneven rough,5,0.0,55.7699089050293,37.59080505371094,0.18725374341011047,1.266497254371643,-0.9798999428749084,1.266497254371643,-0.9798999428749084,1.3672164678573608,4.3246002197265625,0.3333333432674408,0.18775734305381775,0.04781445115804672,0.6332486271858215,-0.4899499714374542,0.36748549342155457,-0.23515349626541138,0.8221646547317505,-0.05592051148414612,0.2880498766899109,-0.7437901496887207,0.25723984837532043,0.25723984837532043,0.322262167930603,-2.0003082752227783,0.6952288150787354,0.0,-0.06502231955528259,-0.06502231955528259,-0.3762455880641937,-0.3762455880641937,0.024071579799056053,-1.9997066259384155,-0.5092917084693909,0.0,-0.4003171678632498,-0.4003171678632498,0.41108232736587524,0.41108232736587524,0.07436787337064743,0.8117420077323914,-1.077050805091858,0.0,0.3367144539952278,0.3367144539952278,-0.039144355803728104,-0.039144355803728104,0.38680756092071533,-1.2306236028671265,-0.8894368410110474,0.0,-0.42595191672444344,-0.42595191672444344,0.14402493834495544,0.14402493834495544,0.1557529717683792,0.5057997703552246,-0.14846178889274597,0.0,-0.011728033423423767,-0.011728033423423767,-0.37189507484436035,-0.37189507484436035,-0.1217876672744751,-0.32346147298812866,-1.2287650108337402,0.0,-0.25010740756988525,-0.25010740756988525
202,6.733333333333333,24,0,0,,4,uneven rough,7,0.0,61.12729263305664,36.29593276977539,0.3838624656200409,1.9516202211380005,0.07056399434804916,1.898078203201294,0.07056399434804916,7.088059902191162,3.644345760345459,0.3333333432674408,-0.363284170627594,0.1406310647726059,0.9758101105690002,0.03528199717402458,0.10904581099748611,0.4293847382068634,-0.04295765608549118,0.5285566449165344,0.2630859613418579,0.38902777433395386,0.07633206993341446,0.07633206993341446,0.07201309502124786,-0.8199849724769592,1.43047034740448,0.0,0.0043189749121665955,0.0043189749121665955,0.2146923691034317,0.2146923691034317,0.16717003285884857,1.9412119388580322,-1.6962443590164185,0.0,0.04752233624458313,0.04752233624458313,-0.02147882804274559,-0.02147882804274559,-0.05193787440657616,0.6716160178184509,-1.236427903175354,0.0,0.030459046363830566,0.030459046363830566,0.36998963356018066,0.36998963356018066,-0.10812471061944962,1.976537823677063,-1.0141395330429077,0.0,0.4781143441796303,0.4781143441796303,0.13154298067092896,0.13154298067092896,0.13487647473812103,-0.7715833187103271,-0.32265305519104004,0.0,-0.0033334940671920776,-0.0033334940671920776,0.19451388716697693,0.19451388716697693,-0.033970847725868225,1.941719651222229,-1.4712835550308228,0.0,0.22848473489284515,0.22848473489284515
203,6.766666666666667,4,0,0,,4,uneven rough,5,0.0,55.90945816040039,36.796775817871094,0.1712632030248642,1.5809534788131714,0.8021559119224548,1.5809534788131714,0.8021559119224548,7.596337795257568,1.8512638807296753,0.1666666716337204,-0.034519873559474945,0.36295032501220703,0.7904767394065857,0.4010779559612274,-0.2708970606327057,0.2986181080341339,0.5740020275115967,0.6970324516296387,0.3868880569934845,0.016251657158136368,-0.18962794542312622,-0.18962794542312622,0.3838486671447754,-1.314098834991455,0.9051635265350342,0.0,-0.5734766125679016,-0.5734766125679016,0.14930905401706696,0.14930905401706696,0.0873904749751091,2.013019561767578,0.4796797037124634,0.0,0.061918579041957855,0.061918579041957855,0.28700101375579834,0.28700101375579834,0.23783233761787415,1.4587494134902954,-0.7986548542976379,0.0,0.049168676137924194,0.049168676137924194,0.48792269825935364,0.48792269825935364,0.39090242981910706,1.9911606311798096,1.4481064081192017,0.0,0.09702026844024658,0.09702026844024658,0.19344402849674225,0.19344402849674225,0.2170424461364746,-2.07291579246521,0.13658016920089722,0.0,-0.02359841763973236,-0.02359841763973236,0.008125828579068184,0.008125828579068184,-0.06418482959270477,1.4217346906661987,0.24510517716407776,0.0,0.07231065817177296,0.07231065817177296
203,6.766666666666667,14,0,0,,4,uneven rough,5,0.0,55.74888229370117,37.619991302490234,0.19007614254951477,1.5797009468078613,0.039239369332790375,1.5797009468078613,0.039239369332790375,2.8717639446258545,2.551353931427002,0.3333333432674408,-0.13832688331604004,0.1947077214717865,0.7898504734039307,0.019619684666395187,0.8904922008514404,0.13331328332424164,0.5111507773399353,0.2007862627506256,0.3812950551509857,-0.6095147132873535,0.6233445405960083,0.6233445405960083,0.35386160016059875,1.876652479171753,-0.8288326859474182,0.0,0.26948294043540955,0.26948294043540955,0.06665664166212082,0.06665664166212082,0.059561509639024734,0.1392597258090973,-1.3519749641418457,0.0,0.007095132023096085,0.007095132023096085,0.25557538866996765,0.25557538866996765,0.10292115062475204,0.2904747724533081,-0.009123949334025383,0.0,0.1526542380452156,0.1526542380452156,0.1405503749847412,0.1405503749847412,0.31957387924194336,-1.9391531944274902,-1.08234441280365,0.0,-0.17902350425720215,-0.17902350425720215,0.19064752757549286,0.19064752757549286,0.2204037457704544,0.207388773560524,0.22145886719226837,0.0,-0.029756218194961548,-0.029756218194961548,-0.30475735664367676,-0.30475735664367676,-0.16532623767852783,-1.3898918628692627,-0.7169047594070435,0.0,-0.13943111896514893,-0.13943111896514893
203,6.766666666666667,24,0,0,,4,uneven rough,7,0.0,61.19242477416992,36.29709243774414,0.3844880163669586,1.8742793798446655,-0.03244996815919876,1.862977385520935,-0.03244996815919876,8.670466423034668,3.7426974773406982,0.3333333432674408,0.030275702476501465,0.16467532515525818,0.9371396899223328,-0.01622498407959938,-0.08731783926486969,0.21545390784740448,-0.09852530807256699,0.3085438013076782,0.5267142057418823,0.6127563118934631,-0.06112248823046684,-0.06112248823046684,0.009402151219546795,-1.9173868894577026,0.15805886685848236,0.0,-0.07052463945001364,-0.07052463945001364,0.10772695392370224,0.10772695392370224,0.20964160561561584,1.2795580625534058,0.3603799343109131,0.0,-0.1019146516919136,-0.1019146516919136,-0.04926265403628349,-0.04926265403628349,-0.06436309218406677,-0.6045386791229248,-0.15761643648147583,0.0,0.01510043814778328,0.01510043814778328,0.215980663895607,0.215980663895607,-0.03886909410357475,2.0001296997070312,0.6767947673797607,0.0,0.25484975799918175,0.25484975799918175,0.26335710287094116,0.26335710287094116,0.16812525689601898,1.6940948963165283,-0.5764790177345276,0.0,0.09523184597492218,0.09523184597492218,0.30637815594673157,0.30637815594673157,0.01870802417397499,1.2395222187042236,0.4584346115589142,0.0,0.2876701317727566,0.2876701317727566
204,6.8,4,0,0,,4,uneven rough,5,0.0,55.88628387451172,36.82835388183594,0.18353646993637085,1.4516009092330933,0.534189760684967,1.4516009092330933,0.534189760684967,6.0837931632995605,3.8607492446899414,0.5,0.09502796828746796,0.08894270658493042,0.7258004546165466,0.2670948803424835,-0.10072321444749832,0.5279860496520996,0.4405768811702728,0.34527644515037537,-0.25129184126853943,-0.2419508844614029,-0.070506252348423,-0.070506252348423,0.3300935626029968,-1.3968427181243896,-0.3496113717556,0.0,-0.40059981495141983,-0.40059981495141983,0.2639930248260498,0.2639930248260498,0.15383411943912506,1.9996458292007446,1.3466328382492065,0.0,0.11015890538692474,0.11015890538692474,0.2202884405851364,0.2202884405851364,0.20912590622901917,-1.8211218118667603,0.4776855707168579,0.0,0.011162534356117249,0.011162534356117249,0.24169351160526276,0.24169351160526276,0.3945375680923462,-1.371375322341919,1.7551501989364624,0.0,-0.15284405648708344,-0.15284405648708344,-0.4020669460296631,-0.4020669460296631,0.15592309832572937,-1.0627599954605103,-1.1126728057861328,0.0,-0.5579900443553925,-0.5579900443553925,-0.12097544223070145,-0.12097544223070145,-0.08286712318658829,0.8734970688819885,0.9103736281394958,0.0,-0.03810831904411316,-0.03810831904411316
204,6.8,14,0,0,,4,uneven rough,5,0.0,55.73544692993164,37.6506462097168,0.19657500088214874,1.2802319526672363,-0.471994549036026,1.2802319526672363,-0.471994549036026,1.2334731817245483,2.807053327560425,0.3333333432674408,0.10006800293922424,0.10849599540233612,0.6401159763336182,-0.235997274518013,0.6474274396896362,0.1160016879439354,0.7741944789886475,0.2043343186378479,0.45785656571388245,-0.7503480911254883,0.45319920778274536,0.45319920778274536,0.4186455011367798,1.9831079244613647,0.7008534669876099,0.0,0.034553706645965576,0.034553706645965576,0.0580008439719677,0.0580008439719677,0.06774932891130447,-0.5948257446289062,-0.5088282227516174,0.0,-0.009748484939336777,-0.009748484939336777,0.38709723949432373,0.38709723949432373,0.14486420154571533,1.3057656288146973,0.16026970744132996,0.0,0.2422330379486084,0.2422330379486084,0.14303402602672577,0.14303402602672577,0.25400155782699585,-1.993312120437622,-1.5667856931686401,0.0,-0.11096753180027008,-0.11096753180027008,0.22892828285694122,0.22892828285694122,0.24583357572555542,-0.526617705821991,0.2135036140680313,0.0,-0.016905292868614197,-0.016905292868614197,-0.37517404556274414,-0.37517404556274414,-0.19563060998916626,-0.45692527294158936,-1.0974128246307373,0.0,-0.17954343557357788,-0.17954343557357788
204,6.8,24,0,0,,4,uneven rough,7,0.0,61.255489349365234,36.29897689819336,0.377505362033844,1.959538459777832,-0.09582146257162094,1.9096248149871826,-0.09582146257162094,9.79838752746582,0.9182934165000916,0.1666666716337204,0.39815694093704224,0.13600501418113708,0.979769229888916,-0.04791073128581047,-0.22813856601715088,0.2502013146877289,-0.3478020429611206,0.42919597029685974,0.7399792671203613,0.5394645929336548,-0.15969699621200562,-0.15969699621200562,-0.055750660598278046,-1.7051351070404053,-1.015401840209961,0.0,-0.10394633561372757,-0.10394633561372757,0.12510065734386444,0.12510065734386444,0.16546721756458282,-1.880780577659607,0.8800848722457886,0.0,-0.040366560220718384,-0.040366560220718384,-0.1739010214805603,-0.1739010214805603,-0.12698525190353394,-1.883731484413147,-0.4103070795536041,0.0,-0.04691576957702637,-0.04691576957702637,0.30043718218803406,0.30043718218803406,0.02892257459461689,1.9950640201568604,1.4250106811523438,0.0,0.27151460759341717,0.27151460759341717,0.36998963356018066,0.36998963356018066,0.20192991197109222,1.458200216293335,0.7073075771331787,0.0,0.16805972158908844,0.16805972158908844,0.2697322964668274,0.2697322964668274,0.030463648959994316,-1.5702664852142334,0.9000629186630249,0.0,0.23926864750683308,0.23926864750683308
205,6.833333333333333,4,0,0,,4,uneven rough,5,0.0,55.86326599121094,36.86273956298828,0.19057655334472656,1.3255027532577515,0.7967872619628906,1.3255027532577515,0.7967872619628906,4.269931793212891,1.0701038837432861,0.3333333432674408,0.11742834746837616,0.1582057774066925,0.6627513766288757,0.3983936309814453,0.5449559688568115,0.15309970080852509,0.5727120637893677,0.061448950320482254,0.4603281021118164,-0.525022566318512,0.38146916031837463,0.38146916031837463,0.3650607466697693,1.78109610080719,-0.9417178630828857,0.0,0.016408413648605347,0.016408413648605347,0.07654985040426254,0.07654985040426254,0.19590429961681366,1.5663844347000122,1.7158476114273071,0.0,-0.11935444921255112,-0.11935444921255112,0.28635603189468384,0.28635603189468384,0.2204148769378662,1.1729832887649536,-0.822064220905304,0.0,0.06594115495681763,0.06594115495681763,0.04301426559686661,0.04301426559686661,0.330546110868454,-1.5984550714492798,-0.012592928484082222,0.0,-0.28753184527158737,-0.28753184527158737,0.2301640510559082,0.2301640510559082,0.17723314464092255,0.8876473903656006,-1.0844520330429077,0.0,0.05293090641498566,0.05293090641498566,-0.262511283159256,-0.262511283159256,-0.08335917443037033,-1.1585482358932495,0.8895235657691956,0.0,-0.17915210872888565,-0.17915210872888565
205,6.833333333333333,14,0,0,,4,uneven rough,5,0.0,55.72138977050781,37.679569244384766,0.2080066204071045,1.4428703784942627,-0.4021924138069153,1.4428703784942627,-0.4021924138069153,1.7244789600372314,2.475421905517578,0.5,0.06458058953285217,0.136087104678154,0.7214351892471313,-0.20109620690345764,0.5917370915412903,0.4397900104522705,0.7850226163864136,0.17797774076461792,0.606278657913208,-0.6720420718193054,0.41421595215797424,0.41421595215797424,0.45754268765449524,0.41944360733032227,1.4258424043655396,0.0,-0.043326735496520996,-0.043326735496520996,0.21989500522613525,0.21989500522613525,0.1341683715581894,1.9731580018997192,-0.5574513673782349,0.0,0.08572663366794586,0.08572663366794586,0.3925113081932068,0.3925113081932068,0.2102697342634201,1.8159217834472656,0.8079351782798767,0.0,0.18224157392978668,0.18224157392978668,0.12458441406488419,0.12458441406488419,0.1956077516078949,-1.8321409225463867,-1.8079445362091064,0.0,-0.07102333754301071,-0.07102333754301071,0.303139328956604,0.303139328956604,0.3097768723964691,1.399831771850586,-0.20496231317520142,0.0,-0.006637543439865112,-0.006637543439865112,-0.3360210359096527,-0.3360210359096527,-0.23576319217681885,-1.4737489223480225,-0.7352800369262695,0.0,-0.10025784373283386,-0.10025784373283386
205,6.833333333333333,24,0,0,,4,uneven rough,7,0.0,61.31600570678711,36.29484558105469,0.38053959608078003,1.925887942314148,1.1557226181030273,1.903803825378418,1.1557226181030273,10.110309600830078,3.2926483154296875,0.3333333432674408,0.7969946265220642,0.07273682206869125,0.962943971157074,0.5778613090515137,-0.056505776941776276,0.26144737005233765,0.20524193346500397,0.359173983335495,0.5069699287414551,0.4749898314476013,-0.03955404460430145,-0.03955404460430145,-0.07002831250429153,0.35639384388923645,-1.4053782224655151,0.0,0.030474267899990082,0.030474267899990082,0.13072368502616882,0.13072368502616882,0.13777950406074524,-0.5680413842201233,-0.6809133887290955,0.0,-0.007055819034576416,-0.007055819034576416,0.10262096673250198,0.10262096673250198,-0.0909435823559761,0.8607227206230164,-1.2433838844299316,0.0,0.1935645490884781,0.1935645490884781,0.2514217793941498,0.2514217793941498,0.0856858566403389,1.7134268283843994,1.7473198175430298,0.0,0.16573592275381088,0.16573592275381088,0.25348496437072754,0.25348496437072754,0.23889964818954468,1.0421990156173706,1.1318635940551758,0.0,0.014585316181182861,0.014585316181182861,0.23749491572380066,0.23749491572380066,0.03774576261639595,-0.6748202443122864,-0.49666574597358704,0.0,0.1997491531074047,0.1997491531074047
206,6.866666666666666,4,0,0,,4,uneven rough,5,0.0,55.84423065185547,36.89508819580078,0.1937084048986435,1.787378191947937,-0.5940492749214172,1.787378191947937,-0.5940492749214172,2.834024429321289,3.979255199432373,0.5,-0.004040390253067017,0.05379810556769371,0.8936890959739685,-0.2970246374607086,0.47117215394973755,0.02049368806183338,0.49869999289512634,0.21907618641853333,0.6577728390693665,-0.6866182088851929,0.32982051372528076,0.32982051372528076,0.37880176305770874,-0.8903896808624268,0.5977660417556763,0.0,-0.04898124933242798,-0.04898124933242798,0.01024684403091669,0.01024684403091669,0.1946018636226654,-0.49867957830429077,1.6313408613204956,0.0,-0.18435501959174871,-0.18435501959174871,0.24934999644756317,0.24934999644756317,0.2435935139656067,-0.043906595557928085,0.3059391975402832,0.0,0.005756482481956482,0.005756482481956482,0.15335333347320557,0.15335333347320557,0.28010159730911255,-1.4683010578155518,-0.9092422127723694,0.0,-0.12674826383590698,-0.12674826383590698,0.3288864195346832,0.3288864195346832,0.21751654148101807,1.850019097328186,0.030576525256037712,0.0,0.11136987805366516,0.11136987805366516,-0.34330910444259644,-0.34330910444259644,-0.13355381786823273,-1.80765700340271,-0.26845988631248474,0.0,-0.2097552865743637,-0.2097552865743637
206,6.866666666666666,14,0,0,,4,uneven rough,5,0.0,55.716270446777344,37.709129333496094,0.21525421738624573,1.5747525691986084,0.6512677669525146,1.5747525691986084,0.6512677669525146,1.473574161529541,2.484034299850464,0.5,0.05683111399412155,0.21501317620277405,0.7873762845993042,0.3256338834762573,0.8535503149032593,0.241427943110466,0.686784029006958,0.4518532156944275,0.6260778307914734,-0.6670629978179932,0.5974851846694946,0.5974851846694946,0.4988797903060913,1.903598427772522,0.8568227291107178,0.0,0.09860539436340332,0.09860539436340332,0.120713971555233,0.120713971555233,0.12996815145015717,-0.6864941716194153,0.8733596801757812,0.0,-0.009254179894924164,-0.009254179894924164,0.343392014503479,0.343392014503479,0.2717216908931732,2.000074863433838,1.3778525590896606,0.0,0.07167032361030579,0.07167032361030579,0.3162972331047058,0.3162972331047058,0.2099619060754776,1.8470739126205444,-1.8216252326965332,0.0,0.10633532702922821,0.10633532702922821,0.3130389153957367,0.3130389153957367,0.3208635449409485,-0.4138849973678589,0.7023911476135254,0.0,-0.007824629545211792,-0.007824629545211792,-0.3335314989089966,-0.3335314989089966,-0.29016196727752686,-1.9192254543304443,-1.1528116464614868,0.0,-0.04336953163146973,-0.04336953163146973
206,6.866666666666666,24,0,0,,4,uneven rough,7,0.0,61.37592315673828,36.30389404296875,0.371138334274292,1.7852826118469238,-0.4137205183506012,1.7852826118469238,-0.4137205183506012,9.859676361083984,1.483333945274353,0.3333333432674408,0.7736517190933228,0.20333358645439148,0.8926413059234619,-0.2068602591753006,-0.5426006317138672,0.01813938468694687,-0.27545854449272156,-0.5465482473373413,0.6975222826004028,-0.514834463596344,-0.37982043623924255,-0.37982043623924255,-0.11388383060693741,-1.9673197269439697,-0.40926915407180786,0.0,-0.26593660563230515,-0.26593660563230515,0.009069692343473434,0.009069692343473434,0.07447207719087601,-2.0000016689300537,-0.6170953512191772,0.0,-0.06540238484740257,-0.06540238484740257,-0.13772927224636078,-0.13772927224636078,-0.13843272626399994,-1.1042951345443726,-0.053718261420726776,0.0,0.0007034540176391602,0.0007034540176391602,-0.38258376717567444,-0.38258376717567444,0.08986684679985046,-1.1580848693847656,1.7281566858291626,0.0,-0.4724506139755249,-0.4724506139755249,0.3487611413002014,0.3487611413002014,0.29849928617477417,1.9942196607589722,1.0811671018600464,0.0,0.050261855125427246,0.050261855125427246,-0.257417231798172,-0.257417231798172,-0.030194099992513657,-1.7388397455215454,-0.5973946452140808,0.0,-0.22722313180565834,-0.22722313180565834
207,6.8999999999999995,4,0,0,,4,uneven rough,5,0.0,55.83384704589844,36.928226470947266,0.19954176247119904,1.421868920326233,-0.16928036510944366,1.421868920326233,-0.16928036510944366,2.8554162979125977,3.7299423217773438,0.3333333432674408,-0.11866138875484467,0.23800677061080933,0.7109344601631165,-0.08464018255472183,0.8713115453720093,-0.023872997611761093,0.5729438066482544,0.4030950963497162,0.3322375416755676,-0.25313809514045715,0.6099180579185486,0.6099180579185486,0.42113572359085083,1.2361217737197876,-0.24363988637924194,0.0,0.18878233432769775,0.18878233432769775,-0.03819679841399193,-0.03819679841399193,0.13612455129623413,-0.8757104873657227,0.4270235002040863,0.0,-0.17432134971022606,-0.17432134971022606,0.2864719033241272,0.2864719033241272,0.2622787058353424,0.29580479860305786,0.10813576728105545,0.0,0.02419319748878479,0.02419319748878479,0.28216657042503357,0.28216657042503357,0.23764699697494507,0.4727596342563629,-1.2253351211547852,0.0,0.0445195734500885,0.0445195734500885,0.1661187708377838,0.1661187708377838,0.1720653474330902,-1.1380259990692139,1.0592926740646362,0.0,-0.0059465765953063965,-0.0059465765953063965,-0.12656904757022858,-0.12656904757022858,-0.11866984516382217,0.30846166610717773,-1.138724684715271,0.0,-0.007899202406406403,-0.007899202406406403
207,6.8999999999999995,14,0,0,,4,uneven rough,5,0.0,55.71519088745117,37.73733139038086,0.22573740780353546,1.768499732017517,0.2960625886917114,1.768499732017517,0.2960625886917114,6.2610015869140625,3.2230257987976074,0.3333333432674408,-0.10459258407354355,0.29652202129364014,0.8842498660087585,0.1480312943458557,0.0698443204164505,0.3473415970802307,0.5365548729896545,0.5774720907211304,0.25743597745895386,-0.02062021754682064,0.04889102280139923,0.04889102280139923,0.4677790105342865,-1.913478136062622,1.448671579360962,0.0,-0.41888798773288727,-0.41888798773288727,0.17367079854011536,0.17367079854011536,0.15232089161872864,1.8474863767623901,-0.00858447514474392,0.0,0.02134990692138672,0.02134990692138672,0.26827743649482727,0.26827743649482727,0.2815294861793518,-0.8677479028701782,1.7296582460403442,0.0,-0.013252049684524536,-0.013252049684524536,0.4042304456233978,0.4042304456233978,0.28140318393707275,2.0000011920928955,0.25266388058662415,0.0,0.12282726168632507,0.12282726168632507,0.12871798872947693,0.12871798872947693,0.2668994963169098,-1.9557363986968994,0.07124662399291992,0.0,-0.13818150758743286,-0.13818150758743286,-0.01031010877341032,-0.01031010877341032,-0.24667538702487946,1.8057734966278076,-1.5861433744430542,0.0,0.23636527825146914,0.23636527825146914
207,6.8999999999999995,24,0,0,,4,uneven rough,7,0.0,61.437103271484375,36.307594299316406,0.3649821877479553,1.762566328048706,0.6262302398681641,1.762566328048706,0.6262302398681641,9.022048950195312,0.0,0.0,1.0916430950164795,0.16720950603485107,0.881283164024353,0.31311511993408203,0.4803638458251953,0.31861671805381775,0.19203966856002808,-0.516075074672699,0.49311888217926025,-0.4239594042301178,0.33625468611717224,0.33625468611717224,-0.07578160613775253,1.8714085817337036,-1.2901936769485474,0.0,0.4120362922549248,0.4120362922549248,0.15930835902690887,0.15930835902690887,0.09503151476383209,2.0000009536743164,-1.3989930152893066,0.0,0.06427684426307678,0.06427684426307678,0.09601983428001404,0.09601983428001404,-0.07754584401845932,2.0000014305114746,-0.6477162837982178,0.0,0.17356567829847336,0.17356567829847336,-0.3612525463104248,-0.3612525463104248,0.01902846433222294,-1.9983464479446411,0.09627054631710052,0.0,-0.38028101064264774,-0.38028101064264774,0.24655944108963013,0.24655944108963013,0.3080149292945862,-1.7282911539077759,1.597408652305603,0.0,-0.061455488204956055,-0.061455488204956055,-0.2119797021150589,-0.2119797021150589,-0.0932452604174614,-1.9892717599868774,-1.242769718170166,0.0,-0.1187344416975975,-0.1187344416975975
208,6.933333333333334,4,0,0,,4,uneven rough,5,0.0,55.82121658325195,36.96089172363281,0.19725854694843292,1.4977946281433105,-0.23412497341632843,1.4977946281433105,-0.23412497341632843,3.612483501434326,1.4519237279891968,0.3333333432674408,-0.0053514642640948296,0.19116240739822388,0.7488973140716553,-0.11706248670816422,-0.1092708557844162,0.3078029751777649,0.5604478120803833,0.6690117120742798,0.7473843097686768,-0.3402092754840851,-0.07648959755897522,-0.07648959755897522,0.3692317605018616,-1.899213433265686,0.5930200219154358,0.0,-0.4457213580608368,-0.4457213580608368,0.15390148758888245,0.15390148758888245,0.17393723130226135,0.25508177280426025,-0.3095446228981018,0.0,-0.020035743713378906,-0.020035743713378906,0.28022390604019165,0.28022390604019165,0.26356229186058044,-0.7957019805908203,0.21424417197704315,0.0,0.016661614179611206,0.016661614179611206,0.4683081805706024,0.4683081805706024,0.3087397813796997,1.8076366186141968,-0.26522931456565857,0.0,0.1595683991909027,0.1595683991909027,0.3736921548843384,0.3736921548843384,0.2339070439338684,1.57168447971344,-0.18307524919509888,0.0,0.13978511095046997,0.13978511095046997,-0.17010463774204254,-0.17010463774204254,-0.14359264075756073,-0.7326129674911499,-0.32048293948173523,0.0,-0.02651199698448181,-0.02651199698448181
208,6.933333333333334,14,0,0,,4,uneven rough,5,0.0,55.71062469482422,37.762977600097656,0.23072858154773712,1.500447392463684,0.2731497287750244,1.500447392463684,0.2731497287750244,7.4497785568237305,0.0,0.0,-0.2606126070022583,0.3326990008354187,0.750223696231842,0.1365748643875122,0.20964933931827545,0.4196982979774475,0.4928129315376282,0.5471013188362122,0.13391956686973572,-0.213826522231102,0.14675453305244446,0.14675453305244446,0.40120115876197815,-1.9756168127059937,-0.45229387283325195,0.0,-0.2544466257095337,-0.2544466257095337,0.20984914898872375,0.20984914898872375,0.21309973299503326,1.2723830938339233,1.0408413410186768,0.0,-0.0032505840063095093,-0.0032505840063095093,0.2464064657688141,0.2464064657688141,0.24041062593460083,-0.6408141255378723,0.26108014583587646,0.0,0.005995839834213257,0.005995839834213257,0.382970929145813,0.382970929145813,0.347807914018631,2.000004529953003,1.2406115531921387,0.0,0.03516301512718201,0.03516301512718201,0.06695978343486786,0.06695978343486786,0.19970081746578217,-1.9941074848175049,-1.0748132467269897,0.0,-0.1327410340309143,-0.1327410340309143,-0.106913261115551,-0.106913261115551,-0.17970184981822968,1.999998688697815,0.33165252208709717,0.0,0.07278858870267868,0.07278858870267868
208,6.933333333333334,24,0,0,,4,uneven rough,7,0.0,61.4988899230957,36.31635284423828,0.3630468547344208,1.7951842546463013,-1.099135398864746,1.7951842546463013,-1.099135398864746,9.286303520202637,0.0,0.0,0.8335186839103699,0.1559055745601654,0.8975921273231506,-0.549567699432373,-0.3158448338508606,0.4734046459197998,0.037084467709064484,-0.59152752161026,0.2261866182088852,-0.8038127422332764,-0.2210913747549057,-0.2210913747549057,-0.1071508377790451,-1.6018139123916626,0.49738192558288574,0.0,-0.1139405369758606,-0.1139405369758606,0.2367023229598999,0.2367023229598999,0.15572625398635864,1.929425835609436,0.5228042602539062,0.0,0.08097606897354126,0.08097606897354126,0.018542233854532242,0.018542233854532242,-0.05212211608886719,-1.8526588678359985,0.8493080735206604,0.0,0.07066434994339943,0.07066434994339943,-0.414069265127182,-0.414069265127182,-0.020495910197496414,-1.1046490669250488,-1.0880296230316162,0.0,-0.3935733549296856,-0.3935733549296856,0.1130933091044426,0.1130933091044426,0.25277966260910034,-0.020999915897846222,-0.28294801712036133,0.0,-0.13968635350465775,-0.13968635350465775,-0.4019063711166382,-0.4019063711166382,-0.1263057440519333,2.0076611042022705,-1.6648433208465576,0.0,-0.2756006270647049,-0.2756006270647049
209,6.966666666666667,4,0,0,,4,uneven rough,5,0.0,55.81291961669922,36.99312210083008,0.18877027928829193,1.0710991621017456,0.5205672979354858,1.0710991621017456,0.5205672979354858,4.636420249938965,0.8757378458976746,0.5,-0.07697421312332153,0.18925458192825317,0.5355495810508728,0.2602836489677429,0.7103502750396729,0.0836251974105835,0.16313202679157257,0.6820202469825745,0.4410649240016937,0.2965043783187866,0.497245192527771,0.497245192527771,0.3860829174518585,1.9751501083374023,-0.8160932064056396,0.0,0.11116227507591248,0.11116227507591248,0.04181259870529175,0.04181259870529175,0.1111786887049675,-1.8487192392349243,0.009696157649159431,0.0,-0.06936608999967575,-0.06936608999967575,0.08156601339578629,0.08156601339578629,0.19321982562541962,-2.0001254081726074,-0.3567811846733093,0.0,-0.11165381222963333,-0.11165381222963333,0.47741416096687317,0.47741416096687317,0.3582010269165039,1.536803960800171,0.906772792339325,0.0,0.11921313405036926,0.11921313405036926,0.22053246200084686,0.22053246200084686,0.2044144719839096,-0.8974770307540894,0.809069037437439,0.0,0.016117990016937256,0.016117990016937256,0.1482521891593933,0.1482521891593933,-0.13950970768928528,-1.4321873188018799,-0.5535020232200623,0.0,0.2877618968486786,0.2877618968486786
209,6.966666666666667,14,0,0,,4,uneven rough,5,0.0,55.70865249633789,37.78962326049805,0.22593648731708527,1.207209587097168,0.6488351225852966,1.207209587097168,0.6488351225852966,6.063985824584961,0.0,0.0,-0.18562904000282288,0.3886888027191162,0.603604793548584,0.3244175612926483,0.14693038165569305,0.5450834631919861,0.5996786952018738,0.5892481803894043,-0.01923491433262825,-0.07963541150093079,0.1028512641787529,0.1028512641787529,0.33763357996940613,-1.272271990776062,-1.3135833740234375,0.0,-0.23478231579065323,-0.23478231579065323,0.27254173159599304,0.27254173159599304,0.2620496451854706,-0.45716264843940735,1.1717554330825806,0.0,0.010492086410522461,0.010492086410522461,0.2998393476009369,0.2998393476009369,0.2834821939468384,1.2196948528289795,-0.24885249137878418,0.0,0.01635715365409851,0.01635715365409851,0.4124737083911896,0.4124737083911896,0.41297706961631775,1.6571333408355713,1.6699737310409546,0.0,-0.0005033612251281738,-0.0005033612251281738,-0.03077586367726326,-0.03077586367726326,0.1450192928314209,-1.0890916585922241,-1.5945838689804077,0.0,-0.17579515650868416,-0.17579515650868416,-0.03981770575046539,-0.03981770575046539,-0.12821424007415771,-0.46436357498168945,1.2749384641647339,0.0,0.08839653432369232,0.08839653432369232
209,6.966666666666667,24,0,0,,4,uneven rough,7,0.0,61.559139251708984,36.32219696044922,0.3674728274345398,1.954778790473938,-1.201146125793457,1.8973468542099,-1.201146125793457,8.617802619934082,2.0109457969665527,0.3333333432674408,0.99056476354599,0.22813217341899872,0.977389395236969,-0.6005730628967285,0.3546838164329529,0.46553224325180054,-0.6393811702728271,-0.23722204566001892,0.7761834859848022,-0.2590635418891907,0.2482786625623703,0.2482786625623703,-0.06086118519306183,1.8070238828659058,-0.6895071864128113,0.0,0.30913984775543213,0.30913984775543213,0.23276612162590027,0.23276612162590027,0.22645068168640137,1.8720747232437134,1.3181105852127075,0.0,0.006315439939498901,0.006315439939498901,-0.3196905851364136,-0.3196905851364136,-0.07958251237869263,0.20351368188858032,-0.6783888936042786,0.0,-0.24010807275772095,-0.24010807275772095,-0.16605542600154877,-0.16605542600154877,-0.09165387600660324,-1.8182541131973267,-1.0974262952804565,0.0,-0.07440154999494553,-0.07440154999494553,0.3880917429924011,0.3880917429924011,0.2913779616355896,1.4297058582305908,-0.13484209775924683,0.0,0.09671378135681152,0.09671378135681152,-0.12953177094459534,-0.12953177094459534,-0.09010129421949387,0.5961667895317078,0.41159725189208984,0.0,-0.03943047672510147,-0.03943047672510147
210,7.0,4,0,0,,4,uneven rough,5,0.0,55.802425384521484,37.02242660522461,0.19226707518100739,1.6727931499481201,0.5236285924911499,1.6727931499481201,0.5236285924911499,6.970947265625,5.032854080200195,0.3333333432674408,-0.09996813535690308,0.2553660273551941,0.8363965749740601,0.26181429624557495,-0.1778590828180313,-0.04568713903427124,0.7274840474128723,0.6189686059951782,0.3765834867954254,-0.0483119823038578,-0.12450135499238968,-0.12450135499238968,0.34961432218551636,-1.9907830953598022,0.7620807886123657,0.0,-0.47411567717790604,-0.47411567717790604,-0.07309942692518234,-0.07309942692518234,0.05808064714074135,-1.5374813079833984,-1.0410552024841309,0.0,-0.1311800740659237,-0.1311800740659237,0.36374202370643616,0.36374202370643616,0.20421485602855682,1.620962381362915,-1.2859309911727905,0.0,0.15952716767787933,0.15952716767787933,0.43327802419662476,0.43327802419662476,0.4168883264064789,1.2119219303131104,1.262993574142456,0.0,0.016389697790145874,0.016389697790145874,0.1882917433977127,0.1882917433977127,0.18095609545707703,-0.6957465410232544,-0.15581516921520233,0.0,0.007335647940635681,0.007335647940635681,-0.0241559911519289,-0.0241559911519289,-0.12717057764530182,1.69368577003479,-1.0503122806549072,0.0,0.10301458649337292,0.10301458649337292
210,7.0,14,0,0,,4,uneven rough,5,0.0,55.70497512817383,37.81234359741211,0.2149437963962555,1.4959003925323486,1.59030020236969,1.4959003925323486,1.59030020236969,7.146947860717773,6.262641906738281,0.3333333432674408,-0.3784416615962982,0.37147873640060425,0.7479501962661743,0.795150101184845,0.45006024837493896,0.2398129403591156,-0.04502280429005623,0.5948270559310913,0.25545942783355713,-0.1141863614320755,0.3150421679019928,0.3150421679019928,0.3175392746925354,0.034415215253829956,-1.290225863456726,0.0,-0.0024971067905426025,-0.0024971067905426025,0.1199064701795578,0.1199064701795578,0.1954246610403061,-1.9906771183013916,0.2507622539997101,0.0,-0.07551819086074829,-0.07551819086074829,-0.022511402145028114,-0.022511402145028114,0.2257925420999527,-1.7866157293319702,0.581466794013977,0.0,-0.2483039442449808,-0.2483039442449808,0.4163789451122284,0.4163789451122284,0.42972129583358765,-0.6777755618095398,1.6627137660980225,0.0,-0.013342350721359253,-0.013342350721359253,0.12772971391677856,0.12772971391677856,0.12105739861726761,0.16382837295532227,-1.3087776899337769,0.0,0.006672315299510956,0.006672315299510956,-0.05709318071603775,-0.05709318071603775,-0.08092606067657471,1.6262623071670532,0.2915339767932892,0.0,0.023832879960536957,0.023832879960536957
210,7.0,24,0,0,,4,uneven rough,7,0.0,61.61722946166992,36.32921600341797,0.3888559937477112,1.9687167406082153,-1.4090880155563354,1.9040567874908447,-1.4090880155563354,10.048519134521484,4.993386745452881,0.5,0.6700605154037476,0.1059727668762207,0.9843583703041077,-0.7045440077781677,0.2925264239311218,0.5927550792694092,-0.4134005606174469,-0.40630993247032166,0.389718234539032,-0.33406394720077515,0.20476849377155304,0.20476849377155304,0.0026079288218170404,1.9566690921783447,0.7220359444618225,0.0,0.202160564949736,0.202160564949736,0.2963775396347046,0.2963775396347046,0.276881605386734,1.9967528581619263,1.6313228607177734,0.0,0.01949593424797058,0.01949593424797058,-0.20670028030872345,-0.20670028030872345,-0.12856999039649963,-1.3377965688705444,-0.17975959181785583,0.0,-0.07813028991222382,-0.07813028991222382,-0.28441694378852844,-0.28441694378852844,-0.15332980453968048,-1.9697725772857666,-1.50498366355896,0.0,-0.13108713924884796,-0.13108713924884796,0.194859117269516,0.194859117269516,0.24295027554035187,-1.997816562652588,0.7497560977935791,0.0,-0.048091158270835876,-0.048091158270835876,-0.16703197360038757,-0.16703197360038757,-0.1376177817583084,-1.3593398332595825,0.5159531831741333,0.0,-0.029414191842079163,-0.029414191842079163
211,7.033333333333333,4,0,0,,4,uneven rough,5,0.0,55.78310775756836,37.048866271972656,0.21306189894676208,1.5833886861801147,0.793968141078949,1.5833886861801147,0.793968141078949,5.654606819152832,4.662989616394043,0.5,0.15812192857265472,0.08541517704725266,0.7916943430900574,0.3969840705394745,0.25265616178512573,0.5016733407974243,0.6517519950866699,0.46030718088150024,0.04228118062019348,-0.029535645619034767,0.1768593043088913,0.1768593043088913,0.2891189455986023,-1.96914541721344,-0.7943934202194214,0.0,-0.112259641289711,-0.112259641289711,0.25083667039871216,0.25083667039871216,0.08090967684984207,1.3100320100784302,-1.3217353820800781,0.0,0.1699269935488701,0.1699269935488701,0.32587599754333496,0.32587599754333496,0.2687847912311554,2.004244804382324,0.35763174295425415,0.0,0.057091206312179565,0.057091206312179565,0.3222150206565857,0.3222150206565857,0.38423922657966614,-1.972305417060852,1.2341176271438599,0.0,-0.062024205923080444,-0.062024205923080444,0.02114059031009674,0.02114059031009674,0.13404333591461182,-2.004063844680786,-0.46109333634376526,0.0,-0.11290274560451508,-0.11290274560451508,-0.014767822809517384,-0.014767822809517384,-0.07089413702487946,1.8725718259811401,0.5011491179466248,0.0,0.05612631421536207,0.05612631421536207
211,7.033333333333333,14,0,0,,4,uneven rough,5,0.0,55.69377899169922,37.83354187011719,0.20876827836036682,1.5214447975158691,0.10926958918571472,1.5214447975158691,0.10926958918571472,3.9844930171966553,6.6467742919921875,0.3333333432674408,-0.3985172510147095,0.4080996513366699,0.7607223987579346,0.05463479459285736,-0.03185288980603218,0.31971725821495056,0.5852081179618835,0.2679058909416199,-0.029256582260131836,-0.34909531474113464,-0.022297022864222527,-0.022297022864222527,0.2724878787994385,-1.521261215209961,-0.541271448135376,0.0,-0.294784901663661,-0.294784901663661,0.15985862910747528,0.15985862910747528,0.14119835197925568,-0.6194962859153748,-1.0165516138076782,0.0,0.018660277128219604,0.018660277128219604,0.2926040589809418,0.2926040589809418,0.21632921695709229,0.3657887279987335,-0.7574512958526611,0.0,0.07627484202384949,0.07627484202384949,0.1875341236591339,0.1875341236591339,0.388963907957077,-1.6779829263687134,0.3393969237804413,0.0,-0.20142978429794312,-0.20142978429794312,-0.04681053385138512,-0.04681053385138512,0.08211859315633774,-0.13565075397491455,-0.4761635959148407,0.0,-0.12892912700772285,-0.12892912700772285,-0.17454765737056732,-0.17454765737056732,-0.0570390410721302,-0.19421833753585815,1.0461918115615845,0.0,-0.11750861629843712,-0.11750861629843712
211,7.033333333333333,24,0,0,,4,uneven rough,7,0.0,61.67569351196289,36.34025955200195,0.4107944965362549,1.918184518814087,-1.071175217628479,1.9111895561218262,-1.071175217628479,9.073799133300781,1.8075155019760132,0.3333333432674408,0.33746910095214844,0.1061863899230957,0.9590922594070435,-0.5355876088142395,-0.304266095161438,0.6757118105888367,0.12868590652942657,-0.2729417085647583,0.14839677512645721,-0.505285918712616,-0.21298626065254211,-0.21298626065254211,-0.03467411920428276,-1.905110478401184,1.4200997352600098,0.0,-0.17831214144825935,-0.17831214144825935,0.33785590529441833,0.33785590529441833,0.33017781376838684,0.435818076133728,1.8379377126693726,0.0,0.007678091526031494,0.007678091526031494,0.06434295326471329,0.06434295326471329,-0.10089924186468124,-0.7519015073776245,-0.8345157504081726,0.0,0.16524219512939453,0.16524219512939453,-0.1910591870546341,-0.1910591870546341,-0.1678890585899353,-0.5545288324356079,-1.7677761316299438,0.0,-0.02317012846469879,-0.02317012846469879,0.07419838756322861,0.07419838756322861,0.1806117594242096,-1.8725383281707764,-0.8037264347076416,0.0,-0.10641337186098099,-0.10641337186098099,-0.252642959356308,-0.252642959356308,-0.17609766125679016,-1.2243902683258057,-0.5443408489227295,0.0,-0.07654529809951782,-0.07654529809951782
212,7.066666666666666,4,0,0,,4,uneven rough,5,0.0,55.75730514526367,37.07402038574219,0.2319146692752838,1.6010370254516602,0.7914847731590271,1.6010370254516602,0.7914847731590271,5.005548000335693,2.157496929168701,0.3333333432674408,-0.07010059058666229,0.21591448783874512,0.8005185127258301,0.39574238657951355,0.46234384179115295,0.4663524925708771,0.5939017534255981,-0.19022952020168304,0.15388409793376923,-0.5133984684944153,0.3236406743526459,0.3236406743526459,0.29083147644996643,1.2912181615829468,-1.4586002826690674,0.0,0.03280919790267944,0.03280919790267944,0.23317624628543854,0.23317624628543854,0.1463014930486679,1.9996848106384277,0.16627059876918793,0.0,0.08687475323677063,0.08687475323677063,0.2969508767127991,0.2969508767127991,0.2582473158836365,-0.6396975517272949,1.2886297702789307,0.0,0.0387035608291626,0.0387035608291626,-0.13316066563129425,-0.13316066563129425,0.31334248185157776,-1.999995231628418,-0.5787997245788574,0.0,-0.446503147482872,-0.446503147482872,0.07694204896688461,0.07694204896688461,0.08624638617038727,-0.26120033860206604,-1.3334916830062866,0.0,-0.009304337203502655,-0.009304337203502655,-0.25669923424720764,-0.25669923424720764,-0.1001838892698288,-1.2714602947235107,1.276553988456726,0.0,-0.15651534497737885,-0.15651534497737885
212,7.066666666666666,14,0,0,,4,uneven rough,5,0.0,55.68032455444336,37.86341857910156,0.20599134266376495,1.1378660202026367,0.3000425696372986,1.1378660202026367,0.3000425696372986,2.6804823875427246,5.02808141708374,0.3333333432674408,-0.11678272485733032,0.2308146357536316,0.5689330101013184,0.1500212848186493,0.7635375261306763,0.1901855617761612,0.5834502577781677,0.18171700835227966,0.1690365970134735,-0.41829079389572144,0.5344762802124023,0.5344762802124023,0.3176101744174957,1.9398102760314941,-1.095359444618225,0.0,0.21686610579490662,0.21686610579490662,0.0950927808880806,0.0950927808880806,0.09399258345365524,-1.0118614435195923,-0.7920557856559753,0.0,0.001100197434425354,0.001100197434425354,0.29172512888908386,0.29172512888908386,0.24876205623149872,0.4949229061603546,-0.12236937135457993,0.0,0.042963072657585144,0.042963072657585144,0.1272018998861313,0.1272018998861313,0.3231045603752136,-1.4643592834472656,-0.8012332916259766,0.0,-0.19590266048908234,-0.19590266048908234,0.08451829850673676,0.08451829850673676,0.08739176392555237,1.0870542526245117,-0.28363701701164246,0.0,-0.002873465418815613,-0.002873465418815613,-0.20914539694786072,-0.20914539694786072,-0.08476660400629044,-0.9695520997047424,0.3448616862297058,0.0,-0.12437879294157028,-0.12437879294157028
212,7.066666666666666,24,0,0,,4,uneven rough,7,0.0,61.732154846191406,36.33860397338867,0.4121266305446625,1.9613149166107178,0.3516060411930084,1.8956093788146973,0.3516060411930084,10.260902404785156,4.536070823669434,0.3333333432674408,-0.01923956535756588,0.22038137912750244,0.9806574583053589,0.1758030205965042,0.5965480804443359,0.5583610534667969,0.1773461252450943,-0.05288032814860344,0.611078143119812,-0.2924647927284241,0.4175836443901062,0.4175836443901062,-0.004256952088326216,1.3621724843978882,-0.4599801003932953,0.0,0.4218405964784324,0.4218405964784324,0.27918052673339844,0.27918052673339844,0.3088088035583496,-1.7146401405334473,1.0451767444610596,0.0,-0.029628276824951172,-0.029628276824951172,0.08867306262254715,0.08867306262254715,-0.04433917626738548,1.8402631282806396,-0.7878054976463318,0.0,0.13301223888993263,0.13301223888993263,-0.03701622784137726,-0.03701622784137726,-0.1555895358324051,2.0000016689300537,-1.0818039178848267,0.0,0.11857330799102783,0.11857330799102783,0.305539071559906,0.305539071559906,0.20275594294071198,1.8133798837661743,-1.4080345630645752,0.0,0.10278312861919403,0.10278312861919403,-0.14623239636421204,-0.14623239636421204,-0.1384134441614151,0.5179315209388733,-0.9288420081138611,0.0,-0.007818952202796936,-0.007818952202796936
213,7.1,4,0,0,,4,uneven rough,5,0.0,55.73275375366211,37.100711822509766,0.22378793358802795,1.39100980758667,-0.004548340570181608,1.39100980758667,-0.004548340570181608,2.1273629665374756,3.6843652725219727,0.3333333432674408,-0.018963489681482315,0.05545111000537872,0.695504903793335,-0.002274170285090804,0.466865599155426,-0.036264367401599884,0.44693154096603394,0.26392054557800293,0.5664574503898621,-0.7239115238189697,0.3268059194087982,0.3268059194087982,0.33285436034202576,1.071486234664917,0.09615200757980347,0.0,-0.006048440933227539,-0.006048440933227539,-0.058022987097501755,-0.058022987097501755,0.10257809609174728,-2.000004529953003,1.2028862237930298,0.0,-0.16060108318924904,-0.16060108318924904,0.22346577048301697,0.22346577048301697,0.2173641175031662,-0.8435624837875366,0.19835004210472107,0.0,0.006101652979850769,0.006101652979850769,0.18474437296390533,0.18474437296390533,0.24711856245994568,-1.9585784673690796,-1.3823461532592773,0.0,-0.062374189496040344,-0.062374189496040344,0.28322872519493103,0.28322872519493103,0.12764063477516174,2.005352258682251,-0.7272162437438965,0.0,0.1555880904197693,0.1555880904197693,-0.36195576190948486,-0.36195576190948486,-0.1532595008611679,-1.5402452945709229,-0.1640978753566742,0.0,-0.20869626104831696,-0.20869626104831696
213,7.1,14,0,0,,4,uneven rough,5,0.0,55.66729736328125,37.899085998535156,0.2027023732662201,1.1214183568954468,-0.16569659113883972,1.1214183568954468,-0.16569659113883972,1.0777435302734375,0.7871053218841553,0.3333333432674408,-0.16491936147212982,0.166441410779953,0.5607091784477234,-0.08284829556941986,0.6508327126502991,0.2983555495738983,0.5555911064147949,0.43975499272346497,0.46353957056999207,-0.3683491349220276,0.4555828869342804,0.4555828869342804,0.3845858871936798,1.9994405508041382,0.6207309365272522,0.0,0.07099699974060059,0.07099699974060059,0.14917777478694916,0.14917777478694916,0.14465567469596863,1.2722030878067017,-0.916334331035614,0.0,0.00452210009098053,0.00452210009098053,0.27779555320739746,0.27779555320739746,0.25369665026664734,0.028953442350029945,0.22664879262447357,0.0,0.024098902940750122,0.024098902940750122,0.30782848596572876,0.30782848596572876,0.29016438126564026,-0.3524879813194275,-1.1761659383773804,0.0,0.0176641047000885,0.0176641047000885,0.23176978528499603,0.23176978528499603,0.16200211644172668,1.9993537664413452,0.4913542866706848,0.0,0.06976766884326935,0.06976766884326935,-0.1841745674610138,-0.1841745674610138,-0.1468309462070465,-1.7054800987243652,-0.39831021428108215,0.0,-0.037343621253967285,-0.037343621253967285
213,7.1,24,0,0,,4,uneven rough,7,0.0,61.78879165649414,36.32939910888672,0.40137550234794617,1.8943101167678833,0.8262448906898499,1.8850984573364258,0.8262448906898499,9.740715026855469,0.0,0.0,-0.06583969295024872,0.1850469708442688,0.9471550583839417,0.4131224453449249,0.3177780508995056,0.6201621294021606,-0.3713178038597107,0.34503400325775146,0.4237636923789978,0.37510254979133606,0.22244463860988617,0.22244463860988617,0.05690896883606911,1.53608238697052,0.5702682137489319,0.0,0.16553566977381706,0.16553566977381706,0.3100810647010803,0.3100810647010803,0.28227469325065613,0.6065365672111511,-0.5152286887168884,0.0,0.027806371450424194,0.027806371450424194,-0.18565890192985535,-0.18565890192985535,-0.09059515595436096,-1.266618251800537,0.6981092095375061,0.0,-0.09506374597549438,-0.09506374597549438,0.24152380228042603,0.24152380228042603,-0.09514985233545303,2.0098299980163574,0.6606544852256775,0.0,0.33667365461587906,0.33667365461587906,0.2118818461894989,0.2118818461894989,0.24137960374355316,-0.6331239342689514,0.4133589267730713,0.0,-0.02949775755405426,-0.02949775755405426,0.18755127489566803,0.18755127489566803,-0.08328048139810562,2.0118603706359863,-0.11083367466926575,0.0,0.27083175629377365,0.27083175629377365
214,7.133333333333333,4,0,0,,4,uneven rough,5,0.0,55.713340759277344,37.131561279296875,0.20396485924720764,0.9591003656387329,0.041207969188690186,0.9591003656387329,0.041207969188690186,1.4798907041549683,0.23989436030387878,0.1666666716337204,-0.2143755853176117,0.12002896517515182,0.47955018281936646,0.020603984594345093,0.7847918272018433,0.09872651845216751,0.747661828994751,0.2857509255409241,0.37895864248275757,-0.21695801615715027,0.5493542551994324,0.5493542551994324,0.39829421043395996,1.999853253364563,0.6476077437400818,0.0,0.1510600447654724,0.1510600447654724,0.049363259226083755,0.049363259226083755,0.04147442802786827,-1.9978002309799194,-0.6080339550971985,0.0,0.007888831198215485,0.007888831198215485,0.3738309144973755,0.3738309144973755,0.2778994143009186,-0.2882267236709595,-0.39074915647506714,0.0,0.09593150019645691,0.09593150019645691,0.20002564787864685,0.20002564787864685,0.1841813176870346,-1.1179982423782349,-1.7081489562988281,0.0,0.015844330191612244,0.015844330191612244,0.18947932124137878,0.18947932124137878,0.1954193413257599,1.493484377861023,0.8177828788757324,0.0,-0.0059400200843811035,-0.0059400200843811035,-0.10847900807857513,-0.10847900807857513,-0.11056452244520187,0.98353111743927,-0.9421740770339966,0.0,0.0020855143666267395,0.0020855143666267395
214,7.133333333333333,14,0,0,,4,uneven rough,5,0.0,55.66598892211914,37.93465805053711,0.18713197112083435,0.8388627171516418,0.37966087460517883,0.8388627171516418,0.37966087460517883,1.1094518899917603,0.5719013214111328,0.3333333432674408,-0.1266741156578064,0.1543039232492447,0.4194313585758209,0.18983043730258942,0.6668732762336731,0.11107726395130157,0.5164154171943665,0.6366972923278809,0.4203879237174988,-0.2761492431163788,0.46681129932403564,0.46681129932403564,0.44126346707344055,2.00044584274292,1.400255799293518,0.0,0.025547832250595093,0.025547832250595093,0.05553863197565079,0.05553863197565079,0.08646657317876816,-1.995651364326477,0.3210686445236206,0.0,-0.03092794120311737,-0.03092794120311737,0.2582077085971832,0.2582077085971832,0.250527948141098,-0.10054600238800049,0.11487148702144623,0.0,0.007679760456085205,0.007679760456085205,0.4456880986690521,0.4456880986690521,0.34232011437416077,2.0046935081481934,-0.710456907749176,0.0,0.10336798429489136,0.10336798429489136,0.2101939618587494,0.2101939618587494,0.2180728316307068,1.406395435333252,1.343979835510254,0.0,-0.007878869771957397,-0.007878869771957397,-0.1380746215581894,-0.1380746215581894,-0.13932658731937408,0.2525487542152405,-1.137386441230774,0.0,0.0012519657611846924,0.0012519657611846924
214,7.133333333333333,24,0,0,,4,uneven rough,7,0.0,61.84612274169922,36.32354736328125,0.4008111357688904,1.9153153896331787,0.3697910010814667,1.893462896347046,0.3697910010814667,9.767687797546387,0.5381407737731934,0.1666666716337204,-0.1590508222579956,0.2751381993293762,0.9576576948165894,0.18489550054073334,-0.4107588827610016,0.624355673789978,0.15017986297607422,0.06509605050086975,0.3037898540496826,0.627131462097168,-0.2875312268733978,-0.2875312268733978,0.02711542323231697,-1.9006868600845337,1.116341233253479,0.0,-0.3146466501057148,-0.3146466501057148,0.312177836894989,0.312177836894989,0.29698407649993896,0.16857637465000153,0.11901939660310745,0.0,0.015193760395050049,0.015193760395050049,0.07508993148803711,0.07508993148803711,-0.03372684866189957,1.3252735137939453,-0.4127512276172638,0.0,0.10881678014993668,0.10881678014993668,0.04556723311543465,0.04556723311543465,-0.023068983107805252,1.7700096368789673,1.423480749130249,0.0,0.0686362162232399,0.0686362162232399,0.1518949270248413,0.1518949270248413,0.18178610503673553,-1.8265788555145264,-0.178324356675148,0.0,-0.029891178011894226,-0.029891178011894226,0.313565731048584,0.313565731048584,-0.013850903138518333,2.0583834648132324,1.089341402053833,0.0,0.3274166341871023,0.3274166341871023
215,7.166666666666667,4,0,0,,4,uneven rough,5,0.0,55.695648193359375,37.165748596191406,0.1862647831439972,1.4219555854797363,0.5992657542228699,1.4219555854797363,0.5992657542228699,1.757572889328003,0.04452578350901604,0.1666666716337204,-0.287630170583725,0.10421272367238998,0.7109777927398682,0.29963287711143494,0.5680078268051147,0.2931753695011139,0.5071287155151367,0.6555498242378235,0.7219781875610352,0.06925573945045471,0.3976054787635803,0.3976054787635803,0.40401196479797363,1.4688234329223633,1.4121698141098022,0.0,-0.0064064860343933105,-0.0064064860343933105,0.14658768475055695,0.14658768475055695,0.09152950346469879,1.4597829580307007,-1.3938102722167969,0.0,0.055058181285858154,0.055058181285858154,0.25356435775756836,0.25356435775756836,0.24830874800682068,-1.3949984312057495,-0.3327827751636505,0.0,0.005255609750747681,0.005255609750747681,0.4588848650455475,0.4588848650455475,0.23637697100639343,-0.43684783577919006,-1.374476671218872,0.0,0.22250789403915405,0.22250789403915405,0.3609890937805176,0.3609890937805176,0.27007949352264404,0.015363283455371857,1.1998257637023926,0.0,0.09090960025787354,0.09090960025787354,0.034627869725227356,0.034627869725227356,-0.07007797062397003,1.2434484958648682,0.14662308990955353,0.0,0.10470584034919739,0.10470584034919739
215,7.166666666666667,14,0,0,,4,uneven rough,5,0.0,55.66592788696289,37.96573257446289,0.1826181709766388,1.2172455787658691,0.7661057710647583,1.2172455787658691,0.7661057710647583,2.074683666229248,0.2524104118347168,0.1666666716337204,-0.2803010940551758,0.2808716297149658,0.6086227893829346,0.38305288553237915,0.09475928544998169,0.329602986574173,0.6367170810699463,0.7779169082641602,0.3660734295845032,0.14124247431755066,0.06633149832487106,0.06633149832487106,0.4169962406158447,-1.3008300065994263,1.7396043539047241,0.0,-0.35066474229097366,-0.35066474229097366,0.1648014932870865,0.1648014932870865,0.06338506937026978,-0.224030539393425,-0.9888089895248413,0.0,0.10141642391681671,0.10141642391681671,0.31835854053497314,0.31835854053497314,0.29581212997436523,1.3003835678100586,-0.006925947032868862,0.0,0.02254641056060791,0.02254641056060791,0.5445418357849121,0.5445418357849121,0.41384461522102356,1.8246999979019165,0.8246939778327942,0.0,0.13069722056388855,0.13069722056388855,0.1830367147922516,0.1830367147922516,0.2743593156337738,-0.130155548453331,1.3792697191238403,0.0,-0.09132260084152222,-0.09132260084152222,0.07062123715877533,0.07062123715877533,-0.0975138247013092,1.4322229623794556,-0.351514607667923,0.0,0.16813506186008453,0.16813506186008453
215,7.166666666666667,24,0,0,,4,uneven rough,7,0.0,61.902099609375,36.32823944091797,0.39780741930007935,1.9214205741882324,-0.6718035340309143,1.870250940322876,-0.6718035340309143,9.401634216308594,1.1062917709350586,0.1666666716337204,-0.42524921894073486,0.18285682797431946,0.9607102870941162,-0.33590176701545715,-0.15160179138183594,0.5589728355407715,-0.06744590401649475,0.0044275978580117226,-0.09403620660305023,-0.013542263768613338,-0.1061212494969368,-0.1061212494969368,-0.038441628217697144,-1.9849554300308228,-0.5894918441772461,0.0,-0.06767962127923965,-0.06767962127923965,0.27948641777038574,0.27948641777038574,0.26754212379455566,-0.35131019353866577,0.147038996219635,0.0,0.011944293975830078,0.011944293975830078,-0.033722952008247375,-0.033722952008247375,-0.04120916500687599,-0.2264409214258194,0.5699310898780823,0.0,0.007486212998628616,0.007486212998628616,0.0030993183609098196,0.0030993183609098196,0.030596179887652397,0.6759116649627686,1.6194088459014893,0.0,-0.027496861526742578,-0.027496861526742578,-0.1504579335451126,-0.1504579335451126,0.12493783235549927,-1.0416978597640991,-1.1102503538131714,0.0,-0.2753957659006119,-0.2753957659006119,-0.006771131884306669,-0.006771131884306669,0.005880309268832207,-0.2233661711215973,1.6372395753860474,0.0,-0.012651441153138876,-0.012651441153138876
216,7.2,4,0,0,,4,uneven rough,5,0.0,55.67308044433594,37.19435119628906,0.18657301366329193,1.7434004545211792,0.1337149441242218,1.7434004545211792,0.1337149441242218,1.692226767539978,1.3503007888793945,0.5,-0.09391703456640244,0.11565643548965454,0.8717002272605896,0.0668574720621109,0.19405603408813477,-0.04181083291769028,0.6072064638137817,0.6288642287254333,0.6927642822265625,0.095302052795887,0.13583922386169434,0.13583922386169434,0.35227397084236145,-1.7233407497406006,1.444201946258545,0.0,-0.21643474698066711,-0.21643474698066711,-0.06689733266830444,-0.06689733266830444,0.10043441504240036,0.8855554461479187,0.21961644291877747,0.0,-0.1673317477107048,-0.1673317477107048,0.30360323190689087,0.30360323190689087,0.2617851495742798,1.604004144668579,-0.9333614110946655,0.0,0.041818082332611084,0.041818082332611084,0.4402049481868744,0.4402049481868744,0.28781819343566895,1.339773416519165,-0.8443396687507629,0.0,0.15238675475120544,0.15238675475120544,0.34638214111328125,0.34638214111328125,0.27151787281036377,2.0001943111419678,0.530128538608551,0.0,0.07486426830291748,0.07486426830291748,0.0476510263979435,0.0476510263979435,-0.03275654464960098,1.877124309539795,0.7667701244354248,0.0,0.08040757104754448,0.08040757104754448
216,7.2,14,0,0,,4,uneven rough,5,0.0,55.66011047363281,37.99070358276367,0.19571556150913239,1.524051547050476,0.7362356781959534,1.524051547050476,0.7362356781959534,4.589130401611328,4.295357704162598,0.3333333432674408,-0.17669540643692017,0.1384647786617279,0.762025773525238,0.3681178390979767,0.25174465775489807,0.4186594486236572,0.21149499714374542,0.7029342651367188,0.11433780193328857,-0.06444964557886124,0.17622125148773193,0.17622125148773193,0.35519158840179443,-1.5723614692687988,0.02053733356297016,0.0,-0.1789703369140625,-0.1789703369140625,0.2093297243118286,0.2093297243118286,0.11337210237979889,1.5571924448013306,-0.5564019083976746,0.0,0.09595762193202972,0.09595762193202972,0.10574749857187271,0.10574749857187271,0.2364848405122757,-2.001204252243042,0.7322291731834412,0.0,-0.13073734194040298,-0.13073734194040298,0.4920539855957031,0.4920539855957031,0.48050403594970703,1.6150819063186646,1.3900991678237915,0.0,0.011549949645996094,0.011549949645996094,0.05716890096664429,0.05716890096664429,0.23532980680465698,-1.4532171487808228,0.5258380174636841,0.0,-0.1781609058380127,-0.1781609058380127,-0.03222482278943062,-0.03222482278943062,-0.07863467186689377,1.2588313817977905,0.6570138335227966,0.0,0.04640984907746315,0.04640984907746315
216,7.2,24,0,0,,4,uneven rough,7,0.0,61.9592170715332,36.33456802368164,0.38435739278793335,1.8884787559509277,0.6546476483345032,1.8833153247833252,0.6546476483345032,9.833402633666992,0.0,0.0,-0.717706561088562,0.23116469383239746,0.9442393779754639,0.3273238241672516,0.23388376832008362,0.26480400562286377,-0.25587522983551025,-0.1591036021709442,0.2981061339378357,-0.22230488061904907,0.16371864080429077,0.16371864080429077,0.012641566805541515,1.2618530988693237,-1.3784894943237305,0.0,0.15107707399874926,0.15107707399874926,0.13240200281143188,0.13240200281143188,0.2043486088514328,-1.952490210533142,-0.13472852110862732,0.0,-0.07194660604000092,-0.07194660604000092,-0.12793761491775513,-0.12793761491775513,-0.0799119621515274,0.9531247019767761,0.11966092884540558,0.0,-0.04802565276622772,-0.04802565276622772,-0.11137252300977707,-0.11137252300977707,-0.033357467502355576,-1.819496989250183,1.0859538316726685,0.0,-0.0780150555074215,-0.0780150555074215,0.14905306696891785,0.14905306696891785,0.12310879677534103,0.4206225275993347,-1.0714906454086304,0.0,0.025944270193576813,0.025944270193576813,-0.11115244030952454,-0.11115244030952454,-0.03401170298457146,1.3935413360595703,0.5852497816085815,0.0,-0.07714073732495308,-0.07714073732495308
217,7.233333333333333,4,0,0,,4,uneven rough,5,0.0,55.65121078491211,37.22423553466797,0.1870119869709015,1.846386432647705,0.9353123903274536,1.846386432647705,0.9353123903274536,6.081121444702148,6.6816253662109375,0.6353911757469177,0.18339326977729797,0.09772821515798569,0.9231932163238525,0.4676561951637268,0.5722580552101135,0.07169868797063828,0.051337677985429764,0.6153958439826965,0.5573445558547974,0.1978357881307602,0.40058064460754395,0.40058064460754395,0.3479830324649811,1.3868528604507446,-0.34673237800598145,0.0,0.052597612142562866,0.052597612142562866,0.03584934398531914,0.03584934398531914,0.05203497037291527,-0.5992706418037415,0.5961395502090454,0.0,-0.01618562638759613,-0.01618562638759613,0.025668838992714882,0.025668838992714882,0.2052481770515442,-1.9544486999511719,0.5012696385383606,0.0,-0.1795793380588293,-0.1795793380588293,0.43077707290649414,0.43077707290649414,0.33216047286987305,1.037198781967163,0.3905617892742157,0.0,0.0986166000366211,0.0986166000366211,0.2786722779273987,0.2786722779273987,0.24592848122119904,0.6862460374832153,1.3613063097000122,0.0,0.032743796706199646,0.032743796706199646,0.0989178940653801,0.0989178940653801,0.019212372601032257,0.690729022026062,1.3945664167404175,0.0,0.07970552146434784,0.07970552146434784
217,7.233333333333333,14,0,0,,4,uneven rough,5,0.0,55.65049362182617,38.018524169921875,0.21178312599658966,1.3298895359039307,0.9323099255561829,1.3298895359039307,0.9323099255561829,5.499995231628418,4.408624172210693,0.3333333432674408,-0.2983635365962982,0.13387583196163177,0.6649447679519653,0.46615496277809143,0.06009778007864952,0.5158049464225769,0.5743098258972168,0.6348326206207275,-0.2585732042789459,-0.05702745169401169,0.042068444192409515,0.042068444192409515,0.30459076166152954,-1.5821795463562012,-0.8800905346870422,0.0,-0.26252231746912,-0.26252231746912,0.25790247321128845,0.25790247321128845,0.17665833234786987,2.0007376670837402,0.6386281251907349,0.0,0.08124414086341858,0.08124414086341858,0.2871549129486084,0.2871549129486084,0.2628970742225647,0.48022469878196716,-0.8132590055465698,0.0,0.0242578387260437,0.0242578387260437,0.44438281655311584,0.44438281655311584,0.4873749613761902,-0.2838614583015442,1.51730477809906,0.0,-0.04299214482307434,-0.04299214482307434,-0.413717120885849,-0.413717120885849,0.22528290748596191,-0.5941261053085327,-0.5931233167648315,0.0,-0.6390000283718109,-0.6390000283718109,-0.028513725847005844,-0.028513725847005844,-0.01843448542058468,2.0273680686950684,0.9972825646400452,0.0,-0.010079240426421165,-0.010079240426421165
217,7.233333333333333,24,0,0,,4,uneven rough,7,0.0,62.016273498535156,36.33150100708008,0.3826521039009094,1.9749037027359009,-1.5214396715164185,1.8918122053146362,-1.5214396715164185,10.0766019821167,5.514984130859375,0.5,-0.7676636576652527,0.09105432033538818,0.9874518513679504,-0.7607198357582092,0.41042056679725647,0.18838275969028473,-0.2577502727508545,-0.08320948481559753,0.09085783362388611,-0.18930946290493011,0.2872943878173828,0.2872943878173828,0.07237693667411804,1.7248311042785645,0.11436491459608078,0.0,0.21491745114326477,0.21491745114326477,0.09419137984514236,0.09419137984514236,0.13854336738586426,-1.8806360960006714,-1.16249418258667,0.0,-0.04435198754072189,-0.04435198754072189,-0.12887513637542725,-0.12887513637542725,-0.10897902399301529,-0.954926609992981,0.5909028649330139,0.0,-0.019896112382411957,-0.019896112382411957,-0.058246638625860214,-0.058246638625860214,-0.06790139526128769,0.0835980698466301,-0.5567932724952698,0.0,0.009654756635427475,0.009654756635427475,0.045428916811943054,0.045428916811943054,0.06390129029750824,-1.9582511186599731,-0.2278471738100052,0.0,-0.018472373485565186,-0.018472373485565186,-0.09465473145246506,-0.09465473145246506,-0.04797293245792389,-1.0859907865524292,1.0422593355178833,0.0,-0.04668179899454117,-0.04668179899454117
218,7.266666666666667,4,0,0,,4,uneven rough,5,0.0,55.62786865234375,37.25125503540039,0.19111688435077667,1.5862181186676025,0.2597588002681732,1.5862181186676025,0.2597588002681732,6.627326965332031,0.6222597360610962,0.3333333432674408,0.2921188771724701,0.17312729358673096,0.7931090593338013,0.1298794001340866,-0.022957194596529007,-0.03395344316959381,0.44742822647094727,0.5461655855178833,0.47715818881988525,0.08319506794214249,-0.016070036217570305,-0.016070036217570305,0.3063156008720398,-1.349968671798706,0.633439838886261,0.0,-0.3223856370896101,-0.3223856370896101,-0.05432550981640816,-0.05432550981640816,0.002912302501499653,-0.8483458757400513,-0.0797475129365921,0.0,-0.05723781231790781,-0.05723781231790781,0.22371411323547363,0.22371411323547363,0.19610227644443512,1.4882961511611938,-0.8871979117393494,0.0,0.027611836791038513,0.027611836791038513,0.38231590390205383,0.38231590390205383,0.3962387442588806,1.213340401649475,0.7561715245246887,0.0,-0.013922840356826782,-0.013922840356826782,0.23857909440994263,0.23857909440994263,0.19028083980083466,-0.7136800289154053,0.9796259999275208,0.0,0.04829825460910797,0.04829825460910797,0.04159753397107124,0.04159753397107124,0.045725803822278976,0.611030638217926,0.996615469455719,0.0,-0.004128269851207733,-0.004128269851207733
218,7.266666666666667,14,0,0,,4,uneven rough,5,0.0,55.62896728515625,38.04145050048828,0.21963956952095032,1.549762487411499,0.11636388301849365,1.549762487411499,0.11636388301849365,5.434370040893555,1.5499515533447266,0.3333333432674408,-0.39358508586883545,0.08880725502967834,0.7748812437057495,0.058181941509246826,0.43516647815704346,0.36718571186065674,0.3734663724899292,0.16345514357089996,0.16104985773563385,-0.4862089455127716,0.3046165406703949,0.3046165406703949,0.30631616711616516,0.42041611671447754,-1.277052879333496,0.0,-0.0016996264457702637,-0.0016996264457702637,0.18359285593032837,0.18359285593032837,0.1975974589586258,-0.6758169531822205,1.4087673425674438,0.0,-0.014004603028297424,-0.014004603028297424,0.1867331862449646,0.1867331862449646,0.19642585515975952,-1.965566635131836,-0.08192100375890732,0.0,-0.009692668914794922,-0.009692668914794922,0.11441859602928162,0.11441859602928162,0.4261050820350647,-1.9153852462768555,0.4989221394062042,0.0,-0.3116864860057831,-0.3116864860057831,0.08052492886781693,0.08052492886781693,0.15964533388614655,-1.9886921644210815,-0.5936902761459351,0.0,-0.07912040501832962,-0.07912040501832962,-0.2431044727563858,-0.2431044727563858,-0.021711235865950584,-0.5277348160743713,1.5796947479248047,0.0,-0.22139323689043522,-0.22139323689043522
218,7.266666666666667,24,0,0,,4,uneven rough,7,0.0,62.07908248901367,36.32418441772461,0.38338503241539,1.899539589881897,-0.09386090934276581,1.8885611295700073,-0.09386090934276581,10.043644905090332,1.5886447429656982,0.3333333432674408,-0.5638179183006287,0.03661812096834183,0.9497697949409485,-0.046930454671382904,-0.3159543573856354,0.4445929229259491,0.43245548009872437,0.4605473577976227,0.08867155015468597,0.41026929020881653,-0.22116804122924805,-0.22116804122924805,0.01741766184568405,-1.9929628372192383,1.0249253511428833,0.0,-0.2385857030749321,-0.2385857030749321,0.22229646146297455,0.22229646146297455,0.20027871429920197,1.991713285446167,-1.568532943725586,0.0,0.022017747163772583,0.022017747163772583,0.21622774004936218,0.21622774004936218,-0.04263163357973099,1.9999339580535889,-0.28311190009117126,0.0,0.25885937362909317,0.25885937362909317,0.3223831355571747,0.3223831355571747,0.00179862545337528,1.9999092817306519,-0.19471485912799835,0.0,0.3205845101037994,0.3205845101037994,0.04433577507734299,0.04433577507734299,0.055870670825242996,-0.9564502239227295,-1.2062206268310547,0.0,-0.01153489574790001,-0.01153489574790001,0.20513464510440826,0.20513464510440826,0.01791994832456112,1.999820351600647,-0.16105709969997406,0.0,0.18721469677984715,0.18721469677984715
219,7.3,4,0,0,,4,uneven rough,5,0.0,55.59438705444336,37.272911071777344,0.19961929321289062,1.5712890625,0.18830372393131256,1.5712890625,0.18830372393131256,7.912349224090576,1.3733609914779663,0.1666666716337204,0.34701108932495117,0.0724082663655281,0.78564453125,0.09415186196565628,0.2782127857208252,0.17125137150287628,0.6049768924713135,0.38975223898887634,0.16596655547618866,-0.07619276642799377,0.19474895298480988,0.19474895298480988,0.24859464168548584,-2.025085926055908,-0.4879828691482544,0.0,-0.053845688700675964,-0.053845688700675964,0.08562568575143814,0.08562568575143814,0.05574403330683708,1.805336833000183,-0.5143144130706787,0.0,0.02988165244460106,0.02988165244460106,0.30248844623565674,0.30248844623565674,0.2440079152584076,-0.019388113170862198,0.45591071248054504,0.0,0.058480530977249146,0.058480530977249146,0.27282655239105225,0.27282655239105225,0.3809889853000641,-1.4044712781906128,1.014655590057373,0.0,-0.10816243290901184,-0.10816243290901184,0.08298327773809433,0.08298327773809433,0.14251238107681274,-0.590703010559082,0.022227730602025986,0.0,-0.059529103338718414,-0.059529103338718414,-0.03809638321399689,-0.03809638321399689,-0.011980012990534306,-1.5670983791351318,0.7786051034927368,0.0,-0.02611637022346258,-0.02611637022346258
219,7.3,14,0,0,,4,uneven rough,5,0.0,55.60792922973633,38.06154251098633,0.21761567890644073,1.1915916204452515,-1.231787085533142,1.1915916204452515,-1.231787085533142,2.087055206298828,1.8589632511138916,0.3333333432674408,-0.23985010385513306,0.12398158758878708,0.5957958102226257,-0.615893542766571,0.42262378334999084,0.0937119573354721,0.754206120967865,-0.08150321990251541,-0.05776344984769821,-0.380386620759964,0.2958366572856903,0.2958366572856903,0.305176317691803,-0.3425227105617523,-0.31730085611343384,0.0,-0.009339660406112671,-0.009339660406112671,0.04685597866773605,0.04685597866773605,0.1342250555753708,-1.9966703653335571,0.23013964295387268,0.0,-0.08736907690763474,-0.08736907690763474,0.3771030604839325,0.3771030604839325,0.16253213584423065,-0.96961510181427,-1.146937608718872,0.0,0.21457092463970184,0.21457092463970184,-0.05705225467681885,-0.05705225467681885,0.3668183386325836,-1.744398593902588,-0.866131603717804,0.0,-0.42387059330940247,-0.42387059330940247,-0.0924215242266655,-0.0924215242266655,0.10591519623994827,-1.729048252105713,-1.3824268579483032,0.0,-0.19833672046661377,-0.19833672046661377,-0.190193310379982,-0.190193310379982,-0.024005478248000145,-0.27000677585601807,0.38815027475357056,0.0,-0.16618783213198185,-0.16618783213198185
219,7.3,24,0,0,,4,uneven rough,7,0.0,62.14179611206055,36.32081604003906,0.38113415241241455,1.8138206005096436,0.11780472844839096,1.6939646005630493,0.11780472844839096,8.895525932312012,0.0,0.0,-0.49483466148376465,0.027348270639777184,0.9069103002548218,0.05890236422419548,-0.2296791970729828,0.6245157718658447,-0.1272943913936615,0.09383465349674225,0.03192947804927826,0.12489709258079529,-0.16077543795108795,-0.16077543795108795,-0.049731094390153885,-1.9064874649047852,-0.6813940405845642,0.0,-0.11104434356093407,-0.11104434356093407,0.31225788593292236,0.31225788593292236,0.2662331163883209,1.94681715965271,0.444436639547348,0.0,0.04602476954460144,0.04602476954460144,-0.06364719569683075,-0.06364719569683075,-0.037068214267492294,1.0916457176208496,1.0077263116836548,0.0,-0.026578981429338455,-0.026578981429338455,0.0656842589378357,0.0656842589378357,0.06635242700576782,1.4332870244979858,1.046129584312439,0.0,-0.0006681680679321289,-0.0006681680679321289,0.01596473902463913,0.01596473902463913,0.038799796253442764,0.8270136713981628,-1.0649999380111694,0.0,-0.022835057228803635,-0.022835057228803635,0.062448546290397644,0.062448546290397644,0.03625333309173584,-0.5152462720870972,1.0607068538665771,0.0,0.026195213198661804,0.026195213198661804
220,7.333333333333333,4,0,0,,4,uneven rough,5,0.0,55.56120681762695,37.296043395996094,0.19880858063697815,1.361011266708374,0.6810412406921387,1.361011266708374,0.6810412406921387,7.437398433685303,2.971909999847412,0.1666666716337204,0.4446636140346527,0.20310118794441223,0.680505633354187,0.34052062034606934,0.7635993361473083,0.0185010377317667,-0.1912326216697693,0.038198888301849365,0.16528205573558807,-0.487417995929718,0.5345195531845093,0.5345195531845093,0.2779456675052643,1.830514669418335,-1.3570636510849,0.0,0.256573885679245,0.256573885679245,0.00925051886588335,0.00925051886588335,0.022049231454730034,-0.4406753480434418,0.7972205877304077,0.0,-0.012798712588846684,-0.012798712588846684,-0.09561631083488464,-0.09561631083488464,0.1779867261648178,-1.9488120079040527,0.187175914645195,0.0,-0.27360303699970245,-0.27360303699970245,0.026739221066236496,0.026739221066236496,0.30928468704223633,-1.9222161769866943,-0.3531230688095093,0.0,-0.28254546597599983,-0.28254546597599983,0.08264102786779404,0.08264102786779404,0.08209496736526489,-0.7479671239852905,-0.3243243992328644,0.0,0.0005460605025291443,0.0005460605025291443,-0.243708997964859,-0.243708997964859,-0.06857629865407944,-1.6017287969589233,-0.5476598143577576,0.0,-0.17513269931077957,-0.17513269931077957
220,7.333333333333333,14,0,0,,4,uneven rough,5,0.0,55.59170913696289,38.08494567871094,0.21586450934410095,1.001646876335144,-0.9289537668228149,1.001646876335144,-0.9289537668228149,1.7633761167526245,1.1283773183822632,0.3333333432674408,-0.06151270866394043,0.13128773868083954,0.500823438167572,-0.46447688341140747,0.6013798713684082,0.05861014500260353,0.8202342987060547,0.10378775745630264,0.05664448440074921,-0.44494131207466125,0.42096590995788574,0.42096590995788574,0.3594476282596588,1.9045875072479248,-0.3315613269805908,0.0,0.06151828169822693,0.06151828169822693,0.029305072501301765,0.029305072501301765,0.07105036824941635,-1.9342877864837646,-1.0289027690887451,0.0,-0.041745295748114586,-0.041745295748114586,0.41011714935302734,0.41011714935302734,0.15015245974063873,0.06813281774520874,-1.046679139137268,0.0,0.2599646896123886,0.2599646896123886,0.07265143096446991,0.07265143096446991,0.2985774278640747,-1.8589197397232056,-1.3627053499221802,0.0,-0.2259259968996048,-0.2259259968996048,0.028322242200374603,0.028322242200374603,0.06017277389764786,-1.6376758813858032,-1.5784071683883667,0.0,-0.031850531697273254,-0.031850531697273254,-0.22247065603733063,-0.22247065603733063,-0.030971908941864967,-0.3903157114982605,0.016027100384235382,0.0,-0.19149874709546566,-0.19149874709546566
220,7.333333333333333,24,0,0,,4,uneven rough,7,0.0,62.200260162353516,36.322261810302734,0.375124454498291,1.8166431188583374,0.0787363201379776,1.5973793268203735,0.0787363201379776,8.166156768798828,3.2893779277801514,0.3333333432674408,0.05732176825404167,0.043798163533210754,0.9083215594291687,0.0393681600689888,-0.059754423797130585,0.09302010387182236,-0.054312564432621,-0.25691986083984375,0.4879852533340454,-0.22247612476348877,-0.04182809591293335,-0.04182809591293335,-0.03715497627854347,0.3666774332523346,-1.3740640878677368,0.0,-0.004673119634389877,-0.004673119634389877,0.04651005193591118,0.04651005193591118,0.23061338067054749,-1.3919553756713867,1.2938852310180664,0.0,-0.1841033287346363,-0.1841033287346363,-0.0271562822163105,-0.0271562822163105,-0.01999763399362564,0.7697666883468628,1.055174469947815,0.0,-0.00715864822268486,-0.00715864822268486,-0.17984390258789062,-0.17984390258789062,0.010257452726364136,-1.6962215900421143,1.2650290727615356,0.0,-0.19010135531425476,-0.19010135531425476,0.2439926266670227,0.2439926266670227,0.03381352871656418,-1.7399095296859741,0.004747958388179541,0.0,0.21017909795045853,0.21017909795045853,-0.11123806238174438,-0.11123806238174438,-0.023002998903393745,-1.3260048627853394,0.16966015100479126,0.0,-0.08823506347835064,-0.08823506347835064
221,7.366666666666666,4,0,0,,4,uneven rough,5,0.0,55.5301513671875,37.323387145996094,0.2039518654346466,1.6529228687286377,-1.4506926536560059,1.6529228687286377,-1.4506926536560059,2.9720122814178467,1.1820082664489746,0.1666666716337204,0.6203006505966187,0.04116839915513992,0.8264614343643188,-0.7253463268280029,0.5203805565834045,0.2519165575504303,0.7357915639877319,0.12414588034152985,0.15586236119270325,-0.39224714040756226,0.36426639556884766,0.36426639556884766,0.34539785981178284,1.967581033706665,0.4451988637447357,0.0,0.01886853575706482,0.01886853575706482,0.12595827877521515,0.12595827877521515,0.086555615067482,1.6332567930221558,0.09731199592351913,0.0,0.039402663707733154,0.039402663707733154,0.36789578199386597,0.36789578199386597,0.15967369079589844,-1.9101908206939697,-1.0205154418945312,0.0,0.20822209119796753,0.20822209119796753,0.08690211176872253,0.08690211176872253,0.2436978965997696,-1.8325488567352295,-1.2402911186218262,0.0,-0.15679578483104706,-0.15679578483104706,0.07793118059635162,0.07793118059635162,0.1273670643568039,-0.3841031789779663,-0.5638527274131775,0.0,-0.04943588376045227,-0.04943588376045227,-0.19612357020378113,-0.19612357020378113,-0.11881890892982483,-1.984612226486206,-1.1436322927474976,0.0,-0.0773046612739563,-0.0773046612739563
221,7.366666666666666,14,0,0,,4,uneven rough,5,0.0,55.569427490234375,38.10552215576172,0.20436924695968628,1.0242217779159546,-1.127955675125122,1.0242217779159546,-1.127955675125122,2.1409521102905273,0.354340523481369,0.3333333432674408,0.022510012611746788,0.07526810467243195,0.5121108889579773,-0.563977837562561,0.38130420446395874,0.027833925560116768,0.8837738037109375,0.19226709008216858,0.39264848828315735,-0.5340181589126587,0.26691293716430664,0.26691293716430664,0.3438647389411926,-1.9928280115127563,0.9327612519264221,0.0,-0.07695180177688599,-0.07695180177688599,0.013916962780058384,0.013916962780058384,0.02341121807694435,-1.9719573259353638,-1.5408090353012085,0.0,-0.009494255296885967,-0.009494255296885967,0.44188690185546875,0.44188690185546875,0.17070405185222626,0.5984646081924438,-0.416362464427948,0.0,0.2711828500032425,0.2711828500032425,0.13458696007728577,0.13458696007728577,0.24290376901626587,-1.8325421810150146,-1.6432658433914185,0.0,-0.1083168089389801,-0.1083168089389801,0.19632424414157867,0.19632424414157867,0.12250231951475143,1.9780278205871582,-1.6119178533554077,0.0,0.07382192462682724,0.07382192462682724,-0.26700907945632935,-0.26700907945632935,-0.057363029569387436,-0.9354645013809204,-0.21371985971927643,0.0,-0.2096460498869419,-0.2096460498869419
221,7.366666666666666,24,0,0,,4,uneven rough,7,0.0,62.25758361816406,36.321044921875,0.3802449107170105,1.9440950155258179,-0.3424209654331207,1.8453519344329834,-0.3424209654331207,9.659403800964355,7.171494960784912,0.5,0.2066246122121811,0.08586718887090683,0.9720475077629089,-0.17121048271656036,0.061339277774095535,0.3541240394115448,-0.07620107382535934,-0.13159950077533722,-0.0682043507695198,-0.40688952803611755,0.042937494814395905,0.042937494814395905,0.02097747102379799,1.657056450843811,-0.38984569907188416,0.0,0.021960023790597916,0.021960023790597916,0.1770620197057724,0.1770620197057724,0.19234010577201843,-1.022944450378418,-0.2246938943862915,0.0,-0.015278086066246033,-0.015278086066246033,-0.03810053691267967,-0.03810053691267967,-0.02567458152770996,-0.16077129542827606,0.8938044309616089,0.0,-0.012425955384969711,-0.012425955384969711,-0.09211964905261993,-0.09211964905261993,-0.057118095457553864,-1.8401814699172974,-0.4092673659324646,0.0,-0.03500155359506607,-0.03500155359506607,-0.10912696272134781,-0.10912696272134781,-0.03913170099258423,-1.9953944683074951,-0.9816845059394836,0.0,-0.06999526172876358,-0.06999526172876358,-0.20344476401805878,-0.20344476401805878,-0.07115267962217331,-1.6116280555725098,-0.6759915351867676,0.0,-0.13229208439588547,-0.13229208439588547
222,7.3999999999999995,4,0,0,,4,uneven rough,5,0.0,55.5027961730957,37.345130920410156,0.20744341611862183,0.596992552280426,-0.10412784665822983,0.596992552280426,-0.10412784665822983,2.38958740234375,2.636993408203125,0.3333333432674408,0.6261579990386963,0.07162544131278992,0.298496276140213,-0.052063923329114914,0.4355171322822571,0.15293556451797485,0.7796365022659302,0.3502766788005829,0.386687308549881,-0.5087677836418152,0.30486199259757996,0.30486199259757996,0.3151305019855499,-1.3242244720458984,1.305956482887268,0.0,-0.01026850938796997,-0.01026850938796997,0.07646778225898743,0.07646778225898743,0.09935559332370758,-1.3199809789657593,0.9657379388809204,0.0,-0.022887811064720154,-0.022887811064720154,0.3898182511329651,0.3898182511329651,0.17383500933647156,1.175952672958374,-1.523539423942566,0.0,0.21598324179649353,0.21598324179649353,0.24519367516040802,0.24519367516040802,0.25010138750076294,0.2588839828968048,-1.5751546621322632,0.0,-0.004907712340354919,-0.004907712340354919,0.1933436542749405,0.1933436542749405,0.1894165575504303,1.0782626867294312,-0.46222200989723206,0.0,0.003927096724510193,0.003927096724510193,-0.2543838918209076,-0.2543838918209076,-0.1482284963130951,-0.3606039583683014,-1.6191238164901733,0.0,-0.1061553955078125,-0.1061553955078125
222,7.3999999999999995,14,0,0,,4,uneven rough,5,0.0,55.55164337158203,38.12915802001953,0.20226657390594482,1.4576623439788818,-0.8055992126464844,1.4576623439788818,-0.8055992126464844,3.0304360389709473,4.051145553588867,0.3333333432674408,0.1546109914779663,0.2982363700866699,0.7288311719894409,-0.4027996063232422,0.9524552226066589,0.00532866083085537,0.6237510442733765,0.3743102550506592,0.28704115748405457,-0.38583335280418396,0.6667186617851257,0.6667186617851257,0.3426184058189392,0.6808944344520569,-0.721372127532959,0.0,0.3241002559661865,0.3241002559661865,0.002664330415427685,0.002664330415427685,-0.008739035576581955,-0.0991007536649704,-1.7845810651779175,0.0,0.01140336599200964,0.01140336599200964,0.31187552213668823,0.31187552213668823,0.23537755012512207,1.953893780708313,0.15742258727550507,0.0,0.07649797201156616,0.07649797201156616,0.262017160654068,0.262017160654068,0.20143021643161774,-0.07410810887813568,-1.7502830028533936,0.0,0.060586944222450256,0.060586944222450256,0.14352057874202728,0.14352057874202728,0.16139423847198486,0.3513120710849762,0.41784387826919556,0.0,-0.01787365972995758,-0.01787365972995758,-0.19291667640209198,-0.19291667640209198,-0.04270908981561661,-0.14304932951927185,-0.6217955946922302,0.0,-0.15020758658647537,-0.15020758658647537
222,7.3999999999999995,24,0,0,,4,uneven rough,7,0.0,62.32298278808594,36.323028564453125,0.39253121614456177,1.9427918195724487,-1.2044548988342285,1.6130220890045166,-1.2044548988342285,9.096330642700195,1.4142850637435913,0.3333333432674408,0.5557029247283936,0.09290282428264618,0.9713959097862244,-0.6022274494171143,0.05355064570903778,0.6157408356666565,-0.25868773460388184,-0.34482550621032715,-0.059332627803087234,-0.5400888919830322,0.03748545050621033,0.03748545050621033,0.050524622201919556,0.2630995512008667,0.7674764394760132,0.0,-0.013039171695709229,-0.013039171695709229,0.30787041783332825,0.30787041783332825,0.25313013792037964,1.997146487236023,-0.6760261654853821,0.0,0.05474027991294861,0.05474027991294861,-0.12934386730194092,-0.12934386730194092,-0.06680251657962799,-1.4420833587646484,0.2975454032421112,0.0,-0.06254135072231293,-0.06254135072231293,-0.2413778454065323,-0.2413778454065323,-0.11883240193128586,-1.74123215675354,-1.2183088064193726,0.0,-0.12254544347524643,-0.12254544347524643,-0.0949322059750557,-0.0949322059750557,-0.08440288156270981,-1.9939155578613281,-1.554837942123413,0.0,-0.010529324412345886,-0.010529324412345886,-0.2700444459915161,-0.2700444459915161,-0.12404219061136246,-1.7287627458572388,-1.2050020694732666,0.0,-0.14600225538015366,-0.14600225538015366
223,7.433333333333334,4,0,0,,4,uneven rough,5,0.0,55.48158645629883,37.368186950683594,0.21600601077079773,1.512571930885315,0.6824556589126587,1.512571930885315,0.6824556589126587,3.713921546936035,1.573268175125122,0.5,0.29365473985671997,0.06600821763277054,0.7562859654426575,0.34122782945632935,0.8508095145225525,0.23503020405769348,0.3307998478412628,0.32533422112464905,0.24292704463005066,-0.11514279246330261,0.5955666303634644,0.5955666303634644,0.367692232131958,1.6358611583709717,-0.1811525523662567,0.0,0.22787439823150635,0.22787439823150635,0.11751510202884674,0.11751510202884674,0.09006296098232269,1.2329328060150146,-0.32661163806915283,0.0,0.027452141046524048,0.027452141046524048,0.1653999239206314,0.1653999239206314,0.1715887039899826,-0.8420557975769043,0.002758254297077656,0.0,-0.006188780069351196,-0.006188780069351196,0.22773395478725433,0.22773395478725433,0.20381014049053192,-0.2865789234638214,-0.5381859540939331,0.0,0.023923814296722412,0.023923814296722412,0.12146352231502533,0.12146352231502533,0.1541012078523636,-1.5241434574127197,0.4087707996368408,0.0,-0.03263768553733826,-0.03263768553733826,-0.057571396231651306,-0.057571396231651306,-0.08962982892990112,1.9986492395401,-0.9075544476509094,0.0,0.03205843269824982,0.03205843269824982
223,7.433333333333334,14,0,0,,4,uneven rough,5,0.0,55.54004669189453,38.16001892089844,0.21035194396972656,1.459803581237793,-1.0179753303527832,1.459803581237793,-1.0179753303527832,4.812108993530273,4.349015712738037,0.3333333432674408,0.2657661437988281,0.04951801151037216,0.7299017906188965,-0.5089876651763916,0.6460469961166382,0.41023433208465576,0.6106561422348022,0.484457403421402,0.4252636730670929,-0.3814536929130554,0.45223289728164673,0.45223289728164673,0.39054980874061584,1.9710028171539307,0.0714719146490097,0.0,0.061683088541030884,0.061683088541030884,0.20511716604232788,0.20511716604232788,0.057899631559848785,1.7908382415771484,-0.8316075205802917,0.0,0.1472175344824791,0.1472175344824791,0.3053280711174011,0.3053280711174011,0.28597578406333923,0.9667533040046692,1.173150658607483,0.0,0.01935228705406189,0.01935228705406189,0.33912017941474915,0.33912017941474915,0.2480171024799347,1.9287669658660889,-0.8025707006454468,0.0,0.09110307693481445,0.09110307693481445,0.21263183653354645,0.21263183653354645,0.2139829397201538,0.7573815584182739,0.38022667169570923,0.0,-0.0013511031866073608,-0.0013511031866073608,-0.1907268464565277,-0.1907268464565277,-0.08410775661468506,-1.5437612533569336,-0.35111159086227417,0.0,-0.10661908984184265,-0.10661908984184265
223,7.433333333333334,24,0,0,,4,uneven rough,7,0.0,62.3886604309082,36.32309341430664,0.39284974336624146,1.9334087371826172,-0.7010180950164795,1.8984287977218628,-0.7010180950164795,9.361736297607422,2.211425542831421,0.3333333432674408,0.690950870513916,0.16322104632854462,0.9667043685913086,-0.35050904750823975,0.08859528601169586,0.4903639554977417,0.016215534880757332,-0.34270504117012024,0.17259542644023895,-0.7390062212944031,0.062016699463129044,0.062016699463129044,0.07449863106012344,0.4972250759601593,0.48230084776878357,0.0,-0.0124819315969944,-0.0124819315969944,0.24518197774887085,0.24518197774887085,0.27413883805274963,-1.1143066883087158,0.8353904485702515,0.0,-0.028956860303878784,-0.028956860303878784,0.008107767440378666,0.008107767440378666,-0.03797483444213867,1.034467101097107,-0.6860437989234924,0.0,0.04608260188251734,0.04608260188251734,-0.23989352583885193,-0.23989352583885193,-0.1833099126815796,-1.7469277381896973,-1.5139706134796143,0.0,-0.05658361315727234,-0.05658361315727234,0.08629771322011948,0.08629771322011948,-0.06072847545146942,0.31360292434692383,-1.8030931949615479,0.0,0.1470261886715889,0.1470261886715889,-0.36950311064720154,-0.36950311064720154,-0.1356344074010849,0.8059555292129517,-1.5011372566223145,0.0,-0.23386870324611664,-0.23386870324611664
224,7.466666666666667,4,0,0,,4,uneven rough,5,0.0,55.45847702026367,37.38798904418945,0.21937009692192078,1.4353832006454468,-0.4150511920452118,1.4353832006454468,-0.4150511920452118,3.4270710945129395,0.44130799174308777,0.1666666716337204,0.47500869631767273,0.09016299247741699,0.7176916003227234,-0.2075255960226059,-0.0029556702356785536,0.49777206778526306,0.293422132730484,0.3445952832698822,0.6039431095123291,-0.5601298809051514,-0.002068969188258052,-0.002068969188258052,0.3177903890609741,-1.3962372541427612,0.8461902737617493,0.0,-0.3198593582492322,-0.3198593582492322,0.24888603389263153,0.24888603389263153,0.15634122490882874,1.9835436344146729,0.5551576018333435,0.0,0.0925448089838028,0.0925448089838028,0.146711066365242,0.146711066365242,0.148192897439003,-0.2811720371246338,-0.47490113973617554,0.0,-0.0014818310737609863,-0.0014818310737609863,0.24121668934822083,0.24121668934822083,0.2551048994064331,0.8041147589683533,-0.39592689275741577,0.0,-0.01388821005821228,-0.01388821005821228,0.30197155475616455,0.30197155475616455,0.20213228464126587,1.9606819152832031,-0.6841023564338684,0.0,0.09983927011489868,0.09983927011489868,-0.2800649404525757,-0.2800649404525757,-0.09781977534294128,0.06568700820207596,0.7356182932853699,0.0,-0.1822451651096344,-0.1822451651096344
224,7.466666666666667,14,0,0,,4,uneven rough,5,0.0,55.524314880371094,38.18473434448242,0.22297421097755432,1.3227349519729614,-0.8088156580924988,1.3227349519729614,-0.8088156580924988,2.949936628341675,5.077991008758545,0.5,0.3337169289588928,0.21374130249023438,0.6613674759864807,-0.4044078290462494,-0.022119348868727684,0.4800635278224945,0.4143895208835602,0.6248637437820435,0.3071913719177246,-0.2844257652759552,-0.015483544208109379,-0.015483544208109379,0.360281765460968,-1.9247738122940063,1.145470142364502,0.0,-0.3757653096690774,-0.3757653096690774,0.24003176391124725,0.24003176391124725,0.11929480731487274,1.9970734119415283,0.6511279940605164,0.0,0.12073695659637451,0.12073695659637451,0.2071947604417801,0.2071947604417801,0.22905275225639343,-1.9390901327133179,1.0564532279968262,0.0,-0.021857991814613342,-0.021857991814613342,0.437404602766037,0.437404602766037,0.3197444677352905,1.976952314376831,0.7417324781417847,0.0,0.11766013503074646,0.11766013503074646,0.1535956859588623,0.1535956859588623,0.1644647717475891,-1.5570430755615234,0.5934706926345825,0.0,-0.010869085788726807,-0.010869085788726807,-0.1422128826379776,-0.1422128826379776,-0.13875973224639893,-1.1189247369766235,-1.025437831878662,0.0,-0.0034531503915786743,-0.0034531503915786743
224,7.466666666666667,24,0,0,,4,uneven rough,7,0.0,62.4515380859375,36.31667709350586,0.3848586976528168,1.9575576782226562,-0.6625140905380249,1.7406423091888428,-0.6625140905380249,9.595088958740234,4.630387783050537,0.4943760633468628,0.5952208638191223,0.20783397555351257,0.9787788391113281,-0.33125704526901245,0.6467763185501099,0.4158875048160553,-0.04974881559610367,-0.2100437432527542,0.5510352253913879,-0.32254165410995483,0.45274341106414795,0.45274341106414795,0.12356014549732208,1.18267023563385,0.49073901772499084,0.0,0.32918326556682587,0.32918326556682587,0.20794375240802765,0.20794375240802765,0.22427897155284882,-1.3706562519073486,-0.26697179675102234,0.0,-0.016335219144821167,-0.016335219144821167,-0.024874407798051834,-0.024874407798051834,-0.022013194859027863,0.15777046978473663,0.2867361605167389,0.0,-0.0028612129390239716,-0.0028612129390239716,-0.14703062176704407,-0.14703062176704407,-0.1888730376958847,1.3842183351516724,-1.6456849575042725,0.0,0.04184241592884064,0.04184241592884064,0.27551761269569397,0.27551761269569397,-0.017267605289816856,1.2520290613174438,-0.6063094139099121,0.0,0.2927852179855108,0.2927852179855108,-0.16127082705497742,-0.16127082705497742,-0.11554689705371857,0.48604124784469604,-0.19670285284519196,0.0,-0.04572393000125885,-0.04572393000125885
225,7.5,4,0,0,,4,uneven rough,5,0.0,55.4407844543457,37.40889358520508,0.22196656465530396,1.2087383270263672,1.3305754661560059,1.2087383270263672,1.3305754661560059,5.3532609939575195,3.5326290130615234,0.3333333432674408,0.12389501184225082,0.07312440872192383,0.6043691635131836,0.6652877330780029,0.7429801225662231,0.0009529773960821331,-0.008302523754537106,0.4496602714061737,0.4721800982952118,-0.07317773997783661,0.5200860500335693,0.5200860500335693,0.33910074830055237,1.228472113609314,-0.4216822683811188,0.0,0.18098530173301697,0.18098530173301697,0.00047648869804106653,0.00047648869804106653,0.13038378953933716,0.8840778470039368,1.362769603729248,0.0,-0.1299073008412961,-0.1299073008412961,-0.004151261877268553,-0.004151261877268553,0.08496389538049698,-1.9624474048614502,-0.3653663694858551,0.0,-0.08911515725776553,-0.08911515725776553,0.3147621750831604,0.3147621750831604,0.26778215169906616,0.9378470182418823,0.28257879614830017,0.0,0.04698002338409424,0.04698002338409424,0.2360900491476059,0.2360900491476059,0.18659070134162903,0.29485487937927246,0.811263382434845,0.0,0.04949934780597687,0.04949934780597687,-0.036588869988918304,-0.036588869988918304,-0.0520453006029129,0.5255835652351379,0.3568379580974579,0.0,0.015456430613994598,0.015456430613994598
225,7.5,14,0,0,,4,uneven rough,5,0.0,55.50956726074219,38.20674514770508,0.21987512707710266,0.7918267846107483,0.0239105224609375,0.7918267846107483,0.0239105224609375,3.9487321376800537,0.0,0.0,0.5698935985565186,0.07650788873434067,0.39591339230537415,0.01195526123046875,0.46783286333084106,0.08816905319690704,0.4752294421195984,0.4737963080406189,-0.1017303541302681,-0.19943399727344513,0.32748299837112427,0.32748299837112427,0.3235189914703369,-0.009279115125536919,-0.5904513001441956,0.0,0.0039640069007873535,0.0039640069007873535,0.04408452659845352,0.04408452659845352,0.06304985284805298,-1.9859415292739868,1.41212797164917,0.0,-0.018965326249599457,-0.018965326249599457,0.2376147210597992,0.2376147210597992,0.2346092015504837,0.35085418820381165,-0.6372323632240295,0.0,0.0030055195093154907,0.0030055195093154907,0.33165740966796875,0.33165740966796875,0.33985617756843567,-0.1289646178483963,1.440127968788147,0.0,-0.008198767900466919,-0.008198767900466919,-0.16276857256889343,-0.16276857256889343,0.09798745810985565,-1.1814781427383423,-0.6224336624145508,0.0,-0.2607560306787491,-0.2607560306787491,-0.09971699863672256,-0.09971699863672256,-0.10127340257167816,-0.5010999441146851,-1.0782954692840576,0.0,0.001556403934955597,0.001556403934955597
225,7.5,24,0,0,,4,uneven rough,7,0.0,62.52051544189453,36.3148193359375,0.37854695320129395,1.9467054605484009,-0.2926925718784332,1.8728970289230347,-0.2926925718784332,8.12442398071289,0.9137248396873474,0.3333333432674408,0.32506832480430603,0.11200964450836182,0.9733527302742004,-0.1463462859392166,-0.02014545537531376,0.6316967010498047,-0.19802264869213104,0.39988797903060913,0.41494616866111755,0.49740803241729736,-0.014101818203926086,-0.014101818203926086,0.06989268958568573,-1.9955922365188599,0.8819581866264343,0.0,-0.08399450778961182,-0.08399450778961182,0.31584835052490234,0.31584835052490234,0.28272056579589844,1.999437689781189,-0.8909969925880432,0.0,0.033127784729003906,0.033127784729003906,-0.09901132434606552,-0.09901132434606552,-0.08205825835466385,-1.9580066204071045,0.2138187289237976,0.0,-0.016953065991401672,-0.016953065991401672,0.27992159128189087,0.27992159128189087,-0.11870130151510239,1.9998811483383179,0.06742777675390244,0.0,0.39862289279699326,0.39862289279699326,0.20747308433055878,0.20747308433055878,0.05767784267663956,1.9995063543319702,0.4443984925746918,0.0,0.14979524165391922,0.14979524165391922,0.24870401620864868,0.24870401620864868,-0.05683352053165436,2.0000014305114746,0.1893218755722046,0.0,0.30553753674030304,0.30553753674030304
226,7.533333333333333,4,0,0,,4,uneven rough,5,0.0,55.419612884521484,37.42449188232422,0.22791889309883118,1.705859661102295,0.23964963853359222,1.705859661102295,0.23964963853359222,8.511810302734375,5.030536651611328,0.3333333432674408,0.2547665238380432,0.15207228064537048,0.8529298305511475,0.11982481926679611,-0.17249402403831482,0.03353060036897659,0.48770076036453247,0.3400473892688751,0.4165653586387634,-0.16407150030136108,-0.12074581533670425,-0.12074581533670425,0.3180226981639862,-0.6757612824440002,0.5113179683685303,0.0,-0.43876851350069046,-0.43876851350069046,0.016765300184488297,0.016765300184488297,0.11104918271303177,-0.9662492275238037,1.092116355895996,0.0,-0.09428388252854347,-0.09428388252854347,0.24385038018226624,0.24385038018226624,0.12092633545398712,1.9829350709915161,-1.268358826637268,0.0,0.12292404472827911,0.12292404472827911,0.23803317546844482,0.23803317546844482,0.28599703311920166,-0.64566969871521,0.6530686020851135,0.0,-0.047963857650756836,-0.047963857650756836,0.2082826793193817,0.2082826793193817,0.1592077910900116,-0.6987375020980835,0.5192850828170776,0.0,0.04907488822937012,0.04907488822937012,-0.08203575015068054,-0.08203575015068054,-0.06675230711698532,-0.9699692130088806,0.4522470235824585,0.0,-0.015283443033695221,-0.015283443033695221
226,7.533333333333333,14,0,0,,4,uneven rough,5,0.0,55.50204086303711,38.2347526550293,0.2149573117494583,1.6754652261734009,0.7527480721473694,1.6754652261734009,0.7527480721473694,6.372832298278809,2.7195498943328857,0.1666666716337204,0.26022738218307495,0.11049090325832367,0.8377326130867004,0.3763740360736847,0.6229255199432373,-0.05217276141047478,0.5050939321517944,0.6833231449127197,0.06450073421001434,-0.16065706312656403,0.43604785203933716,0.43604785203933716,0.36425134539604187,1.998323678970337,-0.26185551285743713,0.0,0.07179650664329529,0.07179650664329529,-0.08347641676664352,-0.08347641676664352,-0.0033526509068906307,-1.9819508790969849,-0.5091466307640076,0.0,-0.0801237658597529,-0.0801237658597529,0.2525469660758972,0.2525469660758972,0.2513238191604614,0.2370794266462326,-0.07856646180152893,0.0,0.001223146915435791,0.001223146915435791,0.4783262014389038,0.4783262014389038,0.3774793744087219,1.7842755317687988,0.552960216999054,0.0,0.10084682703018188,0.10084682703018188,0.03225036710500717,0.03225036710500717,0.03647727146744728,-1.2694429159164429,-0.9385184049606323,0.0,-0.004226904362440109,-0.004226904362440109,-0.08032853156328201,-0.08032853156328201,-0.07906143367290497,0.2699718177318573,-0.7519480586051941,0.0,-0.0012670978903770447,-0.0012670978903770447
226,7.533333333333333,24,0,0,,4,uneven rough,7,0.0,62.58476257324219,36.30987548828125,0.3601000905036926,1.927739143371582,0.6885058879852295,1.9028904438018799,0.6885058879852295,9.754890441894531,0.0,0.0,0.3913113474845886,0.18584012985229492,0.963869571685791,0.34425294399261475,0.3083631992340088,0.3275420367717743,-0.34602996706962585,-0.13722187280654907,0.622815728187561,0.49051377177238464,0.2158542424440384,0.2158542424440384,0.11706020683050156,1.96506929397583,-0.7450140118598938,0.0,0.09879403561353683,0.09879403561353683,0.16377101838588715,0.16377101838588715,0.22954024374485016,-1.9883036613464355,0.7432599663734436,0.0,-0.06576922535896301,-0.06576922535896301,-0.17301498353481293,-0.17301498353481293,-0.09382165968418121,0.7469630837440491,-1.0141352415084839,0.0,-0.07919332385063171,-0.07919332385063171,-0.09605530649423599,-0.09605530649423599,-0.11277205497026443,0.26938700675964355,1.1600403785705566,0.0,0.016716748476028442,0.016716748476028442,0.3114078640937805,0.3114078640937805,0.08324018120765686,1.1721220016479492,1.3236593008041382,0.0,0.22816768288612366,0.22816768288612366,0.24525688588619232,0.24525688588619232,0.00672161066904664,1.742344856262207,1.2130833864212036,0.0,0.23853527521714568,0.23853527521714568
227,7.566666666666666,4,0,0,,4,uneven rough,5,0.0,55.39824676513672,37.441104888916016,0.2318098247051239,1.6400858163833618,0.2762448489665985,1.6400858163833618,0.2762448489665985,8.341203689575195,1.888901710510254,0.1666666716337204,-0.15590356290340424,0.07173328846693039,0.8200429081916809,0.13812242448329926,0.5742816925048828,0.1185338944196701,0.6284828186035156,0.20510800182819366,0.10859435051679611,-0.18136997520923615,0.4019971787929535,0.4019971787929535,0.3773456811904907,2.0000016689300537,-0.15985876321792603,0.0,0.02465149760246277,0.02465149760246277,0.05926694720983505,0.05926694720983505,0.06243389472365379,-0.9648193717002869,-0.0716872289776802,0.0,-0.003166947513818741,-0.003166947513818741,0.3142414093017578,0.3142414093017578,0.18542446196079254,1.8788150548934937,0.5699285268783569,0.0,0.12881694734096527,0.12881694734096527,0.14357559382915497,0.14357559382915497,0.2182164341211319,-1.9668943881988525,-0.08124035596847534,0.0,-0.07464084029197693,-0.07464084029197693,0.054297175258398056,0.054297175258398056,0.09308731555938721,-1.9257432222366333,-0.1693870723247528,0.0,-0.03879014030098915,-0.03879014030098915,-0.09068498760461807,-0.09068498760461807,-0.07525486499071121,-0.5235018730163574,-0.3518765866756439,0.0,-0.01543012261390686,-0.01543012261390686
227,7.566666666666666,14,0,0,,4,uneven rough,5,0.0,55.493263244628906,38.26491165161133,0.21477055549621582,1.426218032836914,0.12516820430755615,1.426218032836914,0.12516820430755615,6.087100982666016,2.2984886169433594,0.3333333432674408,0.3313611149787903,0.19619862735271454,0.713109016418457,0.06258410215377808,-0.22218425571918488,0.11573664098978043,0.5896950960159302,0.7212411165237427,0.03128458932042122,0.1065722405910492,-0.1555289775133133,-0.1555289775133133,0.35006916522979736,-1.3034104108810425,1.0160539150238037,0.0,-0.5055981427431107,-0.5055981427431107,0.05786832049489021,0.05786832049489021,0.010760186240077019,0.8897354006767273,-1.3418728113174438,0.0,0.047108134254813194,0.047108134254813194,0.2948475480079651,0.2948475480079651,0.28324857354164124,0.23368264734745026,0.09990029036998749,0.0,0.011598974466323853,0.011598974466323853,0.504868745803833,0.504868745803833,0.4489723742008209,1.9898552894592285,1.2491481304168701,0.0,0.055896371603012085,0.055896371603012085,0.01564229466021061,0.01564229466021061,0.05933261662721634,-0.39853885769844055,-1.1256237030029297,0.0,-0.04369032196700573,-0.04369032196700573,0.0532861202955246,0.0532861202955246,-0.022192634642124176,1.805240511894226,-0.17415273189544678,0.0,0.07547875493764877,0.07547875493764877
227,7.566666666666666,24,0,0,,4,uneven rough,7,0.0,62.65047073364258,36.30934143066406,0.33861565589904785,1.927154541015625,-0.49286288022994995,1.7532556056976318,-0.49286288022994995,7.607457637786865,1.0295536518096924,0.3333333432674408,0.11199109256267548,0.24794790148735046,0.9635772705078125,-0.24643144011497498,-0.14971569180488586,0.0023096944205462933,-0.0602148212492466,0.10294150561094284,0.4277805984020233,-0.1880148947238922,-0.1048009842634201,-0.1048009842634201,0.07085490226745605,-1.9123146533966064,0.7872719168663025,0.0,-0.17565588653087616,-0.17565588653087616,0.0011548472102731466,0.0011548472102731466,0.17246213555335999,-1.4936764240264893,-0.8011710047721863,0.0,-0.17130728834308684,-0.17130728834308684,-0.0301074106246233,-0.0301074106246233,-0.05412881076335907,1.4716452360153198,-0.018407093361020088,0.0,0.02402140013873577,0.02402140013873577,0.07205905020236969,0.07205905020236969,-0.04373009130358696,1.952511191368103,0.6564633846282959,0.0,0.11578914150595665,0.11578914150595665,0.21389029920101166,0.21389029920101166,0.1416831910610199,1.6851441860198975,1.2379798889160156,0.0,0.07220710813999176,0.07220710813999176,-0.0940074473619461,-0.0940074473619461,-0.019327402114868164,-0.441622793674469,1.5123287439346313,0.0,-0.07468004524707794,-0.07468004524707794
228,7.6,4,0,0,,4,uneven rough,5,0.0,55.373085021972656,37.455867767333984,0.22958117723464966,1.406685471534729,-0.4099525213241577,1.406685471534729,-0.4099525213241577,3.9392106533050537,1.6382335424423218,0.1666666716337204,-0.10463374853134155,0.06565739214420319,0.7033427357673645,-0.20497626066207886,0.25697994232177734,-0.007588780950754881,0.7434582710266113,0.19903868436813354,0.28899428248405457,-0.4350747764110565,0.17988595366477966,0.17988595366477966,0.3535289764404297,-1.292861819267273,1.0613301992416382,0.0,-0.17364302277565002,-0.17364302277565002,-0.012142050080001354,-0.012142050080001354,0.02853376977145672,-0.7852294445037842,-0.5766657590866089,0.0,-0.04067581985145807,-0.04067581985145807,0.37172913551330566,0.37172913551330566,0.24072277545928955,1.6647281646728516,1.309975266456604,0.0,0.1310063600540161,0.1310063600540161,0.13932707905769348,0.13932707905769348,0.19140176475048065,-1.004980444908142,-1.1473925113677979,0.0,-0.05207468569278717,-0.05207468569278717,0.14449714124202728,0.14449714124202728,0.1091085895895958,0.9397550821304321,-1.1624339818954468,0.0,0.03538855165243149,0.03538855165243149,-0.21753738820552826,-0.21753738820552826,-0.09867632389068604,-0.8628839254379272,-0.4489138424396515,0.0,-0.11886106431484222,-0.11886106431484222
228,7.6,14,0,0,,4,uneven rough,5,0.0,55.472267150878906,38.285377502441406,0.22205325961112976,1.1477444171905518,0.6429884433746338,1.1477444171905518,0.6429884433746338,5.134993553161621,2.8594043254852295,0.3333333432674408,0.3933912217617035,0.09343273937702179,0.5738722085952759,0.3214942216873169,-0.06680373102426529,0.5036028027534485,0.5062086582183838,0.614529013633728,-0.2062697559595108,-0.12596525251865387,-0.0467626117169857,-0.0467626117169857,0.29972168803215027,-0.8410936594009399,-0.29537537693977356,0.0,-0.34648429974913597,-0.34648429974913597,0.25180140137672424,0.25180140137672424,0.07652636617422104,1.3890010118484497,-0.08011754602193832,0.0,0.1752750352025032,0.1752750352025032,0.2531043291091919,0.2531043291091919,0.22711052000522614,-1.4283875226974487,0.17554107308387756,0.0,0.02599380910396576,0.02599380910396576,0.43017029762268066,0.43017029762268066,0.4753763675689697,-0.7875710725784302,1.6679452657699585,0.0,-0.04520606994628906,-0.04520606994628906,-0.3300316035747528,-0.3300316035747528,0.015425239689648151,-0.8299683332443237,-0.7145286202430725,0.0,-0.34545684326440096,-0.34545684326440096,-0.06298262625932693,-0.06298262625932693,-0.033320751041173935,-0.03326518088579178,0.9449997544288635,0.0,-0.029661875218153,-0.029661875218153
228,7.6,24,0,0,,4,uneven rough,7,0.0,62.71671676635742,36.30015563964844,0.3223051428794861,1.894996166229248,0.8399187326431274,1.732065200805664,0.8399187326431274,8.453559875488281,2.329716444015503,0.3333333432674408,-0.3118900656700134,0.15972208976745605,0.947498083114624,0.4199593663215637,0.36411231756210327,0.25028419494628906,-0.1967202126979828,0.045533087104558945,0.3326527178287506,0.3219480812549591,0.25487861037254333,0.25487861037254333,0.10265778750181198,1.8115477561950684,-0.7390791773796082,0.0,0.15222082287073135,0.15222082287073135,0.12514209747314453,0.12514209747314453,0.1275075525045395,-0.8103316426277161,-1.192714810371399,0.0,-0.0023654550313949585,-0.0023654550313949585,-0.0983601063489914,-0.0983601063489914,-0.08001497387886047,-1.8856135606765747,0.8240711688995361,0.0,-0.01834513247013092,-0.01834513247013092,0.03187315911054611,0.03187315911054611,0.001976420171558857,1.7189216613769531,1.3892511129379272,0.0,0.029896738938987255,0.029896738938987255,0.1663263589143753,0.1663263589143753,0.17004351317882538,0.44092637300491333,1.4908074140548706,0.0,-0.0037171542644500732,-0.0037171542644500732,0.16097404062747955,0.16097404062747955,0.03642652556300163,1.9549405574798584,0.4075610339641571,0.0,0.12454751506447792,0.12454751506447792
229,7.633333333333333,4,0,0,,4,uneven rough,5,0.0,55.348854064941406,37.47977828979492,0.23133264482021332,1.635630488395691,0.35581791400909424,1.635630488395691,0.35581791400909424,4.203556060791016,5.646443843841553,0.6666666865348816,-0.3704710900783539,0.17955654859542847,0.8178152441978455,0.17790895700454712,0.8537304401397705,0.3205357491970062,0.3703364133834839,0.3555716872215271,0.3679189682006836,-0.1914244443178177,0.5976113080978394,0.5976113080978394,0.37813830375671387,1.3179763555526733,-0.2697341740131378,0.0,0.2194730043411255,0.2194730043411255,0.1602678745985031,0.1602678745985031,0.09367580711841583,2.000000476837158,-0.6945880055427551,0.0,0.06659206748008728,0.06659206748008728,0.18516820669174194,0.18516820669174194,0.20372167229652405,-1.8214292526245117,1.510553240776062,0.0,-0.018553465604782104,-0.018553465604782104,0.2489001750946045,0.2489001750946045,0.19295929372310638,1.396261215209961,-1.066872477531433,0.0,0.05594088137149811,0.05594088137149811,0.1839594841003418,0.1839594841003418,0.17141297459602356,1.7157851457595825,0.02614746429026127,0.0,0.012546509504318237,0.012546509504318237,-0.09571222215890884,-0.09571222215890884,-0.11579929292201996,0.6608847379684448,-0.6829732656478882,0.0,0.020087070763111115,0.020087070763111115
229,7.633333333333333,14,0,0,,4,uneven rough,5,0.0,55.43910598754883,38.298789978027344,0.22328072786331177,1.2522350549697876,0.980005145072937,1.2522350549697876,0.980005145072937,3.235854148864746,1.3510980606079102,0.5,0.20731881260871887,0.10526808351278305,0.6261175274848938,0.4900025725364685,0.3616703748703003,0.11697056889533997,0.3916015028953552,0.35947564244270325,-0.04886717349290848,-0.44809427857398987,0.2531692683696747,0.2531692683696747,0.2694571912288666,-1.0128332376480103,-0.6039254665374756,0.0,-0.016287922859191895,-0.016287922859191895,0.05848528444766998,0.05848528444766998,0.06351514160633087,-1.012618899345398,0.7505246996879578,0.0,-0.005029857158660889,-0.005029857158660889,0.1958007514476776,0.1958007514476776,0.16226179897785187,-1.3837950229644775,-0.7313230037689209,0.0,0.033538952469825745,0.033538952469825745,0.251632958650589,0.251632958650589,0.41709795594215393,-1.9782811403274536,0.2795919179916382,0.0,-0.16546499729156494,-0.16546499729156494,-0.0781874805688858,-0.0781874805688858,-0.046652138233184814,-1.666188359260559,-0.7797984480857849,0.0,-0.03153534233570099,-0.03153534233570099,-0.22404713928699493,-0.22404713928699493,-0.06769993901252747,-1.1960258483886719,0.39188700914382935,0.0,-0.15634720027446747,-0.15634720027446747
229,7.633333333333333,24,0,0,,4,uneven rough,7,0.0,62.78668212890625,36.29368209838867,0.30646663904190063,1.78794527053833,-0.26464205980300903,1.78794527053833,-0.26464205980300903,9.31612777709961,0.0,0.0,-0.07831712067127228,0.22366677224636078,0.893972635269165,-0.13232102990150452,-0.5632230043411255,0.26576271653175354,0.35565534234046936,-0.05192200466990471,0.48252353072166443,0.013152362778782845,-0.3942560851573944,-0.3942560851573944,0.10086847841739655,-0.2657494843006134,0.7030498385429382,0.0,-0.49512456357479095,-0.49512456357479095,0.13288135826587677,0.13288135826587677,0.15772917866706848,0.3493621051311493,-0.9765146970748901,0.0,-0.02484782040119171,-0.02484782040119171,0.17782767117023468,0.17782767117023468,-0.03187063708901405,1.5324095487594604,-0.7079894542694092,0.0,0.20969830825924873,0.20969830825924873,-0.036345403641462326,-0.036345403641462326,0.03494085744023323,-0.4636112451553345,1.5756473541259766,0.0,-0.07128626108169556,-0.07128626108169556,0.24126176536083221,0.24126176536083221,0.21215693652629852,0.3451206088066101,0.8972027897834778,0.0,0.02910482883453369,0.02910482883453369,0.006576181389391422,0.006576181389391422,0.030581340193748474,-1.8767831325531006,1.2824522256851196,0.0,-0.024005158804357052,-0.024005158804357052
230,7.666666666666667,4,0,0,,4,uneven rough,5,0.0,55.325592041015625,37.503475189208984,0.22701537609100342,0.9446953535079956,1.6679871082305908,0.9446953535079956,1.6679871082305908,4.774758815765381,0.0,0.0,-0.10554322600364685,0.26773443818092346,0.4723476767539978,0.8339935541152954,-0.06239038333296776,0.5516213178634644,0.03645706549286842,0.8411582708358765,0.7384716272354126,0.48261895775794983,-0.04367326945066452,-0.04367326945066452,0.3331051468849182,-1.6402411460876465,0.627960205078125,0.0,-0.37677841633558273,-0.37677841633558273,0.2758106589317322,0.2758106589317322,0.1637323647737503,1.83930242061615,0.8289371728897095,0.0,0.11207829415798187,0.11207829415798187,0.01822853274643421,0.01822853274643421,0.13468028604984283,-2.0020573139190674,-0.3733556568622589,0.0,-0.11645175330340862,-0.11645175330340862,0.5888108015060425,0.5888108015060425,0.26122918725013733,1.7780429124832153,0.3257877230644226,0.0,0.32758161425590515,0.32758161425590515,0.3692358136177063,0.3692358136177063,0.2242991328239441,0.7957655787467957,0.9814716577529907,0.0,0.1449366807937622,0.1449366807937622,0.24130947887897491,0.24130947887897491,-0.05439101532101631,1.9771943092346191,0.07684644311666489,0.0,0.2957004941999912,0.2957004941999912
230,7.666666666666667,14,0,0,,4,uneven rough,5,0.0,55.40935134887695,38.320091247558594,0.2209329754114151,1.322636604309082,-0.6952053904533386,1.322636604309082,-0.6952053904533386,2.080024242401123,2.9675278663635254,0.3333333432674408,0.12343164533376694,0.15735659003257751,0.661318302154541,-0.3476026952266693,0.6012958288192749,0.09636494517326355,0.6217638254165649,0.048388831317424774,-0.3528493642807007,-0.5804312229156494,0.42090708017349243,0.42090708017349243,0.3154532313346863,1.862593412399292,-0.8351226449012756,0.0,0.10545384883880615,0.10545384883880615,0.048182472586631775,0.048182472586631775,0.0542059950530529,-0.2942312955856323,-0.24635984003543854,0.0,-0.006023522466421127,-0.006023522466421127,0.31088191270828247,0.31088191270828247,0.1500537246465683,-0.1834203451871872,-1.1002318859100342,0.0,0.16082818806171417,0.16082818806171417,0.03387217968702316,0.03387217968702316,0.349668949842453,-1.6288305521011353,-0.9970135688781738,0.0,-0.31579677015542984,-0.31579677015542984,-0.5645589828491211,-0.5645589828491211,-0.07505577057600021,-0.7246580123901367,-1.2809648513793945,0.0,-0.4895032122731209,-0.4895032122731209,-0.2902156114578247,-0.2902156114578247,-0.09992141276597977,-0.5819237232208252,-0.5059217810630798,0.0,-0.19029419869184494,-0.19029419869184494
230,7.666666666666667,24,0,0,,4,uneven rough,7,0.0,62.854095458984375,36.290077209472656,0.29312193393707275,1.7749285697937012,0.37774956226348877,1.7507073879241943,0.37774956226348877,9.073479652404785,1.0217170715332031,0.1666666716337204,-0.22687029838562012,0.06690721213817596,0.8874642848968506,0.18887478113174438,0.13555923104286194,-0.1258954256772995,0.03854681923985481,0.009886486455798149,0.3213438391685486,-0.3040160834789276,0.09489145874977112,0.09489145874977112,0.1080809161067009,0.40558183193206787,0.155288964509964,0.0,-0.013189457356929779,-0.013189457356929779,-0.20143269002437592,-0.20143269002437592,0.11120312660932541,0.5703306198120117,-0.22686158120632172,0.0,-0.3126358166337013,-0.3126358166337013,0.019273409619927406,0.019273409619927406,0.021815620362758636,1.2307263612747192,0.5587361454963684,0.0,-0.00254221074283123,-0.00254221074283123,0.006920540239661932,0.006920540239661932,0.016738396137952805,-0.26131707429885864,0.4226468801498413,0.0,-0.009817855898290873,-0.009817855898290873,0.1606719195842743,0.1606719195842743,0.14661921560764313,-1.635575532913208,0.5850545763969421,0.0,0.014052703976631165,0.014052703976631165,-0.1520080417394638,-0.1520080417394638,-0.032904885709285736,-1.8503276109695435,-0.5037851333618164,0.0,-0.11910315603017807,-0.11910315603017807
231,7.7,4,0,0,,4,uneven rough,5,0.0,55.304561614990234,37.526615142822266,0.22711992263793945,1.2569847106933594,1.092961311340332,1.2569847106933594,1.092961311340332,6.206772804260254,5.101474761962891,0.3333333432674408,-0.3479803502559662,0.21861398220062256,0.6284923553466797,0.546480655670166,0.4041454792022705,0.24660179018974304,0.33408650755882263,0.6360030174255371,0.2746933400630951,0.4080883860588074,0.2829018235206604,0.2829018235206604,0.27219003438949585,-1.4624608755111694,-0.6544848680496216,0.0,0.01071178913116455,0.01071178913116455,0.12330089509487152,0.12330089509487152,0.15328353643417358,-0.4671619236469269,1.40019953250885,0.0,-0.029982641339302063,-0.029982641339302063,0.16704325377941132,0.16704325377941132,0.1373472958803177,1.6124050617218018,-1.2942265272140503,0.0,0.029695957899093628,0.029695957899093628,0.445202112197876,0.445202112197876,0.31993749737739563,1.5892258882522583,1.146895408630371,0.0,0.12526461482048035,0.12526461482048035,0.13734667003154755,0.13734667003154755,0.1568828672170639,-1.9964593648910522,0.8764731287956238,0.0,-0.019536197185516357,-0.019536197185516357,0.2040441930294037,0.2040441930294037,-0.03434773162007332,0.8333790898323059,1.1513065099716187,0.0,0.238391924649477,0.238391924649477
231,7.7,14,0,0,,4,uneven rough,5,0.0,55.3780403137207,38.341705322265625,0.21108092367649078,1.140464425086975,-0.42179587483406067,1.140464425086975,-0.42179587483406067,1.1712374687194824,1.854261875152588,0.3333333432674408,-0.022651365026831627,0.06831532716751099,0.5702322125434875,-0.21089793741703033,0.2728896141052246,0.03273559361696243,0.6000077724456787,0.26958876848220825,0.5371156930923462,-0.7436058521270752,0.19102272391319275,0.19102272391319275,0.30367904901504517,-1.8080581426620483,0.6901708245277405,0.0,-0.11265632510185242,-0.11265632510185242,0.016367796808481216,0.016367796808481216,0.03542431443929672,-1.7092217206954956,-0.27342644333839417,0.0,-0.019056517630815506,-0.019056517630815506,0.30000388622283936,0.30000388622283936,0.19364827871322632,1.7546311616897583,-0.5818650126457214,0.0,0.10635560750961304,0.10635560750961304,0.18871213495731354,0.18871213495731354,0.293886661529541,-1.8691803216934204,-1.3542439937591553,0.0,-0.10517452657222748,-0.10517452657222748,0.2685578465461731,0.2685578465461731,-0.01334101427346468,2.028559923171997,-0.9664279818534851,0.0,0.2818988608196378,0.2818988608196378,-0.3718029260635376,-0.3718029260635376,-0.10181600600481033,0.3842284083366394,-0.548893392086029,0.0,-0.26998692005872726,-0.26998692005872726
231,7.7,24,0,0,,4,uneven rough,7,0.0,62.920108795166016,36.28411865234375,0.2864936590194702,1.9198087453842163,0.08413813263177872,1.6751468181610107,0.08413813263177872,8.786283493041992,1.3594756126403809,0.3333333432674408,0.017089148983359337,0.09644536674022675,0.9599043726921082,0.04206906631588936,-0.17621707916259766,0.10826792567968369,0.1597648561000824,0.38044869899749756,0.12052089720964432,-0.3368024230003357,-0.12335195392370224,-0.12335195392370224,0.047568097710609436,-1.4012354612350464,0.2968049943447113,0.0,-0.17092005163431168,-0.17092005163431168,0.05413396283984184,0.05413396283984184,0.05352192372083664,-1.878612995147705,0.2238723188638687,0.0,0.0006120391190052032,0.0006120391190052032,0.0798824280500412,0.0798824280500412,0.018417933955788612,0.44939297437667847,0.9386806488037109,0.0,0.061464494094252586,0.061464494094252586,0.2663140892982483,0.2663140892982483,0.07248988747596741,1.3291187286376953,0.03593243658542633,0.0,0.19382420182228088,0.19382420182228088,0.06026044860482216,0.06026044860482216,0.09662278741598129,-0.46803349256515503,-0.6704936623573303,0.0,-0.036362338811159134,-0.036362338811159134,-0.16840121150016785,-0.16840121150016785,-0.034702058881521225,0.37638989090919495,-1.265122652053833,0.0,-0.13369915261864662,-0.13369915261864662
232,7.733333333333333,4,0,0,,4,uneven rough,5,0.0,55.28322982788086,37.55309295654297,0.23405373096466064,1.4645075798034668,0.6589575409889221,1.4645075798034668,0.6589575409889221,7.628964424133301,5.519380569458008,0.3333333432674408,-0.4464876651763916,0.15358293056488037,0.7322537899017334,0.32947877049446106,0.23866529762744904,0.33611685037612915,0.4398421049118042,0.5975198149681091,-0.139243945479393,0.13599267601966858,0.16706570982933044,0.16706570982933044,0.2063629925251007,-1.9258558750152588,-1.1113159656524658,0.0,-0.039297282695770264,-0.039297282695770264,0.16805842518806458,0.16805842518806458,0.16559116542339325,0.3580268621444702,0.34439000487327576,0.0,0.0024672597646713257,0.0024672597646713257,0.2199210524559021,0.2199210524559021,0.1786060631275177,0.7636732459068298,0.3491881787776947,0.0,0.0413149893283844,0.0413149893283844,0.41826385259628296,0.41826385259628296,0.382548063993454,1.8281033039093018,1.3969898223876953,0.0,0.03571578860282898,0.03571578860282898,-0.22279031574726105,-0.22279031574726105,0.09616925567388535,-1.707022786140442,-0.7478880882263184,0.0,-0.3189595714211464,-0.3189595714211464,0.06799633800983429,0.06799633800983429,-0.0010557925561442971,0.1473017930984497,0.9715497493743896,0.0,0.06905213056597859,0.06905213056597859
232,7.733333333333333,14,0,0,,4,uneven rough,5,0.0,55.34551239013672,38.36470413208008,0.20626424252986908,1.360996961593628,0.5252512097358704,1.360996961593628,0.5252512097358704,2.6079394817352295,1.1352509260177612,0.3333333432674408,-0.2191668450832367,0.22692632675170898,0.680498480796814,0.2626256048679352,0.946804404258728,0.26827916502952576,0.1972467601299286,0.30487459897994995,0.2975590229034424,-0.17433986067771912,0.6627630591392517,0.6627630591392517,0.3313181400299072,1.4993183612823486,-0.7223322987556458,0.0,0.3314449191093445,0.3314449191093445,0.13413958251476288,0.13413958251476288,0.09256791323423386,2.0000295639038086,-1.0852277278900146,0.0,0.04157166928052902,0.04157166928052902,0.0986233800649643,0.0986233800649643,0.1503828465938568,-1.9875940084457397,0.7391940951347351,0.0,-0.05175946652889252,-0.05175946652889252,0.21341221034526825,0.21341221034526825,0.22031940519809723,-1.9481806755065918,-1.6453899145126343,0.0,-0.0069071948528289795,-0.0069071948528289795,0.1487795114517212,0.1487795114517212,0.04888720065355301,1.6503435373306274,0.7269435524940491,0.0,0.09989231079816818,0.09989231079816818,-0.08716993033885956,-0.08716993033885956,-0.08303344249725342,1.522825837135315,-0.021304653957486153,0.0,-0.00413648784160614,-0.00413648784160614
232,7.733333333333333,24,0,0,,4,uneven rough,7,0.0,62.990169525146484,36.278594970703125,0.29562199115753174,1.9148426055908203,-0.8123243451118469,1.77544105052948,-0.8123243451118469,9.976149559020996,4.259478569030762,0.5,-0.20190303027629852,0.035447120666503906,0.9574213027954102,-0.40616217255592346,0.13899123668670654,0.5549103617668152,-0.1923176646232605,-0.13521507382392883,-0.03670007362961769,0.3213488757610321,0.09729386121034622,0.09729386121034622,0.09822386503219604,1.4778099060058594,-0.663270115852356,0.0,-0.000930003821849823,-0.000930003821849823,0.2774551808834076,0.2774551808834076,0.08070199936628342,1.045167326927185,-0.964876651763916,0.0,0.19675318151712418,0.19675318151712418,-0.09615883231163025,-0.09615883231163025,-0.01658240146934986,-0.8438041806221008,0.6620365381240845,0.0,-0.07957643084228039,-0.07957643084228039,-0.09465055167675018,-0.09465055167675018,0.015199403278529644,-1.6331603527069092,0.7671023011207581,0.0,-0.10984995495527983,-0.10984995495527983,-0.058720119297504425,-0.058720119297504425,0.050401538610458374,-1.989351749420166,-0.5560222864151001,0.0,-0.1091216579079628,-0.1091216579079628,0.16067443788051605,0.16067443788051605,-0.014220784418284893,-0.04493020474910736,-0.337008535861969,0.0,0.17489522229880095,0.17489522229880095
233,7.766666666666667,4,0,0,,4,uneven rough,5,0.0,55.25774383544922,37.58013153076172,0.25016793608665466,1.4635149240493774,1.0191209316253662,1.4635149240493774,1.0191209316253662,8.243671417236328,6.1079840660095215,0.5,-0.2964279353618622,0.109097920358181,0.7317574620246887,0.5095604658126831,0.3211230933666229,0.47845396399497986,0.11278961598873138,0.5467084646224976,-0.1799403578042984,0.1046653464436531,0.2247861623764038,0.2247861623764038,0.216732919216156,0.9154340028762817,-1.571858286857605,0.0,0.008053243160247803,0.008053243160247803,0.23922698199748993,0.23922698199748993,0.22094199061393738,1.503747582435608,0.35210031270980835,0.0,0.01828499138355255,0.01828499138355255,0.05639480799436569,0.05639480799436569,0.11997786909341812,-1.9995628595352173,0.5835387706756592,0.0,-0.06358306109905243,-0.06358306109905243,0.38269591331481934,0.38269591331481934,0.38150155544281006,-0.5650098919868469,1.6407421827316284,0.0,0.0011943578720092773,0.0011943578720092773,-0.2879045903682709,-0.2879045903682709,0.045765187591314316,-1.873884916305542,-1.2901846170425415,0.0,-0.3336697779595852,-0.3336697779595852,0.05233267322182655,0.05233267322182655,0.020170047879219055,1.5556061267852783,0.5055184960365295,0.0,0.0321626253426075,0.0321626253426075
233,7.766666666666667,14,0,0,,4,uneven rough,5,0.0,55.3216438293457,38.39386749267578,0.2052779197692871,1.3310065269470215,0.9005236029624939,1.3310065269470215,0.9005236029624939,6.687160015106201,2.156240940093994,0.1666666716337204,-0.15994276106357574,0.15907488763332367,0.6655032634735107,0.45026180148124695,0.6229171752929688,0.5003805756568909,0.054782167077064514,0.5232775211334229,0.3163090944290161,-0.24234235286712646,0.43604201078414917,0.43604201078414917,0.38041648268699646,1.5268982648849487,0.5337929725646973,0.0,0.05562552809715271,0.05562552809715271,0.25019028782844543,0.25019028782844543,0.1598721444606781,2.000028133392334,0.6591822504997253,0.0,0.09031814336776733,0.09031814336776733,0.027391083538532257,0.027391083538532257,0.0881323292851448,-1.9298155307769775,-0.8025367856025696,0.0,-0.06074124574661255,-0.06074124574661255,0.366294264793396,0.366294264793396,0.22205676138401031,1.3903121948242188,-1.816588282585144,0.0,0.14423750340938568,0.14423750340938568,0.15815454721450806,0.15815454721450806,0.10758959501981735,1.8010860681533813,1.2490355968475342,0.0,0.050564952194690704,0.050564952194690704,-0.12117117643356323,-0.12117117643356323,-0.060963280498981476,-0.11698132753372192,0.8517494797706604,0.0,-0.06020789593458176,-0.06020789593458176
233,7.766666666666667,24,0,0,,4,uneven rough,7,0.0,63.0591926574707,36.272090911865234,0.2911425530910492,1.7804423570632935,-0.10609739273786545,1.7804423570632935,-0.10609739273786545,8.460999488830566,1.8272953033447266,0.3333333432674408,-0.06901928037405014,0.05621735006570816,0.8902211785316467,-0.053048696368932724,-0.10789686441421509,0.12947335839271545,0.2681659460067749,0.20645128190517426,0.508112907409668,-0.0432208888232708,-0.07552780210971832,-0.07552780210971832,0.03570782020688057,-2.000001907348633,0.547300398349762,0.0,-0.11123562231659889,-0.11123562231659889,0.06473667919635773,0.06473667919635773,0.09215345978736877,-1.2399672269821167,0.17160581052303314,0.0,-0.027416780591011047,-0.027416780591011047,0.13408297300338745,0.13408297300338745,0.045828599482774734,2.0,-0.18936848640441895,0.0,0.08825437352061272,0.08825437352061272,0.14451590180397034,0.14451590180397034,0.07681844383478165,1.9983232021331787,-0.5900105237960815,0.0,0.06769745796918869,0.06769745796918869,0.254056453704834,0.254056453704834,0.0766010656952858,0.9340963363647461,-1.366429328918457,0.0,0.1774553880095482,0.1774553880095482,-0.0216104444116354,-0.0216104444116354,-0.0132471127435565,-0.5894567370414734,-0.17186692357063293,0.0,-0.0083633316680789,-0.0083633316680789
234,7.8,4,0,0,,4,uneven rough,5,0.0,55.22599792480469,37.60076141357422,0.2614108622074127,1.499953031539917,1.0461665391921997,1.499953031539917,1.0461665391921997,5.914224147796631,0.4343632161617279,0.1666666716337204,-0.003982613794505596,0.19590583443641663,0.7499765157699585,0.5230832695960999,-0.2882854640483856,0.6467908024787903,0.5594400763511658,0.3452168405056,-0.02956666797399521,-0.11259593069553375,-0.20179982483386993,-0.20179982483386993,0.1909298300743103,-0.7209941148757935,-0.16553878784179688,0.0,-0.39272965490818024,-0.39272965490818024,0.32339540123939514,0.32339540123939514,0.28714028000831604,0.7450947761535645,1.0032438039779663,0.0,0.0362551212310791,0.0362551212310791,0.2797200381755829,0.2797200381755829,0.15311120450496674,-0.8678789138793945,-0.8769515156745911,0.0,0.12660883367061615,0.12660883367061615,0.24165178835391998,0.24165178835391998,0.3359028100967407,-1.9987865686416626,0.3936059772968292,0.0,-0.09425102174282074,-0.09425102174282074,-0.047306668013334274,-0.047306668013334274,-0.016738848760724068,-2.0024919509887695,-1.620209813117981,0.0,-0.030567819252610207,-0.030567819252610207,-0.056297965347766876,-0.056297965347766876,0.001804620143957436,0.7039744257926941,1.0992399454116821,0.0,-0.05810258549172431,-0.05810258549172431
234,7.8,14,0,0,,4,uneven rough,5,0.0,55.30107498168945,38.418827056884766,0.19346541166305542,1.6332008838653564,1.063399076461792,1.6332008838653564,1.063399076461792,6.925127983093262,1.8773274421691895,0.3333333432674408,0.059449076652526855,0.12848171591758728,0.8166004419326782,0.531699538230896,0.15511101484298706,0.2195308953523636,0.1366940289735794,0.6874003410339355,0.35463666915893555,0.2005709558725357,0.10857770591974258,0.10857770591974258,0.3375104069709778,-0.8531262874603271,1.0952965021133423,0.0,-0.2289327010512352,-0.2289327010512352,0.1097654476761818,0.1097654476761818,0.13309356570243835,1.0539653301239014,1.4172989130020142,0.0,-0.02332811802625656,-0.02332811802625656,0.0683470144867897,0.0683470144867897,0.05092500150203705,-1.987810730934143,-1.4399021863937378,0.0,0.017422012984752655,0.017422012984752655,0.48118022084236145,0.48118022084236145,0.2915193438529968,0.8609442710876465,-0.003400983987376094,0.0,0.18966087698936462,0.18966087698936462,0.17731833457946777,0.17731833457946777,0.15727974474430084,-0.3021780848503113,1.5611659288406372,0.0,0.02003858983516693,0.02003858983516693,0.10028547793626785,0.10028547793626785,-0.004795114975422621,-0.4641532003879547,0.30402734875679016,0.0,0.10508059291169047,0.10508059291169047
234,7.8,24,0,0,,4,uneven rough,7,0.0,63.128787994384766,36.26248550415039,0.28480032086372375,1.6727560758590698,0.6718911528587341,1.5590640306472778,0.6718911528587341,8.218393325805664,0.0,0.0,-0.049994390457868576,0.06313138455152512,0.8363780379295349,0.33594557642936707,0.18676142394542694,0.285420298576355,-0.4438866078853607,0.15239249169826508,-0.014954197220504284,0.6037558317184448,0.13073299825191498,0.13073299825191498,0.07480330020189285,1.993239402770996,-0.8929488658905029,0.0,0.055929698050022125,0.055929698050022125,0.1427101492881775,0.1427101492881775,0.10684619098901749,1.9675965309143066,-0.626500129699707,0.0,0.035863958299160004,0.035863958299160004,-0.22194330394268036,-0.22194330394268036,-0.0008739186450839043,-1.9999324083328247,1.04850435256958,0.0,-0.22106938529759645,-0.22106938529759645,0.10667474567890167,0.10667474567890167,0.08215263485908508,-0.008067386224865913,0.8734380006790161,0.0,0.02452211081981659,0.02452211081981659,-0.023926716297864914,-0.023926716297864914,0.03282032161951065,-1.840047836303711,-0.06570801138877869,0.0,-0.056747037917375565,-0.056747037917375565,0.3018779158592224,0.3018779158592224,0.023718401789665222,0.6998722553253174,-0.40797296166419983,0.0,0.2781595140695572,0.2781595140695572
235,7.833333333333333,4,0,0,,4,uneven rough,5,0.0,55.186405181884766,37.61907958984375,0.2574652433395386,1.6270235776901245,0.7868587970733643,1.6270235776901245,0.7868587970733643,4.233747482299805,4.184178352355957,0.3333333432674408,0.030125528573989868,0.16610006988048553,0.8135117888450623,0.39342939853668213,0.20406660437583923,0.5149458050727844,0.4532880485057831,0.26002198457717896,0.27384746074676514,-0.38209280371665955,0.14284661412239075,0.14284661412239075,0.15395419299602509,-1.1248520612716675,-0.47959423065185547,0.0,-0.011107578873634338,-0.011107578873634338,0.2574729025363922,0.2574729025363922,0.2837579548358917,-1.4626903533935547,0.8572858572006226,0.0,-0.02628505229949951,-0.02628505229949951,0.22664402425289154,0.22664402425289154,0.18464305996894836,1.556939721107483,-0.8718218207359314,0.0,0.042000964283943176,0.042000964283943176,0.18201538920402527,0.18201538920402527,0.2719554007053375,-1.9562216997146606,-0.9590570330619812,0.0,-0.08994001150131226,-0.08994001150131226,0.13692373037338257,0.13692373037338257,0.032178398221731186,1.889460802078247,-1.836352825164795,0.0,0.10474533215165138,0.10474533215165138,-0.19104640185832977,-0.19104640185832977,0.0056964014656841755,-0.4011068046092987,0.8757560849189758,0.0,-0.19674280332401395,-0.19674280332401395
235,7.833333333333333,14,0,0,,4,uneven rough,5,0.0,55.275177001953125,38.437252044677734,0.1983083337545395,1.7061848640441895,0.6722115874290466,1.7061848640441895,0.6722115874290466,8.505803108215332,2.7620887756347656,0.19715234637260437,-0.03282428905367851,0.0751781016588211,0.8530924320220947,0.3361057937145233,0.1818406581878662,0.2663857638835907,0.5239754915237427,0.5513548254966736,0.12259642034769058,0.3715473413467407,0.12728846073150635,0.12728846073150635,0.27327588200569153,-1.965052604675293,-0.006345233414322138,0.0,-0.14598742127418518,-0.14598742127418518,0.13319288194179535,0.13319288194179535,0.16795699298381805,0.6687157154083252,1.211869478225708,0.0,-0.034764111042022705,-0.034764111042022705,0.26198774576187134,0.26198774576187134,0.09657090157270432,1.8835105895996094,-1.7496906518936157,0.0,0.16541684418916702,0.16541684418916702,0.3859483599662781,0.3859483599662781,0.35527828335762024,2.001934289932251,0.4853013753890991,0.0,0.030670076608657837,0.030670076608657837,0.06129821017384529,0.06129821017384529,0.08483634889125824,-2.017286539077759,0.5076279044151306,0.0,-0.02353813871741295,-0.02353813871741295,0.18577367067337036,0.18577367067337036,0.053238458931446075,-0.791087806224823,-0.1303033083677292,0.0,0.13253521174192429,0.13253521174192429
235,7.833333333333333,24,0,0,,4,uneven rough,7,0.0,63.20283126831055,36.25690460205078,0.2737426161766052,1.653772234916687,0.4518512487411499,1.653772234916687,0.4518512487411499,8.738348960876465,0.2898818254470825,0.1666666716337204,0.1558215320110321,0.12043258547782898,0.8268861174583435,0.22592562437057495,-0.5841848850250244,0.5046805143356323,-0.07583732157945633,0.18617691099643707,0.138887420296669,0.14600206911563873,-0.40892940759658813,-0.40892940759658813,0.03043796680867672,-0.6320139169692993,0.7389071583747864,0.0,-0.43936737440526485,-0.43936737440526485,0.25234025716781616,0.25234025716781616,0.1734074503183365,2.1676571369171143,0.8402067422866821,0.0,0.07893280684947968,0.07893280684947968,-0.037918660789728165,-0.037918660789728165,0.0149895204231143,1.0336822271347046,-0.6750872731208801,0.0,-0.052908181212842464,-0.052908181212842464,0.1303238421678543,0.1303238421678543,0.13960790634155273,0.5370093584060669,0.37503328919410706,0.0,-0.009284064173698425,-0.009284064173698425,0.0694437101483345,0.0694437101483345,0.06677543371915817,2.3000075817108154,-1.0689228773117065,0.0,0.0026682764291763306,0.0026682764291763306,0.07300103455781937,0.07300103455781937,0.028368376195430756,-1.5414073467254639,0.21840471029281616,0.0,0.04463265836238861,0.04463265836238861
236,7.866666666666666,4,0,0,,4,uneven rough,5,0.0,55.15317916870117,37.642555236816406,0.24203142523765564,1.4940118789672852,0.5704149603843689,1.4940118789672852,0.5704149603843689,3.7289187908172607,4.324751853942871,0.3333333432674408,0.19270607829093933,0.15558570623397827,0.7470059394836426,0.28520748019218445,0.9035110473632812,0.14735475182533264,0.14640207588672638,0.3666972517967224,0.13086186349391937,0.17490896582603455,0.6324577331542969,0.6324577331542969,0.18602050840854645,1.179956078529358,-0.8444241881370544,0.0,0.4464372247457504,0.4464372247457504,0.07367737591266632,0.07367737591266632,0.217828169465065,-1.8471360206604004,-0.4544328451156616,0.0,-0.14415079355239868,-0.14415079355239868,0.07320103794336319,0.07320103794336319,0.14258643984794617,-2.000000238418579,0.5014042854309082,0.0,-0.06938540190458298,-0.06938540190458298,0.25668805837631226,0.25668805837631226,0.2179705798625946,-0.26127889752388,-1.5228557586669922,0.0,0.03871747851371765,0.03871747851371765,0.06543093174695969,0.06543093174695969,0.05386912450194359,0.5403207540512085,0.27022892236709595,0.0,0.011561807245016098,0.011561807245016098,0.08745448291301727,0.08745448291301727,0.06201047822833061,2.0000088214874268,0.15381552278995514,0.0,0.02544400468468666,0.02544400468468666
236,7.866666666666666,14,0,0,,4,uneven rough,5,0.0,55.248958587646484,38.4547004699707,0.20000749826431274,1.716639757156372,0.3772350251674652,1.716639757156372,0.3772350251674652,7.854323387145996,6.1310014724731445,0.3333333432674408,-0.002527579665184021,0.08737365901470184,0.858319878578186,0.1886175125837326,0.31277719140052795,0.12072374671697617,0.2556594908237457,0.5523221492767334,-0.10358420759439468,0.13466346263885498,0.2189440280199051,0.2189440280199051,0.226230189204216,-0.7963625192642212,-1.1138018369674683,0.0,-0.007286161184310913,-0.007286161184310913,0.06036187335848808,0.06036187335848808,0.12735702097415924,-1.344380497932434,0.9047693610191345,0.0,-0.06699514761567116,-0.06699514761567116,0.12782974541187286,0.12782974541187286,0.12211327254772186,-0.8663119077682495,0.3045278787612915,0.0,0.005716472864151001,0.005716472864151001,0.3866254985332489,0.3866254985332489,0.3939721882343292,0.2701317369937897,1.3428083658218384,0.0,-0.007346689701080322,-0.007346689701080322,-0.16573473811149597,-0.16573473811149597,-0.005268414970487356,-1.9973129034042358,-0.9199632406234741,0.0,-0.16046632314100862,-0.16046632314100862,0.06733173131942749,0.06733173131942749,0.046952202916145325,0.35342881083488464,-0.5039120316505432,0.0,0.020379528403282166,0.020379528403282166
236,7.866666666666666,24,0,0,,4,uneven rough,7,0.0,63.27301025390625,36.251163482666016,0.2612186670303345,1.9114975929260254,-0.27260622382164,1.7773170471191406,-0.27260622382164,8.596885681152344,1.527869462966919,0.3333333432674408,0.46894821524620056,0.13307327032089233,0.9557487964630127,-0.13630311191082,0.18510876595973969,0.37680691480636597,-0.16134053468704224,-0.5152982473373413,0.42723390460014343,-0.20217685401439667,0.12957613170146942,0.12957613170146942,0.09414937347173691,1.9654335975646973,-0.036214087158441544,0.0,0.03542675822973251,0.03542675822973251,0.18840345740318298,0.18840345740318298,0.18143323063850403,-0.7544167041778564,1.5907495021820068,0.0,0.006970226764678955,0.006970226764678955,-0.08067026734352112,-0.08067026734352112,-0.03242029994726181,-1.6453092098236084,0.2910540699958801,0.0,-0.04824996739625931,-0.04824996739625931,-0.3607087731361389,-0.3607087731361389,0.07524958997964859,-2.001943826675415,0.46661484241485596,0.0,-0.4359583631157875,-0.4359583631157875,0.21361695230007172,0.21361695230007172,0.1330999732017517,2.0005338191986084,0.83587646484375,0.0,0.08051697909832001,0.08051697909832001,-0.10108842700719833,-0.10108842700719833,-0.043170519173145294,-1.7329106330871582,-0.776596188545227,0.0,-0.05791790783405304,-0.05791790783405304
237,7.8999999999999995,4,0,0,,4,uneven rough,5,0.0,55.12220764160156,37.67351150512695,0.22422221302986145,1.39175283908844,1.0429446697235107,1.39175283908844,1.0429446697235107,7.194190502166748,0.0,0.0,0.4798603057861328,0.16442391276359558,0.69587641954422,0.5214723348617554,0.286327600479126,0.43878665566444397,0.3448253273963928,0.6108769178390503,0.25766775012016296,0.3502846658229828,0.20042932033538818,0.20042932033538818,0.19775138795375824,0.3290138840675354,0.30016404390335083,0.0,0.002677932381629944,0.002677932381629944,0.21939332783222198,0.21939332783222198,0.2335483431816101,0.807678759098053,-1.2418696880340576,0.0,-0.014155015349388123,-0.014155015349388123,0.1724126636981964,0.1724126636981964,0.12254875898361206,-1.2186790704727173,-0.9128943085670471,0.0,0.04986390471458435,0.04986390471458435,0.4276138246059418,0.4276138246059418,0.2737942337989807,1.9666640758514404,-0.8095579147338867,0.0,0.15381959080696106,0.15381959080696106,0.12883387506008148,0.12883387506008148,0.10720894485712051,0.6744980216026306,0.42293933033943176,0.0,0.021624930202960968,0.021624930202960968,0.1751423329114914,0.1751423329114914,0.11764159798622131,2.004664182662964,1.197656512260437,0.0,0.05750073492527008,0.05750073492527008
237,7.8999999999999995,14,0,0,,4,uneven rough,5,0.0,55.20995330810547,38.466182708740234,0.21018655598163605,1.5149043798446655,0.3931938707828522,1.5149043798446655,0.3931938707828522,7.481156826019287,3.211637258529663,0.3333333432674408,0.02116858959197998,0.06844641268253326,0.7574521899223328,0.1965969353914261,0.010817785747349262,0.37457945942878723,0.6144713163375854,0.3487918972969055,-0.05989004671573639,-0.05347830057144165,0.007572449743747711,0.007572449743747711,0.17173385620117188,-1.9509351253509521,-0.9343211054801941,0.0,-0.16416140645742416,-0.16416140645742416,0.18728972971439362,0.18728972971439362,0.16583110392093658,1.3648717403411865,-0.36690399050712585,0.0,0.02145862579345703,0.02145862579345703,0.3072356581687927,0.3072356581687927,0.10748685151338577,-0.8558169007301331,-0.35746702551841736,0.0,0.19974880665540695,0.19974880665540695,0.24415431916713715,0.24415431916713715,0.3515394330024719,-1.9310327768325806,0.7363150715827942,0.0,-0.10738511383533478,-0.10738511383533478,-0.09582407772541046,-0.09582407772541046,-0.043192703276872635,-1.7544729709625244,-1.529098629951477,0.0,-0.05263137444853783,-0.05263137444853783,-0.026739150285720825,-0.026739150285720825,0.02046462520956993,-0.9205012321472168,-0.01916998252272606,0.0,-0.047203775495290756,-0.047203775495290756
237,7.8999999999999995,24,0,0,,4,uneven rough,7,0.0,63.343257904052734,36.24359893798828,0.257548063993454,1.8104501962661743,0.4418821930885315,1.7228273153305054,0.4418821930885315,6.585204601287842,6.6666669845581055,0.3333333432674408,0.7784594893455505,0.20970997214317322,0.9052250981330872,0.22094109654426575,0.3999286890029907,0.447037935256958,-0.09589909017086029,0.06067965179681778,0.12022630125284195,-0.4362073242664337,0.2799500823020935,0.2799500823020935,0.158109650015831,1.7650662660598755,1.095521092414856,0.0,0.12184043228626251,0.12184043228626251,0.223518967628479,0.223518967628479,0.17326116561889648,1.4198839664459229,0.26478829979896545,0.0,0.05025780200958252,0.05025780200958252,-0.047949545085430145,-0.047949545085430145,-0.04728841409087181,-0.24260787665843964,-0.8037691712379456,0.0,-0.0006611309945583344,-0.0006611309945583344,0.042475756257772446,0.042475756257772446,0.03641895577311516,-0.25307363271713257,-0.9291126728057861,0.0,0.006056800484657288,0.006056800484657288,0.060113150626420975,0.060113150626420975,0.11122002452611923,-1.229578971862793,1.4943758249282837,0.0,-0.05110687389969826,-0.05110687389969826,-0.21810366213321686,-0.21810366213321686,-0.10849466919898987,-1.7905160188674927,-1.3172980546951294,0.0,-0.10960899293422699,-0.10960899293422699
238,7.933333333333334,4,0,0,,4,uneven rough,5,0.0,55.09091567993164,37.6976432800293,0.21140071749687195,1.7252016067504883,1.0220948457717896,1.7252016067504883,1.0220948457717896,6.862593650817871,2.7109792232513428,0.3333333432674408,0.6172521114349365,0.19617295265197754,0.8626008033752441,0.5110474228858948,-0.14988012611865997,0.26737111806869507,0.069794662296772,0.7202823162078857,0.6088511943817139,0.2861795127391815,-0.10491608828306198,-0.10491608828306198,0.15127702057361603,-1.7246508598327637,0.3164758086204529,0.0,-0.256193108856678,-0.256193108856678,0.13368555903434753,0.13368555903434753,0.1811157613992691,-1.227697730064392,-0.08305131644010544,0.0,-0.04743020236492157,-0.04743020236492157,0.034897331148386,0.034897331148386,0.05888441577553749,0.18336592614650726,-1.0857855081558228,0.0,-0.02398708462715149,-0.02398708462715149,0.5041975975036621,0.5041975975036621,0.3436981439590454,1.8144711256027222,0.7601229548454285,0.0,0.1604994535446167,0.1604994535446167,0.30442559719085693,0.30442559719085693,0.14465390145778656,1.995194911956787,0.5651710629463196,0.0,0.15977169573307037,0.15977169573307037,0.14308975636959076,0.14308975636959076,0.08841317892074585,1.999336838722229,1.6539400815963745,0.0,0.05467657744884491,0.05467657744884491
238,7.933333333333334,14,0,0,,4,uneven rough,5,0.0,55.175086975097656,38.48283004760742,0.20843911170959473,1.6459341049194336,0.5911872386932373,1.6459341049194336,0.5911872386932373,4.89112663269043,2.886273145675659,0.3333333432674408,0.14484620094299316,0.1641722470521927,0.8229670524597168,0.29559361934661865,0.6159340143203735,0.007566445507109165,0.16496296226978302,-0.20575107634067535,-0.016969600692391396,-0.6572318077087402,0.431153804063797,0.431153804063797,0.1968754380941391,1.306293249130249,-1.509116530418396,0.0,0.2342783659696579,0.2342783659696579,0.0037832227535545826,0.0037832227535545826,0.12270163744688034,-0.5653970837593079,0.6122450828552246,0.0,-0.11891841469332576,-0.11891841469332576,0.08248148113489151,0.08248148113489151,0.08173526078462601,0.6660626530647278,-0.6392349600791931,0.0,0.0007462203502655029,0.0007462203502655029,-0.1440257579088211,-0.1440257579088211,0.2852834165096283,-0.900622546672821,-0.7718082070350647,0.0,-0.4293091744184494,-0.4293091744184494,-0.027151361107826233,-0.027151361107826233,-0.06280647963285446,1.5399960279464722,-1.656525731086731,0.0,0.03565511852502823,0.03565511852502823,-0.3286159038543701,-0.3286159038543701,-0.011236950755119324,0.5730636119842529,-0.5287842750549316,0.0,-0.3173789530992508,-0.3173789530992508
238,7.933333333333334,24,0,0,,4,uneven rough,7,0.0,63.41707992553711,36.236087799072266,0.25416797399520874,1.8405592441558838,-0.8134563565254211,1.6045089960098267,-0.8134563565254211,7.798465728759766,0.4394943118095398,0.1666666716337204,0.8972411155700684,0.20198564231395721,0.9202796220779419,-0.40672817826271057,-0.08821867406368256,0.47894489765167236,0.24802175164222717,0.09099069237709045,0.31309500336647034,-0.4311579167842865,-0.06175307184457779,-0.06175307184457779,0.10969961434602737,-1.5623513460159302,1.4740831851959229,0.0,-0.17145268619060516,-0.17145268619060516,0.23947244882583618,0.23947244882583618,0.2309717833995819,0.6922251582145691,0.9178814888000488,0.0,0.008500665426254272,0.008500665426254272,0.12401087582111359,0.12401087582111359,-0.006988998502492905,1.0740735530853271,-0.48648756742477417,0.0,0.1309998743236065,0.1309998743236065,0.06369348615407944,0.06369348615407944,0.08563446998596191,0.5656908750534058,-0.5468789935112,0.0,-0.021940983831882477,-0.021940983831882477,0.15654750168323517,0.15654750168323517,0.15876539051532745,1.0078470706939697,-0.0457531102001667,0.0,-0.002217888832092285,-0.002217888832092285,-0.21557895839214325,-0.21557895839214325,-0.15802010893821716,-1.961756706237793,-1.584856390953064,0.0,-0.057558849453926086,-0.057558849453926086
239,7.966666666666667,4,0,0,,4,uneven rough,5,0.0,55.05863952636719,37.724674224853516,0.22120708227157593,1.845321774482727,0.8529439568519592,1.845321774482727,0.8529439568519592,8.654470443725586,10.404426574707031,0.6666666865348816,0.22085949778556824,0.0796760767698288,0.9226608872413635,0.4264719784259796,0.3206290900707245,0.4091513454914093,-0.388118177652359,0.3079826533794403,0.25426599383354187,0.40593311190605164,0.22444036602973938,0.22444036602973938,0.20280304551124573,1.888485312461853,-0.8375808596611023,0.0,0.021637320518493652,0.021637320518493652,0.20457567274570465,0.20457567274570465,0.1730675846338272,0.1959356814622879,-0.7302364706993103,0.0,0.03150808811187744,0.03150808811187744,-0.1940590888261795,-0.1940590888261795,0.018011245876550674,-0.9116108417510986,-0.3682050108909607,0.0,-0.21207033470273018,-0.21207033470273018,0.21558785438537598,0.21558785438537598,0.2856667935848236,-1.992425799369812,1.3562532663345337,0.0,-0.07007893919944763,-0.07007893919944763,0.12713299691677094,0.12713299691677094,0.15726889669895172,-0.41156649589538574,1.3737090826034546,0.0,-0.030135899782180786,-0.030135899782180786,0.20296655595302582,0.20296655595302582,0.14115144312381744,1.3474717140197754,1.849228024482727,0.0,0.061815112829208374,0.061815112829208374
239,7.966666666666667,14,0,0,,4,uneven rough,5,0.0,55.140132904052734,38.50509262084961,0.20758718252182007,1.6601173877716064,0.7871156334877014,1.6601173877716064,0.7871156334877014,5.06272554397583,1.6146342754364014,0.3333333432674408,0.1920640915632248,0.07153963297605515,0.8300586938858032,0.3935578167438507,0.6839739680290222,0.13601987063884735,-0.38462555408477783,0.19726507365703583,0.37419724464416504,-0.4304472506046295,0.4787817597389221,0.4787817597389221,0.26261603832244873,1.9981356859207153,0.08272119611501694,0.0,0.2161657214164734,0.2161657214164734,0.06800993531942368,0.06800993531942368,0.10033899545669556,-1.609555721282959,-0.05359590798616409,0.0,-0.03232906013727188,-0.03232906013727188,-0.19231277704238892,-0.19231277704238892,0.038821153342723846,-0.06360510736703873,0.09878265112638474,0.0,-0.23113393038511276,-0.23113393038511276,0.13808554410934448,0.13808554410934448,0.2215462177991867,-1.9667350053787231,-0.8446400761604309,0.0,-0.08346067368984222,-0.08346067368984222,0.18709862232208252,0.18709862232208252,-0.03433666378259659,0.36303266882896423,0.15079337358474731,0.0,0.2214352861046791,0.2214352861046791,-0.21522362530231476,-0.21522362530231476,-0.03646453469991684,-0.5269839763641357,0.09420248866081238,0.0,-0.17875909060239792,-0.17875909060239792
239,7.966666666666667,24,0,0,,4,uneven rough,7,0.0,63.486900329589844,36.21891784667969,0.24366196990013123,1.8390203714370728,0.9639385342597961,1.7785780429840088,0.9639385342597961,8.688483238220215,1.9775551557540894,0.1666666716337204,0.911872386932373,0.18122777342796326,0.9195101857185364,0.48196926712989807,0.45416778326034546,0.4389929175376892,0.12087778747081757,0.18837369978427887,0.25507333874702454,-0.014223985373973846,0.31791743636131287,0.31791743636131287,0.15017211437225342,1.3492435216903687,-0.24272237718105316,0.0,0.16774532198905945,0.16774532198905945,0.2194964587688446,0.2194964587688446,0.19562608003616333,-0.33791202306747437,0.7902950048446655,0.0,0.023870378732681274,0.023870378732681274,0.06043889373540878,0.06043889373540878,0.05817364901304245,1.4737075567245483,0.39585646986961365,0.0,0.002265244722366333,0.002265244722366333,0.1318615823984146,0.1318615823984146,0.0919598788022995,1.7681076526641846,0.08217000961303711,0.0,0.03990170359611511,0.03990170359611511,0.12753666937351227,0.12753666937351227,0.1444883495569229,0.3795161545276642,0.5499542951583862,0.0,-0.016951680183410645,-0.016951680183410645,-0.007111992686986923,-0.007111992686986923,-0.1264442652463913,-1.1215660572052002,-1.7979564666748047,0.0,0.11933227255940437,0.11933227255940437
240,8.0,4,0,0,,4,uneven rough,5,0.0,55.02218246459961,37.748291015625,0.2277294397354126,1.7416476011276245,0.1509324610233307,1.7416476011276245,0.1509324610233307,4.487222671508789,5.292070388793945,0.3333333432674408,0.14668409526348114,0.0863143652677536,0.8708238005638123,0.07546623051166534,0.37152034044265747,0.2951522469520569,-0.14508254826068878,0.09216133505105972,0.4317448139190674,-0.3796059191226959,0.2600642442703247,0.2600642442703247,0.2628939151763916,1.4631390571594238,0.7037418484687805,0.0,-0.0028296709060668945,-0.0028296709060668945,0.14757612347602844,0.14757612347602844,0.173152357339859,-0.2681930661201477,-0.20657706260681152,0.0,-0.025576233863830566,-0.025576233863830566,-0.07254127413034439,-0.07254127413034439,-0.029138393700122833,-1.3094258308410645,-0.6754476428031921,0.0,-0.04340288043022156,-0.04340288043022156,0.06451293081045151,0.06451293081045151,0.2223755568265915,-1.5424463748931885,-0.537095844745636,0.0,-0.15786262601613998,-0.15786262601613998,0.2158724069595337,0.2158724069595337,0.17806214094161987,0.052237819880247116,0.3643110692501068,0.0,0.03781026601791382,0.03781026601791382,-0.18980295956134796,-0.18980295956134796,0.07674574851989746,-2.002751350402832,1.5655341148376465,0.0,-0.2665487080812454,-0.2665487080812454
240,8.0,14,0,0,,4,uneven rough,5,0.0,55.105133056640625,38.53000259399414,0.20387010276317596,1.6409666538238525,0.611855685710907,1.6409666538238525,0.611855685710907,2.1372222900390625,1.869472861289978,0.5,0.3098876476287842,0.07590891420841217,0.8204833269119263,0.3059278428554535,0.5859577059745789,-0.22789248824119568,0.4586373567581177,0.2613842785358429,0.20219990611076355,-0.12196604162454605,0.41017037630081177,0.41017037630081177,0.3298783600330353,1.7687901258468628,1.1656999588012695,0.0,0.08029201626777649,0.08029201626777649,-0.36462798714637756,-0.36462798714637756,0.07711604982614517,0.8856866955757141,-0.9333384037017822,0.0,-0.44174403697252274,-0.44174403697252274,0.22931867837905884,0.22931867837905884,0.08528142422437668,-0.44352614879608154,0.006968321278691292,0.0,0.14403725415468216,0.14403725415468216,0.18296898901462555,0.18296898901462555,0.17025353014469147,-0.8667468428611755,-1.4790745973587036,0.0,0.012715458869934082,0.012715458869934082,0.10109995305538177,0.10109995305538177,0.020798122510313988,1.85536789894104,0.2707938551902771,0.0,0.08030183054506779,0.08030183054506779,-0.060983020812273026,-0.060983020812273026,-0.053390733897686005,-1.8005588054656982,-0.25701746344566345,0.0,-0.007592286914587021,-0.007592286914587021
240,8.0,24,0,0,,4,uneven rough,7,0.0,63.55426025390625,36.20751190185547,0.22284814715385437,1.9019695520401,0.5278142690658569,1.7844489812850952,0.5278142690658569,9.50307846069336,2.1617820262908936,0.1666666716337204,0.40301451086997986,0.33430275321006775,0.95098477602005,0.26390713453292847,-0.5500584840774536,0.25597962737083435,-0.33373910188674927,0.05167922377586365,0.4233582317829132,0.20242513716220856,-0.38504093885421753,-0.38504093885421753,0.12944118678569794,-0.8694489598274231,0.6573780179023743,0.0,-0.5144821256399155,-0.5144821256399155,0.12798981368541718,0.12798981368541718,0.13449564576148987,-1.6350852251052856,0.15240474045276642,0.0,-0.006505832076072693,-0.006505832076072693,-0.16686955094337463,-0.16686955094337463,0.009745963849127293,-1.9309884309768677,1.0052753686904907,0.0,-0.17661551479250193,-0.17661551479250193,0.036175455898046494,0.036175455898046494,0.10245925933122635,-1.675710916519165,1.0354021787643433,0.0,-0.06628380343317986,-0.06628380343317986,0.2116791158914566,0.2116791158914566,0.190874382853508,2.000000238418579,0.4535882771015167,0.0,0.02080473303794861,0.02080473303794861,0.10121256858110428,0.10121256858110428,-0.09347296506166458,1.9914040565490723,-1.4155241250991821,0.0,0.19468553364276886,0.19468553364276886
241,8.033333333333333,4,0,0,,4,uneven rough,5,0.0,54.989253997802734,37.7735481262207,0.23452185094356537,1.7165403366088867,0.2854604423046112,1.7165403366088867,0.2854604423046112,4.4660844802856445,1.9132602214813232,0.5,0.019739370793104172,0.16259831190109253,0.8582701683044434,0.1427302211523056,0.556827187538147,0.033372487872838974,0.23123504221439362,0.20278169214725494,0.2535538673400879,-0.4753795564174652,0.3897790312767029,0.3897790312767029,0.329334020614624,1.9809173345565796,1.1331063508987427,0.0,0.06044501066207886,0.06044501066207886,0.016686243936419487,0.016686243936419487,0.10874171555042267,-1.9506480693817139,-0.2414148598909378,0.0,-0.09205547161400318,-0.09205547161400318,0.11561752110719681,0.11561752110719681,0.023573780432343483,1.9251514673233032,-1.0339000225067139,0.0,0.09204374067485332,0.09204374067485332,0.1419471800327301,0.1419471800327301,0.15616704523563385,-1.8381354808807373,-1.105522871017456,0.0,-0.014219865202903748,-0.014219865202903748,0.12677693367004395,0.12677693367004395,0.11573439836502075,-1.5913805961608887,0.187864288687706,0.0,0.011042535305023193,0.011042535305023193,-0.2376897782087326,-0.2376897782087326,0.02361302636563778,-0.6692320108413696,-0.4519808888435364,0.0,-0.2613028045743704,-0.2613028045743704
241,8.033333333333333,14,0,0,,4,uneven rough,5,0.0,55.07407760620117,38.556392669677734,0.20420752465724945,1.5393171310424805,0.3863295316696167,1.5393171310424805,0.3863295316696167,2.47507643699646,3.5268867015838623,0.5,0.26379626989364624,0.08191473037004471,0.7696585655212402,0.19316476583480835,0.5119408965110779,0.015149354003369808,0.3766901195049286,0.3574571907520294,0.2489892840385437,-0.3168887794017792,0.35835862159729004,0.35835862159729004,0.34419164061546326,0.31747323274612427,1.5066882371902466,0.0,0.014166980981826782,0.014166980981826782,0.007574677001684904,0.007574677001684904,0.04925420507788658,-1.3891887664794922,0.09514165669679642,0.0,-0.04167952807620168,-0.04167952807620168,0.1883450597524643,0.1883450597524643,0.10985918343067169,1.430140495300293,-0.24774205684661865,0.0,0.0784858763217926,0.0784858763217926,0.25022003054618835,0.25022003054618835,0.22186870872974396,1.746053695678711,-1.1328634023666382,0.0,0.028351321816444397,0.028351321816444397,0.12449464201927185,0.12449464201927185,0.06889127939939499,1.9461731910705566,1.1667149066925049,0.0,0.05560336261987686,0.05560336261987686,-0.1584443897008896,-0.1584443897008896,-0.11238064616918564,-1.3466615676879883,-1.129738450050354,0.0,-0.04606374353170395,-0.04606374353170395
241,8.033333333333333,24,0,0,,4,uneven rough,7,0.0,63.622493743896484,36.21132278442383,0.21418631076812744,1.7804372310638428,0.2752937972545624,1.6122713088989258,0.2752937972545624,8.337417602539062,0.0,0.0,0.4458061456680298,0.33828943967819214,0.8902186155319214,0.1376468986272812,0.10684975236654282,0.3823602497577667,-0.3160766661167145,-0.4151391088962555,0.21656186878681183,-0.0777764767408371,0.07479482889175415,0.07479482889175415,0.10123550146818161,0.26582276821136475,-0.2058926820755005,0.0,-0.02644067257642746,-0.02644067257642746,0.19118012487888336,0.19118012487888336,0.1331670582294464,1.1688274145126343,-0.858245313167572,0.0,0.05801306664943695,0.05801306664943695,-0.15803833305835724,-0.15803833305835724,-0.03428097069263458,-0.012539464980363846,-0.6548934578895569,0.0,-0.12375736236572266,-0.12375736236572266,-0.2905973792076111,-0.2905973792076111,0.05122038349509239,-1.298364281654358,-0.4974660277366638,0.0,-0.3418177627027035,-0.3418177627027035,0.10828093439340591,0.10828093439340591,0.20586681365966797,0.7896168231964111,1.327932357788086,0.0,-0.09758587926626205,-0.09758587926626205,-0.03888823837041855,-0.03888823837041855,-0.08328773826360703,-1.8979625701904297,0.510759174823761,0.0,0.04439949989318848,0.04439949989318848
242,8.066666666666666,4,0,0,,4,uneven rough,5,0.0,54.955074310302734,37.800445556640625,0.23100200295448303,1.7022175788879395,-1.072955846786499,1.7022175788879395,-1.072955846786499,6.02203893661499,3.9386730194091797,0.3333333432674408,-0.16202875971794128,0.16165263950824738,0.8511087894439697,-0.5364779233932495,0.49594902992248535,-0.11363018304109573,0.636196494102478,0.36542102694511414,0.6401139497756958,-0.4964071810245514,0.3471643030643463,0.3471643030643463,0.3376132547855377,0.14666874706745148,1.6124601364135742,0.0,0.009551048278808594,0.009551048278808594,-0.18180829286575317,-0.18180829286575317,0.07852957397699356,-0.6189389228820801,-1.2078183889389038,0.0,-0.26033786684274673,-0.26033786684274673,0.318098247051239,0.318098247051239,0.05700398236513138,2.0170412063598633,0.639153003692627,0.0,0.26109426468610764,0.26109426468610764,0.2557947039604187,0.2557947039604187,0.20369583368301392,1.9998859167099,-1.5197433233261108,0.0,0.052098870277404785,0.052098870277404785,0.3200569748878479,0.3200569748878479,0.15212106704711914,1.399875521659851,-0.8181239366531372,0.0,0.16793590784072876,0.16793590784072876,-0.2482035905122757,-0.2482035905122757,-0.026717547327280045,0.5273427367210388,-0.5748150944709778,0.0,-0.22148604318499565,-0.22148604318499565
242,8.066666666666666,14,0,0,,4,uneven rough,5,0.0,55.04246520996094,38.581642150878906,0.2002786546945572,1.6914236545562744,0.6623271107673645,1.6914236545562744,0.6623271107673645,3.971597671508789,3.7601981163024902,0.6666666865348816,-0.0946500152349472,0.13778895139694214,0.8457118272781372,0.33116355538368225,0.5172249674797058,0.059201985597610474,0.214952751994133,0.46754926443099976,0.2903348207473755,0.081451416015625,0.36205747723579407,0.36205747723579407,0.3546973168849945,0.48487189412117004,0.8343039155006409,0.0,0.0073601603507995605,0.0073601603507995605,0.029600992798805237,0.029600992798805237,0.01834007166326046,0.1770648956298828,-0.7441014051437378,0.0,0.011260921135544777,0.011260921135544777,0.1074763759970665,0.1074763759970665,0.11570531129837036,-0.9419761896133423,0.7009357213973999,0.0,-0.008228935301303864,-0.008228935301303864,0.32728448510169983,0.32728448510169983,0.2870429456233978,1.999999761581421,0.4948814809322357,0.0,0.040241539478302,0.040241539478302,0.14516741037368774,0.14516741037368774,0.13574716448783875,1.7051939964294434,1.6074219942092896,0.0,0.009420245885848999,0.009420245885848999,0.0407257080078125,0.0407257080078125,-0.06748120486736298,1.3424485921859741,-1.2523871660232544,0.0,0.10820691287517548,0.10820691287517548
242,8.066666666666666,24,0,0,,4,uneven rough,7,0.0,63.68376541137695,36.22511291503906,0.22455136477947235,1.942647933959961,0.4322875142097473,1.7837778329849243,0.4322875142097473,7.894460678100586,1.9393110275268555,0.3333333432674408,-0.40279483795166016,0.33008286356925964,0.9713239669799805,0.21614375710487366,0.15905840694904327,0.21182291209697723,-0.266061395406723,-0.33015361428260803,0.3190932869911194,-0.3419761657714844,0.11134088039398193,0.11134088039398193,0.1329764872789383,0.716264545917511,0.06081607565283775,0.0,-0.02163560688495636,-0.02163560688495636,0.10591145604848862,0.10591145604848862,0.0981077030301094,0.3425719141960144,0.2878652513027191,0.0,0.007803753018379211,0.007803753018379211,-0.1330306977033615,-0.1330306977033615,-0.08918022364377975,-1.5319817066192627,-0.29170534014701843,0.0,-0.04385047405958176,-0.04385047405958176,-0.23110753297805786,-0.23110753297805786,-0.008301100693643093,-1.7659530639648438,-0.9502953290939331,0.0,-0.22280643228441477,-0.22280643228441477,0.1595466434955597,0.1595466434955597,0.1678512692451477,0.040402770042419434,1.023567795753479,0.0,-0.008304625749588013,-0.008304625749588013,-0.1709880828857422,-0.1709880828857422,-0.15327121317386627,-2.003056049346924,-0.8511363863945007,0.0,-0.017716869711875916,-0.017716869711875916
243,8.1,4,0,0,,4,uneven rough,5,0.0,54.92002868652344,37.836265563964844,0.23399698734283447,1.569309949874878,0.7119950652122498,1.569309949874878,0.7119950652122498,7.502523422241211,3.31351637840271,0.5,-0.5834302306175232,0.14801043272018433,0.784654974937439,0.3559975326061249,0.6322989463806152,0.4498070776462555,0.303397536277771,0.6275352239608765,0.41619962453842163,0.1795095056295395,0.4426092505455017,0.4426092505455017,0.3969719409942627,1.8874207735061646,0.7836990356445312,0.0,0.045637309551239014,0.045637309551239014,0.22490353882312775,0.22490353882312775,0.14225314557552338,1.8876923322677612,-0.8748648762702942,0.0,0.08265039324760437,0.08265039324760437,0.1516987681388855,0.1516987681388855,0.12108311057090759,0.9218542575836182,1.4182134866714478,0.0,0.030615657567977905,0.030615657567977905,0.4392746388912201,0.4392746388912201,0.26010236144065857,1.9321948289871216,0.4702613949775696,0.0,0.17917227745056152,0.17917227745056152,0.20809981226921082,0.20809981226921082,0.21229124069213867,1.7566487789154053,0.43593692779541016,0.0,-0.0041914284229278564,-0.0041914284229278564,0.08975475281476974,0.08975475281476974,0.029127096757292747,0.6590059995651245,0.04834691062569618,0.0,0.060627656057477,0.060627656057477
243,8.1,14,0,0,,4,uneven rough,5,0.0,55.006187438964844,38.601417541503906,0.19639712572097778,1.5774949789047241,0.7417606711387634,1.5774949789047241,0.7417606711387634,7.904347896575928,0.6548243761062622,0.1666666716337204,-0.09465847909450531,0.2056770771741867,0.7887474894523621,0.3708803355693817,0.21653805673122406,0.13075131177902222,0.2866707742214203,0.5086875557899475,0.42089182138442993,0.037816986441612244,0.15157663822174072,0.15157663822174072,0.30613937973976135,-1.6697973012924194,0.6367344260215759,0.0,-0.15456274151802063,-0.15456274151802063,0.06537565588951111,0.06537565588951111,0.07023083418607712,1.2430323362350464,-0.22327233850955963,0.0,-0.0048551782965660095,-0.0048551782965660095,0.14333538711071014,0.14333538711071014,0.13596121966838837,0.48475706577301025,-0.22796960175037384,0.0,0.007374167442321777,0.007374167442321777,0.3560812771320343,0.3560812771320343,0.35675719380378723,1.7781842947006226,1.345878005027771,0.0,-0.0006759166717529297,-0.0006759166717529297,0.21044591069221497,0.21044591069221497,0.19482000172138214,0.4089011251926422,1.6627024412155151,0.0,0.015625908970832825,0.015625908970832825,0.018908493220806122,0.018908493220806122,-0.002851699711754918,2.0008461475372314,0.21473760902881622,0.0,0.02176019293256104,0.02176019293256104
243,8.1,24,0,0,,4,uneven rough,7,0.0,63.74534606933594,36.242977142333984,0.24281862378120422,1.8398711681365967,-1.209752082824707,1.8200352191925049,-1.209752082824707,7.869338035583496,4.617044448852539,0.3333333432674408,-0.6708366274833679,0.2366163581609726,0.9199355840682983,-0.6048760414123535,0.017015721648931503,0.33238485455513,-0.0064142546616494656,-0.5540801882743835,0.11649151146411896,-0.6102392673492432,0.011911004781723022,0.011911004781723022,0.07847950607538223,-1.9442325830459595,0.4314078092575073,0.0,-0.06656850129365921,-0.06656850129365921,0.166192427277565,0.166192427277565,0.1244218647480011,1.0025691986083984,0.3187964856624603,0.0,0.041770562529563904,0.041770562529563904,-0.0032071273308247328,-0.0032071273308247328,-0.07675988227128983,1.155935525894165,-0.9929597973823547,0.0,0.07355275494046509,0.07355275494046509,-0.387856125831604,-0.387856125831604,-0.053639691323041916,-1.6562926769256592,-1.4114696979522705,0.0,-0.3342164345085621,-0.3342164345085621,0.05824575573205948,0.05824575573205948,0.1231866106390953,-1.6468886137008667,0.4676845371723175,0.0,-0.06494085490703583,-0.06494085490703583,-0.3051196336746216,-0.3051196336746216,-0.1829439103603363,-0.435539573431015,-1.5024337768554688,0.0,-0.12217572331428528,-0.12217572331428528
244,8.133333333333333,4,0,0,,4,uneven rough,5,0.0,54.88520812988281,37.862979888916016,0.23125989735126495,1.8289268016815186,1.1508839130401611,1.8289268016815186,1.1508839130401611,3.8453054428100586,2.5335958003997803,0.3333333432674408,-0.39042720198631287,0.19527077674865723,0.9144634008407593,0.5754419565200806,-0.0552515983581543,0.12659016251564026,0.02629876509308815,0.7986187934875488,0.7175624370574951,0.05455989018082619,-0.03867611661553383,-0.03867611661553383,0.36237552762031555,-1.9792077541351318,1.4077452421188354,0.0,-0.4010516442358494,-0.4010516442358494,0.06329508125782013,0.06329508125782013,0.12151862680912018,-1.1293522119522095,0.6870899200439453,0.0,-0.05822354555130005,-0.05822354555130005,0.013149382546544075,0.013149382546544075,0.05766938626766205,-2.0048105716705322,1.137571096420288,0.0,-0.04452000372111797,-0.04452000372111797,0.5590331554412842,0.5590331554412842,0.32831668853759766,1.6096500158309937,1.2968411445617676,0.0,0.23071646690368652,0.23071646690368652,0.35878121852874756,0.35878121852874756,0.23694005608558655,0.1776689738035202,1.182669758796692,0.0,0.12184116244316101,0.12184116244316101,0.027279945090413094,0.027279945090413094,0.03490458056330681,0.1386415660381317,0.39361464977264404,0.0,-0.007624635472893715,-0.007624635472893715
244,8.133333333333333,14,0,0,,4,uneven rough,5,0.0,54.96816635131836,38.622127532958984,0.1922135055065155,1.6644458770751953,0.701463520526886,1.6644458770751953,0.701463520526886,8.251381874084473,1.0920307636260986,0.1666666716337204,-0.01154106855392456,0.25012001395225525,0.8322229385375977,0.350731760263443,0.4759863317012787,0.12099964916706085,0.14913491904735565,0.43449896574020386,0.29842403531074524,-0.24710218608379364,0.3331904411315918,0.3331904411315918,0.3481352627277374,1.5846812725067139,-0.6673827171325684,0.0,-0.01494482159614563,-0.01494482159614563,0.060499824583530426,0.060499824583530426,0.07203749567270279,-0.10430040210485458,0.6057789325714111,0.0,-0.011537671089172363,-0.011537671089172363,0.07456745952367783,0.07456745952367783,0.08157394826412201,-2.007246255874634,0.17500732839107513,0.0,-0.007006488740444183,-0.007006488740444183,0.3041492700576782,0.3041492700576782,0.3269311189651489,-1.3864312171936035,1.5903047323226929,0.0,-0.022781848907470703,-0.022781848907470703,0.14921201765537262,0.14921201765537262,0.1449926793575287,-0.7541841268539429,0.9538009166717529,0.0,0.004219338297843933,0.004219338297843933,-0.12355109304189682,-0.12355109304189682,-0.04122985526919365,-2.0034966468811035,1.2246066331863403,0.0,-0.08232123777270317,-0.08232123777270317
244,8.133333333333333,24,0,0,,4,uneven rough,7,0.0,63.80723190307617,36.253143310546875,0.25373026728630066,1.9545917510986328,-0.7731437087059021,1.6186339855194092,-0.7731437087059021,9.18792724609375,4.905881881713867,0.3333333432674408,-1.0216625928878784,0.262970507144928,0.9772958755493164,-0.38657185435295105,0.43580612540245056,0.2605462372303009,0.4112987518310547,-0.5402957201004028,0.5017707943916321,-0.7708516120910645,0.30506429076194763,0.30506429076194763,0.11262433230876923,1.7865595817565918,-0.9117835164070129,0.0,0.1924399584531784,0.1924399584531784,0.13027311861515045,0.13027311861515045,0.1361508071422577,-0.7775771021842957,0.7054027915000916,0.0,-0.005877688527107239,-0.005877688527107239,0.20564937591552734,0.20564937591552734,-0.03669780492782593,0.5640335083007812,0.22202946245670319,0.0,0.24234718084335327,0.24234718084335327,-0.3782069981098175,-0.3782069981098175,-0.12152174860239029,-1.6587204933166504,-1.5498930215835571,0.0,-0.2566852495074272,-0.2566852495074272,0.25088539719581604,0.25088539719581604,0.17386378347873688,1.9591708183288574,-0.727898895740509,0.0,0.07702161371707916,0.07702161371707916,-0.3854258060455322,-0.3854258060455322,-0.22554637491703033,-1.0627152919769287,-0.8992099165916443,0.0,-0.1598794311285019,-0.1598794311285019
245,8.166666666666666,4,0,0,,4,uneven rough,5,0.0,54.84708786010742,37.88226318359375,0.23497316241264343,1.6518418788909912,0.506112277507782,1.6518418788909912,0.506112277507782,8.237181663513184,3.4326083660125732,0.3333333432674408,-0.2355455607175827,0.14173492789268494,0.8259209394454956,0.253056138753891,0.46362441778182983,-0.18338017165660858,0.4096955955028534,0.3965527415275574,0.16599388420581818,0.23150816559791565,0.32453709840774536,0.32453709840774536,0.3362988531589508,-0.5112677216529846,-0.5072441101074219,0.0,-0.011761754751205444,-0.011761754751205444,-0.29340827465057373,-0.29340827465057373,0.06439951062202454,-1.1176257133483887,-0.3399297297000885,0.0,-0.35780778527259827,-0.35780778527259827,0.2048477977514267,0.2048477977514267,0.10331237316131592,1.4613398313522339,-0.6391371488571167,0.0,0.10153542459011078,0.10153542459011078,0.2775869071483612,0.2775869071483612,0.2942616641521454,-1.6125037670135498,1.4737038612365723,0.0,-0.01667475700378418,-0.01667475700378418,0.08299694210290909,0.08299694210290909,0.17421673238277435,-1.5309104919433594,0.6144405007362366,0.0,-0.09121979027986526,-0.09121979027986526,0.11575408279895782,0.11575408279895782,0.09771186858415604,0.3884683847427368,0.2494524121284485,0.0,0.01804221421480179,0.01804221421480179
245,8.166666666666666,14,0,0,,4,uneven rough,5,0.0,54.928443908691406,38.636253356933594,0.18778449296951294,1.5264753103256226,0.5171796679496765,1.5264753103256226,0.5171796679496765,3.5246925354003906,0.5482454299926758,0.25225991010665894,-0.1403568536043167,0.19372177124023438,0.7632376551628113,0.25858983397483826,0.12195461243391037,0.08452410250902176,0.5274012684822083,0.038457147777080536,-0.03438594564795494,-0.5564918518066406,0.08536823093891144,0.08536823093891144,0.3193042576313019,-1.8949809074401855,0.6059383153915405,0.0,-0.23393602669239044,-0.23393602669239044,0.04226205125451088,0.04226205125451088,0.03363467752933502,-0.5349482893943787,0.20429880917072296,0.0,0.008627373725175858,0.008627373725175858,0.2637006342411041,0.2637006342411041,0.05832263454794884,-1.0221017599105835,-1.0588427782058716,0.0,0.2053779996931553,0.2053779996931553,0.026920003816485405,0.026920003816485405,0.2983618676662445,-0.995197057723999,-0.09274712204933167,0.0,-0.2714418638497591,-0.2714418638497591,-0.055017512291669846,-0.055017512291669846,0.10152681171894073,-1.1157463788986206,-0.011896883137524128,0.0,-0.15654432401061058,-0.15654432401061058,-0.2782459259033203,-0.2782459259033203,-0.05529903247952461,-0.43875008821487427,-0.6005687713623047,0.0,-0.2229468934237957,-0.2229468934237957
245,8.166666666666666,24,0,0,,4,uneven rough,7,0.0,63.8715705871582,36.24836730957031,0.2616341710090637,1.7738454341888428,-0.7247750759124756,1.7738454341888428,-0.7247750759124756,8.794677734375,2.9669864177703857,0.3333333432674408,-0.962768018245697,0.18766605854034424,0.8869227170944214,-0.3623875379562378,0.5017974376678467,0.5525270700454712,0.2373199611902237,-0.10132496803998947,0.4896743893623352,-0.37591519951820374,0.35125818848609924,0.35125818848609924,0.16966445744037628,1.7204861640930176,0.6138644814491272,0.0,0.18159373104572296,0.18159373104572296,0.2762635350227356,0.2762635350227356,0.19829913973808289,1.9999974966049194,-0.1330767124891281,0.0,0.07796439528465271,0.07796439528465271,0.11865998059511185,0.11865998059511185,0.029088562354445457,2.000000238418579,0.4153991639614105,0.0,0.08957141824066639,0.08957141824066639,-0.07092747837305069,-0.07092747837305069,-0.11007396131753922,1.8310978412628174,-1.611424207687378,0.0,0.039146482944488525,0.039146482944488525,0.2448371946811676,0.2448371946811676,0.24125225841999054,1.4224345684051514,0.7913751602172852,0.0,0.003584936261177063,0.003584936261177063,-0.18795759975910187,-0.18795759975910187,-0.18898873031139374,0.852716863155365,-0.9916561245918274,0.0,0.0010311305522918701,0.0010311305522918701
246,8.2,4,0,0,,4,uneven rough,5,0.0,54.805641174316406,37.9033088684082,0.23349669575691223,1.715196132659912,0.5423636436462402,1.715196132659912,0.5423636436462402,6.377993583679199,0.9290129542350769,0.3333333432674408,0.10602909326553345,0.17382770776748657,0.857598066329956,0.2711818218231201,0.5819158554077148,-0.15916329622268677,0.48816779255867004,0.427504301071167,0.34693530201911926,-0.07637836784124374,0.4073410928249359,0.4073410928249359,0.37454646825790405,1.0592995882034302,-0.5095190405845642,0.0,0.03279462456703186,0.03279462456703186,-0.25466129183769226,-0.25466129183769226,0.03168727084994316,-0.8666895627975464,-0.7796404361724854,0.0,-0.2863485626876354,-0.2863485626876354,0.24408389627933502,0.24408389627933502,0.14350754022598267,1.718538761138916,0.5484762787818909,0.0,0.10057635605335236,0.10057635605335236,0.29925301671028137,0.29925301671028137,0.25188830494880676,0.0580456480383873,-0.27124345302581787,0.0,0.04736471176147461,0.04736471176147461,0.17346765100955963,0.17346765100955963,0.16130712628364563,0.18576107919216156,-0.5985447764396667,0.0,0.012160524725914001,0.012160524725914001,-0.03818918392062187,-0.03818918392062187,0.037651803344488144,-1.99767005443573,0.328052282333374,0.0,-0.07584098726511002,-0.07584098726511002
246,8.2,14,0,0,,4,uneven rough,5,0.0,54.88857650756836,38.654144287109375,0.18107430636882782,1.6579058170318604,-0.2982046604156494,1.6579058170318604,-0.2982046604156494,4.424302101135254,2.166851282119751,0.3333333432674408,-0.09959133714437485,0.18933889269828796,0.8289529085159302,-0.1491023302078247,0.7869561910629272,-0.03803711757063866,0.4073108732700348,0.1666807234287262,0.34700432419776917,-0.468508243560791,0.550869345664978,0.550869345664978,0.3621072769165039,1.9610669612884521,-0.8080859184265137,0.0,0.18876206874847412,0.18876206874847412,-0.06085938960313797,-0.06085938960313797,-0.006153227295726538,-1.9891279935836792,-0.21367281675338745,0.0,-0.05470616230741143,-0.05470616230741143,0.2036554366350174,0.2036554366350174,0.06535807996988297,0.646937906742096,-1.0380693674087524,0.0,0.13829735666513443,0.13829735666513443,0.11667650192975998,0.11667650192975998,0.23212763667106628,-1.8405975103378296,-0.602993905544281,0.0,-0.1154511347413063,-0.1154511347413063,0.17350216209888458,0.17350216209888458,0.13479375839233398,1.5438525676727295,-0.6360153555870056,0.0,0.0387084037065506,0.0387084037065506,-0.2342541217803955,-0.2342541217803955,-0.08017320930957794,-1.4322234392166138,-0.5090761780738831,0.0,-0.15408091247081757,-0.15408091247081757
246,8.2,24,0,0,,4,uneven rough,7,0.0,63.93465042114258,36.249996185302734,0.2683334946632385,1.4744195938110352,1.641072392463684,1.4744195938110352,1.641072392463684,7.63848876953125,0.0,0.0,-0.9302304983139038,0.21820823848247528,0.7372097969055176,0.820536196231842,-0.15540210902690887,0.6253771781921387,-0.43034225702285767,0.47301894426345825,0.4302777051925659,0.34937840700149536,-0.10878147184848785,-0.10878147184848785,0.12668466567993164,-1.9977012872695923,1.2395503520965576,0.0,-0.2354661375284195,-0.2354661375284195,0.31268858909606934,0.31268858909606934,0.26447370648384094,2.000000238418579,1.072967290878296,0.0,0.048214882612228394,0.048214882612228394,-0.21517112851142883,-0.21517112851142883,-0.025043368339538574,-1.9997328519821167,1.3113354444503784,0.0,-0.19012776017189026,-0.19012776017189026,0.3311132490634918,0.3311132490634918,-0.03921005502343178,1.998488426208496,0.3349839150905609,0.0,0.3703233040869236,0.3703233040869236,0.21513885259628296,0.21513885259628296,0.22733081877231598,-1.2167795896530151,1.1481772661209106,0.0,-0.01219196617603302,-0.01219196617603302,0.17468920350074768,0.17468920350074768,-0.13362228870391846,1.999082326889038,0.05115566402673721,0.0,0.30831149220466614,0.30831149220466614
247,8.233333333333333,4,0,0,,4,uneven rough,5,0.0,54.76017379760742,37.917842864990234,0.22452853620052338,1.7412508726119995,-0.641261875629425,1.7412508726119995,-0.641261875629425,5.181344509124756,2.187649965286255,0.3333333432674408,0.3619803786277771,0.1216510534286499,0.8706254363059998,-0.3206309378147125,0.27635541558265686,-0.4709842801094055,0.1458217054605484,0.0074170734733343124,0.7728251218795776,-0.6790244579315186,0.19344878196716309,0.19344878196716309,0.365767240524292,-1.4442154169082642,0.37749382853507996,0.0,-0.1723184585571289,-0.1723184585571289,-0.7535748481750488,-0.7535748481750488,0.023150436580181122,0.6246183514595032,-0.8288581371307373,0.0,-0.77672528475523,-0.77672528475523,0.0729108527302742,0.0729108527302742,0.0997355654835701,-1.9851369857788086,1.2100317478179932,0.0,-0.0268247127532959,-0.0268247127532959,0.005191951524466276,0.005191951524466276,0.21379557251930237,-1.144973635673523,-0.08506280183792114,0.0,-0.2086036209948361,-0.2086036209948361,0.3864125609397888,0.3864125609397888,0.19937768578529358,1.9889456033706665,-0.1550968587398529,0.0,0.18703487515449524,0.18703487515449524,-0.3395122289657593,-0.3395122289657593,-0.023851389065384865,-0.4142065644264221,-0.9869152903556824,0.0,-0.3156608399003744,-0.3156608399003744
247,8.233333333333333,14,0,0,,4,uneven rough,5,0.0,54.853485107421875,38.6794319152832,0.17829328775405884,1.5406193733215332,-0.24338971078395844,1.5406193733215332,-0.24338971078395844,1.7532627582550049,4.115848064422607,0.5,-0.024235054850578308,0.0445854477584362,0.7703096866607666,-0.12169485539197922,0.6496717929840088,0.0012032942613586783,0.7066012024879456,0.36237552762031555,0.38300785422325134,-0.4066341519355774,0.4547702372074127,0.4547702372074127,0.4209127426147461,1.5201623439788818,0.7575981020927429,0.0,0.033857494592666626,0.033857494592666626,0.0006016471306793392,0.0006016471306793392,-0.008081804029643536,0.6513402462005615,-1.2175183296203613,0.0,0.008683451160322875,0.008683451160322875,0.3533006012439728,0.3533006012439728,0.08604302257299423,-0.2793470025062561,-0.0853632315993309,0.0,0.26725757867097855,0.26725757867097855,0.2536628544330597,0.2536628544330597,0.22074252367019653,0.5776187181472778,-1.3027372360229492,0.0,0.03292033076286316,0.03292033076286316,0.19150392711162567,0.19150392711162567,0.20547588169574738,1.106722354888916,0.5964858531951904,0.0,-0.013971954584121704,-0.013971954584121704,-0.2033170759677887,-0.2033170759677887,-0.1288040727376938,-1.7948476076126099,-1.0310252904891968,0.0,-0.07451300323009491,-0.07451300323009491
247,8.233333333333333,24,0,0,,4,uneven rough,7,0.0,63.994590759277344,36.25453186035156,0.25749674439430237,1.7340307235717773,-0.08725365251302719,1.69828200340271,-0.08725365251302719,8.630419731140137,0.0,0.0,-1.067800760269165,0.24596045911312103,0.8670153617858887,-0.043626826256513596,0.22401729226112366,0.059637486934661865,-0.4700051546096802,-0.30461686849594116,0.43430936336517334,-0.021847600117325783,0.15681210160255432,0.15681210160255432,0.16043734550476074,0.7926480174064636,-0.5907975435256958,0.0,-0.003625243902206421,-0.003625243902206421,0.029818743467330933,0.029818743467330933,0.21445293724536896,-2.0000059604644775,1.5971133708953857,0.0,-0.18463419377803802,-0.18463419377803802,-0.2350025773048401,-0.2350025773048401,-0.08712390065193176,-1.3122071027755737,-0.5607485175132751,0.0,-0.14787867665290833,-0.14787867665290833,-0.21323180198669434,-0.21323180198669434,-0.09326175600290298,-1.6068203449249268,1.2755323648452759,0.0,-0.11997004598379135,-0.11997004598379135,0.21715468168258667,0.21715468168258667,0.20484502613544464,1.7243821620941162,-0.1889735758304596,0.0,0.012309655547142029,0.012309655547142029,-0.010923800058662891,-0.010923800058662891,-0.08499234169721603,0.2836781144142151,1.1525168418884277,0.0,0.07406854163855314,0.07406854163855314
248,8.266666666666666,4,0,0,,4,uneven rough,5,0.0,54.714664459228516,37.9423713684082,0.21791161596775055,1.3548165559768677,0.9983109831809998,1.3548165559768677,0.9983109831809998,4.796326160430908,4.171679973602295,0.3333333432674408,0.4787904918193817,0.32116442918777466,0.6774082779884338,0.4991554915904999,0.8400380611419678,-0.16014190018177032,0.28480952978134155,0.4757533669471741,0.6283409595489502,-0.24438989162445068,0.5880266427993774,0.5880266427993774,0.3806805908679962,1.2204229831695557,-0.6525038480758667,0.0,0.20734605193138123,0.20734605193138123,-0.256227046251297,-0.256227046251297,0.027691181749105453,1.896451473236084,-0.007059917785227299,0.0,-0.28391822800040245,-0.28391822800040245,0.14240476489067078,0.14240476489067078,0.11946458369493484,1.9895026683807373,-0.596522331237793,0.0,0.02294018119573593,0.02294018119573593,0.33302736282348633,0.33302736282348633,0.23673108220100403,1.4172744750976562,-0.6843382716178894,0.0,0.0962962806224823,0.0962962806224823,0.3141704797744751,0.3141704797744751,0.2369747906923294,1.485396385192871,1.0571485757827759,0.0,0.07719568908214569,0.07719568908214569,-0.12219494581222534,-0.12219494581222534,-0.06756281107664108,-1.8111478090286255,-0.663104772567749,0.0,-0.05463213473558426,-0.05463213473558426
248,8.266666666666666,14,0,0,,4,uneven rough,5,0.0,54.82223129272461,38.70585250854492,0.1837141513824463,1.4798705577850342,0.8034914135932922,1.4798705577850342,0.8034914135932922,1.5523022413253784,1.398193597793579,0.3333333432674408,-0.002743477700278163,0.12997984886169434,0.7399352788925171,0.4017457067966461,0.48347604274749756,0.15824605524539948,0.6138882637023926,0.7348779439926147,0.5143907070159912,-0.11740172654390335,0.33843323588371277,0.33843323588371277,0.3711584210395813,-1.814289927482605,1.1887532472610474,0.0,-0.03272518515586853,-0.03272518515586853,0.07912302762269974,0.07912302762269974,0.0528116337954998,1.0467616319656372,-0.16086235642433167,0.0,0.026311393827199936,0.026311393827199936,0.3069441318511963,0.3069441318511963,0.14621424674987793,1.495282769203186,-0.19504199922084808,0.0,0.16072988510131836,0.16072988510131836,0.5144145488739014,0.5144145488739014,0.29024738073349,1.9635035991668701,-0.23958063125610352,0.0,0.22416716814041138,0.22416716814041138,0.2571953535079956,0.2571953535079956,0.2738299071788788,0.9523006081581116,0.884974479675293,0.0,-0.01663455367088318,-0.01663455367088318,-0.058700863271951675,-0.058700863271951675,-0.07877575606107712,-0.6504325866699219,-1.4628918170928955,0.0,0.020074892789125443,0.020074892789125443
248,8.266666666666666,24,0,0,,4,uneven rough,7,0.0,64.05194091796875,36.24016189575195,0.24781176447868347,1.582319974899292,0.278872013092041,1.582319974899292,0.278872013092041,8.009492874145508,3.3333334922790527,0.1666666716337204,-0.6678335070610046,0.16948042809963226,0.791159987449646,0.1394360065460205,0.5612035989761353,-0.13856050372123718,0.08304150402545929,0.15010513365268707,0.22660329937934875,0.1007932648062706,0.39284250140190125,0.39284250140190125,0.22572742402553558,1.9822800159454346,0.1914050579071045,0.0,0.16711507737636566,0.16711507737636566,-0.22169680893421173,-0.22169680893421173,0.14790698885917664,-1.9933884143829346,-0.4367043673992157,0.0,-0.36960379779338837,-0.36960379779338837,0.041520752012729645,0.041520752012729645,-0.023840079084038734,1.990354061126709,-0.9856245517730713,0.0,0.06536083109676838,0.06536083109676838,0.10507359355688095,0.10507359355688095,-0.09430170059204102,1.6013888120651245,-0.354155033826828,0.0,0.19937529414892197,0.19937529414892197,0.11330164968967438,0.11330164968967438,0.1592806875705719,-1.9386767148971558,0.8928411602973938,0.0,-0.04597903788089752,-0.04597903788089752,0.0503966324031353,0.0503966324031353,-0.016050927340984344,1.676740288734436,0.6612738370895386,0.0,0.06644755974411964,0.06644755974411964
249,8.3,4,0,0,,4,uneven rough,5,0.0,54.67035675048828,37.964744567871094,0.22575689852237701,1.8910315036773682,1.3557313680648804,1.8910315036773682,1.3557313680648804,9.434008598327637,2.747987747192383,0.3333333432674408,0.539100706577301,0.13474547863006592,0.9455157518386841,0.6778656840324402,0.3833152651786804,0.26349887251853943,-0.1687765121459961,0.431755006313324,0.37279316782951355,0.2571043074131012,0.2683206796646118,0.2683206796646118,0.3365750014781952,-2.000006675720215,0.40645235776901245,0.0,-0.06825432181358337,-0.06825432181358337,0.13174943625926971,0.13174943625926971,0.0861564353108406,1.5833325386047363,1.0691888332366943,0.0,0.04559300094842911,0.04559300094842911,-0.08438825607299805,-0.08438825607299805,0.0698782429099083,-1.9886775016784668,0.8656208515167236,0.0,-0.15426649898290634,-0.15426649898290634,0.30222851037979126,0.30222851037979126,0.3045787513256073,1.805420994758606,0.5039173364639282,0.0,-0.00235024094581604,-0.00235024094581604,0.18639658391475677,0.18639658391475677,0.21549683809280396,-0.263837993144989,1.2992806434631348,0.0,-0.02910025417804718,-0.02910025417804718,0.1285521537065506,0.1285521537065506,-0.05685236304998398,0.46656104922294617,-1.3122103214263916,0.0,0.18540451675653458,0.18540451675653458
249,8.3,14,0,0,,4,uneven rough,5,0.0,54.797767639160156,38.73656463623047,0.18759654462337494,1.6874518394470215,1.0453332662582397,1.6874518394470215,1.0453332662582397,5.759393692016602,5.150216579437256,0.3333333432674408,-0.1318179965019226,0.14433343708515167,0.8437259197235107,0.5226666331291199,0.7081806063652039,-0.045504916459321976,0.1355365663766861,0.6556897759437561,0.20325078070163727,0.06924199312925339,0.49572640657424927,0.49572640657424927,0.3932088017463684,1.893490195274353,-0.5091727375984192,0.0,0.10251760482788086,0.10251760482788086,-0.07280787080526352,-0.07280787080526352,-0.01443554274737835,-1.2083951234817505,0.5219303965568542,0.0,-0.05837232805788517,-0.05837232805788517,0.06776828318834305,0.06776828318834305,0.09605254232883453,-2.0012333393096924,0.7606706619262695,0.0,-0.028284259140491486,-0.028284259140491486,0.45898282527923584,0.45898282527923584,0.3438059985637665,1.6600327491760254,1.0060471296310425,0.0,0.11517682671546936,0.11517682671546936,0.10162539035081863,0.10162539035081863,0.21322892606258392,-1.6364099979400635,0.9230408072471619,0.0,-0.11160353571176529,-0.11160353571176529,0.034620996564626694,0.034620996564626694,-0.05926191806793213,1.1113005876541138,-1.0035258531570435,0.0,0.09388291463255882,0.09388291463255882
249,8.3,24,0,0,,4,uneven rough,7,0.0,64.11140441894531,36.22856521606445,0.24623344838619232,1.7655538320541382,0.031692422926425934,1.7655538320541382,0.031692422926425934,8.280153274536133,0.047827720642089844,0.1666666716337204,-0.5191906690597534,0.13012519478797913,0.8827769160270691,0.015846211463212967,-0.39569777250289917,0.5224418044090271,0.20796169340610504,0.38769328594207764,0.18107183277606964,0.15093137323856354,-0.2769884467124939,-0.2769884467124939,0.18941807746887207,-1.4941195249557495,1.2039690017700195,0.0,-0.46640652418136597,-0.46640652418136597,0.26122090220451355,0.26122090220451355,0.19761234521865845,1.4434939622879028,-1.3168562650680542,0.0,0.0636085569858551,0.0636085569858551,0.10398084670305252,0.10398084670305252,0.04106378182768822,0.28113695979118347,0.6969990730285645,0.0,0.0629170648753643,0.0629170648753643,0.2713852822780609,0.2713852822780609,-0.023380471393465996,1.9998741149902344,0.7515129446983337,0.0,0.2947657536715269,0.2947657536715269,0.09053591638803482,0.09053591638803482,0.12361598014831543,-1.5663269758224487,-0.708104133605957,0.0,-0.03308006376028061,-0.03308006376028061,0.07546568661928177,0.07546568661928177,0.049210451543331146,1.9999204874038696,1.2354203462600708,0.0,0.026255235075950623,0.026255235075950623
250,8.333333333333334,4,0,0,,4,uneven rough,5,0.0,54.6319580078125,37.98783874511719,0.23389571905136108,1.8066855669021606,1.6401417255401611,1.8066855669021606,1.6401417255401611,8.454537391662598,1.5074522495269775,0.1666666716337204,0.4993138909339905,0.17641189694404602,0.9033427834510803,0.8200708627700806,0.3405211269855499,0.235490083694458,0.14326198399066925,0.6898526549339294,0.43526163697242737,0.20195339620113373,0.2383647859096527,0.2383647859096527,0.2699677050113678,-1.9900060892105103,-0.9541639089584351,0.0,-0.03160291910171509,-0.03160291910171509,0.117745041847229,0.117745041847229,0.1173291802406311,0.5566348433494568,1.359886646270752,0.0,0.0004158616065979004,0.0004158616065979004,0.07163099199533463,0.07163099199533463,0.06919863820075989,0.295735239982605,-0.7482045292854309,0.0,0.0024323537945747375,0.0024323537945747375,0.4828968644142151,0.4828968644142151,0.3691413104534149,1.9730676412582397,1.2397898435592651,0.0,0.11375555396080017,0.11375555396080017,0.21763081848621368,0.21763081848621368,0.21445925533771515,-0.28466615080833435,0.4154905378818512,0.0,0.003171563148498535,0.003171563148498535,0.10097669810056686,0.10097669810056686,0.004748597275465727,1.7632540464401245,-0.3064897954463959,0.0,0.09622810082510114,0.09622810082510114
250,8.333333333333334,14,0,0,,4,uneven rough,5,0.0,54.77432632446289,38.767398834228516,0.20690177381038666,1.620392918586731,0.610233724117279,1.620392918586731,0.610233724117279,7.259601593017578,7.754669189453125,0.5,0.016416069120168686,0.303941011428833,0.8101964592933655,0.3051168620586395,-0.5390186905860901,0.37953612208366394,0.764167308807373,0.6961036920547485,0.11258868873119354,0.09403857588768005,-0.3773130774497986,-0.3773130774497986,0.3647744357585907,-1.4917453527450562,0.8492972254753113,0.0,-0.7420875132083893,-0.7420875132083893,0.18976806104183197,0.18976806104183197,0.03981337323784828,1.7237052917480469,-0.45639875531196594,0.0,0.1499546878039837,0.1499546878039837,0.3820836544036865,0.3820836544036865,0.15107865631580353,1.867413878440857,-0.8009148240089417,0.0,0.231004998087883,0.231004998087883,0.48727259039878845,0.48727259039878845,0.4155672788619995,1.989315152168274,1.3758118152618408,0.0,0.07170531153678894,0.07170531153678894,0.05629434436559677,0.05629434436559677,0.1654268205165863,-1.933403730392456,-0.524077296257019,0.0,-0.10913247615098953,-0.10913247615098953,0.04701928794384003,0.04701928794384003,0.0037751025520265102,1.7825777530670166,0.19220082461833954,0.0,0.04324418539181352,0.04324418539181352
250,8.333333333333334,24,0,0,,4,uneven rough,7,0.0,64.17377471923828,36.22927474975586,0.2323434203863144,1.801673412322998,0.4273775517940521,1.801673412322998,0.4273775517940521,8.541563987731934,1.224215030670166,0.1666666716337204,-0.43268531560897827,0.09765651822090149,0.900836706161499,0.21368877589702606,-0.27039963006973267,0.3850848972797394,-0.263062983751297,0.14967896044254303,0.430759996175766,0.06662744283676147,-0.1892797350883484,-0.1892797350883484,0.12303192168474197,-1.5444204807281494,-0.3215350806713104,0.0,-0.31231165677309036,-0.31231165677309036,0.1925424486398697,0.1925424486398697,0.20554086565971375,-1.343603491783142,0.2438507229089737,0.0,-0.012998417019844055,-0.012998417019844055,-0.1315314918756485,-0.1315314918756485,-0.00428833719342947,-1.51264488697052,0.46186989545822144,0.0,-0.12724315468221903,-0.12724315468221903,0.10477527230978012,0.10477527230978012,0.04332974553108215,1.0638716220855713,1.457338571548462,0.0,0.06144552677869797,0.06144552677869797,0.215379998087883,0.215379998087883,0.17076100409030914,1.9809635877609253,-1.1933448314666748,0.0,0.04461899399757385,0.04461899399757385,0.03331372141838074,0.03331372141838074,0.01222315989434719,-1.7556629180908203,1.6676701307296753,0.0,0.021090561524033546,0.021090561524033546
251,8.366666666666667,4,0,0,,4,uneven rough,5,0.0,54.59198760986328,38.009769439697266,0.24633845686912537,1.6320544481277466,1.47006356716156,1.6320544481277466,1.47006356716156,8.271815299987793,1.2162765264511108,0.1666666716337204,0.42472919821739197,0.21423956751823425,0.8160272240638733,0.73503178358078,0.1121085062623024,0.6424091458320618,0.5422159433364868,0.6646337509155273,-0.11351293325424194,0.19649101793766022,0.0784759521484375,0.0784759521484375,0.20257382094860077,-1.9974406957626343,-1.5398309230804443,0.0,-0.12409786880016327,-0.12409786880016327,0.3212045729160309,0.3212045729160309,0.1733904480934143,1.4309110641479492,0.9057266712188721,0.0,0.14781412482261658,0.14781412482261658,0.2711079716682434,0.2711079716682434,0.14176544547080994,1.9895343780517578,-0.15795910358428955,0.0,0.12934252619743347,0.12934252619743347,0.4652436077594757,0.4652436077594757,0.43425923585891724,1.8896527290344238,1.6543864011764526,0.0,0.03098437190055847,0.03098437190055847,-0.18162070214748383,-0.18162070214748383,0.1874111294746399,-1.4503018856048584,0.019620684906840324,0.0,-0.3690318316221237,-0.3690318316221237,0.09824550896883011,0.09824550896883011,0.04094378650188446,1.139096736907959,0.8637470602989197,0.0,0.05730172246694565,0.05730172246694565
251,8.366666666666667,14,0,0,,4,uneven rough,5,0.0,54.738365173339844,38.78691482543945,0.22510989010334015,1.6286320686340332,0.6584980487823486,1.6286320686340332,0.6584980487823486,7.851036071777344,3.1117475032806396,0.3333333432674408,-0.1385025680065155,0.23252499103546143,0.8143160343170166,0.3292490243911743,-0.5257575511932373,0.6070817708969116,0.7363534569740295,0.45545515418052673,0.09253869950771332,-0.34404101967811584,-0.36803027987480164,-0.36803027987480164,0.33813515305519104,-0.4431806802749634,-0.47433245182037354,0.0,-0.7061654329299927,-0.7061654329299927,0.3035408854484558,0.3035408854484558,0.0883803442120552,1.1718871593475342,0.7762359976768494,0.0,0.2151605412364006,0.2151605412364006,0.36817672848701477,0.36817672848701477,0.1903233677148819,1.3566575050354004,0.7077630162239075,0.0,0.17785336077213287,0.17785336077213287,0.318818598985672,0.318818598985672,0.4130832254886627,-1.8586574792861938,1.7226877212524414,0.0,-0.09426462650299072,-0.09426462650299072,0.04626934975385666,0.04626934975385666,0.11249801516532898,-1.980425477027893,-1.3209129571914673,0.0,-0.06622866541147232,-0.06622866541147232,-0.17202050983905792,-0.17202050983905792,0.005300444085150957,-0.36051565408706665,1.0914027690887451,0.0,-0.17732095392420888,-0.17732095392420888
251,8.366666666666667,24,0,0,,4,uneven rough,7,0.0,64.23410034179688,36.229835510253906,0.21963027119636536,1.7298897504806519,0.5790325403213501,1.7298897504806519,0.5790325403213501,9.324596405029297,2.1899518966674805,0.1666666716337204,-0.23852184414863586,0.12467655539512634,0.8649448752403259,0.28951627016067505,0.1304033100605011,0.019184954464435577,0.04469068720936775,0.03362394869327545,0.2514483332633972,0.11570372432470322,0.09128231555223465,0.09128231555223465,0.10086140036582947,-0.6785093545913696,-1.0129567384719849,0.0,-0.009579084813594818,-0.009579084813594818,0.009592477232217789,0.009592477232217789,0.13894426822662354,-1.9413201808929443,-0.653698742389679,0.0,-0.12935179099440575,-0.12935179099440575,0.022345343604683876,0.022345343604683876,0.03763112798333168,0.9479156136512756,-0.6545242667198181,0.0,-0.015285784378647804,-0.015285784378647804,0.023536764085292816,0.023536764085292816,0.026042034849524498,-0.7083156704902649,1.2348716259002686,0.0,-0.002505270764231682,-0.002505270764231682,0.1257241666316986,0.1257241666316986,0.14792530238628387,-1.4653229713439941,0.6014148592948914,0.0,-0.022201135754585266,-0.022201135754585266,0.05785186216235161,0.05785186216235161,0.03807046636939049,1.4716479778289795,-0.26788851618766785,0.0,0.01978139579296112,0.01978139579296112
252,8.4,4,0,0,,4,uneven rough,5,0.0,54.549072265625,38.02098083496094,0.26042598485946655,1.760124921798706,1.106696605682373,1.760124921798706,1.106696605682373,9.026185989379883,4.694918632507324,0.3333333432674408,0.4848659038543701,0.23032288253307343,0.880062460899353,0.5533483028411865,-0.19198203086853027,0.5339387059211731,0.33861854672431946,0.5525995492935181,-0.09295688569545746,-0.12547671794891357,-0.13438741862773895,-0.13438741862773895,0.14974573254585266,-1.270327091217041,-1.7985643148422241,0.0,-0.2841331511735916,-0.2841331511735916,0.26696935296058655,0.26696935296058655,0.2335437536239624,1.999999761581421,1.2026668787002563,0.0,0.033425599336624146,0.033425599336624146,0.16930927336215973,0.16930927336215973,0.13851569592952728,-1.7937848567962646,1.0562375783920288,0.0,0.030793577432632446,0.030793577432632446,0.3868196904659271,0.3868196904659271,0.42730504274368286,-1.9729193449020386,1.7874064445495605,0.0,-0.04048535227775574,-0.04048535227775574,-0.1487310230731964,-0.1487310230731964,0.14826299250125885,0.31571224331855774,-0.8114761710166931,0.0,-0.29699401557445526,-0.29699401557445526,-0.06273835897445679,-0.06273835897445679,0.003095293650403619,-0.47029024362564087,1.0194302797317505,0.0,-0.0658336526248604,-0.0658336526248604
252,8.4,14,0,0,,4,uneven rough,5,0.0,54.697227478027344,38.79690933227539,0.22665953636169434,1.5037529468536377,0.46834540367126465,1.5037529468536377,0.46834540367126465,3.867949962615967,1.0613093376159668,0.3333333432674408,0.03215382620692253,0.1485079526901245,0.7518764734268188,0.23417270183563232,0.057352215051651,0.009667866863310337,0.666048526763916,-0.07810322940349579,0.21047280728816986,-0.6525365114212036,0.04014654830098152,0.04014654830098152,0.2729784846305847,-1.9683295488357544,-0.45671918988227844,0.0,-0.2328319363296032,-0.2328319363296032,0.0048339334316551685,0.0048339334316551685,0.03990156576037407,-1.8477603197097778,0.999937891960144,0.0,-0.0350676323287189,-0.0350676323287189,0.333024263381958,0.333024263381958,0.2518351078033447,1.999664545059204,1.0746490955352783,0.0,0.08118915557861328,0.08118915557861328,-0.05467225983738899,-0.05467225983738899,0.3626977503299713,-1.8373034000396729,-0.3022112548351288,0.0,-0.4173700101673603,-0.4173700101673603,0.10523640364408493,0.10523640364408493,0.08077476918697357,0.7237478494644165,-1.6938024759292603,0.0,0.02446163445711136,0.02446163445711136,-0.3262682557106018,-0.3262682557106018,-0.005583480000495911,-0.5852636098861694,0.2704854905605316,0.0,-0.3206847757101059,-0.3206847757101059
252,8.4,24,0,0,,4,uneven rough,7,0.0,64.29319763183594,36.23381423950195,0.21982169151306152,1.8302943706512451,-0.6556609869003296,1.813925862312317,-0.6556609869003296,9.901958465576172,6.05111837387085,0.48947733640670776,0.17869853973388672,0.10012239217758179,0.9151471853256226,-0.3278304934501648,0.13250647485256195,0.31038084626197815,-0.11459625512361526,0.0461270771920681,-0.058062389492988586,-0.35152921080589294,0.09275452792644501,0.09275452792644501,0.082513727247715,0.09805181622505188,-0.8238595724105835,0.0,0.010240800678730011,0.010240800678730011,0.15519042313098907,0.15519042313098907,0.11227437853813171,1.5246031284332275,-1.3817222118377686,0.0,0.04291604459285736,0.04291604459285736,-0.05729812756180763,-0.05729812756180763,0.005283494014292955,0.1864171326160431,0.25149813294410706,0.0,-0.06258162157610059,-0.06258162157610059,0.03228895366191864,0.03228895366191864,0.011778907850384712,-1.037790060043335,0.13619005680084229,0.0,0.020510045811533928,0.020510045811533928,-0.09289982169866562,-0.09289982169866562,0.12425746768712997,-0.6331964135169983,-0.5671223998069763,0.0,-0.2171572893857956,-0.2171572893857956,-0.17576460540294647,-0.17576460540294647,0.014539656229317188,0.49381089210510254,0.7156485319137573,0.0,-0.19030426163226366,-0.19030426163226366
253,8.433333333333334,4,0,0,,4,uneven rough,5,0.0,54.50933074951172,38.02919387817383,0.25958168506622314,1.689773440361023,0.6210068464279175,1.689773440361023,0.6210068464279175,4.735180854797363,1.3409979343414307,0.3333333432674408,0.44233426451683044,0.17030136287212372,0.8448867201805115,0.31050342321395874,0.5032746195793152,-0.04652423784136772,0.21016651391983032,0.04007750377058983,0.45074179768562317,-0.4471833109855652,0.3522922396659851,0.3522922396659851,0.18898676335811615,1.5356504917144775,-1.499898076057434,0.0,0.16330547630786896,0.16330547630786896,-0.07443878054618835,-0.07443878054618835,0.21337224543094635,-1.560507893562317,1.6534802913665771,0.0,-0.2878110259771347,-0.2878110259771347,0.10508325695991516,0.10508325695991516,0.08451812714338303,-1.4766547679901123,-0.5551701784133911,0.0,0.020565129816532135,0.020565129816532135,0.02805425226688385,0.02805425226688385,0.3592199981212616,-1.6079965829849243,-0.33868852257728577,0.0,-0.33116574585437775,-0.33116574585437775,0.22537089884281158,0.22537089884281158,0.19005177915096283,1.9041728973388672,-0.17416180670261383,0.0,0.035319119691848755,0.035319119691848755,-0.2235916554927826,-0.2235916554927826,-0.04569723457098007,-1.3558189868927002,0.17713962495326996,0.0,-0.17789442092180252,-0.17789442092180252
253,8.433333333333334,14,0,0,,4,uneven rough,5,0.0,54.65666580200195,38.81023406982422,0.21756094694137573,1.5183812379837036,-0.08104075491428375,1.5183812379837036,-0.08104075491428375,3.72314715385437,2.1622390747070312,0.3333333432674408,0.45254072546958923,0.22967326641082764,0.7591906189918518,-0.040520377457141876,0.7977792620658875,-0.09302441775798798,0.21200451254844666,0.28649574518203735,0.053589366376399994,0.020577583461999893,0.5584454536437988,0.5584454536437988,0.3011372685432434,1.9321330785751343,-1.3113863468170166,0.0,0.2573081851005554,0.2573081851005554,-0.148839071393013,-0.148839071393013,-0.026763267815113068,-1.6530267000198364,-0.6101557612419128,0.0,-0.12207580357789993,-0.12207580357789993,0.10600225627422333,0.10600225627422333,0.19374485313892365,-1.9999995231628418,1.5976544618606567,0.0,-0.08774259686470032,-0.08774259686470032,0.2005470246076584,0.2005470246076584,0.29067713022232056,-2.0000011920928955,-1.1701551675796509,0.0,-0.09013010561466217,-0.09013010561466217,0.026794683188199997,0.026794683188199997,0.021178603172302246,-1.2462515830993652,-0.3269151747226715,0.0,0.005616080015897751,0.005616080015897751,0.010288791730999947,0.010288791730999947,-0.005565101746469736,1.1376159191131592,-0.21335658431053162,0.0,0.015853893477469683,0.015853893477469683
253,8.433333333333334,24,0,0,,4,uneven rough,7,0.0,64.34681701660156,36.234954833984375,0.23436269164085388,1.7289800643920898,-0.058203522115945816,1.7289800643920898,-0.058203522115945816,8.965009689331055,10.0,0.5,0.587432324886322,0.09001694619655609,0.8644900321960449,-0.029101761057972908,0.09449952095746994,0.054273221641778946,-0.2250317931175232,0.024912789463996887,0.44543036818504333,-0.05189598724246025,0.06614966690540314,0.06614966690540314,0.05449847877025604,-0.9294813871383667,-0.30260923504829407,0.0,0.011651188135147095,0.011651188135147095,0.027136610820889473,0.027136610820889473,0.08645835518836975,-1.3533375263214111,0.2615193724632263,0.0,-0.05932174436748028,-0.05932174436748028,-0.1125158965587616,-0.1125158965587616,-0.033982545137405396,-2.0700204372406006,0.21470122039318085,0.0,-0.0785333514213562,-0.0785333514213562,0.01743895187973976,0.01743895187973976,0.014084955677390099,0.5894740223884583,-0.5275803804397583,0.0,0.0033539962023496628,0.0033539962023496628,0.22271518409252167,0.22271518409252167,0.11387656629085541,-0.4031386971473694,-0.6044807434082031,0.0,0.10883861780166626,0.10883861780166626,-0.025947993621230125,-0.025947993621230125,0.014237030409276485,-0.7002354264259338,0.590221107006073,0.0,-0.04018502403050661,-0.04018502403050661
254,8.466666666666667,4,0,0,,4,uneven rough,5,0.0,54.47473907470703,38.03895568847656,0.2521224617958069,1.5825817584991455,0.3808063268661499,1.5825817584991455,0.3808063268661499,2.45884370803833,1.8148391246795654,0.3333333432674408,0.3070850074291229,0.04423464462161064,0.7912908792495728,0.19040316343307495,0.5566635727882385,-0.18966209888458252,0.32195165753364563,0.08224685490131378,0.5729258060455322,-0.21312107145786285,0.38966450095176697,0.38966450095176697,0.2515259087085724,1.8914737701416016,0.21640650928020477,0.0,0.13813859224319458,0.13813859224319458,-0.30345937609672546,-0.30345937609672546,0.1521856188774109,-1.9475079774856567,-0.16371440887451172,0.0,-0.45564499497413635,-0.45564499497413635,0.16097582876682281,0.16097582876682281,0.10498911142349243,1.013694167137146,-1.0761792659759521,0.0,0.05598671734333038,0.05598671734333038,0.05757279694080353,0.05757279694080353,0.2943715751171112,-1.9075605869293213,-1.0563576221466064,0.0,-0.23679877817630768,-0.23679877817630768,0.2864629030227661,0.2864629030227661,0.26348593831062317,1.9995086193084717,1.0009323358535767,0.0,0.022976964712142944,0.022976964712142944,-0.10656053572893143,-0.10656053572893143,-0.055588025599718094,-0.30411192774772644,-0.6895979046821594,0.0,-0.05097251012921333,-0.05097251012921333
254,8.466666666666667,14,0,0,,4,uneven rough,5,0.0,54.610965728759766,38.82118606567383,0.20745617151260376,1.5871943235397339,-0.2906986474990845,1.5871943235397339,-0.2906986474990845,8.257513046264648,0.0,0.0,0.4537721276283264,0.14866334199905396,0.7935971617698669,-0.14534932374954224,-0.2928927540779114,0.25135281682014465,0.47882717847824097,0.19498170912265778,0.3789164423942566,-0.024259496480226517,-0.20502492785453796,-0.20502492785453796,0.27718186378479004,-1.252016544342041,0.5225053429603577,0.0,-0.482206791639328,-0.482206791639328,0.12567640841007233,0.12567640841007233,0.0386403389275074,1.7748544216156006,-1.1997969150543213,0.0,0.08703606948256493,0.08703606948256493,0.23941358923912048,0.23941358923912048,0.1922539919614792,0.3787349760532379,-0.4364655315876007,0.0,0.047159597277641296,0.047159597277641296,0.1364872008562088,0.1364872008562088,0.2377782166004181,-1.864060401916504,-1.6393516063690186,0.0,-0.10129101574420929,-0.10129101574420929,0.1894582211971283,0.1894582211971283,0.10496195405721664,1.9848819971084595,-0.8467096090316772,0.0,0.08449626713991165,0.08449626713991165,-0.012129748240113258,-0.012129748240113258,0.018936235457658768,0.8666377067565918,0.5504856705665588,0.0,-0.031065983697772026,-0.031065983697772026
254,8.466666666666667,24,0,0,,4,uneven rough,7,0.0,64.40088653564453,36.22867202758789,0.25732624530792236,1.900575876235962,0.5319734811782837,1.8148857355117798,0.5319734811782837,9.6094388961792,1.892193078994751,0.3333333432674408,0.5751016736030579,0.06700994819402695,0.950287938117981,0.26598674058914185,0.13069650530815125,0.31274786591529846,-0.009492577984929085,0.10223407298326492,0.18923050165176392,0.13720959424972534,0.09148754924535751,0.09148754924535751,0.06371930986642838,1.1205909252166748,-0.6570438742637634,0.0,0.027768239378929138,0.027768239378929138,0.15637393295764923,0.15637393295764923,0.1405303180217743,1.3221652507781982,-0.6515235900878906,0.0,0.01584361493587494,0.01584361493587494,-0.004746288992464542,-0.004746288992464542,-0.009590273723006248,0.886954665184021,-1.0770845413208008,0.0,0.004843984730541706,0.004843984730541706,0.07156384736299515,0.07156384736299515,0.046610064804553986,1.3681038618087769,0.10400417447090149,0.0,0.024953782558441162,0.024953782558441162,0.09461525082588196,0.09461525082588196,0.11603701114654541,-1.3902006149291992,-0.49064159393310547,0.0,-0.021421760320663452,-0.021421760320663452,0.06860479712486267,0.06860479712486267,0.0668862909078598,1.1649178266525269,-0.13940532505512238,0.0,0.0017185062170028687,0.0017185062170028687
255,8.5,4,0,0,,4,uneven rough,5,0.0,54.4412956237793,38.043270111083984,0.2409197986125946,1.638873815536499,0.32797935605049133,1.638873815536499,0.32797935605049133,1.7627315521240234,1.4512243270874023,0.3333333432674408,0.11754874885082245,0.08701970428228378,0.8194369077682495,0.16398967802524567,0.767728328704834,0.12124243378639221,0.08844640105962753,-0.08750876039266586,0.567372739315033,-0.40778058767318726,0.5374098420143127,0.5374098420143127,0.3171986937522888,1.7592265605926514,1.1634925603866577,0.0,0.22021114826202393,0.22021114826202393,0.060621216893196106,0.060621216893196106,0.08558917790651321,-1.9189633131027222,-1.1722744703292847,0.0,-0.024967961013317108,-0.024967961013317108,0.044223200529813766,0.044223200529813766,0.04883396998047829,0.28267866373062134,0.10543891787528992,0.0,-0.00461076945066452,-0.00461076945066452,-0.061256133019924164,-0.061256133019924164,0.2337683141231537,-1.6485148668289185,-1.537629246711731,0.0,-0.29502444714307785,-0.29502444714307785,0.2836863696575165,0.2836863696575165,0.29088515043258667,0.32708534598350525,1.5655291080474854,0.0,-0.00719878077507019,-0.00719878077507019,-0.20389029383659363,-0.20389029383659363,-0.11578384041786194,0.06101248040795326,-0.47164344787597656,0.0,-0.08810645341873169,-0.08810645341873169
255,8.5,14,0,0,,4,uneven rough,5,0.0,54.564876556396484,38.82684326171875,0.19064997136592865,1.6520814895629883,0.8310399055480957,1.6520814895629883,0.8310399055480957,3.9269165992736816,0.861659049987793,0.3333333432674408,0.46060964465141296,0.2435021847486496,0.8260407447814941,0.41551995277404785,0.8774902820587158,-0.2988329231739044,-0.4835827350616455,-0.1087929829955101,0.6310268640518188,-0.45723748207092285,0.61424320936203,0.61424320936203,0.32139062881469727,1.9657500982284546,-0.48081251978874207,0.0,0.29285258054733276,0.29285258054733276,-0.4781326949596405,-0.4781326949596405,0.01590966433286667,-1.595542311668396,0.4820762872695923,0.0,-0.49404235929250717,-0.49404235929250717,-0.24179136753082275,-0.24179136753082275,0.12609922885894775,-1.9549115896224976,0.024450302124023438,0.0,-0.3678905963897705,-0.3678905963897705,-0.07615508884191513,-0.07615508884191513,0.16959376633167267,-1.9346421957015991,-1.7664023637771606,0.0,-0.2457488551735878,-0.2457488551735878,0.3155134320259094,0.3155134320259094,0.15984734892845154,1.9991375207901,0.7542773485183716,0.0,0.15566608309745789,0.15566608309745789,-0.22861874103546143,-0.22861874103546143,-0.029710590839385986,-1.7450430393218994,0.7292385697364807,0.0,-0.19890815019607544,-0.19890815019607544
255,8.5,24,0,0,,4,uneven rough,7,0.0,64.45529174804688,36.236148834228516,0.2743901312351227,1.6957019567489624,0.1769230216741562,1.6957019567489624,0.1769230216741562,8.903230667114258,0.0,0.0,0.9271903038024902,0.18045733869075775,0.8478509783744812,0.0884615108370781,-0.5422914028167725,0.705472469329834,-0.22889409959316254,-0.010377917438745499,0.160986065864563,-0.2723909616470337,-0.3796039819717407,-0.3796039819717407,0.028927793726325035,-0.6530934572219849,0.3480340242385864,0.0,-0.40853177569806576,-0.40853177569806576,0.352736234664917,0.352736234664917,0.20547255873680115,1.9215370416641235,0.4644036293029785,0.0,0.14726367592811584,0.14726367592811584,-0.11444704979658127,-0.11444704979658127,-0.06601828336715698,-1.0373213291168213,0.03338675945997238,0.0,-0.048428766429424286,-0.048428766429424286,-0.007264541927725077,-0.007264541927725077,0.060977887362241745,-1.8740885257720947,0.8187283873558044,0.0,-0.06824242928996682,-0.06824242928996682,0.0804930329322815,0.0804930329322815,0.08133616298437119,-0.05465249717235565,-0.9992538690567017,0.0,-0.0008431300520896912,-0.0008431300520896912,-0.13619548082351685,-0.13619548082351685,0.005485220346599817,-1.988551139831543,0.5980613231658936,0.0,-0.14168070117011666,-0.14168070117011666
256,8.533333333333333,4,0,0,,4,uneven rough,5,0.0,54.40788269042969,38.050880432128906,0.2453855276107788,1.654070258140564,0.48704639077186584,1.654070258140564,0.48704639077186584,4.25483512878418,2.4856648445129395,0.3333333432674408,0.20665797591209412,0.11758929491043091,0.827035129070282,0.24352319538593292,0.6603782176971436,0.24460919201374054,0.2971748113632202,0.09761015325784683,0.3534002900123596,-0.38408932089805603,0.462264746427536,0.462264746427536,0.38336294889450073,1.9965746402740479,1.500321626663208,0.0,0.07890179753303528,0.07890179753303528,0.12230459600687027,0.12230459600687027,0.09051023423671722,0.9702123403549194,-1.5944536924362183,0.0,0.031794361770153046,0.031794361770153046,0.1485874056816101,0.1485874056816101,0.05904940888285637,0.008705372922122478,0.20565058290958405,0.0,0.08953799679875374,0.08953799679875374,0.06832710653543472,0.06832710653543472,0.17305432260036469,-1.7721312046051025,-1.6003241539001465,0.0,-0.10472721606492996,-0.10472721606492996,0.1767001450061798,0.1767001450061798,0.2763232886791229,-1.2411246299743652,0.865310788154602,0.0,-0.09962314367294312,-0.09962314367294312,-0.19204466044902802,-0.19204466044902802,-0.13680444657802582,-1.1107687950134277,-0.17047883570194244,0.0,-0.0552402138710022,-0.0552402138710022
256,8.533333333333333,14,0,0,,4,uneven rough,5,0.0,54.52322006225586,38.841365814208984,0.18435484170913696,1.1948944330215454,-0.34882599115371704,1.1948944330215454,-0.34882599115371704,2.9738547801971436,0.7704996466636658,0.1666666716337204,0.7169890403747559,0.17163299024105072,0.5974472165107727,-0.17441299557685852,0.6450666189193726,-0.35251179337501526,0.511127233505249,0.06194500997662544,0.4785270392894745,-0.38253530859947205,0.45154663920402527,0.45154663920402527,0.3886008858680725,2.004833221435547,0.9024783372879028,0.0,0.06294575333595276,0.06294575333595276,-0.5640189051628113,-0.5640189051628113,0.03397911787033081,1.9221551418304443,-0.6926130056381226,0.0,-0.5979980230331421,-0.5979980230331421,0.2555636167526245,0.2555636167526245,0.12891800701618195,1.1712969541549683,-1.0946844816207886,0.0,0.12664560973644257,0.12664560973644257,0.04336150735616684,0.04336150735616684,0.1181768923997879,-1.597005844116211,-1.8615254163742065,0.0,-0.07481538504362106,-0.07481538504362106,0.23926351964473724,0.23926351964473724,0.20279821753501892,1.9731440544128418,1.4581235647201538,0.0,0.03646530210971832,0.03646530210971832,-0.19126765429973602,-0.19126765429973602,-0.08104509115219116,-1.1974987983703613,-0.669724702835083,0.0,-0.11022256314754486,-0.11022256314754486
256,8.533333333333333,24,0,0,,4,uneven rough,7,0.0,64.51071166992188,36.24728012084961,0.26734670996665955,1.8035327196121216,-0.07619250565767288,1.8035327196121216,-0.07619250565767288,9.288536071777344,0.34699246287345886,0.1666666716337204,0.9661659002304077,0.14890776574611664,0.9017663598060608,-0.03809625282883644,0.04392596334218979,0.25921618938446045,0.06164931878447533,-0.7130178809165955,0.3627088963985443,-0.8138123750686646,0.030748173594474792,0.030748173594474792,0.027592908591032028,0.09374766051769257,-0.2180052399635315,0.0,0.0031552650034427643,0.0031552650034427643,0.12960809469223022,0.12960809469223022,0.1791750192642212,-1.9999275207519531,1.2882695198059082,0.0,-0.04956692457199097,-0.04956692457199097,0.030824659392237663,0.030824659392237663,-0.005951904226094484,1.9990835189819336,-0.5719935297966003,0.0,0.03677656361833215,0.03677656361833215,-0.4991125166416168,-0.4991125166416168,-0.00642878282815218,-2.0000014305114746,-0.7037951350212097,0.0,-0.49268373381346464,-0.49268373381346464,0.18135444819927216,0.18135444819927216,0.1288941204547882,1.9995990991592407,-0.4651745557785034,0.0,0.05246032774448395,0.05246032774448395,-0.4069061875343323,-0.4069061875343323,-0.05099162831902504,-2.000000476837158,-0.8644140362739563,0.0,-0.35591455921530724,-0.35591455921530724
257,8.566666666666666,4,0,0,,4,uneven rough,5,0.0,54.377262115478516,38.059181213378906,0.2623208463191986,1.6831080913543701,-0.42349180579185486,1.6831080913543701,-0.42349180579185486,1.8666404485702515,1.3193995952606201,0.3333333432674408,0.17691442370414734,0.11637027561664581,0.8415540456771851,-0.21174590289592743,0.529619574546814,0.3822992742061615,0.6171635389328003,0.35380277037620544,0.42720192670822144,-0.4381730556488037,0.37073370814323425,0.37073370814323425,0.36293208599090576,-0.8096797466278076,1.780903935432434,0.0,0.007801622152328491,0.007801622152328491,0.19114963710308075,0.19114963710308075,0.15925639867782593,1.9947686195373535,-0.14438693225383759,0.0,0.03189323842525482,0.03189323842525482,0.30858176946640015,0.30858176946640015,0.06655867397785187,0.26533687114715576,0.09429740905761719,0.0,0.24202309548854828,0.24202309548854828,0.24766193330287933,0.24766193330287933,0.2216983437538147,1.8727015256881714,-1.697464108467102,0.0,0.025963589549064636,0.025963589549064636,0.21360096335411072,0.21360096335411072,0.24981321394443512,-1.4242987632751465,-0.32567158341407776,0.0,-0.0362122505903244,-0.0362122505903244,-0.21908652782440186,-0.21908652782440186,-0.17525188624858856,-1.2124921083450317,-0.7021204829216003,0.0,-0.04383464157581329,-0.04383464157581329
257,8.566666666666666,14,0,0,,4,uneven rough,5,0.0,54.48741149902344,38.86125946044922,0.18610446155071259,1.6359326839447021,-0.2355903685092926,1.6359326839447021,-0.2355903685092926,1.8928126096725464,2.2803821563720703,0.6547818183898926,0.5019146800041199,0.14015983045101166,0.8179663419723511,-0.1177951842546463,0.6080514192581177,-0.03380624204874039,0.42406079173088074,0.37335288524627686,0.6477184295654297,-0.4882974922657013,0.4256359934806824,0.4256359934806824,0.39816343784332275,0.20523586869239807,1.5257517099380493,0.0,0.02747255563735962,0.02747255563735962,-0.0540899895131588,-0.0540899895131588,0.035210154950618744,0.4035007357597351,0.7857815623283386,0.0,-0.08930014446377754,-0.08930014446377754,0.21203039586544037,0.21203039586544037,0.18264973163604736,1.9697237014770508,0.1865054816007614,0.0,0.029380664229393005,0.029380664229393005,0.2613470256328583,0.2613470256328583,0.16384059190750122,1.7758444547653198,-1.711965560913086,0.0,0.09750643372535706,0.09750643372535706,0.32385921478271484,0.32385921478271484,0.24244260787963867,2.010427713394165,1.7493170499801636,0.0,0.08141660690307617,0.08141660690307617,-0.24414874613285065,-0.24414874613285065,-0.13470150530338287,-1.9092351198196411,-0.9681291580200195,0.0,-0.10944724082946777,-0.10944724082946777
257,8.566666666666666,24,0,0,,4,uneven rough,7,0.0,64.56571197509766,36.24828338623047,0.26346051692962646,1.8442641496658325,0.3784877359867096,1.8442641496658325,0.3784877359867096,9.60158634185791,0.0,0.0,0.887767493724823,0.16580475866794586,0.9221320748329163,0.1892438679933548,0.5993140935897827,0.3210996091365814,0.2591700553894043,-0.217466339468956,0.2978903353214264,-0.4759712517261505,0.4195198714733124,0.4195198714733124,0.08607577532529831,1.9695420265197754,-0.04173959419131279,0.0,0.33344409614801407,0.33344409614801407,0.1605498045682907,0.1605498045682907,0.16758976876735687,0.7198954224586487,-0.5708829760551453,0.0,-0.007039964199066162,-0.007039964199066162,0.12958502769470215,0.12958502769470215,0.052814092487096786,1.0735952854156494,0.8816980123519897,0.0,0.07677093520760536,0.07677093520760536,-0.15222643315792084,-0.15222643315792084,-0.07098325341939926,-1.9775506258010864,-1.436672568321228,0.0,-0.08124317973852158,-0.08124317973852158,0.1489451676607132,0.1489451676607132,0.14149245619773865,-0.5855826735496521,0.928412914276123,0.0,0.007452711462974548,0.007452711462974548,-0.23798562586307526,-0.23798562586307526,-0.09684870392084122,-1.8728975057601929,-1.506476640701294,0.0,-0.14113692194223404,-0.14113692194223404
258,8.6,4,0,0,,4,uneven rough,5,0.0,54.34828567504883,38.069881439208984,0.28046169877052307,1.6974079608917236,0.37169310450553894,1.6974079608917236,0.37169310450553894,4.070624351501465,1.4437692165374756,0.3333333432674408,0.10509347915649414,0.08750021457672119,0.8487039804458618,0.18584655225276947,0.11464361101388931,0.5536843538284302,0.3193380832672119,0.3724040687084198,0.39854636788368225,0.19552230834960938,0.08025052398443222,0.08025052398443222,0.30242738127708435,-1.484506607055664,0.31618326902389526,0.0,-0.22217685729265213,-0.22217685729265213,0.2768421769142151,0.2768421769142151,0.2257736474275589,1.999936819076538,1.0650954246520996,0.0,0.05106852948665619,0.05106852948665619,0.15966904163360596,0.15966904163360596,0.12972474098205566,1.9998130798339844,0.19100342690944672,0.0,0.029944300651550293,0.029944300651550293,0.2606828510761261,0.2606828510761261,0.28248098492622375,0.9935028553009033,0.3211139142513275,0.0,-0.021798133850097656,-0.021798133850097656,0.19927318394184113,0.19927318394184113,0.2142721712589264,-1.0846346616744995,-0.9468373656272888,0.0,-0.014998987317085266,-0.014998987317085266,0.09776115417480469,0.09776115417480469,-0.10973069816827774,1.99191415309906,-0.9906855225563049,0.0,0.20749185234308243,0.20749185234308243
258,8.6,14,0,0,,4,uneven rough,5,0.0,54.453243255615234,38.88107681274414,0.19226810336112976,1.7044177055358887,0.7384864687919617,1.7044177055358887,0.7384864687919617,8.489320755004883,4.91037130355835,0.3333333432674408,0.5375775098800659,0.10983102023601532,0.8522088527679443,0.36924323439598083,0.6358340978622437,0.0023144851438701153,0.06994841247797012,0.5373008847236633,0.3490672707557678,0.2263079434633255,0.4450838565826416,0.4450838565826416,0.42859578132629395,1.359778881072998,0.779129683971405,0.0,0.016488075256347656,0.016488075256347656,0.0011572425719350576,0.0011572425719350576,0.004685494117438793,1.2109700441360474,0.5696393251419067,0.0,-0.0035282515455037355,-0.0035282515455037355,0.03497420623898506,0.03497420623898506,0.13357500731945038,-1.5808011293411255,1.1947402954101562,0.0,-0.09860080108046532,-0.09860080108046532,0.37611061334609985,0.37611061334609985,0.2233496904373169,1.6711252927780151,0.26004844903945923,0.0,0.15276092290878296,0.15276092290878296,0.1745336353778839,0.1745336353778839,0.18978896737098694,-1.9614026546478271,1.8969494104385376,0.0,-0.015255331993103027,-0.015255331993103027,0.11315397173166275,0.11315397173166275,-0.0917464941740036,1.875995397567749,-1.5002321004867554,0.0,0.20490046590566635,0.20490046590566635
258,8.6,24,0,0,,4,uneven rough,7,0.0,64.61894226074219,36.25046920776367,0.2684018909931183,1.8432036638259888,-0.3754146695137024,1.8432036638259888,-0.3754146695137024,8.725242614746094,3.5121607780456543,0.5,0.5615576505661011,0.07075390219688416,0.9216018319129944,-0.1877073347568512,-0.011722524650394917,0.35754141211509705,0.06686856597661972,-0.0708351731300354,0.24188217520713806,-0.4902307987213135,-0.008205766789615154,-0.008205766789615154,0.03820888325572014,-1.5518205165863037,1.0954426527023315,0.0,-0.04641465004533529,-0.04641465004533529,0.17877070605754852,0.17877070605754852,0.19244326651096344,0.4088367223739624,0.15892544388771057,0.0,-0.013672560453414917,-0.013672560453414917,0.03343428298830986,0.03343428298830986,0.05237412452697754,0.3512612283229828,0.9901970624923706,0.0,-0.01893984153866768,-0.01893984153866768,-0.04958461970090866,-0.04958461970090866,-0.04204990342259407,0.5270119905471802,-1.7424860000610352,0.0,-0.0075347162783145905,-0.0075347162783145905,0.12094108760356903,0.12094108760356903,0.1107274517416954,0.20897933840751648,0.07239708304405212,0.0,0.010213635861873627,0.010213635861873627,-0.24511539936065674,-0.24511539936065674,-0.15491755306720734,1.488862156867981,-1.7136516571044922,0.0,-0.0901978462934494,-0.0901978462934494
259,8.633333333333333,4,0,0,,4,uneven rough,5,0.0,54.31764221191406,38.06693649291992,0.28897354006767273,1.5878859758377075,0.3805609941482544,1.5878859758377075,0.3805609941482544,7.413865566253662,1.291008472442627,0.1666666716337204,0.11415967345237732,0.05399356409907341,0.7939429879188538,0.1902804970741272,0.16681471467018127,0.5035251975059509,-0.1891016811132431,0.034269243478775024,0.037723440676927567,0.0796680673956871,0.11677029728889465,0.11677029728889465,0.2362957000732422,-1.9960168600082397,-0.7019299864768982,0.0,-0.11952540278434753,-0.11952540278434753,0.25176259875297546,0.25176259875297546,0.25220194458961487,0.18016617000102997,1.5936564207077026,0.0,-0.0004393458366394043,-0.0004393458366394043,-0.09455084055662155,-0.09455084055662155,0.07158104330301285,-1.9961062669754028,1.213707685470581,0.0,-0.1661318838596344,-0.1661318838596344,0.023988470435142517,0.023988470435142517,0.2450295388698578,-1.9455894231796265,0.7012838125228882,0.0,-0.22104106843471527,-0.22104106843471527,0.018861720338463783,0.018861720338463783,0.14700907468795776,-2.0000107288360596,-1.0247482061386108,0.0,-0.12814735434949398,-0.12814735434949398,0.03983403369784355,0.03983403369784355,-0.044018570333719254,1.999158263206482,0.6956816911697388,0.0,0.0838526040315628,0.0838526040315628
259,8.633333333333333,14,0,0,,4,uneven rough,5,0.0,54.4163703918457,38.89752197265625,0.20520436763763428,1.6535499095916748,-0.05535610765218735,1.6535499095916748,-0.05535610765218735,8.26051139831543,1.9484957456588745,0.3333333432674408,0.29290175437927246,0.15353190898895264,0.8267749547958374,-0.027678053826093674,-0.6154786348342896,0.2594616711139679,0.6018147468566895,0.5312582850456238,0.25297290086746216,0.1533161699771881,-0.4308350384235382,-0.4308350384235382,0.38973671197891235,-1.547452688217163,1.1074297428131104,0.0,-0.8205717504024506,-0.8205717504024506,0.12973083555698395,0.12973083555698395,0.07252515107393265,2.0463247299194336,0.9322488307952881,0.0,0.0572056844830513,0.0572056844830513,0.3009073734283447,0.3009073734283447,0.18962521851062775,1.0565781593322754,-0.3745558261871338,0.0,0.11128215491771698,0.11128215491771698,0.37188079953193665,0.37188079953193665,0.2941647469997406,1.865665078163147,1.0578738451004028,0.0,0.07771605253219604,0.07771605253219604,0.12648645043373108,0.12648645043373108,0.13365502655506134,-2.234952926635742,-0.28456977009773254,0.0,-0.007168576121330261,-0.007168576121330261,0.07665808498859406,0.07665808498859406,-0.025716640055179596,1.1240389347076416,0.40869298577308655,0.0,0.10237472504377365,0.10237472504377365
259,8.633333333333333,24,0,0,,4,uneven rough,7,0.0,64.67311096191406,36.24551773071289,0.27113640308380127,1.8173437118530273,-1.3267786502838135,1.8173437118530273,-1.3267786502838135,9.620283126831055,4.962362766265869,0.4615631103515625,0.5447437763214111,0.16585326194763184,0.9086718559265137,-0.6633893251419067,0.6296259164810181,0.5048214793205261,-0.4658409655094147,0.012614601291716099,0.3864181637763977,-0.10756780207157135,0.44073814153671265,0.44073814153671265,0.0670103058218956,1.6018545627593994,-0.40132468938827515,0.0,0.37372783571481705,0.37372783571481705,0.25241073966026306,0.25241073966026306,0.24362409114837646,1.3108772039413452,0.30022573471069336,0.0,0.008786648511886597,0.008786648511886597,-0.23292048275470734,-0.23292048275470734,0.008285162039101124,-1.7870148420333862,0.6289415955543518,0.0,-0.24120564479380846,-0.24120564479380846,0.008830220438539982,0.008830220438539982,-0.02893531136214733,0.7193136811256409,-0.45930778980255127,0.0,0.03776553180068731,0.03776553180068731,0.19320908188819885,0.19320908188819885,0.17308728396892548,1.791436791419983,0.1496209353208542,0.0,0.020121797919273376,0.020121797919273376,-0.053783901035785675,-0.053783901035785675,-0.09026996046304703,2.0044689178466797,0.09705536812543869,0.0,0.03648605942726135,0.03648605942726135
260,8.666666666666666,4,0,0,,4,uneven rough,5,0.0,54.28826141357422,38.071990966796875,0.2785511016845703,1.445910930633545,0.621444821357727,1.445910930633545,0.621444821357727,4.902921676635742,1.1258128881454468,0.1666666716337204,0.0704522579908371,0.26533281803131104,0.7229554653167725,0.3107224106788635,0.640691876411438,0.03043225407600403,0.4842398762702942,-0.22602123022079468,0.2969646751880646,-0.4422953128814697,0.44848430156707764,0.44848430156707764,0.2765907049179077,1.8696545362472534,-1.4336090087890625,0.0,0.17189359664916992,0.17189359664916992,0.015216127038002014,0.015216127038002014,0.19820161163806915,-1.7416242361068726,0.7944665551185608,0.0,-0.18298548460006714,-0.18298548460006714,0.2421199381351471,0.2421199381351471,0.10278584808111191,-0.2788904309272766,-0.6011269092559814,0.0,0.1393340900540352,0.1393340900540352,-0.15821485221385956,-0.15821485221385956,0.1787220537662506,-1.411736249923706,-0.7952630519866943,0.0,-0.33693690598011017,-0.33693690598011017,0.1484823375940323,0.1484823375940323,0.13544873893260956,1.5933316946029663,-1.576163411140442,0.0,0.01303359866142273,0.01303359866142273,-0.22114765644073486,-0.22114765644073486,-0.009536230005323887,-0.007478607818484306,1.4326696395874023,0.0,-0.21161142643541098,-0.21161142643541098
260,8.666666666666666,14,0,0,,4,uneven rough,5,0.0,54.376747131347656,38.900634765625,0.20778919756412506,1.4140827655792236,0.6077595949172974,1.4140827655792236,0.6077595949172974,7.137717247009277,0.5269328951835632,0.1666666716337204,0.45952534675598145,0.05254444479942322,0.7070413827896118,0.3038797974586487,0.11982116103172302,0.14338339865207672,0.18966230750083923,0.2866825759410858,0.0343901552259922,-0.22347979247570038,0.08387481421232224,0.08387481421232224,0.3381975591182709,-1.4152811765670776,-0.3936455547809601,0.0,-0.25432274490594864,-0.25432274490594864,0.07169169932603836,0.07169169932603836,0.09520378708839417,-0.2953914701938629,1.5621492862701416,0.0,-0.023512087762355804,-0.023512087762355804,0.09483115375041962,0.09483115375041962,0.13421186804771423,-1.1201980113983154,0.43460988998413086,0.0,-0.03938071429729462,-0.03938071429729462,0.2006777971982956,0.2006777971982956,0.27980849146842957,-1.9893172979354858,1.5146005153656006,0.0,-0.07913069427013397,-0.07913069427013397,0.0171950776129961,0.0171950776129961,0.05743229016661644,-1.9993007183074951,-1.3873199224472046,0.0,-0.04023721255362034,-0.04023721255362034,-0.11173989623785019,-0.11173989623785019,-0.028320472687482834,1.631010890007019,0.8131508827209473,0.0,-0.08341942355036736,-0.08341942355036736
260,8.666666666666666,24,0,0,,4,uneven rough,7,0.0,64.72456359863281,36.2368049621582,0.2768796980381012,1.6802113056182861,0.4242827892303467,1.6802113056182861,0.4242827892303467,8.064711570739746,3.796786069869995,0.27902597188949585,0.3411329388618469,0.12000654637813568,0.8401056528091431,0.21214139461517334,-0.153387188911438,0.7383309006690979,0.15913338959217072,0.5758652687072754,0.32052209973335266,0.2301175594329834,-0.10737103223800659,-0.10737103223800659,0.019550619646906853,-2.000389575958252,0.7312764525413513,0.0,-0.12692165188491344,-0.12692165188491344,0.36916545033454895,0.36916545033454895,0.3076654374599457,1.9944740533828735,0.8716498613357544,0.0,0.06150001287460327,0.06150001287460327,0.07956669479608536,0.07956669479608536,0.026925869286060333,-0.888867199420929,-0.7370445132255554,0.0,0.052640825510025024,0.052640825510025024,0.4031056761741638,0.4031056761741638,0.03863292187452316,1.8480111360549927,0.20708690583705902,0.0,0.36447275429964066,0.36447275429964066,0.16026104986667633,0.16026104986667633,0.20252130925655365,0.15200580656528473,1.077906608581543,0.0,-0.04226025938987732,-0.04226025938987732,0.1150587797164917,0.1150587797164917,-0.017403490841388702,2.0130906105041504,1.1755104064941406,0.0,0.1324622705578804,0.1324622705578804
261,8.7,4,0,0,,4,uneven rough,5,0.0,54.259300231933594,38.08655548095703,0.2655087411403656,1.4410595893859863,0.07177725434303284,1.4410595893859863,0.07177725434303284,3.2354869842529297,0.7424101829528809,0.3333333432674408,0.18290159106254578,0.033775582909584045,0.7205297946929932,0.03588862717151642,0.6796421408653259,-0.15940457582473755,0.22959387302398682,0.39578935503959656,0.6684056520462036,0.09365398436784744,0.47574949264526367,0.47574949264526367,0.3380112051963806,1.954460620880127,0.434062123298645,0.0,0.13773828744888306,0.13773828744888306,-0.2550473213195801,-0.2550473213195801,0.1709546595811844,0.9256684184074402,-0.6394437551498413,0.0,-0.42600198090076447,-0.42600198090076447,0.11479693651199341,0.11479693651199341,0.09033901989459991,-1.3966137170791626,-0.41893383860588074,0.0,0.024457916617393494,0.024457916617393494,0.27705255150794983,0.27705255150794983,0.2087906002998352,1.891751766204834,-1.1438181400299072,0.0,0.06826195120811462,0.06826195120811462,0.3342028260231018,0.3342028260231018,0.16629144549369812,0.08535516262054443,0.2158748060464859,0.0,0.1679113805294037,0.1679113805294037,0.04682699218392372,0.04682699218392372,0.020893868058919907,0.731372594833374,0.6184072494506836,0.0,0.025933124125003815,0.025933124125003815
261,8.7,14,0,0,,4,uneven rough,5,0.0,54.339237213134766,38.90483856201172,0.20972153544425964,1.4942920207977295,0.201681450009346,1.4942920207977295,0.201681450009346,5.158743858337402,2.144225597381592,0.3333333432674408,0.4507036805152893,0.278495728969574,0.7471460103988647,0.100840725004673,0.4233247935771942,-0.037780068814754486,0.33689969778060913,-0.02824605070054531,0.07780974358320236,-0.46381866931915283,0.2963273525238037,0.2963273525238037,0.29987913370132446,-0.5058493614196777,-0.9712801575660706,0.0,-0.003551781177520752,-0.003551781177520752,-0.06044811010360718,-0.06044811010360718,0.05546639859676361,0.1643703728914261,0.5118924379348755,0.0,-0.11591450870037079,-0.11591450870037079,0.16844984889030457,0.16844984889030457,0.13967633247375488,-0.09739451855421066,-0.4444812834262848,0.0,0.028773516416549683,0.028773516416549683,-0.019772235304117203,-0.019772235304117203,0.21786551177501678,-1.7074817419052124,-0.46652093529701233,0.0,-0.237637747079134,-0.237637747079134,0.03890487179160118,0.03890487179160118,-0.001975361257791519,-0.39797714352607727,-1.7333348989486694,0.0,0.0408802330493927,0.0408802330493927,-0.23190933465957642,-0.23190933465957642,0.01409031543880701,-0.007555019110441208,1.2755703926086426,0.0,-0.24599965009838343,-0.24599965009838343
261,8.7,24,0,0,,4,uneven rough,7,0.0,64.77117156982422,36.233970642089844,0.27558207511901855,1.8807259798049927,-0.47717857360839844,1.8807259798049927,-0.47717857360839844,9.932328224182129,3.847095251083374,0.3333333432674408,0.12377895414829254,0.20560812950134277,0.9403629899024963,-0.23858928680419922,-0.3930155336856842,0.5108894109725952,-0.48717090487480164,0.20254279673099518,0.5594074726104736,-5.858391523361206e-05,-0.2751108705997467,-0.2751108705997467,-0.04168032482266426,-1.4501221179962158,-0.8132123947143555,0.0,-0.23343054577708244,-0.23343054577708244,0.2554447054862976,0.2554447054862976,0.28814080357551575,-1.4863526821136475,1.5064966678619385,0.0,-0.03269609808921814,-0.03269609808921814,-0.24358545243740082,-0.24358545243740082,-0.04284170642495155,-1.7068034410476685,-0.8228853344917297,0.0,-0.20074374601244926,-0.20074374601244926,0.14177995920181274,0.14177995920181274,0.10660324990749359,1.9684351682662964,1.1348683834075928,0.0,0.03517670929431915,0.03517670929431915,0.2797037363052368,0.2797037363052368,0.23159195482730865,1.822349190711975,0.554400622844696,0.0,0.04811178147792816,0.04811178147792816,-2.929195761680603e-05,-2.929195761680603e-05,-0.022477339953184128,-1.3640918731689453,1.64907968044281,0.0,0.022448047995567322,0.022448047995567322
262,8.733333333333333,4,0,0,,4,uneven rough,5,0.0,54.232276916503906,38.10009002685547,0.2601572871208191,1.579280972480774,-0.3043438494205475,1.579280972480774,-0.3043438494205475,3.1169185638427734,2.5109055042266846,0.3333333432674408,0.29305240511894226,0.21013759076595306,0.789640486240387,-0.15217192471027374,-0.0037543298676609993,0.08358339965343475,0.5731586217880249,0.522336483001709,0.6513222455978394,-0.1917559951543808,-0.0026280309539288282,-0.0026280309539288282,0.345807820558548,-0.4999226927757263,1.2936981916427612,0.0,-0.3484358515124768,-0.3484358515124768,0.04179169982671738,0.04179169982671738,0.17684637010097504,-0.3115966022014618,0.2454734742641449,0.0,-0.13505467027425766,-0.13505467027425766,0.28657931089401245,0.28657931089401245,0.09082603454589844,0.8187034726142883,-0.9717158079147339,0.0,0.195753276348114,0.195753276348114,0.36563554406166077,0.36563554406166077,0.28175899386405945,2.0446927547454834,0.5724985599517822,0.0,0.08387655019760132,0.08387655019760132,0.3256611227989197,0.3256611227989197,0.19308964908123016,0.7611953616142273,0.14207877218723297,0.0,0.13257147371768951,0.13257147371768951,-0.0958779975771904,-0.0958779975771904,-0.03456562012434006,-2.0046825408935547,0.682278037071228,0.0,-0.06131237745285034,-0.06131237745285034
262,8.733333333333333,14,0,0,,4,uneven rough,5,0.0,54.30024337768555,38.912864685058594,0.2148056924343109,1.5530414581298828,-0.07437451183795929,1.5530414581298828,-0.07437451183795929,4.776521682739258,4.265254974365234,0.6666666865348816,0.43327435851097107,0.2148703783750534,0.7765207290649414,-0.037187255918979645,0.4524724781513214,-0.06833339482545853,0.4480249583721161,0.3014738857746124,0.31246864795684814,-0.3900984823703766,0.3167307376861572,0.3167307376861572,0.29157960414886475,-0.13498324155807495,-0.7081247568130493,0.0,0.02515113353729248,0.02515113353729248,-0.10933343321084976,-0.10933343321084976,0.060338255017995834,-0.3131197392940521,0.3154028356075287,0.0,-0.1696716882288456,-0.1696716882288456,0.22401247918605804,0.22401247918605804,0.1828480213880539,2.0479824542999268,-0.24823780357837677,0.0,0.04116445779800415,0.04116445779800415,0.2110317200422287,0.2110317200422287,0.18219344317913055,-0.6697396039962769,-1.1681623458862305,0.0,0.028838276863098145,0.028838276863098145,0.15623432397842407,0.15623432397842407,0.044573619961738586,1.3408539295196533,-0.9783212542533875,0.0,0.11166070401668549,0.11166070401668549,-0.1950492411851883,-0.1950492411851883,0.006564927287399769,-0.39405325055122375,0.5500890016555786,0.0,-0.20161416847258806,-0.20161416847258806
262,8.733333333333333,24,0,0,,4,uneven rough,7,0.0,64.81149291992188,36.235328674316406,0.28598031401634216,1.893080711364746,-0.08022034913301468,1.893080711364746,-0.08022034913301468,10.190640449523926,6.6666669845581055,0.3333333432674408,-0.20847360789775848,0.1180981993675232,0.946540355682373,-0.04011017456650734,-0.051325391978025436,0.3311476707458496,0.24904634058475494,0.06783273816108704,0.3943929970264435,0.11795997619628906,-0.035927772521972656,-0.035927772521972656,-0.016425034031271935,-0.01993377134203911,-1.173322319984436,0.0,-0.019502738490700722,-0.019502738490700722,0.1655738353729248,0.1655738353729248,0.2226819097995758,-1.9981091022491455,-0.18566574156284332,0.0,-0.057108074426651,-0.057108074426651,0.12452317029237747,0.12452317029237747,-0.0037013806868344545,2.004598617553711,-1.3226542472839355,0.0,0.12822455097921193,0.12822455097921193,0.047482915222644806,0.047482915222644806,0.05563061311841011,-1.3511772155761719,1.606168508529663,0.0,-0.008147697895765305,-0.008147697895765305,0.19719649851322174,0.19719649851322174,0.1933222860097885,-1.6148091554641724,1.271301031112671,0.0,0.0038742125034332275,0.0038742125034332275,0.05897998809814453,0.05897998809814453,0.0186520516872406,1.9700027704238892,-0.05457290634512901,0.0,0.04032793641090393,0.04032793641090393
263,8.766666666666666,4,0,0,,4,uneven rough,5,0.0,54.2073860168457,38.1172981262207,0.26020947098731995,1.6552135944366455,0.4252045154571533,1.6552135944366455,0.4252045154571533,4.872801303863525,5.101659774780273,0.3333333432674408,0.2756485342979431,0.1941184252500534,0.8276067972183228,0.21260225772857666,0.5285447835922241,0.28549686074256897,0.7021604776382446,0.6116812229156494,0.20432184636592865,0.09778447449207306,0.3699813485145569,0.3699813485145569,0.358412504196167,0.7345067858695984,0.279581755399704,0.0,0.011568844318389893,0.011568844318389893,0.14274843037128448,0.14274843037128448,0.12463221698999405,-1.1707600355148315,-0.06949494779109955,0.0,0.018116213381290436,0.018116213381290436,0.3510802388191223,0.3510802388191223,0.13825803995132446,1.9555200338363647,0.04059046879410744,0.0,0.21282219886779785,0.21282219886779785,0.4281768500804901,0.4281768500804901,0.3390979766845703,1.6776561737060547,1.4048798084259033,0.0,0.0890788733959198,0.0890788733959198,0.10216092318296432,0.10216092318296432,0.1356312334537506,-1.5825355052947998,0.4921284019947052,0.0,-0.033470310270786285,-0.033470310270786285,0.04889223724603653,0.04889223724603653,-0.016395261511206627,-0.2705012559890747,-0.8369342684745789,0.0,0.06528749875724316,0.06528749875724316
263,8.766666666666666,14,0,0,,4,uneven rough,5,0.0,54.26209259033203,38.92159652709961,0.21810930967330933,1.584576964378357,0.7395286560058594,1.584576964378357,0.7395286560058594,6.134881496429443,3.666074275970459,0.3333333432674408,0.3527858257293701,0.06413328647613525,0.7922884821891785,0.3697643280029297,0.7149280309677124,-0.06326874345541,-0.27528297901153564,0.2404291182756424,0.30219340324401855,-0.03956983610987663,0.5004495978355408,0.5004495978355408,0.3481987714767456,1.7085191011428833,-0.3840695023536682,0.0,0.15225082635879517,0.15225082635879517,-0.10122998803853989,-0.10122998803853989,0.012849503196775913,-0.6750392913818359,-0.039964959025382996,0.0,-0.1140794912353158,-0.1140794912353158,-0.13764148950576782,-0.13764148950576782,0.1382463425397873,-1.9873486757278442,1.0500491857528687,0.0,-0.2758878320455551,-0.2758878320455551,0.16830037534236908,0.16830037534236908,0.13414140045642853,-0.5259607434272766,-0.8863531947135925,0.0,0.03415897488594055,0.03415897488594055,0.15109670162200928,0.15109670162200928,0.07902482897043228,1.9990252256393433,0.3329445719718933,0.0,0.072071872651577,0.072071872651577,-0.019784918054938316,-0.019784918054938316,-0.013363022357225418,-0.7342411279678345,0.016269274055957794,0.0,-0.006421895697712898,-0.006421895697712898
263,8.766666666666666,24,0,0,,4,uneven rough,7,0.0,64.85249328613281,36.24477767944336,0.3050232529640198,1.8563191890716553,0.001166336121968925,1.8563191890716553,0.001166336121968925,9.652806282043457,0.7498697638511658,0.1666666716337204,-0.5851558446884155,0.07761690020561218,0.9281595945358276,0.0005831680609844625,-0.07912357896566391,0.7246297001838684,0.29068148136138916,-0.10649219155311584,0.275882363319397,-0.4159295856952667,-0.0553865060210228,-0.0553865060210228,-0.03336324170231819,-0.9665364027023315,-0.521194338798523,0.0,-0.022023264318704605,-0.022023264318704605,0.3623148500919342,0.3623148500919342,0.26999664306640625,1.771965503692627,-1.2104244232177734,0.0,0.09231820702552795,0.09231820702552795,0.14534074068069458,0.14534074068069458,0.04162711650133133,1.337689757347107,0.5585805177688599,0.0,0.10371362417936325,0.10371362417936325,-0.07454453408718109,-0.07454453408718109,-0.008382982574403286,-1.9264614582061768,-0.06592004001140594,0.0,-0.0661615515127778,-0.0661615515127778,0.1379411816596985,0.1379411816596985,0.18081972002983093,-1.2163134813308716,-0.36051085591316223,0.0,-0.042878538370132446,-0.042878538370132446,-0.20796479284763336,-0.20796479284763336,0.056186120957136154,1.6924268007278442,1.0901257991790771,0.0,-0.2641509138047695,-0.2641509138047695
264,8.8,4,0,0,,4,uneven rough,5,0.0,54.17756652832031,38.129615783691406,0.26320427656173706,1.6888693571090698,0.590080976486206,1.6888693571090698,0.590080976486206,8.19465160369873,5.7569403648376465,0.3333333432674408,0.30764472484588623,0.21496149897575378,0.8444346785545349,0.295040488243103,-0.11854664981365204,0.11486335098743439,0.6322217583656311,0.6439939141273499,0.34314849972724915,0.057746220380067825,-0.08298265188932419,-0.08298265188932419,0.3073035478591919,-1.9996150732040405,0.5367971658706665,0.0,-0.3902861997485161,-0.3902861997485161,0.057431675493717194,0.057431675493717194,0.09671952575445175,-0.5482845306396484,-0.692152202129364,0.0,-0.03928785026073456,-0.03928785026073456,0.31611087918281555,0.31611087918281555,0.19140006601810455,1.7963467836380005,1.1232950687408447,0.0,0.124710813164711,0.124710813164711,0.4507957398891449,0.4507957398891449,0.4058932065963745,1.8711574077606201,1.5591081380844116,0.0,0.044902533292770386,0.044902533292770386,0.17157424986362457,0.17157424986362457,0.11776842921972275,0.3769647777080536,-0.6808902621269226,0.0,0.053805820643901825,0.053805820643901825,0.028873110190033913,0.028873110190033913,-0.023975897580385208,-0.06325598806142807,-0.5166720151901245,0.0,0.05284900777041912,0.05284900777041912
264,8.8,14,0,0,,4,uneven rough,5,0.0,54.22206115722656,38.92958068847656,0.21713487803936005,1.6023948192596436,0.9159299731254578,1.6023948192596436,0.9159299731254578,7.0277862548828125,7.752347469329834,0.5,0.25327131152153015,0.059457458555698395,0.8011974096298218,0.4579649865627289,0.008241824805736542,-0.09247579425573349,0.0354054793715477,0.4411661624908447,0.412845253944397,0.10520712286233902,0.005769277457147837,0.005769277457147837,0.30484116077423096,-1.1393755674362183,0.7990838289260864,0.0,-0.2990718833170831,-0.2990718833170831,-0.14796127378940582,-0.14796127378940582,-0.03731957823038101,-1.2020829916000366,-0.39903712272644043,0.0,-0.11064169555902481,-0.11064169555902481,0.01770273968577385,0.01770273968577385,0.06587110459804535,-2.0244553089141846,-0.6673009991645813,0.0,-0.0481683649122715,-0.0481683649122715,0.3088163137435913,0.3088163137435913,0.19707049429416656,1.875077724456787,-0.682586669921875,0.0,0.11174581944942474,0.11174581944942474,0.2064226269721985,0.2064226269721985,0.12405862659215927,1.6776446104049683,1.274949550628662,0.0,0.08236400038003922,0.08236400038003922,0.05260356143116951,0.05260356143116951,0.031549371778964996,1.5134727954864502,-0.4080706536769867,0.0,0.021054189652204514,0.021054189652204514
264,8.8,24,0,0,,4,uneven rough,7,0.0,64.89010620117188,36.25485610961914,0.31764113903045654,1.9251031875610352,-0.9357954263687134,1.9178627729415894,-0.9357954263687134,9.60550308227539,4.862030982971191,0.3333333432674408,-0.8556360602378845,0.159690260887146,0.9625515937805176,-0.4678977131843567,0.21309275925159454,0.5324194431304932,-0.02265183813869953,-0.5673703551292419,0.4142630994319916,-0.7920241355895996,0.14916492998600006,0.14916492998600006,0.01241905614733696,2.000000238418579,-0.7729915380477905,0.0,0.1367458738386631,0.1367458738386631,0.2662097215652466,0.2662097215652466,0.28768375515937805,-0.03727645426988602,0.47582417726516724,0.0,-0.02147403359413147,-0.02147403359413147,-0.011325919069349766,-0.011325919069349766,-0.013021557591855526,-1.1646233797073364,0.9990902543067932,0.0,0.0016956385225057602,0.0016956385225057602,-0.39715924859046936,-0.39715924859046936,-0.0780869871377945,-1.9816440343856812,-1.1178735494613647,0.0,-0.31907226145267487,-0.31907226145267487,0.2071315497159958,0.2071315497159958,0.17112372815608978,0.7646452188491821,-0.844383180141449,0.0,0.036007821559906006,0.036007821559906006,-0.3960120677947998,-0.3960120677947998,0.00290667824447155,-1.7412440776824951,1.4306678771972656,0.0,-0.39891874603927135,-0.39891874603927135
265,8.833333333333334,4,0,0,,4,uneven rough,5,0.0,54.14255905151367,38.1408576965332,0.2678791582584381,1.592841386795044,0.3166952133178711,1.592841386795044,0.3166952133178711,7.574400901794434,6.051137447357178,0.3333333432674408,0.16667768359184265,0.11233663558959961,0.796420693397522,0.15834760665893555,0.5041276812553406,0.19363756477832794,0.19409452378749847,0.5761129260063171,0.18036381900310516,0.34717679023742676,0.35288935899734497,0.35288935899734497,0.33866798877716064,1.4821796417236328,-0.8972948789596558,0.0,0.014221370220184326,0.014221370220184326,0.09681878238916397,0.09681878238916397,0.07966260612010956,0.6203113794326782,-0.6108091473579407,0.0,0.017156176269054413,0.017156176269054413,0.09704726189374924,0.09704726189374924,0.14789150655269623,-2.0000007152557373,1.5038397312164307,0.0,-0.05084424465894699,-0.05084424465894699,0.40327903628349304,0.40327903628349304,0.3811706304550171,-0.6774755716323853,1.7355413436889648,0.0,0.022108405828475952,0.022108405828475952,0.09018190950155258,0.09018190950155258,0.09020727872848511,0.2971796691417694,-0.08277713507413864,0.0,-2.5369226932525635e-05,-2.5369226932525635e-05,0.17358839511871338,0.17358839511871338,-0.010708731599152088,0.21953806281089783,-0.26030978560447693,0.0,0.18429712671786547,0.18429712671786547
265,8.833333333333334,14,0,0,,4,uneven rough,5,0.0,54.17856979370117,38.93609619140625,0.20909832417964935,1.3927040100097656,1.0448410511016846,1.3927040100097656,1.0448410511016846,7.142453670501709,3.3333334922790527,0.1666666716337204,0.27985507249832153,0.11314326524734497,0.6963520050048828,0.5224205255508423,0.21983826160430908,-0.22651919722557068,0.17663262784481049,0.4270840883255005,0.7384105920791626,-0.1242455467581749,0.15388678014278412,0.15388678014278412,0.2417568415403366,-1.7950080633163452,-0.29692456126213074,0.0,-0.08787006139755249,-0.08787006139755249,-0.36243072152137756,-0.36243072152137756,-0.07400720566511154,-0.49830251932144165,-0.853080689907074,0.0,-0.288423515856266,-0.288423515856266,0.08831631392240524,0.08831631392240524,0.06173548474907875,1.164498209953308,-1.434638500213623,0.0,0.026580829173326492,0.026580829173326492,0.2989588677883148,0.2989588677883148,0.26526543498039246,1.999798059463501,0.7635213732719421,0.0,0.03369343280792236,0.03369343280792236,0.3692052960395813,0.3692052960395813,0.18239198625087738,1.6830506324768066,1.502634048461914,0.0,0.18681330978870392,0.18681330978870392,-0.06212277337908745,-0.06212277337908745,-0.01859283819794655,-1.851613163948059,0.6783734560012817,0.0,-0.0435299351811409,-0.0435299351811409
265,8.833333333333334,24,0,0,,4,uneven rough,7,0.0,64.9268798828125,36.267967224121094,0.32455122470855713,1.706378698348999,-0.42816442251205444,1.706378698348999,-0.42816442251205444,8.769691467285156,0.0,0.0,-0.47677844762802124,0.09319242089986801,0.8531893491744995,-0.21408221125602722,-0.1029493659734726,0.5887287259101868,0.06620058417320251,-0.3607228100299835,0.2198561131954193,-0.5466333627700806,-0.07206455618143082,-0.07206455618143082,0.006805905606597662,-1.3453460931777954,0.7948629856109619,0.0,-0.07887046178802848,-0.07887046178802848,0.2943643629550934,0.2943643629550934,0.2625068724155426,0.9553849101066589,0.1857161670923233,0.0,0.03185749053955078,0.03185749053955078,0.03310029208660126,0.03310029208660126,-0.029758913442492485,1.0408302545547485,-0.2242773324251175,0.0,0.06285920552909374,0.06285920552909374,-0.25250595808029175,-0.25250595808029175,-0.13291196525096893,-1.8990800380706787,-1.6062508821487427,0.0,-0.11959399282932281,-0.11959399282932281,0.10992805659770966,0.10992805659770966,0.1474134773015976,0.5757554173469543,0.06536436825990677,0.0,-0.03748542070388794,-0.03748542070388794,-0.2733166813850403,-0.2733166813850403,-0.02396012842655182,-0.30218881368637085,-0.36273685097694397,0.0,-0.24935655295848846,-0.24935655295848846
266,8.866666666666667,4,0,0,,4,uneven rough,5,0.0,54.10463333129883,38.147727966308594,0.26705440878868103,1.6989014148712158,1.1567442417144775,1.6989014148712158,1.1567442417144775,6.127389430999756,2.3957808017730713,0.1666666716337204,-0.450948566198349,0.2265583574771881,0.8494507074356079,0.5783721208572388,-0.11353512108325958,0.17160440981388092,0.29123586416244507,0.5308485627174377,0.5290083885192871,-0.0815238282084465,-0.07947458326816559,-0.07947458326816559,0.29679521918296814,-1.0115175247192383,0.44806429743766785,0.0,-0.37626980245113373,-0.37626980245113373,0.08580220490694046,0.08580220490694046,0.12175828218460083,0.23511356115341187,0.08526860922574997,0.0,-0.03595607727766037,-0.03595607727766037,0.14561793208122253,0.14561793208122253,0.12084504216909409,0.07461759448051453,-0.4772379398345947,0.0,0.02477288991212845,0.02477288991212845,0.37159398198127747,0.37159398198127747,0.39194416999816895,-0.8049137592315674,0.3712172508239746,0.0,-0.02035018801689148,-0.02035018801689148,0.26450419425964355,0.26450419425964355,0.1386217474937439,0.3625873625278473,0.13205112516880035,0.0,0.12588244676589966,0.12588244676589966,-0.04076191410422325,-0.04076191410422325,-0.03991173952817917,-0.766164243221283,0.01099704671651125,0.0,-0.0008501745760440826,-0.0008501745760440826
266,8.866666666666667,14,0,0,,4,uneven rough,5,0.0,54.131832122802734,38.94941329956055,0.19660425186157227,1.714393973350525,1.2570419311523438,1.714393973350525,1.2570419311523438,8.694686889648438,2.3880815505981445,0.1666666716337204,0.3872640132904053,0.0805186927318573,0.8571969866752625,0.6285209655761719,0.5852798223495483,-0.05738850682973862,0.008116873912513256,0.4500281512737274,0.5126498937606812,0.3187052011489868,0.4096958637237549,0.4096958637237549,0.28684210777282715,1.9402276277542114,-1.1439436674118042,0.0,0.12285375595092773,0.12285375595092773,-0.09182161092758179,-0.09182161092758179,-0.08447597175836563,1.533496379852295,-0.6524884700775146,0.0,-0.007345639169216156,-0.007345639169216156,0.004058436956256628,0.004058436956256628,0.018305975943803787,-1.6284395456314087,0.034918028861284256,0.0,-0.01424753898754716,-0.01424753898754716,0.3150196969509125,0.3150196969509125,0.2876621186733246,1.2614365816116333,1.4625144004821777,0.0,0.02735757827758789,0.02735757827758789,0.2563249468803406,0.2563249468803406,0.23956435918807983,0.6693825125694275,1.6046419143676758,0.0,0.016760587692260742,0.016760587692260742,0.1593526005744934,0.1593526005744934,0.021347224712371826,1.4357255697250366,-0.7520855069160461,0.0,0.13800537586212158,0.13800537586212158
266,8.866666666666667,24,0,0,,4,uneven rough,7,0.0,64.96367645263672,36.281803131103516,0.3229023814201355,1.9466898441314697,-0.8159692883491516,1.8967353105545044,-0.8159692883491516,10.217416763305664,7.193459987640381,0.5,-0.38467782735824585,0.199641615152359,0.9733449220657349,-0.4079846441745758,0.689393162727356,0.3571482002735138,-0.3058689534664154,-0.43389952182769775,0.5357475280761719,-0.655331015586853,0.4825752079486847,0.4825752079486847,0.04469241946935654,1.9693999290466309,-0.41521507501602173,0.0,0.43788278847932816,0.43788278847932816,0.1785741001367569,0.1785741001367569,0.20469222962856293,-2.0000007152557373,0.6208882331848145,0.0,-0.02611812949180603,-0.02611812949180603,-0.1529344767332077,-0.1529344767332077,-0.09133343398571014,-1.99994695186615,0.49101677536964417,0.0,-0.06160104274749756,-0.06160104274749756,-0.3037296533584595,-0.3037296533584595,-0.20302559435367584,-2.000006675720215,-1.7718169689178467,0.0,-0.10070405900478363,-0.10070405900478363,0.26787376403808594,0.26787376403808594,0.19848717749118805,2.000148296356201,0.35394036769866943,0.0,0.06938658654689789,0.06938658654689789,-0.3276655077934265,-0.3276655077934265,-0.09082644432783127,-1.9921908378601074,-0.3285028636455536,0.0,-0.23683906346559525,-0.23683906346559525
267,8.9,4,0,0,,4,uneven rough,5,0.0,54.0645637512207,38.1539306640625,0.26441308856010437,1.710975170135498,-0.20885151624679565,1.710975170135498,-0.20885151624679565,8.577892303466797,2.9312846660614014,0.1666666716337204,-0.3274502456188202,0.2549061179161072,0.855487585067749,-0.10442575812339783,0.49110499024391174,-0.12170417606830597,0.44547247886657715,0.3361610770225525,0.4112744629383087,-0.2768220603466034,0.3437734842300415,0.3437734842300415,0.3222179710865021,0.7906402945518494,-0.3771858811378479,0.0,0.02155551314353943,0.02155551314353943,-0.19472669064998627,-0.19472669064998627,0.11557222902774811,0.9623633027076721,0.16999121010303497,0.0,-0.3102989196777344,-0.3102989196777344,0.22273623943328857,0.22273623943328857,0.1765332818031311,1.8619316816329956,-0.1652178317308426,0.0,0.04620295763015747,0.04620295763015747,0.23531274497509003,0.23531274497509003,0.32256925106048584,-2.0037965774536133,-0.29376932978630066,0.0,-0.08725650608539581,-0.08725650608539581,0.20563723146915436,0.20563723146915436,0.15467050671577454,1.5764437913894653,0.2623967230319977,0.0,0.05096672475337982,0.05096672475337982,-0.1384110301733017,-0.1384110301733017,-0.09490305185317993,-2.003892421722412,-0.4284113347530365,0.0,-0.043507978320121765,-0.043507978320121765
267,8.9,14,0,0,,4,uneven rough,5,0.0,54.08475112915039,38.96107482910156,0.1966327726840973,1.7781109809875488,0.8036620020866394,1.7781109809875488,0.8036620020866394,8.878289222717285,0.7668321132659912,0.3333333432674408,0.5463023781776428,0.2843818962574005,0.8890554904937744,0.4018310010433197,-0.29303550720214844,0.05486327409744263,0.3282361626625061,0.5487430691719055,0.6079522371292114,0.04658481106162071,-0.2051248550415039,-0.2051248550415039,0.24752549827098846,-1.9399018287658691,0.5998523235321045,0.0,-0.45265035331249237,-0.45265035331249237,0.027431637048721313,0.027431637048721313,-0.013461446389555931,1.9997631311416626,0.5834712982177734,0.0,0.040893083438277245,0.040893083438277245,0.16411808133125305,0.16411808133125305,0.07074570655822754,1.927459478378296,-0.9055473208427429,0.0,0.09337237477302551,0.09337237477302551,0.3841201364994049,0.3841201364994049,0.35926803946495056,1.8623459339141846,1.3488246202468872,0.0,0.024852097034454346,0.024852097034454346,0.3039761185646057,0.3039761185646057,0.28130242228507996,0.7303165197372437,1.075844645500183,0.0,0.022673696279525757,0.022673696279525757,0.023292405530810356,0.023292405530810356,0.012435457669198513,-1.2519913911819458,0.48490679264068604,0.0,0.010856947861611843,0.010856947861611843
267,8.9,24,0,0,,4,uneven rough,7,0.0,65.00308227539062,36.27835464477539,0.32623952627182007,1.7062275409698486,-0.24099071323871613,1.7062275409698486,-0.24099071323871613,8.727849006652832,0.0,0.0,-0.0419931523501873,0.12689730525016785,0.8531137704849243,-0.12049535661935806,0.5730686187744141,0.6189733743667603,0.2999263405799866,0.42679300904273987,0.2888595759868622,-0.11468805372714996,0.4011480212211609,0.4011480212211609,0.1088414266705513,1.8157331943511963,0.9330505132675171,0.0,0.2923065945506096,0.2923065945506096,0.3094866871833801,0.3094866871833801,0.236318901181221,1.7368173599243164,-0.8609670996665955,0.0,0.07316778600215912,0.07316778600215912,0.1499631702899933,0.1499631702899933,-0.034803006798028946,0.0030146241188049316,-0.9173786044120789,0.0,0.18476617708802223,0.18476617708802223,0.29875510931015015,0.29875510931015015,-0.18467602133750916,1.5996968746185303,-1.9008358716964722,0.0,0.4834311306476593,0.4834311306476593,0.1444297879934311,0.1444297879934311,0.2094910889863968,-0.8104810118675232,1.2847093343734741,0.0,-0.0650613009929657,-0.0650613009929657,-0.05734402686357498,-0.05734402686357498,-0.0624578595161438,0.049802958965301514,-1.2691550254821777,0.0,0.005113832652568817,0.005113832652568817
268,8.933333333333334,4,0,0,,4,uneven rough,5,0.0,54.025516510009766,38.16142272949219,0.26522234082221985,1.3833974599838257,0.9102805852890015,1.3833974599838257,0.9102805852890015,6.848791122436523,3.128412961959839,0.3333333432674408,-0.43385693430900574,0.2022312581539154,0.6916987299919128,0.45514029264450073,0.6622126698493958,0.19001571834087372,0.1527974158525467,-0.03906878083944321,0.330611914396286,-0.2913292944431305,0.463548868894577,0.463548868894577,0.3826516270637512,1.8007678985595703,0.28310513496398926,0.0,0.0808972418308258,0.0808972418308258,0.09500785917043686,0.09500785917043686,0.11519236862659454,1.3481311798095703,0.617999792098999,0.0,-0.020184509456157684,-0.020184509456157684,0.07639870792627335,0.07639870792627335,0.12731759250164032,-2.024240732192993,0.9809361100196838,0.0,-0.050918884575366974,-0.050918884575366974,-0.027348145842552185,-0.027348145842552185,0.2524532675743103,-2.0188353061676025,-1.2606217861175537,0.0,-0.2798014134168625,-0.2798014134168625,0.165305957198143,0.165305957198143,0.14776256680488586,-0.4756961762905121,1.0053613185882568,0.0,0.01754339039325714,0.01754339039325714,-0.14566464722156525,-0.14566464722156525,-0.1505725085735321,-1.3034865856170654,-1.3191912174224854,0.0,0.004907861351966858,0.004907861351966858
268,8.933333333333334,14,0,0,,4,uneven rough,5,0.0,54.03980255126953,38.9698600769043,0.20688389241695404,1.492011308670044,1.346787452697754,1.492011308670044,1.346787452697754,7.27668571472168,0.06068965047597885,0.1666666716337204,0.3278680443763733,0.19960378110408783,0.746005654335022,0.673393726348877,0.4876093566417694,0.17899560928344727,0.03981182351708412,0.3187057375907898,0.14445866644382477,0.016768764704465866,0.3413265347480774,0.3413265347480774,0.305366188287735,1.9421262741088867,-0.8361292481422424,0.0,0.03596034646034241,0.03596034646034241,0.08949780464172363,0.08949780464172363,0.04974216967821121,1.9912225008010864,1.3842452764511108,0.0,0.03975563496351242,0.03975563496351242,0.01990591175854206,0.01990591175854206,0.03622490167617798,-1.052213191986084,0.6962398290634155,0.0,-0.016318989917635918,-0.016318989917635918,0.22309401631355286,0.22309401631355286,0.30392563343048096,-1.9855701923370361,1.639170527458191,0.0,-0.0808316171169281,-0.0808316171169281,0.07222933322191238,0.07222933322191238,0.2291157990694046,-1.6706064939498901,0.8804824352264404,0.0,-0.15688646584749222,-0.15688646584749222,0.008384382352232933,0.008384382352232933,-0.03198176994919777,-0.20492948591709137,-0.4971385598182678,0.0,0.0403661523014307,0.0403661523014307
268,8.933333333333334,24,0,0,,4,uneven rough,7,0.0,65.04535675048828,36.272727966308594,0.33149266242980957,1.8993412256240845,-0.2763141393661499,1.8993412256240845,-0.2763141393661499,6.2274932861328125,4.127605438232422,0.5,-0.115078866481781,0.12964312732219696,0.9496706128120422,-0.13815706968307495,-0.4243984520435333,0.568122386932373,0.11761809885501862,0.5393635630607605,0.7714540958404541,0.44841548800468445,-0.2970789074897766,-0.2970789074897766,0.07216983288526535,-1.9015156030654907,1.4321209192276,0.0,-0.36924874037504196,-0.36924874037504196,0.2840611934661865,0.2840611934661865,0.2862794101238251,0.7037546634674072,0.6078249216079712,0.0,-0.00221821665763855,-0.00221821665763855,0.05880904942750931,0.05880904942750931,0.03202137351036072,2.003718614578247,-0.39698660373687744,0.0,0.02678767591714859,0.02678767591714859,0.3775544762611389,0.3775544762611389,-0.11755068600177765,1.8014600276947021,0.07837160676717758,0.0,0.49510516226291656,0.49510516226291656,0.38572704792022705,0.38572704792022705,0.2626208961009979,1.8977888822555542,0.10008496791124344,0.0,0.12310615181922913,0.12310615181922913,0.22420774400234222,0.22420774400234222,-0.008005271665751934,1.5514047145843506,-0.5234138369560242,0.0,0.23221301566809416,0.23221301566809416
269,8.966666666666667,4,0,0,,4,uneven rough,5,0.0,53.9915771484375,38.165977478027344,0.27491244673728943,1.6964349746704102,0.6433255672454834,1.6964349746704102,0.6433255672454834,8.486562728881836,5.150827407836914,0.3333333432674408,-0.3275272846221924,0.1486700475215912,0.8482174873352051,0.3216627836227417,-0.01794504001736641,0.2886779308319092,0.41901111602783203,0.40662452578544617,-0.004644457250833511,-0.289193332195282,-0.012561528012156487,-0.012561528012156487,0.3305365741252899,-1.6848607063293457,1.1411943435668945,0.0,-0.3430981021374464,-0.3430981021374464,0.1443389654159546,0.1443389654159546,0.14779502153396606,0.8260500431060791,1.0308173894882202,0.0,-0.0034560561180114746,-0.0034560561180114746,0.20950555801391602,0.20950555801391602,0.16099300980567932,1.9895387887954712,-0.7181962728500366,0.0,0.048512548208236694,0.048512548208236694,0.2846371531486511,0.2846371531486511,0.28439098596572876,1.032844066619873,-1.6893171072006226,0.0,0.0002461671829223633,0.0002461671829223633,-0.007431131787598133,-0.007431131787598133,0.09778919816017151,-1.8368642330169678,0.1679687350988388,0.0,-0.10522032994776964,-0.10522032994776964,-0.144596666097641,-0.144596666097641,-0.10424493998289108,1.2401111125946045,-1.3103117942810059,0.0,-0.04035172611474991,-0.04035172611474991
269,8.966666666666667,14,0,0,,4,uneven rough,5,0.0,53.99626159667969,38.97162628173828,0.21330547332763672,1.3568766117095947,0.7358489036560059,1.3568766117095947,0.7358489036560059,4.070739269256592,0.5905250310897827,0.1666666716337204,0.4000481367111206,0.2515144348144531,0.6784383058547974,0.36792445182800293,-0.12092644721269608,0.31206247210502625,0.5442098379135132,0.10303959250450134,0.10059045255184174,-0.4710536301136017,-0.0846485123038292,-0.0846485123038292,0.2802015542984009,-1.798600435256958,0.73470139503479,0.0,-0.36485006660223007,-0.36485006660223007,0.15603123605251312,0.15603123605251312,0.11772217601537704,2.000009536743164,1.727431297302246,0.0,0.03830906003713608,0.03830906003713608,0.2721049189567566,0.2721049189567566,0.0870823785662651,1.9793622493743896,-0.29233863949775696,0.0,0.18502254039049149,0.18502254039049149,0.07212771475315094,0.07212771475315094,0.25545594096183777,-1.850422978401184,-0.41026434302330017,0.0,-0.18332822620868683,-0.18332822620868683,0.05029522627592087,0.05029522627592087,0.17089508473873138,-2.012455940246582,-0.5619078278541565,0.0,-0.12059985846281052,-0.12059985846281052,-0.23552681505680084,-0.23552681505680084,-0.0418679378926754,-0.11777503788471222,-0.3319230377674103,0.0,-0.19365887716412544,-0.19365887716412544
269,8.966666666666667,24,0,0,,4,uneven rough,7,0.0,65.08307647705078,36.276039123535156,0.3366202712059021,1.7160135507583618,0.557704746723175,1.7160135507583618,0.557704746723175,7.253996849060059,3.3744332790374756,0.3333333432674408,-0.03836020827293396,0.023801684379577637,0.8580067753791809,0.2788523733615875,-0.06308770179748535,0.49251747131347656,-0.5232357382774353,0.2928953766822815,0.09076788276433945,0.36548808217048645,-0.044161390513181686,-0.044161390513181686,0.0030350335873663425,-2.0091898441314697,-0.4527231454849243,0.0,-0.04719642410054803,-0.04719642410054803,0.24625873565673828,0.24625873565673828,0.2296973466873169,-0.5971216559410095,0.6620637774467468,0.0,0.016561388969421387,0.016561388969421387,-0.26161786913871765,-0.26161786913871765,0.042127903550863266,0.37519964575767517,0.9603764414787292,0.0,-0.3037457726895809,-0.3037457726895809,0.2050267606973648,0.2050267606973648,-0.06588765978813171,1.4710420370101929,1.052608847618103,0.0,0.2709144204854965,0.2709144204854965,0.045383941382169724,0.045383941382169724,0.21079130470752716,-0.8837659358978271,1.116510033607483,0.0,-0.16540736332535744,-0.16540736332535744,0.18274404108524323,0.18274404108524323,0.026836900040507317,1.3427979946136475,0.6496922969818115,0.0,0.1559071410447359,0.1559071410447359
270,9.0,4,0,0,,4,uneven rough,5,0.0,53.95850372314453,38.16596603393555,0.2895791232585907,1.7417354583740234,0.389204740524292,1.7417354583740234,0.389204740524292,6.046838760375977,1.9385011196136475,0.1666666716337204,-0.35539934039115906,0.06444348394870758,0.8708677291870117,0.194602370262146,0.33186519145965576,0.5713945627212524,0.3694514036178589,0.4168790280818939,0.05378767102956772,-0.24718506634235382,0.2323056310415268,0.2323056310415268,0.2652622163295746,-1.753013014793396,-0.45666226744651794,0.0,-0.03295658528804779,-0.03295658528804779,0.2856972813606262,0.2856972813606262,0.21564504504203796,1.990432620048523,0.9150415658950806,0.0,0.07005223631858826,0.07005223631858826,0.18472570180892944,0.18472570180892944,0.13769781589508057,-0.42500388622283936,0.8127619624137878,0.0,0.04702788591384888,0.04702788591384888,0.29181531071662903,0.29181531071662903,0.31849998235702515,0.6702771782875061,-0.15020230412483215,0.0,-0.026684671640396118,-0.026684671640396118,0.02689383551478386,0.02689383551478386,0.059134747833013535,-1.3096200227737427,-0.965567409992218,0.0,-0.032240912318229675,-0.032240912318229675,-0.12359253317117691,-0.12359253317117691,-0.07711177319288254,0.46976685523986816,0.13170190155506134,0.0,-0.04648075997829437,-0.04648075997829437
270,9.0,14,0,0,,4,uneven rough,5,0.0,53.95399475097656,38.9719352722168,0.21001455187797546,1.7581745386123657,-0.28423160314559937,1.7581745386123657,-0.28423160314559937,4.668715953826904,2.287179470062256,0.1666666716337204,0.5019750595092773,0.2656469941139221,0.8790872693061829,-0.14211580157279968,0.5045612454414368,0.04748333618044853,0.5952349305152893,0.08681627362966537,0.22096312046051025,-0.7786676287651062,0.35319286584854126,0.35319286584854126,0.3068181276321411,1.9759055376052856,-0.6976320147514343,0.0,0.046374738216400146,0.046374738216400146,0.023741668090224266,0.023741668090224266,0.07533478736877441,-1.989383339881897,1.8815475702285767,0.0,-0.05159311927855015,-0.05159311927855015,0.29761746525764465,0.29761746525764465,0.09103982150554657,-0.2931629419326782,0.9920850992202759,0.0,0.20657764375209808,0.20657764375209808,0.0607713907957077,0.0607713907957077,0.18650008738040924,-1.99725341796875,-1.2245326042175293,0.0,-0.12572869658470154,-0.12572869658470154,0.11048156023025513,0.11048156023025513,0.12886887788772583,-0.4614739716053009,-1.3820502758026123,0.0,-0.018387317657470703,-0.018387317657470703,-0.3893338143825531,-0.3893338143825531,-0.048764996230602264,0.2644414007663727,-0.21084338426589966,0.0,-0.34056881815195084,-0.34056881815195084
270,9.0,24,0,0,,4,uneven rough,7,0.0,65.12296295166016,36.28200149536133,0.3484649062156677,1.8545303344726562,-0.023869693279266357,1.8545303344726562,-0.023869693279266357,8.510310173034668,4.18208122253418,0.3333333432674408,0.14251063764095306,0.1390501856803894,0.9272651672363281,-0.011934846639633179,-0.1670796424150467,0.48388412594795227,-0.3322824537754059,0.014461603946983814,0.11531736701726913,0.26558831334114075,-0.11695574969053268,-0.11695574969053268,-0.06594256311655045,-1.9804295301437378,-1.3327522277832031,0.0,-0.05101318657398224,-0.05101318657398224,0.24194206297397614,0.24194206297397614,0.21473486721515656,0.3204893469810486,-0.049881916493177414,0.0,0.02720719575881958,0.02720719575881958,-0.16614122688770294,-0.16614122688770294,0.02459450252354145,0.10864650458097458,0.6295164227485657,0.0,-0.1907357294112444,-0.1907357294112444,0.010123122483491898,0.010123122483491898,-0.006441584788262844,1.5092345476150513,1.289191722869873,0.0,0.01656470727175474,0.01656470727175474,0.05765868350863457,0.05765868350863457,0.1573387086391449,-1.5488616228103638,-0.014449597336351871,0.0,-0.09968002513051033,-0.09968002513051033,0.13279415667057037,0.13279415667057037,0.06516838073730469,1.8502143621444702,1.04157555103302,0.0,0.06762577593326569,0.06762577593326569
271,9.033333333333333,4,0,0,,4,uneven rough,5,0.0,53.92302322387695,38.165374755859375,0.28945392370224,1.704242467880249,0.2489444464445114,1.704242467880249,0.2489444464445114,6.7570319175720215,5.452652931213379,0.3333333432674408,0.02142985723912716,0.09623140096664429,0.8521212339401245,0.1244722232222557,0.48137056827545166,0.40713977813720703,-0.14299823343753815,0.16138489544391632,0.4604633152484894,-0.0822024941444397,0.3369593918323517,0.3369593918323517,0.3161739706993103,1.9506481885910034,-1.1896213293075562,0.0,0.020785421133041382,0.020785421133041382,0.20356988906860352,0.20356988906860352,0.22485636174678802,-0.8859884738922119,1.5230696201324463,0.0,-0.02128647267818451,-0.02128647267818451,-0.07149911671876907,-0.07149911671876907,0.07386792451143265,-2.000000476837158,0.11292694509029388,0.0,-0.14536704123020172,-0.14536704123020172,0.11296942830085754,0.11296942830085754,0.25256311893463135,-2.000262975692749,0.31369826197624207,0.0,-0.1395936906337738,-0.1395936906337738,0.2302316576242447,0.2302316576242447,0.0881999060511589,1.7152183055877686,-1.1600953340530396,0.0,0.14203175157308578,0.14203175157308578,-0.04110124707221985,-0.04110124707221985,-0.03227514773607254,0.46503975987434387,0.3228444457054138,0.0,-0.008826099336147308,-0.008826099336147308
271,9.033333333333333,14,0,0,,4,uneven rough,5,0.0,53.91093826293945,38.97822570800781,0.20559430122375488,1.576459288597107,-1.397275686264038,1.576459288597107,-1.397275686264038,2.8982388973236084,3.0569028854370117,0.3333333432674408,0.009023050777614117,0.05054112896323204,0.7882296442985535,-0.698637843132019,0.4429558217525482,0.17406724393367767,0.7013031244277954,0.32923081517219543,0.5749119520187378,-0.3773587942123413,0.31006908416748047,0.31006908416748047,0.3051851689815521,-0.19029830396175385,0.8139908909797668,0.0,0.004883915185928345,0.004883915185928345,0.08703362196683884,0.08703362196683884,0.08401460945606232,0.0315653495490551,-0.30708372592926025,0.0,0.0030190125107765198,0.0030190125107765198,0.3506515622138977,0.3506515622138977,0.08754537999629974,-0.47285181283950806,0.26540353894233704,0.0,0.26310618221759796,0.26310618221759796,0.23046156764030457,0.23046156764030457,0.21953965723514557,1.5341296195983887,-1.6614303588867188,0.0,0.010921910405158997,0.010921910405158997,0.2874559760093689,0.2874559760093689,0.2030135542154312,1.9348372220993042,-0.8615548014640808,0.0,0.08444242179393768,0.08444242179393768,-0.18867939710617065,-0.18867939710617065,-0.07208026200532913,-1.3008527755737305,0.05788348615169525,0.0,-0.11659913510084152,-0.11659913510084152
271,9.033333333333333,24,0,0,,4,uneven rough,7,0.0,65.16468048095703,36.29756164550781,0.3623109459877014,1.8322391510009766,-0.040755774825811386,1.8322391510009766,-0.040755774825811386,8.110876083374023,4.347872257232666,0.3333333432674408,0.27460235357284546,0.18837198615074158,0.9161195755004883,-0.020377887412905693,-0.3323065936565399,0.4935883581638336,-0.43082892894744873,-0.01550576277077198,0.2240976244211197,-0.03509596362709999,-0.23261460661888123,-0.23261460661888123,-0.13107965886592865,-1.8695255517959595,-1.698950171470642,0.0,-0.10153494775295258,-0.10153494775295258,0.2467941790819168,0.2467941790819168,0.23700246214866638,0.9765426516532898,0.15952666103839874,0.0,0.009791716933250427,0.009791716933250427,-0.21541446447372437,-0.21541446447372437,-0.041294194757938385,-1.9999103546142578,0.3350156545639038,0.0,-0.17412026971578598,-0.17412026971578598,-0.010854033753275871,-0.010854033753275871,0.02180439792573452,-0.27536913752555847,1.4136042594909668,0.0,-0.03265843167901039,-0.03265843167901039,0.11204881221055984,0.11204881221055984,0.1162719801068306,-0.6950322389602661,-0.8820089101791382,0.0,-0.004223167896270752,-0.004223167896270752,-0.017547981813549995,-0.017547981813549995,0.025817839428782463,-1.8490962982177734,1.498781442642212,0.0,-0.04336582124233246,-0.04336582124233246
272,9.066666666666666,4,0,0,,4,uneven rough,5,0.0,53.887550354003906,38.17219161987305,0.27592933177948,1.6388626098632812,1.0315773487091064,1.6388626098632812,1.0315773487091064,5.242428302764893,0.7398704290390015,0.1666666716337204,0.37932533025741577,0.07922481745481491,0.8194313049316406,0.5157886743545532,0.6192295551300049,0.21521858870983124,-0.12254786491394043,0.3976316452026367,0.4618314206600189,-0.11712146550416946,0.43346068263053894,0.43346068263053894,0.37973538041114807,1.8467590808868408,0.5858926773071289,0.0,0.05372530221939087,0.05372530221939087,0.10760929435491562,0.10760929435491562,0.15957476198673248,-1.835688829421997,0.1609838753938675,0.0,-0.051965467631816864,-0.051965467631816864,-0.061273932456970215,-0.061273932456970215,0.009046054445207119,-2.000014066696167,-1.0817259550094604,0.0,-0.07031998690217733,-0.07031998690217733,0.2783421576023102,0.2783421576023102,0.24046778678894043,1.355482578277588,-0.9946195483207703,0.0,0.03787437081336975,0.03787437081336975,0.23091571033000946,0.23091571033000946,0.14248038828372955,1.8332858085632324,0.46561214327812195,0.0,0.08843532204627991,0.08843532204627991,-0.05856073275208473,-0.05856073275208473,-0.02191506326198578,1.61624014377594,0.40324193239212036,0.0,-0.03664566949009895,-0.03664566949009895
272,9.066666666666666,14,0,0,,4,uneven rough,5,0.0,53.871490478515625,38.99571990966797,0.20811280608177185,1.0866738557815552,0.6271820068359375,1.0866738557815552,0.6271820068359375,2.880159378051758,1.3333332538604736,0.3333333432674408,-0.07676133513450623,0.06675942987203598,0.5433369278907776,0.31359100341796875,0.5412555932998657,0.15266868472099304,0.3814326226711273,0.6205071210861206,0.3213888108730316,0.326896995306015,0.3788789212703705,0.3788789212703705,0.3486260175704956,1.8496140241622925,0.2461639940738678,0.0,0.030252903699874878,0.030252903699874878,0.07633434236049652,0.07633434236049652,0.04923287406563759,0.43918973207473755,-0.11561092734336853,0.0,0.027101468294858932,0.027101468294858932,0.19071631133556366,0.19071631133556366,0.13444168865680695,1.6146160364151,-0.1520073562860489,0.0,0.056274622678756714,0.056274622678756714,0.4343549907207489,0.4343549907207489,0.2708418071269989,1.8957022428512573,0.14534497261047363,0.0,0.16351318359375,0.16351318359375,0.1606944054365158,0.1606944054365158,0.18527032434940338,-0.8930356502532959,0.7195302248001099,0.0,-0.024575918912887573,-0.024575918912887573,0.1634484976530075,0.1634484976530075,-0.03891870006918907,0.023116394877433777,-0.7103484272956848,0.0,0.20236719772219658,0.20236719772219658
272,9.066666666666666,24,0,0,,4,uneven rough,7,0.0,65.20624542236328,36.31291580200195,0.35514408349990845,1.7511588335037231,0.1619613617658615,1.7511588335037231,0.1619613617658615,9.131397247314453,3.3333334922790527,0.1666666716337204,0.2900335192680359,0.26550599932670593,0.8755794167518616,0.08098068088293076,0.2201431393623352,0.12272962182760239,-0.39941340684890747,-0.3680475950241089,0.476494163274765,-0.5224134922027588,0.1541001945734024,0.1541001945734024,-0.07949855178594589,2.0000009536743164,-1.7953938245773315,0.0,0.2335987463593483,0.2335987463593483,0.06136481091380119,0.06136481091380119,0.18198633193969727,-1.9596397876739502,0.6214689612388611,0.0,-0.12062152102589607,-0.12062152102589607,-0.19970670342445374,-0.19970670342445374,-0.1079748198390007,-2.0000007152557373,-0.9851557016372681,0.0,-0.09173188358545303,-0.09173188358545303,-0.2576332986354828,-0.2576332986354828,-0.046968162059783936,-1.9538276195526123,0.4586556851863861,0.0,-0.21066513657569885,-0.21066513657569885,0.2382470816373825,0.2382470816373825,0.13588692247867584,1.99991774559021,-0.7762919664382935,0.0,0.10236015915870667,0.10236015915870667,-0.2612067461013794,-0.2612067461013794,-0.037476666271686554,-1.9986517429351807,-0.3941146433353424,0.0,-0.22373007982969284,-0.22373007982969284
273,9.1,4,0,0,,4,uneven rough,5,0.0,53.850711822509766,38.170753479003906,0.2773209810256958,1.8342405557632446,0.4835476279258728,1.8342405557632446,0.4835476279258728,8.08034896850586,5.386765480041504,0.3333333432674408,0.5218687057495117,0.1739649474620819,0.9171202778816223,0.2417738139629364,-0.26532673835754395,0.27717292308807373,0.2353360950946808,0.5250557661056519,0.41452619433403015,0.09252241998910904,-0.18572871387004852,-0.18572871387004852,0.34860625863075256,-1.7042652368545532,1.2987887859344482,0.0,-0.5343349725008011,-0.5343349725008011,0.13858646154403687,0.13858646154403687,0.1739780604839325,0.13434197008609772,-0.9679384231567383,0.0,-0.03539159893989563,-0.03539159893989563,0.1176680475473404,0.1176680475473404,0.04909021407365799,1.901702880859375,-1.600927710533142,0.0,0.0685778334736824,0.0685778334736824,0.36753901839256287,0.36753901839256287,0.307048499584198,1.978375792503357,0.3341324031352997,0.0,0.06049051880836487,0.06049051880836487,0.20726309716701508,0.20726309716701508,0.1715741753578186,-0.1820448637008667,1.2388973236083984,0.0,0.03568892180919647,0.03568892180919647,0.04626120999455452,0.04626120999455452,0.02392236329615116,1.9570204019546509,1.0890733003616333,0.0,0.02233884669840336,0.02233884669840336
273,9.1,14,0,0,,4,uneven rough,5,0.0,53.83305358886719,39.008880615234375,0.22126135230064392,1.6209622621536255,0.27337774634361267,1.6209622621536255,0.27337774634361267,7.702054500579834,3.5089311599731445,0.3333333432674408,-0.20737509429454803,0.2182673215866089,0.8104811310768127,0.13668887317180634,-0.4198451042175293,0.0835021585226059,0.4747565984725952,0.43825799226760864,0.2440086156129837,0.05179646238684654,-0.293891578912735,-0.293891578912735,0.32971224188804626,-0.9585098624229431,1.1527575254440308,0.0,-0.6236038208007812,-0.6236038208007812,0.04175107926130295,0.04175107926130295,0.03762374073266983,0.4528161287307739,0.1980743557214737,0.0,0.004127338528633118,0.004127338528633118,0.2373782992362976,0.2373782992362976,0.18810132145881653,1.6825586557388306,0.8468446731567383,0.0,0.04927697777748108,0.04927697777748108,0.3067805767059326,0.3067805767059326,0.3289986848831177,0.7837665677070618,1.1350001096725464,0.0,-0.02221810817718506,-0.02221810817718506,0.12200430780649185,0.12200430780649185,0.12382324784994125,-1.153164029121399,-0.1922173947095871,0.0,-0.0018189400434494019,-0.0018189400434494019,0.02589823119342327,0.02589823119342327,-0.004779920447617769,1.0341349840164185,-0.2956461012363434,0.0,0.03067815164104104,0.03067815164104104
273,9.1,24,0,0,,4,uneven rough,7,0.0,65.2486801147461,36.32190704345703,0.3392356336116791,1.5549275875091553,-0.36923158168792725,1.5549275875091553,-0.36923158168792725,8.106710433959961,0.0,0.0,0.27393874526023865,0.2503291964530945,0.7774637937545776,-0.18461579084396362,0.10647064447402954,0.22213001549243927,0.14624422788619995,-0.21638360619544983,0.377319872379303,-0.3201935887336731,0.07452944666147232,0.07452944666147232,-0.011190133169293404,1.9945937395095825,0.35052919387817383,0.0,0.08571957983076572,0.08571957983076572,0.11106500774621964,0.11106500774621964,0.12980054318904877,-0.2715383470058441,-0.8378945589065552,0.0,-0.018735535442829132,-0.018735535442829132,0.07312211394309998,0.07312211394309998,-0.05151987448334694,1.9666225910186768,-1.5589509010314941,0.0,0.12464198842644691,0.12464198842644691,-0.15146851539611816,-0.15146851539611816,-0.10898270457983017,-1.8635092973709106,-0.9053667187690735,0.0,-0.042485810816287994,-0.042485810816287994,0.1886599361896515,0.1886599361896515,0.1772853434085846,-1.0243369340896606,0.7933819890022278,0.0,0.011374592781066895,0.011374592781066895,-0.16009679436683655,-0.16009679436683655,-0.06532207131385803,1.4023505449295044,-1.3013228178024292,0.0,-0.09477472305297852,-0.09477472305297852
274,9.133333333333333,4,0,0,,4,uneven rough,5,0.0,53.81521987915039,38.16117858886719,0.2818385362625122,1.692726731300354,0.7419391870498657,1.692726731300354,0.7419391870498657,8.509031295776367,1.499546766281128,0.1666666716337204,0.2828391194343567,0.17436079680919647,0.846363365650177,0.37096959352493286,0.43931782245635986,0.19126705825328827,-0.21557022631168365,0.27849528193473816,0.21460284292697906,-0.17443455755710602,0.3075224757194519,0.3075224757194519,0.34287434816360474,0.5040417909622192,-0.3991433382034302,0.0,-0.03535187244415283,-0.03535187244415283,0.09563352912664413,0.09563352912664413,0.11659038066864014,-1.151875615119934,-0.3447071313858032,0.0,-0.020956851541996002,-0.020956851541996002,-0.10778511315584183,-0.10778511315584183,-0.0008126616012305021,-1.4958444833755493,0.37946590781211853,0.0,-0.10697245155461133,-0.10697245155461133,0.19494669139385223,0.19494669139385223,0.28672918677330017,-1.6678035259246826,1.2637906074523926,0.0,-0.09178249537944794,-0.09178249537944794,0.10730142146348953,0.10730142146348953,0.10791905969381332,-1.4893580675125122,0.4354940950870514,0.0,-0.0006176382303237915,-0.0006176382303237915,-0.08721727877855301,-0.08721727877855301,-0.017692668363451958,-0.9651739001274109,1.5798121690750122,0.0,-0.06952461041510105,-0.06952461041510105
274,9.133333333333333,14,0,0,,4,uneven rough,5,0.0,53.78932571411133,39.00100326538086,0.23405927419662476,1.2912659645080566,0.8790453672409058,1.2912659645080566,0.8790453672409058,4.864753723144531,2.901716947555542,0.5,-0.2574518024921417,0.08629988133907318,0.6456329822540283,0.4395226836204529,-0.08205848187208176,0.5017214417457581,0.35093578696250916,0.02763284370303154,0.1062171533703804,-0.30879440903663635,-0.05744093656539917,-0.05744093656539917,0.26901954412460327,-1.852215051651001,-0.04095685854554176,0.0,-0.32646048069000244,-0.32646048069000244,0.25086072087287903,0.25086072087287903,0.09686926007270813,1.647840976715088,0.34210580587387085,0.0,0.1539914608001709,0.1539914608001709,0.17546789348125458,0.17546789348125458,0.14588959515094757,-1.071388602256775,1.3193588256835938,0.0,0.029578298330307007,0.029578298330307007,0.019342990592122078,0.019342990592122078,0.31318026781082153,-1.5366873741149902,0.9364120364189148,0.0,-0.29383727721869946,-0.29383727721869946,0.0531085766851902,0.0531085766851902,0.07859226316213608,-0.7789857983589172,-0.7355383634567261,0.0,-0.025483686476945877,-0.025483686476945877,-0.15439720451831818,-0.15439720451831818,-0.051452409476041794,-1.5694478750228882,0.4562145173549652,0.0,-0.10294479504227638,-0.10294479504227638
274,9.133333333333333,24,0,0,,4,uneven rough,7,0.0,65.29235076904297,36.31748580932617,0.34111085534095764,1.841580867767334,-0.601637601852417,1.841580867767334,-0.601637601852417,10.299595832824707,5.881175518035889,0.3333333432674408,0.5392590761184692,0.14930018782615662,0.920790433883667,-0.3008188009262085,0.2861693799495697,0.4052261412143707,0.12404091656208038,-0.10770280659198761,0.41500163078308105,-0.10673554241657257,0.20031856000423431,0.20031856000423431,0.049508702009916306,1.9049054384231567,1.2800862789154053,0.0,0.150809857994318,0.150809857994318,0.20261307060718536,0.20261307060718536,0.1935872882604599,1.2760335206985474,-0.5176757574081421,0.0,0.009025782346725464,0.009025782346725464,0.06202045828104019,0.06202045828104019,0.002409517066553235,0.8663641214370728,0.43441465497016907,0.0,0.05961094121448696,0.05961094121448696,-0.07539196312427521,-0.07539196312427521,-0.10466513782739639,1.4671988487243652,-1.4471023082733154,0.0,0.029273174703121185,0.029273174703121185,0.20750081539154053,0.20750081539154053,0.20252762734889984,0.7088288068771362,-0.23435956239700317,0.0,0.004973188042640686,0.004973188042640686,-0.053367771208286285,-0.053367771208286285,-0.016429176554083824,1.2850648164749146,0.22733892500400543,0.0,-0.03693859465420246,-0.03693859465420246
275,9.166666666666666,4,0,0,,4,uneven rough,5,0.0,53.78191375732422,38.14498519897461,0.2892194092273712,1.6853973865509033,0.07099346816539764,1.6853973865509033,0.07099346816539764,3.723372220993042,5.01369571685791,0.5,0.472476065158844,0.10842403024435043,0.8426986932754517,0.03549673408269882,0.35839927196502686,0.02229509875178337,0.3583782911300659,0.008644049055874348,0.06195169687271118,-0.3821653723716736,0.2508794963359833,0.2508794963359833,0.2979218661785126,-1.9982635974884033,0.11151915043592453,0.0,-0.0470423698425293,-0.0470423698425293,0.011147549375891685,0.011147549375891685,0.052313901484012604,-1.9881356954574585,-0.801081657409668,0.0,-0.04116635210812092,-0.04116635210812092,0.17918914556503296,0.17918914556503296,0.03871717303991318,-0.35033363103866577,-0.6808379292488098,0.0,0.14047197252511978,0.14047197252511978,0.006050834432244301,0.006050834432244301,0.24000369012355804,-1.747209072113037,-0.3937379717826843,0.0,-0.23395285569131374,-0.23395285569131374,0.03097584843635559,0.03097584843635559,0.05099567025899887,-1.68802011013031,-0.6528207659721375,0.0,-0.02001982182264328,-0.02001982182264328,-0.1910826861858368,-0.1910826861858368,-0.0477587953209877,-1.094214677810669,0.14087246358394623,0.0,-0.1433238908648491,-0.1433238908648491
275,9.166666666666666,14,0,0,,4,uneven rough,5,0.0,53.74428176879883,38.998321533203125,0.2356303334236145,1.624783992767334,0.04032684490084648,1.624783992767334,0.04032684490084648,5.14766788482666,3.7296323776245117,0.3333333432674408,-0.2174747884273529,0.2221885770559311,0.812391996383667,0.02016342245042324,0.61854088306427,-0.10210065543651581,0.399876207113266,-0.008225836791098118,0.07972108572721481,-0.7397886514663696,0.4329786002635956,0.4329786002635956,0.3043568432331085,1.9955155849456787,-1.0650454759597778,0.0,0.12862175703048706,0.12862175703048706,-0.163361057639122,-0.163361057639122,0.04149475693702698,-1.1340168714523315,1.0803707838058472,0.0,-0.204855814576149,-0.204855814576149,0.199938103556633,0.199938103556633,0.16436345875263214,1.5625087022781372,-0.032374076545238495,0.0,0.035574644804000854,0.035574644804000854,-0.0057580857537686825,-0.0057580857537686825,0.2445603907108307,-1.822122573852539,-0.4618827998638153,0.0,-0.25031847646459937,-0.25031847646459937,0.03986054286360741,0.03986054286360741,0.027126481756567955,-0.05825969576835632,-0.7601035833358765,0.0,0.012734061107039452,0.012734061107039452,-0.3698943257331848,-0.3698943257331848,-0.06741359084844589,-0.42407700419425964,-0.6890986561775208,0.0,-0.3024807348847389,-0.3024807348847389
275,9.166666666666666,24,0,0,,4,uneven rough,7,0.0,65.33504486083984,36.31803894042969,0.3523627519607544,1.6155965328216553,-0.7672896981239319,1.6155965328216553,-0.7672896981239319,7.103914260864258,3.181953191757202,0.3333333432674408,0.39346736669540405,0.19842475652694702,0.8077982664108276,-0.38364484906196594,-0.5948875546455383,0.7806408405303955,-0.4046002924442291,0.19625020027160645,0.2764430642127991,-0.0017168617341667414,-0.4164212942123413,-0.4164212942123413,0.013445147313177586,-1.5947153568267822,1.6333601474761963,0.0,-0.4298664415255189,-0.4298664415255189,0.39032042026519775,0.39032042026519775,0.24376916885375977,1.2450729608535767,0.4964906871318817,0.0,0.146551251411438,0.146551251411438,-0.20230014622211456,-0.20230014622211456,-0.0025263738352805376,0.01976640336215496,0.6786396503448486,0.0,-0.19977377238683403,-0.19977377238683403,0.1373751312494278,0.1373751312494278,-0.0367201529443264,1.6752290725708008,0.20064875483512878,0.0,0.1740952841937542,0.1740952841937542,0.13822153210639954,0.13822153210639954,0.18014822900295258,-1.922583818435669,0.2989208400249481,0.0,-0.04192669689655304,-0.04192669689655304,-0.0008584308670833707,-0.0008584308670833707,-0.004170017316937447,1.0709627866744995,0.8253790140151978,0.0,0.003311586449854076,0.003311586449854076
276,9.2,4,0,0,,4,uneven rough,5,0.0,53.74272537231445,38.13620376586914,0.2941005527973175,1.841078519821167,0.04735942557454109,1.841078519821167,0.04735942557454109,5.579063415527344,3.9259705543518066,0.5,0.2451014518737793,0.270865261554718,0.9205392599105835,0.023679712787270546,0.7518603205680847,0.07701277732849121,0.4289929270744324,0.20169074833393097,0.20293375849723816,-0.5180433392524719,0.5263022184371948,0.5263022184371948,0.32334500551223755,1.858528733253479,-1.0813558101654053,0.0,0.20295721292495728,0.20295721292495728,0.038506388664245605,0.038506388664245605,0.04694034531712532,-1.013527512550354,-1.472244143486023,0.0,-0.008433956652879715,-0.008433956652879715,0.2144964635372162,0.2144964635372162,0.07816651463508606,1.0234168767929077,-0.49397021532058716,0.0,0.13632994890213013,0.13632994890213013,0.1411835253238678,0.1411835253238678,0.16870255768299103,-1.9999679327011108,-1.1589930057525635,0.0,-0.02751903235912323,-0.02751903235912323,0.10146687924861908,0.10146687924861908,0.10537523031234741,1.1599392890930176,-1.2381243705749512,0.0,-0.0039083510637283325,-0.0039083510637283325,-0.25902166962623596,-0.25902166962623596,-0.0669727548956871,-0.5465895533561707,-0.5574480295181274,0.0,-0.19204891473054886,-0.19204891473054886
276,9.2,14,0,0,,4,uneven rough,5,0.0,53.69389724731445,38.992340087890625,0.22572897374629974,1.6339333057403564,-0.6552297472953796,1.6339333057403564,-0.6552297472953796,3.428380012512207,1.5622214078903198,0.24307958781719208,-0.15952420234680176,0.05166912078857422,0.8169666528701782,-0.3276148736476898,0.3540830612182617,0.09177771955728531,0.42305871844291687,0.1372227519750595,0.42648735642433167,-0.6267873048782349,0.24785813689231873,0.24785813689231873,0.3025906980037689,-1.4464105367660522,0.6654012203216553,0.0,-0.054732561111450195,-0.054732561111450195,0.045888859778642654,0.045888859778642654,0.05023789778351784,-0.3770763874053955,-0.17164795100688934,0.0,-0.004349038004875183,-0.004349038004875183,0.21152935922145844,0.21152935922145844,0.1946231871843338,0.4280572831630707,0.8693755269050598,0.0,0.016906172037124634,0.016906172037124634,0.09605592489242554,0.09605592489242554,0.19069159030914307,-1.7662397623062134,-1.2309647798538208,0.0,-0.09463566541671753,-0.09463566541671753,0.21324367821216583,0.21324367821216583,0.09248552471399307,1.9906996488571167,-0.363279789686203,0.0,0.12075815349817276,0.12075815349817276,-0.31339365243911743,-0.31339365243911743,-0.11063119769096375,-0.40732696652412415,-0.539254903793335,0.0,-0.2027624547481537,-0.2027624547481537
276,9.2,24,0,0,,4,uneven rough,7,0.0,65.3742904663086,36.33005905151367,0.37472712993621826,1.8767945766448975,-1.2099146842956543,1.874427318572998,-1.2099146842956543,9.396973609924316,3.9942822456359863,0.5,0.206050843000412,0.03129911422729492,0.9383972883224487,-0.6049573421478271,-0.27462372183799744,0.7192260026931763,-0.2916092872619629,-0.3585124909877777,0.31469520926475525,-0.16615723073482513,-0.19223660230636597,-0.19223660230636597,-0.051014676690101624,-1.9659242630004883,-0.19179953634738922,0.0,-0.14122192561626434,-0.14122192561626434,0.35961300134658813,0.35961300134658813,0.309624046087265,1.990158200263977,0.9197404384613037,0.0,0.04998895525932312,0.04998895525932312,-0.14580464363098145,-0.14580464363098145,-0.04592754319310188,-1.89484441280365,0.30611154437065125,0.0,-0.09987710043787956,-0.09987710043787956,-0.25095874071121216,-0.25095874071121216,-0.050247080624103546,-1.6761876344680786,1.0343791246414185,0.0,-0.2007116600871086,-0.2007116600871086,0.15734760463237762,0.15734760463237762,0.14593122899532318,-0.6063587665557861,-0.9571219086647034,0.0,0.011416375637054443,0.011416375637054443,-0.08307861536741257,-0.08307861536741257,-0.04064345732331276,-1.5726150274276733,0.9642325043678284,0.0,-0.04243515804409981,-0.04243515804409981
277,9.233333333333333,4,0,0,,4,uneven rough,5,0.0,53.70222473144531,38.13758087158203,0.30122077465057373,1.62143874168396,0.2293481081724167,1.62143874168396,0.2293481081724167,2.694992780685425,2.5138168334960938,0.3333333432674408,0.12174910306930542,0.08002042770385742,0.81071937084198,0.11467405408620834,0.7109315395355225,0.18609619140625,0.380328506231308,0.2572013735771179,0.6500564813613892,-0.42418134212493896,0.4976520836353302,0.4976520836353302,0.3874005377292633,1.957815408706665,0.5808601975440979,0.0,0.1102515459060669,0.1102515459060669,0.093048095703125,0.093048095703125,0.09008218348026276,0.9938935041427612,-1.2128849029541016,0.0,0.0029659122228622437,0.0029659122228622437,0.190164253115654,0.190164253115654,0.12096848338842392,1.483290195465088,0.36396315693855286,0.0,0.06919576972723007,0.06919576972723007,0.18004095554351807,0.18004095554351807,0.1471063494682312,0.34003177285194397,-1.63448166847229,0.0,0.032934606075286865,0.032934606075286865,0.3250282406806946,0.3250282406806946,0.18336407840251923,2.0009701251983643,0.11774510145187378,0.0,0.14166416227817535,0.14166416227817535,-0.21209067106246948,-0.21209067106246948,-0.11102522909641266,-1.3760521411895752,-0.5513086318969727,0.0,-0.10106544196605682,-0.10106544196605682
277,9.233333333333333,14,0,0,,4,uneven rough,5,0.0,53.64474868774414,38.99048614501953,0.22092026472091675,1.5354868173599243,0.19363005459308624,1.5354868173599243,0.19363005459308624,4.179301738739014,0.6376714706420898,0.3333333432674408,-0.09197251498699188,0.25748133659362793,0.7677434086799622,0.09681502729654312,0.8809820413589478,0.21429604291915894,0.12649965286254883,0.4115082323551178,0.12249855697154999,-0.1773149073123932,0.6166874170303345,0.6166874170303345,0.3214118182659149,1.1097110509872437,-0.5286208987236023,0.0,0.29527559876441956,0.29527559876441956,0.10714802145957947,0.10714802145957947,0.0830955058336258,1.9403265714645386,-0.28779757022857666,0.0,0.024052515625953674,0.024052515625953674,0.06324982643127441,0.06324982643127441,0.13932326436042786,-2.0000107288360596,0.6198533773422241,0.0,-0.07607343792915344,-0.07607343792915344,0.28805574774742126,0.28805574774742126,0.16652218997478485,0.5009618401527405,-1.533610224723816,0.0,0.12153355777263641,0.12153355777263641,0.061249278485774994,0.061249278485774994,0.08254282176494598,-1.6049189567565918,0.9676644206047058,0.0,-0.02129354327917099,-0.02129354327917099,-0.0886574536561966,-0.0886574536561966,-0.10044736415147781,1.2887011766433716,-0.4646626114845276,0.0,0.01178991049528122,0.01178991049528122
277,9.233333333333333,24,0,0,,4,uneven rough,7,0.0,65.41158294677734,36.3346061706543,0.385723352432251,1.6967504024505615,-0.6682817935943604,1.6967504024505615,-0.6682817935943604,8.839475631713867,1.68619704246521,0.3333333432674408,-0.12251459807157516,0.23747286200523376,0.8483752012252808,-0.3341408967971802,0.3788307309150696,0.5164231657981873,-0.016315633431077003,-0.5168697834014893,0.29714715480804443,-0.6140687465667725,0.2651815116405487,0.2651815116405487,-0.006637809332460165,1.902474045753479,-1.1948928833007812,0.0,0.27181932097300887,0.27181932097300887,0.25821158289909363,0.25821158289909363,0.29500913619995117,-0.3072865903377533,1.5249565839767456,0.0,-0.036797553300857544,-0.036797553300857544,-0.008157816715538502,-0.008157816715538502,-0.0032222443260252476,1.6258089542388916,-0.9383128881454468,0.0,-0.004935572389513254,-0.004935572389513254,-0.3618088364601135,-0.3618088364601135,-0.11564880609512329,-1.5941152572631836,-0.49818018078804016,0.0,-0.24616003036499023,-0.24616003036499023,0.14857357740402222,0.14857357740402222,0.10474807024002075,0.2850706875324249,-0.7587997913360596,0.0,0.043825507164001465,0.043825507164001465,-0.30703437328338623,-0.30703437328338623,-0.07033222168684006,-1.0112613439559937,-0.4701056480407715,0.0,-0.23670215159654617,-0.23670215159654617
278,9.266666666666666,4,0,0,,4,uneven rough,5,0.0,53.66379165649414,38.1439094543457,0.30558356642723083,1.5660611391067505,1.0369288921356201,1.5660611391067505,1.0369288921356201,2.118600368499756,1.12089204788208,0.3333333432674408,0.035156648606061935,0.20018142461776733,0.7830305695533752,0.5184644460678101,0.5438060760498047,0.31255003809928894,0.22580721974372864,0.5256018042564392,0.6183196306228638,-0.16109007596969604,0.38066425919532776,0.38066425919532776,0.39223766326904297,-0.36184099316596985,1.3593931198120117,0.0,-0.01157340407371521,-0.01157340407371521,0.15627501904964447,0.15627501904964447,0.15223069489002228,1.523138165473938,0.03483155742287636,0.0,0.004044324159622192,0.004044324159622192,0.11290360987186432,0.11290360987186432,0.13033516705036163,-0.7038826942443848,0.9968326687812805,0.0,-0.017431557178497314,-0.017431557178497314,0.36792126297950745,0.36792126297950745,0.21412916481494904,2.000000476837158,-0.5180882215499878,0.0,0.1537920981645584,0.1537920981645584,0.3091598153114319,0.3091598153114319,0.2507631480693817,1.8684635162353516,1.1825238466262817,0.0,0.05839666724205017,0.05839666724205017,-0.08054503798484802,-0.08054503798484802,-0.09767646342515945,1.4285995960235596,-1.0176200866699219,0.0,0.017131425440311432,0.017131425440311432
278,9.266666666666666,14,0,0,,4,uneven rough,5,0.0,53.5980110168457,38.99480056762695,0.2259407639503479,1.3469154834747314,0.24530135095119476,1.3469154834747314,0.24530135095119476,6.892274379730225,2.8832321166992188,0.1666666716337204,-0.03297843784093857,0.1285342574119568,0.6734577417373657,0.12265067547559738,-0.20966340601444244,0.5203009247779846,0.3125239312648773,0.47312965989112854,0.11600446701049805,-0.07613963633775711,-0.1467643827199936,-0.1467643827199936,0.26756495237350464,-1.962084412574768,0.3976949155330658,0.0,-0.41432933509349823,-0.41432933509349823,0.2601504623889923,0.2601504623889923,0.14923135936260223,1.4918826818466187,0.971987783908844,0.0,0.11091910302639008,0.11091910302639008,0.15626196563243866,0.15626196563243866,0.15316975116729736,0.6743000745773315,-0.8614224791526794,0.0,0.0030922144651412964,0.0030922144651412964,0.3311907649040222,0.3311907649040222,0.23551280796527863,1.863672137260437,-0.38325953483581543,0.0,0.09567795693874359,0.09567795693874359,0.05800223350524902,0.05800223350524902,0.07513417303562164,0.386817991733551,-0.4868788421154022,0.0,-0.01713193953037262,-0.01713193953037262,-0.038069818168878555,-0.038069818168878555,-0.049907803535461426,1.2903647422790527,0.5266924500465393,0.0,0.01183798536658287,0.01183798536658287
278,9.266666666666666,24,0,0,,4,uneven rough,7,0.0,65.45421600341797,36.336280822753906,0.39328891038894653,1.7026865482330322,-0.0918801948428154,1.7026865482330322,-0.0918801948428154,9.293573379516602,2.8119678497314453,0.3333333432674408,-0.41754937171936035,0.019346853718161583,0.8513432741165161,-0.0459400974214077,0.22393743693828583,0.7382025718688965,0.1066291481256485,-0.2685510814189911,0.3091931939125061,-0.2708883583545685,0.1567562073469162,0.1567562073469162,0.0602082721889019,1.9478977918624878,0.5563639402389526,0.0,0.0965479351580143,0.0965479351580143,0.36910128593444824,0.36910128593444824,0.3578806519508362,1.4267287254333496,0.4890030026435852,0.0,0.01122063398361206,0.01122063398361206,0.05331457406282425,0.05331457406282425,0.05753885954618454,1.0194264650344849,0.5114461779594421,0.0,-0.0042242854833602905,-0.0042242854833602905,-0.18798574805259705,-0.18798574805259705,-0.1742401123046875,-1.646454930305481,-1.117823839187622,0.0,-0.013745635747909546,-0.013745635747909546,0.15459659695625305,0.15459659695625305,0.152622252702713,0.5493848919868469,-0.16859355568885803,0.0,0.001974344253540039,0.001974344253540039,-0.13544417917728424,-0.13544417917728424,-0.09535374492406845,-1.4352121353149414,-0.776076078414917,0.0,-0.04009043425321579,-0.04009043425321579
279,9.3,4,0,0,,4,uneven rough,5,0.0,53.63134002685547,38.14772033691406,0.2965225577354431,1.6551682949066162,1.4999644756317139,1.6551682949066162,1.4999644756317139,8.235820770263672,0.0,0.0,0.1594991385936737,0.2765507400035858,0.8275841474533081,0.7499822378158569,0.43969008326530457,0.14494410157203674,0.28915470838546753,0.7270618081092834,0.4453240931034088,0.2590254545211792,0.3077830672264099,0.3077830672264099,0.33319005370140076,-2.000000476837158,0.38620424270629883,0.0,-0.025406986474990845,-0.025406986474990845,0.07247205078601837,0.07247205078601837,0.09056182950735092,-1.7487355470657349,0.8763228058815002,0.0,-0.01808977872133255,-0.01808977872133255,0.14457735419273376,0.14457735419273376,0.13806487619876862,0.886760413646698,0.03524516150355339,0.0,0.006512477993965149,0.006512477993965149,0.5089432597160339,0.5089432597160339,0.28284263610839844,1.998724341392517,0.9056436419487,0.0,0.2261006236076355,0.2261006236076355,0.2226620465517044,0.2226620465517044,0.22050200402736664,-0.4424724280834198,1.5703554153442383,0.0,0.0021600425243377686,0.0021600425243377686,0.1295127272605896,0.1295127272605896,-0.029459133744239807,1.971637487411499,0.36547690629959106,0.0,0.1589718610048294,0.1589718610048294
279,9.3,14,0,0,,4,uneven rough,5,0.0,53.54948043823242,38.99437713623047,0.22545930743217468,1.5901075601577759,-0.30313947796821594,1.5901075601577759,-0.30313947796821594,7.614760398864746,7.2874979972839355,0.6666666865348816,-0.2760988473892212,0.06700578331947327,0.7950537800788879,-0.15156973898410797,0.5724474787712097,0.27652138471603394,-0.4459015130996704,0.28939855098724365,0.24779213964939117,-0.06918340176343918,0.4007132351398468,0.4007132351398468,0.3137459456920624,1.6420109272003174,-0.9365285634994507,0.0,0.08696728944778442,0.08696728944778442,0.13826069235801697,0.13826069235801697,0.14527930319309235,0.1710783988237381,1.265937328338623,0.0,-0.007018610835075378,-0.007018610835075378,-0.2229507565498352,-0.2229507565498352,0.11902782320976257,0.4270361661911011,0.006877809762954712,0.0,-0.3419785797595978,-0.3419785797595978,0.20257897675037384,0.20257897675037384,0.19072234630584717,-1.668520212173462,0.8871596455574036,0.0,0.011856630444526672,0.011856630444526672,0.12389606982469559,0.12389606982469559,0.09382680803537369,1.321947455406189,0.007110917940735817,0.0,0.0300692617893219,0.0300692617893219,-0.03459170088171959,-0.03459170088171959,-0.023700959980487823,1.1018016338348389,0.9584741592407227,0.0,-0.010890740901231766,-0.010890740901231766
279,9.3,24,0,0,,4,uneven rough,7,0.0,65.49646759033203,36.330894470214844,0.3925637900829315,1.7182283401489258,0.12522165477275848,1.7182283401489258,0.12522165477275848,9.366083145141602,2.865720748901367,0.3333333432674408,-0.25428080558776855,0.14338940382003784,0.8591141700744629,0.06261082738637924,0.2783174216747284,0.5570343732833862,0.10637971758842468,-0.09898942708969116,0.5408576726913452,-0.23906587064266205,0.19482219219207764,0.19482219219207764,0.12473167479038239,1.9535924196243286,1.3431396484375,0.0,0.07009051740169525,0.07009051740169525,0.2785171866416931,0.2785171866416931,0.3595515191555023,-1.1588906049728394,1.0191948413848877,0.0,-0.0810343325138092,-0.0810343325138092,0.05318985879421234,0.05318985879421234,0.08433181047439575,-0.18228718638420105,0.7986591458320618,0.0,-0.03114195168018341,-0.03114195168018341,-0.0692925974726677,-0.0692925974726677,-0.14956755936145782,1.9818581342697144,-1.416712760925293,0.0,0.08027496188879013,0.08027496188879013,0.2704288363456726,0.2704288363456726,0.19439439475536346,1.7407560348510742,0.23735274374485016,0.0,0.07603444159030914,0.07603444159030914,-0.11953293532133102,-0.11953293532133102,-0.11889012157917023,0.18970879912376404,-1.1487528085708618,0.0,-0.0006428137421607971,-0.0006428137421607971
280,9.333333333333334,4,0,0,,4,uneven rough,5,0.0,53.59630584716797,38.15233612060547,0.29619452357292175,1.5647411346435547,1.0581473112106323,1.5647411346435547,1.0581473112106323,7.943840026855469,0.0,0.0,0.2875238060951233,0.2590502202510834,0.7823705673217773,0.5290736556053162,0.24353933334350586,0.5128014087677002,0.5610140562057495,0.6730730533599854,-0.19462770223617554,0.3535965383052826,0.17047752439975739,0.17047752439975739,0.2695240080356598,-1.9723366498947144,-0.9629601836204529,0.0,-0.0990464836359024,-0.0990464836359024,0.2564007043838501,0.2564007043838501,0.12826359272003174,1.9097450971603394,-0.6078898906707764,0.0,0.12813711166381836,0.12813711166381836,0.28050702810287476,0.28050702810287476,0.1893700659275055,2.0001344680786133,0.5166934132575989,0.0,0.09113696217536926,0.09113696217536926,0.4711511433124542,0.4711511433124542,0.3478274345397949,1.9765344858169556,1.523673415184021,0.0,0.1233237087726593,0.1233237087726593,-0.3114043176174164,-0.3114043176174164,0.2725529074668884,1.579016089439392,0.4322989583015442,0.0,-0.5839572250843048,-0.5839572250843048,0.1767982691526413,0.1767982691526413,0.018468165770173073,1.3697165250778198,1.2736029624938965,0.0,0.15833010338246822,0.15833010338246822
280,9.333333333333334,14,0,0,,4,uneven rough,5,0.0,53.5020751953125,38.99327850341797,0.2363118827342987,1.6820735931396484,-0.052004482597112656,1.6820735931396484,-0.052004482597112656,4.289369583129883,0.6486744284629822,0.5,-0.018004819750785828,0.06837211549282074,0.8410367965698242,-0.026002241298556328,0.6628018021583557,0.2972134053707123,-0.2914966940879822,0.2502627372741699,0.18027997016906738,-0.30639347434043884,0.46396124362945557,0.46396124362945557,0.3783296048641205,1.9925258159637451,0.5213822722434998,0.0,0.08563163876533508,0.08563163876533508,0.14860670268535614,0.14860670268535614,0.16028344631195068,0.3961934745311737,0.6469021439552307,0.0,-0.011676743626594543,-0.011676743626594543,-0.1457483470439911,-0.1457483470439911,0.06681818515062332,-1.6026772260665894,0.2444361001253128,0.0,-0.2125665321946144,-0.2125665321946144,0.17518390715122223,0.17518390715122223,0.15846069157123566,-0.5076512694358826,-0.5578263401985168,0.0,0.016723215579986572,0.016723215579986572,0.09013998508453369,0.09013998508453369,0.08295973390340805,-0.36866500973701477,0.7505218386650085,0.0,0.007180251181125641,0.007180251181125641,-0.15319673717021942,-0.15319673717021942,-0.05161799117922783,-0.7354249954223633,1.039511799812317,0.0,-0.10157874599099159,-0.10157874599099159
280,9.333333333333334,24,0,0,,4,uneven rough,7,0.0,65.53589630126953,36.333534240722656,0.3869793117046356,1.7840518951416016,0.911190390586853,1.7840518951416016,0.911190390586853,7.809971809387207,1.429531455039978,0.3333333432674408,0.05758051201701164,0.19915494322776794,0.8920259475708008,0.4555951952934265,-0.2521795332431793,0.6031438112258911,-0.24009694159030914,0.42904263734817505,0.4264300763607025,0.6183985471725464,-0.17652566730976105,-0.17652566730976105,0.0810452550649643,-2.0062336921691895,1.6882907152175903,0.0,-0.25757092237472534,-0.25757092237472534,0.30157190561294556,0.30157190561294556,0.31100404262542725,-1.0304862260818481,-0.21229855716228485,0.0,-0.00943213701248169,-0.00943213701248169,-0.12004847079515457,-0.12004847079515457,0.04115414246916771,2.020170211791992,0.24403034150600433,0.0,-0.16120261326432228,-0.16120261326432228,0.3003298342227936,0.3003298342227936,-0.08192109316587448,1.9680012464523315,0.5048453211784363,0.0,0.38225092738866806,0.38225092738866806,0.21321503818035126,0.21321503818035126,0.20532944798469543,0.2653307318687439,1.0873796939849854,0.0,0.007885590195655823,0.007885590195655823,0.3091992735862732,0.3091992735862732,-0.056216586381196976,1.914910912513733,-0.391984224319458,0.0,0.36541585996747017,0.36541585996747017
281,9.366666666666667,4,0,0,,4,uneven rough,5,0.0,53.56336975097656,38.15121841430664,0.30703166127204895,1.7898105382919312,1.4143409729003906,1.7898105382919312,1.4143409729003906,9.218533515930176,6.668989181518555,0.37887465953826904,0.21329113841056824,0.15876270830631256,0.8949052691459656,0.7071704864501953,0.2674795389175415,0.3941495716571808,0.06660780310630798,0.5260912775993347,0.2720410227775574,0.09270378947257996,0.18723566830158234,0.18723566830158234,0.20735837519168854,-1.4661685228347778,-1.5336635112762451,0.0,-0.0201227068901062,-0.0201227068901062,0.1970747858285904,0.1970747858285904,0.1690734475851059,1.2489039897918701,0.8155854344367981,0.0,0.028001338243484497,0.028001338243484497,0.03330390155315399,0.03330390155315399,0.12851166725158691,-1.957461953163147,1.355433702468872,0.0,-0.09520776569843292,-0.09520776569843292,0.3682639002799988,0.3682639002799988,0.3844272494316101,-0.1712406873703003,1.7797218561172485,0.0,-0.016163349151611328,-0.016163349151611328,0.1360205113887787,0.1360205113887787,0.21852946281433105,-1.9107178449630737,1.0806548595428467,0.0,-0.08250895142555237,-0.08250895142555237,0.04635189473628998,0.04635189473628998,0.022239048033952713,0.5571286082267761,1.3279457092285156,0.0,0.024112846702337265,0.024112846702337265
281,9.366666666666667,14,0,0,,4,uneven rough,5,0.0,53.45956802368164,38.9909782409668,0.23423446714878082,1.4144980907440186,-0.4953378438949585,1.4144980907440186,-0.4953378438949585,5.605566024780273,0.9885997772216797,0.3333333432674408,0.10950528830289841,0.03051825985312462,0.7072490453720093,-0.24766892194747925,0.042437512427568436,0.18097029626369476,0.42294472455978394,0.2868250012397766,0.2819036543369293,-0.25033339858055115,0.029706258326768875,0.029706258326768875,0.33237940073013306,-1.8012135028839111,1.3531694412231445,0.0,-0.3026731424033642,-0.3026731424033642,0.09048514813184738,0.09048514813184738,0.11978847533464432,-1.6043404340744019,0.5051510334014893,0.0,-0.029303327202796936,-0.029303327202796936,0.21147236227989197,0.21147236227989197,0.11904671043157578,1.9815952777862549,-0.7999250888824463,0.0,0.09242565184831619,0.09242565184831619,0.20077750086784363,0.20077750086784363,0.21191754937171936,0.8672453761100769,-0.5294572710990906,0.0,-0.011140048503875732,-0.011140048503875732,0.14095182716846466,0.14095182716846466,0.11916030943393707,1.1859782934188843,0.11773159354925156,0.0,0.021791517734527588,0.021791517734527588,-0.12516669929027557,-0.12516669929027557,-0.07511813938617706,-0.6218780279159546,0.03595936670899391,0.0,-0.05004855990409851,-0.05004855990409851
281,9.366666666666667,24,0,0,,4,uneven rough,7,0.0,65.57311248779297,36.341773986816406,0.398052453994751,1.7937936782836914,0.40985211730003357,1.7937936782836914,0.40985211730003357,9.285248756408691,3.706864356994629,0.3333333432674408,0.02458510920405388,0.3626320958137512,0.8968968391418457,0.20492605865001678,-0.0318281389772892,0.5719304084777832,0.040113527327775955,0.3621038794517517,0.03878656029701233,0.3142707943916321,-0.02227969653904438,-0.02227969653904438,0.012940311804413795,-2.0000052452087402,-0.40060001611709595,0.0,-0.035220008343458176,-0.035220008343458176,0.2859652042388916,0.2859652042388916,0.2841491103172302,-1.078608751296997,-0.6749033331871033,0.0,0.001816093921661377,0.001816093921661377,0.020056763663887978,0.020056763663887978,0.037556763738393784,0.1967141181230545,1.2482630014419556,0.0,-0.017500000074505806,-0.017500000074505806,0.2534727156162262,0.2534727156162262,-0.01706540584564209,1.7398971319198608,1.3321163654327393,0.0,0.2705381214618683,0.2705381214618683,0.019393280148506165,0.019393280148506165,0.13771529495716095,-1.7269550561904907,0.6225917339324951,0.0,-0.11832201480865479,-0.11832201480865479,0.15713539719581604,0.15713539719581604,-0.021718602627515793,1.5616041421890259,0.9123384356498718,0.0,0.17885399982333183,0.17885399982333183
282,9.4,4,0,0,,4,uneven rough,5,0.0,53.52701950073242,38.14915084838867,0.31555187702178955,1.4779963493347168,0.44953012466430664,1.4779963493347168,0.44953012466430664,5.658161163330078,3.4443812370300293,0.2119615525007248,0.012736479751765728,0.17885452508926392,0.7389981746673584,0.22476506233215332,0.2731431722640991,0.33326512575149536,0.5693504810333252,0.30246880650520325,0.04945022612810135,0.1086781695485115,0.19120021164417267,0.19120021164417267,0.20964689552783966,0.20576821267604828,-1.4955017566680908,0.0,-0.018446683883666992,-0.018446683883666992,0.16663256287574768,0.16663256287574768,0.16069993376731873,-0.5528101921081543,1.060584545135498,0.0,0.005932629108428955,0.005932629108428955,0.2846752405166626,0.2846752405166626,0.1773202121257782,1.2643826007843018,-0.5176834464073181,0.0,0.1073550283908844,0.1073550283908844,0.21172815561294556,0.21172815561294556,0.3235454261302948,-1.6938499212265015,0.6766440868377686,0.0,-0.11181727051734924,-0.11181727051734924,0.024725113064050674,0.024725113064050674,0.15848547220230103,-1.1963753700256348,-0.610672652721405,0.0,-0.13376035913825035,-0.13376035913825035,0.05433908477425575,0.05433908477425575,0.08472508192062378,0.8783845901489258,0.8921242952346802,0.0,-0.030385997146368027,-0.030385997146368027
282,9.4,14,0,0,,4,uneven rough,5,0.0,53.414974212646484,38.98738479614258,0.23019272089004517,1.6316044330596924,0.7367954850196838,1.6316044330596924,0.7367954850196838,7.343901634216309,1.73101806640625,0.3333333432674408,-0.05359073728322983,0.11102016270160675,0.8158022165298462,0.3683977425098419,0.7112590074539185,0.13735602796077728,0.09168881177902222,0.3436289429664612,0.2880733013153076,0.04275583475828171,0.49788129329681396,0.49788129329681396,0.36303818225860596,1.330989956855774,-0.43032434582710266,0.0,0.134843111038208,0.134843111038208,0.06867801398038864,0.06867801398038864,0.0763804018497467,-0.22911250591278076,-0.6875592470169067,0.0,-0.007702387869358063,-0.007702387869358063,0.04584440588951111,0.04584440588951111,0.08869504183530807,-1.9747493267059326,0.77275151014328,0.0,-0.04285063594579697,-0.04285063594579697,0.2405402511358261,0.2405402511358261,0.20074933767318726,0.2668846547603607,0.26024091243743896,0.0,0.039790913462638855,0.039790913462638855,0.1440366506576538,0.1440366506576538,0.13823489844799042,0.2058340311050415,0.7217202186584473,0.0,0.005801752209663391,0.005801752209663391,0.021377917379140854,0.021377917379140854,-0.020953169092535973,1.9078694581985474,-0.3359830677509308,0.0,0.042331086471676826,0.042331086471676826
282,9.4,24,0,0,,4,uneven rough,7,0.0,65.61022186279297,36.35024642944336,0.40998610854148865,1.8188475370407104,-0.0072980644181370735,1.8188475370407104,-0.0072980644181370735,9.366033554077148,7.708069801330566,0.5,0.08346311748027802,0.1762210577726364,0.9094237685203552,-0.0036490322090685368,-0.29535529017448425,0.5341057181358337,0.18988828361034393,-0.026999108493328094,0.12951421737670898,0.08802427351474762,-0.20674869418144226,-0.20674869418144226,-0.04783903434872627,-1.9849944114685059,-1.3049066066741943,0.0,-0.158909659832716,-0.158909659832716,0.26705285906791687,0.26705285906791687,0.2630588412284851,0.013049189001321793,-0.9031590819358826,0.0,0.003994017839431763,0.003994017839431763,0.09494414180517197,0.09494414180517197,0.09185994416475296,1.204524278640747,0.6537153720855713,0.0,0.0030841976404190063,0.0030841976404190063,-0.018899375572800636,-0.018899375572800636,-0.00569507759064436,-0.5240387916564941,1.5626763105392456,0.0,-0.013204297982156277,-0.013204297982156277,0.06475710868835449,0.06475710868835449,0.07563051581382751,-1.2584272623062134,-0.7058462500572205,0.0,-0.010873407125473022,-0.010873407125473022,0.04401213675737381,0.04401213675737381,0.03577692434191704,1.2858067750930786,1.2794344425201416,0.0,0.008235212415456772,0.008235212415456772
283,9.433333333333334,4,0,0,,4,uneven rough,5,0.0,53.48811340332031,38.132713317871094,0.3294515013694763,1.6031638383865356,0.8974390029907227,1.6031638383865356,0.8974390029907227,3.6473567485809326,1.7175958156585693,0.5,-0.11444765329360962,0.09541964530944824,0.8015819191932678,0.44871950149536133,0.23115593194961548,0.5045884251594543,0.3928608298301697,0.10228833556175232,0.16162998974323273,-0.40420451760292053,0.16180914640426636,0.16180914640426636,0.18875335156917572,-1.0064682960510254,-0.5336006879806519,0.0,-0.026944205164909363,-0.026944205164909363,0.2522942125797272,0.2522942125797272,0.22097422182559967,1.9587653875350952,0.14836826920509338,0.0,0.0313199907541275,0.0313199907541275,0.19643041491508484,0.19643041491508484,0.14897365868091583,-0.05482904613018036,0.4898998737335205,0.0,0.047456756234169006,0.047456756234169006,0.07160183042287827,0.07160183042287827,0.2680911123752594,-1.8163237571716309,-0.6636374592781067,0.0,-0.19648928195238113,-0.19648928195238113,0.08081499487161636,0.08081499487161636,0.11561363935470581,-1.4866610765457153,-0.941830039024353,0.0,-0.03479864448308945,-0.03479864448308945,-0.20210225880146027,-0.20210225880146027,0.04110563173890114,-0.9192548394203186,0.8843558430671692,0.0,-0.2432078905403614,-0.2432078905403614
283,9.433333333333334,14,0,0,,4,uneven rough,5,0.0,53.36956787109375,38.980472564697266,0.2331131100654602,1.665212869644165,0.05656638368964195,1.665212869644165,0.05656638368964195,8.479998588562012,2.082846164703369,0.1666666716337204,0.15970173478126526,0.07592271268367767,0.8326064348220825,0.028283191844820976,-0.16665376722812653,0.307309627532959,0.27301499247550964,0.44332846999168396,0.23884835839271545,-0.020380260422825813,-0.11665763705968857,-0.11665763705968857,0.31019356846809387,-0.5572034120559692,0.5655259490013123,0.0,-0.42685120552778244,-0.42685120552778244,0.1536548137664795,0.1536548137664795,0.14016632735729218,1.2945929765701294,-0.42835262417793274,0.0,0.013488486409187317,0.013488486409187317,0.13650749623775482,0.13650749623775482,0.10288452357053757,0.07706643640995026,-0.7806903719902039,0.0,0.033622972667217255,0.033622972667217255,0.3103299140930176,0.3103299140930176,0.26873812079429626,0.923541247844696,0.26399728655815125,0.0,0.041591793298721313,0.041591793298721313,0.11942417919635773,0.11942417919635773,0.14097940921783447,-0.7178096175193787,0.430037260055542,0.0,-0.021555230021476746,-0.021555230021476746,-0.010190130211412907,-0.010190130211412907,0.0036024784203618765,-0.6364513635635376,0.9326951503753662,0.0,-0.013792608631774783,-0.013792608631774783
283,9.433333333333334,24,0,0,,4,uneven rough,7,0.0,65.6467514038086,36.36164093017578,0.4173203706741333,1.8076549768447876,-0.8039220571517944,1.8076549768447876,-0.8039220571517944,9.498205184936523,3.3333334922790527,0.1666666716337204,0.1916133165359497,0.19652488827705383,0.9038274884223938,-0.4019610285758972,0.07007572054862976,0.5042266249656677,-0.4625352621078491,-0.25078997015953064,-0.20760363340377808,-0.3459818959236145,0.04905300214886665,0.04905300214886665,-0.011758395470678806,1.3652198314666748,-1.6894294023513794,0.0,0.06081139761954546,0.06081139761954546,0.25211331248283386,0.25211331248283386,0.246748685836792,-0.7887439131736755,-0.3851332664489746,0.0,0.00536462664604187,0.00536462664604187,-0.23126763105392456,-0.23126763105392456,0.028093425557017326,-1.0534236431121826,0.9651437401771545,0.0,-0.2593610566109419,-0.2593610566109419,-0.17555297911167145,-0.17555297911167145,-0.07466353476047516,-1.751908302307129,0.38284385204315186,0.0,-0.10088944435119629,-0.10088944435119629,-0.33216580748558044,-0.33216580748558044,0.014704887755215168,-1.5205674171447754,-1.018276572227478,0.0,-0.3468706952407956,-0.3468706952407956,-0.17299094796180725,-0.17299094796180725,-0.015958275645971298,-1.1350504159927368,1.2830374240875244,0.0,-0.15703267231583595,-0.15703267231583595
284,9.466666666666667,4,0,0,,4,uneven rough,5,0.0,53.450782775878906,38.12063217163086,0.33074483275413513,1.7512403726577759,0.215908944606781,1.7512403726577759,0.215908944606781,5.240471839904785,2.561056137084961,0.3333333432674408,0.1470806896686554,0.15687789022922516,0.8756201863288879,0.1079544723033905,0.5466466546058655,0.2906540334224701,0.17444269359111786,-0.07541404664516449,-0.07062532752752304,-0.732072651386261,0.3826526403427124,0.3826526403427124,0.2343701422214508,1.926458716392517,-0.800960898399353,0.0,0.1482824981212616,0.1482824981212616,0.14532701671123505,0.14532701671123505,0.1685614436864853,-1.998809576034546,1.171970009803772,0.0,-0.023234426975250244,-0.023234426975250244,0.08722134679555893,0.08722134679555893,0.08914989978075027,-1.4982410669326782,0.18190917372703552,0.0,-0.0019285529851913452,-0.0019285529851913452,-0.0527898333966732,-0.0527898333966732,0.20113599300384521,-1.588436484336853,-1.3153682947158813,0.0,-0.2539258264005184,-0.2539258264005184,-0.1130005270242691,-0.1130005270242691,0.04375525563955307,-1.693038821220398,-1.2498785257339478,0.0,-0.15675578266382217,-0.15675578266382217,-0.3660363256931305,-0.3660363256931305,-0.015612532384693623,-1.8834384679794312,-0.13540887832641602,0.0,-0.35042379330843687,-0.35042379330843687
284,9.466666666666667,14,0,0,,4,uneven rough,5,0.0,53.32529067993164,38.96305847167969,0.24197816848754883,1.5192283391952515,-0.07276376336812973,1.5192283391952515,-0.07276376336812973,4.521965026855469,2.5260260105133057,0.5,0.13212910294532776,0.09284158796072006,0.7596141695976257,-0.036381881684064865,0.17488111555576324,0.45309439301490784,-0.07222631573677063,0.11156751215457916,-0.01278007123619318,0.027301138266921043,0.12241677939891815,0.12241677939891815,0.2475508600473404,-1.8944919109344482,-0.06926724314689636,0.0,-0.12513408064842224,-0.12513408064842224,0.22654719650745392,0.22654719650745392,0.2005065679550171,1.3869409561157227,0.5458039045333862,0.0,0.02604062855243683,0.02604062855243683,-0.036113157868385315,-0.036113157868385315,0.04129109904170036,-2.0009286403656006,-0.2957131266593933,0.0,-0.07740425691008568,-0.07740425691008568,0.07809725403785706,0.07809725403785706,0.23308992385864258,-2.0019783973693848,0.6369045972824097,0.0,-0.15499266982078552,-0.15499266982078552,-0.020448114722967148,-0.020448114722967148,0.08159056305885315,-1.8726345300674438,-0.21895742416381836,0.0,-0.1020386777818203,-0.1020386777818203,0.013650569133460522,0.013650569133460522,-0.006224398966878653,-0.5316197872161865,0.045496903359889984,0.0,0.019874968100339174,0.019874968100339174
284,9.466666666666667,24,0,0,,4,uneven rough,7,0.0,65.68851470947266,36.37785720825195,0.4271197021007538,1.7466132640838623,-1.3999199867248535,1.7466132640838623,-1.3999199867248535,9.56779670715332,4.595572471618652,0.3333333432674408,0.5178714990615845,0.12147900462150574,0.8733066320419312,-0.6999599933624268,-0.22210007905960083,0.7120479941368103,-0.39247697591781616,-0.40034908056259155,-0.19583956897258759,-0.0015332985203713179,-0.15547005832195282,-0.15547005832195282,-0.05881480127573013,-2.0008864402770996,0.03767473250627518,0.0,-0.09665525704622269,-0.09665525704622269,0.35602399706840515,0.35602399706840515,0.30053362250328064,1.7360951900482178,-0.6133354306221008,0.0,0.05549037456512451,0.05549037456512451,-0.19623848795890808,-0.19623848795890808,-0.02674771659076214,-0.06422527879476547,-0.1761578768491745,0.0,-0.16949077136814594,-0.16949077136814594,-0.2802443504333496,-0.2802443504333496,-0.132314071059227,-2.011634588241577,-0.8241488337516785,0.0,-0.14793027937412262,-0.14793027937412262,-0.3133433163166046,-0.3133433163166046,0.0033355941995978355,0.11060389876365662,-1.3022726774215698,0.0,-0.31667891051620245,-0.31667891051620245,-0.0007666492601856589,-0.0007666492601856589,-0.040656108409166336,-0.0020125277806073427,-0.08415379375219345,0.0,0.03988945914898068,0.03988945914898068
285,9.5,4,0,0,,4,uneven rough,5,0.0,53.41216278076172,38.109779357910156,0.3277896046638489,1.6131443977355957,-0.49708470702171326,1.6131443977355957,-0.49708470702171326,2.219191789627075,1.0801808834075928,0.3333333432674408,0.014895519241690636,0.12289529293775558,0.8065721988677979,-0.24854235351085663,0.31275713443756104,0.17776359617710114,0.5808595418930054,0.005153967998921871,-0.04408935457468033,-0.5540933609008789,0.21892999112606049,0.21892999112606049,0.2700115442276001,-0.3569437265396118,0.741127073764801,0.0,-0.05108155310153961,-0.05108155310153961,0.08888179808855057,0.08888179808855057,0.10153702646493912,-1.9818605184555054,-0.6207944750785828,0.0,-0.01265522837638855,-0.01265522837638855,0.2904297709465027,0.2904297709465027,0.1124880313873291,0.4865170121192932,-0.7680507898330688,0.0,0.17794173955917358,0.17794173955917358,0.0036077776458114386,0.0036077776458114386,0.1478131264448166,-1.2693778276443481,-1.4697614908218384,0.0,-0.14420534879900515,-0.14420534879900515,-0.07054296880960464,-0.07054296880960464,-0.00953894667327404,-1.8666136264801025,-1.5004421472549438,0.0,-0.061004022136330605,-0.061004022136330605,-0.27704668045043945,-0.27704668045043945,-0.04343227297067642,-0.6521260738372803,-1.1237479448318481,0.0,-0.23361440747976303,-0.23361440747976303
285,9.5,14,0,0,,4,uneven rough,5,0.0,53.28035354614258,38.953163146972656,0.23832181096076965,1.441638469696045,0.5390805602073669,1.441638469696045,0.5390805602073669,3.4225916862487793,1.7680915594100952,0.5,-0.09474895894527435,0.29782453179359436,0.7208192348480225,0.26954028010368347,0.6226915121078491,-0.034128881990909576,0.11805444210767746,-0.03238029032945633,0.25368326902389526,-0.5497487783432007,0.4358840584754944,0.4358840584754944,0.2751297950744629,1.6751054525375366,-1.101252555847168,0.0,0.1607542634010315,0.1607542634010315,-0.05460621044039726,-0.05460621044039726,0.1667022556066513,-0.9243326187133789,1.021384358406067,0.0,-0.22130846604704857,-0.22130846604704857,0.05902722105383873,0.05902722105383873,0.05251625180244446,0.8352897763252258,-1.2598450183868408,0.0,0.006510969251394272,0.006510969251394272,-0.0226662028580904,-0.0226662028580904,0.16207489371299744,-1.9823700189590454,-0.8551245927810669,0.0,-0.18474109657108784,-0.18474109657108784,0.12684163451194763,0.12684163451194763,0.09758003056049347,1.712890863418579,-1.1539493799209595,0.0,0.029261603951454163,0.029261603951454163,-0.27487438917160034,-0.27487438917160034,0.00018438597908243537,0.11491646617650986,-0.28080591559410095,0.0,-0.2750587751506828,-0.2750587751506828
285,9.5,24,0,0,,4,uneven rough,7,0.0,65.73029327392578,36.38249969482422,0.4292321503162384,1.8614708185195923,-0.06390547752380371,1.8614708185195923,-0.06390547752380371,9.790864944458008,2.330204963684082,0.3333333432674408,0.42795103788375854,0.23202645778656006,0.9307354092597961,-0.031952738761901855,0.6317628622055054,0.33952292799949646,-0.3157294988632202,-0.37039586901664734,0.3630503714084625,-0.45927557349205017,0.44223400950431824,0.44223400950431824,-0.02953021600842476,1.9928752183914185,-1.1149314641952515,0.0,0.471764225512743,0.471764225512743,0.16976146399974823,0.16976146399974823,0.2713412344455719,-1.9762048721313477,0.7150368690490723,0.0,-0.10157977044582367,-0.10157977044582367,-0.1578647494316101,-0.1578647494316101,-0.06802544742822647,-1.9507180452346802,-0.11287098377943039,0.0,-0.08983930200338364,-0.08983930200338364,-0.2592771053314209,-0.2592771053314209,-0.19918863475322723,-2.0026044845581055,-1.4955554008483887,0.0,-0.060088470578193665,-0.060088470578193665,0.18152518570423126,0.18152518570423126,0.01681249961256981,0.6006119251251221,-0.5034297108650208,0.0,0.16471268609166145,0.16471268609166145,-0.22963778674602509,-0.22963778674602509,-0.08914164453744888,-1.4977260828018188,-0.03771097585558891,0.0,-0.1404961422085762,-0.1404961422085762
286,9.533333333333333,4,0,0,,4,uneven rough,5,0.0,53.37086486816406,38.1089973449707,0.3273293077945709,1.6373294591903687,0.3564518392086029,1.6373294591903687,0.3564518392086029,4.389230728149414,0.8934634923934937,0.3333333432674408,-0.1070832833647728,0.20108923316001892,0.8186647295951843,0.17822591960430145,0.5822849273681641,0.14408235251903534,0.3725588917732239,0.46608445048332214,-0.04964818060398102,-0.12236067652702332,0.40759944915771484,0.40759944915771484,0.3022817373275757,1.997045636177063,0.12027587741613388,0.0,0.10531771183013916,0.10531771183013916,0.07204117625951767,0.07204117625951767,0.05309183895587921,-0.21161039173603058,-1.3903436660766602,0.0,0.018949337303638458,0.018949337303638458,0.18627944588661194,0.18627944588661194,0.15896695852279663,1.353613257408142,-0.05871589854359627,0.0,0.027312487363815308,0.027312487363815308,0.3262591063976288,0.3262591063976288,0.1674226075410843,1.6335413455963135,-1.3564642667770386,0.0,0.1588364988565445,0.1588364988565445,-0.07943709194660187,-0.07943709194660187,-0.050546444952487946,-0.5827696919441223,-1.7074761390686035,0.0,-0.028890646994113922,-0.028890646994113922,-0.06118033826351166,-0.06118033826351166,-0.0463663674890995,-0.5140207409858704,-0.8570920825004578,0.0,-0.014813970774412155,-0.014813970774412155
286,9.533333333333333,14,0,0,,4,uneven rough,5,0.0,53.23158264160156,38.94595718383789,0.2359788417816162,1.7080918550491333,-0.515238881111145,1.7080918550491333,-0.515238881111145,5.365344047546387,5.4522809982299805,0.37287911772727966,0.03885593265295029,0.08754836767911911,0.8540459275245667,-0.2576194405555725,0.7598066329956055,-0.2739618122577667,-0.20716992020606995,0.17257875204086304,0.6375104188919067,-0.6138317584991455,0.5318646430969238,0.5318646430969238,0.336774617433548,1.2883045673370361,0.46850523352622986,0.0,0.19509002566337585,0.19509002566337585,-0.43833890557289124,-0.43833890557289124,0.1559305042028427,0.2849992513656616,-0.07872749865055084,0.0,-0.594269409775734,-0.594269409775734,-0.10358496010303497,-0.10358496010303497,-0.0026708568911999464,-1.8952240943908691,-0.07525202631950378,0.0,-0.10091410321183503,-0.10091410321183503,0.12080512195825577,0.12080512195825577,0.1130455955862999,-0.25823548436164856,-1.4924712181091309,0.0,0.007759526371955872,0.007759526371955872,0.31875520944595337,0.31875520944595337,0.1453276127576828,1.7176421880722046,0.4669671952724457,0.0,0.17342759668827057,0.17342759668827057,-0.30691587924957275,-0.30691587924957275,-0.016878988593816757,0.028041185811161995,-0.05706376954913139,0.0,-0.290036890655756,-0.290036890655756
286,9.533333333333333,24,0,0,,4,uneven rough,7,0.0,65.77423095703125,36.37013626098633,0.43409842252731323,1.788463830947876,-0.9070160388946533,1.788463830947876,-0.9070160388946533,10.296773910522461,6.325370788574219,0.3333333432674408,0.29498815536499023,0.12935785949230194,0.894231915473938,-0.45350801944732666,0.19331437349319458,0.6195091009140015,-0.048310279846191406,-0.22549127042293549,-0.002901829080656171,-0.10836373269557953,0.1353200525045395,0.1353200525045395,0.03341861814260483,1.7451869249343872,0.6422280073165894,0.0,0.10190143436193466,0.10190143436193466,0.30975455045700073,0.30975455045700073,0.2866716980934143,0.47245484590530396,-0.806596040725708,0.0,0.023082852363586426,0.023082852363586426,-0.024155139923095703,-0.024155139923095703,-0.01954342983663082,1.534733533859253,-1.1519930362701416,0.0,-0.004611710086464882,-0.004611710086464882,-0.15784388780593872,-0.15784388780593872,-0.188590869307518,1.5344703197479248,-1.7822418212890625,0.0,0.030746981501579285,0.030746981501579285,-0.004642926622182131,-0.004642926622182131,0.017497479915618896,-0.8509573340415955,0.12079741060733795,0.0,-0.022140406537801027,-0.022140406537801027,-0.054181866347789764,-0.054181866347789764,-0.03925796225667,0.48989325761795044,-0.863206148147583,0.0,-0.014923904091119766,-0.014923904091119766
287,9.566666666666666,4,0,0,,4,uneven rough,5,0.0,53.32617950439453,38.10649871826172,0.3233795464038849,1.5197569131851196,1.012831449508667,1.5197569131851196,1.012831449508667,3.4591808319091797,1.011040210723877,0.1666666716337204,-0.09041663259267807,0.2463616579771042,0.7598784565925598,0.5064157247543335,-0.1379324197769165,0.3627551198005676,0.09165875613689423,0.44170355796813965,0.1611965149641037,0.02674233540892601,-0.09655269235372543,-0.09655269235372543,0.2695980370044708,-1.8376747369766235,1.1814048290252686,0.0,-0.36615072935819626,-0.36615072935819626,0.1813775599002838,0.1813775599002838,0.12015681713819504,2.022233724594116,-0.7238857746124268,0.0,0.061220742762088776,0.061220742762088776,0.04582937806844711,0.04582937806844711,0.10643642395734787,-2.024353265762329,0.7398175597190857,0.0,-0.06060704588890076,-0.06060704588890076,0.3091924786567688,0.3091924786567688,0.23812896013259888,1.431727409362793,0.3340902626514435,0.0,0.07106351852416992,0.07106351852416992,0.08059825748205185,0.08059825748205185,0.014033069834113121,-0.9987015724182129,-1.0715651512145996,0.0,0.06656518764793873,0.06656518764793873,0.013371167704463005,0.013371167704463005,-0.05386644974350929,-0.741330623626709,-0.6631188988685608,0.0,0.0672376174479723,0.0672376174479723
287,9.566666666666666,14,0,0,,4,uneven rough,5,0.0,53.1805305480957,38.942317962646484,0.2294929176568985,1.764153003692627,0.025892196223139763,1.764153003692627,0.025892196223139763,7.737837791442871,3.8756237030029297,0.3333333432674408,-0.02056201361119747,0.13215148448944092,0.8820765018463135,0.012946098111569881,0.5074132680892944,-0.23983202874660492,0.08948143571615219,0.603547215461731,0.6512914299964905,-0.44750335812568665,0.3551892936229706,0.3551892936229706,0.35196051001548767,0.37773650884628296,0.9320212602615356,0.0,0.00322878360748291,0.00322878360748291,-0.38373124599456787,-0.38373124599456787,0.14703306555747986,0.25718826055526733,0.12692426145076752,0.0,-0.5307643115520477,-0.5307643115520477,0.044740717858076096,0.044740717858076096,0.0116426981985569,1.4180667400360107,-1.1042674779891968,0.0,0.033098019659519196,0.033098019659519196,0.42248305678367615,0.42248305678367615,0.17789973318576813,1.9942796230316162,-0.7946321368217468,0.0,0.24458332359790802,0.24458332359790802,0.32564571499824524,0.32564571499824524,0.2002403438091278,1.480327844619751,1.1741011142730713,0.0,0.12540537118911743,0.12540537118911743,-0.22375167906284332,-0.22375167906284332,-0.06636951863765717,-1.9282963275909424,-0.008945276029407978,0.0,-0.15738216042518616,-0.15738216042518616
287,9.566666666666666,24,0,0,,4,uneven rough,7,0.0,65.8236312866211,36.36728286743164,0.4320492148399353,1.730176568031311,-0.645570695400238,1.730176568031311,-0.645570695400238,8.484624862670898,1.011854887008667,0.1666666716337204,-0.08275856822729111,0.13642054796218872,0.8650882840156555,-0.322785347700119,-0.5470747947692871,0.7243372201919556,-0.044604938477277756,-0.08152943849563599,0.36085644364356995,-0.27464550733566284,-0.38295236229896545,-0.38295236229896545,-0.012373559176921844,-1.7145226001739502,1.2658429145812988,0.0,-0.3705788031220436,-0.3705788031220436,0.3621686100959778,0.3621686100959778,0.3517683744430542,1.6596204042434692,-0.08341838419437408,0.0,0.010400235652923584,0.010400235652923584,-0.022302469238638878,-0.022302469238638878,-0.03653638809919357,0.2770419716835022,0.3670869767665863,0.0,0.014233918860554695,0.014233918860554695,-0.05707060545682907,-0.05707060545682907,-0.11665737628936768,1.951528549194336,0.09303318709135056,0.0,0.059586770832538605,0.059586770832538605,0.18042822182178497,0.18042822182178497,0.08327462524175644,1.9067225456237793,-0.4286344647407532,0.0,0.09715359658002853,0.09715359658002853,-0.13732275366783142,-0.13732275366783142,-0.09693913906812668,-1.3609516620635986,-0.09816132485866547,0.0,-0.04038361459970474,-0.04038361459970474
288,9.6,4,0,0,,4,uneven rough,5,0.0,53.2872314453125,38.09996795654297,0.33425992727279663,1.7349085807800293,0.44793593883514404,1.7349085807800293,0.44793593883514404,7.974959850311279,4.965863227844238,0.5,-0.16816896200180054,0.1450260877609253,0.8674542903900146,0.22396796941757202,0.08261816948652267,0.36542773246765137,0.39781126379966736,0.4899245798587799,0.023766176775097847,-0.05514991655945778,0.05783271789550781,0.05783271789550781,0.20422877371311188,-1.7025790214538574,-0.5255881547927856,0.0,-0.14639605581760406,-0.14639605581760406,0.18271386623382568,0.18271386623382568,0.18941441178321838,2.021881103515625,0.8287751078605652,0.0,-0.0067005455493927,-0.0067005455493927,0.19890563189983368,0.19890563189983368,0.13687273859977722,0.03311307355761528,-0.8230495452880859,0.0,0.06203289330005646,0.06203289330005646,0.34294721484184265,0.34294721484184265,0.30252012610435486,2.0136420726776123,0.9546962380409241,0.0,0.04042708873748779,0.04042708873748779,0.011883088387548923,0.011883088387548923,-0.020375242456793785,0.2874062657356262,-1.0303679704666138,0.0,0.03225833084434271,0.03225833084434271,-0.02757495827972889,-0.02757495827972889,-0.04928423464298248,0.07268381118774414,-0.7073399424552917,0.0,0.021709276363253593,0.021709276363253593
288,9.6,14,0,0,,4,uneven rough,5,0.0,53.13386917114258,38.936824798583984,0.22774797677993774,1.8574779033660889,0.7127822041511536,1.8574779033660889,0.7127822041511536,8.965620040893555,3.646291494369507,0.5,0.2177889198064804,0.12510894238948822,0.9287389516830444,0.3563911020755768,0.42640990018844604,0.08326418697834015,0.28503885865211487,0.5018749833106995,0.34821775555610657,0.23100078105926514,0.2984869182109833,0.2984869182109833,0.3199850618839264,-1.4681355953216553,0.618627667427063,0.0,-0.021498143672943115,-0.021498143672943115,0.041632093489170074,0.041632093489170074,0.08678765594959259,-1.4156609773635864,0.20057575404644012,0.0,-0.045155562460422516,-0.045155562460422516,0.14251942932605743,0.14251942932605743,0.06586604565382004,-0.014331682585179806,0.3218648135662079,0.0,0.0766533836722374,0.0766533836722374,0.3513124883174896,0.3513124883174896,0.24586473405361176,1.7463645935058594,0.7822235822677612,0.0,0.10544775426387787,0.10544775426387787,0.17410887777805328,0.17410887777805328,0.16652564704418182,-0.6663587093353271,1.3472422361373901,0.0,0.00758323073387146,0.00758323073387146,0.11550039052963257,0.11550039052963257,-0.05203786864876747,0.21100498735904694,-1.0941498279571533,0.0,0.16753825917840004,0.16753825917840004
288,9.6,24,0,0,,4,uneven rough,7,0.0,65.86954498291016,36.35665512084961,0.4111641049385071,1.492919921875,1.2304630279541016,1.492919921875,1.2304630279541016,6.11521053314209,0.1578313559293747,0.1666666716337204,-0.025434553623199463,0.03988788276910782,0.7464599609375,0.6152315139770508,0.2167212814092636,0.5158774256706238,-0.076603002846241,-0.0784279853105545,0.48701444268226624,0.14336048066616058,0.15170489251613617,0.15170489251613617,0.02920365147292614,-0.18446189165115356,-0.41926109790802,0.0,0.12250124104321003,0.12250124104321003,0.2579387128353119,0.2579387128353119,0.3116234540939331,0.38061076402664185,0.9020988941192627,0.0,-0.053684741258621216,-0.053684741258621216,-0.0383015014231205,-0.0383015014231205,-0.007611038163304329,-0.9354784488677979,0.3161753714084625,0.0,-0.03069046325981617,-0.03069046325981617,-0.054899588227272034,-0.054899588227272034,-0.0771295353770256,2.021062135696411,1.1438298225402832,0.0,0.02222994714975357,0.02222994714975357,0.24350722134113312,0.24350722134113312,0.12774834036827087,-0.7843809127807617,0.8917805552482605,0.0,0.11575888097286224,0.11575888097286224,0.07168024033308029,0.07168024033308029,-0.036476120352745056,-0.07395677268505096,-0.8121452331542969,0.0,0.10815636068582535,0.10815636068582535
289,9.633333333333333,4,0,0,,4,uneven rough,5,0.0,53.245906829833984,38.088809967041016,0.34331023693084717,1.670499324798584,0.9107131361961365,1.670499324798584,0.9107131361961365,8.851322174072266,6.644629955291748,0.5,-0.3374518156051636,0.055304400622844696,0.835249662399292,0.45535656809806824,0.20235219597816467,0.47367241978645325,-0.2528369128704071,0.4458262026309967,0.27232134342193604,0.10124588757753372,0.14164653420448303,0.14164653420448303,0.1491006314754486,-0.8523165583610535,-1.1910609006881714,0.0,-0.007454097270965576,-0.007454097270965576,0.23683620989322662,0.23683620989322662,0.25128138065338135,0.853812038898468,1.503359317779541,0.0,-0.014445170760154724,-0.014445170760154724,-0.12641845643520355,-0.12641845643520355,0.06557945162057877,-1.9978516101837158,-0.33897367119789124,0.0,-0.19199790805578232,-0.19199790805578232,0.3120783269405365,0.3120783269405365,0.3300378918647766,-0.7885864973068237,1.5534261465072632,0.0,-0.017959564924240112,-0.017959564924240112,0.13616067171096802,0.13616067171096802,0.009456516243517399,0.48770132660865784,-0.2852960526943207,0.0,0.12670415546745062,0.12670415546745062,0.05062294378876686,0.05062294378876686,-0.01138833723962307,1.7657746076583862,-0.2663131058216095,0.0,0.06201128102838993,0.06201128102838993
289,9.633333333333333,14,0,0,,4,uneven rough,5,0.0,53.087257385253906,38.93267059326172,0.2433006763458252,1.7816951274871826,0.6658426523208618,1.7816951274871826,0.6658426523208618,7.19970703125,4.6105194091796875,0.5,0.04421387240290642,0.17458662390708923,0.8908475637435913,0.3329213261604309,0.14536404609680176,0.26368477940559387,0.29867812991142273,0.697937548160553,0.159381702542305,0.38783180713653564,0.10175482928752899,0.10175482928752899,0.254509299993515,-1.9731611013412476,-0.5612320303916931,0.0,-0.15275447070598602,-0.15275447070598602,0.13184238970279694,0.13184238970279694,0.09265092760324478,1.587395191192627,-0.7132474184036255,0.0,0.039191462099552155,0.039191462099552155,0.14933906495571136,0.14933906495571136,0.11889008432626724,1.3786602020263672,0.13177870213985443,0.0,0.030448980629444122,0.030448980629444122,0.48855626583099365,0.48855626583099365,0.3133144676685333,1.9996540546417236,1.3273506164550781,0.0,0.17524179816246033,0.17524179816246033,0.0796908512711525,0.0796908512711525,0.1266971230506897,-1.5459026098251343,0.20874865353107452,0.0,-0.0470062717795372,-0.0470062717795372,0.19391590356826782,0.19391590356826782,-0.006870402954518795,1.0087991952896118,-0.35621294379234314,0.0,0.20078630652278662,0.20078630652278662
289,9.633333333333333,24,0,0,,4,uneven rough,7,0.0,65.91885375976562,36.35507583618164,0.4139925241470337,1.9104444980621338,1.4380872249603271,1.8953359127044678,1.4380872249603271,9.753732681274414,7.327898979187012,0.5,-0.12257077544927597,0.134758859872818,0.9552222490310669,0.7190436124801636,-0.1479501873254776,0.4723300039768219,-0.024046538397669792,0.07604802399873734,0.5364246964454651,0.3442748486995697,-0.10356512665748596,-0.10356512665748596,-0.02604941837489605,-1.9027602672576904,-0.28650519251823425,0.0,-0.07751570828258991,-0.07751570828258991,0.23616500198841095,0.23616500198841095,0.35988759994506836,1.22139573097229,0.6072485446929932,0.0,-0.12372259795665741,-0.12372259795665741,-0.012023269198834896,-0.012023269198834896,-0.027733389288187027,0.1928362101316452,-0.3915119469165802,0.0,0.01571012008935213,0.01571012008935213,0.053233616054058075,0.053233616054058075,-0.003495638957247138,2.000189781188965,1.639818549156189,0.0,0.05672925501130521,0.05672925501130521,0.26821234822273254,0.26821234822273254,0.15687613189220428,1.7509115934371948,-0.05592413619160652,0.0,0.11133621633052826,0.11133621633052826,0.17213742434978485,0.17213742434978485,-0.035422809422016144,-0.886478841304779,-0.39477214217185974,0.0,0.207560233771801,0.207560233771801
290,9.666666666666666,4,0,0,,4,uneven rough,5,0.0,53.20513153076172,38.08112335205078,0.3460802435874939,1.7869105339050293,-0.037124406546354294,1.7869105339050293,-0.037124406546354294,6.499094009399414,0.7108021974563599,0.3333333432674408,-0.32916948199272156,0.08532597869634628,0.8934552669525146,-0.018562203273177147,0.4264148771762848,0.2667147219181061,0.061063747853040695,-0.02457873895764351,0.25907236337661743,-0.30348116159439087,0.29849040508270264,0.29849040508270264,0.20834526419639587,1.8318748474121094,-0.9995342493057251,0.0,0.09014514088630676,0.09014514088630676,0.13335736095905304,0.13335736095905304,0.2530343532562256,0.0999293327331543,1.1361041069030762,0.0,-0.11967699229717255,-0.11967699229717255,0.030531873926520348,0.030531873926520348,0.004513719119131565,-2.3391942977905273,-1.2769062519073486,0.0,0.026018154807388783,0.026018154807388783,-0.017205117270350456,-0.017205117270350456,0.26679983735084534,-1.2915246486663818,0.2292480170726776,0.0,-0.2840049546211958,-0.2840049546211958,0.12953618168830872,0.12953618168830872,0.036608751863241196,1.1449658870697021,0.15175805985927582,0.0,0.09292742982506752,0.09292742982506752,-0.15174058079719543,-0.15174058079719543,-0.06529729813337326,-1.9084585905075073,0.8826329112052917,0.0,-0.08644328266382217,-0.08644328266382217
290,9.666666666666666,14,0,0,,4,uneven rough,5,0.0,53.03911590576172,38.922664642333984,0.2659513056278229,1.5208886861801147,1.1479220390319824,1.5208886861801147,1.1479220390319824,8.553694725036621,3.5564751625061035,0.3333333432674408,0.014847010374069214,0.13934320211410522,0.7604443430900574,0.5739610195159912,-0.32298967242240906,0.5427126884460449,0.26528096199035645,0.40964359045028687,-0.123270183801651,0.18942438066005707,-0.22609277069568634,-0.22609277069568634,0.20037807524204254,-1.2868578433990479,-1.359539270401001,0.0,-0.4264708459377289,-0.4264708459377289,0.27135634422302246,0.27135634422302246,0.15595795214176178,1.9908593893051147,0.5875400304794312,0.0,0.11539839208126068,0.11539839208126068,0.13264048099517822,0.13264048099517822,0.14656628668308258,-1.6080633401870728,0.8367677330970764,0.0,-0.013925805687904358,-0.013925805687904358,0.2867504954338074,0.2867504954338074,0.32227084040641785,-1.028652310371399,1.7074722051620483,0.0,-0.035520344972610474,-0.035520344972610474,-0.19723229110240936,-0.19723229110240936,0.07609622925519943,-2.32194185256958,-0.7833343148231506,0.0,-0.2733285203576088,-0.2733285203576088,0.09471219033002853,0.09471219033002853,0.049137137830257416,0.3685043752193451,0.4155673682689667,0.0,0.04557505249977112,0.04557505249977112
290,9.666666666666666,24,0,0,,4,uneven rough,7,0.0,65.9637680053711,36.34822082519531,0.4193148612976074,1.9314404726028442,0.30891183018684387,1.9314404726028442,0.30891183018684387,9.791004180908203,5.989766597747803,0.3333333432674408,-0.03795778751373291,0.060174934566020966,0.9657202363014221,0.15445591509342194,0.18879380822181702,0.1731806993484497,-0.4060730040073395,0.017656391486525536,0.6387021541595459,0.014335633255541325,0.1321556568145752,0.1321556568145752,0.01502731442451477,1.9273455142974854,-1.2003387212753296,0.0,0.11712834239006042,0.11712834239006042,0.08659034967422485,0.08659034967422485,0.3569217324256897,-0.11939673125743866,0.9544884562492371,0.0,-0.27033138275146484,-0.27033138275146484,-0.20303650200366974,-0.20303650200366974,-0.08784329891204834,-1.3489524126052856,-0.061120446771383286,0.0,-0.1151932030916214,-0.1151932030916214,0.01235947385430336,0.01235947385430336,-0.002237798646092415,-0.4707739055156708,1.8435730934143066,0.0,0.014597272500395775,0.014597272500395775,0.31935107707977295,0.31935107707977295,0.18906985223293304,1.782828688621521,0.9656640291213989,0.0,0.1302812248468399,0.1302812248468399,0.007167816627770662,0.007167816627770662,-0.03863536939024925,0.8908538818359375,-0.6727839708328247,0.0,0.045803186018019915,0.045803186018019915
291,9.7,4,0,0,,4,uneven rough,5,0.0,53.165889739990234,38.07492446899414,0.35506880283355713,1.8140374422073364,-0.9148430824279785,1.8140374422073364,-0.9148430824279785,6.707237243652344,1.6716545820236206,0.3333333432674408,0.18099543452262878,0.2160693109035492,0.9070187211036682,-0.45742154121398926,0.09236930310726166,0.7314763069152832,0.38660064339637756,0.4000905752182007,0.23862875998020172,-0.38712000846862793,0.0646585077047348,0.0646585077047348,0.15563516318798065,-1.9580084085464478,0.6013495326042175,0.0,-0.09097665548324585,-0.09097665548324585,0.3657381534576416,0.3657381534576416,0.3215608298778534,1.9745205640792847,0.5502490401268005,0.0,0.04417732357978821,0.04417732357978821,0.19330032169818878,0.19330032169818878,0.03196924552321434,1.179930329322815,-1.877525806427002,0.0,0.16133107617497444,0.16133107617497444,0.2800633907318115,0.2800633907318115,0.3001457452774048,0.3895687162876129,-0.6305995583534241,0.0,-0.02008235454559326,-0.02008235454559326,0.11931437999010086,0.11931437999010086,0.11118996143341064,1.1837047338485718,0.7133195400238037,0.0,0.008124418556690216,0.008124418556690216,-0.19356000423431396,-0.19356000423431396,-0.12784390151500702,-1.8586488962173462,-0.6954552531242371,0.0,-0.06571610271930695,-0.06571610271930695
291,9.7,14,0,0,,4,uneven rough,5,0.0,52.993988037109375,38.897491455078125,0.288271963596344,1.5688222646713257,0.9716271162033081,1.5688222646713257,0.9716271162033081,6.2292022705078125,0.6098012924194336,0.3333333432674408,-0.0606224462389946,0.1697007715702057,0.7844111323356628,0.48581355810165405,-0.02813170850276947,0.44873592257499695,0.6074150800704956,0.07896807789802551,-0.02153841219842434,-0.2834867537021637,-0.0196921955794096,-0.0196921955794096,0.13691504299640656,-1.9630001783370972,-1.318445086479187,0.0,-0.15660723857581615,-0.15660723857581615,0.22436796128749847,0.22436796128749847,0.2182690054178238,1.5521224737167358,1.380979299545288,0.0,0.006098955869674683,0.006098955869674683,0.3037075400352478,0.3037075400352478,0.18257588148117065,1.941738486289978,-0.5455441474914551,0.0,0.12113165855407715,0.12113165855407715,0.05527765303850174,0.05527765303850174,0.2653084099292755,-1.9440250396728516,0.16046249866485596,0.0,-0.21003075689077377,-0.21003075689077377,-0.03446146100759506,-0.03446146100759506,0.016425644978880882,-1.8692419528961182,-1.6532657146453857,0.0,-0.050887105986475945,-0.050887105986475945,-0.14174337685108185,-0.14174337685108185,-0.006923388224095106,-1.918049931526184,0.3889578580856323,0.0,-0.13481998862698674,-0.13481998862698674
291,9.7,24,0,0,,4,uneven rough,7,0.0,66.00780487060547,36.34560775756836,0.4232337474822998,1.829391598701477,-0.15197701752185822,1.829391598701477,-0.15197701752185822,9.258359909057617,4.917047500610352,0.3333333432674408,0.22724686563014984,0.13589893281459808,0.9146957993507385,-0.07598850876092911,-0.10891620069742203,0.5092204213142395,0.21232466399669647,-0.013087011873722076,0.4786350727081299,-0.10036025196313858,-0.07624133676290512,-0.07624133676290512,-0.021506864577531815,-1.9182745218276978,0.5680595636367798,0.0,-0.054734472185373306,-0.054734472185373306,0.25461021065711975,0.25461021065711975,0.3058258593082428,-1.1467143297195435,0.3473118543624878,0.0,-0.05121564865112305,-0.05121564865112305,0.10616233199834824,0.10616233199834824,-0.05020746961236,2.0046627521514893,-0.7892629504203796,0.0,0.15636980161070824,0.15636980161070824,-0.009160907939076424,-0.009160907939076424,0.0246993750333786,0.46879610419273376,0.5350371599197388,0.0,-0.033860282972455025,-0.033860282972455025,0.23931753635406494,0.23931753635406494,0.1948804259300232,0.046350765973329544,1.4276903867721558,0.0,0.04443711042404175,0.04443711042404175,-0.05018012598156929,-0.05018012598156929,-0.03952622041106224,-0.19910144805908203,0.21129967272281647,0.0,-0.01065390557050705,-0.01065390557050705
292,9.733333333333333,4,0,0,,4,uneven rough,5,0.0,53.132896423339844,38.0676155090332,0.36311542987823486,1.3991785049438477,0.7456902861595154,1.3991785049438477,0.7456902861595154,6.948691368103027,2.0692458152770996,0.3333333432674408,0.18140439689159393,0.1898687779903412,0.6995892524719238,0.3728451430797577,0.8875630497932434,0.2266450971364975,0.07156338542699814,0.15462955832481384,0.147112175822258,-0.07940367609262466,0.6212941408157349,0.6212941408157349,0.19839608669281006,1.6654971837997437,-0.8457160592079163,0.0,0.4228980541229248,0.4228980541229248,0.11332254856824875,0.11332254856824875,0.27248287200927734,-0.7041170001029968,1.3555346727371216,0.0,-0.1591603234410286,-0.1591603234410286,0.03578169271349907,0.03578169271349907,0.03448742255568504,-0.3207080662250519,-0.14883463084697723,0.0,0.0012942701578140259,0.0012942701578140259,0.10824068635702133,0.10824068635702133,0.23011809587478638,-1.9734817743301392,-0.05379459634423256,0.0,-0.12187740951776505,-0.12187740951776505,0.073556087911129,0.073556087911129,0.046113912016153336,-0.536471426486969,0.979276180267334,0.0,0.027442175894975662,0.027442175894975662,-0.03970183804631233,-0.03970183804631233,-0.08745240420103073,1.647537350654602,-1.3531270027160645,0.0,0.0477505661547184,0.0477505661547184
292,9.733333333333333,14,0,0,,4,uneven rough,5,0.0,52.950172424316406,38.875877380371094,0.30706727504730225,1.8472083806991577,0.5445066690444946,1.8472083806991577,0.5445066690444946,10.286552429199219,3.3333334922790527,0.1666666716337204,-0.16887179017066956,0.2294445037841797,0.9236041903495789,0.2722533345222473,0.4290539622306824,0.49893441796302795,0.07999572902917862,-0.12074105441570282,-0.3919733166694641,-0.7336575984954834,0.3003377616405487,0.3003377616405487,0.17362095415592194,1.972944736480713,-1.6828776597976685,0.0,0.12671680748462677,0.12671680748462677,0.24946720898151398,0.24946720898151398,0.2402389794588089,0.15273122489452362,1.4777439832687378,0.0,0.009228229522705078,0.009228229522705078,0.03999786451458931,0.03999786451458931,0.13279035687446594,-2.000000238418579,0.8607699275016785,0.0,-0.09279249235987663,-0.09279249235987663,-0.08451873809099197,-0.08451873809099197,0.19572454690933228,-1.9524692296981812,-1.0294185876846313,0.0,-0.28024328500032425,-0.28024328500032425,-0.6271573305130005,-0.6271573305130005,-0.025745954364538193,-1.1193392276763916,-1.7753790616989136,0.0,-0.6014113761484623,-0.6014113761484623,-0.3668287992477417,-0.3668287992477417,-0.05019458755850792,-1.7673455476760864,-0.9154284596443176,0.0,-0.3166342116892338,-0.3166342116892338
292,9.733333333333333,24,0,0,,4,uneven rough,7,0.0,66.05162811279297,36.3422737121582,0.4326454699039459,1.781233787536621,-0.5755346417427063,1.781233787536621,-0.5755346417427063,9.164061546325684,3.70784068107605,0.3333333432674408,-0.04864107072353363,0.09021002054214478,0.8906168937683105,-0.28776732087135315,0.21684500575065613,0.3786807060241699,0.2998114228248596,0.00058174500009045,0.27167829871177673,-0.06761156767606735,0.1517914980649948,0.1517914980649948,0.02577435038983822,1.5256298780441284,-0.8377181887626648,0.0,0.1260171476751566,0.1260171476751566,0.18934035301208496,0.18934035301208496,0.24287304282188416,-1.741580605506897,-0.4974132478237152,0.0,-0.053532689809799194,-0.053532689809799194,0.1499057114124298,0.1499057114124298,-0.011783570051193237,0.7429935932159424,0.7904276251792908,0.0,0.16168928146362305,0.16168928146362305,0.00040722149424254894,0.00040722149424254894,-0.027720272541046143,-0.8941072821617126,0.49758434295654297,0.0,0.02812749403528869,0.02812749403528869,0.13583914935588837,0.13583914935588837,0.14006295800209045,-1.9485809803009033,0.6466784477233887,0.0,-0.004223808646202087,-0.004223808646202087,-0.033805783838033676,-0.033805783838033676,-0.02701472118496895,-0.6204488277435303,-0.02074185386300087,0.0,-0.006791062653064728,-0.006791062653064728
293,9.766666666666666,4,0,0,,4,uneven rough,5,0.0,53.095497131347656,38.059261322021484,0.3580376207828522,1.63211190700531,-1.1779711246490479,1.63211190700531,-1.1779711246490479,8.334616661071777,2.3740243911743164,0.1666666716337204,0.20573697984218597,0.10111922025680542,0.816055953502655,-0.5889855623245239,0.472970187664032,0.3864235281944275,0.32923755049705505,0.0969766229391098,0.45199692249298096,-0.4182009994983673,0.3310791254043579,0.3310791254043579,0.2686947286128998,1.8333054780960083,0.5741283893585205,0.0,0.06238439679145813,0.06238439679145813,0.19321176409721375,0.19321176409721375,0.24776490032672882,-1.408943772315979,0.1910039186477661,0.0,-0.054553136229515076,-0.054553136229515076,0.16461877524852753,0.16461877524852753,0.07883452624082565,1.3382630348205566,-0.24601218104362488,0.0,0.08578424900770187,0.08578424900770187,0.06788363307714462,0.06788363307714462,0.16305950284004211,-1.9273358583450317,-1.1391891241073608,0.0,-0.09517586976289749,-0.09517586976289749,0.22599846124649048,0.22599846124649048,0.07741773873567581,0.5345768928527832,0.12226977199316025,0.0,0.14858072251081467,0.14858072251081467,-0.20910049974918365,-0.20910049974918365,-0.13611596822738647,-2.005798578262329,0.3434540033340454,0.0,-0.07298453152179718,-0.07298453152179718
293,9.766666666666666,14,0,0,,4,uneven rough,5,0.0,52.907169342041016,38.85029983520508,0.31134921312332153,1.6511584520339966,-1.1870545148849487,1.6511584520339966,-1.1870545148849487,4.57344913482666,3.10280179977417,0.1666666716337204,-0.06314289569854736,0.02831239253282547,0.8255792260169983,-0.5935272574424744,0.0426623597741127,0.48845669627189636,0.1469375640153885,-0.4183815121650696,0.23685665428638458,-0.7997667193412781,0.02986365184187889,0.02986365184187889,0.14080551266670227,-1.9344452619552612,0.3841308653354645,0.0,-0.11094186082482338,-0.11094186082482338,0.24422834813594818,0.24422834813594818,0.26941007375717163,-0.3175835609436035,0.7285794019699097,0.0,-0.02518172562122345,-0.02518172562122345,0.07346878200769424,0.07346878200769424,0.07481936365365982,-1.2877520322799683,-0.7567146420478821,0.0,-0.0013505816459655762,-0.0013505816459655762,-0.2928670644760132,-0.2928670644760132,0.16110973060131073,-1.3599709272384644,-1.551313042640686,0.0,-0.4539767950773239,-0.4539767950773239,0.11842832714319229,0.11842832714319229,0.023126281797885895,1.628753423690796,-1.4044530391693115,0.0,0.0953020453453064,0.0953020453453064,-0.39988335967063904,-0.39988335967063904,-0.11181872338056564,-1.6563383340835571,-1.3971039056777954,0.0,-0.2880646362900734,-0.2880646362900734
293,9.766666666666666,24,0,0,,4,uneven rough,7,0.0,66.10000610351562,36.340946197509766,0.45010021328926086,1.6987266540527344,-0.9104217886924744,1.6987266540527344,-0.9104217886924744,8.866997718811035,1.4732627868652344,0.3333333432674408,0.007722835056483746,0.07259871065616608,0.8493633270263672,-0.4552108943462372,-0.39473339915275574,0.6605542898178101,0.37513643503189087,-0.04301328584551811,0.0894983783364296,-0.14265182614326477,-0.2763133645057678,-0.2763133645057678,-0.02312065288424492,-1.585456132888794,0.4985230267047882,0.0,-0.2531927116215229,-0.2531927116215229,0.33027714490890503,0.33027714490890503,0.2897398769855499,1.9995712041854858,-1.2008676528930664,0.0,0.0405372679233551,0.0405372679233551,0.18756821751594543,0.18756821751594543,0.03997574746608734,1.9453543424606323,0.7636083364486694,0.0,0.1475924700498581,0.1475924700498581,-0.03010929934680462,-0.03010929934680462,-0.008515572175383568,-0.08977225422859192,-0.28928059339523315,0.0,-0.02159372717142105,-0.02159372717142105,0.0447491891682148,0.0447491891682148,0.0859040692448616,-1.9919981956481934,-0.820685863494873,0.0,-0.041154880076646805,-0.041154880076646805,-0.07132591307163239,-0.07132591307163239,-0.05472157150506973,-1.0458433628082275,-0.3598172664642334,0.0,-0.016604341566562653,-0.016604341566562653
294,9.8,4,0,0,,4,uneven rough,5,0.0,53.05583572387695,38.055625915527344,0.3517283797264099,1.6847453117370605,0.03333217278122902,1.6847453117370605,0.03333217278122902,4.757916450500488,2.4993367195129395,0.3333333432674408,0.5950537919998169,0.1890227496623993,0.8423726558685303,0.01666608639061451,0.5219022631645203,0.3436127305030823,0.688109278678894,0.4283079206943512,0.26090535521507263,-0.26085343956947327,0.36533159017562866,0.36533159017562866,0.3251101076602936,1.7604243755340576,1.286069393157959,0.0,0.04022148251533508,0.04022148251533508,0.17180636525154114,0.17180636525154114,0.20891715586185455,-1.1545729637145996,-0.7136093974113464,0.0,-0.037110790610313416,-0.037110790610313416,0.344054639339447,0.344054639339447,0.12757043540477753,0.7053269147872925,0.6497398614883423,0.0,0.2164842039346695,0.2164842039346695,0.2998155355453491,0.2998155355453491,0.17281576991081238,1.4299051761627197,-1.5848087072372437,0.0,0.12699976563453674,0.12699976563453674,0.13045267760753632,0.13045267760753632,0.10203254222869873,0.7973369359970093,0.35538896918296814,0.0,0.028420135378837585,0.028420135378837585,-0.13042671978473663,-0.13042671978473663,-0.14941634237766266,-0.04956543445587158,-0.984817624092102,0.0,0.018989622592926025,0.018989622592926025
294,9.8,14,0,0,,4,uneven rough,5,0.0,52.861595153808594,38.83653259277344,0.2981823682785034,1.4683494567871094,0.8172290921211243,1.4683494567871094,0.8172290921211243,7.529046535491943,0.0,0.0,0.0791274756193161,0.17101120948791504,0.7341747283935547,0.40861454606056213,0.8510565757751465,0.1932767778635025,0.30684763193130493,0.4916529655456543,0.4034361243247986,-0.37855711579322815,0.5957396030426025,0.5957396030426025,0.1536617875099182,1.1207804679870605,-0.9267962574958801,0.0,0.4420778155326843,0.4420778155326843,0.09663838893175125,0.09663838893175125,0.20416933298110962,-1.9994217157363892,0.1370769888162613,0.0,-0.10753094404935837,-0.10753094404935837,0.15342381596565247,0.15342381596565247,0.10758119821548462,0.055126551538705826,-1.0569641590118408,0.0,0.04584261775016785,0.04584261775016785,0.34415706992149353,0.34415706992149353,0.17900046706199646,1.7845789194107056,-1.4431278705596924,0.0,0.16515660285949707,0.16515660285949707,0.2017180621623993,0.2017180621623993,0.08949127793312073,2.0449087619781494,0.31052732467651367,0.0,0.11222678422927856,0.11222678422927856,-0.18927855789661407,-0.18927855789661407,-0.14627787470817566,-0.47572121024131775,-1.5436755418777466,0.0,-0.043000683188438416,-0.043000683188438416
294,9.8,24,0,0,,4,uneven rough,7,0.0,66.14932250976562,36.3416862487793,0.45118248462677,1.6368122100830078,-0.037148769944906235,1.6368122100830078,-0.037148769944906235,8.251371383666992,1.2065041065216064,0.1666666716337204,-0.038356781005859375,0.14272749423980713,0.8184061050415039,-0.018574384972453117,0.18051020801067352,0.6221746802330017,-0.3422309160232544,-0.521923840045929,0.25698140263557434,-0.47223547101020813,0.12635713815689087,0.12635713815689087,0.02745860256254673,2.0000104904174805,-0.6797625422477722,0.0,0.09889853559434414,0.09889853559434414,0.31108734011650085,0.31108734011650085,0.3294892907142639,-0.6153820753097534,0.608666181564331,0.0,-0.01840195059776306,-0.01840195059776306,-0.1711154580116272,-0.1711154580116272,-0.015169252641499043,-2.0,1.431769609451294,0.0,-0.15594620537012815,-0.15594620537012815,-0.36534667015075684,-0.36534667015075684,-0.07737826555967331,-1.9069081544876099,-0.17647822201251984,0.0,-0.2879684045910835,-0.2879684045910835,0.12849070131778717,0.12849070131778717,0.10263746976852417,1.4363294839859009,-1.4829479455947876,0.0,0.025853231549263,0.025853231549263,-0.23611773550510406,-0.23611773550510406,-0.10198982805013657,-0.6250787973403931,-0.747697651386261,0.0,-0.1341279074549675,-0.1341279074549675
295,9.833333333333334,4,0,0,,4,uneven rough,5,0.0,53.01938247680664,38.04762268066406,0.3484398424625397,1.6288609504699707,0.4272315204143524,1.6288609504699707,0.4272315204143524,3.1727371215820312,3.4385037422180176,0.3333333432674408,0.25617530941963196,0.18106333911418915,0.8144304752349854,0.2136157602071762,0.013459979556500912,0.13096901774406433,0.7555255889892578,0.6394915580749512,0.251218318939209,0.2488567978143692,0.00942198559641838,0.00942198559641838,0.28533920645713806,-2.0000016689300537,1.5542705059051514,0.0,-0.2759172208607197,-0.2759172208607197,0.06548450887203217,0.06548450887203217,0.15127913653850555,-1.9825541973114014,-0.9629309773445129,0.0,-0.08579462766647339,-0.08579462766647339,0.3777627944946289,0.3777627944946289,0.18274186551570892,1.9996310472488403,0.6811689138412476,0.0,0.19502092897891998,0.19502092897891998,0.44764408469200134,0.44764408469200134,0.2386181354522705,1.9679831266403198,0.11971591413021088,0.0,0.20902594923973083,0.20902594923973083,0.1256091594696045,0.1256091594696045,0.0893116146326065,-0.10941183567047119,0.6052671670913696,0.0,0.036297544836997986,0.036297544836997986,0.1244283989071846,0.1244283989071846,-0.08403375744819641,2.0000228881835938,-0.4560243487358093,0.0,0.208462156355381,0.208462156355381
295,9.833333333333334,14,0,0,,4,uneven rough,5,0.0,52.812076568603516,38.829219818115234,0.2853778600692749,1.7245535850524902,0.15519391000270844,1.7245535850524902,0.15519391000270844,7.231949806213379,0.8533377647399902,0.3333333432674408,-0.07122453302145004,0.21384136378765106,0.8622767925262451,0.07759695500135422,0.20419153571128845,0.44590574502944946,0.1548222452402115,0.5152952075004578,0.5632022619247437,0.21544015407562256,0.14293406903743744,0.14293406903743744,0.15612414479255676,-0.40049871802330017,0.23090729117393494,0.0,-0.013190075755119324,-0.013190075755119324,0.22295287251472473,0.22295287251472473,0.202788844704628,0.5413960814476013,-1.0709031820297241,0.0,0.02016402781009674,0.02016402781009674,0.07741112262010574,0.07741112262010574,0.08118437230587006,-1.1454311609268188,-0.4281860888004303,0.0,-0.0037732496857643127,-0.0037732496857643127,0.360706627368927,0.360706627368927,0.24680063128471375,1.7795711755752563,0.3818233013153076,0.0,0.11390599608421326,0.11390599608421326,0.2816011309623718,0.2816011309623718,0.16372549533843994,1.9733493328094482,1.2911497354507446,0.0,0.11787563562393188,0.11787563562393188,0.10772007703781128,0.10772007703781128,-0.09533067047595978,-1.636372447013855,-0.9398522973060608,0.0,0.20305074751377106,0.20305074751377106
295,9.833333333333334,24,0,0,,4,uneven rough,7,0.0,66.19693756103516,36.340980529785156,0.44214940071105957,1.240724802017212,-1.048216700553894,1.240724802017212,-1.048216700553894,6.912423610687256,1.659974455833435,0.1666666716337204,0.019548475742340088,0.04358869045972824,0.620362401008606,-0.524108350276947,0.2842598557472229,0.6303144097328186,-0.058011580258607864,-0.42919057607650757,0.2867358922958374,-0.08884139358997345,0.1989818960428238,0.1989818960428238,0.09516347944736481,2.0021603107452393,0.8353859186172485,0.0,0.10381841659545898,0.10381841659545898,0.3151572048664093,0.3151572048664093,0.32397913932800293,0.3292206823825836,-0.08341289311647415,0.0,-0.008821934461593628,-0.008821934461593628,-0.029005790129303932,-0.029005790129303932,-0.04226600378751755,-0.4566326439380646,-0.5085591077804565,0.0,0.013260213658213615,0.013260213658213615,-0.3004333972930908,-0.3004333972930908,-0.1421724557876587,-1.69724440574646,-1.1548664569854736,0.0,-0.15826094150543213,-0.15826094150543213,0.1433679461479187,0.1433679461479187,0.1301504224538803,-0.2548507750034332,0.16761672496795654,0.0,0.013217523694038391,0.013217523694038391,-0.044420696794986725,-0.044420696794986725,-0.05474855378270149,1.3071341514587402,-0.6783687472343445,0.0,0.010327856987714767,0.010327856987714767
296,9.866666666666667,4,0,0,,4,uneven rough,5,0.0,52.982643127441406,38.036556243896484,0.34563133120536804,1.4844601154327393,0.37968316674232483,1.4844601154327393,0.37968316674232483,7.712594509124756,2.0578079223632812,0.1666666716337204,0.4041772782802582,0.07878378033638,0.7422300577163696,0.18984158337116241,-0.12474226206541061,0.14283345639705658,0.3683721721172333,0.5555758476257324,0.16854327917099,0.49510806798934937,-0.08731958270072937,-0.08731958270072937,0.21990789473056793,-1.6678491830825806,-0.45532137155532837,0.0,-0.3072274774312973,-0.3072274774312973,0.07141672819852829,0.07141672819852829,0.08697119355201721,-1.8968753814697266,-1.5394277572631836,0.0,-0.015554465353488922,-0.015554465353488922,0.18418608605861664,0.18418608605861664,0.20639492571353912,-0.18155300617218018,1.4266297817230225,0.0,-0.022208839654922485,-0.022208839654922485,0.38890308141708374,0.38890308141708374,0.3010881841182709,2.000648021697998,1.1647294759750366,0.0,0.08781489729881287,0.08781489729881287,0.084271639585495,0.084271639585495,0.07308468967676163,0.5022464394569397,0.2011863738298416,0.0,0.011186949908733368,0.011186949908733368,0.24755403399467468,0.24755403399467468,-0.05184822157025337,-0.36471909284591675,0.9326291680335999,0.0,0.29940225556492805,0.29940225556492805
296,9.866666666666667,14,0,0,,4,uneven rough,5,0.0,52.76414108276367,38.82732009887695,0.27686136960983276,1.7400773763656616,1.3970980644226074,1.7400773763656616,1.3970980644226074,8.662951469421387,3.3333334922790527,0.1666666716337204,-0.03910927101969719,0.20181366801261902,0.8700386881828308,0.6985490322113037,0.40639615058898926,0.23178350925445557,-0.15210570394992828,0.4810490310192108,0.2632494270801544,0.4018857777118683,0.2844772934913635,0.2844772934913635,0.20991151034832,1.9855965375900269,-0.12609079480171204,0.0,0.07456578314304352,0.07456578314304352,0.11589175462722778,0.11589175462722778,0.13580942153930664,-1.8638808727264404,-0.15930630266666412,0.0,-0.019917666912078857,-0.019917666912078857,-0.07605285197496414,-0.07605285197496414,0.0576496459543705,-1.1685503721237183,-0.8337177634239197,0.0,-0.13370249792933464,-0.13370249792933464,0.3367343246936798,0.3367343246936798,0.29258859157562256,1.73854660987854,1.1721124649047852,0.0,0.04414573311805725,0.04414573311805725,0.1316247135400772,0.1316247135400772,0.13660147786140442,-1.0473792552947998,1.6768666505813599,0.0,-0.0049767643213272095,-0.0049767643213272095,0.20094288885593414,0.20094288885593414,-0.1014908030629158,-1.293006420135498,-1.3336660861968994,0.0,0.30243369191884995,0.30243369191884995
296,9.866666666666667,24,0,0,,4,uneven rough,7,0.0,66.24433135986328,36.33915328979492,0.43782392144203186,1.3015141487121582,-0.7094513773918152,1.3015141487121582,-0.7094513773918152,6.5933051109313965,1.9693236351013184,0.1666666716337204,-0.03638312220573425,0.05175294727087021,0.6507570743560791,-0.3547256886959076,-0.02694474160671234,0.4961877465248108,0.29406091570854187,-0.029466135427355766,0.2226671278476715,-0.15255992114543915,-0.01886131800711155,-0.01886131800711155,0.04572860524058342,-1.9789464473724365,1.4950822591781616,0.0,-0.06458992324769497,-0.06458992324769497,0.2480938732624054,0.2480938732624054,0.2764558792114258,-1.6257537603378296,0.14989086985588074,0.0,-0.028362005949020386,-0.028362005949020386,0.14703045785427094,0.14703045785427094,-0.026952236890792847,0.8203796744346619,-0.4791997969150543,0.0,0.17398269474506378,0.17398269474506378,-0.02062629535794258,-0.02062629535794258,-0.08199606835842133,1.982534646987915,-1.461527943611145,0.0,0.061369773000478745,0.061369773000478745,0.11133356392383575,0.11133356392383575,0.10173916071653366,-0.041742999106645584,-0.0712471529841423,0.0,0.009594403207302094,0.009594403207302094,-0.07627996057271957,-0.07627996057271957,-0.07085797190666199,0.2557500898838043,0.44423815608024597,0.0,-0.005421988666057587,-0.005421988666057587
297,9.9,4,0,0,,4,uneven rough,5,0.0,52.94614791870117,38.02198791503906,0.3499894142150879,1.7249497175216675,1.1158760786056519,1.7249497175216675,1.1158760786056519,9.357949256896973,5.872450828552246,0.3333333432674408,0.4375637471675873,0.07585375756025314,0.8624748587608337,0.5579380393028259,0.10166682302951813,0.17610874772071838,-0.06148087978363037,0.4757058918476105,0.08104841411113739,0.4178483188152313,0.07116677612066269,0.07116677612066269,0.1541469693183899,-1.953284502029419,-1.1408867835998535,0.0,-0.0829801931977272,-0.0829801931977272,0.08805437386035919,0.08805437386035919,0.06539110839366913,0.5749576687812805,-1.7415292263031006,0.0,0.022663265466690063,0.022663265466690063,-0.030740439891815186,-0.030740439891815186,0.14063523709774017,-1.998247504234314,0.5173603296279907,0.0,-0.17137567698955536,-0.17137567698955536,0.33299413323402405,0.33299413323402405,0.3428279161453247,0.46078741550445557,1.637359380722046,0.0,-0.00983378291130066,-0.00983378291130066,0.040524207055568695,0.040524207055568695,0.0555022768676281,-0.4099544286727905,0.37140628695487976,0.0,-0.014978069812059402,-0.014978069812059402,0.20892415940761566,0.20892415940761566,-0.04411078989505768,0.49716752767562866,0.1991061419248581,0.0,0.25303494930267334,0.25303494930267334
297,9.9,14,0,0,,4,uneven rough,5,0.0,52.71567153930664,38.81966781616211,0.26182398200035095,1.8575146198272705,-0.38181209564208984,1.8575146198272705,-0.38181209564208984,6.425605773925781,4.802387237548828,0.40419086813926697,0.03282396122813225,0.2892957329750061,0.9287573099136353,-0.19090604782104492,-0.45044296979904175,0.05871523916721344,0.44134870171546936,0.34167784452438354,0.42981576919555664,0.1531222015619278,-0.3153100609779358,-0.3153100609779358,0.21729619801044464,-0.8070588111877441,1.0678609609603882,0.0,-0.5326062589883804,-0.5326062589883804,0.02935761958360672,0.02935761958360672,0.06803559511899948,-1.5516232252120972,-1.1230758428573608,0.0,-0.03867797553539276,-0.03867797553539276,0.22067435085773468,0.22067435085773468,0.12522010505199432,2.148768663406372,-1.023032784461975,0.0,0.09545424580574036,0.09545424580574036,0.239174485206604,0.239174485206604,0.28983989357948303,-1.623664140701294,1.492375373840332,0.0,-0.05066540837287903,-0.05066540837287903,0.21490788459777832,0.21490788459777832,0.1880369335412979,1.6743894815444946,0.13657312095165253,0.0,0.026870951056480408,0.026870951056480408,0.0765611007809639,0.0765611007809639,-0.049623604863882065,1.8097968101501465,-1.3106770515441895,0.0,0.12618470564484596,0.12618470564484596
297,9.9,24,0,0,,4,uneven rough,7,0.0,66.29547119140625,36.33323669433594,0.4313240051269531,1.5516403913497925,0.023110724985599518,1.5516403913497925,0.023110724985599518,7.226797103881836,6.644113540649414,0.6666666865348816,-0.15297210216522217,0.07108071446418762,0.7758201956748962,0.011555362492799759,0.43170467019081116,0.3152395784854889,-0.4888931214809418,0.1254444569349289,0.34715625643730164,0.1760544329881668,0.3021932542324066,0.3021932542324066,0.06644013524055481,1.9271727800369263,-0.46913981437683105,0.0,0.2357531189918518,0.2357531189918518,0.15761978924274445,0.15761978924274445,0.21526527404785156,-1.5752547979354858,-0.8540617823600769,0.0,-0.05764548480510712,-0.05764548480510712,-0.2444465607404709,-0.2444465607404709,-0.08740106970071793,-1.5106452703475952,0.2555847764015198,0.0,-0.15704549103975296,-0.15704549103975296,0.08781111985445023,0.08781111985445023,-0.034365639090538025,1.2641713619232178,0.485751211643219,0.0,0.12217675894498825,0.12217675894498825,0.17357812821865082,0.17357812821865082,0.14062686264514923,1.5589255094528198,-0.05456545203924179,0.0,0.03295126557350159,0.03295126557350159,0.0880272164940834,0.0880272164940834,-0.05007020756602287,-0.33600449562072754,0.33766666054725647,0.0,0.13809742406010628,0.13809742406010628
298,9.933333333333334,4,0,0,,4,uneven rough,5,0.0,52.908626556396484,38.00486373901367,0.36241766810417175,1.447441577911377,1.4076426029205322,1.447441577911377,1.4076426029205322,6.985467433929443,1.0385510921478271,0.1666666716337204,0.5377572774887085,0.11336511373519897,0.7237207889556885,0.7038213014602661,0.22881297767162323,0.34838050603866577,-0.10991036891937256,0.27795541286468506,0.024832097813487053,-0.019290881231427193,0.1601690798997879,0.1601690798997879,0.16162650287151337,0.4597332775592804,-1.6002179384231567,0.0,-0.0014574229717254639,-0.0014574229717254639,0.17419025301933289,0.17419025301933289,0.1302577257156372,1.9996013641357422,-0.43178340792655945,0.0,0.04393252730369568,0.04393252730369568,-0.05495518445968628,-0.05495518445968628,0.07539509981870651,-1.809901475906372,-0.9049688577651978,0.0,-0.1303502842783928,-0.1303502842783928,0.19456878304481506,0.19456878304481506,0.2806442975997925,-1.9800890684127808,0.9721235036849976,0.0,-0.08607551455497742,-0.08607551455497742,0.012416048906743526,0.012416048906743526,0.025155289098620415,-1.2583355903625488,-0.07037646323442459,0.0,-0.012739240191876888,-0.012739240191876888,-0.009645440615713596,-0.009645440615713596,-0.035292815417051315,0.5039449334144592,0.36763057112693787,0.0,0.02564737480133772,0.02564737480133772
298,9.933333333333334,14,0,0,,4,uneven rough,5,0.0,52.66630935668945,38.80066680908203,0.2652554512023926,1.7164342403411865,0.9664031863212585,1.7164342403411865,0.9664031863212585,5.617246150970459,2.7393460273742676,0.5,0.20404784381389618,0.18323740363121033,0.8582171201705933,0.4832015931606293,0.7569140195846558,0.4920346438884735,-0.20875059068202972,-0.021498585119843483,0.3527419865131378,-0.04957881569862366,0.529839813709259,0.529839813709259,0.2670659124851227,1.9606181383132935,0.00777796795591712,0.0,0.26277390122413635,0.26277390122413635,0.24601732194423676,0.24601732194423676,0.12101443111896515,1.631287932395935,-1.3653773069381714,0.0,0.1250028908252716,0.1250028908252716,-0.10437529534101486,-0.10437529534101486,0.12708283960819244,0.06874704360961914,0.7703094482421875,0.0,-0.2314581349492073,-0.2314581349492073,-0.015049009583890438,-0.015049009583890438,0.22147980332374573,-1.9154653549194336,-0.2694389522075653,0.0,-0.23652881290763617,-0.23652881290763617,0.1763709932565689,0.1763709932565689,0.19723141193389893,-0.8110744953155518,1.0060572624206543,0.0,-0.020860418677330017,-0.020860418677330017,-0.02478940784931183,-0.02478940784931183,-0.038975007832050323,-0.12444403767585754,0.4536444842815399,0.0,0.014185599982738495,0.014185599982738495
298,9.933333333333334,24,0,0,,4,uneven rough,7,0.0,66.35138702392578,36.331172943115234,0.4248080849647522,1.7985200881958008,0.7541317939758301,1.7985200881958008,0.7541317939758301,9.161419868469238,6.6666669845581055,0.3333333432674408,-0.03916231915354729,0.1407921314239502,0.8992600440979004,0.37706589698791504,-0.5736767053604126,0.014821081422269344,0.4345210790634155,0.39786022901535034,0.6011155843734741,0.25430333614349365,-0.40157368779182434,-0.40157368779182434,0.03763112798333168,-1.5459158420562744,0.8857396245002747,0.0,-0.439204815775156,-0.439204815775156,0.007410540711134672,0.007410540711134672,0.16887392103672028,-1.3779922723770142,-1.2618255615234375,0.0,-0.1614633803255856,-0.1614633803255856,0.21726053953170776,0.21726053953170776,-0.05191711336374283,1.4917576313018799,-0.7430448532104492,0.0,0.2691776528954506,0.2691776528954506,0.2785021662712097,0.2785021662712097,0.023613717406988144,1.51985502243042,0.9258713722229004,0.0,0.2548884488642216,0.2548884488642216,0.30055779218673706,0.30055779218673706,0.1934223175048828,1.8941980600357056,0.8577052354812622,0.0,0.10713547468185425,0.10713547468185425,0.12715166807174683,0.12715166807174683,-0.015368511900305748,0.5593472719192505,-0.043228212743997574,0.0,0.14252017997205257,0.14252017997205257
299,9.966666666666667,4,0,0,,4,uneven rough,5,0.0,52.87938690185547,37.98069763183594,0.3743516504764557,1.3943676948547363,1.3368415832519531,1.3943676948547363,1.3368415832519531,4.53383731842041,0.9671235084533691,0.1666666716337204,0.5956873297691345,0.18534402549266815,0.6971838474273682,0.6684207916259766,0.11122453957796097,0.44200417399406433,0.24380500614643097,0.10881168395280838,-0.077467180788517,-0.327118843793869,0.07785717397928238,0.07785717397928238,0.1117061972618103,-1.9459725618362427,-0.4355178475379944,0.0,-0.033849023282527924,-0.033849023282527924,0.22100208699703217,0.22100208699703217,0.19713924825191498,1.9308182001113892,0.9429259300231934,0.0,0.023862838745117188,0.023862838745117188,0.12190250307321548,0.12190250307321548,0.07637189328670502,1.5817632675170898,-1.4166194200515747,0.0,0.04553060978651047,0.04553060978651047,0.07616817951202393,0.07616817951202393,0.219300776720047,-2.0043020248413086,-0.6970627903938293,0.0,-0.14313259720802307,-0.14313259720802307,-0.12394749373197556,-0.12394749373197556,-0.027709366753697395,-1.9075223207473755,-0.7420507073402405,0.0,-0.09623812697827816,-0.09623812697827816,-0.1635594218969345,-0.1635594218969345,-0.03502408042550087,-0.7529516816139221,0.44470295310020447,0.0,-0.12853534147143364,-0.12853534147143364
299,9.966666666666667,14,0,0,,4,uneven rough,5,0.0,52.62310791015625,38.77641677856445,0.27056193351745605,1.8420580625534058,-0.6823825836181641,1.8420580625534058,-0.6823825836181641,1.8886641263961792,6.157777309417725,0.6666666865348816,0.2510407865047455,0.1406327784061432,0.9210290312767029,-0.34119129180908203,0.17756983637809753,0.21594657003879547,-0.36521583795547485,0.013795632869005203,0.3532465100288391,-0.6042581796646118,0.12429888546466827,0.12429888546466827,0.241338849067688,-1.9794976711273193,1.11191725730896,0.0,-0.11703996360301971,-0.11703996360301971,0.10797328501939774,0.10797328501939774,0.12408076971769333,-0.20364585518836975,0.32894259691238403,0.0,-0.016107484698295593,-0.016107484698295593,-0.18260791897773743,-0.18260791897773743,0.09485051035881042,-0.5699138045310974,0.3736448287963867,0.0,-0.27745842933654785,-0.27745842933654785,0.009656942449510098,0.009656942449510098,0.1767953634262085,-1.5646796226501465,-1.2001051902770996,0.0,-0.1671384209766984,-0.1671384209766984,0.17662325501441956,0.17662325501441956,0.1618821769952774,-0.1892576664686203,-0.021352296695113182,0.0,0.014741078019142151,0.014741078019142151,-0.3021290898323059,-0.3021290898323059,-0.06403127312660217,-1.3375555276870728,0.12679219245910645,0.0,-0.23809781670570374,-0.23809781670570374
299,9.966666666666667,24,0,0,,4,uneven rough,7,0.0,66.40966033935547,36.3276252746582,0.41699299216270447,1.811352014541626,0.5390645265579224,1.811352014541626,0.5390645265579224,9.67862606048584,3.104379653930664,0.3333333432674408,-0.19731281697750092,0.09649299085140228,0.905676007270813,0.2695322632789612,0.13227714598178864,0.2705318331718445,-0.15138858556747437,0.07139567285776138,0.3729999363422394,0.27238792181015015,0.09259399771690369,0.09259399771690369,0.06705547869205475,1.4075441360473633,-0.4891227185726166,0.0,0.025538519024848938,0.025538519024848938,0.13526591658592224,0.13526591658592224,0.1171923577785492,-0.6276519298553467,-1.327506422996521,0.0,0.018073558807373047,0.018073558807373047,-0.07569429278373718,-0.07569429278373718,-0.05282578244805336,-1.1115392446517944,0.5205164551734924,0.0,-0.022868510335683823,-0.022868510335683823,0.04997697100043297,0.04997697100043297,0.02357177436351776,0.13699227571487427,1.2617107629776,0.0,0.026405196636915207,0.026405196636915207,0.1864999681711197,0.1864999681711197,0.2109270691871643,0.10111591219902039,1.4437401294708252,0.0,-0.024427101016044617,-0.024427101016044617,0.13619396090507507,0.13619396090507507,0.04011236131191254,1.8819886445999146,0.29746904969215393,0.0,0.09608159959316254,0.09608159959316254
300,10.0,4,0,0,,4,uneven rough,5,0.0,52.8519172668457,37.961524963378906,0.3698815405368805,1.787514090538025,0.4317043125629425,1.787514090538025,0.4317043125629425,5.475062370300293,2.8952293395996094,0.1666666716337204,0.3849078118801117,0.21283459663391113,0.8937570452690125,0.21585215628147125,0.6134976744651794,0.2584955096244812,0.22804448008537292,0.08885948359966278,-0.09619231522083282,-0.728071928024292,0.42944836616516113,0.42944836616516113,0.14086614549160004,1.8340396881103516,-1.2895317077636719,0.0,0.2885822206735611,0.2885822206735611,0.1292477548122406,0.1292477548122406,0.15502223372459412,-1.9791613817214966,1.5014820098876953,0.0,-0.025774478912353516,-0.025774478912353516,0.11402224004268646,0.11402224004268646,0.12105122208595276,0.27728843688964844,0.278671532869339,0.0,-0.007028982043266296,-0.007028982043266296,0.06220163777470589,0.06220163777470589,0.1482565850019455,-1.9952239990234375,-1.436178207397461,0.0,-0.08605494722723961,-0.08605494722723961,-0.15390770137310028,-0.15390770137310028,-0.1054779440164566,-2.000000238418579,-1.4010103940963745,0.0,-0.04842975735664368,-0.04842975735664368,-0.364035964012146,-0.364035964012146,-0.07575897872447968,-1.9999995231628418,-0.2324531227350235,0.0,-0.2882769852876663,-0.2882769852876663
300,10.0,14,0,0,,4,uneven rough,5,0.0,52.57781982421875,38.75978469848633,0.27150416374206543,1.5146536827087402,0.25352415442466736,1.5146536827087402,0.25352415442466736,4.690528869628906,5.151707649230957,0.5,0.26103225350379944,0.3432955741882324,0.7573268413543701,0.12676207721233368,0.7230923175811768,-0.2148171216249466,0.4601788818836212,0.3434726297855377,0.2528989017009735,-0.4326644539833069,0.5061646103858948,0.5061646103858948,0.2490878850221634,0.7043063640594482,-0.6359742879867554,0.0,0.2570767253637314,0.2570767253637314,-0.343707412481308,-0.343707412481308,0.06996271014213562,-1.2471014261245728,0.027816135436296463,0.0,-0.4136701226234436,-0.4136701226234436,0.2300894409418106,0.2300894409418106,0.12378603965044022,1.3315528631210327,-0.15984490513801575,0.0,0.10630340129137039,0.10630340129137039,0.2404308319091797,0.2404308319091797,0.16019608080387115,1.0207157135009766,-1.4062362909317017,0.0,0.08023475110530853,0.08023475110530853,0.12644945085048676,0.12644945085048676,0.13715417683124542,-0.22674579918384552,-0.11628629267215729,0.0,-0.010704725980758667,-0.010704725980758667,-0.21633222699165344,-0.21633222699165344,-0.0762704536318779,0.18214955925941467,-0.7011526226997375,0.0,-0.14006177335977554,-0.14006177335977554
300,10.0,24,0,0,,4,uneven rough,7,0.0,66.46894073486328,36.329345703125,0.4168655574321747,1.574157476425171,0.006274798884987831,1.574157476425171,0.006274798884987831,8.217166900634766,0.0,0.0,-0.08988966792821884,0.10258053243160248,0.7870787382125854,0.0031373994424939156,-0.6036518812179565,0.6246073842048645,-0.0399416983127594,0.2201281636953354,0.29536110162734985,-0.09291880577802658,-0.4225563108921051,-0.4225563108921051,0.013645727187395096,-1.978107213973999,0.5832561254501343,0.0,-0.4362020380795002,-0.4362020380795002,0.31230369210243225,0.31230369210243225,0.16376900672912598,0.9494152069091797,-0.9318073987960815,0.0,0.14853468537330627,0.14853468537330627,-0.0199708491563797,-0.0199708491563797,-0.04914885386824608,0.5310245752334595,-0.4022507667541504,0.0,0.02917800471186638,0.02917800471186638,0.15408971905708313,0.15408971905708313,0.08418206870555878,1.4457250833511353,0.625792920589447,0.0,0.06990765035152435,0.06990765035152435,0.14768055081367493,0.14768055081367493,0.18856295943260193,-1.3328815698623657,0.6846179962158203,0.0,-0.040882408618927,-0.040882408618927,-0.04645940288901329,-0.04645940288901329,0.01523300725966692,-1.046963095664978,1.1933592557907104,0.0,-0.06169241014868021,-0.06169241014868021
301,10.033333333333333,4,0,0,,4,uneven rough,5,0.0,52.82355499267578,37.951236724853516,0.3673821985721588,1.8098994493484497,0.05673929303884506,1.8098994493484497,0.05673929303884506,9.555850982666016,0.0,0.0,0.32258668541908264,0.08428628742694855,0.9049497246742249,0.02836964651942253,0.2921789288520813,0.22777995467185974,0.45695963501930237,0.38163697719573975,-0.11648739129304886,-0.39301881194114685,0.20452524721622467,0.20452524721622467,0.16346654295921326,0.5977674126625061,0.4765411913394928,0.0,0.041058704257011414,0.041058704257011414,0.11388997733592987,0.11388997733592987,0.09460709989070892,-1.6215548515319824,-0.46647998690605164,0.0,0.019282877445220947,0.019282877445220947,0.22847981750965118,0.22847981750965118,0.08055072277784348,-1.795852780342102,0.27788951992988586,0.0,0.1479290947318077,0.1479290947318077,0.26714587211608887,0.26714587211608887,0.18702082335948944,1.9210517406463623,-1.7522636651992798,0.0,0.08012504875659943,0.08012504875659943,-0.1863798350095749,-0.1863798350095749,-0.1254657655954361,-1.0300599336624146,-1.739680290222168,0.0,-0.060914069414138794,-0.060914069414138794,-0.19650940597057343,-0.19650940597057343,-0.07160133868455887,0.41136980056762695,-1.2318270206451416,0.0,-0.12490806728601456,-0.12490806728601456
301,10.033333333333333,14,0,0,,4,uneven rough,5,0.0,52.533203125,38.74363327026367,0.2702380120754242,1.7761895656585693,0.019439494237303734,1.7761895656585693,0.019439494237303734,6.290355682373047,1.9450434446334839,0.5,0.27395087480545044,0.16037864983081818,0.8880947828292847,0.009719747118651867,0.10275506973266602,0.14316928386688232,-0.021214531734585762,0.41907235980033875,0.2786547839641571,0.0314069427549839,0.07192854583263397,0.07192854583263397,0.19089627265930176,-1.7790024280548096,0.121822789311409,0.0,-0.11896772682666779,-0.11896772682666779,0.07158464193344116,0.07158464193344116,0.056305330246686935,-0.7023490071296692,-0.6930245161056519,0.0,0.015279311686754227,0.015279311686754227,-0.010607265867292881,-0.010607265867292881,0.07144425064325333,-2.000000238418579,0.6833940744400024,0.0,-0.08205151651054621,-0.08205151651054621,0.2933506369590759,0.2933506369590759,0.23201769590377808,1.9657219648361206,-0.03403326869010925,0.0,0.06133294105529785,0.06133294105529785,0.13932739198207855,0.13932739198207855,0.1508803516626358,0.4526859223842621,-0.17874029278755188,0.0,-0.011552959680557251,-0.011552959680557251,0.01570347137749195,0.01570347137749195,-0.03791658952832222,0.6572861671447754,-0.20173199474811554,0.0,0.05362006090581417,0.05362006090581417
301,10.033333333333333,24,0,0,,4,uneven rough,7,0.0,66.52508544921875,36.34275436401367,0.4254050552845001,1.7044779062271118,-0.3970915675163269,1.7044779062271118,-0.3970915675163269,9.246517181396484,1.4058458805084229,0.1666666716337204,0.2371073216199875,0.1379861831665039,0.8522389531135559,-0.19854578375816345,-0.0559580996632576,0.6484644412994385,-0.14770956337451935,-0.2605571746826172,0.0646381750702858,-0.29950761795043945,-0.03917066752910614,-0.03917066752910614,-0.031795140355825424,-1.463139533996582,-0.864943265914917,0.0,-0.007375527173280716,-0.007375527173280716,0.32423222064971924,0.32423222064971924,0.22863347828388214,1.9286216497421265,0.13183923065662384,0.0,0.0955987423658371,0.0955987423658371,-0.07385478168725967,-0.07385478168725967,-0.05885735899209976,1.623581051826477,0.12542478740215302,0.0,-0.014997422695159912,-0.014997422695159912,-0.1823900192975998,-0.1823900192975998,0.03762025013566017,-1.25896155834198,1.0893840789794922,0.0,-0.22001026943325996,-0.22001026943325996,0.0323190875351429,0.0323190875351429,0.1328687220811844,-1.3220150470733643,-0.4560798704624176,0.0,-0.10054963454604149,-0.10054963454604149,-0.14975380897521973,-0.14975380897521973,-0.05230161175131798,-1.554432988166809,-0.07332299649715424,0.0,-0.09745219722390175,-0.09745219722390175
302,10.066666666666666,4,0,0,,4,uneven rough,5,0.0,52.7973747253418,37.9395751953125,0.37390390038490295,1.4447885751724243,0.42976731061935425,1.4447885751724243,0.42976731061935425,5.5251970291137695,1.8365659713745117,0.3333333432674408,0.06739896535873413,0.18481537699699402,0.7223942875862122,0.21488365530967712,-0.2757185399532318,0.24103668332099915,0.37880393862724304,0.7952187657356262,-0.083969846367836,0.48218896985054016,-0.19300296902656555,-0.19300296902656555,0.11404049396514893,-1.9382727146148682,0.5450827479362488,0.0,-0.3070434629917145,-0.3070434629917145,0.12051834166049957,0.12051834166049957,0.10125356167554855,0.44779911637306213,-1.1195614337921143,0.0,0.01926477998495102,0.01926477998495102,0.18940196931362152,0.18940196931362152,0.11715638637542725,1.244706630706787,-0.8946080803871155,0.0,0.07224558293819427,0.07224558293819427,0.5566531419754028,0.5566531419754028,0.25570324063301086,1.630455493927002,0.32463544607162476,0.0,0.30094990134239197,0.30094990134239197,-0.13435176014900208,-0.13435176014900208,-0.10231619328260422,0.2747032344341278,-1.3384596109390259,0.0,-0.03203556686639786,-0.03203556686639786,0.24109448492527008,0.24109448492527008,0.004131995141506195,1.9662593603134155,-0.3027605712413788,0.0,0.23696248978376389,0.23696248978376389
302,10.066666666666666,14,0,0,,4,uneven rough,5,0.0,52.49310302734375,38.7287712097168,0.27563831210136414,1.6328343152999878,0.9011012315750122,1.6328343152999878,0.9011012315750122,8.536590576171875,1.899030089378357,0.1666666716337204,0.36862438917160034,0.15207651257514954,0.8164171576499939,0.4505506157875061,0.1492832601070404,0.16717104613780975,0.16980747878551483,0.41651099920272827,0.2329246550798416,0.06977392733097076,0.10449828207492828,0.10449828207492828,0.12489615380764008,-1.2839165925979614,-0.9529072046279907,0.0,-0.020397871732711792,-0.020397871732711792,0.08358552306890488,0.08358552306890488,0.06507996469736099,0.2863195836544037,-0.6982966065406799,0.0,0.018505558371543884,0.018505558371543884,0.08490373939275742,0.08490373939275742,0.06921757012605667,0.08447656035423279,-0.8338018655776978,0.0,0.015686169266700745,0.015686169266700745,0.2915576994419098,0.2915576994419098,0.2912566661834717,1.0210927724838257,1.0966318845748901,0.0,0.00030103325843811035,0.00030103325843811035,0.1164623275399208,0.1164623275399208,0.1297500729560852,-0.9725037217140198,0.17826922237873077,0.0,-0.013287745416164398,-0.013287745416164398,0.03488696366548538,0.03488696366548538,-0.003964876756072044,0.5451991558074951,0.28395840525627136,0.0,0.038851840421557426,0.038851840421557426
302,10.066666666666666,24,0,0,,4,uneven rough,7,0.0,66.58145904541016,36.341148376464844,0.4377724230289459,1.9230916500091553,0.5811377167701721,1.9175745248794556,0.5811377167701721,9.547637939453125,5.336991786956787,0.5,0.5262313485145569,0.16267620027065277,0.9615458250045776,0.29056885838508606,0.1674671471118927,0.6359832882881165,-0.10184839367866516,-0.19668897986412048,0.3329141139984131,-0.6482429504394531,0.11722700297832489,0.11722700297832489,0.0033149246592074633,1.8460031747817993,-1.2031644582748413,0.0,0.11391207831911743,0.11391207831911743,0.3179916441440582,0.3179916441440582,0.2976873815059662,1.7111834287643433,1.1477432250976562,0.0,0.02030426263809204,0.02030426263809204,-0.05092419683933258,-0.05092419683933258,-0.027409836649894714,1.3174515962600708,0.9724850058555603,0.0,-0.023514360189437866,-0.023514360189437866,-0.13768228888511658,-0.13768228888511658,-0.035926248878240585,-1.9565167427062988,-0.2383747547864914,0.0,-0.10175604000687599,-0.10175604000687599,0.16645705699920654,0.16645705699920654,0.13104702532291412,0.8063806891441345,-0.9456811547279358,0.0,0.03541003167629242,0.03541003167629242,-0.32412147521972656,-0.32412147521972656,-0.09532058238983154,-1.2520900964736938,-0.9107452630996704,0.0,-0.22880089282989502,-0.22880089282989502
303,10.1,4,0,0,,4,uneven rough,5,0.0,52.77756118774414,37.912681579589844,0.3823765814304352,1.2165842056274414,1.267638921737671,1.2165842056274414,1.267638921737671,7.181068420410156,3.6414852142333984,0.3333333432674408,-0.08824589103460312,0.1573866605758667,0.6082921028137207,0.6338194608688354,0.03051513433456421,0.36537283658981323,0.019209736958146095,0.27006667852401733,-0.3558320105075836,0.08825323730707169,0.021360592916607857,0.021360592916607857,0.04827561229467392,-1.885326862335205,-0.8590108752250671,0.0,-0.026915019378066063,-0.026915019378066063,0.18268641829490662,0.18268641829490662,0.1498441994190216,2.0004961490631104,-0.23337297141551971,0.0,0.03284221887588501,0.03284221887588501,0.009604868479073048,0.009604868479073048,0.07089105993509293,-1.8773072957992554,0.31496429443359375,0.0,-0.06128619145601988,-0.06128619145601988,0.18904666602611542,0.18904666602611542,0.2301270067691803,-2.0005452632904053,1.06294846534729,0.0,-0.04108034074306488,-0.04108034074306488,-0.5693312287330627,-0.5693312287330627,-0.1267343908548355,-0.01751232147216797,-0.4263744652271271,0.0,-0.44259683787822723,-0.44259683787822723,0.04412661865353584,0.04412661865353584,0.025753993541002274,-0.3990669846534729,0.9801473617553711,0.0,0.01837262511253357,0.01837262511253357
303,10.1,14,0,0,,4,uneven rough,5,0.0,52.45778274536133,38.69596481323242,0.29116424918174744,1.4734885692596436,1.0425069332122803,1.4734885692596436,1.0425069332122803,7.897950172424316,6.990447044372559,0.6666666865348816,0.4934258460998535,0.06200150400400162,0.7367442846298218,0.5212534666061401,-0.09695523232221603,0.4954884648323059,0.0062278020195662975,0.13652513921260834,-0.0822124034166336,-0.04151409491896629,-0.0678686648607254,-0.0678686648607254,0.05934244394302368,-1.8735703229904175,-1.140060544013977,0.0,-0.12721110880374908,-0.12721110880374908,0.24774423241615295,0.24774423241615295,0.1274193823337555,1.7844761610031128,-0.1415928453207016,0.0,0.12032485008239746,0.12032485008239746,0.0031139010097831488,0.0031139010097831488,0.018785029649734497,-1.2163890600204468,-0.31460559368133545,0.0,-0.01567112863995135,-0.01567112863995135,0.09556759893894196,0.09556759893894196,0.26473769545555115,-1.862939715385437,1.0539219379425049,0.0,-0.1691700965166092,-0.1691700965166092,-0.13153985142707825,-0.13153985142707825,0.08609835803508759,-1.0799237489700317,-0.4723798632621765,0.0,-0.21763820946216583,-0.21763820946216583,-0.020757047459483147,-0.020757047459483147,-0.04086964949965477,-1.2116329669952393,0.431664377450943,0.0,0.020112602040171623,0.020112602040171623
303,10.1,24,0,0,,4,uneven rough,7,0.0,66.63671875,36.34451675415039,0.44519954919815063,1.705221176147461,-0.5191706418991089,1.705221176147461,-0.5191706418991089,8.887457847595215,6.174045085906982,0.5,0.4976370930671692,0.09422876685857773,0.8526105880737305,-0.25958532094955444,-0.038469042629003525,0.4600181579589844,-0.30469077825546265,-0.6236895322799683,0.6464192867279053,-0.6679787039756775,-0.026928329840302467,-0.026928329840302467,-0.004310091957449913,-0.9070215225219727,0.5208403468132019,0.0,-0.022618237882852554,-0.022618237882852554,0.2300090789794922,0.2300090789794922,0.29572707414627075,-1.7428383827209473,1.466313362121582,0.0,-0.06571799516677856,-0.06571799516677856,-0.15234538912773132,-0.15234538912773132,-0.053457919508218765,-0.2546711266040802,1.1675297021865845,0.0,-0.09888746961951256,-0.09888746961951256,-0.43658265471458435,-0.43658265471458435,-0.08480450510978699,-1.538128137588501,-1.209815263748169,0.0,-0.35177814960479736,-0.35177814960479736,0.32320964336395264,0.32320964336395264,0.1452079862356186,0.2579377293586731,0.04493774473667145,0.0,0.17800165712833405,0.17800165712833405,-0.33398935198783875,-0.33398935198783875,-0.14085596799850464,-0.3160198926925659,-1.103742241859436,0.0,-0.1931333839893341,-0.1931333839893341
304,10.133333333333333,4,0,0,,4,uneven rough,5,0.0,52.75218963623047,37.89006423950195,0.37860119342803955,1.7025610208511353,-0.14117953181266785,1.7025610208511353,-0.14117953181266785,9.474334716796875,6.142623424530029,0.3333333432674408,0.13478624820709229,0.15661722421646118,0.8512805104255676,-0.07058976590633392,0.7365968227386475,0.3748672902584076,-0.4785865545272827,-0.18505415320396423,0.03727523982524872,-0.5061596035957336,0.5156177878379822,0.5156177878379822,0.0749582052230835,1.808677077293396,-1.4392917156219482,0.0,0.4406595826148987,0.4406595826148987,0.1874336451292038,0.1874336451292038,0.1751975119113922,-0.09807837754487991,1.0296605825424194,0.0,0.012236133217811584,0.012236133217811584,-0.23929327726364136,-0.23929327726364136,0.0031042241025716066,-2.0000007152557373,-0.9245499968528748,0.0,-0.24239750136621296,-0.24239750136621296,-0.1295379102230072,-0.1295379102230072,0.1584380716085434,-2.000012159347534,-0.6691563725471497,0.0,-0.2879759818315506,-0.2879759818315506,0.01863761991262436,0.01863761991262436,-0.05903221666812897,2.000013589859009,-0.19520306587219238,0.0,0.07766983658075333,0.07766983658075333,-0.2530798017978668,-0.2530798017978668,-0.024128850549459457,-1.7331576347351074,0.20033709704875946,0.0,-0.22895095124840736,-0.22895095124840736
304,10.133333333333333,14,0,0,,4,uneven rough,5,0.0,52.42258834838867,38.66423797607422,0.2947753667831421,1.8015151023864746,1.2641565799713135,1.8015151023864746,1.2641565799713135,6.4754557609558105,1.1300303936004639,0.3333333432674408,0.376131147146225,0.1987408846616745,0.9007575511932373,0.6320782899856567,0.6138049364089966,0.17613081634044647,-0.03237610682845116,-0.11628472805023193,0.11348026990890503,-0.611883819103241,0.42966344952583313,0.42966344952583313,0.09165742993354797,1.6361055374145508,-1.5547882318496704,0.0,0.33800601959228516,0.33800601959228516,0.08806540817022324,0.08806540817022324,0.1070609837770462,-0.8949439525604248,0.9474100470542908,0.0,-0.018995575606822968,-0.018995575606822968,-0.01618805341422558,-0.01618805341422558,-0.03690647706389427,-1.5082502365112305,-0.8244755864143372,0.0,0.020718423649668694,0.020718423649668694,-0.08139930665493011,-0.08139930665493011,0.19576099514961243,-1.7753835916519165,-0.5952768921852112,0.0,-0.27716030180454254,-0.27716030180454254,0.056740134954452515,0.056740134954452515,0.04602783918380737,0.6666771173477173,-0.8158862590789795,0.0,0.010712295770645142,0.010712295770645142,-0.3059419095516205,-0.3059419095516205,-0.078783318400383,-1.1416254043579102,-0.49745887517929077,0.0,-0.2271585911512375,-0.2271585911512375
304,10.133333333333333,24,0,0,,4,uneven rough,7,0.0,66.69133758544922,36.345497131347656,0.4437682628631592,1.8399955034255981,-0.4142986238002777,1.8399955034255981,-0.4142986238002777,10.063194274902344,5.826912879943848,0.5,0.5016364455223083,0.2489265501499176,0.9199977517127991,-0.20714931190013885,0.6774982213973999,0.3574528396129608,-0.1374819278717041,-0.23889243602752686,0.6424415111541748,-0.47003692388534546,0.4742487370967865,0.4742487370967865,0.04496391490101814,1.643341302871704,-0.2864753007888794,0.0,0.42928482219576836,0.42928482219576836,0.1787264198064804,0.1787264198064804,0.2330147624015808,-1.9681717157363892,-0.34814679622650146,0.0,-0.0542883425951004,-0.0542883425951004,-0.06874096393585205,-0.06874096393585205,-0.05693037062883377,-0.13714180886745453,0.36341479420661926,0.0,-0.01181059330701828,-0.01181059330701828,-0.1672247052192688,-0.1672247052192688,-0.152417853474617,-1.6489628553390503,-1.3954439163208008,0.0,-0.014806851744651794,-0.014806851744651794,0.3212207555770874,0.3212207555770874,0.18324369192123413,1.3092646598815918,0.16536831855773926,0.0,0.13797706365585327,0.13797706365585327,-0.23501846194267273,-0.23501846194267273,-0.1800023764371872,-1.4704086780548096,-0.658362627029419,0.0,-0.055016085505485535,-0.055016085505485535
305,10.166666666666666,4,0,0,,4,uneven rough,5,0.0,52.722206115722656,37.87345886230469,0.37873560190200806,1.5202100276947021,-0.3629177212715149,1.5202100276947021,-0.3629177212715149,5.161834239959717,3.0268056392669678,0.1666666716337204,0.08992874622344971,0.0563848614692688,0.7601050138473511,-0.18145886063575745,0.6890138983726501,0.6139288544654846,0.18039707839488983,-0.0967617928981781,0.10303707420825958,-0.37386029958724976,0.4823097288608551,0.4823097288608551,0.142186239361763,1.9520933628082275,0.39711564779281616,0.0,0.3401234894990921,0.3401234894990921,0.3069644272327423,0.3069644272327423,0.23899444937705994,1.9328910112380981,0.39203494787216187,0.0,0.06796997785568237,0.06796997785568237,0.09019853919744492,0.09019853919744492,-0.01900993287563324,-0.6704645156860352,-1.5326117277145386,0.0,0.10920847207307816,0.10920847207307816,-0.06773325055837631,-0.06773325055837631,0.09493272751569748,-1.962467908859253,-1.4216246604919434,0.0,-0.1626659780740738,-0.1626659780740738,0.05151853710412979,0.05151853710412979,0.02090287208557129,1.9942328929901123,1.0459764003753662,0.0,0.030615665018558502,0.030615665018558502,-0.18693014979362488,-0.18693014979362488,-0.05659711733460426,-0.7653326988220215,-0.8928642868995667,0.0,-0.13033303245902061,-0.13033303245902061
305,10.166666666666666,14,0,0,,4,uneven rough,5,0.0,52.38094711303711,38.63718032836914,0.30053240060806274,1.7894582748413086,-0.5322559475898743,1.7894582748413086,-0.5322559475898743,5.428245544433594,2.911498785018921,0.3333333432674408,0.40490955114364624,0.1078917384147644,0.8947291374206543,-0.26612797379493713,0.363822877407074,0.287867933511734,0.22984068095684052,-0.04375362768769264,0.2772121727466583,-0.4423387348651886,0.2546760141849518,0.2546760141849518,0.15839610993862152,1.9979616403579712,0.24934883415699005,0.0,0.09627990424633026,0.09627990424633026,0.143933966755867,0.143933966755867,0.16359984874725342,1.4672764539718628,-0.09426020085811615,0.0,-0.019665881991386414,-0.019665881991386414,0.11492034047842026,0.11492034047842026,-0.016928037628531456,0.47516652941703796,-1.2110830545425415,0.0,0.1318483781069517,0.1318483781069517,-0.03062753938138485,-0.03062753938138485,0.13307417929172516,-1.8507181406021118,-1.2625113725662231,0.0,-0.16370171867311,-0.16370171867311,0.13860608637332916,0.13860608637332916,0.102433942258358,0.945385217666626,0.022357739508152008,0.0,0.03617214411497116,0.03617214411497116,-0.2211693674325943,-0.2211693674325943,-0.10727763175964355,-1.4251282215118408,-0.8616718053817749,0.0,-0.11389173567295074,-0.11389173567295074
305,10.166666666666666,24,0,0,,4,uneven rough,7,0.0,66.74874877929688,36.33232498168945,0.4401732385158539,1.7238857746124268,-0.6285523772239685,1.7238857746124268,-0.6285523772239685,9.669943809509277,4.749185562133789,0.3333333432674408,0.3816487491130829,0.1584891527891159,0.8619428873062134,-0.31427618861198425,0.4363362491130829,0.42488378286361694,0.282737135887146,0.15240733325481415,0.3712952733039856,0.12280163913965225,0.3054353594779968,0.3054353594779968,0.11065557599067688,1.9774013757705688,0.8046464920043945,0.0,0.19477978348731995,0.19477978348731995,0.21244189143180847,0.21244189143180847,0.19391924142837524,-0.27685683965682983,-1.2641117572784424,0.0,0.018522650003433228,0.018522650003433228,0.141368567943573,0.141368567943573,0.010837900452315807,1.996239423751831,0.08039919286966324,0.0,0.1305306674912572,0.1305306674912572,0.10668513178825378,0.10668513178825378,-0.13469760119915009,1.8301756381988525,-1.5387839078903198,0.0,0.24138273298740387,0.24138273298740387,0.1856476366519928,0.1856476366519928,0.20404356718063354,0.3948180377483368,0.8121293783187866,0.0,-0.018395930528640747,-0.018395930528640747,0.061400819569826126,0.061400819569826126,-0.11448108404874802,1.999999761581421,-1.1174949407577515,0.0,0.17588190361857414,0.17588190361857414
306,10.2,4,0,0,,4,uneven rough,5,0.0,52.69294357299805,37.866119384765625,0.36921530961990356,1.2841951847076416,-0.055476803332567215,1.2841951847076416,-0.055476803332567215,2.868942975997925,3.0456225872039795,0.3333333432674408,-0.10144665837287903,0.06253866106271744,0.6420975923538208,-0.027738401666283607,0.5696446895599365,0.1395314633846283,0.008040675893425941,0.2013447880744934,0.6361836194992065,-0.5171196460723877,0.39875128865242004,0.39875128865242004,0.20299777388572693,1.7840105295181274,1.2763028144836426,0.0,0.19575351476669312,0.19575351476669312,0.06976573169231415,0.06976573169231415,0.17782391607761383,-1.9997252225875854,1.263237714767456,0.0,-0.10805818438529968,-0.10805818438529968,0.004020337946712971,0.004020337946712971,-0.038524165749549866,0.2588919997215271,-1.0451520681381226,0.0,0.042544503696262836,0.042544503696262836,0.14094135165214539,0.14094135165214539,0.10702469944953918,1.7267470359802246,-1.7274184226989746,0.0,0.0339166522026062,0.0339166522026062,0.31809180974960327,0.31809180974960327,0.06495192646980286,2.0436952114105225,1.5821223258972168,0.0,0.2531398832798004,0.2531398832798004,-0.25855982303619385,-0.25855982303619385,-0.09928254038095474,-1.106735110282898,-0.8207576870918274,0.0,-0.1592772826552391,-0.1592772826552391
306,10.2,14,0,0,,4,uneven rough,5,0.0,52.341732025146484,38.61737060546875,0.3086889386177063,1.4398531913757324,0.6047215461730957,1.4398531913757324,0.6047215461730957,2.9755611419677734,0.29429101943969727,0.3333333432674408,0.5352961421012878,0.09374433755874634,0.7199265956878662,0.30236077308654785,0.4514751136302948,0.171619713306427,0.46890655159950256,0.0919506773352623,0.29744985699653625,-0.6162997484207153,0.3160325884819031,0.3160325884819031,0.2252744883298874,1.8092900514602661,1.2380176782608032,0.0,0.09075810015201569,0.09075810015201569,0.0858098566532135,0.0858098566532135,0.13857914507389069,-0.6317377686500549,0.7886354327201843,0.0,-0.052769288420677185,-0.052769288420677185,0.23445327579975128,0.23445327579975128,0.028617771342396736,1.7427434921264648,-0.25767451524734497,0.0,0.20583550445735455,0.20583550445735455,0.06436547636985779,0.06436547636985779,0.08260918408632278,-1.4075530767440796,-1.595084547996521,0.0,-0.018243707716464996,-0.018243707716464996,0.14872492849826813,0.14872492849826813,0.09248018264770508,0.16380882263183594,0.5442391037940979,0.0,0.05624474585056305,0.05624474585056305,-0.30814987421035767,-0.30814987421035767,-0.1677142083644867,-1.8048049211502075,-1.180251121520996,0.0,-0.14043566584587097,-0.14043566584587097
306,10.2,24,0,0,,4,uneven rough,7,0.0,66.80926513671875,36.3275032043457,0.44649872183799744,1.546493649482727,0.12967664003372192,1.546493649482727,0.12967664003372192,8.018922805786133,0.0,0.0,0.7051118612289429,0.14834102988243103,0.7732468247413635,0.06483832001686096,-0.5370898246765137,0.8595994710922241,-0.052932288497686386,0.4114857614040375,0.21416306495666504,0.3239600956439972,-0.37596288323402405,-0.37596288323402405,0.08118205517530441,-1.4892719984054565,1.4677242040634155,0.0,-0.45714493840932846,-0.45714493840932846,0.42979973554611206,0.42979973554611206,0.23828113079071045,1.8989704847335815,-0.7059160470962524,0.0,0.1915186047554016,0.1915186047554016,-0.026466144248843193,-0.026466144248843193,0.020452940836548805,-0.40944457054138184,1.1636186838150024,0.0,-0.046919085085392,-0.046919085085392,0.28804004192352295,0.28804004192352295,-0.06400597840547562,1.881849765777588,0.36603185534477234,0.0,0.35204602032899857,0.35204602032899857,0.10708153247833252,0.10708153247833252,0.17209331691265106,-1.655367374420166,0.5761808156967163,0.0,-0.06501178443431854,-0.06501178443431854,0.1619800478219986,0.1619800478219986,-0.06644205003976822,1.2798978090286255,0.645142138004303,0.0,0.22842209786176682,0.22842209786176682
307,10.233333333333333,4,0,0,,4,uneven rough,5,0.0,52.66622543334961,37.855045318603516,0.3630552887916565,1.6915435791015625,0.06871651858091354,1.6915435791015625,0.06871651858091354,4.849045753479004,1.713087558746338,0.3333333432674408,-0.2552300691604614,0.174333393573761,0.8457717895507812,0.03435825929045677,-0.18264701962471008,0.2047092169523239,0.3860415816307068,0.12148655205965042,0.603030264377594,-0.3631899654865265,-0.1278529167175293,-0.1278529167175293,0.18731865286827087,-0.9893598556518555,1.563361644744873,0.0,-0.31517156958580017,-0.31517156958580017,0.10235460847616196,0.10235460847616196,0.126892551779747,-1.3644241094589233,-0.5816473364830017,0.0,-0.024537943303585052,-0.024537943303585052,0.1930207908153534,0.1930207908153534,0.010418261401355267,1.647108554840088,-0.3078432083129883,0.0,0.18260252941399813,0.18260252941399813,0.08504058420658112,0.08504058420658112,0.1267876923084259,-0.9658709168434143,0.22557291388511658,0.0,-0.04174710810184479,-0.04174710810184479,0.301515132188797,0.301515132188797,0.12410381436347961,1.3974436521530151,1.8430964946746826,0.0,0.17741131782531738,0.17741131782531738,-0.18159498274326324,-0.18159498274326324,-0.10367153584957123,-0.6562459468841553,-0.9824498295783997,0.0,-0.07792344689369202,-0.07792344689369202
307,10.233333333333333,14,0,0,,4,uneven rough,5,0.0,52.29941177368164,38.60400390625,0.3161551058292389,1.7583469152450562,-0.4366651773452759,1.7583469152450562,-0.4366651773452759,9.046660423278809,3.3309073448181152,0.3333333432674408,0.6334420442581177,0.11443587392568588,0.8791734576225281,-0.21833258867263794,0.4308786392211914,0.17549435794353485,0.4888651967048645,0.16922861337661743,0.3773040771484375,-0.5308893918991089,0.30161502957344055,0.30161502957344055,0.2832895815372467,1.2862694263458252,1.5610160827636719,0.0,0.018325448036193848,0.018325448036193848,0.08774717897176743,0.08774717897176743,0.1445178985595703,-0.3265140652656555,-0.01444611418992281,0.0,-0.05677071958780289,-0.05677071958780289,0.24443259835243225,0.24443259835243225,0.08904877305030823,1.903072714805603,0.8733654022216797,0.0,0.15538382530212402,0.15538382530212402,0.1184600293636322,0.1184600293636322,0.08984412997961044,0.8808631300926208,-1.4890539646148682,0.0,0.02861589938402176,0.02861589938402176,0.18865203857421875,0.18865203857421875,0.13443703949451447,0.4279394745826721,0.32914313673973083,0.0,0.054214999079704285,0.054214999079704285,-0.26544469594955444,-0.26544469594955444,-0.23595811426639557,-1.9028116464614868,-1.5333750247955322,0.0,-0.029486581683158875,-0.029486581683158875
307,10.233333333333333,24,0,0,,4,uneven rough,7,0.0,66.86756896972656,36.33372497558594,0.43844372034072876,1.749230980873108,-0.5584772229194641,1.749230980873108,-0.5584772229194641,8.988424301147461,0.8599010705947876,0.1666666716337204,0.9972159266471863,0.03805922716856003,0.874615490436554,-0.27923861145973206,-0.11833842843770981,0.3780587613582611,-0.4761669337749481,-0.1253676861524582,0.5262433290481567,-0.06896791607141495,-0.08283689618110657,-0.08283689618110657,0.020921483635902405,-1.6537014245986938,-0.2041667401790619,0.0,-0.10375837981700897,-0.10375837981700897,0.18902938067913055,0.18902938067913055,0.2358505129814148,-1.0329300165176392,0.7668914794921875,0.0,-0.04682113230228424,-0.04682113230228424,-0.23808346688747406,-0.23808346688747406,-0.02011377364397049,0.7731429934501648,0.27420592308044434,0.0,-0.21796969324350357,-0.21796969324350357,-0.08775737881660461,-0.08775737881660461,-0.046993061900138855,-0.06294067203998566,1.2230780124664307,0.0,-0.04076431691646576,-0.04076431691646576,0.26312166452407837,0.26312166452407837,0.20675519108772278,1.277431607246399,-0.685540497303009,0.0,0.05636647343635559,0.05636647343635559,-0.034483958035707474,-0.034483958035707474,-0.02277364768087864,1.6331367492675781,1.004034161567688,0.0,-0.011710310354828835,-0.011710310354828835
308,10.266666666666666,4,0,0,,4,uneven rough,5,0.0,52.63960647583008,37.844078063964844,0.35424521565437317,1.383958339691162,1.2602663040161133,1.383958339691162,1.2602663040161133,5.371047496795654,5.823361873626709,0.4691321551799774,-0.2074357569217682,0.14100897312164307,0.691979169845581,0.6301331520080566,0.8237269520759583,0.05792681872844696,0.09979275614023209,0.12246577441692352,0.33571314811706543,-0.07184967398643494,0.5766088366508484,0.5766088366508484,0.23430795967578888,0.49538952112197876,0.12004834413528442,0.0,0.3423008769750595,0.3423008769750595,0.02896340936422348,0.02896340936422348,0.0604008324444294,-1.877181887626648,-1.024230718612671,0.0,-0.03143742308020592,-0.03143742308020592,0.04989637807011604,0.04989637807011604,0.06355491280555725,0.5386037230491638,0.7974900007247925,0.0,-0.013658534735441208,-0.013658534735441208,0.08572603762149811,0.08572603762149811,0.06696219742298126,-0.11560159921646118,-0.44807156920433044,0.0,0.018763840198516846,0.018763840198516846,0.16785657405853271,0.16785657405853271,0.16945701837539673,0.5594120025634766,1.5911235809326172,0.0,-0.0016004443168640137,-0.0016004443168640137,-0.03592483699321747,-0.03592483699321747,-0.04514026269316673,2.0381228923797607,-0.7980135679244995,0.0,0.009215425699949265,0.009215425699949265
308,10.266666666666666,14,0,0,,4,uneven rough,5,0.0,52.260074615478516,38.58794021606445,0.3286000192165375,1.810099720954895,0.9899711012840271,1.810099720954895,0.9899711012840271,9.395552635192871,2.9660956859588623,0.3333333432674408,0.6519832611083984,0.09767823666334152,0.9050498604774475,0.49498555064201355,0.2600049078464508,0.5046015977859497,0.23394545912742615,0.46679529547691345,0.29316699504852295,0.23013544082641602,0.1820034384727478,0.1820034384727478,0.2319914698600769,-2.000001907348633,1.4056737422943115,0.0,-0.0499880313873291,-0.0499880313873291,0.25230079889297485,0.25230079889297485,0.20970328152179718,1.9970799684524536,-0.1908898949623108,0.0,0.04259751737117767,0.04259751737117767,0.11697272956371307,0.11697272956371307,0.12294422090053558,-0.07103699445724487,1.4555637836456299,0.0,-0.00597149133682251,-0.00597149133682251,0.32675671577453613,0.32675671577453613,0.1589142233133316,1.9761234521865845,-0.14909860491752625,0.0,0.16784249246120453,0.16784249246120453,0.14658349752426147,0.14658349752426147,0.1663450002670288,-0.43952399492263794,0.3850027620792389,0.0,-0.019761502742767334,-0.019761502742767334,0.11506772041320801,0.11506772041320801,-0.19093741476535797,1.72996187210083,-1.7422552108764648,0.0,0.306005135178566,0.306005135178566
308,10.266666666666666,24,0,0,,4,uneven rough,7,0.0,66.92904663085938,36.32691955566406,0.42570680379867554,1.7047475576400757,0.9029095768928528,1.7047475576400757,0.9029095768928528,8.837969779968262,0.20611006021499634,0.1666666716337204,0.605660617351532,0.16216546297073364,0.8523737788200378,0.4514547884464264,0.4678134024143219,0.5313772559165955,-0.4746103286743164,0.021550625562667847,0.5615582466125488,0.09467734396457672,0.3274693787097931,0.3274693787097931,0.03584307059645653,1.2715694904327393,-1.0237362384796143,0.0,0.29162630811333656,0.29162630811333656,0.26568862795829773,0.26568862795829773,0.26875433325767517,0.8178096413612366,-0.25073084235191345,0.0,-0.0030657052993774414,-0.0030657052993774414,-0.2373051643371582,-0.2373051643371582,-0.08081373572349548,-2.0000007152557373,0.5563058257102966,0.0,-0.15649142861366272,-0.15649142861366272,0.015085437335073948,0.015085437335073948,-0.03219931572675705,1.5124176740646362,0.49596071243286133,0.0,0.047284753061831,0.047284753061831,0.2807791233062744,0.2807791233062744,0.2675290107727051,1.051334261894226,0.42432743310928345,0.0,0.013250112533569336,0.013250112533569336,0.04733867198228836,0.04733867198228836,0.03857743740081787,1.4365341663360596,1.3597298860549927,0.0,0.00876123458147049,0.00876123458147049
309,10.3,4,0,0,,4,uneven rough,5,0.0,52.611351013183594,37.834129333496094,0.3590402603149414,1.6943824291229248,0.2526068091392517,1.6943824291229248,0.2526068091392517,8.571235656738281,4.458669185638428,0.3333333432674408,-0.3430992066860199,0.1060035452246666,0.8471912145614624,0.12630340456962585,0.26330190896987915,0.34033310413360596,0.11840146034955978,0.40582510828971863,0.22391311824321747,0.18893219530582428,0.18431133031845093,0.18431133031845093,0.18456372618675232,-1.2651276588439941,0.3322669267654419,0.0,-0.0002523958683013916,-0.0002523958683013916,0.17016655206680298,0.17016655206680298,0.10536311566829681,2.000000476837158,-1.5064908266067505,0.0,0.06480343639850616,0.06480343639850616,0.05920073017477989,0.05920073017477989,0.052462734282016754,-0.33355996012687683,0.6511152386665344,0.0,0.006737995892763138,0.006737995892763138,0.28407758474349976,0.28407758474349976,0.13325998187065125,1.8088058233261108,-0.26009246706962585,0.0,0.1508176028728485,0.1508176028728485,0.11195655912160873,0.11195655912160873,0.1479729861021042,-1.9778635501861572,1.0077919960021973,0.0,-0.03601642698049545,-0.03601642698049545,0.09446609765291214,0.09446609765291214,0.0206253994256258,1.9999995231628418,0.805543065071106,0.0,0.07384069822728634,0.07384069822728634
309,10.3,14,0,0,,4,uneven rough,5,0.0,52.22577667236328,38.571598052978516,0.3268369436264038,1.4526472091674805,0.9283627867698669,1.4526472091674805,0.9283627867698669,7.4366655349731445,0.0,0.0,0.5480306148529053,0.1306341141462326,0.7263236045837402,0.46418139338493347,0.023348646238446236,0.11751959472894669,0.24479791522026062,0.6351867914199829,0.32179561257362366,0.4015015959739685,0.01634405180811882,0.01634405180811882,0.16791294515132904,-1.3227859735488892,-0.5199013948440552,0.0,-0.15156889334321022,-0.15156889334321022,0.05875979736447334,0.05875979736447334,0.15851321816444397,-1.0070379972457886,1.0461921691894531,0.0,-0.09975342079997063,-0.09975342079997063,0.12239895761013031,0.12239895761013031,0.11094950139522552,-0.671292245388031,0.5924209356307983,0.0,0.011449456214904785,0.011449456214904785,0.4446307420730591,0.4446307420730591,0.223955437541008,1.8989840745925903,1.0525057315826416,0.0,0.2206753045320511,0.2206753045320511,0.16089780628681183,0.16089780628681183,0.11487371474504471,-0.608635425567627,-0.08118615299463272,0.0,0.04602409154176712,0.04602409154176712,0.20075079798698425,0.20075079798698425,-0.12858541309833527,1.200576663017273,0.22094255685806274,0.0,0.3293362110853195,0.3293362110853195
309,10.3,24,0,0,,4,uneven rough,7,0.0,66.98714447021484,36.31951904296875,0.4136553704738617,1.5676398277282715,0.7688481211662292,1.5676398277282715,0.7688481211662292,7.989263534545898,0.0,0.0,0.5938689112663269,0.18900060653686523,0.7838199138641357,0.3844240605831146,-0.4980536103248596,0.571661114692688,0.000953428156208247,0.5089676380157471,0.4299342632293701,0.0779988020658493,-0.34863752126693726,-0.34863752126693726,-0.0016319002024829388,-1.9159551858901978,0.2740337550640106,0.0,-0.3470056210644543,-0.3470056210644543,0.285830557346344,0.285830557346344,0.26343801617622375,0.6504039764404297,0.3534238636493683,0.0,0.02239254117012024,0.02239254117012024,0.0004767140781041235,0.0004767140781041235,-0.03541478142142296,1.9999998807907104,-0.8890345096588135,0.0,0.03589149549952708,0.03589149549952708,0.35627734661102295,0.35627734661102295,0.038645051419734955,1.9443063735961914,1.0706672668457031,0.0,0.317632295191288,0.317632295191288,0.21496713161468506,0.21496713161468506,0.23780611157417297,-0.882694661617279,0.7788382172584534,0.0,-0.022838979959487915,-0.022838979959487915,0.03899940103292465,0.03899940103292465,0.031897686421871185,-0.5473849773406982,1.4031552076339722,0.0,0.007101714611053467,0.007101714611053467
310,10.333333333333334,4,0,0,,4,uneven rough,5,0.0,52.58198547363281,37.82209777832031,0.3706226050853729,1.242610216140747,0.8063627481460571,1.242610216140747,0.8063627481460571,6.4786505699157715,0.0,0.0,-0.21529161930084229,0.09890296310186386,0.6213051080703735,0.40318137407302856,0.12490911036729813,0.5905793905258179,0.3507687449455261,0.3576066493988037,0.021526280790567398,0.12392232567071915,0.08743637800216675,0.08743637800216675,0.12130789458751678,-2.0071613788604736,-0.5709028244018555,0.0,-0.03387151658535004,-0.03387151658535004,0.29528969526290894,0.29528969526290894,0.16577020287513733,1.705125093460083,0.4760856330394745,0.0,0.1295194923877716,0.1295194923877716,0.17538437247276306,0.17538437247276306,0.06744798272848129,0.3854128420352936,0.09437812864780426,0.0,0.10793638974428177,0.10793638974428177,0.25032463669776917,0.25032463669776917,0.20204491913318634,1.9914203882217407,0.9096663594245911,0.0,0.048279717564582825,0.048279717564582825,0.010763140395283699,0.010763140395283699,0.09297137707471848,-1.6902670860290527,-0.6803030371665955,0.0,-0.08220823667943478,-0.08220823667943478,0.06196116283535957,0.06196116283535957,0.08972282707691193,1.9365679025650024,1.4808908700942993,0.0,-0.027761664241552353,-0.027761664241552353
310,10.333333333333334,14,0,0,,4,uneven rough,5,0.0,52.19008255004883,38.555789947509766,0.3247389495372772,1.6512218713760376,0.22965386509895325,1.6512218713760376,0.22965386509895325,8.577569007873535,3.3333334922790527,0.1666666716337204,0.5912995338439941,0.21713308990001678,0.8256109356880188,0.11482693254947662,-0.2660404145717621,0.2604484558105469,0.49791112542152405,0.40933701395988464,0.04278230667114258,0.4178994297981262,-0.18622829020023346,-0.18622829020023346,0.10602803528308868,-1.537655234336853,-0.9738537669181824,0.0,-0.29225632548332214,-0.29225632548332214,0.13022422790527344,0.13022422790527344,0.1273731291294098,0.08095377683639526,-0.11470785737037659,0.0,0.0028510987758636475,0.0028510987758636475,0.24895556271076202,0.24895556271076202,0.167027086019516,1.3039655685424805,-0.12208477407693863,0.0,0.08192847669124603,0.08192847669124603,0.28653591871261597,0.28653591871261597,0.28741520643234253,1.2898898124694824,1.5311061143875122,0.0,-0.0008792877197265625,-0.0008792877197265625,0.02139115333557129,0.02139115333557129,0.0514066182076931,-1.9177513122558594,-0.3794069290161133,0.0,-0.03001546487212181,-0.03001546487212181,0.2089497148990631,0.2089497148990631,-0.09198836982250214,-0.4582463800907135,0.7748294472694397,0.0,0.30093808472156525,0.30093808472156525
310,10.333333333333334,24,0,0,,4,uneven rough,7,0.0,67.04261779785156,36.320777893066406,0.41500750184059143,1.098872423171997,1.0824075937271118,1.098872423171997,1.0824075937271118,5.609187602996826,0.0,0.0,0.37133798003196716,0.11320500075817108,0.5494362115859985,0.5412037968635559,-0.0746961236000061,0.5368593335151672,-0.04783564433455467,0.16001835465431213,-0.14923924207687378,0.3899943232536316,-0.05228728428483009,-0.05228728428483009,-0.06276367604732513,-1.8769276142120361,-0.964189887046814,0.0,0.010476391762495041,0.010476391762495041,0.2684296667575836,0.2684296667575836,0.27797070145606995,0.5282959342002869,0.5213369727134705,0.0,-0.009541034698486328,-0.009541034698486328,-0.023917822167277336,-0.023917822167277336,-0.007779166102409363,-0.2433469146490097,0.7444307208061218,0.0,-0.016138656064867973,-0.016138656064867973,0.1120128482580185,0.1120128482580185,0.10001328587532043,1.7334243059158325,1.5646244287490845,0.0,0.011999562382698059,0.011999562382698059,-0.23878279328346252,-0.23878279328346252,0.1748843640089035,-0.17391690611839294,-0.16059544682502747,0.0,-0.41366715729236603,-0.41366715729236603,0.1949971616268158,0.1949971616268158,0.02572700008749962,0.993913471698761,0.30031630396842957,0.0,0.16927016153931618,0.16927016153931618
311,10.366666666666667,4,0,0,,4,uneven rough,5,0.0,52.55314636230469,37.80542755126953,0.3709059953689575,1.635956048965454,0.6026477813720703,1.635956048965454,0.6026477813720703,10.253670692443848,6.6666669845581055,0.3333333432674408,-0.06533866375684738,0.11604692041873932,0.817978024482727,0.30132389068603516,0.08455854654312134,0.3607116937637329,0.08260036259889603,0.39772504568099976,0.29448962211608887,-0.33194518089294434,0.05919098109006882,0.05919098109006882,0.06410986185073853,-0.9885088205337524,-1.3829660415649414,0.0,-0.004918880760669708,-0.004918880760669708,0.18035584688186646,0.18035584688186646,0.19767208397388458,-0.47543463110923767,1.1709867715835571,0.0,-0.017316237092018127,-0.017316237092018127,0.04130018129944801,0.04130018129944801,0.0182049460709095,-0.5394885540008545,0.25892966985702515,0.0,0.023095235228538513,0.023095235228538513,0.2784075140953064,0.2784075140953064,0.26796916127204895,1.7597545385360718,1.521291971206665,0.0,0.010438352823257446,0.010438352823257446,0.14724481105804443,0.14724481105804443,0.11338144540786743,1.791070580482483,-1.2513384819030762,0.0,0.033863365650177,0.033863365650177,-0.16597259044647217,-0.16597259044647217,0.06120618060231209,-0.31931808590888977,1.738531470298767,0.0,-0.22717877104878426,-0.22717877104878426
311,10.366666666666667,14,0,0,,4,uneven rough,5,0.0,52.15515899658203,38.53004455566406,0.32924509048461914,1.6952972412109375,0.8028441071510315,1.6952972412109375,0.8028441071510315,8.654032707214355,2.652928352355957,0.3333333432674408,0.5774033665657043,0.1928108036518097,0.8476486206054688,0.40142205357551575,-0.19683842360973358,0.36999058723449707,0.0024017123505473137,0.21478207409381866,0.10652118921279907,-0.031945500522851944,-0.1377868950366974,-0.1377868950366974,0.043664101511240005,-1.7067394256591797,-1.2926281690597534,0.0,-0.1814509965479374,-0.1814509965479374,0.18499529361724854,0.18499529361724854,0.18476985394954681,1.5733152627944946,-0.004080420359969139,0.0,0.0002254396677017212,0.0002254396677017212,0.0012008561752736568,0.0012008561752736568,0.11568881571292877,-2.01203989982605,0.6842066645622253,0.0,-0.11448795953765512,-0.11448795953765512,0.15034745633602142,0.15034745633602142,0.25324490666389465,-1.9953221082687378,1.3947219848632812,0.0,-0.10289745032787323,-0.10289745032787323,0.053260594606399536,0.053260594606399536,0.03752562403678894,-0.7753638029098511,-1.2491896152496338,0.0,0.015734970569610596,0.015734970569610596,-0.015972750261425972,-0.015972750261425972,-0.08409015834331512,0.8637173175811768,0.0776461586356163,0.0,0.06811740808188915,0.06811740808188915
311,10.366666666666667,24,0,0,,4,uneven rough,7,0.0,67.0997085571289,36.33420181274414,0.4205924868583679,1.7623176574707031,-0.0013674271758645773,1.7623176574707031,-0.0013674271758645773,9.097066879272461,10.302412033081055,0.8333333730697632,-0.33246320486068726,0.1519974321126938,0.8811588287353516,-0.0006837135879322886,-0.37647682428359985,0.6604040861129761,-0.30570188164711,0.04465287923812866,0.37472790479660034,0.04556199163198471,-0.2635337710380554,-0.2635337710380554,-0.12722617387771606,-1.988102912902832,-1.4802534580230713,0.0,-0.13630759716033936,-0.13630759716033936,0.33020204305648804,0.33020204305648804,0.3004368543624878,0.040136031806468964,0.5252715945243835,0.0,0.029765188694000244,0.029765188694000244,-0.152850940823555,-0.152850940823555,-0.05900347977876663,0.5094105005264282,0.1859394758939743,0.0,-0.09384746104478836,-0.09384746104478836,0.031257014721632004,0.031257014721632004,0.07547131925821304,-1.9993314743041992,1.6600642204284668,0.0,-0.04421430453658104,-0.04421430453658104,0.18736395239830017,0.18736395239830017,0.19551347196102142,0.8369821906089783,-0.1681274175643921,0.0,-0.008149519562721252,-0.008149519562721252,0.022780995815992355,0.022780995815992355,-0.00429208017885685,-1.097783088684082,0.6924774050712585,0.0,0.027073075994849205,0.027073075994849205
312,10.4,4,0,0,,4,uneven rough,5,0.0,52.52032470703125,37.79330062866211,0.3589372932910919,1.5528227090835571,0.405742347240448,1.5528227090835571,0.405742347240448,8.93267822265625,6.326457977294922,0.3333333432674408,-0.2064872682094574,0.09172141551971436,0.7764113545417786,0.202871173620224,0.19721858203411102,0.19107268750667572,0.055618975311517715,0.3835635483264923,0.23490075767040253,0.07162397354841232,0.13805299997329712,0.13805299997329712,0.12009142339229584,2.005385637283325,-1.1599392890930176,0.0,0.017961576581001282,0.017961576581001282,0.09553634375333786,0.09553634375333786,0.1331581175327301,-1.8699549436569214,0.24009715020656586,0.0,-0.03762177377939224,-0.03762177377939224,0.027809487655758858,0.027809487655758858,-0.003910196013748646,-2.0023202896118164,-0.19249741733074188,0.0,0.031719683669507504,0.031719683669507504,0.26849448680877686,0.26849448680877686,0.2702634036540985,-0.2779034376144409,1.6561191082000732,0.0,-0.0017689168453216553,-0.0017689168453216553,0.11745037883520126,0.11745037883520126,0.11271291226148605,-0.9575822949409485,0.46884506940841675,0.0,0.00473746657371521,0.00473746657371521,0.03581198677420616,0.03581198677420616,0.04372390732169151,-1.608711838722229,0.5750196576118469,0.0,-0.007911920547485352,-0.007911920547485352
312,10.4,14,0,0,,4,uneven rough,5,0.0,52.11821365356445,38.50822067260742,0.32571402192115784,1.310654878616333,0.7596842050552368,1.310654878616333,0.7596842050552368,4.531503677368164,2.863825559616089,0.3333333432674408,0.573114812374115,0.2600092589855194,0.6553274393081665,0.3798421025276184,0.26566484570503235,0.3265204429626465,0.228093683719635,-0.110467828810215,0.02446611598134041,-0.478603333234787,0.1859653890132904,0.1859653890132904,0.07827988266944885,1.9999219179153442,-1.526767373085022,0.0,0.10768550634384155,0.10768550634384155,0.16326022148132324,0.16326022148132324,0.17658382654190063,-0.5392882227897644,0.8877819180488586,0.0,-0.013323605060577393,-0.013323605060577393,0.1140468418598175,0.1140468418598175,0.07208254933357239,-1.201155424118042,-0.8402559757232666,0.0,0.04196429252624512,0.04196429252624512,-0.07732748240232468,-0.07732748240232468,0.18438901007175446,-1.728004813194275,-0.5220150351524353,0.0,-0.26171649247407913,-0.26171649247407913,0.012233057990670204,0.012233057990670204,0.005545245483517647,0.5017796158790588,-0.9812876582145691,0.0,0.006687812507152557,0.006687812507152557,-0.2393016666173935,-0.2393016666173935,-0.12586985528469086,-1.0134766101837158,0.5220922231674194,0.0,-0.11343181133270264,-0.11343181133270264
312,10.4,24,0,0,,4,uneven rough,7,0.0,67.1533432006836,36.3441162109375,0.4247327446937561,1.7752119302749634,-0.0746406614780426,1.7752119302749634,-0.0746406614780426,6.6334228515625,0.5059487223625183,0.3333333432674408,-0.6686826944351196,0.16905951499938965,0.8876059651374817,-0.0373203307390213,0.22650127112865448,0.3573935031890869,-0.17607977986335754,-0.42401719093322754,0.05712942034006119,-0.401144802570343,0.15855088829994202,0.15855088829994202,-0.10212764143943787,1.9085793495178223,-1.7673923969268799,0.0,0.2606785297393799,0.2606785297393799,0.17869675159454346,0.17869675159454346,0.23418386280536652,-2.0017764568328857,0.2509750723838806,0.0,-0.05548711121082306,-0.05548711121082306,-0.08803988993167877,-0.08803988993167877,-0.07378454506397247,0.12370867282152176,0.3688305616378784,0.0,-0.014255344867706299,-0.014255344867706299,-0.2968120276927948,-0.2968120276927948,0.002950737252831459,-1.985318899154663,-0.4089646637439728,0.0,-0.29976276494562626,-0.29976276494562626,0.028564710170030594,0.028564710170030594,0.13631603121757507,-1.8202846050262451,0.40016335248947144,0.0,-0.10775132104754448,-0.10775132104754448,-0.2005724012851715,-0.2005724012851715,-0.06644456833600998,-1.9971728324890137,-0.31973910331726074,0.0,-0.13412783294916153,-0.13412783294916153
313,10.433333333333334,4,0,0,,4,uneven rough,5,0.0,52.48337173461914,37.772438049316406,0.3527897596359253,1.708514928817749,0.7533537745475769,1.708514928817749,0.7533537745475769,7.432590484619141,3.9090328216552734,0.3333333432674408,0.050868239253759384,0.10620834678411484,0.8542574644088745,0.37667688727378845,-0.21455644071102142,0.16416320204734802,0.5453305244445801,0.19745653867721558,0.2617837190628052,-0.20785920321941376,-0.15018950402736664,-0.15018950402736664,0.15437571704387665,0.4605114459991455,0.6297410726547241,0.0,-0.3045652210712433,-0.3045652210712433,0.08208160102367401,0.08208160102367401,0.11268803477287292,-0.7599158883094788,-0.9529300928115845,0.0,-0.030606433749198914,-0.030606433749198914,0.27266526222229004,0.27266526222229004,0.029318630695343018,1.4641177654266357,-1.2157745361328125,0.0,0.24334663152694702,0.24334663152694702,0.13821958005428314,0.13821958005428314,0.2308814823627472,-1.7670265436172485,0.5626193284988403,0.0,-0.09266190230846405,-0.09266190230846405,0.1308918595314026,0.1308918595314026,0.11545441299676895,-0.2312801033258438,-0.3376595079898834,0.0,0.015437446534633636,0.015437446534633636,-0.10392960160970688,-0.10392960160970688,-0.008029289543628693,-0.47757112979888916,-0.6596660614013672,0.0,-0.09590031206607819,-0.09590031206607819
313,10.433333333333334,14,0,0,,4,uneven rough,5,0.0,52.08079528808594,38.48576736450195,0.3224952220916748,1.3342170715332031,0.10504693537950516,1.3342170715332031,0.10504693537950516,3.990089178085327,4.902383804321289,0.3333333432674408,0.40287578105926514,0.18695133924484253,0.6671085357666016,0.05252346768975258,0.3917272686958313,0.05606768652796745,0.5762808918952942,0.15441913902759552,0.2707377076148987,-0.43251940608024597,0.27420908212661743,0.27420908212661743,0.1453268975019455,2.0177383422851562,0.46722909808158875,0.0,0.12888218462467194,0.12888218462467194,0.028033843263983727,0.028033843263983727,0.12070249766111374,-1.9933912754058838,0.08091390877962112,0.0,-0.09266865439713001,-0.09266865439713001,0.2881404459476471,0.2881404459476471,0.07627377659082413,0.40659019351005554,-1.044309139251709,0.0,0.21186666935682297,0.21186666935682297,0.10809339582920074,0.10809339582920074,0.12329165637493134,-1.4677083492279053,-1.2038837671279907,0.0,-0.01519826054573059,-0.01519826054573059,0.13536885380744934,0.13536885380744934,0.01999329775571823,0.5357726812362671,-0.14275877177715302,0.0,0.11537555605173111,0.11537555605173111,-0.21625970304012299,-0.21625970304012299,-0.16883590817451477,-1.8891448974609375,-0.3461211621761322,0.0,-0.047423794865608215,-0.047423794865608215
313,10.433333333333334,24,0,0,,4,uneven rough,7,0.0,67.21163940429688,36.35017395019531,0.4347538948059082,1.6469922065734863,-1.2254447937011719,1.6469922065734863,-1.2254447937011719,8.412738800048828,1.8349294662475586,0.1666666716337204,-0.7351936101913452,0.08791478723287582,0.8234961032867432,-0.6127223968505859,-0.2932344079017639,0.6734451055526733,0.20868554711341858,-0.6258335709571838,-0.019103415310382843,-0.6492329835891724,-0.20526407659053802,-0.20526407659053802,-0.1262982040643692,-1.997458577156067,0.31100863218307495,0.0,-0.07896587252616882,-0.07896587252616882,0.33672255277633667,0.33672255277633667,0.2683628499507904,1.95399010181427,-1.0227346420288086,0.0,0.06835970282554626,0.06835970282554626,0.10434277355670929,0.10434277355670929,-0.03365727514028549,1.762492299079895,0.23023821413516998,0.0,0.13800004869699478,0.13800004869699478,-0.4380834996700287,-0.4380834996700287,-0.03997031971812248,-1.2271485328674316,-1.3002381324768066,0.0,-0.3981131799519062,-0.3981131799519062,-0.03056546486914158,-0.03056546486914158,0.10441213846206665,-1.091470718383789,-0.8552818894386292,0.0,-0.13497760333120823,-0.13497760333120823,-0.3246164917945862,-0.3246164917945862,-0.09886534512042999,-0.20995962619781494,-1.2681630849838257,0.0,-0.2257511466741562,-0.2257511466741562
314,10.466666666666667,4,0,0,,4,uneven rough,5,0.0,52.44133377075195,37.7498893737793,0.34869083762168884,1.4397423267364502,0.15415789186954498,1.4397423267364502,0.15415789186954498,3.9186739921569824,4.022261619567871,0.5,0.12473943829536438,0.1416834443807602,0.7198711633682251,0.07707894593477249,0.5543944239616394,-0.051089659333229065,0.45141664147377014,0.08166144043207169,0.3646051287651062,-0.3725627362728119,0.3880760967731476,0.3880760967731476,0.2170288860797882,1.9613511562347412,0.5340583324432373,0.0,0.17104721069335938,0.17104721069335938,-0.08174345642328262,-0.08174345642328262,0.08078692853450775,-0.5218736529350281,-0.8437995314598083,0.0,-0.16253038495779037,-0.16253038495779037,0.22570832073688507,0.22570832073688507,0.09890376031398773,2.00182843208313,0.299441397190094,0.0,0.12680456042289734,0.12680456042289734,0.05716300755739212,0.05716300755739212,0.16377773880958557,-1.8102394342422485,-0.7545666098594666,0.0,-0.10661473125219345,-0.10661473125219345,0.1823025643825531,0.1823025643825531,0.1340460330247879,1.5536271333694458,-0.27751240134239197,0.0,0.0482565313577652,0.0482565313577652,-0.18628136813640594,-0.18628136813640594,-0.05675721541047096,-1.5656671524047852,-0.5567092895507812,0.0,-0.12952415272593498,-0.12952415272593498
314,10.466666666666667,14,0,0,,4,uneven rough,5,0.0,52.038394927978516,38.46520233154297,0.3224300742149353,1.8199427127838135,-0.3094426989555359,1.8199427127838135,-0.3094426989555359,7.339047908782959,2.2105815410614014,0.38285350799560547,-0.04194021224975586,0.0605616569519043,0.9099713563919067,-0.15472134947776794,0.2576456069946289,0.26142406463623047,0.5130062699317932,0.2084084451198578,0.3112896978855133,-0.26584458351135254,0.18035192787647247,0.18035192787647247,0.17572934925556183,0.5449308753013611,1.343889832496643,0.0,0.0046225786209106445,0.0046225786209106445,0.13071203231811523,0.13071203231811523,0.13375897705554962,0.4914383888244629,-1.0919020175933838,0.0,-0.003046944737434387,-0.003046944737434387,0.2565031349658966,0.2565031349658966,0.13767306506633759,-0.06905129551887512,-0.22396805882453918,0.0,0.11883006989955902,0.11883006989955902,0.1458859145641327,0.1458859145641327,0.127257838845253,0.7461341023445129,-1.3530505895614624,0.0,0.0186280757188797,0.0186280757188797,0.15564484894275665,0.15564484894275665,0.08692451566457748,1.8663479089736938,0.24088412523269653,0.0,0.06872033327817917,0.06872033327817917,-0.13292229175567627,-0.13292229175567627,-0.14984337985515594,0.9848554730415344,-1.2185494899749756,0.0,0.016921088099479675,0.016921088099479675
314,10.466666666666667,24,0,0,,4,uneven rough,7,0.0,67.27223205566406,36.35092544555664,0.4349633455276489,1.7148877382278442,0.16734746098518372,1.7148877382278442,0.16734746098518372,7.649924278259277,3.045191526412964,0.3333333432674408,-1.004105806350708,0.15032105147838593,0.8574438691139221,0.08367373049259186,0.5335219502449036,0.545440673828125,0.021366823464632034,-0.6233962774276733,0.6259618997573853,-0.7727458477020264,0.373465359210968,0.373465359210968,-0.08399640023708344,2.000001907348633,-0.9942028522491455,0.0,0.45746175944805145,0.45746175944805145,0.2727203369140625,0.2727203369140625,0.2846560776233673,-1.1187812089920044,0.6603108644485474,0.0,-0.01193574070930481,-0.01193574070930481,0.010683411732316017,0.010683411732316017,-0.015242640860378742,-0.4942358136177063,1.0965774059295654,0.0,0.02592605259269476,0.02592605259269476,-0.4363773763179779,-0.4363773763179779,-0.10739156603813171,-1.7273428440093994,-1.2589131593704224,0.0,-0.3289858102798462,-0.3289858102798462,0.3129809498786926,0.3129809498786926,0.15034374594688416,1.7531918287277222,-0.9888234734535217,0.0,0.16263720393180847,0.16263720393180847,-0.3863729238510132,-0.3863729238510132,-0.13815437257289886,-1.172109603881836,-0.6698529124259949,0.0,-0.24821855127811432,-0.24821855127811432
315,10.5,4,0,0,,4,uneven rough,5,0.0,52.396827697753906,37.726654052734375,0.33939623832702637,1.5894042253494263,0.7918270826339722,1.5894042253494263,0.7918270826339722,5.652761459350586,0.9270784258842468,0.3333333432674408,0.3433988690376282,0.14726388454437256,0.7947021126747131,0.3959135413169861,0.6384305953979492,0.10084310173988342,0.09681501984596252,-0.04826654866337776,0.39026400446891785,-0.4062206447124481,0.4469014108181,0.4469014108181,0.2817770838737488,1.8001869916915894,1.3410522937774658,0.0,0.1651243269443512,0.1651243269443512,0.05042155086994171,0.05042155086994171,0.05872190743684769,-0.6375780701637268,-0.6617820858955383,0.0,-0.008300356566905975,-0.008300356566905975,0.04840750992298126,0.04840750992298126,0.07474588602781296,-1.2998098134994507,1.2619740962982178,0.0,-0.026338376104831696,-0.026338376104831696,-0.0337865836918354,-0.0337865836918354,0.103669673204422,-1.3939769268035889,-1.3514459133148193,0.0,-0.1374562568962574,-0.1374562568962574,0.19513200223445892,0.19513200223445892,0.18403038382530212,1.275561809539795,0.7578171491622925,0.0,0.0111016184091568,0.0111016184091568,-0.20311032235622406,-0.20311032235622406,-0.11287426948547363,-0.5061393976211548,-1.1271759271621704,0.0,-0.09023605287075043,-0.09023605287075043
315,10.5,14,0,0,,4,uneven rough,5,0.0,51.99043273925781,38.449703216552734,0.32277190685272217,1.5972496271133423,1.0067520141601562,1.5972496271133423,1.0067520141601562,6.084067344665527,2.1127309799194336,0.3333333432674408,-0.20099171996116638,0.15497303009033203,0.7986248135566711,0.5033760070800781,0.5482778549194336,0.46336793899536133,-0.07526097446680069,0.542208194732666,0.6179050207138062,0.0464102141559124,0.38379448652267456,0.38379448652267456,0.23343700170516968,1.9851317405700684,0.8921569585800171,0.0,0.15035748481750488,0.15035748481750488,0.23168396949768066,0.23168396949768066,0.1982906460762024,1.9808712005615234,-0.1966785043478012,0.0,0.03339332342147827,0.03339332342147827,-0.037630487233400345,-0.037630487233400345,0.07389118522405624,-2.0000052452087402,-0.13637784123420715,0.0,-0.11152167245745659,-0.11152167245745659,0.3795457184314728,0.3795457184314728,0.1817164421081543,1.882512092590332,-0.16616782546043396,0.0,0.19782927632331848,0.19782927632331848,0.3089525103569031,0.3089525103569031,0.14923688769340515,1.3960148096084595,1.1599242687225342,0.0,0.15971562266349792,0.15971562266349792,0.0232051070779562,0.0232051070779562,-0.08657331019639969,1.794965147972107,0.027259649708867073,0.0,0.10977841727435589,0.10977841727435589
315,10.5,24,0,0,,4,uneven rough,7,0.0,67.33292388916016,36.3382568359375,0.43165701627731323,1.4427467584609985,-0.280904084444046,1.4427467584609985,-0.280904084444046,8.318831443786621,3.0995445251464844,0.3333333432674408,-0.820293128490448,0.08370904624462128,0.7213733792304993,-0.140452042222023,0.48609432578086853,0.6824330687522888,0.0213429294526577,-0.10776025801897049,0.32032620906829834,-0.24174410104751587,0.34026601910591125,0.34026601910591125,-0.025270720943808556,1.6295183897018433,0.6987258791923523,0.0,0.3655367400497198,0.3655367400497198,0.3412165343761444,0.3412165343761444,0.3044763505458832,1.1318140029907227,-0.3455909788608551,0.0,0.03674018383026123,0.03674018383026123,0.01067146472632885,0.01067146472632885,0.018126364797353745,0.5701889991760254,0.1971287578344345,0.0,-0.007454900071024895,-0.007454900071024895,-0.0754321813583374,-0.0754321813583374,-0.09871766716241837,1.1867419481277466,-1.5237641334533691,0.0,0.023285485804080963,0.023285485804080963,0.16016310453414917,0.16016310453414917,0.19040736556053162,-0.23631703853607178,0.5615168809890747,0.0,-0.030244261026382446,-0.030244261026382446,-0.12087205052375793,-0.12087205052375793,-0.13297432661056519,0.41292139887809753,-0.9538297057151794,0.0,0.012102276086807251,0.012102276086807251
316,10.533333333333333,4,0,0,,4,uneven rough,5,0.0,52.346160888671875,37.7098274230957,0.33195772767066956,1.672431230545044,0.6381030678749084,1.672431230545044,0.6381030678749084,6.918687343597412,0.8956255912780762,0.3333333432674408,0.6233859062194824,0.24023079872131348,0.836215615272522,0.3190515339374542,0.5084785223007202,0.22363053262233734,-0.06272374093532562,0.24444974958896637,0.4890914559364319,-0.22729505598545074,0.3559349477291107,0.3559349477291107,0.3286428451538086,1.1642634868621826,1.6006479263305664,0.0,0.027292102575302124,0.027292102575302124,0.11181526631116867,0.11181526631116867,0.11112368851900101,1.1296718120574951,-0.6480970978736877,0.0,0.0006915777921676636,0.0006915777921676636,-0.03136187046766281,-0.03136187046766281,0.010916572995483875,-1.9592829942703247,-0.1864631325006485,0.0,-0.04227844346314669,-0.04227844346314669,0.17111481726169586,0.17111481726169586,0.13219253718852997,1.9399923086166382,-1.375493049621582,0.0,0.038922280073165894,0.038922280073165894,0.24454572796821594,0.24454572796821594,0.23607505857944489,0.3609216809272766,1.050550937652588,0.0,0.008470669388771057,0.008470669388771057,-0.11364752799272537,-0.11364752799272537,-0.12014346569776535,0.6583957076072693,-0.77604079246521,0.0,0.006495937705039978,0.006495937705039978
316,10.533333333333333,14,0,0,,4,uneven rough,5,0.0,51.94792556762695,38.431312561035156,0.3253124952316284,1.7227065563201904,0.7832655310630798,1.7227065563201904,0.7832655310630798,8.684938430786133,2.565216541290283,0.1666666716337204,-0.24124640226364136,0.34428834915161133,0.8613532781600952,0.3916327655315399,-0.31576627492904663,0.6426894068717957,0.06777986884117126,0.6173927783966064,0.3182814121246338,0.27105987071990967,-0.2210363894701004,-0.2210363894701004,0.20333930850028992,-1.9992213249206543,1.5101268291473389,0.0,-0.4243756979703903,-0.4243756979703903,0.3213447034358978,0.3213447034358978,0.26506075263023376,2.000020980834961,1.0345120429992676,0.0,0.05628395080566406,0.05628395080566406,0.03388993442058563,0.03388993442058563,0.01995774544775486,-0.8764140605926514,-1.1900761127471924,0.0,0.013932188972830772,0.013932188972830772,0.432174950838089,0.432174950838089,0.25103017687797546,1.489577054977417,0.9921594858169556,0.0,0.18114477396011353,0.18114477396011353,0.1591407060623169,0.1591407060623169,0.17148634791374207,-0.06914076954126358,1.293410301208496,0.0,-0.012345641851425171,-0.012345641851425171,0.13552993535995483,0.13552993535995483,-0.0178360678255558,2.0599470138549805,1.0267235040664673,0.0,0.15336600318551064,0.15336600318551064
316,10.533333333333333,24,0,0,,4,uneven rough,7,0.0,67.39527130126953,36.33116149902344,0.4353843331336975,1.4248026609420776,0.47158271074295044,1.4248026609420776,0.47158271074295044,7.298736572265625,0.0,0.0,-0.9604908227920532,0.22912779450416565,0.7124013304710388,0.23579135537147522,-0.24175380170345306,0.7676290273666382,-0.25516214966773987,0.12304198741912842,0.3497319519519806,0.1697402149438858,-0.16922765970230103,-0.16922765970230103,-0.0761837512254715,-1.9741793870925903,1.224997639656067,0.0,-0.09304390847682953,-0.09304390847682953,0.3838145136833191,0.3838145136833191,0.36343368887901306,1.0799347162246704,0.4897364377975464,0.0,0.02038082480430603,0.02038082480430603,-0.12758107483386993,-0.12758107483386993,0.02188154309988022,0.3037114441394806,0.40805768966674805,0.0,-0.14946261793375015,-0.14946261793375015,0.08612938970327377,0.08612938970327377,-0.029260212555527687,1.9179431200027466,0.008760837838053703,0.0,0.11538960225880146,0.11538960225880146,0.1748659759759903,0.1748659759759903,0.20449958741664886,-0.6173695921897888,0.11042015254497528,0.0,-0.02963361144065857,-0.02963361144065857,0.0848701074719429,0.0848701074719429,-0.12814031541347504,0.05045946687459946,-0.18106618523597717,0.0,0.21301042288541794,0.21301042288541794
317,10.566666666666666,4,0,0,,4,uneven rough,5,0.0,52.298587799072266,37.694095611572266,0.3291313052177429,1.7602483034133911,1.2368671894073486,1.7602483034133911,1.2368671894073486,9.013042449951172,0.8849226236343384,0.1287159025669098,0.8989559412002563,0.37012267112731934,0.8801241517066956,0.6184335947036743,-0.32325756549835205,0.26866966485977173,0.24221265316009521,0.5044798851013184,0.296554833650589,0.1632973849773407,-0.22628028690814972,-0.22628028690814972,0.2875274419784546,-1.9945257902145386,1.3539153337478638,0.0,-0.5138077288866043,-0.5138077288866043,0.13433483242988586,0.13433483242988586,0.14108723402023315,2.0241997241973877,0.3570566177368164,0.0,-0.00675240159034729,-0.00675240159034729,0.12110632658004761,0.12110632658004761,0.05897410213947296,0.6190811395645142,-1.1888186931610107,0.0,0.062132224440574646,0.062132224440574646,0.3531359136104584,0.3531359136104584,0.2015068382024765,1.4887670278549194,0.4990883469581604,0.0,0.15162907540798187,0.15162907540798187,0.1482774168252945,0.1482774168252945,0.17732225358486176,-2.5643861293792725,0.6606333255767822,0.0,-0.02904483675956726,-0.02904483675956726,0.08164869248867035,0.08164869248867035,-0.0557498000562191,0.4910121262073517,0.03499217331409454,0.0,0.13739849254488945,0.13739849254488945
317,10.566666666666666,14,0,0,,4,uneven rough,5,0.0,51.91707992553711,38.411468505859375,0.32446515560150146,1.6761125326156616,0.597633957862854,1.6761125326156616,0.597633957862854,8.70085334777832,3.363779067993164,0.3333333432674408,-0.24178367853164673,0.11705063283443451,0.8380562663078308,0.298816978931427,0.07013650983572006,0.21977776288986206,-0.004456859547644854,0.34339818358421326,0.46575114130973816,0.10587640106678009,0.049095556139945984,0.049095556139945984,0.14041543006896973,-1.9055734872817993,-0.4740649163722992,0.0,-0.09131987392902374,-0.09131987392902374,0.10988888144493103,0.10988888144493103,0.22536873817443848,-0.4851498305797577,1.58041250705719,0.0,-0.11547985672950745,-0.11547985672950745,-0.002228429773822427,-0.002228429773822427,-0.010900426656007767,-0.1411668062210083,-1.0127310752868652,0.0,0.00867199688218534,0.00867199688218534,0.2403787225484848,0.2403787225484848,0.26778531074523926,-0.7064188718795776,1.2734003067016602,0.0,-0.027406588196754456,-0.027406588196754456,0.23287557065486908,0.23287557065486908,0.17932447791099548,0.795066773891449,0.5230215191841125,0.0,0.053551092743873596,0.053551092743873596,0.052938200533390045,0.052938200533390045,0.03279334306716919,1.8346220254898071,1.6109099388122559,0.0,0.020144857466220856,0.020144857466220856
317,10.566666666666666,24,0,0,,4,uneven rough,7,0.0,67.45365905761719,36.322479248046875,0.43104657530784607,1.6098179817199707,0.3081361949443817,1.6098179817199707,0.3081361949443817,7.503021240234375,4.654022693634033,0.3333333432674408,-0.8183709979057312,0.06591588258743286,0.8049089908599854,0.15406809747219086,0.09867913275957108,0.35006022453308105,-0.4061102867126465,0.0177012886852026,0.3887842297554016,0.23334647715091705,0.06907539069652557,0.06907539069652557,-0.04648812487721443,1.7044789791107178,-0.5838227868080139,0.0,0.11556351557374,0.11556351557374,0.17503011226654053,0.17503011226654053,0.30125489830970764,-1.9266530275344849,0.8234356045722961,0.0,-0.12622478604316711,-0.12622478604316711,-0.20305514335632324,-0.20305514335632324,0.004615272860974073,-0.5454493761062622,0.3490601181983948,0.0,-0.20767041621729732,-0.20767041621729732,0.012390902265906334,0.012390902265906334,-0.024722881615161896,0.1162438839673996,1.088215947151184,0.0,0.03711378388106823,0.03711378388106823,0.1943921148777008,0.1943921148777008,0.18263809382915497,1.1540106534957886,-0.30107346177101135,0.0,0.011754021048545837,0.011754021048545837,0.11667323857545853,0.11667323857545853,-0.09280594438314438,0.24332167208194733,-0.050161171704530716,0.0,0.2094791829586029,0.2094791829586029
318,10.6,4,0,0,,4,uneven rough,5,0.0,52.261409759521484,37.66740036010742,0.33532798290252686,1.8632259368896484,0.7452678084373474,1.8632259368896484,0.7452678084373474,9.549123764038086,1.7835010290145874,0.3333333432674408,0.8771213293075562,0.2496093213558197,0.9316129684448242,0.3726339042186737,-0.05711968243122101,0.10741057246923447,0.296690970659256,0.24385103583335876,0.25618380308151245,-0.12616249918937683,-0.03998377546668053,-0.03998377546668053,0.2375440001487732,-1.037394404411316,-0.5392992496490479,0.0,-0.2775277756154537,-0.2775277756154537,0.05370528623461723,0.05370528623461723,0.14378337562084198,0.719671368598938,1.2996623516082764,0.0,-0.09007808938622475,-0.09007808938622475,0.148345485329628,0.148345485329628,0.12243150174617767,1.894248366355896,-0.166628897190094,0.0,0.025913983583450317,0.025913983583450317,0.1706957221031189,0.1706957221031189,0.1870567500591278,-1.5800741910934448,1.0586544275283813,0.0,-0.01636102795600891,-0.01636102795600891,0.12809190154075623,0.12809190154075623,0.09654103964567184,-1.74692702293396,-1.1627984046936035,0.0,0.03155086189508438,0.03155086189508438,-0.06308124959468842,-0.06308124959468842,-0.013403925113379955,0.9585618376731873,0.29282668232917786,0.0,-0.04967732448130846,-0.04967732448130846
318,10.6,14,0,0,,4,uneven rough,5,0.0,51.88447189331055,38.38982391357422,0.3252444863319397,1.7009809017181396,0.32217898964881897,1.7009809017181396,0.32217898964881897,8.593711853027344,2.6058545112609863,0.3333333432674408,-0.1999143362045288,0.12985564768314362,0.8504904508590698,0.16108949482440948,0.5099833607673645,0.01744008995592594,0.30536767840385437,0.14285676181316376,0.4400017261505127,-0.17860250174999237,0.3569883406162262,0.3569883406162262,0.189073845744133,1.9794120788574219,-1.2834423780441284,0.0,0.1679144948720932,0.1679144948720932,0.00872004497796297,0.00872004497796297,0.18345122039318085,-1.3526577949523926,0.41253986954689026,0.0,-0.17473117541521788,-0.17473117541521788,0.15268383920192719,0.15268383920192719,0.0227627232670784,0.2661949098110199,-0.5199470520019531,0.0,0.12992111593484879,0.12992111593484879,0.09999973326921463,0.09999973326921463,0.197417750954628,-1.889655590057373,0.15400700271129608,0.0,-0.09741801768541336,-0.09741801768541336,0.22000086307525635,0.22000086307525635,0.2011837661266327,1.2403157949447632,0.676836371421814,0.0,0.018817096948623657,0.018817096948623657,-0.08930125087499619,-0.08930125087499619,-0.0018383585847914219,-0.5891518592834473,1.7373971939086914,0.0,-0.08746289229020476,-0.08746289229020476
318,10.6,24,0,0,,4,uneven rough,8,0.0,67.51666259765625,36.319583892822266,0.4167594015598297,1.7114182710647583,0.011121568270027637,1.7114182710647583,0.011121568270027637,8.976560592651367,6.6666669845581055,0.3333333432674408,-0.19197826087474823,0.10877683758735657,0.8557091355323792,0.005560784135013819,-0.25205108523368835,0.26346349716186523,-0.0676201656460762,-0.07933242619037628,0.464948445558548,0.1535530984401703,-0.17643575370311737,-0.17643575370311737,-0.08717604726552963,-1.9999451637268066,0.7099871635437012,0.0,-0.08925970643758774,-0.08925970643758774,0.13173174858093262,0.13173174858093262,0.2366943657398224,-2.0000064373016357,-0.731469452381134,0.0,-0.10496261715888977,-0.10496261715888977,-0.0338100828230381,-0.0338100828230381,-0.022821513935923576,-1.1520817279815674,-0.15669715404510498,0.0,-0.010988568887114525,-0.010988568887114525,-0.05553269758820534,-0.05553269758820534,-0.022992674261331558,-0.9979389905929565,0.5386611819267273,0.0,-0.03254002332687378,-0.03254002332687378,0.232474222779274,0.232474222779274,0.23259639739990234,1.2697874307632446,0.5216336846351624,0.0,-0.00012217462062835693,-0.00012217462062835693,0.07677654922008514,0.07677654922008514,-0.035101886838674545,2.0139565467834473,0.11577455699443817,0.0,0.11187843605875969,0.11187843605875969
319,10.633333333333333,4,0,0,,4,uneven rough,5,0.0,52.22755813598633,37.645023345947266,0.344876229763031,1.8148740530014038,0.6513537168502808,1.8148740530014038,0.6513537168502808,7.743056297302246,1.7105276584625244,0.5,0.5401009321212769,0.18386635184288025,0.9074370265007019,0.3256768584251404,0.4088534116744995,0.018905773758888245,0.23105314373970032,0.09603993594646454,0.08344370126724243,-0.2907829284667969,0.28619739413261414,0.28619739413261414,0.26985296607017517,1.4149565696716309,-0.8209231495857239,0.0,0.016344428062438965,0.016344428062438965,0.009452886879444122,0.009452886879444122,0.09414453059434891,-1.73322331905365,0.9717344045639038,0.0,-0.08469164371490479,-0.08469164371490479,0.11552657186985016,0.11552657186985016,0.129581481218338,-0.23472633957862854,0.9985948204994202,0.0,-0.014054909348487854,-0.014054909348487854,0.06722795218229294,0.06722795218229294,0.11725769937038422,-2.0377824306488037,-0.43328744173049927,0.0,-0.05002974718809128,-0.05002974718809128,0.041721850633621216,0.041721850633621216,0.011312470771372318,-1.9797669649124146,-1.4930658340454102,0.0,0.030409379862248898,0.030409379862248898,-0.14539146423339844,-0.14539146423339844,-0.018544021993875504,0.0490894615650177,0.6692345142364502,0.0,-0.12684744223952293,-0.12684744223952293
319,10.633333333333333,14,0,0,,4,uneven rough,5,0.0,51.85000991821289,38.3691520690918,0.3259121775627136,1.6624962091445923,-0.5188552737236023,1.6624962091445923,-0.5188552737236023,4.568343162536621,7.260921478271484,0.6666666865348816,-0.18316219747066498,0.02372129261493683,0.8312481045722961,-0.25942763686180115,0.3784613013267517,0.05579780787229538,0.45387211441993713,0.1613897979259491,0.5157801508903503,-0.1973109245300293,0.2649229168891907,0.2649229168891907,0.2558925151824951,1.8495886325836182,0.5613813996315002,0.0,0.009030401706695557,0.009030401706695557,0.02789890393614769,0.02789890393614769,0.11902595311403275,-1.9939239025115967,-0.5855060815811157,0.0,-0.09112704917788506,-0.09112704917788506,0.22693605720996857,0.22693605720996857,0.04989631101489067,1.2042535543441772,-0.07546098530292511,0.0,0.1770397461950779,0.1770397461950779,0.11297285556793213,0.11297285556793213,0.1341811716556549,-1.682753562927246,-1.00148344039917,0.0,-0.02120831608772278,-0.02120831608772278,0.25789007544517517,0.25789007544517517,0.25323349237442017,1.6825497150421143,0.9954286217689514,0.0,0.004656583070755005,0.004656583070755005,-0.09865546226501465,-0.09865546226501465,-0.035717952996492386,-0.3809117078781128,0.4219622015953064,0.0,-0.06293750926852226,-0.06293750926852226
319,10.633333333333333,24,0,0,,4,uneven rough,8,0.0,67.57744598388672,36.314449310302734,0.4147505462169647,1.9656262397766113,-0.09114743024110794,1.935918927192688,-0.09114743024110794,10.031776428222656,1.310295581817627,0.1666666716337204,0.1943114995956421,0.16123801469802856,0.9828131198883057,-0.04557371512055397,0.9083642959594727,0.36404553055763245,-0.3725530803203583,-0.4061116576194763,0.4131435453891754,-0.33515873551368713,0.6358550190925598,0.6358550190925598,-0.042986780405044556,1.928067922592163,-0.8222134113311768,0.0,0.6788417994976044,0.6788417994976044,0.18202276527881622,0.18202276527881622,0.19509118795394897,-0.18913625180721283,-1.4487025737762451,0.0,-0.013068422675132751,-0.013068422675132751,-0.18627654016017914,-0.18627654016017914,-0.07182138413190842,-1.2448041439056396,-0.7194893956184387,0.0,-0.11445515602827072,-0.11445515602827072,-0.28427815437316895,-0.28427815437316895,-0.08822915703058243,-1.7825078964233398,-0.330135315656662,0.0,-0.19604899734258652,-0.19604899734258652,0.2065717726945877,0.2065717726945877,0.19555877149105072,-1.319933533668518,0.9446411728858948,0.0,0.011013001203536987,0.011013001203536987,-0.16757936775684357,-0.16757936775684357,-0.03264591842889786,-0.5622379183769226,1.1890100240707397,0.0,-0.1349334493279457,-0.1349334493279457
320,10.666666666666666,4,0,0,,4,uneven rough,5,0.0,52.19816589355469,37.61991500854492,0.35030031204223633,1.7845923900604248,-0.36187687516212463,1.7845923900604248,-0.36187687516212463,7.586751461029053,3.849555730819702,0.3333333432674408,0.3754464089870453,0.11645245552062988,0.8922961950302124,-0.18093843758106232,-0.022359533235430717,0.08702659606933594,0.36544230580329895,0.14929309487342834,0.07316034287214279,-0.2334921509027481,-0.015651673078536987,-0.015651673078536987,0.21721985936164856,-1.9142072200775146,0.4432472288608551,0.0,-0.23287153244018555,-0.23287153244018555,0.04351329803466797,0.04351329803466797,0.0634288489818573,-1.3422605991363525,-0.557653546333313,0.0,-0.01991555094718933,-0.01991555094718933,0.18272115290164948,0.18272115290164948,0.14444683492183685,-0.17069725692272186,0.30127283930778503,0.0,0.03827431797981262,0.03827431797981262,0.10450516641139984,0.10450516641139984,0.11831090599298477,-0.10724879056215286,-1.3404717445373535,0.0,-0.01380573958158493,-0.01380573958158493,0.036580171436071396,0.036580171436071396,0.02936643734574318,1.1517285108566284,-1.7682476043701172,0.0,0.0072137340903282166,0.0072137340903282166,-0.11674607545137405,-0.11674607545137405,-0.02673199214041233,-0.7197520732879639,0.31860336661338806,0.0,-0.09001408331096172,-0.09001408331096172
320,10.666666666666666,14,0,0,,4,uneven rough,5,0.0,51.812076568603516,38.350189208984375,0.3259196877479553,1.4715029001235962,-0.27456140518188477,1.4715029001235962,-0.27456140518188477,2.569748640060425,1.2301535606384277,0.5,-0.08642488718032837,0.07325273752212524,0.7357514500617981,-0.13728070259094238,0.5691428184509277,0.2094794064760208,0.4502343237400055,0.18462803959846497,0.5585733652114868,-0.1742347627878189,0.3983999788761139,0.3983999788761139,0.32242467999458313,1.9699227809906006,1.289736032485962,0.0,0.07597529888153076,0.07597529888153076,0.1047397032380104,0.1047397032380104,0.0805501863360405,-0.7031810879707336,-1.3818280696868896,0.0,0.02418951690196991,0.02418951690196991,0.22511716187000275,0.22511716187000275,0.1072615459561348,0.7758597731590271,0.6480919122695923,0.0,0.11785561591386795,0.11785561591386795,0.12923961877822876,0.12923961877822876,0.10753272473812103,0.015472757630050182,-1.3866747617721558,0.0,0.021706894040107727,0.021706894040107727,0.2792866826057434,0.2792866826057434,0.30766791105270386,0.735053300857544,1.3839281797409058,0.0,-0.02838122844696045,-0.02838122844696045,-0.08711738139390945,-0.08711738139390945,-0.06790262460708618,-0.7860172986984253,-0.03198414668440819,0.0,-0.019214756786823273,-0.019214756786823273
320,10.666666666666666,24,0,0,,4,uneven rough,8,0.0,67.64038848876953,36.303260803222656,0.4233638048171997,1.951711893081665,-0.5104897022247314,1.9446274042129517,-0.5104897022247314,10.444305419921875,4.140653133392334,0.46589717268943787,0.4217309355735779,0.07153650373220444,0.9758559465408325,-0.2552448511123657,0.6455743908882141,0.455440491437912,-0.24735045433044434,-0.08602795749902725,0.26907795667648315,-0.31815236806869507,0.4519020617008209,0.4519020617008209,0.011499091051518917,1.6975984573364258,0.7328006029129028,0.0,0.440402970649302,0.440402970649302,0.227720245718956,0.227720245718956,0.22689634561538696,1.432677984237671,-0.7365415692329407,0.0,0.0008239001035690308,0.0008239001035690308,-0.12367522716522217,-0.12367522716522217,-0.11801820993423462,-0.5954527854919434,-1.0165033340454102,0.0,-0.005657017230987549,-0.005657017230987549,-0.060219570994377136,-0.060219570994377136,-0.08284562826156616,1.1814277172088623,-1.1513093709945679,0.0,0.022626057267189026,0.022626057267189026,0.13453897833824158,0.13453897833824158,0.1389806568622589,-1.544188141822815,-0.3357534408569336,0.0,-0.004441678524017334,-0.004441678524017334,-0.15907618403434753,-0.15907618403434753,-0.08182254433631897,-1.0611598491668701,0.1988513022661209,0.0,-0.07725363969802856,-0.07725363969802856
321,10.7,4,0,0,,4,uneven rough,5,0.0,52.16562271118164,37.60068893432617,0.352089524269104,1.4748847484588623,0.5193546414375305,1.4748847484588623,0.5193546414375305,6.497513771057129,3.5541837215423584,0.3333333432674408,0.3284704089164734,0.1248793825507164,0.7374423742294312,0.25967732071876526,0.7852553129196167,-0.03465527296066284,-0.2418355494737625,0.2936471998691559,0.41599681973457336,-0.022013895213603973,0.5496786832809448,0.5496786832809448,0.22696954011917114,0.9759975075721741,-0.8896617293357849,0.0,0.3227091431617737,0.3227091431617737,-0.055448438972234726,-0.055448438972234726,0.004885488655418158,-2.0003883838653564,-1.0012717247009277,0.0,-0.060333927627652884,-0.060333927627652884,-0.12091777473688126,-0.12091777473688126,0.09449531137943268,-1.4580817222595215,0.03442009538412094,0.0,-0.21541308611631393,-0.21541308611631393,0.20555303990840912,0.20555303990840912,0.14524146914482117,1.8047471046447754,-0.6432052850723267,0.0,0.06031157076358795,0.06031157076358795,0.20799840986728668,0.20799840986728668,0.061162397265434265,0.45827898383140564,-0.11728789657354355,0.0,0.14683601260185242,0.14683601260185242,-0.011006947606801987,-0.011006947606801987,-0.019341832026839256,0.2738613784313202,-0.2684846520423889,0.0,0.00833488442003727,0.00833488442003727
321,10.7,14,0,0,,4,uneven rough,5,0.0,51.776920318603516,38.3329963684082,0.3264867663383484,1.4471721649169922,0.05305586755275726,1.4471721649169922,0.05305586755275726,1.8696435689926147,2.1618049144744873,0.3333333432674408,0.035232655704021454,0.10963773727416992,0.7235860824584961,0.02652793377637863,0.2561929225921631,-0.04802846908569336,0.5085690021514893,0.5344484448432922,0.5559493899345398,-0.12480280548334122,0.17933504283428192,0.17933504283428192,0.27207452058792114,-2.0023210048675537,1.6743148565292358,0.0,-0.09273947775363922,-0.09273947775363922,-0.07684554904699326,-0.07684554904699326,0.017731450498104095,-1.7815715074539185,-0.9981198310852051,0.0,-0.09457699954509735,-0.09457699954509735,0.25428450107574463,0.25428450107574463,0.15200790762901306,0.35806170105934143,0.7203320860862732,0.0,0.10227659344673157,0.10227659344673157,0.37411391735076904,0.37411391735076904,0.17340148985385895,1.2633612155914307,-0.5938979983329773,0.0,0.2007124274969101,0.2007124274969101,0.2779746949672699,0.2779746949672699,0.28046274185180664,-1.1464552879333496,1.0170531272888184,0.0,-0.002488046884536743,-0.002488046884536743,-0.06240140274167061,-0.06240140274167061,-0.05919371172785759,0.40440794825553894,-0.4583158493041992,0.0,-0.003207691013813019,-0.003207691013813019
321,10.7,24,0,0,,4,uneven rough,8,0.0,67.70377349853516,36.28251266479492,0.42541933059692383,1.941664218902588,-0.4125228524208069,1.937972903251648,-0.4125228524208069,9.418620109558105,1.5586117506027222,0.5,0.6162959933280945,0.11850273609161377,0.970832109451294,-0.20626142621040344,0.28885313868522644,0.5254083871841431,0.12288825958967209,0.3853625953197479,0.23373569548130035,-0.28268614411354065,0.20219719409942627,0.20219719409942627,0.07720649987459183,1.1755934953689575,1.2782989740371704,0.0,0.12499069422483444,0.12499069422483444,0.26270419359207153,0.26270419359207153,0.2723243534564972,1.0039198398590088,0.48993903398513794,0.0,-0.00962015986442566,-0.00962015986442566,0.061444129794836044,0.061444129794836044,-0.06438838690519333,-2.000006914138794,-0.7784405946731567,0.0,0.12583251670002937,0.12583251670002937,0.2697538137435913,0.2697538137435913,-0.022096650674939156,1.7268010377883911,0.16762438416481018,0.0,0.29185046441853046,0.29185046441853046,0.11686784774065018,0.11686784774065018,0.10930358618497849,0.7679468393325806,-1.0190045833587646,0.0,0.007564261555671692,0.007564261555671692,-0.14134307205677032,-0.14134307205677032,-0.12753510475158691,0.21009401977062225,-0.5135612487792969,0.0,-0.01380796730518341,-0.01380796730518341
322,10.733333333333333,4,0,0,,4,uneven rough,5,0.0,52.134361267089844,37.57941818237305,0.362984299659729,1.4982901811599731,0.40486758947372437,1.4982901811599731,0.40486758947372437,7.900142669677734,5.184451103210449,0.3333333432674408,0.13868598639965057,0.1885298490524292,0.7491450905799866,0.20243379473686218,-0.16450253129005432,0.07514208555221558,0.4019067883491516,0.615430474281311,-0.0791340246796608,0.3141128718852997,-0.1151517704129219,-0.1151517704129219,0.17829850316047668,-1.5987576246261597,0.1651853322982788,0.0,-0.2934502735733986,-0.2934502735733986,0.03757104277610779,0.03757104277610779,0.01897840015590191,1.4543461799621582,-1.566174030303955,0.0,0.01859264262020588,0.01859264262020588,0.2009533941745758,0.2009533941745758,0.13738884031772614,0.8367013335227966,-0.8094431161880493,0.0,0.06356455385684967,0.06356455385684967,0.4308013319969177,0.4308013319969177,0.2151416540145874,1.7334386110305786,0.7408713698387146,0.0,0.21565967798233032,0.21565967798233032,-0.12661443650722504,-0.12661443650722504,0.03603770583868027,-1.3924914598464966,0.20813864469528198,0.0,-0.1626521423459053,-0.1626521423459053,0.15705643594264984,0.15705643594264984,0.046630166471004486,1.3396400213241577,0.03815876692533493,0.0,0.11042626947164536,0.11042626947164536
322,10.733333333333333,14,0,0,,4,uneven rough,5,0.0,51.739864349365234,38.31827926635742,0.3391217887401581,1.5470819473266602,-0.28047066926956177,1.5470819473266602,-0.28047066926956177,6.31864070892334,1.8519582748413086,0.4093136787414551,-0.006317824125289917,0.14334937930107117,0.7735409736633301,-0.14023533463478088,0.1484212875366211,0.16880156099796295,0.6276400685310364,0.4776041805744171,0.25681883096694946,0.12476181983947754,0.10389489680528641,0.10389489680528641,0.20710760354995728,-1.894283652305603,-0.40446165204048157,0.0,-0.10321270674467087,-0.10321270674467087,0.08440078049898148,0.08440078049898148,0.05143604055047035,1.9508934020996094,-1.441084861755371,0.0,0.032964739948511124,0.032964739948511124,0.3138200342655182,0.3138200342655182,0.20848935842514038,1.393862009048462,0.5155037641525269,0.0,0.10533067584037781,0.10533067584037781,0.3343229293823242,0.3343229293823242,0.2342195063829422,1.728468656539917,0.45619967579841614,0.0,0.10010342299938202,0.10010342299938202,0.12840941548347473,0.12840941548347473,0.2476276308298111,-1.2879880666732788,-0.20619839429855347,0.0,-0.11921821534633636,-0.11921821534633636,0.06238090991973877,0.06238090991973877,0.009285052306950092,2.007823944091797,0.02946973778307438,0.0,0.05309585761278868,0.05309585761278868
322,10.733333333333333,24,0,0,,4,uneven rough,8,0.0,67.76903533935547,36.266109466552734,0.42033588886260986,1.983605980873108,1.4364734888076782,1.9342325925827026,1.4364734888076782,8.365518569946289,1.4160293340682983,0.1666666716337204,0.756618857383728,0.3524817228317261,0.991802990436554,0.7182367444038391,-0.477372407913208,0.6637652516365051,-0.08937100321054459,0.6860789060592651,0.6602285504341125,0.7033443450927734,-0.3341606855392456,-0.3341606855392456,0.0401962473988533,-1.9977596998214722,1.220229148864746,0.0,-0.3743569329380989,-0.3743569329380989,0.33188262581825256,0.33188262581825256,0.32320648431777954,0.5268611907958984,0.7805446982383728,0.0,0.008676141500473022,0.008676141500473022,-0.04468550160527229,-0.04468550160527229,-0.039440833032131195,0.18684586882591248,-1.469116449356079,0.0,-0.005244668573141098,-0.005244668573141098,0.48025521636009216,0.48025521636009216,0.04948550462722778,1.8677438497543335,1.0491856336593628,0.0,0.4307697117328644,0.4307697117328644,0.3301142752170563,0.3301142752170563,0.18008436262607574,2.0087804794311523,-0.008659044280648232,0.0,0.15002991259098053,0.15002991259098053,0.3516721725463867,0.3516721725463867,-0.06254279613494873,2.0468075275421143,-0.10440526157617569,0.0,0.41421496868133545,0.41421496868133545
323,10.766666666666666,4,0,0,,4,uneven rough,5,0.0,52.1082878112793,37.544044494628906,0.36355289816856384,1.4061782360076904,0.9418922066688538,1.4061782360076904,0.9418922066688538,7.201560974121094,1.0884993076324463,0.1666666716337204,-0.052945494651794434,0.12199877202510834,0.7030891180038452,0.4709461033344269,-0.056763652712106705,0.331224262714386,-0.1246379166841507,0.18918564915657043,0.1420566290616989,-0.13759900629520416,-0.03973455727100372,-0.03973455727100372,0.12188316136598587,-1.4664660692214966,-0.8321511745452881,0.0,-0.1616177186369896,-0.1616177186369896,0.165612131357193,0.165612131357193,0.0855841189622879,1.925546646118164,0.1416335105895996,0.0,0.08002801239490509,0.08002801239490509,-0.06231895834207535,-0.06231895834207535,0.07223793119192123,-0.7697374224662781,0.12128990143537521,0.0,-0.13455688953399658,-0.13455688953399658,0.13242995738983154,0.13242995738983154,0.20510177314281464,-1.6901756525039673,1.3020706176757812,0.0,-0.0726718157529831,-0.0726718157529831,0.07102831453084946,0.07102831453084946,0.06250210106372833,1.254744291305542,-0.6968604922294617,0.0,0.008526213467121124,0.008526213467121124,-0.06879950314760208,-0.06879950314760208,-0.002207387238740921,0.31782495975494385,0.7740185856819153,0.0,-0.06659211590886116,-0.06659211590886116
323,10.766666666666666,14,0,0,,4,uneven rough,5,0.0,51.705814361572266,38.30134963989258,0.3458457887172699,1.0121787786483765,-0.469463974237442,1.0121787786483765,-0.469463974237442,6.846808910369873,1.03780996799469,0.3333333432674408,0.16701269149780273,0.2874835133552551,0.5060893893241882,-0.234731987118721,-0.36800870299339294,0.48706233501434326,0.26128140091896057,0.5675445199012756,0.48160210251808167,-0.03956983610987663,-0.2576060891151428,-0.2576060891151428,0.14190146327018738,-1.9999573230743408,-1.246809720993042,0.0,-0.3995075523853302,-0.3995075523853302,0.24353116750717163,0.24353116750717163,0.11792246252298355,2.0000007152557373,0.47674575448036194,0.0,0.12560870498418808,0.12560870498418808,0.13064070045948029,0.13064070045948029,0.14948265254497528,-1.9205677509307861,1.0121290683746338,0.0,-0.018841952085494995,-0.018841952085494995,0.3972811698913574,0.3972811698913574,0.3009435534477234,1.9782687425613403,1.1755428314208984,0.0,0.09633761644363403,0.09633761644363403,0.24080105125904083,0.24080105125904083,0.22638140618801117,0.4157510995864868,-0.8178442120552063,0.0,0.014419645071029663,0.014419645071029663,-0.019784918054938316,-0.019784918054938316,-0.01204383373260498,-0.9620985984802246,1.1480348110198975,0.0,-0.007741084322333336,-0.007741084322333336
323,10.766666666666666,24,0,0,,4,uneven rough,8,0.0,67.83013153076172,36.2602424621582,0.41281217336654663,1.9561070203781128,0.28524884581565857,1.92478609085083,0.28524884581565857,10.153341293334961,0.2765556573867798,0.5,0.8090410232543945,0.013342580758035183,0.9780535101890564,0.14262442290782928,0.5733077526092529,0.2287142276763916,-0.6989161372184753,-0.10179087519645691,0.4630163908004761,0.1400764137506485,0.4013154208660126,0.4013154208660126,0.09689313918352127,1.2246540784835815,-0.5992275476455688,0.0,0.3044222816824913,0.3044222816824913,0.1143571138381958,0.1143571138381958,0.26884254813194275,-0.8632410764694214,0.6371116042137146,0.0,-0.15448543429374695,-0.15448543429374695,-0.34945806860923767,-0.34945806860923767,-0.07035809755325317,-0.6825037598609924,-0.5328323841094971,0.0,-0.2790999710559845,-0.2790999710559845,-0.07125361263751984,-0.07125361263751984,-0.01196202915161848,-1.8970279693603516,1.5119999647140503,0.0,-0.059291583485901356,-0.059291583485901356,0.23150819540023804,0.23150819540023804,0.20649082958698273,0.3842449486255646,1.1320048570632935,0.0,0.02501736581325531,0.02501736581325531,0.07003820687532425,0.07003820687532425,0.0017050837632268667,1.813405990600586,1.1118942499160767,0.0,0.06833312311209738,0.06833312311209738
324,10.8,4,0,0,,4,uneven rough,5,0.0,52.07450866699219,37.515174865722656,0.3593243658542633,1.5912432670593262,0.9178135991096497,1.5912432670593262,0.9178135991096497,6.540377616882324,2.965541362762451,0.3333333432674408,-0.2310725748538971,0.16263709962368011,0.7956216335296631,0.45890679955482483,0.6642628908157349,-0.09663183987140656,-0.3874846398830414,-0.03986246883869171,0.44174665212631226,-0.43037354946136475,0.4649840295314789,0.4649840295314789,0.16322700679302216,1.8436100482940674,-1.1907939910888672,0.0,0.3017570227384567,0.3017570227384567,-0.15461094677448273,-0.15461094677448273,0.08223874121904373,-0.04832661151885986,1.1502611637115479,0.0,-0.23684968799352646,-0.23684968799352646,-0.1937423199415207,-0.1937423199415207,0.030393604189157486,-1.2888298034667969,-0.38249853253364563,0.0,-0.22413592413067818,-0.22413592413067818,-0.027903728187084198,-0.027903728187084198,0.13787782192230225,-2.0027010440826416,-0.38975077867507935,0.0,-0.16578155010938644,-0.16578155010938644,0.22087332606315613,0.22087332606315613,0.09895201027393341,1.7279552221298218,0.4065803289413452,0.0,0.12192131578922272,0.12192131578922272,-0.21518677473068237,-0.21518677473068237,-0.01400772575289011,-0.5489873290061951,0.5160859227180481,0.0,-0.20117904897779226,-0.20117904897779226
324,10.8,14,0,0,,4,uneven rough,5,0.0,51.66920852661133,38.29132080078125,0.3333893120288849,0.8756548166275024,0.303270161151886,0.8756548166275024,0.303270161151886,4.382106781005859,0.0,0.0,-0.03715651482343674,0.3155500888824463,0.4378274083137512,0.151635080575943,0.3474346101284027,0.12186488509178162,-0.1086796447634697,0.49899822473526,0.3872291147708893,0.04575449228286743,0.24320422112941742,0.24320422112941742,0.17610053718090057,2.0000007152557373,-1.6726408004760742,0.0,0.06710368394851685,0.06710368394851685,0.06093244254589081,0.06093244254589081,0.0642070323228836,-1.3691415786743164,1.3379968404769897,0.0,-0.003274589776992798,-0.003274589776992798,-0.05433982238173485,-0.05433982238173485,0.08627578616142273,-1.664241075515747,-0.6460229754447937,0.0,-0.14061560854315758,-0.14061560854315758,0.34929874539375305,0.34929874539375305,0.32528766989707947,1.0179452896118164,1.6294054985046387,0.0,0.024011075496673584,0.024011075496673584,0.19361455738544464,0.19361455738544464,0.187113419175148,0.5708363056182861,-0.12036722898483276,0.0,0.006501138210296631,0.006501138210296631,0.022877246141433716,0.022877246141433716,-0.0075362795032560825,-0.4063394367694855,-0.04503839090466499,0.0,0.0304135256446898,0.0304135256446898
324,10.8,24,0,0,,4,uneven rough,8,0.0,67.88986206054688,36.25428009033203,0.41436123847961426,1.9582178592681885,0.9363893866539001,1.934727668762207,0.9363893866539001,8.780828475952148,1.190567135810852,0.3333333432674408,0.556037425994873,0.09451109170913696,0.9791089296340942,0.4681946933269501,0.779873251914978,-0.017290357500314713,-0.36579176783561707,-0.04598236456513405,0.479684978723526,-0.18620643019676208,0.5459112524986267,0.5459112524986267,0.1568300575017929,1.4923924207687378,0.4319984018802643,0.0,0.3890811949968338,0.3890811949968338,-0.02766457200050354,-0.02766457200050354,0.21807053685188293,-1.2762196063995361,-0.21119049191474915,0.0,-0.24573510885238647,-0.24573510885238647,-0.18289588391780853,-0.18289588391780853,-0.12614423036575317,-1.970791220664978,-0.61745685338974,0.0,-0.05675165355205536,-0.05675165355205536,-0.032187655568122864,-0.032187655568122864,-0.05445513501763344,-0.3180996775627136,-0.41547054052352905,0.0,0.022267479449510574,0.022267479449510574,0.239842489361763,0.239842489361763,0.21726907789707184,0.9524043798446655,0.7092200517654419,0.0,0.022573411464691162,0.022573411464691162,-0.09310321509838104,-0.09310321509838104,0.0025566022377461195,-0.7678693532943726,1.5085302591323853,0.0,-0.09565981733612716,-0.09565981733612716
325,10.833333333333334,4,0,0,,4,uneven rough,5,0.0,52.03841781616211,37.48826599121094,0.3533080220222473,1.8013660907745361,0.21734008193016052,1.8013660907745361,0.21734008193016052,7.180712699890137,4.201326370239258,0.3333333432674408,-0.6093003153800964,0.03169194608926773,0.9006830453872681,0.10867004096508026,0.3619711995124817,-0.09005185961723328,-0.06206674873828888,0.08105471730232239,0.23184068500995636,-0.4270605742931366,0.25337982177734375,0.25337982177734375,0.22935700416564941,1.9968419075012207,0.5248635411262512,0.0,0.024022817611694336,0.024022817611694336,-0.14408297836780548,-0.14408297836780548,0.02504326030611992,-1.2522435188293457,0.4725774824619293,0.0,-0.1691262386739254,-0.1691262386739254,-0.03103337436914444,-0.03103337436914444,-0.022719882428646088,-1.0129767656326294,-0.8949398398399353,0.0,-0.008313491940498352,-0.008313491940498352,0.05673830211162567,0.05673830211162567,0.07831689715385437,-1.6339216232299805,-1.3017157316207886,0.0,-0.0215785950422287,-0.0215785950422287,0.11592034250497818,0.11592034250497818,0.09932033717632294,0.38393938541412354,1.1536880731582642,0.0,0.016600005328655243,0.016600005328655243,-0.2135302871465683,-0.2135302871465683,-0.03596539795398712,-0.3691403269767761,-0.08610840886831284,0.0,-0.17756488919258118,-0.17756488919258118
325,10.833333333333334,14,0,0,,4,uneven rough,5,0.0,51.63538360595703,38.27722930908203,0.32940396666526794,1.6847660541534424,0.49638617038726807,1.6847660541534424,0.49638617038726807,7.85725736618042,3.2812228202819824,0.1666666716337204,0.08116026967763901,0.34658536314964294,0.8423830270767212,0.24819308519363403,-0.47811925411224365,0.2071351408958435,0.5471447110176086,0.4757642447948456,0.11745017766952515,-0.26864126324653625,-0.33468347787857056,-0.33468347787857056,0.15657569468021393,-0.7634821534156799,0.403877317905426,0.0,-0.4912591725587845,-0.4912591725587845,0.10356757044792175,0.10356757044792175,0.06115516647696495,0.9862073659896851,-0.1926240473985672,0.0,0.0424124039709568,0.0424124039709568,0.2735723555088043,0.2735723555088043,0.09477506577968597,-1.4805214405059814,-1.221725344657898,0.0,0.17879728972911835,0.17879728972911835,0.3330349624156952,0.3330349624156952,0.37774795293807983,0.718422532081604,1.2836848497390747,0.0,-0.044712990522384644,-0.044712990522384644,0.05872508883476257,0.05872508883476257,0.14979158341884613,-1.4825900793075562,0.2704404890537262,0.0,-0.09106649458408356,-0.09106649458408356,-0.13432063162326813,-0.13432063162326813,-0.038541387766599655,-1.6772719621658325,-0.24931864440441132,0.0,-0.09577924385666847,-0.09577924385666847
325,10.833333333333334,24,0,0,,4,uneven rough,8,0.0,67.94723510742188,36.23979949951172,0.4141181707382202,1.9515198469161987,0.5996955633163452,1.9218480587005615,0.5996955633163452,9.93223762512207,1.5824207067489624,0.3333333432674408,0.3582402467727661,0.06605299562215805,0.9757599234580994,0.2998477816581726,0.625770092010498,-0.2689979076385498,0.012266873382031918,0.3698180317878723,0.5305057764053345,-0.16517116129398346,0.43803906440734863,0.43803906440734863,0.22326014935970306,1.4991358518600464,1.0315470695495605,0.0,0.21477891504764557,0.21477891504764557,-0.4303966462612152,-0.4303966462612152,0.1654997318983078,-1.394315242767334,-0.8133598566055298,0.0,-0.595896378159523,-0.595896378159523,0.006133436691015959,0.006133436691015959,-0.0793643519282341,2.0153846740722656,-1.3826345205307007,0.0,0.08549778861925006,0.08549778861925006,0.2588726282119751,0.2588726282119751,-0.0047256601974368095,2.006800651550293,-0.36041688919067383,0.0,0.2635982884094119,0.2635982884094119,0.26525288820266724,0.26525288820266724,0.2577623724937439,0.45406436920166016,0.8467168807983398,0.0,0.00749051570892334,0.00749051570892334,-0.08258558064699173,-0.08258558064699173,-0.044628262519836426,-1.5297906398773193,0.2214498370885849,0.0,-0.037957318127155304,-0.037957318127155304
326,10.866666666666667,4,0,0,,4,uneven rough,5,0.0,52.000205993652344,37.461334228515625,0.34152671694755554,1.6574153900146484,0.1472521722316742,1.6574153900146484,0.1472521722316742,7.426639556884766,3.798002243041992,0.3333333432674408,-0.7679285407066345,0.04590253159403801,0.8287076950073242,0.0736260861158371,0.2647857069969177,-0.09865310788154602,0.4827612340450287,0.24153785407543182,0.3394727408885956,-0.29948893189430237,0.1853499859571457,0.1853499859571457,0.18859173357486725,-1.1376351118087769,1.357122778892517,0.0,-0.0032417476177215576,-0.0032417476177215576,-0.15784497559070587,-0.15784497559070587,-0.03077434003353119,-1.3152998685836792,-0.5026394128799438,0.0,-0.12707063555717468,-0.12707063555717468,0.24138061702251434,0.24138061702251434,0.014261491596698761,-0.22940920293331146,-0.961678147315979,0.0,0.22711912542581558,0.22711912542581558,0.16907650232315063,0.16907650232315063,0.13598495721817017,1.8210862874984741,-1.489545464515686,0.0,0.03309154510498047,0.03309154510498047,0.1697363704442978,0.1697363704442978,0.14503419399261475,1.754897117614746,0.7184707522392273,0.0,0.024702176451683044,0.024702176451683044,-0.14974446594715118,-0.14974446594715118,-0.05999458581209183,-1.1712448596954346,-0.2461351603269577,0.0,-0.08974988013505936,-0.08974988013505936
326,10.866666666666667,14,0,0,,4,uneven rough,5,0.0,51.60822677612305,38.245235443115234,0.3403686583042145,1.4744315147399902,0.6867490410804749,1.4744315147399902,0.6867490410804749,5.599560737609863,1.9655579328536987,0.3333333432674408,0.035391487181186676,0.15772119164466858,0.7372157573699951,0.3433745205402374,-0.0730312317609787,0.38297635316848755,0.2115495204925537,0.12766709923744202,0.19840405881404877,-0.37367740273475647,-0.05112186074256897,-0.05112186074256897,0.10242198407649994,-1.8360999822616577,-0.2561498284339905,0.0,-0.1535438448190689,-0.1535438448190689,0.19148817658424377,0.19148817658424377,0.12633638083934784,1.987549901008606,0.4738893508911133,0.0,0.06515179574489594,0.06515179574489594,0.10577476024627686,0.10577476024627686,0.04967287927865982,-1.100037693977356,-1.368049144744873,0.0,0.056101880967617035,0.056101880967617035,0.08936696499586105,0.08936696499586105,0.3462607264518738,-1.756669521331787,0.9640845060348511,0.0,-0.2568937614560127,-0.2568937614560127,0.09920202940702438,0.09920202940702438,0.1347212940454483,-0.2944544553756714,-0.7207261323928833,0.0,-0.03551926463842392,-0.03551926463842392,-0.18683870136737823,-0.18683870136737823,-0.0948546752333641,-1.4499692916870117,-1.0566860437393188,0.0,-0.09198402613401413,-0.09198402613401413
326,10.866666666666667,24,0,0,,4,uneven rough,8,0.0,68.00340270996094,36.23065185546875,0.4161844253540039,1.9624582529067993,0.9593071937561035,1.9354476928710938,0.9593071937561035,10.099510192871094,1.7183722257614136,0.1666666716337204,0.35074561834335327,0.14875169098377228,0.9812291264533997,0.47965359687805176,0.2194928228855133,-0.18052886426448822,0.08716733008623123,0.35586103796958923,0.3523995280265808,0.3417649567127228,0.15364497900009155,0.15364497900009155,0.1886308789253235,-1.9695055484771729,1.2959226369857788,0.0,-0.034985899925231934,-0.034985899925231934,-0.2888461947441101,-0.2888461947441101,0.09970758855342865,-1.2472561597824097,-1.1418330669403076,0.0,-0.38855378329753876,-0.38855378329753876,0.043583665043115616,0.043583665043115616,-0.014318054541945457,0.950210690498352,0.538611650466919,0.0,0.05790171958506107,0.05790171958506107,0.24910272657871246,0.24910272657871246,0.06574266403913498,1.9878374338150024,0.9780121445655823,0.0,0.18336006253957748,0.18336006253957748,0.1761997640132904,0.1761997640132904,0.2001466304063797,-1.9808582067489624,0.6247104406356812,0.0,-0.023946866393089294,-0.023946866393089294,0.1708824783563614,0.1708824783563614,0.011384894140064716,0.7527617812156677,-0.7687046527862549,0.0,0.15949758421629667,0.15949758421629667
327,10.9,4,0,0,,4,uneven rough,5,0.0,51.9521484375,37.43507385253906,0.3403865694999695,1.6402673721313477,0.920637309551239,1.6402673721313477,0.920637309551239,6.860125541687012,4.1196980476379395,0.5778934955596924,-0.939885139465332,0.10041799396276474,0.8201336860656738,0.4603186547756195,0.5834974050521851,0.21224327385425568,0.12755542993545532,0.30911368131637573,0.3281678259372711,0.3707185983657837,0.408448189496994,0.408448189496994,0.2360735833644867,1.9729673862457275,-0.05341783165931702,0.0,0.17237460613250732,0.17237460613250732,0.10612163692712784,0.10612163692712784,0.014587988145649433,1.6151413917541504,-0.9621191024780273,0.0,0.0915336487814784,0.0915336487814784,0.06377771496772766,0.06377771496772766,0.03881391882896423,1.0741885900497437,-0.5476519465446472,0.0,0.024963796138763428,0.024963796138763428,0.2163795679807663,0.2163795679807663,0.1831243932247162,2.0000014305114746,0.38229167461395264,0.0,0.03325517475605011,0.03325517475605011,0.16408391296863556,0.16408391296863556,0.20459657907485962,0.09234951436519623,1.304468035697937,0.0,-0.04051266610622406,-0.04051266610622406,0.18535929918289185,0.18535929918289185,-0.0006002283771522343,1.9999998807907104,-0.7691938281059265,0.0,0.18595952756004408,0.18595952756004408
327,10.9,14,0,0,,4,uneven rough,5,0.0,51.578758239746094,38.21845626831055,0.3384246230125427,1.566965103149414,0.2922855615615845,1.566965103149414,0.2922855615615845,4.035086631774902,0.5490891933441162,0.3333333432674408,-0.004693915601819754,0.19833438098430634,0.783482551574707,0.14614278078079224,0.6103902459144592,-0.03702346235513687,0.26559656858444214,-0.09990622103214264,0.2561474144458771,-0.770628809928894,0.427273154258728,0.427273154258728,0.13764409720897675,1.9609867334365845,-1.14945650100708,0.0,0.2896290570497513,0.2896290570497513,-0.059237539768218994,-0.059237539768218994,0.06997770816087723,-1.967381238937378,1.3297157287597656,0.0,-0.12921524792909622,-0.12921524792909622,0.13279828429222107,0.13279828429222107,0.07543137669563293,1.4520777463912964,-1.2165149450302124,0.0,0.057366907596588135,0.057366907596588135,-0.06993435323238373,-0.06993435323238373,0.2755891680717468,-1.9326976537704468,-0.5742347240447998,0.0,-0.34552352130413055,-0.34552352130413055,0.12807370722293854,0.12807370722293854,0.12252718210220337,1.084124207496643,-0.4797113537788391,0.0,0.0055465251207351685,0.0055465251207351685,-0.385314404964447,-0.385314404964447,-0.10614610463380814,-0.23130619525909424,-1.279049038887024,0.0,-0.2791683003306389,-0.2791683003306389
327,10.9,24,0,0,,4,uneven rough,8,0.0,68.06085968017578,36.224334716796875,0.41283202171325684,1.9286773204803467,0.8925871849060059,1.9210283756256104,0.8925871849060059,10.162353515625,1.360595464706421,0.1666666716337204,0.28564655780792236,0.09465166181325912,0.9643386602401733,0.44629359245300293,0.29941487312316895,0.10716497153043747,0.1481369137763977,0.5541232228279114,0.1714867502450943,0.26432862877845764,0.20959040522575378,0.20959040522575378,0.1784554123878479,0.5715711712837219,-0.5503563284873962,0.0,0.031134992837905884,0.031134992837905884,0.053582485765218735,0.053582485765218735,0.05492030829191208,-1.1411197185516357,-1.2014394998550415,0.0,-0.0013378225266933441,-0.0013378225266933441,0.07406845688819885,0.07406845688819885,0.04260401800274849,-1.072554588317871,0.7713304758071899,0.0,0.03146443888545036,0.03146443888545036,0.38788625597953796,0.38788625597953796,0.11629960685968399,1.4498364925384521,1.5489691495895386,0.0,0.271586649119854,0.271586649119854,0.08574337512254715,0.08574337512254715,0.13136731088161469,-1.6420584917068481,-0.8484827280044556,0.0,-0.045623935759067535,-0.045623935759067535,0.13216431438922882,0.13216431438922882,0.07700816541910172,1.9999752044677734,0.09153520315885544,0.0,0.055156148970127106,0.055156148970127106
328,10.933333333333334,4,0,0,,4,uneven rough,5,0.0,51.90608596801758,37.40492248535156,0.348349928855896,1.5045092105865479,0.5651707053184509,1.5045092105865479,0.5651707053184509,7.6718573570251465,0.0,0.0,-0.8797894716262817,0.32433050870895386,0.7522546052932739,0.28258535265922546,-0.5728434324264526,0.45447561144828796,0.26894140243530273,0.5436578989028931,0.09273893386125565,0.15237325429916382,-0.40099039673805237,-0.40099039673805237,0.21852843463420868,-1.493278980255127,1.092303991317749,0.0,-0.619518831372261,-0.619518831372261,0.22723780572414398,0.22723780572414398,0.07218334823846817,1.7738157510757446,0.49506860971450806,0.0,0.1550544574856758,0.1550544574856758,0.13447070121765137,0.13447070121765137,0.09446527808904648,1.9255692958831787,0.36933958530426025,0.0,0.04000542312860489,0.04000542312860489,0.3805605173110962,0.3805605173110962,0.254839688539505,1.9761322736740112,1.296947717666626,0.0,0.1257208287715912,0.1257208287715912,0.04636946693062782,0.04636946693062782,0.15357919037342072,-1.928853988647461,0.6191340088844299,0.0,-0.10720972344279289,-0.10720972344279289,0.07618662714958191,0.07618662714958191,0.06677822023630142,2.0001275539398193,0.7965132594108582,0.0,0.009408406913280487,0.009408406913280487
328,10.933333333333334,14,0,0,,4,uneven rough,5,0.0,51.54373550415039,38.19306945800781,0.3398849070072174,1.5513429641723633,-0.3983210623264313,1.5513429641723633,-0.3983210623264313,2.808750629425049,2.073042869567871,0.3333333432674408,0.19128847122192383,0.12115757167339325,0.7756714820861816,-0.19916053116321564,0.6152278184890747,0.31656792759895325,0.2655072510242462,-0.03467114269733429,0.5231884717941284,-0.5803941488265991,0.4306594729423523,0.4306594729423523,0.1990254521369934,1.8154228925704956,0.6091936826705933,0.0,0.2316340208053589,0.2316340208053589,0.15828396379947662,0.15828396379947662,0.1311313807964325,1.9054347276687622,-0.5344688296318054,0.0,0.02715258300304413,0.02715258300304413,0.1327536255121231,0.1327536255121231,0.10655546933412552,0.9993796348571777,0.2923121452331543,0.0,0.02619815617799759,0.02619815617799759,-0.024269798770546913,-0.024269798770546913,0.21636532247066498,-1.7972614765167236,-1.3423120975494385,0.0,-0.2406351212412119,-0.2406351212412119,0.2615942358970642,0.2615942358970642,0.19610975682735443,2.0001416206359863,0.4044840633869171,0.0,0.06548447906970978,0.06548447906970978,-0.29019707441329956,-0.29019707441329956,-0.13738183677196503,-0.7791628241539001,-0.6866533756256104,0.0,-0.15281523764133453,-0.15281523764133453
328,10.933333333333334,24,0,0,,4,uneven rough,8,0.0,68.1231689453125,36.21958541870117,0.4132038652896881,1.9248498678207397,1.3123677968978882,1.9218368530273438,1.3123677968978882,8.354290008544922,2.767836093902588,0.1666666716337204,0.04964996501803398,0.2016831338405609,0.9624249339103699,0.6561838984489441,-0.3970068097114563,0.3616572916507721,0.46059563755989075,0.6560752391815186,0.5450764894485474,0.3369261920452118,-0.277904748916626,-0.277904748916626,0.12274088710546494,-1.9959901571273804,0.08398348838090897,0.0,-0.4006456360220909,-0.4006456360220909,0.18082864582538605,0.18082864582538605,0.12199657410383224,1.9618337154388428,-1.1673345565795898,0.0,0.0588320717215538,0.0588320717215538,0.23029781877994537,0.23029781877994537,0.08324185013771057,1.6862616539001465,-0.27120542526245117,0.0,0.1470559686422348,0.1470559686422348,0.45925265550613403,0.45925265550613403,0.17829059064388275,1.5564484596252441,1.4929193258285522,0.0,0.2809620648622513,0.2809620648622513,0.2725382447242737,0.2725382447242737,0.19551493227481842,1.8116049766540527,-1.297171950340271,0.0,0.07702331244945526,0.07702331244945526,0.1684630960226059,0.1684630960226059,0.08420774340629578,1.116766095161438,1.1705706119537354,0.0,0.08425535261631012,0.08425535261631012
329,10.966666666666667,4,0,0,,4,uneven rough,5,0.0,51.87010192871094,37.361534118652344,0.3507601022720337,1.3752858638763428,1.042309284210205,1.3752858638763428,1.042309284210205,6.353648662567139,1.6547613143920898,0.1666666716337204,-0.8681901693344116,0.1688230335712433,0.6876429319381714,0.5211546421051025,-0.014603768475353718,0.4172734320163727,0.1111585944890976,0.18747423589229584,-0.11227336525917053,-0.20877793431282043,-0.01022263802587986,-0.01022263802587986,0.15466532111167908,-1.7037867307662964,-0.36958926916122437,0.0,-0.16488795913755894,-0.16488795913755894,0.20863671600818634,0.20863671600818634,0.1384924352169037,2.0034236907958984,1.2180745601654053,0.0,0.07014428079128265,0.07014428079128265,0.0555792972445488,0.0555792972445488,0.04688384756445885,0.5427541732788086,1.249234676361084,0.0,0.00869544968008995,0.00869544968008995,0.13123196363449097,0.13123196363449097,0.25466376543045044,-2.0079259872436523,1.6809598207473755,0.0,-0.12343180179595947,-0.12343180179595947,-0.1796373873949051,-0.1796373873949051,0.10379618406295776,-0.7376461029052734,-0.8215029835700989,0.0,-0.28343357145786285,-0.28343357145786285,-0.10438896715641022,-0.10438896715641022,0.039323072880506516,-1.2331202030181885,1.4770389795303345,0.0,-0.14371204003691673,-0.14371204003691673
329,10.966666666666667,14,0,0,,4,uneven rough,5,0.0,51.5101318359375,38.17025375366211,0.34493887424468994,1.2219518423080444,0.571209728717804,1.2219518423080444,0.571209728717804,1.6479849815368652,2.3575098514556885,0.5,0.28516969084739685,0.12214809656143188,0.6109759211540222,0.285604864358902,0.5447229146957397,0.368152916431427,0.15436981618404388,0.16868741810321808,0.5923547744750977,-0.45666781067848206,0.3813060224056244,0.3813060224056244,0.26495814323425293,1.784279704093933,1.2911977767944336,0.0,0.11634787917137146,0.11634787917137146,0.1840764582157135,0.1840764582157135,0.19421851634979248,1.6153782606124878,0.8450570106506348,0.0,-0.01014205813407898,-0.01014205813407898,0.07718490809202194,0.07718490809202194,0.08966556191444397,-0.8538979887962341,0.6920893788337708,0.0,-0.012480653822422028,-0.012480653822422028,0.11808118969202042,0.11808118969202042,0.15293052792549133,-1.9984345436096191,-1.5995413064956665,0.0,-0.03484933823347092,-0.03484933823347092,0.29617738723754883,0.29617738723754883,0.25769540667533875,1.7211101055145264,1.3066717386245728,0.0,0.03848198056221008,0.03848198056221008,-0.22833390533924103,-0.22833390533924103,-0.18039001524448395,-0.769633412361145,-0.7389583587646484,0.0,-0.04794389009475708,-0.04794389009475708
329,10.966666666666667,24,0,0,,4,uneven rough,8,0.0,68.18170928955078,36.21174621582031,0.40423643589019775,1.9394744634628296,1.136596441268921,1.9272880554199219,1.136596441268921,10.230724334716797,3.056518316268921,0.3333333432674408,-0.4891206622123718,0.08790122717618942,0.9697372317314148,0.5682982206344604,0.3104594647884369,0.040056098252534866,-0.5277324914932251,0.4162898063659668,0.44292929768562317,0.10399027168750763,0.21732161939144135,0.21732161939144135,0.13752080500125885,1.9974151849746704,-1.092037320137024,0.0,0.0798008143901825,0.0798008143901825,0.020028049126267433,0.020028049126267433,0.06119459867477417,-2.0,0.6019028425216675,0.0,-0.04116654954850674,-0.04116654954850674,-0.26386624574661255,-0.26386624574661255,0.02146456390619278,-1.6475156545639038,0.8355499505996704,0.0,-0.28533080965280533,-0.28533080965280533,0.2914028465747833,0.2914028465747833,0.2367716133594513,1.9408586025238037,1.5288387537002563,0.0,0.05463123321533203,0.05463123321533203,0.22146464884281158,0.22146464884281158,0.18511343002319336,1.107827067375183,0.46053609251976013,0.0,0.036351218819618225,0.036351218819618225,0.051995135843753815,0.051995135843753815,0.04271838441491127,-0.5615326166152954,1.140149474143982,0.0,0.009276751428842545,0.009276751428842545
330,11.0,4,0,0,,4,uneven rough,5,0.0,51.83187484741211,37.32614517211914,0.3400946259498596,1.7605252265930176,-0.9905570149421692,1.7605252265930176,-0.9905570149421692,6.9121503829956055,5.544857025146484,0.3333333432674408,-0.7961703538894653,0.22279135882854462,0.8802626132965088,-0.4952785074710846,0.5658665895462036,0.08948934823274612,0.1203555092215538,-0.15368753671646118,0.11595676839351654,-0.7883487939834595,0.3961066007614136,0.3961066007614136,0.18278390169143677,1.7287261486053467,-1.1239469051361084,0.0,0.2133226990699768,0.2133226990699768,0.04474467411637306,0.04474467411637306,0.07804529368877411,-1.8179947137832642,1.6621123552322388,0.0,-0.03330061957240105,-0.03330061957240105,0.0601777546107769,0.0601777546107769,0.04642767831683159,0.23158080875873566,0.8497893214225769,0.0,0.013750076293945312,0.013750076293945312,-0.10758127272129059,-0.10758127272129059,0.20133958756923676,0.19410283863544464,-0.4047428369522095,0.0,-0.30892086029052734,-0.30892086029052734,0.05797838419675827,0.05797838419675827,0.0574236698448658,1.7505466938018799,-0.7740901708602905,0.0,0.0005547143518924713,0.0005547143518924713,-0.39417439699172974,-0.39417439699172974,-0.003630549181252718,-1.408875823020935,-0.055289894342422485,0.0,-0.390543847810477,-0.390543847810477
330,11.0,14,0,0,,4,uneven rough,5,0.0,51.48182678222656,38.15190505981445,0.3387690782546997,1.250930905342102,0.6164670586585999,1.250930905342102,0.6164670586585999,3.3006350994110107,0.42317384481430054,0.3333333432674408,0.3084143102169037,0.17779676616191864,0.625465452671051,0.3082335293292999,0.30820366740226746,0.17771336436271667,0.32057106494903564,0.229576975107193,0.5509903430938721,-0.32909372448921204,0.2157425582408905,0.2157425582408905,0.22632409632205963,-1.6232908964157104,1.569987177848816,0.0,-0.010581538081169128,-0.010581538081169128,0.08885668218135834,0.08885668218135834,0.1334744393825531,-1.9921631813049316,1.2805980443954468,0.0,-0.04461775720119476,-0.04461775720119476,0.16028553247451782,0.16028553247451782,0.14371909201145172,1.4135867357254028,-0.18201464414596558,0.0,0.0165664404630661,0.0165664404630661,0.1607038825750351,0.1607038825750351,0.16872216761112213,0.9855416417121887,-1.8250762224197388,0.0,-0.008018285036087036,-0.008018285036087036,0.27549517154693604,0.27549517154693604,0.2786371409893036,0.8556016683578491,1.5409959554672241,0.0,-0.0031419694423675537,-0.0031419694423675537,-0.16454686224460602,-0.16454686224460602,-0.1447315812110901,0.6815581321716309,-0.7563020586967468,0.0,-0.01981528103351593,-0.01981528103351593
330,11.0,24,0,0,,4,uneven rough,8,0.0,68.24067687988281,36.20831298828125,0.3916112184524536,1.8155426979064941,0.7008573412895203,1.8155426979064941,0.7008573412895203,9.341438293457031,0.0,0.0,-0.5879474878311157,0.28928837180137634,0.9077713489532471,0.35042867064476013,-0.507928729057312,-0.06612555682659149,0.3426884710788727,0.40295666456222534,0.36368271708488464,0.08439074456691742,-0.3555501103401184,-0.3555501103401184,0.1112746000289917,-1.1871200799942017,0.6547446846961975,0.0,-0.4668247103691101,-0.4668247103691101,-0.10580088943243027,-0.10580088943243027,0.0036943263839930296,-0.40814054012298584,-0.8692176938056946,0.0,-0.1094952158164233,-0.1094952158164233,0.17134423553943634,0.17134423553943634,0.07012119144201279,2.0000193119049072,-0.568379819393158,0.0,0.10122304409742355,0.10122304409742355,0.2820696532726288,0.2820696532726288,0.30078259110450745,1.169252634048462,1.7617955207824707,0.0,-0.018712937831878662,-0.018712937831878662,0.18184135854244232,0.18184135854244232,0.1547701358795166,-1.3656593561172485,0.8265155553817749,0.0,0.02707122266292572,0.02707122266292572,0.04219537228345871,0.04219537228345871,0.030331147834658623,-1.2856308221817017,0.17801536619663239,0.0,0.011864224448800087,0.011864224448800087
331,11.033333333333333,4,0,0,,4,uneven rough,5,0.0,51.78553009033203,37.30048370361328,0.32793283462524414,1.9300099611282349,0.45586928725242615,1.916764497756958,0.45586928725242615,5.672080039978027,2.5298380851745605,0.5,-0.6207244396209717,0.17485535144805908,0.9650049805641174,0.22793464362621307,0.5156680941581726,-0.17448323965072632,0.016127413138747215,0.5339384078979492,0.6531898379325867,-0.356773316860199,0.3609676659107208,0.3609676659107208,0.24245168268680573,1.7059825658798218,0.48895955085754395,0.0,0.1185159832239151,0.1185159832239151,-0.27917319536209106,-0.27917319536209106,0.03231864422559738,-0.346059650182724,-0.3055464029312134,0.0,-0.31149183958768845,-0.31149183958768845,0.008063706569373608,0.008063706569373608,0.04339024797081947,1.4742460250854492,0.5002530813217163,0.0,-0.035326541401445866,-0.035326541401445866,0.37375688552856445,0.37375688552856445,0.25130581855773926,0.29117465019226074,-0.06615441292524338,0.0,0.1224510669708252,0.1224510669708252,0.32659491896629333,0.32659491896629333,0.10847713053226471,0.4520409405231476,0.6533440351486206,0.0,0.21811778843402863,0.21811778843402863,-0.1783866584300995,-0.1783866584300995,-0.06096653267741203,-0.0715118944644928,-0.8206098079681396,0.0,-0.11742012575268745,-0.11742012575268745
331,11.033333333333333,14,0,0,,4,uneven rough,5,0.0,51.4499626159668,38.13778305053711,0.33886438608169556,1.360912799835205,0.5567070245742798,1.360912799835205,0.5567070245742798,5.067647933959961,0.6221005320549011,0.3333333432674408,0.5316564440727234,0.07216444611549377,0.6804563999176025,0.2783535122871399,0.7426484823226929,0.3421240746974945,0.028397615998983383,0.39032572507858276,0.019011888653039932,0.28217795491218567,0.519853949546814,0.519853949546814,0.24794365465641022,1.5346934795379639,-0.23549796640872955,0.0,0.27191029489040375,0.27191029489040375,0.17106203734874725,0.17106203734874725,0.1484006941318512,1.4997470378875732,-0.5698270201683044,0.0,0.022661343216896057,0.022661343216896057,0.014198807999491692,0.014198807999491692,0.08469387888908386,-1.9981640577316284,0.7201412320137024,0.0,-0.07049507088959217,-0.07049507088959217,0.2732279896736145,0.2732279896736145,0.21471945941448212,1.9751081466674805,-0.235947847366333,0.0,0.058508530259132385,0.058508530259132385,0.009505944326519966,0.009505944326519966,0.24215756356716156,-1.3429774045944214,1.1534727811813354,0.0,-0.2326516192406416,-0.2326516192406416,0.14108897745609283,0.14108897745609283,-0.11717288941144943,-1.0000771284103394,0.056666672229766846,0.0,0.25826186686754227,0.25826186686754227
331,11.033333333333333,24,0,0,,4,uneven rough,8,0.0,68.30367279052734,36.215694427490234,0.3920624554157257,1.9516878128051758,0.31931936740875244,1.9472752809524536,0.31931936740875244,9.36744213104248,2.305417060852051,0.3333333432674408,-0.8894197344779968,0.1004072055220604,0.9758439064025879,0.15965968370437622,-0.2184966653585434,0.11763032525777817,-0.17201939225196838,0.32362625002861023,0.4327036440372467,-0.22956672310829163,-0.15294766426086426,-0.15294766426086426,0.0652908906340599,-0.7004992961883545,-0.386648952960968,0.0,-0.21823855489492416,-0.21823855489492416,0.058815162628889084,0.058815162628889084,0.06819967180490494,1.6691471338272095,-0.6085238456726074,0.0,-0.009384509176015854,-0.009384509176015854,-0.08600969612598419,-0.08600969612598419,0.05053449422121048,0.48818904161453247,0.8837976455688477,0.0,-0.13654419034719467,-0.13654419034719467,0.22653837502002716,0.22653837502002716,0.27731987833976746,-1.8796300888061523,1.4267706871032715,0.0,-0.050781503319740295,-0.050781503319740295,0.21635182201862335,0.21635182201862335,0.18172824382781982,0.20417746901512146,-0.41294407844543457,0.0,0.03462357819080353,0.03462357819080353,-0.11478336155414581,-0.11478336155414581,0.002931586466729641,0.9882213473320007,-0.6495327949523926,0.0,-0.11771494802087545,-0.11771494802087545
332,11.066666666666666,4,0,0,,4,uneven rough,5,0.0,51.75041198730469,37.26325225830078,0.3452248275279999,1.915977120399475,1.095874309539795,1.900858759880066,1.095874309539795,4.923467636108398,1.5015711784362793,0.5,-0.11501501500606537,0.18336689472198486,0.9579885601997375,0.5479371547698975,0.19152751564979553,0.5295563340187073,-0.20779778063297272,0.14472265541553497,-0.138090580701828,0.29866722226142883,0.1340692639350891,0.1340692639350891,0.25876766443252563,-0.7294452786445618,1.1770665645599365,0.0,-0.12469840049743652,-0.12469840049743652,0.26477816700935364,0.26477816700935364,0.08326979726552963,2.0005407333374023,-0.3284526765346527,0.0,0.181508369743824,0.181508369743824,-0.10389889031648636,-0.10389889031648636,0.0553249791264534,-0.978456437587738,1.0509504079818726,0.0,-0.15922386944293976,-0.15922386944293976,0.10130585730075836,0.10130585730075836,0.21425233781337738,-1.544175624847412,0.13588008284568787,0.0,-0.11294648051261902,-0.11294648051261902,-0.22094492614269257,-0.22094492614269257,0.09858810901641846,-0.24231739342212677,0.5395268797874451,0.0,-0.319533035159111,-0.319533035159111,0.14933361113071442,0.14933361113071442,-0.05743652954697609,-0.8135173916816711,-0.39706850051879883,0.0,0.2067701406776905,0.2067701406776905
332,11.066666666666666,14,0,0,,4,uneven rough,5,0.0,51.419063568115234,38.12999725341797,0.33887356519699097,1.791308045387268,0.8863915801048279,1.791308045387268,0.8863915801048279,8.564322471618652,3.3333334922790527,0.1666666716337204,0.6720985770225525,0.24981223046779633,0.895654022693634,0.44319579005241394,-0.5025612711906433,0.20768685638904572,0.373271107673645,0.5789499282836914,0.32659226655960083,0.0778983011841774,-0.3517928719520569,-0.3517928719520569,0.21755008399486542,-1.3233493566513062,0.7653714418411255,0.0,-0.5693429559469223,-0.5693429559469223,0.10384342819452286,0.10384342819452286,0.09980794042348862,-1.2318060398101807,0.6003138422966003,0.0,0.004035487771034241,0.004035487771034241,0.1866355538368225,0.1866355538368225,0.1405608057975769,1.795958399772644,-0.8167934417724609,0.0,0.046074748039245605,0.046074748039245605,0.4052649438381195,0.4052649438381195,0.28543391823768616,2.017472267150879,1.014187216758728,0.0,0.11983102560043335,0.11983102560043335,0.16329613327980042,0.16329613327980042,0.18332479894161224,-0.8325218558311462,-0.258024662733078,0.0,-0.02002866566181183,-0.02002866566181183,0.0389491505920887,0.0389491505920887,-0.047194696962833405,2.002767562866211,-0.5408181548118591,0.0,0.0861438475549221,0.0861438475549221
332,11.066666666666666,24,0,0,,4,uneven rough,8,0.0,68.36093139648438,36.21807098388672,0.4072047770023346,1.9268591403961182,0.8714272379875183,1.9268591403961182,0.8714272379875183,6.84890079498291,2.483858108520508,0.5,-0.7283200025558472,0.12052495777606964,0.9634295701980591,0.43571361899375916,0.4170401990413666,-0.3977169096469879,-0.3951616883277893,-0.16517934203147888,0.39053723216056824,-0.4534376263618469,0.29192814230918884,0.29192814230918884,0.11964939534664154,1.9195442199707031,-0.5641005039215088,0.0,0.1722787469625473,0.1722787469625473,-0.6363470554351807,-0.6363470554351807,0.0765695720911026,1.260239601135254,0.679275393486023,0.0,-0.7129166275262833,-0.7129166275262833,-0.19758084416389465,-0.19758084416389465,0.011278916150331497,-0.7799757122993469,0.6601198315620422,0.0,-0.20885976031422615,-0.20885976031422615,-0.1156255379319191,-0.1156255379319191,0.20842774212360382,-1.9210838079452515,-0.4426742196083069,0.0,-0.3240532800555229,-0.3240532800555229,0.19526861608028412,0.19526861608028412,0.15703004598617554,1.1990118026733398,-0.06402245163917542,0.0,0.03823857009410858,0.03823857009410858,-0.22671881318092346,-0.22671881318092346,-0.012121069245040417,-0.25955596566200256,0.276456356048584,0.0,-0.21459774393588305,-0.21459774393588305
333,11.1,4,0,0,,4,uneven rough,5,0.0,51.72281265258789,37.22364044189453,0.3562975525856018,1.7532036304473877,0.3064623773097992,1.7532036304473877,0.3064623773097992,3.708319664001465,4.444976806640625,0.5,0.0607386939227581,0.1496904045343399,0.8766018152236938,0.1532311886548996,0.38904473185539246,0.13056883215904236,-0.03992776572704315,-0.000848352734465152,0.1666254848241806,-0.35892173647880554,0.2723312973976135,0.2723312973976135,0.2695954144001007,0.7974319458007812,0.09912135452032089,0.0,0.0027358829975128174,0.0027358829975128174,0.06528441607952118,0.06528441607952118,0.06657855212688446,-0.31678086519241333,0.9883643984794617,0.0,-0.0012941360473632812,-0.0012941360473632812,-0.019963882863521576,-0.019963882863521576,-0.0005784622044302523,-0.9991627335548401,-0.0964798703789711,0.0,-0.019385420659091324,-0.019385420659091324,-0.0005938468966633081,-0.0005938468966633081,0.14712312817573547,-1.9489980936050415,-0.814026415348053,0.0,-0.14771697507239878,-0.14771697507239878,0.0833127424120903,0.0833127424120903,0.07501092553138733,0.5218325853347778,0.0974707305431366,0.0,0.008301816880702972,0.008301816880702972,-0.17946086823940277,-0.17946086823940277,-0.11741660535335541,-1.7593920230865479,-0.6325294375419617,0.0,-0.06204426288604736,-0.06204426288604736
333,11.1,14,0,0,,4,uneven rough,5,0.0,51.39153289794922,38.10961151123047,0.3453746736049652,1.395803451538086,0.00455051613971591,1.395803451538086,0.00455051613971591,7.2621989250183105,1.5067336559295654,0.3333333432674408,0.69745934009552,0.09166141599416733,0.697901725769043,0.002275258069857955,-0.5340573787689209,0.6832627058029175,0.46991172432899475,0.36985254287719727,-0.3378129303455353,0.3774336278438568,-0.3738401532173157,-0.3738401532173157,0.18201501667499542,-0.7499362230300903,-0.41559505462646484,0.0,-0.5558551698923111,-0.5558551698923111,0.34163135290145874,0.34163135290145874,0.16133126616477966,2.0066540241241455,-0.43557003140449524,0.0,0.18030008673667908,0.18030008673667908,0.23495586216449738,0.23495586216449738,0.19769909977912903,1.698914647102356,0.6604611277580261,0.0,0.03725676238536835,0.03725676238536835,0.25889676809310913,0.25889676809310913,0.2995494306087494,-1.0139986276626587,1.5814464092254639,0.0,-0.04065266251564026,-0.04065266251564026,-0.5405007004737854,-0.5405007004737854,0.21733106672763824,0.8308232426643372,-0.5828464031219482,0.0,-0.7578317672014236,-0.7578317672014236,0.1887168139219284,0.1887168139219284,0.021759843453764915,1.5527187585830688,0.8973297476768494,0.0,0.1669569704681635,0.1669569704681635
333,11.1,24,0,0,,4,uneven rough,8,0.0,68.4163818359375,36.222110748291016,0.4134712815284729,1.91786789894104,0.17049826681613922,1.91786789894104,0.17049826681613922,6.380847454071045,2.340888261795044,0.3333333432674408,-0.4657115638256073,0.030603131279349327,0.95893394947052,0.08524913340806961,0.17709089815616608,-0.23155935108661652,-0.34766092896461487,-0.07205682247877121,0.40666669607162476,-0.7295331954956055,0.1239636242389679,0.1239636242389679,0.1557711362838745,0.1091170459985733,0.8401566743850708,0.0,-0.031807512044906616,-0.031807512044906616,-0.3704949617385864,-0.3704949617385864,0.0454811230301857,-0.29747986793518066,1.007753610610962,0.0,-0.4159760847687721,-0.4159760847687721,-0.17383046448230743,-0.17383046448230743,-0.024083619937300682,0.05842690169811249,-0.15411277115345,0.0,-0.14974684454500675,-0.14974684454500675,-0.05043977499008179,-0.05043977499008179,0.15139320492744446,-1.3517531156539917,-1.2785696983337402,0.0,-0.20183297991752625,-0.20183297991752625,0.20333334803581238,0.20333334803581238,0.16860787570476532,1.5652395486831665,0.6500993967056274,0.0,0.03472547233104706,0.03472547233104706,-0.36476659774780273,-0.36476659774780273,-0.04144376888871193,-0.8203483819961548,-0.026605971157550812,0.0,-0.3233228288590908,-0.3233228288590908
334,11.133333333333333,4,0,0,,4,uneven rough,5,0.0,51.69105529785156,37.1912956237793,0.3626413643360138,1.2778606414794922,-0.4639185070991516,1.2778606414794922,-0.4639185070991516,6.523193359375,0.05090993270277977,0.14945024251937866,0.21128587424755096,0.13403883576393127,0.6389303207397461,-0.2319592535495758,0.5389565229415894,-0.060697879642248154,0.5165427327156067,0.04245758056640625,-0.01110746804624796,-0.5780917406082153,0.37726956605911255,0.37726956605911255,0.3343152403831482,1.9572489261627197,0.49394741654396057,0.0,0.042954325675964355,0.042954325675964355,-0.0971166118979454,-0.0971166118979454,0.0013955156318843365,-1.8919079303741455,0.25043293833732605,0.0,-0.09851212752982974,-0.09851212752982974,0.25827136635780334,0.25827136635780334,0.026427345350384712,0.07223346084356308,-0.6068583726882935,0.0,0.23184402100741863,0.23184402100741863,0.029720306396484375,0.029720306396484375,0.07835715264081955,-1.9490113258361816,-1.4557414054870605,0.0,-0.048636846244335175,-0.048636846244335175,-0.017771949991583824,-0.017771949991583824,0.02009076625108719,-1.8153401613235474,0.3374056816101074,0.0,-0.03786271624267101,-0.03786271624267101,-0.28904587030410767,-0.28904587030410767,-0.13529066741466522,-0.8180029988288879,-1.2696595191955566,0.0,-0.15375520288944244,-0.15375520288944244
334,11.133333333333333,14,0,0,,4,uneven rough,5,0.0,51.37747573852539,38.07457733154297,0.35224658250808716,1.5749735832214355,0.34834179282188416,1.5749735832214355,0.34834179282188416,5.381450176239014,1.9993927478790283,0.5,0.8286985158920288,0.08996115624904633,0.7874867916107178,0.17417089641094208,0.08394266664981842,0.3790629804134369,-0.04661434143781662,-0.1330791562795639,0.31086796522140503,-0.475643128156662,0.058759864419698715,0.058759864419698715,0.12179833650588989,-1.9872498512268066,-0.6046321392059326,0.0,-0.06303847208619118,-0.06303847208619118,0.18953149020671844,0.18953149020671844,0.18447452783584595,0.30646026134490967,0.9452677965164185,0.0,0.0050569623708724976,0.0050569623708724976,-0.02330717071890831,-0.02330717071890831,0.12950114905834198,-1.999969482421875,1.2476046085357666,0.0,-0.1528083197772503,-0.1528083197772503,-0.0931554064154625,-0.0931554064154625,0.25909480452537537,-1.6735197305679321,0.11397712677717209,0.0,-0.35225021094083786,-0.35225021094083786,0.15543398261070251,0.15543398261070251,0.17049482464790344,-1.0855861902236938,0.2164449393749237,0.0,-0.015060842037200928,-0.015060842037200928,-0.237821564078331,-0.237821564078331,-0.016326362267136574,-1.1662554740905762,1.267887830734253,0.0,-0.22149520181119442,-0.22149520181119442
334,11.133333333333333,24,0,0,,4,uneven rough,8,0.0,68.47212219238281,36.22468566894531,0.41934722661972046,1.9538111686706543,0.3046780824661255,1.9492756128311157,0.3046780824661255,6.2148027420043945,2.0484156608581543,0.5,-0.37497538328170776,0.1237449049949646,0.9769055843353271,0.15233904123306274,0.6563995480537415,-0.2996198236942291,-0.25800269842147827,-0.010747101157903671,0.5474920868873596,-0.7560128569602966,0.4594796895980835,0.4594796895980835,0.22039562463760376,1.8696616888046265,0.42682555317878723,0.0,0.23908406496047974,0.23908406496047974,-0.4793917238712311,-0.4793917238712311,0.018500518053770065,-0.1885601133108139,0.2697722613811493,0.0,-0.49789224192500114,-0.49789224192500114,-0.12900134921073914,-0.12900134921073914,-0.06712473928928375,-1.207071304321289,-0.033942461013793945,0.0,-0.06187660992145538,-0.06187660992145538,-0.007522970903664827,-0.007522970903664827,0.08481084555387497,-1.934582233428955,-1.3199477195739746,0.0,-0.0923338164575398,-0.0923338164575398,0.2737460434436798,0.2737460434436798,0.21322911977767944,1.9539324045181274,1.1675212383270264,0.0,0.060516923666000366,0.060516923666000366,-0.3780064284801483,-0.3780064284801483,-0.0810866430401802,-1.0781443119049072,-0.47538936138153076,0.0,-0.2969197854399681,-0.2969197854399681
335,11.166666666666666,4,0,0,,4,uneven rough,5,0.0,51.657859802246094,37.156822204589844,0.36738720536231995,1.663499116897583,-1.194131851196289,1.663499116897583,-1.194131851196289,3.0852410793304443,2.6106863021850586,0.3333333432674408,0.41166409850120544,0.07489883899688721,0.8317495584487915,-0.5970659255981445,0.16051830351352692,0.21706333756446838,0.7490683794021606,0.22392766177654266,0.2925060987472534,-0.3810661733150482,0.1123628094792366,0.1123628094792366,0.2763100564479828,-1.8065681457519531,1.321300745010376,0.0,-0.16394724696874619,-0.16394724696874619,0.10853166878223419,0.10853166878223419,0.06791605055332184,1.9965378046035767,-0.9608504176139832,0.0,0.040615618228912354,0.040615618228912354,0.3745341897010803,0.3745341897010803,0.07287537306547165,1.7111676931381226,-0.22289863228797913,0.0,0.3016588166356087,0.3016588166356087,0.15674936771392822,0.15674936771392822,0.13657723367214203,1.7602299451828003,-1.7346371412277222,0.0,0.020172134041786194,0.020172134041786194,0.1462530493736267,0.1462530493736267,0.0869174674153328,1.905208706855774,-0.8797606825828552,0.0,0.059335581958293915,0.059335581958293915,-0.1905330866575241,-0.1905330866575241,-0.15000483393669128,0.015807781368494034,-1.0142921209335327,0.0,-0.040528252720832825,-0.040528252720832825
335,11.166666666666666,14,0,0,,4,uneven rough,5,0.0,51.3592529296875,38.04692459106445,0.35309481620788574,1.5787688493728638,-0.6687812805175781,1.5787688493728638,-0.6687812805175781,5.2818922996521,2.55415940284729,0.3333333432674408,0.8960977792739868,0.22915729880332947,0.7893844246864319,-0.33439064025878906,0.5229138135910034,0.04652739688754082,0.1398925483226776,-0.5169144868850708,0.027478547766804695,-0.7459943890571594,0.3660396635532379,0.3660396635532379,0.1574867069721222,1.778394341468811,-1.3863667249679565,0.0,0.20855295658111572,0.20855295658111572,0.02326369844377041,0.02326369844377041,0.12022123485803604,-1.637978196144104,0.5840848684310913,0.0,-0.09695753641426563,-0.09695753641426563,0.0699462741613388,0.0699462741613388,0.08630891144275665,-0.9391230344772339,-0.5885796546936035,0.0,-0.016362637281417847,-0.016362637281417847,-0.3618401288986206,-0.3618401288986206,0.19130295515060425,-1.9503087997436523,-0.896676778793335,0.0,-0.5531430840492249,-0.5531430840492249,0.013739273883402348,0.013739273883402348,0.09339737892150879,-1.9725278615951538,-0.5197257995605469,0.0,-0.07965810503810644,-0.07965810503810644,-0.3729971945285797,-0.3729971945285797,-0.03778911754488945,-0.3965875506401062,-0.10838118195533752,0.0,-0.33520807698369026,-0.33520807698369026
335,11.166666666666666,24,0,0,,4,uneven rough,8,0.0,68.52816772460938,36.217708587646484,0.4192328155040741,1.9511572122573853,1.0609172582626343,1.9420408010482788,1.0609172582626343,5.44453763961792,2.829463481903076,0.3880949914455414,-0.2508493661880493,0.11190518736839294,0.9755786061286926,0.5304586291313171,0.43480437994003296,-0.5682157278060913,0.2506139576435089,0.45115193724632263,0.7808056473731995,-0.49046894907951355,0.30436307191848755,0.30436307191848755,0.27636951208114624,1.6442272663116455,1.2426077127456665,0.0,0.02799355983734131,0.02799355983734131,-0.909145176410675,-0.909145176410675,-0.022018112242221832,-0.7129831910133362,0.010630318894982338,0.0,-0.8871270641684532,-0.8871270641684532,0.12530697882175446,0.12530697882175446,-0.011842526495456696,2.015915870666504,-0.6972315907478333,0.0,0.13714950531721115,0.13714950531721115,0.3158063590526581,0.3158063590526581,0.11992081999778748,1.8744876384735107,-1.6674631834030151,0.0,0.1958855390548706,0.1958855390548706,0.39040282368659973,0.39040282368659973,0.2767453193664551,1.3868509531021118,1.6121594905853271,0.0,0.11365750432014465,0.11365750432014465,-0.24523447453975677,-0.24523447453975677,-0.124555304646492,-1.4571595191955566,-0.8161880970001221,0.0,-0.12067916989326477,-0.12067916989326477
336,11.2,4,0,0,,4,uneven rough,5,0.0,51.62002944946289,37.127113342285156,0.36823147535324097,1.5420887470245361,1.225574016571045,1.5420887470245361,1.225574016571045,6.35047721862793,2.9975461959838867,0.5,0.5191370248794556,0.054783619940280914,0.7710443735122681,0.6127870082855225,0.7213298082351685,0.3148660957813263,-0.27140215039253235,0.3317245841026306,0.3481900990009308,0.11293411254882812,0.504930853843689,0.504930853843689,0.2981012463569641,1.4093769788742065,-0.4472019076347351,0.0,0.20682960748672485,0.20682960748672485,0.15743304789066315,0.15743304789066315,0.13389471173286438,1.9976905584335327,0.7112621665000916,0.0,0.023538336157798767,0.023538336157798767,-0.13570107519626617,-0.13570107519626617,0.029508154839277267,-1.865979552268982,0.870625913143158,0.0,-0.16520923003554344,-0.16520923003554344,0.23220720887184143,0.23220720887184143,0.18114784359931946,1.778826355934143,0.24136698246002197,0.0,0.05105936527252197,0.05105936527252197,0.1740950495004654,0.1740950495004654,0.1473742425441742,1.828596830368042,0.6948660016059875,0.0,0.0267208069562912,0.0267208069562912,0.05646705627441406,0.05646705627441406,-0.08722396939992905,1.9911245107650757,-0.43187180161476135,0.0,0.1436910256743431,0.1436910256743431
336,11.2,14,0,0,,4,uneven rough,5,0.0,51.34149169921875,38.01677322387695,0.3653625249862671,1.8200581073760986,-0.3779236674308777,1.8200581073760986,-0.3779236674308777,5.987032890319824,2.7747039794921875,0.3333333432674408,0.7168749570846558,0.06511653959751129,0.9100290536880493,-0.18896183371543884,-0.20018358528614044,0.39258062839508057,0.12024924904108047,-0.1866111010313034,-0.11057742685079575,-0.5463281869888306,-0.1401285082101822,-0.1401285082101822,0.12675741314888,-1.8440446853637695,0.40299487113952637,0.0,-0.2668859213590622,-0.2668859213590622,0.19629031419754028,0.19629031419754028,0.1770147681236267,1.973406195640564,-0.672273576259613,0.0,0.019275546073913574,0.019275546073913574,0.06012462452054024,0.06012462452054024,0.042503222823143005,-0.37175408005714417,-0.7867774963378906,0.0,0.017621401697397232,0.017621401697397232,-0.13062776625156403,-0.13062776625156403,0.160099059343338,-1.1333991289138794,-1.492402195930481,0.0,-0.29072682559490204,-0.29072682559490204,-0.17692388594150543,-0.17692388594150543,0.05111674964427948,-1.8356468677520752,-1.3411426544189453,0.0,-0.2280406355857849,-0.2280406355857849,-0.2731640934944153,-0.2731640934944153,-0.0652654692530632,-0.03988688439130783,-0.27133357524871826,0.0,-0.20789862424135208,-0.20789862424135208
336,11.2,24,0,0,,4,uneven rough,8,0.0,68.58207702636719,36.216983795166016,0.4225602149963379,1.9695028066635132,0.7618287205696106,1.9442334175109863,0.7618287205696106,9.933884620666504,2.581292152404785,0.1666666716337204,-0.33006617426872253,0.17557796835899353,0.9847514033317566,0.3809143602848053,-0.22987507283687592,-0.05824971944093704,-0.04459100216627121,0.33177852630615234,0.22507311403751373,0.5599769353866577,-0.16091254353523254,-0.16091254353523254,0.23679497838020325,-1.8793513774871826,1.46968412399292,0.0,-0.3977075219154358,-0.3977075219154358,-0.09319955110549927,-0.09319955110549927,-0.08687464892864227,-1.4843307733535767,-0.39850205183029175,0.0,-0.006324902176856995,-0.006324902176856995,-0.022295501083135605,-0.022295501083135605,-0.007224794942885637,-0.9509761929512024,0.8367868661880493,0.0,-0.015070706140249968,-0.015070706140249968,0.23224496841430664,0.23224496841430664,0.19069641828536987,2.0000014305114746,0.3351621925830841,0.0,0.04154855012893677,0.04154855012893677,0.11253655701875687,0.11253655701875687,0.21867111325263977,-1.843246340751648,1.4847697019577026,0.0,-0.1061345562338829,-0.1061345562338829,0.27998846769332886,0.27998846769332886,-0.07133803516626358,1.7610255479812622,-1.1785944700241089,0.0,0.35132650285959244,0.35132650285959244
337,11.233333333333333,4,0,0,,4,uneven rough,5,0.0,51.58494186401367,37.097354888916016,0.3663526773452759,1.771630048751831,0.9114364385604858,1.771630048751831,0.9114364385604858,8.923473358154297,0.983828067779541,0.1666666716337204,0.5840733051300049,0.19925260543823242,0.8858150243759155,0.4557182192802429,-0.267850786447525,0.4775511622428894,0.14444118738174438,0.627438485622406,0.3093913197517395,0.13146720826625824,-0.18749554455280304,-0.18749554455280304,0.26206570863723755,-1.7292877435684204,0.6025111079216003,0.0,-0.4495612531900406,-0.4495612531900406,0.2387755811214447,0.2387755811214447,0.19775572419166565,1.347178339958191,1.4386110305786133,0.0,0.04101985692977905,0.04101985692977905,0.07222059369087219,0.07222059369087219,0.05960528180003166,1.899288535118103,-0.6766557097434998,0.0,0.01261531189084053,0.01261531189084053,0.43920692801475525,0.43920692801475525,0.2506851851940155,1.6475756168365479,1.1106492280960083,0.0,0.18852174282073975,0.18852174282073975,0.15469565987586975,0.15469565987586975,0.18182483315467834,-0.15803973376750946,1.3358794450759888,0.0,-0.027129173278808594,-0.027129173278808594,0.06573360413312912,0.06573360413312912,-0.02525676228106022,1.5962088108062744,0.9380946755409241,0.0,0.09099036641418934,0.09099036641418934
337,11.233333333333333,14,0,0,,4,uneven rough,5,0.0,51.316810607910156,37.98848342895508,0.36371999979019165,1.535176157951355,0.7984678745269775,1.535176157951355,0.7984678745269775,5.6597747802734375,4.06184196472168,0.3333333432674408,0.6503946781158447,0.18985025584697723,0.7675880789756775,0.39923393726348877,0.5021065473556519,0.26254069805145264,0.39673691987991333,-0.0928504541516304,0.24163992702960968,-0.7059363126754761,0.3514745831489563,0.3514745831489563,0.1783091276884079,1.926053762435913,-0.8674853444099426,0.0,0.1731654554605484,0.1731654554605484,0.13127034902572632,0.13127034902572632,0.17740796506404877,-1.161721110343933,0.8235985040664673,0.0,-0.04613761603832245,-0.04613761603832245,0.19836845993995667,0.19836845993995667,0.09554024785757065,2.006855010986328,-0.5521225333213806,0.0,0.10282821208238602,0.10282821208238602,-0.06499531865119934,-0.06499531865119934,0.09314564615488052,-1.9947665929794312,-1.2894212007522583,0.0,-0.15814096480607986,-0.15814096480607986,0.12081996351480484,0.12081996351480484,0.069176584482193,1.4344143867492676,-1.6207362413406372,0.0,0.05164337903261185,0.05164337903261185,-0.35296815633773804,-0.35296815633773804,-0.05742518976330757,0.30175578594207764,-0.14047320187091827,0.0,-0.29554296657443047,-0.29554296657443047
337,11.233333333333333,24,0,0,,4,uneven rough,8,0.0,68.63768768310547,36.21953201293945,0.42750629782676697,1.8556544780731201,0.3627540171146393,1.8556544780731201,0.3627540171146393,9.651676177978516,0.0,0.0,-0.11630114912986755,0.020081739872694016,0.9278272390365601,0.18137700855731964,-0.23644044995307922,0.31361284852027893,0.22919400036334991,0.4362809658050537,0.18746508657932281,0.27065232396125793,-0.16550831496715546,-0.16550831496715546,0.16989049315452576,-1.9171080589294434,-0.4238665699958801,0.0,-0.3353988081216812,-0.3353988081216812,0.15680642426013947,0.15680642426013947,-0.03378533944487572,2.0114033222198486,-1.0124316215515137,0.0,0.19059176370501518,0.19059176370501518,0.11459700018167496,0.11459700018167496,0.05376965180039406,1.4919332265853882,-0.17401759326457977,0.0,0.0608273483812809,0.0608273483812809,0.3053966760635376,0.3053966760635376,0.2572901248931885,1.9814990758895874,1.2764652967453003,0.0,0.04810655117034912,0.04810655117034912,0.09373254328966141,0.09373254328966141,0.1693071573972702,-2.163088321685791,-0.39689651131629944,0.0,-0.0755746141076088,-0.0755746141076088,0.13532616198062897,0.13532616198062897,-0.004488350823521614,1.5104351043701172,0.48347198963165283,0.0,0.13981451280415058,0.13981451280415058
338,11.266666666666666,4,0,0,,4,uneven rough,5,0.0,51.556175231933594,37.06288146972656,0.36914074420928955,1.613909363746643,0.9581214785575867,1.613909363746643,0.9581214785575867,8.721948623657227,3.3333334922790527,0.1666666716337204,0.5183466672897339,0.07935979217290878,0.8069546818733215,0.47906073927879333,0.028272520750761032,0.4817734956741333,-0.08187450468540192,0.4268525242805481,-0.044453296810388565,0.11146135628223419,0.019790764898061752,0.019790764898061752,0.1933794915676117,-1.9649074077606201,-0.7158921360969543,0.0,-0.17358872666954994,-0.17358872666954994,0.24088674783706665,0.24088674783706665,0.22043010592460632,0.2618943750858307,1.386914849281311,0.0,0.020456641912460327,0.020456641912460327,-0.04093725234270096,-0.04093725234270096,0.06128711625933647,0.6380637884140015,0.7797877788543701,0.0,-0.10222436860203743,-0.10222436860203743,0.29879677295684814,0.29879677295684814,0.3001475930213928,0.648916482925415,1.4142283201217651,0.0,-0.0013508200645446777,-0.0013508200645446777,-0.07112527638673782,-0.07112527638673782,0.12184001505374908,-1.6588609218597412,0.4912148714065552,0.0,-0.1929652914404869,-0.1929652914404869,0.055730678141117096,0.055730678141117096,-0.008187332190573215,0.4348629415035248,1.3101935386657715,0.0,0.06391801033169031,0.06391801033169031
338,11.266666666666666,14,0,0,,4,uneven rough,5,0.0,51.28425979614258,37.9627799987793,0.3585638105869293,1.6824135780334473,0.988579511642456,1.6824135780334473,0.988579511642456,5.558103084564209,8.196883201599121,0.5,0.4360971450805664,0.08447449654340744,0.8412067890167236,0.494289755821228,0.6461484432220459,0.47248029708862305,0.017676440998911858,0.2895120680332184,0.2423405945301056,-0.03873436525464058,0.4523039162158966,0.4523039162158966,0.22857846319675446,1.7911396026611328,0.7119866609573364,0.0,0.22372545301914215,0.22372545301914215,0.23624014854431152,0.23624014854431152,0.21732598543167114,1.3642420768737793,-0.29890474677085876,0.0,0.01891416311264038,0.01891416311264038,0.008838220499455929,0.008838220499455929,0.046897225081920624,-2.0000016689300537,0.8947279453277588,0.0,-0.038059004582464695,-0.038059004582464695,0.20265844464302063,0.20265844464302063,0.118253193795681,1.9873887300491333,-1.6882247924804688,0.0,0.08440525084733963,0.08440525084733963,0.1211702972650528,0.1211702972650528,0.12468314915895462,0.6752563118934631,0.10665139555931091,0.0,-0.003512851893901825,-0.003512851893901825,-0.01936718262732029,-0.01936718262732029,-0.029567712917923927,1.2689239978790283,0.10956385731697083,0.0,0.010200530290603638,0.010200530290603638
338,11.266666666666666,24,0,0,,4,uneven rough,8,0.0,68.69290924072266,36.231178283691406,0.42609289288520813,1.8236085176467896,-0.7580972909927368,1.8236085176467896,-0.7580972909927368,9.489860534667969,2.3842270374298096,0.1666666716337204,-0.03585774824023247,0.06659656018018723,0.9118042588233948,-0.3790486454963684,-0.34290772676467896,0.32728108763694763,-0.23099051415920258,0.3775315582752228,0.185062438249588,0.15648971498012543,-0.24003539979457855,-0.24003539979457855,0.11107675731182098,-0.9343401193618774,-1.2681479454040527,0.0,-0.35111215710639954,-0.35111215710639954,0.16364054381847382,0.16364054381847382,0.03208858147263527,2.0224757194519043,0.6972500681877136,0.0,0.13155196234583855,0.13155196234583855,-0.11549525707960129,-0.11549525707960129,-0.0032981059048324823,-1.9413871765136719,0.7679139971733093,0.0,-0.1121971511747688,-0.1121971511747688,0.2642720937728882,0.2642720937728882,0.2905166745185852,-0.49349910020828247,1.6750926971435547,0.0,-0.02624458074569702,-0.02624458074569702,0.092531219124794,0.092531219124794,0.10297183692455292,-2.3075361251831055,-1.3955044746398926,0.0,-0.010440617799758911,-0.010440617799758911,0.07824485749006271,0.07824485749006271,0.05652685835957527,1.7819067239761353,1.06411874294281,0.0,0.021717999130487442,0.021717999130487442
339,11.3,4,0,0,,4,uneven rough,5,0.0,51.537208557128906,37.01762390136719,0.36195066571235657,1.7877031564712524,0.1481178104877472,1.7877031564712524,0.1481178104877472,8.720258712768555,4.968660354614258,0.3333333432674408,0.5980157852172852,0.11059966683387756,0.8938515782356262,0.0740589052438736,0.179060161113739,0.29034265875816345,-0.09436336159706116,0.10614646971225739,-0.1291951686143875,-0.2267128825187683,0.12534211575984955,0.12534211575984955,0.13843506574630737,-1.5636179447174072,-1.422087550163269,0.0,-0.013092949986457825,-0.013092949986457825,0.14517132937908173,0.14517132937908173,0.16135582327842712,-1.8471221923828125,0.7508262395858765,0.0,-0.016184493899345398,-0.016184493899345398,-0.04718168079853058,-0.04718168079853058,0.002491650404408574,-1.9999898672103882,0.6996567845344543,0.0,-0.04967333120293915,-0.04967333120293915,0.07430252432823181,0.07430252432823181,0.24997566640377045,-1.980808973312378,0.9815196394920349,0.0,-0.17567314207553864,-0.17567314207553864,-0.2067122757434845,-0.2067122757434845,0.05681712180376053,-1.5450327396392822,-0.7244418263435364,0.0,-0.263529397547245,-0.263529397547245,-0.11335644125938416,-0.11335644125938416,-0.06312797218561172,-1.9943959712982178,0.815280020236969,0.0,-0.05022846907377243,-0.05022846907377243
339,11.3,14,0,0,,4,uneven rough,5,0.0,51.251487731933594,37.93672561645508,0.3481072187423706,1.581789493560791,0.5812682509422302,1.581789493560791,0.5812682509422302,8.090692520141602,2.934825897216797,0.1666666716337204,0.00341188907623291,0.21848073601722717,0.7908947467803955,0.2906341254711151,-0.49217677116394043,0.6206555962562561,0.16668064892292023,0.49523183703422546,0.3628869652748108,0.26402637362480164,-0.34452372789382935,-0.34452372789382935,0.20790128409862518,-1.6432249546051025,1.3221416473388672,0.0,-0.5524250119924545,-0.5524250119924545,0.31032779812812805,0.31032779812812805,0.2795352339744568,1.2367843389511108,0.6414414644241333,0.0,0.030792564153671265,0.030792564153671265,0.08334032446146011,0.08334032446146011,0.08034875243902206,1.8211898803710938,-0.7419573664665222,0.0,0.0029915720224380493,0.0029915720224380493,0.3466622829437256,0.3466622829437256,0.18684111535549164,1.8946287631988525,0.3899737000465393,0.0,0.15982116758823395,0.15982116758823395,0.1814434826374054,0.1814434826374054,0.1860785335302353,0.9738200306892395,0.42814162373542786,0.0,-0.004635050892829895,-0.004635050892829895,0.13201318681240082,0.13201318681240082,0.03520021587610245,1.4532665014266968,0.7650681734085083,0.0,0.09681297093629837,0.09681297093629837
339,11.3,24,0,0,,4,uneven rough,8,0.0,68.7500228881836,36.248390197753906,0.4201241135597229,1.7035894393920898,0.2369067668914795,1.7035894393920898,0.2369067668914795,8.819173812866211,1.0713205337524414,0.1666666716337204,-0.2143261432647705,0.07018168270587921,0.8517947196960449,0.11845338344573975,-0.34946244955062866,0.14284417033195496,0.18600106239318848,-0.037147652357816696,0.40980809926986694,-0.4264380931854248,-0.24462370574474335,-0.24462370574474335,0.05660918727517128,-1.5271320343017578,-1.0794124603271484,0.0,-0.3012328930199146,-0.3012328930199146,0.07142208516597748,0.07142208516597748,0.10145606845617294,1.0828851461410522,1.4465349912643433,0.0,-0.030033983290195465,-0.030033983290195465,0.09300053119659424,0.09300053119659424,0.03727545216679573,2.001878261566162,-0.7639297246932983,0.0,0.05572507902979851,0.05572507902979851,-0.026003357023000717,-0.026003357023000717,0.24540488421916962,-1.7453014850616455,0.44896700978279114,0.0,-0.27140824124217033,-0.27140824124217033,0.20490404963493347,0.20490404963493347,0.09215330332517624,-0.7405562996864319,-1.9111688137054443,0.0,0.11275074630975723,0.11275074630975723,-0.2132190465927124,-0.2132190465927124,0.01095243077725172,-1.7190848588943481,1.4699573516845703,0.0,-0.22417147736996412,-0.22417147736996412
340,11.333333333333334,4,0,0,,4,uneven rough,5,0.0,51.50822067260742,36.97659683227539,0.35716092586517334,1.6753591299057007,-0.7761227488517761,1.6753591299057007,-0.7761227488517761,5.220670700073242,1.0349156856536865,0.1666666716337204,0.7839674949645996,0.16999849677085876,0.8376795649528503,-0.38806137442588806,0.43407121300697327,0.37716254591941833,0.4551348090171814,-0.30938035249710083,-0.21460434794425964,-0.5541586875915527,0.30384984612464905,0.30384984612464905,0.17980551719665527,1.9796431064605713,-1.5021090507507324,0.0,0.12404432892799377,0.12404432892799377,0.18858127295970917,0.18858127295970917,0.17128919064998627,1.3198418617248535,-0.7180584669113159,0.0,0.0172920823097229,0.0172920823097229,0.2275674045085907,0.2275674045085907,0.03621060401201248,-1.0202165842056274,-0.8267282843589783,0.0,0.19135680049657822,0.19135680049657822,-0.21656624972820282,-0.21656624972820282,0.18477202951908112,-1.5307437181472778,-0.6933862566947937,0.0,-0.40133827924728394,-0.40133827924728394,-0.34336695075035095,-0.34336695075035095,0.03830825537443161,-0.04318959265947342,-1.1884053945541382,0.0,-0.38167520612478256,-0.38167520612478256,-0.27707934379577637,-0.27707934379577637,-0.10018426179885864,-0.823248028755188,-0.7733157873153687,0.0,-0.17689508199691772,-0.17689508199691772
340,11.333333333333334,14,0,0,,4,uneven rough,5,0.0,51.22494888305664,37.90778732299805,0.3415117561817169,1.1174771785736084,-0.8787339329719543,1.1174771785736084,-0.8787339329719543,5.636807918548584,2.2528836727142334,0.1666666716337204,-0.3005841076374054,0.1344527006149292,0.5587385892868042,-0.4393669664859772,0.24904857575893402,0.2643757462501526,-0.1176610216498375,0.1243889331817627,0.07733803987503052,0.01706697791814804,0.17433400452136993,0.17433400452136993,0.18001461029052734,0.1021367609500885,-0.35448193550109863,0.0,-0.00568060576915741,-0.00568060576915741,0.1321878731250763,0.1321878731250763,0.2140677571296692,-1.7888221740722656,0.9780493974685669,0.0,-0.0818798840045929,-0.0818798840045929,-0.05883051082491875,-0.05883051082491875,0.06150267273187637,-0.810304582118988,0.7072506546974182,0.0,-0.12033318355679512,-0.12033318355679512,0.08707225322723389,0.08707225322723389,0.1758187711238861,-1.919756531715393,1.240708351135254,0.0,-0.08874651789665222,-0.08874651789665222,0.03866901993751526,0.03866901993751526,0.11352108418941498,-1.8247748613357544,0.7366691827774048,0.0,-0.07485206425189972,-0.07485206425189972,0.00853348895907402,0.00853348895907402,0.05529971793293953,0.042141325771808624,1.1541767120361328,0.0,-0.04676622897386551,-0.04676622897386551
340,11.333333333333334,24,0,0,,4,uneven rough,8,0.0,68.8085708618164,36.25984191894531,0.4052470624446869,1.9062578678131104,-0.31110653281211853,1.9062578678131104,-0.31110653281211853,9.92866325378418,1.9502630233764648,0.1666666716337204,-0.17286960780620575,0.21568840742111206,0.9531289339065552,-0.15555326640605927,0.12952519953250885,0.12353666126728058,-0.06685658544301987,0.07078313082456589,0.3771972954273224,-0.599922239780426,0.09066763520240784,0.09066763520240784,0.07564474642276764,1.9322532415390015,-1.3325538635253906,0.0,0.015022888779640198,0.015022888779640198,0.06176833063364029,0.06176833063364029,0.12376118451356888,0.7859340906143188,1.240926742553711,0.0,-0.06199285387992859,-0.06199285387992859,-0.033428292721509933,-0.033428292721509933,-0.010040332563221455,1.8960157632827759,0.7998630404472351,0.0,-0.02338796015828848,-0.02338796015828848,0.04954819008708,0.04954819008708,0.17736558616161346,-1.6857843399047852,-0.7916763424873352,0.0,-0.12781739607453346,-0.12781739607453346,0.1885986477136612,0.1885986477136612,0.12226460874080658,1.2262870073318481,-1.2493023872375488,0.0,0.06633403897285461,0.06633403897285461,-0.299961119890213,-0.299961119890213,-0.045658178627491,2.106590509414673,-0.333132803440094,0.0,-0.254302941262722,-0.254302941262722
341,11.366666666666667,4,0,0,,4,uneven rough,5,0.0,51.47389602661133,36.939849853515625,0.3555903434753418,1.4695110321044922,-0.316265344619751,1.4695110321044922,-0.316265344619751,3.6065051555633545,1.8019222021102905,0.3333333432674408,0.6596771478652954,0.03495529294013977,0.7347555160522461,-0.1581326723098755,0.23454542458057404,0.45525041222572327,0.37988194823265076,0.34588974714279175,0.4220176637172699,-0.5442723035812378,0.16418179869651794,0.16418179869651794,0.1619834154844284,-0.9042614698410034,0.4664798378944397,0.0,0.0021983832120895386,0.0021983832120895386,0.22762520611286163,0.22762520611286163,0.22560667991638184,0.6496888399124146,0.4341740310192108,0.0,0.0020185261964797974,0.0020185261964797974,0.18994097411632538,0.18994097411632538,0.039036478847265244,-0.5363389849662781,-0.9361268877983093,0.0,0.15090449526906013,0.15090449526906013,0.2421228140592575,0.2421228140592575,0.22866813838481903,1.3831638097763062,-1.1668297052383423,0.0,0.013454675674438477,0.013454675674438477,0.21100883185863495,0.21100883185863495,0.10970241576433182,1.9352649450302124,-0.540898323059082,0.0,0.10130641609430313,0.10130641609430313,-0.2721361517906189,-0.2721361517906189,-0.12158232927322388,0.1928035467863083,-0.8015475869178772,0.0,-0.15055382251739502,-0.15055382251739502
341,11.366666666666667,14,0,0,,4,uneven rough,5,0.0,51.19821548461914,37.8748893737793,0.3408615291118622,1.510147213935852,0.07889872789382935,1.510147213935852,0.07889872789382935,5.772941589355469,3.413064956665039,0.5,-0.5009050369262695,0.165353462100029,0.755073606967926,0.03944936394691467,0.24958057701587677,0.20319174230098724,0.3538582921028137,-0.07018829882144928,-0.05375988781452179,-0.29197898507118225,0.17470639944076538,0.17470639944076538,0.18953192234039307,-0.0734991580247879,-0.09630890935659409,0.0,-0.014825522899627686,-0.014825522899627686,0.10159587115049362,0.10159587115049362,0.15069323778152466,-2.0047712326049805,-0.5863447785377502,0.0,-0.049097366631031036,-0.049097366631031036,0.17692914605140686,0.17692914605140686,0.05366509035229683,0.037848152220249176,-0.15077780187129974,0.0,0.12326405569911003,0.12326405569911003,-0.04913180693984032,-0.04913180693984032,0.12056995183229446,-1.492882251739502,-0.5462241768836975,0.0,-0.16970175877213478,-0.16970175877213478,-0.08601582050323486,-0.08601582050323486,0.06707588583230972,-1.2348307371139526,-0.7115758657455444,0.0,-0.1530917063355446,-0.1530917063355446,-0.14598949253559113,-0.14598949253559113,0.043014172464609146,-0.01676241122186184,0.525429904460907,0.0,-0.18900366500020027,-0.18900366500020027
341,11.366666666666667,24,0,0,,4,uneven rough,8,0.0,68.86139678955078,36.2728157043457,0.4083375036716461,1.9516127109527588,0.33124423027038574,1.922639012336731,0.33124423027038574,7.160623073577881,2.312593936920166,0.5,-0.16528074443340302,0.4242151975631714,0.9758063554763794,0.16562211513519287,-0.048184968531131744,0.10788249969482422,0.09990927577018738,0.08736427128314972,0.5138253569602966,-0.003786065150052309,-0.03372947871685028,-0.03372947871685028,0.0402534157037735,-1.9481990337371826,0.5133739113807678,0.0,-0.07398289442062378,-0.07398289442062378,0.05394124984741211,0.05394124984741211,0.11550222337245941,-1.8944251537322998,0.983673095703125,0.0,-0.0615609735250473,-0.0615609735250473,0.04995463788509369,0.04995463788509369,0.04019533842802048,0.4416472911834717,1.4196298122406006,0.0,0.009759299457073212,0.009759299457073212,0.061154987663030624,0.061154987663030624,0.12206434458494186,-1.9791674613952637,-1.2972066402435303,0.0,-0.06090935692191124,-0.06090935692191124,0.2569126784801483,0.2569126784801483,0.13561254739761353,-0.29353800415992737,0.1504003256559372,0.0,0.12130013108253479,0.12130013108253479,-0.0018930325750261545,-0.0018930325750261545,-0.013250249437987804,0.8366955518722534,1.0462911128997803,0.0,0.01135721686296165,0.01135721686296165
342,11.4,4,0,0,,4,uneven rough,5,0.0,51.44060516357422,36.90852737426758,0.34387892484664917,1.605870008468628,-0.06317349523305893,1.605870008468628,-0.06317349523305893,6.46933126449585,0.4127664268016815,0.3333333432674408,0.5654985308647156,0.03787323832511902,0.802935004234314,-0.031586747616529465,0.4495682120323181,0.40457576513290405,-0.16425316035747528,0.4400498569011688,0.5676422119140625,-0.3572901487350464,0.3146977424621582,0.3146977424621582,0.20069296658039093,1.7808141708374023,-0.3085397481918335,0.0,0.11400477588176727,0.11400477588176727,0.20228788256645203,0.20228788256645203,0.20551887154579163,-0.8586893677711487,0.5560265183448792,0.0,-0.0032309889793395996,-0.0032309889793395996,-0.08212658017873764,-0.08212658017873764,-0.020315581932663918,-0.8794119954109192,-0.7100861072540283,0.0,-0.06181099824607372,-0.06181099824607372,0.30803489685058594,0.30803489685058594,0.27667343616485596,1.816027283668518,0.27494123578071594,0.0,0.03136146068572998,0.03136146068572998,0.28382110595703125,0.28382110595703125,0.17067942023277283,1.9230115413665771,0.8591288328170776,0.0,0.11314168572425842,0.11314168572425842,-0.1786450743675232,-0.1786450743675232,-0.17874591052532196,-1.1986305713653564,-0.239339679479599,0.0,0.00010083615779876709,0.00010083615779876709
342,11.4,14,0,0,,4,uneven rough,5,0.0,51.16315841674805,37.84465408325195,0.3367515802383423,1.6215622425079346,-0.5360133051872253,1.6215622425079346,-0.5360133051872253,6.294671058654785,4.054449081420898,0.3333333432674408,-0.6585821509361267,0.1101529598236084,0.8107811212539673,-0.26800665259361267,0.532367467880249,0.16605086624622345,0.26163432002067566,0.18460573256015778,0.264859676361084,-0.1452396959066391,0.3726572096347809,0.3726572096347809,0.24621297419071198,1.8178783655166626,-0.08341223001480103,0.0,0.1264442354440689,0.1264442354440689,0.08302543312311172,0.08302543312311172,0.09630447626113892,-1.7642903327941895,-1.3883256912231445,0.0,-0.013279043138027191,-0.013279043138027191,0.13081716001033783,0.13081716001033783,0.08642426878213882,0.750076949596405,-0.04412834718823433,0.0,0.044392891228199005,0.044392891228199005,0.1292240172624588,0.1292240172624588,0.10117711871862411,0.8846527934074402,-1.0814663171768188,0.0,0.028046898543834686,0.028046898543834686,0.132429838180542,0.132429838180542,0.11514755338430405,1.955460786819458,-1.00742506980896,0.0,0.017282284796237946,0.017282284796237946,-0.07261984795331955,-0.07261984795331955,0.018598640337586403,-1.6805177927017212,0.21887339651584625,0.0,-0.09121848829090595,-0.09121848829090595
342,11.4,24,0,0,,4,uneven rough,8,0.0,68.9108657836914,36.28390884399414,0.41295021772384644,1.888231635093689,0.004989010281860828,1.888231635093689,0.004989010281860828,10.131601333618164,4.618093013763428,0.3333333432674408,0.03582324832677841,0.2583199441432953,0.9441158175468445,0.002494505140930414,0.40992650389671326,0.11653511226177216,0.037141330540180206,0.0581117682158947,0.3177111744880676,-0.43170711398124695,0.286948561668396,0.286948561668396,0.06554310023784637,1.6331899166107178,-0.8784038424491882,0.0,0.22140546143054962,0.22140546143054962,0.05826755613088608,0.05826755613088608,0.07728347927331924,-0.6808331608772278,-0.643608808517456,0.0,-0.019015923142433167,-0.019015923142433167,0.018570665270090103,0.018570665270090103,0.027911415323615074,-0.27192074060440063,0.8666767477989197,0.0,-0.009340750053524971,-0.009340750053524971,0.0406782366335392,0.0406782366335392,0.04855348914861679,-2.004765033721924,-1.6827884912490845,0.0,-0.007875252515077591,-0.007875252515077591,0.1588555872440338,0.1588555872440338,0.1411360800266266,0.4354177415370941,-0.10060320049524307,0.0,0.017719507217407227,0.017719507217407227,-0.21585355699062347,-0.21585355699062347,-0.06518504023551941,-1.4335639476776123,0.9277853965759277,0.0,-0.15066851675510406,-0.15066851675510406
343,11.433333333333334,4,0,0,,4,uneven rough,5,0.0,51.40824508666992,36.87734603881836,0.34069836139678955,1.679685354232788,0.25638043880462646,1.679685354232788,0.25638043880462646,5.665911674499512,1.541680097579956,0.3333333432674408,0.4379432201385498,0.20675894618034363,0.839842677116394,0.12819021940231323,0.0690234899520874,0.44217178225517273,0.6056297421455383,0.32393091917037964,0.1170983612537384,0.1392299383878708,0.04831644147634506,0.04831644147634506,0.19998493790626526,-1.07805597782135,0.8727846741676331,0.0,-0.1516684964299202,-0.1516684964299202,0.22108589112758636,0.22108589112758636,0.17565032839775085,0.7145972847938538,-0.24385638535022736,0.0,0.04543556272983551,0.04543556272983551,0.30281487107276917,0.30281487107276917,0.010162738151848316,0.23086711764335632,-0.8058232665061951,0.0,0.29265213292092085,0.29265213292092085,0.2267516404390335,0.2267516404390335,0.28874266147613525,-1.038670301437378,1.1462740898132324,0.0,-0.061991021037101746,-0.061991021037101746,0.0585491806268692,0.0585491806268692,0.16057957708835602,-1.07516610622406,1.460650086402893,0.0,-0.10203039646148682,-0.10203039646148682,0.0696149691939354,0.0696149691939354,-0.1148112490773201,1.4217528104782104,-0.7817244529724121,0.0,0.1844262182712555,0.1844262182712555
343,11.433333333333334,14,0,0,,4,uneven rough,5,0.0,51.12744903564453,37.8148078918457,0.33171510696411133,1.3641823530197144,0.6248385906219482,1.3641823530197144,0.6248385906219482,3.6980977058410645,3.3913257122039795,0.3333333432674408,-0.8055581450462341,0.16606414318084717,0.6820911765098572,0.3124192953109741,0.22261714935302734,-0.06948641687631607,0.3297497034072876,0.38127779960632324,0.3568264842033386,0.08860015869140625,0.15583200752735138,0.15583200752735138,0.2037636935710907,-1.9930000305175781,0.9915809035301208,0.0,-0.04793168604373932,-0.04793168604373932,-0.11117827147245407,-0.11117827147245407,0.04522271454334259,-0.6251899600028992,-1.6008968353271484,0.0,-0.15640098601579666,-0.15640098601579666,0.1648748517036438,0.1648748517036438,0.14185288548469543,1.7057923078536987,0.40491676330566406,0.0,0.023021966218948364,0.023021966218948364,0.26689445972442627,0.26689445972442627,0.16951234638690948,1.979404091835022,0.03018093854188919,0.0,0.09738211333751678,0.09738211333751678,0.1784132421016693,0.1784132421016693,0.15779495239257812,0.06512482464313507,0.6677958965301514,0.0,0.020618289709091187,0.020618289709091187,0.044300079345703125,0.044300079345703125,0.03192398324608803,0.8256574869155884,-0.8550457954406738,0.0,0.012376096099615097,0.012376096099615097
343,11.433333333333334,24,0,0,,4,uneven rough,8,0.0,68.95977020263672,36.294769287109375,0.41687339544296265,1.8747193813323975,0.1348922848701477,1.8747193813323975,0.1348922848701477,9.839674949645996,1.305906057357788,0.1666666716337204,0.29535111784935,0.1429138481616974,0.9373596906661987,0.06744614243507385,0.020885849371552467,-0.13693808019161224,0.07742183655500412,0.11843729764223099,0.3445478677749634,-0.1825748234987259,0.014620094560086727,0.014620094560086727,0.01979386992752552,-1.4080476760864258,0.5416557788848877,0.0,-0.005173775367438793,-0.005173775367438793,-0.2191009372472763,-0.2191009372472763,0.040364138782024384,0.8895490169525146,-0.6646555066108704,0.0,-0.2594650760293007,-0.2594650760293007,0.03871091827750206,0.03871091827750206,0.02349245361983776,0.11077359318733215,0.22291170060634613,0.0,0.015218464657664299,0.015218464657664299,0.08290610462427139,0.08290610462427139,0.07176528871059418,1.3365999460220337,-1.8648346662521362,0.0,0.011140815913677216,0.011140815913677216,0.1722739338874817,0.1722739338874817,0.12998226284980774,0.5686755180358887,0.2024639993906021,0.0,0.04229167103767395,0.04229167103767395,-0.09128741174936295,-0.09128741174936295,-0.10875431448221207,-0.8052197694778442,-0.40732577443122864,0.0,0.01746690273284912,0.01746690273284912
344,11.466666666666667,4,0,0,,4,uneven rough,5,0.0,51.38083267211914,36.84124755859375,0.3483792543411255,1.7069271802902222,-0.21279054880142212,1.7069271802902222,-0.21279054880142212,5.4378180503845215,3.7362945079803467,0.5,0.08581827580928802,0.13475701212882996,0.8534635901451111,-0.10639527440071106,0.2637149393558502,0.21582843363285065,0.5267691612243652,0.2447880208492279,0.4660090208053589,-0.3858773410320282,0.18460045754909515,0.18460045754909515,0.1954396814107895,-0.7313265800476074,-0.2302241176366806,0.0,-0.010839223861694336,-0.010839223861694336,0.10791421681642532,0.10791421681642532,0.18199168145656586,-0.2763492166996002,0.2980550527572632,0.0,-0.07407746464014053,-0.07407746464014053,0.2633845806121826,0.2633845806121826,0.06386977434158325,1.8833140134811401,-0.219676673412323,0.0,0.19951480627059937,0.19951480627059937,0.1713516116142273,0.1713516116142273,0.22259092330932617,-1.896470308303833,-0.08909737318754196,0.0,-0.05123931169509888,-0.05123931169509888,0.23300451040267944,0.23300451040267944,0.1646353304386139,0.4600147604942322,0.026895061135292053,0.0,0.06836917996406555,0.06836917996406555,-0.1929386705160141,-0.1929386705160141,-0.1083579733967781,-0.4144555330276489,0.46412554383277893,0.0,-0.08458069711923599,-0.08458069711923599
344,11.466666666666667,14,0,0,,4,uneven rough,5,0.0,51.093563079833984,37.78032302856445,0.3440982699394226,1.6505424976348877,0.20705075562000275,1.6505424976348877,0.20705075562000275,8.606425285339355,3.7161636352539062,0.3333333432674408,-0.599173367023468,0.11481566727161407,0.8252712488174438,0.10352537781000137,0.5482498407363892,0.29631417989730835,-0.027256598696112633,0.20259900391101837,0.005922806914895773,0.023979563266038895,0.38377487659454346,0.38377487659454346,0.25586172938346863,1.1720421314239502,-0.6959065198898315,0.0,0.12791314721107483,0.12791314721107483,0.14815708994865417,0.14815708994865417,0.1042141243815422,1.692844271659851,-1.0492304563522339,0.0,0.04394296556711197,0.04394296556711197,-0.013628299348056316,-0.013628299348056316,0.0874188095331192,-2.000000476837158,1.1404341459274292,0.0,-0.10104710888117552,-0.10104710888117552,0.1418192982673645,0.1418192982673645,0.14507348835468292,-0.5391823649406433,1.1322752237319946,0.0,-0.0032541900873184204,-0.0032541900873184204,0.0029614034574478865,0.0029614034574478865,0.10693436861038208,-1.226380467414856,0.32704460620880127,0.0,-0.1039729651529342,-0.1039729651529342,0.011989781633019447,0.011989781633019447,0.017612455412745476,-0.8733915686607361,0.09522684663534164,0.0,-0.0056226737797260284,-0.0056226737797260284
344,11.466666666666667,24,0,0,,4,uneven rough,8,0.0,69.01231384277344,36.29579162597656,0.42837297916412354,1.8189656734466553,-0.16710041463375092,1.8189656734466553,-0.16710041463375092,9.491596221923828,2.8295717239379883,0.1666666716337204,0.4438866376876831,0.1003420501947403,0.9094828367233276,-0.08355020731687546,0.14330758154392242,0.23477639257907867,-0.23070134222507477,0.3635428845882416,0.16313910484313965,0.25478678941726685,0.10031530261039734,0.10031530261039734,0.04460341855883598,2.0000009536743164,-0.560710072517395,0.0,0.055711884051561356,0.055711884051561356,0.11738819628953934,0.11738819628953934,0.10178397595882416,1.6831872463226318,0.21409451961517334,0.0,0.01560422033071518,0.01560422033071518,-0.11535067111253738,-0.11535067111253738,-0.038044560700654984,-2.0000011920928955,0.159508615732193,0.0,-0.0773061104118824,-0.0773061104118824,0.2544800043106079,0.2544800043106079,0.12527504563331604,1.9288959503173828,-0.05473782494664192,0.0,0.12920495867729187,0.12920495867729187,0.08156955242156982,0.08156955242156982,0.10037397593259811,-1.9790030717849731,0.4095206558704376,0.0,-0.01880442351102829,-0.01880442351102829,0.12739339470863342,0.12739339470863342,-0.05357007682323456,1.9992574453353882,-0.6322957277297974,0.0,0.18096347153186798,0.18096347153186798
345,11.5,4,0,0,,4,uneven rough,5,0.0,51.35517120361328,36.809967041015625,0.3563666343688965,1.7020682096481323,0.2819098234176636,1.7020682096481323,0.2819098234176636,5.352128505706787,2.210845708847046,0.3333333432674408,-0.5330916047096252,0.19915728271007538,0.8510341048240662,0.1409549117088318,0.5614912509918213,0.08214974403381348,0.3678740859031677,0.10704920440912247,0.3613561987876892,-0.2530365288257599,0.3930438756942749,0.3930438756942749,0.23908238112926483,1.5150789022445679,-0.5135483741760254,0.0,0.15396149456501007,0.15396149456501007,0.04107487201690674,0.04107487201690674,0.1227194219827652,-1.9611525535583496,-0.026714157313108444,0.0,-0.08164454996585846,-0.08164454996585846,0.18393704295158386,0.18393704295158386,0.13214871287345886,1.997368574142456,0.9693580269813538,0.0,0.051788330078125,0.051788330078125,0.0749344453215599,0.0749344453215599,0.1486334353685379,-1.998453974723816,-1.1109892129898071,0.0,-0.073698990046978,-0.073698990046978,0.1806780993938446,0.1806780993938446,0.1388625055551529,-0.8697941303253174,0.27178171277046204,0.0,0.04181559383869171,0.04181559383869171,-0.12651826441287994,-0.12651826441287994,-0.11552107334136963,-0.38484570384025574,-0.03262577950954437,0.0,-0.010997191071510315,-0.010997191071510315
345,11.5,14,0,0,,4,uneven rough,5,0.0,51.05720901489258,37.752410888671875,0.3497423529624939,1.416140079498291,0.14609363675117493,1.416140079498291,0.14609363675117493,6.4194440841674805,1.9753246307373047,0.5,-0.2518390119075775,0.17082731425762177,0.7080700397491455,0.07304681837558746,-0.022884968668222427,0.3917067050933838,0.029543405398726463,0.5346879363059998,0.4952700734138489,0.19131000339984894,-0.01601947844028473,-0.01601947844028473,0.19273406267166138,-1.9830350875854492,0.3602350056171417,0.0,-0.2087535411119461,-0.2087535411119461,0.1958533525466919,0.1958533525466919,0.17039944231510162,1.9501217603683472,0.5011435151100159,0.0,0.02545391023159027,0.02545391023159027,0.014771702699363232,0.014771702699363232,0.02673773467540741,-1.5312535762786865,-0.6351732611656189,0.0,-0.011966031976044178,-0.011966031976044178,0.37428155541419983,0.37428155541419983,0.2107740342617035,1.977097988128662,0.18723009526729584,0.0,0.16350752115249634,0.16350752115249634,0.24763503670692444,0.24763503670692444,0.16657797992229462,2.0000078678131104,-0.5512647032737732,0.0,0.08105705678462982,0.08105705678462982,0.09565500169992447,0.09565500169992447,0.05526624992489815,2.000040054321289,-0.45243173837661743,0.0,0.04038875177502632,0.04038875177502632
345,11.5,24,0,0,,4,uneven rough,8,0.0,69.06523132324219,36.3008918762207,0.42887046933174133,1.8656625747680664,0.0387461818754673,1.8656625747680664,0.0387461818754673,9.754951477050781,0.0,0.0,0.17064480483531952,0.2489713430404663,0.9328312873840332,0.01937309093773365,-0.832583487033844,0.687757670879364,0.3986310660839081,0.15588319301605225,0.24197669327259064,0.32133540511131287,-0.5828084349632263,-0.5828084349632263,0.03974250331521034,0.12144215404987335,0.8871205449104309,0.0,-0.6225509382784367,-0.6225509382784367,0.343878835439682,0.343878835439682,0.16782580316066742,1.7705028057098389,1.0447221994400024,0.0,0.1760530322790146,0.1760530322790146,0.19931553304195404,0.19931553304195404,-0.006208776496350765,-1.3555841445922852,-1.0614820718765259,0.0,0.2055243095383048,0.2055243095383048,0.10911823064088821,0.10911823064088821,0.15856747329235077,-0.8029782772064209,1.06681227684021,0.0,-0.049449242651462555,-0.049449242651462555,0.12098834663629532,0.12098834663629532,0.09600198268890381,1.151908278465271,-0.9409549236297607,0.0,0.02498636394739151,0.02498636394739151,0.16066770255565643,0.16066770255565643,-0.00665148114785552,-0.48741286993026733,0.8555891513824463,0.0,0.16731918370351195,0.16731918370351195
346,11.533333333333333,4,0,0,,4,uneven rough,5,0.0,51.33984375,36.77305221557617,0.3655830919742584,1.7498493194580078,-0.650157630443573,1.7498493194580078,-0.650157630443573,9.103720664978027,5.321387767791748,0.3333333432674408,-0.76927649974823,0.06341105699539185,0.8749246597290039,-0.3250788152217865,0.13682517409324646,0.20228631794452667,0.37492844462394714,0.020555121824145317,0.1160665899515152,-0.24877341091632843,0.09577762335538864,0.09577762335538864,0.20658354461193085,-1.9978959560394287,0.6334410905838013,0.0,-0.1108059212565422,-0.1108059212565422,0.10114315897226334,0.10114315897226334,0.09282180666923523,0.02742627263069153,-1.1204490661621094,0.0,0.008321352303028107,0.008321352303028107,0.18746422231197357,0.18746422231197357,0.18900199234485626,1.4780060052871704,1.550597071647644,0.0,-0.0015377700328826904,-0.0015377700328826904,0.014388585463166237,0.014388585463166237,0.08887011557817459,-1.9710484743118286,-1.6127634048461914,0.0,-0.07448153011500835,-0.07448153011500835,0.0580332949757576,0.0580332949757576,0.08732379227876663,-1.9304858446121216,-0.37366732954978943,0.0,-0.029290497303009033,-0.029290497303009033,-0.12438670545816422,-0.12438670545816422,-0.10966173559427261,0.5320720672607422,-0.2317715585231781,0.0,-0.014724969863891602,-0.014724969863891602
346,11.533333333333333,14,0,0,,4,uneven rough,5,0.0,51.017066955566406,37.72792053222656,0.34699928760528564,1.548100471496582,0.600628674030304,1.548100471496582,0.600628674030304,8.257295608520508,3.3333334922790527,0.1666666716337204,-0.2573666572570801,0.19165253639221191,0.774050235748291,0.300314337015152,0.3490791916847229,0.4357796311378479,-0.22817933559417725,0.5402978658676147,0.5089261531829834,0.013714262284338474,0.24435542523860931,0.24435542523860931,0.20670168101787567,1.9102952480316162,-0.9646540880203247,0.0,0.03765374422073364,0.03765374422073364,0.21788981556892395,0.21788981556892395,0.22391706705093384,0.7239359021186829,1.3203984498977661,0.0,-0.006027251482009888,-0.006027251482009888,-0.11408966779708862,-0.11408966779708862,-0.01831093803048134,-0.3435112237930298,-1.141818642616272,0.0,-0.09577872976660728,-0.09577872976660728,0.3782084882259369,0.3782084882259369,0.2682052254676819,1.3929197788238525,1.199224591255188,0.0,0.110003262758255,0.110003262758255,0.2544630765914917,0.2544630765914917,0.22605976462364197,1.9645068645477295,0.8912293910980225,0.0,0.02840331196784973,0.02840331196784973,0.006857131142169237,0.006857131142169237,0.020536933094263077,-1.907508134841919,0.9342002272605896,0.0,-0.01367980195209384,-0.01367980195209384
346,11.533333333333333,24,0,0,,4,uneven rough,8,0.0,69.11691284179688,36.31545639038086,0.422681599855423,1.8838918209075928,1.0059107542037964,1.8838918209075928,1.0059107542037964,8.45627212524414,5.812386989593506,0.5,0.4950319230556488,0.04846267029643059,0.9419459104537964,0.5029553771018982,0.06768333166837692,0.27132317423820496,-0.14039568603038788,0.158778578042984,0.48833203315734863,0.02065958082675934,0.047378331422805786,0.047378331422805786,0.05841173604130745,-0.25384074449539185,0.45420458912849426,0.0,-0.011033404618501663,-0.011033404618501663,0.13566158711910248,0.13566158711910248,0.17196252942085266,-0.21496111154556274,1.4550797939300537,0.0,-0.03630094230175018,-0.03630094230175018,-0.07019784301519394,-0.07019784301519394,-0.06831597536802292,-0.5861627459526062,-1.2277679443359375,0.0,-0.0018818676471710205,-0.0018818676471710205,0.1111450046300888,0.1111450046300888,0.11397680640220642,-0.92271488904953,0.009629342705011368,0.0,-0.0028318017721176147,-0.0028318017721176147,0.24416601657867432,0.24416601657867432,0.12029291689395905,0.3935445249080658,0.2423536777496338,0.0,0.12387309968471527,0.12387309968471527,0.01032979041337967,0.01032979041337967,-0.015100181102752686,1.069087266921997,0.09625338762998581,0.0,0.025429971516132355,0.025429971516132355
347,11.566666666666666,4,0,0,,4,uneven rough,5,0.0,51.31940460205078,36.7370491027832,0.3645647168159485,1.797799825668335,-0.29255911707878113,1.797799825668335,-0.29255911707878113,7.594859600067139,3.806715726852417,0.3333333432674408,-0.6468733549118042,0.24959993362426758,0.8988999128341675,-0.14627955853939056,0.5711032152175903,0.046100515872240067,0.3520316779613495,0.12515400350093842,0.3634939193725586,-0.2027629017829895,0.3997722566127777,0.3997722566127777,0.21448086202144623,0.5656706094741821,-0.8543215990066528,0.0,0.18529139459133148,0.18529139459133148,0.023050257936120033,0.023050257936120033,0.07031010091304779,-0.7744532227516174,-0.47143828868865967,0.0,-0.04725984297692776,-0.04725984297692776,0.17601583898067474,0.17601583898067474,0.20271310210227966,-0.6633736491203308,1.5095539093017578,0.0,-0.02669726312160492,-0.02669726312160492,0.08760780096054077,0.08760780096054077,0.038752324879169464,-0.32113969326019287,-1.815338373184204,0.0,0.04885547608137131,0.04885547608137131,0.1817469596862793,0.1817469596862793,0.08449509739875793,0.5845434069633484,-1.2538952827453613,0.0,0.09725186228752136,0.09725186228752136,-0.10138145089149475,-0.10138145089149475,-0.07466984540224075,0.9596893191337585,0.20010699331760406,0.0,-0.026711605489253998,-0.026711605489253998
347,11.566666666666666,14,0,0,,4,uneven rough,5,0.0,50.982826232910156,37.69725036621094,0.3400519788265228,1.6217843294143677,0.09645017236471176,1.6217843294143677,0.09645017236471176,5.517730236053467,3.3333334922790527,0.1666666716337204,0.16667553782463074,0.2950437664985657,0.8108921647071838,0.04822508618235588,-0.08373049646615982,0.5722517967224121,0.2854532301425934,0.10528058558702469,0.5416022539138794,-0.12102667987346649,-0.058611348271369934,-0.058611348271369934,0.21192896366119385,-1.1339384317398071,0.6608474254608154,0.0,-0.2705403119325638,-0.2705403119325638,0.28612589836120605,0.28612589836120605,0.26139721274375916,0.8942261934280396,0.9831574559211731,0.0,0.0247286856174469,0.0247286856174469,0.1427266150712967,0.1427266150712967,0.042348772287368774,1.9893697500228882,-0.6904541850090027,0.0,0.10037784278392792,0.10037784278392792,0.07369641214609146,0.07369641214609146,0.25644633173942566,-1.2777214050292969,1.308740258216858,0.0,-0.1827499195933342,-0.1827499195933342,0.2708011269569397,0.2708011269569397,0.28776124119758606,0.6214108467102051,1.4980623722076416,0.0,-0.016960114240646362,-0.016960114240646362,-0.060513339936733246,-0.060513339936733246,-0.03726210445165634,-0.6770312786102295,-0.6725067496299744,0.0,-0.023251235485076904,-0.023251235485076904
347,11.566666666666666,24,0,0,,4,uneven rough,8,0.0,69.17041015625,36.331111907958984,0.42203983664512634,1.8727765083312988,0.0240019503980875,1.8727765083312988,0.0240019503980875,9.693761825561523,4.118681907653809,0.3333333432674408,0.5340249538421631,0.10536621510982513,0.9363882541656494,0.01200097519904375,0.04084710404276848,-0.18941165506839752,-0.08620855212211609,-0.205566868185997,0.40021613240242004,-0.09256992489099503,0.028592972084879875,0.028592972084879875,0.047418251633644104,-0.4876280725002289,0.05387448891997337,0.0,-0.01882527954876423,-0.01882527954876423,-0.3030586540699005,-0.3030586540699005,0.17431855201721191,1.5081658363342285,0.5108356475830078,0.0,-0.4773772060871124,-0.4773772060871124,-0.043104276061058044,-0.043104276061058044,-0.058160118758678436,0.1151326522231102,-0.8650031685829163,0.0,0.015055842697620392,0.015055842697620392,-0.14389680325984955,-0.14389680325984955,0.05767923593521118,-1.493493914604187,-0.5175197720527649,0.0,-0.20157603919506073,-0.20157603919506073,0.20010806620121002,0.20010806620121002,0.13340544700622559,2.001189708709717,0.3278372585773468,0.0,0.06670261919498444,0.06670261919498444,-0.04628496244549751,-0.04628496244549751,-0.03251585364341736,-1.3595457077026367,0.646295428276062,0.0,-0.013769108802080154,-0.013769108802080154
348,11.6,4,0,0,,4,uneven rough,5,0.0,51.28813934326172,36.703399658203125,0.36453524231910706,1.5745022296905518,0.29950642585754395,1.5745022296905518,0.29950642585754395,7.9100470542907715,4.461475849151611,0.3333333432674408,-0.6895484328269958,0.07580166310071945,0.7872511148452759,0.14975321292877197,0.36317747831344604,0.5010269284248352,-0.4073968231678009,0.4384809732437134,0.32356390357017517,0.33728858828544617,0.2542242407798767,0.2542242407798767,0.22940349578857422,1.4853620529174805,-0.05145545303821564,0.0,0.02482074499130249,0.02482074499130249,0.2505134642124176,0.2505134642124176,0.13513222336769104,1.9936834573745728,-0.6427634954452515,0.0,0.11538124084472656,0.11538124084472656,-0.20369841158390045,-0.20369841158390045,0.13936276733875275,-1.989607810974121,0.2809767723083496,0.0,-0.3430611789226532,-0.3430611789226532,0.30693668127059937,0.30693668127059937,0.08891598880290985,0.9878003597259521,-0.970515787601471,0.0,0.21802069246768951,0.21802069246768951,0.16178195178508759,0.16178195178508759,0.14718683063983917,0.1944611370563507,-0.2144387662410736,0.0,0.014595121145248413,0.014595121145248413,0.16864429414272308,0.16864429414272308,-0.03158823028206825,-0.33507439494132996,0.6295762062072754,0.0,0.20023252442479134,0.20023252442479134
348,11.6,14,0,0,,4,uneven rough,5,0.0,50.95012664794922,37.66386413574219,0.3389037847518921,1.5182371139526367,-0.1328234225511551,1.5182371139526367,-0.1328234225511551,5.2139739990234375,4.507741928100586,0.3333333432674408,0.45522674918174744,0.23237746953964233,0.7591185569763184,-0.06641171127557755,0.6927204132080078,0.055519916117191315,-0.0318777970969677,-0.03127218782901764,0.6043132543563843,-0.6634832620620728,0.48490428924560547,0.48490428924560547,0.2398306131362915,1.19278883934021,-0.35392773151397705,0.0,0.24507367610931396,0.24507367610931396,0.027759958058595657,0.027759958058595657,0.23244108259677887,-0.01892147585749626,0.9328755736351013,0.0,-0.2046811245381832,-0.2046811245381832,-0.01593889854848385,-0.01593889854848385,0.03198892995715141,-0.12475720047950745,0.8247230648994446,0.0,-0.04792782850563526,-0.04792782850563526,-0.021890530362725258,-0.021890530362725258,0.18953248858451843,-1.7179468870162964,-0.15364977717399597,0.0,-0.2114230189472437,-0.2114230189472437,0.30215662717819214,0.30215662717819214,0.25138789415359497,0.5372586250305176,1.0024020671844482,0.0,0.05076873302459717,0.05076873302459717,-0.3317416310310364,-0.3317416310310364,-0.05244619399309158,-0.517592191696167,-0.6750649213790894,0.0,-0.2792954370379448,-0.2792954370379448
348,11.6,24,0,0,,4,uneven rough,8,0.0,69.22895050048828,36.338321685791016,0.41473519802093506,1.8567461967468262,0.8822991251945496,1.8567461967468262,0.8822991251945496,9.339628219604492,5.214795112609863,0.5,0.5747243165969849,0.21251969039440155,0.9283730983734131,0.4411495625972748,0.36691176891326904,-0.30338558554649353,-0.059304848313331604,0.13148026168346405,0.4714099168777466,-0.499249666929245,0.25683823227882385,0.25683823227882385,0.09384408593177795,1.6135340929031372,-0.25229203701019287,0.0,0.1629941463470459,0.1629941463470459,-0.4854169487953186,-0.4854169487953186,0.15359839797019958,-0.8998516798019409,1.0747278928756714,0.0,-0.6390153467655182,-0.6390153467655182,-0.029652424156665802,-0.029652424156665802,-0.04096972569823265,0.32437580823898315,-0.3108326196670532,0.0,0.011317301541566849,0.011317301541566849,0.0920361801981926,0.0920361801981926,0.038295309990644455,1.030228853225708,-1.069337248802185,0.0,0.05374087020754814,0.05374087020754814,0.2357049584388733,0.2357049584388733,0.18723592162132263,1.7529574632644653,1.2739536762237549,0.0,0.04846903681755066,0.04846903681755066,-0.2496248334646225,-0.2496248334646225,-0.09539145231246948,-1.005135178565979,-0.48781073093414307,0.0,-0.15423338115215302,-0.15423338115215302
349,11.633333333333333,4,0,0,,4,uneven rough,5,0.0,51.262149810791016,36.6674919128418,0.37476855516433716,1.5708866119384766,0.7205961346626282,1.5708866119384766,0.7205961346626282,7.95035457611084,2.6753060817718506,0.3333333432674408,-0.4660268723964691,0.11257599294185638,0.7854433059692383,0.3602980673313141,-0.17151063680648804,0.425347238779068,-0.15931954979896545,0.5545212030410767,0.15482403337955475,0.3180502951145172,-0.12005744129419327,-0.12005744129419327,0.17865394055843353,-1.8905928134918213,0.8174639344215393,0.0,-0.2987113818526268,-0.2987113818526268,0.212673619389534,0.212673619389534,0.19552740454673767,1.9351476430892944,0.8478883504867554,0.0,0.017146214842796326,0.017146214842796326,-0.07965977489948273,-0.07965977489948273,0.07280357927083969,-1.9621905088424683,-1.002815842628479,0.0,-0.15246335417032242,-0.15246335417032242,0.38816484808921814,0.38816484808921814,0.1555386483669281,1.8026432991027832,0.13671965897083282,0.0,0.23262619972229004,0.23262619972229004,0.07741201668977737,0.07741201668977737,0.09177807718515396,-1.8371152877807617,0.016753975301980972,0.0,-0.014366060495376587,-0.014366060495376587,0.1590251475572586,0.1590251475572586,0.009024804458022118,1.7188040018081665,0.08416101336479187,0.0,0.1500003430992365,0.1500003430992365
349,11.633333333333333,14,0,0,,4,uneven rough,5,0.0,50.91769790649414,37.625816345214844,0.3437833786010742,1.8555607795715332,-0.5385553240776062,1.8555607795715332,-0.5385553240776062,4.682554244995117,2.5498390197753906,0.5,0.43111690878868103,0.14916881918907166,0.9277803897857666,-0.2692776620388031,0.5328482985496521,0.4797388017177582,-0.018990270793437958,0.04062371328473091,0.2821016311645508,-0.45799896121025085,0.3729937970638275,0.3729937970638275,0.3064017593860626,1.992923617362976,0.5205885767936707,0.0,0.06659203767776489,0.06659203767776489,0.2398694008588791,0.2398694008588791,0.2240866720676422,0.19850917160511017,0.39472782611846924,0.0,0.015782728791236877,0.015782728791236877,-0.009495135396718979,-0.009495135396718979,-0.006213229615241289,-1.4692789316177368,0.28788521885871887,0.0,-0.0032819057814776897,-0.0032819057814776897,0.028436599299311638,0.028436599299311638,0.1255565583705902,-1.999993085861206,-1.0381062030792236,0.0,-0.09711995907127857,-0.09711995907127857,0.1410508155822754,0.1410508155822754,0.19124335050582886,-1.8749059438705444,0.7394091486930847,0.0,-0.05019253492355347,-0.05019253492355347,-0.22899948060512543,-0.22899948060512543,-0.11212312430143356,-1.946075677871704,-0.586029589176178,0.0,-0.11687635630369186,-0.11687635630369186
349,11.633333333333333,24,0,0,,4,uneven rough,8,0.0,69.28882598876953,36.3470458984375,0.40228402614593506,1.9473298788070679,0.9003644585609436,1.9142025709152222,0.9003644585609436,8.656414031982422,2.94062876701355,0.3333333432674408,0.07495936006307602,0.25221118330955505,0.9736649394035339,0.4501822292804718,-0.24009022116661072,-0.03319908306002617,-0.31718388199806213,0.20115913450717926,0.4795990586280823,0.3731568157672882,-0.16806314885616302,-0.16806314885616302,0.04192892089486122,-2.007103681564331,0.8026493787765503,0.0,-0.20999206975102425,-0.20999206975102425,-0.05311853438615799,-0.05311853438615799,0.09683316946029663,-1.1143001317977905,-0.04170294106006622,0.0,-0.14995170384645462,-0.14995170384645462,-0.15859194099903107,-0.15859194099903107,-0.10100419819355011,-1.5249532461166382,0.048315368592739105,0.0,-0.05758774280548096,-0.05758774280548096,0.14081139862537384,0.14081139862537384,0.10650495439767838,1.6985493898391724,0.11776118725538254,0.0,0.034306444227695465,0.034306444227695465,0.23979952931404114,0.23979952931404114,0.22944363951683044,0.5185272097587585,1.544783353805542,0.0,0.010355889797210693,0.010355889797210693,0.1865784078836441,0.1865784078836441,-0.0470782071352005,2.0220537185668945,-0.780306875705719,0.0,0.2336566150188446,0.2336566150188446
350,11.666666666666666,4,0,0,,4,uneven rough,5,0.0,51.24288558959961,36.62519073486328,0.3840053379535675,1.3922463655471802,0.7581222057342529,1.3922463655471802,0.7581222057342529,7.91571569442749,2.2868618965148926,0.1666666716337204,-0.18553070724010468,0.09318219870328903,0.6961231827735901,0.37906110286712646,0.11917302012443542,0.48817354440689087,0.3061765134334564,0.24153000116348267,-0.22597016394138336,0.19535735249519348,0.08342111110687256,0.08342111110687256,0.11582835018634796,-1.6207307577133179,-0.7136762142181396,0.0,-0.0324072390794754,-0.0324072390794754,0.24408677220344543,0.24408677220344543,0.26142096519470215,2.0000462532043457,1.4626266956329346,0.0,-0.017334192991256714,-0.017334192991256714,0.1530882567167282,0.1530882567167282,0.10062714666128159,1.9836609363555908,-1.545248031616211,0.0,0.052461110055446625,0.052461110055446625,0.1690710037946701,0.1690710037946701,0.18455983698368073,0.2604401707649231,1.0786359310150146,0.0,-0.01548883318901062,-0.01548883318901062,-0.36155226826667786,-0.36155226826667786,0.020213481038808823,-2.062868118286133,-1.031427025794983,0.0,-0.3817657493054867,-0.3817657493054867,0.09767867624759674,0.09767867624759674,0.06578928232192993,1.5798372030258179,1.0083911418914795,0.0,0.03188939392566681,0.03188939392566681
350,11.666666666666666,14,0,0,,4,uneven rough,5,0.0,50.893428802490234,37.58420944213867,0.3453032374382019,1.411973237991333,-1.0708441734313965,1.411973237991333,-1.0708441734313965,4.794600963592529,0.0986945629119873,0.07541538029909134,0.312353253364563,0.12084084749221802,0.7059866189956665,-0.5354220867156982,0.02656659297645092,0.18717549741268158,0.712604284286499,-0.07775861769914627,-0.014870881102979183,-0.6984761953353882,0.01859661564230919,0.01859661564230919,0.2887209355831146,-1.6201609373092651,1.353049397468567,0.0,-0.27012431994080544,-0.27012431994080544,0.09358774870634079,0.09358774870634079,0.16128526628017426,-1.941400170326233,0.28378546237945557,0.0,-0.06769751757383347,-0.06769751757383347,0.3563021421432495,0.3563021421432495,-0.002801385475322604,-0.040929023176431656,-0.7056185603141785,0.0,0.3591035276185721,0.3591035276185721,-0.05443103238940239,-0.05443103238940239,0.06687727570533752,-1.9656145572662354,-1.5819587707519531,0.0,-0.12130830809473991,-0.12130830809473991,-0.023793410509824753,-0.023793410509824753,0.1358969509601593,-1.5667896270751953,-0.7387292981147766,0.0,-0.15969036146998405,-0.15969036146998405,-0.3492380976676941,-0.3492380976676941,-0.13367287814617157,-0.9113630652427673,-1.3550020456314087,0.0,-0.21556521952152252,-0.21556521952152252
350,11.666666666666666,24,0,0,,4,uneven rough,8,0.0,69.34676361083984,36.368404388427734,0.39270544052124023,1.9245269298553467,0.7075770497322083,1.8738394975662231,0.7075770497322083,9.701330184936523,1.2459203004837036,0.1666666716337204,0.10189728438854218,0.12655304372310638,0.9622634649276733,0.3537885248661041,-0.039380185306072235,0.11280718445777893,-0.06345636397600174,-0.2294798493385315,0.4154103398323059,0.3602375388145447,-0.027566129341721535,-0.027566129341721535,-0.0007791336392983794,-1.9008246660232544,-0.7859900593757629,0.0,-0.026786995702423155,-0.026786995702423155,0.056403592228889465,0.056403592228889465,0.051988255232572556,0.5214009284973145,-0.6481513381004333,0.0,0.00441533699631691,0.00441533699631691,-0.03172818198800087,-0.03172818198800087,-0.06434964388608932,1.753714680671692,-0.8412135243415833,0.0,0.032621461898088455,0.032621461898088455,-0.16063588857650757,-0.16063588857650757,0.06217944622039795,-1.1641384363174438,1.011541724205017,0.0,-0.22281533479690552,-0.22281533479690552,0.20770516991615295,0.20770516991615295,0.21923859417438507,-0.22006338834762573,0.9645363092422485,0.0,-0.011533424258232117,-0.011533424258232117,0.18011876940727234,0.18011876940727234,0.02676403522491455,1.6921297311782837,0.8041528463363647,0.0,0.1533547341823578,0.1533547341823578
351,11.7,4,0,0,,4,uneven rough,5,0.0,51.22639846801758,36.579498291015625,0.39018726348876953,1.882990837097168,-0.2816743552684784,1.882990837097168,-0.2816743552684784,9.727568626403809,1.5672540664672852,0.1666666716337204,-0.22975854575634003,0.17799735069274902,0.941495418548584,-0.1408371776342392,0.22758707404136658,0.5618866682052612,0.04440818727016449,0.1685790866613388,-0.050645992159843445,-0.43818867206573486,0.1593109518289566,0.1593109518289566,0.14820007979869843,1.3808693885803223,-1.2265264987945557,0.0,0.011110872030258179,0.011110872030258179,0.2809433341026306,0.2809433341026306,0.2873643636703491,0.09586227685213089,1.7664846181869507,0.0,-0.006421029567718506,-0.006421029567718506,0.022204093635082245,0.022204093635082245,0.05804397538304329,-0.695837676525116,0.450003445148468,0.0,-0.035839881747961044,-0.035839881747961044,0.11800535768270493,0.11800535768270493,0.12245385348796844,-1.9156631231307983,0.6160265803337097,0.0,-0.004448495805263519,-0.004448495805263519,-0.08103358745574951,-0.08103358745574951,-0.04472573101520538,-1.8094991445541382,-1.6146056652069092,0.0,-0.03630785644054413,-0.03630785644054413,-0.21909433603286743,-0.21909433603286743,0.0035074567422270775,-2.012256622314453,1.331487774848938,0.0,-0.2226017927750945,-0.2226017927750945
351,11.7,14,0,0,,4,uneven rough,5,0.0,50.86376190185547,37.543983459472656,0.3372718393802643,1.7455089092254639,-0.8513587713241577,1.7455089092254639,-0.8513587713241577,6.008522033691406,2.703029155731201,0.3333333432674408,0.31214213371276855,0.329328715801239,0.8727544546127319,-0.42567938566207886,0.6809073686599731,0.1861368864774704,0.7066242694854736,0.17103363573551178,0.373445600271225,-0.4578458070755005,0.4766351580619812,0.4766351580619812,0.30030423402786255,0.8949939608573914,-0.32800906896591187,0.0,0.17633092403411865,0.17633092403411865,0.0930684432387352,0.0930684432387352,0.10862530767917633,-0.7694109678268433,-0.9743384718894958,0.0,-0.015556864440441132,-0.015556864440441132,0.3533121347427368,0.3533121347427368,0.040155183523893356,1.438178300857544,-0.32980191707611084,0.0,0.31315695121884346,0.31315695121884346,0.11972354352474213,0.11972354352474213,0.057039134204387665,1.5176239013671875,-1.7988784313201904,0.0,0.06268440932035446,0.06268440932035446,0.1867228001356125,0.1867228001356125,0.1676916778087616,0.7338449358940125,-1.206916093826294,0.0,0.01903112232685089,0.01903112232685089,-0.22892290353775024,-0.22892290353775024,-0.17291496694087982,-0.5934352874755859,-1.1041676998138428,0.0,-0.05600793659687042,-0.05600793659687042
351,11.7,24,0,0,,4,uneven rough,8,0.0,69.40673065185547,36.38999557495117,0.3986521065235138,1.9571022987365723,0.1996309906244278,1.859011173248291,0.1996309906244278,9.5062894821167,5.932563781738281,0.3333333432674408,0.24522769451141357,0.1732117384672165,0.9785511493682861,0.0998154953122139,0.40941566228866577,0.0477435365319252,-0.18794649839401245,-0.255469411611557,0.5773887634277344,-0.3923979103565216,0.28659096360206604,0.28659096360206604,0.04302549734711647,1.6804437637329102,-1.416319489479065,0.0,0.24356546625494957,0.24356546625494957,0.0238717682659626,0.0238717682659626,0.09190193563699722,1.2109440565109253,0.01311560720205307,0.0,-0.06803016737103462,-0.06803016737103462,-0.09397324919700623,-0.09397324919700623,-0.08049076050519943,-1.6160078048706055,0.6259635090827942,0.0,-0.013482488691806793,-0.013482488691806793,-0.17882858216762543,-0.17882858216762543,-0.0031557739712297916,-1.077214241027832,-0.21859174966812134,0.0,-0.17567280819639564,-0.17567280819639564,0.2886943817138672,0.2886943817138672,0.21484391391277313,-0.7810273766517639,0.2947615087032318,0.0,0.07385046780109406,0.07385046780109406,-0.1961989551782608,-0.1961989551782608,0.031493812799453735,-0.19908133149147034,1.3062165975570679,0.0,-0.22769276797771454,-0.22769276797771454
352,11.733333333333333,4,0,0,,4,uneven rough,5,0.0,51.212833404541016,36.532875061035156,0.3951621949672699,1.6798216104507446,-1.20523202419281,1.6798216104507446,-1.20523202419281,8.05986213684082,2.760972738265991,0.1666666716337204,0.07425745576620102,0.07076822221279144,0.8399108052253723,-0.602616012096405,-0.02616116963326931,0.6566250920295715,-0.20147837698459625,-0.34889867901802063,-0.29972854256629944,-0.3442620038986206,-0.018312819302082062,-0.018312819302082062,0.09688614308834076,-1.9994757175445557,0.2476997822523117,0.0,-0.11519896239042282,-0.11519896239042282,0.32831254601478577,0.32831254601478577,0.3041650056838989,0.7044251561164856,0.8219117522239685,0.0,0.02414754033088684,0.02414754033088684,-0.10073918849229813,-0.10073918849229813,-0.0034682464320212603,-1.7545026540756226,-0.19785717129707336,0.0,-0.09727094206027687,-0.09727094206027687,-0.24422907829284668,-0.24422907829284668,0.07501314580440521,-1.9984791278839111,-0.8153953552246094,0.0,-0.3192422240972519,-0.3192422240972519,-0.47956568002700806,-0.47956568002700806,-0.07877499610185623,-0.6191657781600952,-1.7247987985610962,0.0,-0.4007906839251518,-0.4007906839251518,-0.1721310019493103,-0.1721310019493103,-0.05653586611151695,-1.5720911026000977,-0.5590713024139404,0.0,-0.11559513583779335,-0.11559513583779335
352,11.733333333333333,14,0,0,,4,uneven rough,5,0.0,50.8261604309082,37.50620651245117,0.3384036123752594,1.8017255067825317,0.9189905524253845,1.8017255067825317,0.9189905524253845,8.113637924194336,0.673828125,0.37338870763778687,0.3223589062690735,0.09462612122297287,0.9008627533912659,0.45949527621269226,-0.11535155028104782,0.5305280685424805,0.3601011335849762,0.5975492000579834,0.43932396173477173,0.6495505571365356,-0.08074608445167542,-0.08074608445167542,0.24784143269062042,-1.861106038093567,0.36347904801368713,0.0,-0.32858751714229584,-0.32858751714229584,0.26526403427124023,0.26526403427124023,0.17004746198654175,1.640802025794983,-0.8584721088409424,0.0,0.09521657228469849,0.09521657228469849,0.1800505667924881,0.1800505667924881,0.10432616621255875,1.999999761581421,0.6698172688484192,0.0,0.07572440057992935,0.07572440057992935,0.41828444600105286,0.41828444600105286,0.12595690786838531,2.0001535415649414,0.07627791166305542,0.0,0.29232753813266754,0.29232753813266754,0.21966198086738586,0.21966198086738586,0.2380874752998352,1.2997633218765259,-0.1096063107252121,0.0,-0.01842549443244934,-0.01842549443244934,0.3247752785682678,0.3247752785682678,-0.12048056721687317,0.8938025832176208,-0.8153986930847168,0.0,0.445255845785141,0.445255845785141
352,11.733333333333333,24,0,0,,4,uneven rough,8,0.0,69.46574401855469,36.41289138793945,0.41436225175857544,1.917271614074707,-1.3924028873443604,1.8921130895614624,-1.3924028873443604,9.658982276916504,7.563231945037842,0.6666666865348816,-0.007905165664851665,0.033654987812042236,0.9586358070373535,-0.6962014436721802,-0.31997156143188477,0.40670162439346313,-0.16284075379371643,0.21554605662822723,0.23914219439029694,0.0040200320072472095,-0.22398008406162262,-0.22398008406162262,-0.017927443608641624,-2.0001049041748047,0.33459600806236267,0.0,-0.206052640452981,-0.206052640452981,0.20335081219673157,0.20335081219673157,0.15748493373394012,1.8228319883346558,0.6903699636459351,0.0,0.04586587846279144,0.04586587846279144,-0.08142037689685822,-0.08142037689685822,-0.09314143657684326,1.9697576761245728,-0.6416510939598083,0.0,0.011721059679985046,0.011721059679985046,0.15088224411010742,0.15088224411010742,0.0627300888299942,1.8814035654067993,-0.7040584683418274,0.0,0.08815215528011322,0.08815215528011322,0.11957109719514847,0.11957109719514847,0.1560157686471939,-1.7002512216567993,-0.31349146366119385,0.0,-0.03644467145204544,-0.03644467145204544,0.0020100160036236048,0.0020100160036236048,0.014583258889615536,-0.17713677883148193,0.45511847734451294,0.0,-0.012573242885991931,-0.012573242885991931
353,11.766666666666666,4,0,0,,4,uneven rough,5,0.0,51.18901824951172,36.49113464355469,0.38574373722076416,1.6944544315338135,-0.4327220320701599,1.6944544315338135,-0.4327220320701599,7.913266658782959,3.461860179901123,0.3333333432674408,0.13882200419902802,0.1924111545085907,0.8472272157669067,-0.21636101603507996,0.7326724529266357,0.20177017152309418,0.19361276924610138,-0.16410410404205322,0.33073458075523376,-0.7223445177078247,0.512870728969574,0.512870728969574,0.1425161510705948,1.9970258474349976,-1.0228573083877563,0.0,0.3703545778989792,0.3703545778989792,0.10088508576154709,0.10088508576154709,0.24991555511951447,-1.999941349029541,0.7554846405982971,0.0,-0.14903046935796738,-0.14903046935796738,0.09680638462305069,0.09680638462305069,0.040429335087537766,1.8888554573059082,-1.0779873132705688,0.0,0.056377049535512924,0.056377049535512924,-0.11487287282943726,-0.11487287282943726,0.007168946322053671,-1.8555374145507812,-1.4843130111694336,0.0,-0.12204181915149093,-0.12204181915149093,0.16536729037761688,0.16536729037761688,-0.037844836711883545,2.0156590938568115,-1.0996718406677246,0.0,0.20321212708950043,0.20321212708950043,-0.36117225885391235,-0.36117225885391235,-0.06900569051504135,-0.09615439921617508,-1.1318345069885254,0.0,-0.292166568338871,-0.292166568338871
353,11.766666666666666,14,0,0,,4,uneven rough,5,0.0,50.79214096069336,37.469932556152344,0.34289613366127014,1.729122281074524,1.0667507648468018,1.729122281074524,1.0667507648468018,9.38471508026123,3.1571927070617676,0.1666666716337204,0.4180648922920227,0.10632489621639252,0.864561140537262,0.5333753824234009,0.15127912163734436,0.3766615092754364,-0.40303024649620056,0.538986086845398,0.2003672868013382,0.48361024260520935,0.10589538514614105,0.10589538514614105,0.1802004724740982,-1.9703431129455566,-0.8943053483963013,0.0,-0.07430508732795715,-0.07430508732795715,0.1883307546377182,0.1883307546377182,0.1716054081916809,0.4020109176635742,0.5546219348907471,0.0,0.016725346446037292,0.016725346446037292,-0.20151512324810028,-0.20151512324810028,0.046541452407836914,-1.9999107122421265,1.4219048023223877,0.0,-0.2480565756559372,-0.2480565756559372,0.3772902488708496,0.3772902488708496,0.18689477443695068,1.7894498109817505,1.1640406847000122,0.0,0.19039547443389893,0.19039547443389893,0.1001836434006691,0.1001836434006691,0.17778827250003815,-1.9200540781021118,0.6872538328170776,0.0,-0.07760462909936905,-0.07760462909936905,0.24180512130260468,0.24180512130260468,-0.09155868738889694,0.6655219793319702,0.15098677575588226,0.0,0.3333638086915016,0.3333638086915016
353,11.766666666666666,24,0,0,,4,uneven rough,8,0.0,69.52359008789062,36.444889068603516,0.4168991446495056,1.9355204105377197,-0.49081507325172424,1.869077205657959,-0.49081507325172424,9.707662582397461,1.3687646389007568,0.1666666716337204,-0.10661657899618149,0.07383081316947937,0.9677602052688599,-0.24540753662586212,-0.24079908430576324,0.6162725687026978,-0.09695327281951904,-0.22267569601535797,0.4560263752937317,-0.17847150564193726,-0.16855935752391815,-0.16855935752391815,-0.08126500993967056,-1.8329904079437256,-0.9854480624198914,0.0,-0.08729434758424759,-0.08729434758424759,0.3081362843513489,0.3081362843513489,0.22500286996364594,1.990439772605896,1.3306660652160645,0.0,0.08313341438770294,0.08313341438770294,-0.04847663640975952,-0.04847663640975952,-0.051255181431770325,1.414137601852417,0.8348441123962402,0.0,0.0027785450220108032,0.0027785450220108032,-0.15587298572063446,-0.15587298572063446,0.03915104642510414,-1.7829893827438354,0.7577663660049438,0.0,-0.1950240321457386,-0.1950240321457386,0.22801318764686584,0.22801318764686584,0.19791127741336823,1.2258353233337402,-1.0975679159164429,0.0,0.03010191023349762,0.03010191023349762,-0.08923575282096863,-0.08923575282096863,-0.02584157884120941,-0.12011593580245972,0.09764022380113602,0.0,-0.06339417397975922,-0.06339417397975922
354,11.8,4,0,0,,4,uneven rough,5,0.0,51.15192794799805,36.4563102722168,0.3717317581176758,1.6766847372055054,-0.28337594866752625,1.6766847372055054,-0.28337594866752625,7.3397417068481445,3.3520140647888184,0.3333333432674408,0.5638735294342041,0.08255232870578766,0.8383423686027527,-0.14168797433376312,0.7861758470535278,0.16974028944969177,0.3121627867221832,0.4374983310699463,0.5648138523101807,-0.26396167278289795,0.5503230690956116,0.5503230690956116,0.20726318657398224,1.4617059230804443,0.6845900416374207,0.0,0.34305988252162933,0.34305988252162933,0.08487014472484589,0.08487014472484589,0.18433783948421478,-1.978113055229187,-0.8024381399154663,0.0,-0.0994676947593689,-0.0994676947593689,0.1560813933610916,0.1560813933610916,0.08475794643163681,-0.22402116656303406,0.5994709134101868,0.0,0.0713234469294548,0.0713234469294548,0.30624881386756897,0.30624881386756897,0.03556713089346886,2.0268383026123047,-1.6942039728164673,0.0,0.2706816829741001,0.2706816829741001,0.28240692615509033,0.28240692615509033,0.03293206915259361,2.114917755126953,0.6617418527603149,0.0,0.24947485700249672,0.24947485700249672,-0.13198083639144897,-0.13198083639144897,-0.07100996375083923,0.04400144889950752,-0.5462591052055359,0.0,-0.06097087264060974,-0.06097087264060974
354,11.8,14,0,0,,4,uneven rough,5,0.0,50.7552604675293,37.4327278137207,0.34687086939811707,1.42661714553833,0.4536706209182739,1.42661714553833,0.4536706209182739,8.20582103729248,2.4664745330810547,0.1666666716337204,0.28174644708633423,0.17721951007843018,0.713308572769165,0.22683531045913696,0.01345981564372778,0.43398159742355347,0.3146335482597351,0.29228413105010986,-0.3093619644641876,0.2730296850204468,0.009421871043741703,0.009421871043741703,0.12035179138183594,-0.9461144804954529,-1.5026990175247192,0.0,-0.11092992033809423,-0.11092992033809423,0.21699079871177673,0.21699079871177673,0.2108057588338852,-0.11466012895107269,0.4683353900909424,0.0,0.0061850398778915405,0.0061850398778915405,0.15731677412986755,0.15731677412986755,0.11054687947034836,1.937149167060852,-0.5127958059310913,0.0,0.046769894659519196,0.046769894659519196,0.20459888875484467,0.20459888875484467,0.22570344805717468,-0.2477862387895584,1.5176481008529663,0.0,-0.021104559302330017,-0.021104559302330017,-0.4949791431427002,-0.4949791431427002,0.13427816331386566,-0.7862765192985535,-0.7869227528572083,0.0,-0.6292573064565659,-0.6292573064565659,0.1365148425102234,0.1365148425102234,-0.04218684509396553,-0.282776802778244,0.4419059157371521,0.0,0.17870168760418892,0.17870168760418892
354,11.8,24,0,0,,4,uneven rough,8,0.0,69.58209228515625,36.46664810180664,0.41871339082717896,1.8892664909362793,0.12237120419740677,1.8776741027832031,0.12237120419740677,9.246009826660156,4.437291145324707,0.3333333432674408,-0.33917373418807983,0.19529995322227478,0.9446332454681396,0.061185602098703384,0.6378312110900879,0.07354399561882019,-0.47101739048957825,-0.2662234902381897,0.4511580765247345,-0.4834575057029724,0.446481853723526,0.446481853723526,-0.05499596148729324,1.146048665046692,-1.46465003490448,0.0,0.5014778152108192,0.5014778152108192,0.036771997809410095,0.036771997809410095,0.1950320303440094,-0.3439854085445404,1.7037032842636108,0.0,-0.1582600325345993,-0.1582600325345993,-0.23550869524478912,-0.23550869524478912,-0.05303524062037468,0.4495072364807129,1.1623777151107788,0.0,-0.18247345462441444,-0.18247345462441444,-0.18635644018650055,-0.18635644018650055,-0.02895320951938629,-1.9713164567947388,-0.6787814497947693,0.0,-0.15740323066711426,-0.15740323066711426,0.22557903826236725,0.22557903826236725,0.1811474710702896,0.9517834186553955,0.2160884439945221,0.0,0.04443156719207764,0.04443156719207764,-0.2417287528514862,-0.2417287528514862,-0.035962365567684174,-0.26935186982154846,-0.025479497388005257,0.0,-0.20576638728380203,-0.20576638728380203
355,11.833333333333334,4,0,0,,4,uneven rough,5,0.0,51.11581039428711,36.42100143432617,0.3658832907676697,1.711944580078125,0.4675789475440979,1.711944580078125,0.4675789475440979,5.9513468742370605,1.5639686584472656,0.3333333432674408,0.7709425687789917,0.23889371752738953,0.8559722900390625,0.23378947377204895,-0.5234869122505188,0.44023391604423523,0.44111400842666626,0.7420001029968262,0.39679720997810364,0.6749427914619446,-0.3664408326148987,-0.3664408326148987,0.17199091613292694,-1.733256459236145,1.123972773551941,0.0,-0.5384317487478256,-0.5384317487478256,0.22011695802211761,0.22011695802211761,0.19697776436805725,0.9439195394515991,-1.467166781425476,0.0,0.023139193654060364,0.023139193654060364,0.22055700421333313,0.22055700421333313,0.14354945719242096,1.3481100797653198,0.13386701047420502,0.0,0.07700754702091217,0.07700754702091217,0.5194000601768494,0.5194000601768494,0.10616825520992279,1.6035488843917847,0.40967997908592224,0.0,0.4132318049669266,0.4132318049669266,0.19839860498905182,0.19839860498905182,0.11328122019767761,2.0088040828704834,1.483370065689087,0.0,0.0851173847913742,0.0851173847913742,0.3374713957309723,0.3374713957309723,-0.0011681430041790009,2.0451502799987793,-0.21252472698688507,0.0,0.3386395387351513,0.3386395387351513
355,11.833333333333334,14,0,0,,4,uneven rough,5,0.0,50.724117279052734,37.38785934448242,0.35963907837867737,1.8572187423706055,0.1905062347650528,1.8572187423706055,0.1905062347650528,8.437129020690918,5.102431774139404,0.6666666865348816,0.20369236171245575,0.13433632254600525,0.9286093711853027,0.0952531173825264,0.23141564428806305,0.5907641649246216,-0.29568198323249817,0.19386698305606842,0.023365788161754608,0.06814640760421753,0.1619909554719925,0.1619909554719925,0.15094967186450958,1.4701907634735107,-1.1880050897598267,0.0,0.01104128360748291,0.01104128360748291,0.2953820824623108,0.2953820824623108,0.2531355321407318,1.038572072982788,0.1387086808681488,0.0,0.04224655032157898,0.04224655032157898,-0.14784099161624908,-0.14784099161624908,0.12584754824638367,0.44777894020080566,0.8724074959754944,0.0,-0.27368853986263275,-0.27368853986263275,0.13570688664913177,0.13570688664913177,0.16079320013523102,-1.972578763961792,0.5194683074951172,0.0,-0.025086313486099243,-0.025086313486099243,0.011682894080877304,0.011682894080877304,0.08244229108095169,-1.9850258827209473,-0.7865573763847351,0.0,-0.07075939700007439,-0.07075939700007439,0.034073203802108765,0.034073203802108765,-0.054340019822120667,-0.6538375616073608,0.032169003039598465,0.0,0.08841322362422943,0.08841322362422943
355,11.833333333333334,24,0,0,,4,uneven rough,8,0.0,69.64478302001953,36.48845291137695,0.42592567205429077,1.9805439710617065,-0.7809413075447083,1.88369882106781,-0.7809413075447083,9.775496482849121,5.147543907165527,0.5,-0.1827252358198166,0.08239957690238953,0.9902719855308533,-0.3904706537723541,0.3530421555042267,0.41868898272514343,-0.4419974386692047,-0.29984915256500244,0.3539239764213562,-0.3509991466999054,0.24712949991226196,0.24712949991226196,0.007840636186301708,1.9545681476593018,0.011443695984780788,0.0,0.23928886372596025,0.23928886372596025,0.20934449136257172,0.20934449136257172,0.1902073472738266,0.5861403942108154,0.5459364652633667,0.0,0.019137144088745117,0.019137144088745117,-0.22099871933460236,-0.22099871933460236,-0.08312906324863434,-1.7832947969436646,0.7593194246292114,0.0,-0.13786965608596802,-0.13786965608596802,-0.20989440381526947,-0.20989440381526947,-0.09352461248636246,-1.8993926048278809,-1.4095830917358398,0.0,-0.11636979132890701,-0.11636979132890701,0.1769619882106781,0.1769619882106781,0.18678374588489532,-0.05788130313158035,0.6320517063140869,0.0,-0.009821757674217224,-0.009821757674217224,-0.1754995733499527,-0.1754995733499527,-0.08672578632831573,-1.905477523803711,-0.16336537897586823,0.0,-0.08877378702163696,-0.08877378702163696
356,11.866666666666667,4,0,0,,4,uneven rough,5,0.0,51.08725357055664,36.382232666015625,0.360198438167572,1.571558952331543,0.5586626529693604,1.571558952331543,0.5586626529693604,8.389552116394043,1.3633527755737305,0.3333333432674408,0.5675378441810608,0.189133882522583,0.7857794761657715,0.2793313264846802,-0.0987587720155716,0.5029284954071045,-0.3871954679489136,0.46185994148254395,0.46798786520957947,0.3286464512348175,-0.06913113594055176,-0.06913113594055176,0.10662159323692322,-1.2310861349105835,-0.4915097653865814,0.0,-0.17575272917747498,-0.17575272917747498,0.25146424770355225,0.25146424770355225,0.2561643719673157,2.0152461528778076,-0.10393428057432175,0.0,-0.004700124263763428,-0.004700124263763428,-0.1935977339744568,-0.1935977339744568,0.08424614369869232,-2.0874385833740234,0.820402204990387,0.0,-0.2778438776731491,-0.2778438776731491,0.32330194115638733,0.32330194115638733,0.168432354927063,1.2616149187088013,1.08469557762146,0.0,0.15486958622932434,0.15486958622932434,0.23399393260478973,0.23399393260478973,0.1786893755197525,2.025357246398926,1.7804514169692993,0.0,0.05530455708503723,0.05530455708503723,0.16432322561740875,0.16432322561740875,0.06268109381198883,2.208041191101074,1.0639687776565552,0.0,0.10164213180541992,0.10164213180541992
356,11.866666666666667,14,0,0,,4,uneven rough,5,0.0,50.7014045715332,37.336063385009766,0.36795705556869507,1.7811166048049927,-0.32380372285842896,1.7811166048049927,-0.32380372285842896,6.022267818450928,0.7320205569267273,0.5,0.07990199327468872,0.05820118635892868,0.8905583024024963,-0.16190186142921448,-0.023868929594755173,0.5279479026794434,-0.17567729949951172,-0.17829330265522003,0.1431286484003067,-0.5519813299179077,-0.01670825108885765,-0.01670825108885765,0.10256386548280716,-2.0117859840393066,0.3149435818195343,0.0,-0.11927211657166481,-0.11927211657166481,0.2639739513397217,0.2639739513397217,0.2807294726371765,0.34086254239082336,0.6474930644035339,0.0,-0.016755521297454834,-0.016755521297454834,-0.08783864974975586,-0.08783864974975586,0.07219239324331284,-1.7385916709899902,0.6323217153549194,0.0,-0.1600310429930687,-0.1600310429930687,-0.12480530887842178,-0.12480530887842178,0.11254800856113434,-1.7357655763626099,-0.8895395994186401,0.0,-0.23735331743955612,-0.23735331743955612,0.07156432420015335,0.07156432420015335,0.055850543081760406,0.9329790472984314,-1.464173674583435,0.0,0.015713781118392944,0.015713781118392944,-0.27599066495895386,-0.27599066495895386,-0.12344832718372345,-1.8995472192764282,-0.3557003438472748,0.0,-0.1525423377752304,-0.1525423377752304
356,11.866666666666667,24,0,0,,4,uneven rough,8,0.0,69.71223449707031,36.5041618347168,0.4411824345588684,1.9305686950683594,-0.5489199161529541,1.8763549327850342,-0.5489199161529541,10.295852661132812,0.640817403793335,0.3333333432674408,0.0064501166343688965,0.13108262419700623,0.9652843475341797,-0.27445995807647705,0.10537682473659515,0.6309101581573486,0.11381442099809647,-0.06404541432857513,0.19768087565898895,-0.40242528915405273,0.07376377284526825,0.07376377284526825,0.057660073041915894,0.9999328851699829,1.1100897789001465,0.0,0.016103699803352356,0.016103699803352356,0.3154550790786743,0.3154550790786743,0.2521372437477112,2.0000016689300537,0.5686678290367126,0.0,0.06331783533096313,0.06331783533096313,0.05690721049904823,0.05690721049904823,-0.029143940657377243,1.9999761581420898,-0.6782792210578918,0.0,0.08605115115642548,0.08605115115642548,-0.044831790030002594,-0.044831790030002594,-0.0758204385638237,1.9761313199996948,-1.6865222454071045,0.0,0.030988648533821106,0.030988648533821106,0.09884043782949448,0.09884043782949448,0.13718757033348083,-2.0001602172851562,0.24196234345436096,0.0,-0.03834713250398636,-0.03834713250398636,-0.20121264457702637,-0.20121264457702637,-0.13420182466506958,-1.9964603185653687,-1.148358702659607,0.0,-0.06701081991195679,-0.06701081991195679
357,11.9,4,0,0,,4,uneven rough,5,0.0,51.06570816040039,36.346221923828125,0.35064440965652466,1.77894926071167,0.312317430973053,1.77894926071167,0.312317430973053,9.139780044555664,4.2515106201171875,0.3333333432674408,0.5288699865341187,0.14376699924468994,0.889474630355835,0.1561587154865265,0.04526425898075104,0.2178846150636673,-0.2791890799999237,0.44539791345596313,0.685389518737793,0.034637317061424255,0.03168497979640961,0.03168497979640961,0.051472947001457214,-1.3374149799346924,-0.9096675515174866,0.0,-0.019787967205047607,-0.019787967205047607,0.10894230753183365,0.10894230753183365,0.19942055642604828,-1.9060063362121582,1.0942541360855103,0.0,-0.09047824889421463,-0.09047824889421463,-0.13959453999996185,-0.13959453999996185,0.017343876883387566,-1.9143577814102173,-0.8236961960792542,0.0,-0.15693841688334942,-0.15693841688334942,0.31177854537963867,0.31177854537963867,0.2392895519733429,1.8433771133422852,1.1847261190414429,0.0,0.07248899340629578,0.07248899340629578,0.3426947593688965,0.3426947593688965,0.223973348736763,1.2435283660888672,1.9189215898513794,0.0,0.11872141063213348,0.11872141063213348,0.017318658530712128,0.017318658530712128,0.005434978287667036,-1.8756712675094604,1.7108293771743774,0.0,0.011883680243045092,0.011883680243045092
357,11.9,14,0,0,,4,uneven rough,5,0.0,50.67319869995117,37.289215087890625,0.36437180638313293,1.5359669923782349,0.5760753750801086,1.5359669923782349,0.5760753750801086,8.425862312316895,2.488478660583496,0.3333333432674408,0.3820437788963318,0.23573607206344604,0.7679834961891174,0.2880376875400543,0.8635591864585876,0.04184141010046005,-0.11803058534860611,0.007626147475093603,0.2883402109146118,-0.5680336356163025,0.6044914126396179,0.6044914126396179,0.13593553006649017,1.842037558555603,-1.0005935430526733,0.0,0.46855588257312775,0.46855588257312775,0.020920705050230026,0.020920705050230026,0.23990903794765472,-0.7070455551147461,0.47412362694740295,0.0,-0.2189883328974247,-0.2189883328974247,-0.059015292674303055,-0.059015292674303055,0.02372981235384941,-1.4117119312286377,-0.7081969976425171,0.0,-0.08274510502815247,-0.08274510502815247,0.005338303279131651,0.005338303279131651,0.04254293069243431,-1.8220901489257812,-1.3679972887039185,0.0,-0.03720462741330266,-0.03720462741330266,0.1441701054573059,0.1441701054573059,0.09290055930614471,1.890586495399475,-0.10881923884153366,0.0,0.051269546151161194,0.051269546151161194,-0.28401681780815125,-0.28401681780815125,-0.1698266714811325,-0.10189545899629593,-1.228594183921814,0.0,-0.11419014632701874,-0.11419014632701874
357,11.9,24,0,0,,4,uneven rough,8,0.0,69.7811279296875,36.52016067504883,0.4460490942001343,1.9444223642349243,-0.3725614845752716,1.8820425271987915,-0.3725614845752716,9.707748413085938,0.0,0.0,0.4135270118713379,0.12672364711761475,0.9722111821174622,-0.1862807422876358,-0.44047796726226807,0.7183472514152527,0.1970580667257309,0.22368420660495758,0.28105899691581726,-0.14119093120098114,-0.3083345592021942,-0.3083345592021942,0.01258279662579298,-1.7122011184692383,1.0478068590164185,0.0,-0.3209173558279872,-0.3209173558279872,0.35917362570762634,0.35917362570762634,0.3186382055282593,1.8191983699798584,1.3779464960098267,0.0,0.040535420179367065,0.040535420179367065,0.09852903336286545,0.09852903336286545,0.017789823934435844,0.8301144242286682,0.8360111713409424,0.0,0.0807392094284296,0.0807392094284296,0.1565789431333542,0.1565789431333542,-0.006433703936636448,1.993898868560791,0.38434863090515137,0.0,0.16301264706999063,0.16301264706999063,0.14052949845790863,0.14052949845790863,0.13105927407741547,0.9116791486740112,-1.0257377624511719,0.0,0.009470224380493164,0.009470224380493164,-0.07059546560049057,-0.07059546560049057,-0.08537894487380981,1.9306622743606567,-1.627876877784729,0.0,0.014783479273319244,0.014783479273319244
358,11.933333333333334,4,0,0,,4,uneven rough,5,0.0,51.0423698425293,36.31026840209961,0.3527877628803253,1.684746265411377,0.2768767476081848,1.684746265411377,0.2768767476081848,8.861623764038086,4.87483024597168,0.3333333432674408,0.6680991053581238,0.16878782212734222,0.8423731327056885,0.1384383738040924,0.14981918036937714,0.020115340128540993,0.415742963552475,0.14800120890140533,0.2992696762084961,-0.09930074214935303,0.104873426258564,0.104873426258564,0.11048386245965958,1.59182608127594,-1.1515166759490967,0.0,-0.005610436201095581,-0.005610436201095581,0.010057670064270496,0.010057670064270496,0.1337643414735794,-1.9503698348999023,-0.6020985245704651,0.0,-0.12370667140930891,-0.12370667140930891,0.2078714817762375,0.2078714817762375,0.047561176121234894,0.5896122455596924,-1.4403581619262695,0.0,0.1603103056550026,0.1603103056550026,0.10360084474086761,0.10360084474086761,0.18521176278591156,-1.8483349084854126,1.5571285486221313,0.0,-0.08161091804504395,-0.08161091804504395,0.14963483810424805,0.14963483810424805,0.2013942003250122,-1.7912267446517944,1.5370529890060425,0.0,-0.05175936222076416,-0.05175936222076416,-0.049650371074676514,-0.049650371074676514,-0.016838377341628075,-0.651111900806427,-0.31698453426361084,0.0,-0.03281199373304844,-0.03281199373304844
358,11.933333333333334,14,0,0,,4,uneven rough,5,0.0,50.63212585449219,37.25164031982422,0.35865795612335205,1.874210238456726,-0.9370355010032654,1.874210238456726,-0.9370355010032654,7.436038017272949,6.360330104827881,0.5,0.4103103578090668,0.09022592753171921,0.937105119228363,-0.4685177505016327,0.39641156792640686,-0.1088557243347168,0.13540007174015045,0.21418438851833344,0.6859032511711121,-0.05670018866658211,0.2774880826473236,0.2774880826473236,0.20156799256801605,1.9898816347122192,0.6066352128982544,0.0,0.07592009007930756,0.07592009007930756,-0.1741691678762436,-0.1741691678762436,0.18326924741268158,-1.2510972023010254,-0.1937115490436554,0.0,-0.35743841528892517,-0.35743841528892517,0.06770003587007523,0.06770003587007523,0.06375716626644135,1.2925924062728882,-1.1059656143188477,0.0,0.003942869603633881,0.003942869603633881,0.14992907643318176,0.14992907643318176,0.0638379231095314,1.9829832315444946,-1.6247421503067017,0.0,0.08609115332365036,0.08609115332365036,0.34295162558555603,0.34295162558555603,0.153240367770195,1.9658468961715698,1.0216484069824219,0.0,0.18971125781536102,0.18971125781536102,-0.028350094333291054,-0.028350094333291054,-0.0997149720788002,1.9692111015319824,-0.5915567278862,0.0,0.07136487774550915,0.07136487774550915
358,11.933333333333334,24,0,0,,4,uneven rough,8,0.0,69.84786987304688,36.539302825927734,0.42985618114471436,1.9442899227142334,0.7713467478752136,1.8985263109207153,0.7713467478752136,9.713607788085938,1.6112807989120483,0.1666666716337204,0.23767337203025818,0.1160537526011467,0.9721449613571167,0.3856733739376068,0.03120569698512554,0.6020585298538208,-0.5518454313278198,-0.017606934532523155,0.553979754447937,0.40145981311798096,0.021843988448381424,0.021843988448381424,0.01692952774465084,0.8494644165039062,-0.5127065777778625,0.0,0.004914460703730583,0.004914460703730583,0.3010292649269104,0.3010292649269104,0.3177165687084198,-1.1606675386428833,1.627431035041809,0.0,-0.0166873037815094,-0.0166873037815094,-0.2759227156639099,-0.2759227156639099,-0.044657886028289795,-2.0000011920928955,0.8326771259307861,0.0,-0.23126482963562012,-0.23126482963562012,-0.012324853800237179,-0.012324853800237179,-0.009017218835651875,-0.7053914070129395,1.29439115524292,0.0,-0.0033076349645853043,-0.0033076349645853043,0.2769898772239685,0.2769898772239685,0.18763403594493866,1.9714735746383667,0.06968123465776443,0.0,0.08935584127902985,0.08935584127902985,0.20072990655899048,0.20072990655899048,-0.0226752907037735,1.9834887981414795,0.38412752747535706,0.0,0.22340519726276398,0.22340519726276398
359,11.966666666666667,4,0,0,,4,uneven rough,5,0.0,51.029052734375,36.26899337768555,0.3685804009437561,1.7412493228912354,-0.2549532949924469,1.7412493228912354,-0.2549532949924469,6.565817832946777,0.9485630989074707,0.3333333432674408,0.3988892436027527,0.10948392003774643,0.8706246614456177,-0.12747664749622345,0.013268379494547844,0.30947211384773254,0.4683714210987091,-0.2522832751274109,0.20598730444908142,-0.37974998354911804,0.009287865832448006,0.009287865832448006,0.07735586166381836,-2.0022308826446533,0.3995742201805115,0.0,-0.06806799583137035,-0.06806799583137035,0.15473605692386627,0.15473605692386627,0.12875570356845856,0.7269086837768555,-1.3644134998321533,0.0,0.025980353355407715,0.025980353355407715,0.23418571054935455,0.23418571054935455,0.07837236672639847,0.7090539932250977,-0.2926092743873596,0.0,0.15581334382295609,0.15581334382295609,-0.17659829556941986,-0.17659829556941986,0.1509358137845993,-1.1753580570220947,-0.3683266043663025,0.0,-0.32753410935401917,-0.32753410935401917,0.10299365222454071,0.10299365222454071,0.15062564611434937,-1.666695237159729,-0.3447623550891876,0.0,-0.047631993889808655,-0.047631993889808655,-0.18987499177455902,-0.18987499177455902,-0.05338478088378906,-1.374427080154419,-0.5059007406234741,0.0,-0.13649021089076996,-0.13649021089076996
359,11.966666666666667,14,0,0,,4,uneven rough,5,0.0,50.59572219848633,37.2078742980957,0.3569461703300476,1.5882915258407593,0.0624314546585083,1.5882915258407593,0.0624314546585083,8.162141799926758,0.0,0.0,0.21785300970077515,0.20859865844249725,0.7941457629203796,0.03121572732925415,-0.32173535227775574,0.4917711913585663,0.13345354795455933,0.6187087893486023,0.4076101779937744,0.17417125403881073,-0.22521474957466125,-0.22521474957466125,0.1698697954416275,-1.9188852310180664,1.3887252807617188,0.0,-0.39508454501628876,-0.39508454501628876,0.24588559567928314,0.24588559567928314,0.22527416050434113,1.246893286705017,-0.7915592789649963,0.0,0.020611435174942017,0.020611435174942017,0.06672677397727966,0.06672677397727966,0.06787514686584473,-0.4099524915218353,0.2501834034919739,0.0,-0.0011483728885650635,-0.0011483728885650635,0.43309614062309265,0.43309614062309265,0.13600018620491028,1.9921492338180542,0.4150722622871399,0.0,0.2970959544181824,0.2970959544181824,0.2038050889968872,0.2038050889968872,0.21702727675437927,0.4428234100341797,1.5554999113082886,0.0,-0.013222187757492065,-0.013222187757492065,0.08708562701940536,0.08708562701940536,-0.037682127207517624,2.000000476837158,0.8563060164451599,0.0,0.12476775422692299,0.12476775422692299
359,11.966666666666667,24,0,0,,4,uneven rough,8,0.0,69.91484832763672,36.55580139160156,0.40924516320228577,1.8795100450515747,0.9834482073783875,1.8681172132492065,0.9834482073783875,9.536598205566406,0.0,0.0,0.25825533270835876,0.1673067808151245,0.9397550225257874,0.4917241036891937,-0.09901746362447739,0.604633092880249,0.04185701161623001,0.09823305904865265,0.7197445631027222,0.29681214690208435,-0.06931222230195999,-0.06931222230195999,-0.04175322875380516,-1.990723729133606,0.2574673593044281,0.0,-0.02755899354815483,-0.02755899354815483,0.3023165464401245,0.3023165464401245,0.30896952748298645,-1.1927069425582886,0.05103510245680809,0.0,-0.0066529810428619385,-0.0066529810428619385,0.020928505808115005,0.020928505808115005,1.3425898941932246e-05,1.9870779514312744,-0.7689242959022522,0.0,0.020915079909173073,0.020915079909173073,0.0687631368637085,0.0687631368637085,0.05130615830421448,1.9993348121643066,0.16371048986911774,0.0,0.01745697855949402,0.01745697855949402,0.3598722815513611,0.3598722815513611,0.24950315058231354,1.9974387884140015,1.1449580192565918,0.0,0.11036913096904755,0.11036913096904755,0.14840607345104218,0.14840607345104218,0.037573955953121185,1.9868431091308594,1.2884092330932617,0.0,0.11083211749792099,0.11083211749792099
360,12.0,4,0,0,,4,uneven rough,5,0.0,51.013214111328125,36.22829818725586,0.37966835498809814,1.8285058736801147,-0.085345558822155,1.8285058736801147,-0.085345558822155,7.750417709350586,2.098574161529541,0.3333333432674408,0.41699501872062683,0.2641483545303345,0.9142529368400574,-0.0426727794110775,0.634650468826294,0.2197505533695221,0.2161618322134018,-0.284805566072464,0.27490246295928955,-0.8059677481651306,0.4442553222179413,0.4442553222179413,0.11595999449491501,1.9468010663986206,-0.9584106802940369,0.0,0.3282953277230263,0.3282953277230263,0.10987527668476105,0.10987527668476105,0.11957799643278122,-0.4774526059627533,-0.18197621405124664,0.0,-0.009702719748020172,-0.009702719748020172,0.1080809161067009,0.1080809161067009,0.09698889404535294,0.13290958106517792,0.2737329304218292,0.0,0.011092022061347961,0.011092022061347961,-0.19936388731002808,-0.19936388731002808,0.08110938221216202,-1.7568122148513794,-0.8246236443519592,0.0,-0.2804732695221901,-0.2804732695221901,0.13745123147964478,0.13745123147964478,0.12184485048055649,0.4082663655281067,-1.092185616493225,0.0,0.015606380999088287,0.015606380999088287,-0.4029838740825653,-0.4029838740825653,-0.10266656428575516,-1.3891643285751343,-0.996967077255249,0.0,-0.30031730979681015,-0.30031730979681015
360,12.0,14,0,0,,4,uneven rough,5,0.0,50.560420989990234,37.16476058959961,0.3532465994358063,1.5581021308898926,0.10317352414131165,1.5581021308898926,0.10317352414131165,7.9144415855407715,0.0,0.0,0.20878669619560242,0.050280582159757614,0.7790510654449463,0.05158676207065582,0.4815744161605835,0.4375143051147461,-0.29054298996925354,0.31610769033432007,0.3286641836166382,0.13739608228206635,0.33710208535194397,0.33710208535194397,0.19696089625358582,1.7583600282669067,-0.481403648853302,0.0,0.14014118909835815,0.14014118909835815,0.21875715255737305,0.21875715255737305,0.22154346108436584,0.09193053841590881,0.3609854578971863,0.0,-0.002786308526992798,-0.002786308526992798,-0.14527149498462677,-0.14527149498462677,0.00906701385974884,-1.800133466720581,-0.12305861711502075,0.0,-0.1543385088443756,-0.1543385088443756,0.22127537429332733,0.22127537429332733,0.1828714907169342,1.4420511722564697,1.3067543506622314,0.0,0.03840388357639313,0.03840388357639313,0.1643320918083191,0.1643320918083191,0.16041608154773712,-0.7511759400367737,0.9263905882835388,0.0,0.00391601026058197,0.00391601026058197,0.06869804114103317,0.06869804114103317,0.019119586795568466,-0.5428760051727295,1.5029529333114624,0.0,0.049578454345464706,0.049578454345464706
360,12.0,24,0,0,,4,uneven rough,8,0.0,69.97914123535156,36.57286834716797,0.40010103583335876,1.902833104133606,0.6503767371177673,1.861398696899414,0.6503767371177673,9.808436393737793,1.6189278364181519,0.1666666716337204,0.38056838512420654,0.13629184663295746,0.951416552066803,0.32518836855888367,-0.08561109006404877,0.7053439617156982,-0.31867432594299316,0.3097571134567261,-0.14007379114627838,0.3572719097137451,-0.05992776155471802,-0.05992776155471802,-0.09115488827228546,-0.572690486907959,-1.0136638879776,0.0,0.031227126717567444,0.031227126717567444,0.3526719808578491,0.3526719808578491,0.31441810727119446,1.4098713397979736,-0.6521788835525513,0.0,0.03825387358665466,0.03825387358665466,-0.15933716297149658,-0.15933716297149658,-0.03473004698753357,1.3210608959197998,0.7893243432044983,0.0,-0.12460711598396301,-0.12460711598396301,0.21682997047901154,0.21682997047901154,0.10993941873311996,1.2811529636383057,1.201575756072998,0.0,0.10689055174589157,0.10689055174589157,-0.22411806881427765,-0.22411806881427765,0.23366262018680573,-1.3385248184204102,1.6269521713256836,0.0,-0.4577806890010834,-0.4577806890010834,0.17863595485687256,0.17863595485687256,0.07366178184747696,-1.7477163076400757,1.683305025100708,0.0,0.1049741730093956,0.1049741730093956
361,12.033333333333333,4,0,0,,4,uneven rough,5,0.0,50.995418548583984,36.185791015625,0.37509575486183167,1.624906301498413,-0.4740453362464905,1.624906301498413,-0.4740453362464905,6.178290367126465,1.4204524755477905,0.3333333432674408,0.3732474446296692,0.16948255896568298,0.8124531507492065,-0.23702266812324524,0.597983717918396,0.22344593703746796,0.10499969124794006,-0.06326675415039062,0.3607475459575653,-0.5677522420883179,0.4185886085033417,0.4185886085033417,0.18248382210731506,2.0000009536743164,0.6842012405395508,0.0,0.2361047863960266,0.2361047863960266,0.11172296851873398,0.11172296851873398,0.11396889388561249,-0.677702009677887,-0.34903910756111145,0.0,-0.0022459253668785095,-0.0022459253668785095,0.05249984562397003,0.05249984562397003,0.04693175479769707,-1.1592243909835815,0.1941111534833908,0.0,0.0055680908262729645,0.0055680908262729645,-0.04428672790527344,-0.04428672790527344,0.01576831378042698,-1.9956912994384766,-1.3516846895217896,0.0,-0.06005504168570042,-0.06005504168570042,0.18037377297878265,0.18037377297878265,0.1736113429069519,1.3238911628723145,-0.24382738769054413,0.0,0.0067624300718307495,0.0067624300718307495,-0.28387612104415894,-0.28387612104415894,-0.16645117104053497,-1.5998005867004395,-1.2187161445617676,0.0,-0.11742495000362396,-0.11742495000362396
361,12.033333333333333,14,0,0,,4,uneven rough,5,0.0,50.52841567993164,37.12136459350586,0.3458763659000397,1.5592312812805176,0.22447876632213593,1.5592312812805176,0.22447876632213593,6.325555324554443,3.7121808528900146,0.3333333432674408,0.35286590456962585,0.14848551154136658,0.7796156406402588,0.11223938316106796,0.013082346878945827,0.18833263218402863,0.4814938008785248,0.5168535113334656,0.2489756941795349,-0.20473860204219818,0.009157642722129822,0.009157642722129822,0.16100840270519257,-1.9932798147201538,0.7849627733230591,0.0,-0.15185075998306274,-0.15185075998306274,0.09416631609201431,0.09416631609201431,0.16251283884048462,-1.5249850749969482,0.2088613212108612,0.0,-0.0683465227484703,-0.0683465227484703,0.2407469004392624,0.2407469004392624,0.05495437607169151,1.637450098991394,-1.071279764175415,0.0,0.18579252436757088,0.18579252436757088,0.3617974519729614,0.3617974519729614,0.2537986636161804,1.9088224172592163,1.383251428604126,0.0,0.107998788356781,0.107998788356781,0.12448784708976746,0.12448784708976746,0.09210123866796494,-1.8933509588241577,-0.022108543664216995,0.0,0.03238660842180252,0.03238660842180252,-0.10236930102109909,-0.10236930102109909,-0.01903785765171051,-0.4906081557273865,0.3462375998497009,0.0,-0.08333144336938858,-0.08333144336938858
361,12.033333333333333,24,0,0,,4,uneven rough,8,0.0,70.0411148071289,36.61174011230469,0.39922067523002625,1.9861888885498047,-0.11981518566608429,1.8762621879577637,-0.11981518566608429,9.129323959350586,3.6851584911346436,0.5,0.7855502963066101,0.2614867687225342,0.9930944442749023,-0.059907592833042145,-0.48081839084625244,0.6982608437538147,-0.5292723178863525,-0.2903405427932739,0.41274362802505493,0.10483167320489883,-0.3365728557109833,-0.3365728557109833,-0.15664058923721313,-1.8483307361602783,-0.7643367052078247,0.0,-0.17993226647377014,-0.17993226647377014,0.34913042187690735,0.34913042187690735,0.33304697275161743,0.054039422422647476,0.5137079954147339,0.0,0.016083449125289917,0.016083449125289917,-0.26463615894317627,-0.26463615894317627,-0.0813336968421936,-1.9057832956314087,1.0899691581726074,0.0,-0.18330246210098267,-0.18330246210098267,-0.203238382935524,-0.203238382935524,0.07638833671808243,-1.8785187005996704,1.2465687990188599,0.0,-0.2796267196536064,-0.2796267196536064,0.20637181401252747,0.20637181401252747,0.21772989630699158,-0.47399187088012695,-0.04973386228084564,0.0,-0.011358082294464111,-0.011358082294464111,0.05241583660244942,0.05241583660244942,0.0152696892619133,-2.00931453704834,-0.256600558757782,0.0,0.03714614734053612,0.03714614734053612
362,12.066666666666666,4,0,0,,4,uneven rough,5,0.0,50.96430206298828,36.15003204345703,0.3647952377796173,1.3118157386779785,-0.04538624733686447,1.3118157386779785,-0.04538624733686447,6.113548278808594,0.7270964980125427,0.1666666716337204,0.4071909189224243,0.2067340910434723,0.6559078693389893,-0.022693123668432236,0.6374486684799194,0.2999742031097412,0.5704180598258972,0.2872755527496338,0.4078700840473175,-0.30746641755104065,0.44621405005455017,0.44621405005455017,0.24843230843544006,1.9431064128875732,1.4281567335128784,0.0,0.1977817416191101,0.1977817416191101,0.1499871015548706,0.1499871015548706,0.13108371198177338,-0.07158906012773514,-0.53486567735672,0.0,0.01890338957309723,0.01890338957309723,0.2852090299129486,0.2852090299129486,0.10409173369407654,1.257411003112793,-0.571067214012146,0.0,0.18111729621887207,0.18111729621887207,0.2010928839445114,0.2010928839445114,0.03467260301113129,1.9997683763504028,-1.7158071994781494,0.0,0.16642028093338013,0.16642028093338013,0.20393504202365875,0.20393504202365875,0.22808276116847992,0.42911186814308167,0.6425634622573853,0.0,-0.024147719144821167,-0.024147719144821167,-0.15373320877552032,-0.15373320877552032,-0.14323790371418,1.4280651807785034,-1.434182047843933,0.0,-0.010495305061340332,-0.010495305061340332
362,12.066666666666666,14,0,0,,4,uneven rough,5,0.0,50.497398376464844,37.07014846801758,0.3506624102592468,1.6168687343597412,-0.34583020210266113,1.6168687343597412,-0.34583020210266113,8.883206367492676,2.9410321712493896,0.5,-0.08166375011205673,0.04382697865366936,0.8084343671798706,-0.17291510105133057,0.3602586090564728,0.49854063987731934,0.2139747142791748,0.20124712586402893,-0.15187297761440277,0.07349825650453568,0.2521810233592987,0.2521810233592987,0.21803557872772217,1.7575647830963135,-0.7858605980873108,0.0,0.03414544463157654,0.03414544463157654,0.24927031993865967,0.24927031993865967,0.2144789844751358,1.5453077554702759,-0.7714585065841675,0.0,0.034791335463523865,0.034791335463523865,0.1069873571395874,0.1069873571395874,0.08541306853294373,-0.7607781887054443,0.4602409601211548,0.0,0.021574288606643677,0.021574288606643677,0.140872985124588,0.140872985124588,0.1954493224620819,-1.6085536479949951,1.6804102659225464,0.0,-0.054576337337493896,-0.054576337337493896,-0.24299676716327667,-0.24299676716327667,0.06733263283967972,0.19597171247005463,-1.080112338066101,0.0,-0.3103294000029564,-0.3103294000029564,0.03674912825226784,0.03674912825226784,0.004176692571491003,-1.7257283926010132,-0.12691649794578552,0.0,0.032572435680776834,0.032572435680776834
362,12.066666666666666,24,0,0,,4,uneven rough,8,0.0,70.10055541992188,36.63776397705078,0.3972335457801819,1.9594342708587646,0.7161006331443787,1.8641482591629028,0.7161006331443787,8.865819931030273,1.7159026861190796,0.3333333432674408,0.7862523794174194,0.19427987933158875,0.9797171354293823,0.35805031657218933,0.3733309209346771,0.47640231251716614,-0.0701570138335228,-0.47188106179237366,0.3152432143688202,-0.6554778814315796,0.2613316476345062,0.2613316476345062,-0.1098853051662445,1.983339786529541,-1.377228856086731,0.0,0.37121695280075073,0.37121695280075073,0.23820115625858307,0.23820115625858307,0.26970764994621277,-1.933197259902954,0.2538105547428131,0.0,-0.0315064936876297,-0.0315064936876297,-0.0350785069167614,-0.0350785069167614,-0.04911448433995247,1.8104223012924194,-0.6038346290588379,0.0,0.01403597742319107,0.01403597742319107,-0.3303167521953583,-0.3303167521953583,0.01022112462669611,-1.9863457679748535,-0.5203612446784973,0.0,-0.3405378768220544,-0.3405378768220544,0.1576216071844101,0.1576216071844101,0.15205053985118866,-1.1493619680404663,-0.2896100878715515,0.0,0.0055710673332214355,0.0055710673332214355,-0.3277389407157898,-0.3277389407157898,-0.04467238485813141,-2.0000011920928955,-1.2475881576538086,0.0,-0.2830665558576584,-0.2830665558576584
363,12.1,4,0,0,,4,uneven rough,5,0.0,50.93477249145508,36.114070892333984,0.3599316477775574,1.5777820348739624,0.38859283924102783,1.5777820348739624,0.38859283924102783,3.971126079559326,2.393688440322876,0.3333333432674408,0.43618637323379517,0.28632017970085144,0.7888910174369812,0.19429641962051392,-0.18463937938213348,0.6791070699691772,0.33198875188827515,0.6563027501106262,0.40122947096824646,0.29992663860321045,-0.12924756109714508,-0.12924756109714508,0.22669488191604614,-1.6860312223434448,1.7193101644515991,0.0,-0.3559424430131912,-0.3559424430131912,0.3395535349845886,0.3395535349845886,0.17366492748260498,0.5569804906845093,-0.27292823791503906,0.0,0.16588860750198364,0.16588860750198364,0.16599437594413757,0.16599437594413757,0.13877736032009125,-0.7136908769607544,0.4627576470375061,0.0,0.027217015624046326,0.027217015624046326,0.4594119191169739,0.4594119191169739,0.10395529866218567,1.3710132837295532,0.38498592376708984,0.0,0.3554566204547882,0.3554566204547882,0.20061473548412323,0.20061473548412323,0.24760907888412476,-0.8764221668243408,0.5218775868415833,0.0,-0.046994343400001526,-0.046994343400001526,0.14996331930160522,0.14996331930160522,-0.07306423783302307,2.078127145767212,0.18413768708705902,0.0,0.2230275571346283,0.2230275571346283
363,12.1,14,0,0,,4,uneven rough,5,0.0,50.470699310302734,37.0255126953125,0.34783804416656494,1.8343827724456787,1.0458837747573853,1.8343827724456787,1.0458837747573853,5.675416469573975,2.9545555114746094,0.5,0.11411168426275253,0.045297086238861084,0.9171913862228394,0.5229418873786926,0.3181494176387787,0.08084964007139206,0.03537603095173836,0.47862759232521057,0.4874350428581238,-0.3513021171092987,0.22270458936691284,0.22270458936691284,0.20280779898166656,-0.2829466164112091,0.6521967053413391,0.0,0.019896790385246277,0.019896790385246277,0.04042482003569603,0.04042482003569603,0.1723356992006302,-1.8009138107299805,0.5384452939033508,0.0,-0.13191087916493416,-0.13191087916493416,0.01768801547586918,0.01768801547586918,0.013115309178829193,-1.933977723121643,-0.23012545704841614,0.0,0.004572706297039986,0.004572706297039986,0.33503931760787964,0.33503931760787964,0.24681253731250763,1.8824623823165894,-0.17917582392692566,0.0,0.08822678029537201,0.08822678029537201,0.2437175214290619,0.2437175214290619,0.08074362576007843,0.8361112475395203,-0.3586121201515198,0.0,0.16297389566898346,0.16297389566898346,-0.17565105855464935,-0.17565105855464935,-0.06413302570581436,-1.933880090713501,-1.0308876037597656,0.0,-0.11151803284883499,-0.11151803284883499
363,12.1,24,0,0,,4,uneven rough,8,0.0,70.16119384765625,36.656368255615234,0.39534905552864075,1.9510858058929443,-1.0378282070159912,1.8697500228881836,-1.0378282070159912,9.842144966125488,0.0,0.0,0.6862577199935913,0.13253316283226013,0.9755429029464722,-0.5189141035079956,0.27803993225097656,0.366956502199173,0.17889884114265442,-0.5237075090408325,0.24626582860946655,-0.7413105964660645,0.19462795555591583,0.19462795555591583,-0.04195389151573181,1.99002206325531,0.5228426456451416,0.0,0.23658184707164764,0.23658184707164764,0.1834782510995865,0.1834782510995865,0.2302056849002838,-0.5726810693740845,-0.982727587223053,0.0,-0.04672743380069733,-0.04672743380069733,0.08944942057132721,0.08944942057132721,0.02191619761288166,2.000101327896118,0.7611905336380005,0.0,0.06753322295844555,0.06753322295844555,-0.36659523844718933,-0.36659523844718933,-0.048653360456228256,-1.4950765371322632,-1.349231481552124,0.0,-0.3179418779909611,-0.3179418779909611,0.12313291430473328,0.12313291430473328,0.08587750047445297,-1.6440508365631104,-0.7757153511047363,0.0,0.037255413830280304,0.037255413830280304,-0.3706552982330322,-0.3706552982330322,-0.10444779694080353,-1.7905993461608887,-1.6730037927627563,0.0,-0.2662075012922287,-0.2662075012922287
364,12.133333333333333,4,0,0,,4,uneven rough,5,0.0,50.91189956665039,36.0780029296875,0.3610871434211731,1.5886967182159424,-0.3575344681739807,1.5886967182159424,-0.3575344681739807,7.531628608703613,3.645895481109619,0.3333333432674408,0.3549438714981079,0.05432647466659546,0.7943483591079712,-0.17876723408699036,-0.11298903822898865,0.518888533115387,0.17919103801250458,0.4078880250453949,0.12957774102687836,0.26227670907974243,-0.07909232378005981,-0.07909232378005981,0.16380299627780914,-1.4986968040466309,-0.20607593655586243,0.0,-0.24289532005786896,-0.24289532005786896,0.2594442665576935,0.2594442665576935,0.20793843269348145,1.1697430610656738,0.19630365073680878,0.0,0.051505833864212036,0.051505833864212036,0.08959551900625229,0.08959551900625229,0.08412009477615356,-0.38203859329223633,-0.20240846276283264,0.0,0.005475424230098724,0.005475424230098724,0.28552162647247314,0.28552162647247314,0.16676107048988342,2.0107791423797607,0.9424875378608704,0.0,0.11876055598258972,0.11876055598258972,0.06478887051343918,0.06478887051343918,0.20799311995506287,-0.3649801015853882,-0.26872360706329346,0.0,-0.1432042494416237,-0.1432042494416237,0.13113835453987122,0.13113835453987122,-0.027605727314949036,1.6050184965133667,1.255002737045288,0.0,0.15874408185482025,0.15874408185482025
364,12.133333333333333,14,0,0,,4,uneven rough,5,0.0,50.449256896972656,36.98585891723633,0.35766342282295227,1.7011784315109253,-0.40286242961883545,1.7011784315109253,-0.40286242961883545,8.795845031738281,1.5772957801818848,0.1666666716337204,-0.2592746317386627,0.1526433825492859,0.8505892157554626,-0.20143121480941772,0.22169126570224762,0.15916317701339722,0.42117807269096375,0.3748522698879242,0.015278260223567486,0.1820906102657318,0.15518388152122498,0.15518388152122498,0.16870857775211334,-1.0354855060577393,0.12346498668193817,0.0,-0.013524696230888367,-0.013524696230888367,0.07958158850669861,0.07958158850669861,0.1121688038110733,-1.5129743814468384,-0.7842325568199158,0.0,-0.032587215304374695,-0.032587215304374695,0.21058903634548187,0.21058903634548187,0.026610050350427628,0.7502151131629944,-1.1934865713119507,0.0,0.18397898599505424,0.18397898599505424,0.26239657402038574,0.26239657402038574,0.2852937877178192,-0.0879855677485466,0.9864780902862549,0.0,-0.02289721369743347,-0.02289721369743347,0.007639130111783743,0.007639130111783743,0.03645363822579384,-1.9446426630020142,0.3168866038322449,0.0,-0.028814508114010096,-0.028814508114010096,0.0910453051328659,0.0910453051328659,-0.0284727830439806,1.3497267961502075,-1.5414412021636963,0.0,0.1195180881768465,0.1195180881768465
364,12.133333333333333,24,0,0,,4,uneven rough,8,0.0,70.22733306884766,36.674110412597656,0.39160001277923584,1.9518957138061523,-0.7668788433074951,1.8922114372253418,-0.7668788433074951,9.983599662780762,2.347348928451538,0.24662141501903534,0.2292424887418747,0.049443867057561874,0.9759478569030762,-0.38343942165374756,-0.1245124340057373,0.48773273825645447,0.3440449833869934,-0.07623317092657089,0.38494178652763367,-0.6801277995109558,-0.0871587023139,-0.0871587023139,-0.06246834248304367,-0.8994969129562378,1.3523885011672974,0.0,-0.024690359830856323,-0.024690359830856323,0.24386636912822723,0.24386636912822723,0.2750861942768097,0.09198907017707825,-0.7508865594863892,0.0,-0.03121982514858246,-0.03121982514858246,0.1720224916934967,0.1720224916934967,0.07947344332933426,1.898641586303711,1.4616729021072388,0.0,0.09254904836416245,0.09254904836416245,-0.053363218903541565,-0.053363218903541565,-0.04007572680711746,-0.058592114597558975,-1.4316924810409546,0.0,-0.013287492096424103,-0.013287492096424103,0.19247089326381683,0.19247089326381683,0.13627752661705017,1.801032304763794,-1.2666738033294678,0.0,0.05619336664676666,0.05619336664676666,-0.3400638997554779,-0.3400638997554779,-0.13235849142074585,1.0088026523590088,-1.7394925355911255,0.0,-0.20770540833473206,-0.20770540833473206
365,12.166666666666666,4,0,0,,4,uneven rough,5,0.0,50.88807678222656,36.04182815551758,0.3596673011779785,1.60807204246521,0.3098817467689514,1.60807204246521,0.3098817467689514,10.003600120544434,3.816274642944336,0.3333333432674408,0.15670979022979736,0.04146778583526611,0.804036021232605,0.1549408733844757,-0.13787075877189636,0.4256366491317749,-0.04996268078684807,0.3390370011329651,0.45109644532203674,0.09854738414287567,-0.09650953114032745,-0.09650953114032745,0.09743238240480423,-1.6616225242614746,-0.9369260668754578,0.0,-0.19394191354513168,-0.19394191354513168,0.21281832456588745,0.21281832456588745,0.22754886746406555,0.299916535615921,0.7466880679130554,0.0,-0.0147305428981781,-0.0147305428981781,-0.024981340393424034,-0.024981340393424034,0.019152238965034485,-1.996617317199707,-0.30397164821624756,0.0,-0.04413357935845852,-0.04413357935845852,0.23732589185237885,0.23732589185237885,0.2320122867822647,1.3668407201766968,1.5465015172958374,0.0,0.005313605070114136,0.005313605070114136,0.22554822266101837,0.22554822266101837,0.19897834956645966,0.553050696849823,-0.3231472074985504,0.0,0.026569873094558716,0.026569873094558716,0.049273692071437836,0.049273692071437836,0.033913470804691315,0.5058122873306274,1.4529023170471191,0.0,0.015360221266746521,0.015360221266746521
365,12.166666666666666,14,0,0,,4,uneven rough,5,0.0,50.43552017211914,36.93813705444336,0.3706148862838745,1.6013550758361816,0.1574280709028244,1.6013550758361816,0.1574280709028244,6.5372633934021,4.60232400894165,0.5,0.08466025441884995,0.057798855006694794,0.8006775379180908,0.0787140354514122,-0.060575779527425766,0.33201882243156433,0.6938818693161011,0.3331104516983032,0.11165769398212433,-0.04508603364229202,-0.042403046041727066,-0.042403046041727066,0.10807379335165024,-1.796415090560913,-0.5318077206611633,0.0,-0.1504768393933773,-0.1504768393933773,0.16600941121578217,0.16600941121578217,0.15508908033370972,0.38545480370521545,-1.1962645053863525,0.0,0.010920330882072449,0.010920330882072449,0.34694093465805054,0.34694093465805054,0.08016182482242584,0.5776157379150391,-0.0945141613483429,0.0,0.2667791098356247,0.2667791098356247,0.2331773191690445,0.2331773191690445,0.25556114315986633,-1.5974239110946655,0.37897440791130066,0.0,-0.02238382399082184,-0.02238382399082184,0.055828846991062164,0.055828846991062164,0.0656188428401947,0.04759563133120537,-0.9617860913276672,0.0,-0.009789995849132538,-0.009789995849132538,-0.02254301682114601,-0.02254301682114601,-0.013907313346862793,0.11523660272359848,0.09323038160800934,0.0,-0.008635703474283218,-0.008635703474283218
365,12.166666666666666,24,0,0,,4,uneven rough,8,0.0,70.29212188720703,36.68769836425781,0.3825044333934784,1.9205424785614014,0.36511123180389404,1.896103858947754,0.36511123180389404,9.496234893798828,3.7794718742370605,0.3333333432674408,0.06800170987844467,0.03311743959784508,0.9602712392807007,0.18255561590194702,0.8486970663070679,0.438852459192276,-0.4539317786693573,-0.08423663675785065,0.6981770992279053,-0.14753058552742004,0.5940879583358765,0.5940879583358765,-0.01645701937377453,1.2255195379257202,0.07916843891143799,0.0,0.610544977709651,0.610544977709651,0.219426229596138,0.219426229596138,0.2465512603521347,-1.1934852600097656,-0.27432316541671753,0.0,-0.027125030755996704,-0.027125030755996704,-0.22696588933467865,-0.22696588933467865,0.049204036593437195,-1.762992024421692,1.7087358236312866,0.0,-0.27616992592811584,-0.27616992592811584,-0.05896564573049545,-0.05896564573049545,-0.08158315718173981,-0.43269073963165283,-0.6553390622138977,0.0,0.022617511451244354,0.022617511451244354,0.34908854961395264,0.34908854961395264,0.1666734367609024,1.002781867980957,0.4678126871585846,0.0,0.18241511285305023,0.18241511285305023,-0.07376529276371002,-0.07376529276371002,-0.07795491069555283,1.5038074254989624,-0.18560148775577545,0.0,0.004189617931842804,0.004189617931842804
366,12.2,4,0,0,,4,uneven rough,5,0.0,50.87101745605469,36.0031623840332,0.34696441888809204,1.3424837589263916,0.4036807119846344,1.3424837589263916,0.4036807119846344,7.6895599365234375,0.831887423992157,0.1666666716337204,-0.0016775926342234015,0.058962639421224594,0.6712418794631958,0.2018403559923172,0.13594840466976166,0.26040560007095337,-0.04080766439437866,0.14342820644378662,0.04512782767415047,-0.04718996584415436,0.09516388177871704,0.09516388177871704,0.1117345541715622,0.4954608082771301,-1.3466707468032837,0.0,-0.016570672392845154,-0.016570672392845154,0.13020280003547668,0.13020280003547668,0.1612899750471115,-2.022951364517212,0.49408262968063354,0.0,-0.031087175011634827,-0.031087175011634827,-0.02040383219718933,-0.02040383219718933,-0.040896572172641754,-1.016021728515625,-1.2609965801239014,0.0,0.020492739975452423,0.020492739975452423,0.10039974004030228,0.10039974004030228,0.1828528493642807,-1.9556134939193726,1.4449210166931152,0.0,-0.08245310932397842,-0.08245310932397842,0.022563913837075233,0.022563913837075233,0.13474681973457336,-1.2463709115982056,0.17225666344165802,0.0,-0.11218290589749813,-0.11218290589749813,-0.02359498292207718,-0.02359498292207718,0.035349734127521515,-1.311903476715088,0.9174159169197083,0.0,-0.058944717049598694,-0.058944717049598694
366,12.2,14,0,0,,4,uneven rough,5,0.0,50.419254302978516,36.89372253417969,0.36830681562423706,1.5636643171310425,0.030046340078115463,1.5636643171310425,0.030046340078115463,8.716986656188965,0.1607726514339447,0.1666666716337204,0.13505011796951294,0.16454045474529266,0.7818321585655212,0.015023170039057732,0.7417689561843872,0.023316094651818275,0.08588466048240662,-0.04519980028271675,0.1314377635717392,-0.36963561177253723,0.5192382335662842,0.5192382335662842,0.1438765525817871,1.9840327501296997,-1.246819019317627,0.0,0.37536168098449707,0.37536168098449707,0.011658047325909138,0.011658047325909138,0.09269305318593979,-2.0103559494018555,-0.3019575774669647,0.0,-0.08103500586003065,-0.08103500586003065,0.04294233024120331,0.04294233024120331,0.03884231299161911,-1.4369041919708252,0.28550928831100464,0.0,0.004100017249584198,0.004100017249584198,-0.031639859080314636,-0.031639859080314636,0.184496209025383,-1.890992522239685,-0.7384847402572632,0.0,-0.21613606810569763,-0.21613606810569763,0.0657188817858696,0.0657188817858696,0.038067080080509186,-0.6135327219963074,-0.391079843044281,0.0,0.027651801705360413,0.027651801705360413,-0.18481780588626862,-0.18481780588626862,-0.0779411643743515,-1.7460415363311768,0.10567273944616318,0.0,-0.10687664151191711,-0.10687664151191711
366,12.2,24,0,0,,4,uneven rough,8,0.0,70.36312866210938,36.689552307128906,0.371294230222702,1.886245608329773,0.9891032576560974,1.8645386695861816,0.9891032576560974,9.684956550598145,2.413938522338867,0.1666666716337204,-0.00725505780428648,0.13332244753837585,0.9431228041648865,0.4945516288280487,0.22020576894283295,0.5723119974136353,0.08414697647094727,0.4116204082965851,0.499024897813797,0.3646610677242279,0.1541440337896347,0.1541440337896347,0.04780912026762962,1.7702277898788452,0.7273173928260803,0.0,0.10633491352200508,0.10633491352200508,0.2861559987068176,0.2861559987068176,0.2856205999851227,0.936589777469635,-0.7940190434455872,0.0,0.0005353987216949463,0.0005353987216949463,0.04207348823547363,0.04207348823547363,0.0364375077188015,-0.31633588671684265,-0.254185289144516,0.0,0.005635980516672134,0.005635980516672134,0.28813427686691284,0.28813427686691284,-0.034477755427360535,1.7173138856887817,-0.5294532775878906,0.0,0.3226120322942734,0.3226120322942734,0.2495124489068985,0.2495124489068985,0.23456981778144836,1.2324542999267578,0.7702851891517639,0.0,0.014942631125450134,0.014942631125450134,0.18233053386211395,0.18233053386211395,-0.01984223909676075,0.922611653804779,0.769593358039856,0.0,0.2021727729588747,0.2021727729588747
367,12.233333333333333,4,0,0,,4,uneven rough,5,0.0,50.85348129272461,35.95748519897461,0.33757278323173523,1.7070841789245605,-0.7249547839164734,1.7070841789245605,-0.7249547839164734,6.779491424560547,6.508728981018066,0.5,-0.6338076591491699,0.09388929605484009,0.8535420894622803,-0.3624773919582367,0.1511145830154419,0.030476750805974007,0.44444844126701355,-0.2496374100446701,-0.04403979331254959,-0.324430376291275,0.1057802066206932,0.1057802066206932,0.12450049072504044,-0.5678997039794922,-0.30512624979019165,0.0,-0.01872028410434723,-0.01872028410434723,0.015238375402987003,0.015238375402987003,0.09545686095952988,-1.9269182682037354,-0.9290528893470764,0.0,-0.08021848555654287,-0.08021848555654287,0.22222422063350677,0.22222422063350677,-0.06626380980014801,-0.21084384620189667,-1.1224874258041382,0.0,0.2884880304336548,0.2884880304336548,-0.17474618554115295,-0.17474618554115295,0.12987130880355835,-0.9772006273269653,-0.4777472913265228,0.0,-0.3046174943447113,-0.3046174943447113,-0.07046367228031158,-0.07046367228031158,0.09788639098405838,-0.9078715443611145,-0.6298379302024841,0.0,-0.16835006326436996,-0.16835006326436996,-0.1622151881456375,-0.1622151881456375,0.0023730003740638494,-0.9209636449813843,-0.34304526448249817,0.0,-0.16458818851970136,-0.16458818851970136
367,12.233333333333333,14,0,0,,4,uneven rough,5,0.0,50.39192581176758,36.85295867919922,0.3710166811943054,1.5360229015350342,-0.7640752196311951,1.5360229015350342,-0.7640752196311951,8.133909225463867,3.3333334922790527,0.1666666716337204,-0.11133761703968048,0.07618530094623566,0.7680114507675171,-0.38203760981559753,0.33678966760635376,0.2943829894065857,0.6195138096809387,0.3471311330795288,-0.20762427151203156,-0.1255839467048645,0.23575276136398315,0.23575276136398315,0.20096541941165924,1.3806414604187012,0.579910397529602,0.0,0.034787341952323914,0.034787341952323914,0.14719149470329285,0.14719149470329285,0.12218646705150604,1.4193803071975708,-1.2678890228271484,0.0,0.025005027651786804,0.025005027651786804,0.30975690484046936,0.30975690484046936,0.08464246243238449,-0.9670217037200928,-0.6883463859558105,0.0,0.22511444240808487,0.22511444240808487,0.24299179017543793,0.24299179017543793,0.1843249350786209,1.4537296295166016,-1.390114665031433,0.0,0.05866685509681702,0.05866685509681702,-0.332198828458786,-0.332198828458786,0.021121185272932053,-0.7453043460845947,-0.5168551206588745,0.0,-0.35332001373171806,-0.35332001373171806,-0.06279197335243225,-0.06279197335243225,-0.052262529730796814,0.8624571561813354,-0.9412898421287537,0.0,-0.010529443621635437,-0.010529443621635437
367,12.233333333333333,24,0,0,,4,uneven rough,8,0.0,70.42826843261719,36.70233917236328,0.36377856135368347,1.9395068883895874,-0.24874477088451385,1.854205846786499,-0.24874477088451385,8.963508605957031,3.8629510402679443,0.6666666865348816,-0.2722519636154175,0.2034604251384735,0.9697534441947937,-0.12437238544225693,-0.4861788749694824,0.30260103940963745,-0.29618674516677856,0.40116631984710693,0.6187681555747986,0.6248425245285034,-0.3403252065181732,-0.3403252065181732,0.008857636712491512,-1.0988842248916626,1.3169808387756348,0.0,-0.34918284323066473,-0.34918284323066473,0.15130051970481873,0.15130051970481873,0.24771162867546082,-1.1336606740951538,0.1844702959060669,0.0,-0.09641110897064209,-0.09641110897064209,-0.14809337258338928,-0.14809337258338928,0.00046833744272589684,0.7549589276313782,-0.2893253564834595,0.0,-0.14856171002611518,-0.14856171002611518,0.2808164060115814,0.2808164060115814,0.02640656568109989,0.9077552556991577,0.7408729195594788,0.0,0.25440984033048153,0.25440984033048153,0.3093840777873993,0.3093840777873993,0.2475855052471161,0.6430217027664185,1.0315964221954346,0.0,0.0617985725402832,0.0617985725402832,0.3124212622642517,0.3124212622642517,0.023149315267801285,1.5600274801254272,0.856110155582428,0.0,0.2892719469964504,0.2892719469964504
368,12.266666666666666,4,0,0,,4,uneven rough,5,0.0,50.823448181152344,35.911312103271484,0.3378106355667114,1.5792006254196167,-0.6207618117332458,1.5792006254196167,-0.6207618117332458,6.942897796630859,3.770810604095459,0.5,-0.9241230487823486,0.13173136115074158,0.7896003127098083,-0.3103809058666229,0.431805819272995,0.19223976135253906,0.25303637981414795,0.35344305634498596,0.38735702633857727,0.08312799781560898,0.3022640645503998,0.3022640645503998,0.14971250295639038,1.2315731048583984,-0.4536988437175751,0.0,0.1525515615940094,0.1525515615940094,0.09611988067626953,0.09611988067626953,0.1258419156074524,0.8888402581214905,-1.4932477474212646,0.0,-0.02972203493118286,-0.02972203493118286,0.12651818990707397,0.12651818990707397,0.0022261154372245073,2.0031116008758545,-0.6070424914360046,0.0,0.12429207446984947,0.12429207446984947,0.2474101334810257,0.2474101334810257,0.12898676097393036,0.9608752727508545,-0.7601391077041626,0.0,0.11842337250709534,0.11842337250709534,0.19367851316928864,0.19367851316928864,0.142520010471344,1.0013885498046875,-0.7870386242866516,0.0,0.05115850269794464,0.05115850269794464,0.04156399890780449,0.04156399890780449,0.04198908433318138,1.9426566362380981,-0.6698013544082642,0.0,-0.0004250854253768921,-0.0004250854253768921
368,12.266666666666666,14,0,0,,4,uneven rough,5,0.0,50.36316680908203,36.81490707397461,0.36779195070266724,1.51854407787323,-0.2709070146083832,1.51854407787323,-0.2709070146083832,4.788724422454834,3.8347129821777344,0.3333333432674408,0.022293945774435997,0.2844465970993042,0.759272038936615,-0.1354535073041916,-0.5866947770118713,0.11259528249502182,0.4776245951652527,0.7974852919578552,0.6747065782546997,0.24949295818805695,-0.41068634390830994,-0.41068634390830994,0.16769926249980927,-1.626604437828064,1.0326452255249023,0.0,-0.5783856064081192,-0.5783856064081192,0.05629764124751091,0.05629764124751091,0.0973118394613266,-1.6367255449295044,0.25149786472320557,0.0,-0.04101419821381569,-0.04101419821381569,0.23881229758262634,0.23881229758262634,0.11339272558689117,0.2497560828924179,-0.8459098935127258,0.0,0.12541957199573517,0.12541957199573517,0.5582396984100342,0.5582396984100342,0.2505210041999817,1.6412512063980103,0.21779997646808624,0.0,0.3077186942100525,0.3077186942100525,0.33735328912734985,0.33735328912734985,0.039802439510822296,-0.3160937428474426,-0.6460207104682922,0.0,0.29755084961652756,0.29755084961652756,0.12474647909402847,0.12474647909402847,0.0035231425426900387,1.3859877586364746,0.07855193316936493,0.0,0.12122333655133843,0.12122333655133843
368,12.266666666666666,24,0,0,,4,uneven rough,8,0.0,70.49052429199219,36.72996139526367,0.358499675989151,1.9554431438446045,-0.3376710116863251,1.900166392326355,-0.3376710116863251,9.78605842590332,3.7774055004119873,0.5,-0.46813806891441345,0.111594557762146,0.9777215719223022,-0.16883550584316254,-0.10766720026731491,0.1685526818037033,-0.16953149437904358,-0.2504245936870575,0.48748913407325745,0.17468078434467316,-0.0753670409321785,-0.0753670409321785,-0.04283280670642853,-1.9943767786026,-0.048953574150800705,0.0,-0.03253423422574997,-0.03253423422574997,0.08427634090185165,0.08427634090185165,0.18310919404029846,-1.9480223655700684,-0.5608032941818237,0.0,-0.09883285313844681,-0.09883285313844681,-0.08476574718952179,-0.08476574718952179,-0.03131572902202606,-2.000000476837158,0.30111485719680786,0.0,-0.05345001816749573,-0.05345001816749573,-0.17529721558094025,-0.17529721558094025,-0.010641438886523247,-1.7713210582733154,0.8352285027503967,0.0,-0.164655776694417,-0.164655776694417,0.24374456703662872,0.24374456703662872,0.24064557254314423,-0.31835371255874634,0.8118955492973328,0.0,0.003098994493484497,0.003098994493484497,0.08734039217233658,0.08734039217233658,0.08010489493608475,1.5674431324005127,1.2541062831878662,0.0,0.007235497236251831,0.007235497236251831
369,12.3,4,0,0,,4,uneven rough,5,0.0,50.79461669921875,35.86602020263672,0.34594979882240295,1.3497865200042725,0.25301891565322876,1.3497865200042725,0.25301891565322876,6.849078178405762,0.09555014222860336,0.3333333432674408,-0.732886016368866,0.16180047392845154,0.6748932600021362,0.12650945782661438,-0.1959649622440338,0.7366460561752319,0.24544444680213928,0.4217486083507538,0.1958336979150772,0.14776751399040222,-0.13717547059059143,-0.13717547059059143,0.0972825437784195,-1.90415620803833,0.4991569221019745,0.0,-0.23445801436901093,-0.23445801436901093,0.36832302808761597,0.36832302808761597,0.17687126994132996,1.832650899887085,-0.14641092717647552,0.0,0.191451758146286,0.191451758146286,0.12272222340106964,0.12272222340106964,0.06095725670456886,1.4310485124588013,0.8687433004379272,0.0,0.06176496669650078,0.06176496669650078,0.29522401094436646,0.29522401094436646,0.1987571269273758,2.0436558723449707,0.2129254937171936,0.0,0.09646688401699066,0.09646688401699066,0.0979168489575386,0.0979168489575386,0.12095194309949875,-0.7496307492256165,0.22414129972457886,0.0,-0.023035094141960144,-0.023035094141960144,0.07388375699520111,0.07388375699520111,0.08157873898744583,0.513886570930481,0.8072870373725891,0.0,-0.0076949819922447205,-0.0076949819922447205
369,12.3,14,0,0,,4,uneven rough,5,0.0,50.33442687988281,36.77251052856445,0.37727564573287964,1.1767083406448364,-0.6063399314880371,1.1767083406448364,-0.6063399314880371,6.238548278808594,5.9525675773620605,0.5,0.33462077379226685,0.21234142780303955,0.5883541703224182,-0.30316996574401855,0.22243598103523254,0.418805867433548,0.33569061756134033,0.6141597032546997,0.01732086017727852,0.5071648955345154,0.15570518374443054,0.15570518374443054,0.1351209431886673,0.06948957592248917,-0.4708993136882782,0.0,0.020584240555763245,0.020584240555763245,0.209402933716774,0.209402933716774,0.15475966036319733,1.9188439846038818,-0.8161070346832275,0.0,0.05464327335357666,0.05464327335357666,0.16784530878067017,0.16784530878067017,0.15386663377285004,1.1931627988815308,-0.2264183908700943,0.0,0.01397867500782013,0.01397867500782013,0.4299117922782898,0.4299117922782898,0.3101860582828522,1.567012071609497,1.0226218700408936,0.0,0.11972573399543762,0.11972573399543762,0.00866043008863926,0.00866043008863926,0.048733729869127274,-1.2831958532333374,-0.459479421377182,0.0,-0.040073299780488014,-0.040073299780488014,0.2535824477672577,0.2535824477672577,0.0541471391916275,0.7089806795120239,0.817778468132019,0.0,0.1994353085756302,0.1994353085756302
369,12.3,24,0,0,,4,uneven rough,8,0.0,70.55498504638672,36.7544059753418,0.3509450852870941,1.9693721532821655,-0.25977227091789246,1.8716673851013184,-0.25977227091789246,9.792530059814453,0.0,0.0,-0.5352835655212402,0.18343707919120789,0.9846860766410828,-0.12988613545894623,0.7408685684204102,0.32052215933799744,-0.08544902503490448,-0.44822123646736145,0.37543389201164246,-0.3335590362548828,0.5186079740524292,0.5186079740524292,-0.005295419134199619,1.9193881750106812,-1.1488993167877197,0.0,0.5239033931866288,0.5239033931866288,0.16026107966899872,0.16026107966899872,0.14553435146808624,0.3369579315185547,-1.345139503479004,0.0,0.014726728200912476,0.014726728200912476,-0.04272451251745224,-0.04272451251745224,-0.05505615472793579,0.46496328711509705,-0.9999398589134216,0.0,0.012331642210483551,0.012331642210483551,-0.3137548565864563,-0.3137548565864563,-0.08094193041324615,-2.000000476837158,-0.638519287109375,0.0,-0.23281292617321014,-0.23281292617321014,0.18771694600582123,0.18771694600582123,0.2030293196439743,-0.6781908273696899,0.1728505939245224,0.0,-0.015312373638153076,-0.015312373638153076,-0.1667795181274414,-0.1667795181274414,0.02779671736061573,-1.8140369653701782,1.431267499923706,0.0,-0.19457623548805714,-0.19457623548805714
370,12.333333333333334,4,0,0,,4,uneven rough,5,0.0,50.77531051635742,35.814910888671875,0.35497593879699707,1.4530874490737915,0.7213039398193359,1.4530874490737915,0.7213039398193359,7.796558380126953,2.124666690826416,0.1666666716337204,-0.5767251253128052,0.07306942343711853,0.7265437245368958,0.36065196990966797,-0.022785987704992294,0.465907484292984,-0.29380401968955994,0.21462884545326233,0.16102443635463715,0.031685639172792435,-0.015950191766023636,-0.015950191766023636,0.03610530495643616,-1.7956798076629639,-0.8596806526184082,0.0,-0.05205549672245979,-0.05205549672245979,0.232953742146492,0.232953742146492,0.23515558242797852,1.4742156267166138,0.9725542068481445,0.0,-0.0022018402814865112,-0.0022018402814865112,-0.14690200984477997,-0.14690200984477997,0.029572661966085434,-0.7255130410194397,1.1866716146469116,0.0,-0.1764746718108654,-0.1764746718108654,0.15024018287658691,0.15024018287658691,0.20503439009189606,-0.9113489389419556,1.2480237483978271,0.0,-0.05479420721530914,-0.05479420721530914,0.08051221817731857,0.08051221817731857,0.07270767539739609,-1.053830862045288,-0.32643115520477295,0.0,0.007804542779922485,0.007804542779922485,0.015842819586396217,0.015842819586396217,0.05677683651447296,0.31846147775650024,0.6413978934288025,0.0,-0.040934016928076744,-0.040934016928076744
370,12.333333333333334,14,0,0,,4,uneven rough,5,0.0,50.316925048828125,36.7246208190918,0.3854912221431732,1.353171944618225,0.27293631434440613,1.353171944618225,0.27293631434440613,7.221011161804199,3.6080470085144043,0.3333333432674408,-0.0026707451324909925,0.25129953026771545,0.6765859723091125,0.13646815717220306,-0.3866518437862396,0.5702788829803467,-0.014754755422472954,0.35574662685394287,0.05126788467168808,0.053797248750925064,-0.2706562876701355,-0.2706562876701355,0.08676426857709885,-1.206085443496704,-0.16536246240139008,0.0,-0.35742055624723434,-0.35742055624723434,0.28513944149017334,0.28513944149017334,0.22111795842647552,2.0000007152557373,0.7302391529083252,0.0,0.06402148306369781,0.06402148306369781,-0.007377377711236477,-0.007377377711236477,0.09032958000898361,-1.9429091215133667,0.576215386390686,0.0,-0.09770695772022009,-0.09770695772022009,0.24902263283729553,0.24902263283729553,0.31076785922050476,-1.9999967813491821,1.3304210901260376,0.0,-0.06174522638320923,-0.06174522638320923,0.02563394233584404,0.02563394233584404,0.007093064486980438,-0.2338632345199585,-0.925210177898407,0.0,0.0185408778488636,0.0185408778488636,0.026898624375462532,0.026898624375462532,0.02301064319908619,-0.26131314039230347,0.7562640309333801,0.0,0.0038879811763763428,0.0038879811763763428
370,12.333333333333334,24,0,0,,4,uneven rough,8,0.0,70.62079620361328,36.77735137939453,0.34473514556884766,1.9069520235061646,-0.5308983325958252,1.8594473600387573,-0.5308983325958252,9.714176177978516,0.0,0.0,-0.47555550932884216,0.11757215112447739,0.9534760117530823,-0.2654491662979126,0.4458262026309967,0.39178016781806946,-0.06322860717773438,-0.23300518095493317,0.07668604701757431,-0.6197305917739868,0.3120783269405365,0.3120783269405365,0.059010203927755356,1.8952275514602661,0.5859159231185913,0.0,0.25306812301278114,0.25306812301278114,0.19589008390903473,0.19589008390903473,0.17101554572582245,0.940561830997467,-0.3940785825252533,0.0,0.02487453818321228,0.02487453818321228,-0.03161430358886719,-0.03161430358886719,-0.047091685235500336,0.25112029910087585,-0.1716810017824173,0.0,0.015477381646633148,0.015477381646633148,-0.1631036251783371,-0.1631036251783371,-0.149726003408432,-1.9757448434829712,-1.4083032608032227,0.0,-0.01337762176990509,-0.01337762176990509,0.038343023508787155,0.038343023508787155,0.15124252438545227,-1.5199207067489624,-0.3083297610282898,0.0,-0.11289950087666512,-0.11289950087666512,-0.3098652958869934,-0.3098652958869934,-0.012080246582627296,-1.1736632585525513,-0.4036334753036499,0.0,-0.2977850493043661,-0.2977850493043661
371,12.366666666666667,4,0,0,,4,uneven rough,5,0.0,50.753883361816406,35.76759719848633,0.35784009099006653,1.6277453899383545,-0.26964160799980164,1.6277453899383545,-0.26964160799980164,7.4196624755859375,3.7174596786499023,0.5,-0.42454561591148376,0.12299732863903046,0.8138726949691772,-0.13482080399990082,0.26689502596855164,0.17014653980731964,0.23474203050136566,-0.08500645309686661,0.21851131319999695,-0.42079436779022217,0.18682651221752167,0.18682651221752167,0.08823689818382263,1.9632093906402588,-1.3888962268829346,0.0,0.09858961403369904,0.09858961403369904,0.08507326990365982,0.08507326990365982,0.186589777469635,-1.5559231042861938,1.2561944723129272,0.0,-0.10151650756597519,-0.10151650756597519,0.11737101525068283,0.11737101525068283,0.0765516608953476,1.9912015199661255,0.10551899671554565,0.0,0.040819354355335236,0.040819354355335236,-0.059504516422748566,-0.059504516422748566,0.13478831946849823,-1.8705332279205322,0.02711053192615509,0.0,-0.1942928358912468,-0.1942928358912468,0.10925565659999847,0.10925565659999847,0.05415023863315582,1.6044073104858398,-0.7377042770385742,0.0,0.05510541796684265,0.05510541796684265,-0.21039718389511108,-0.21039718389511108,0.043028660118579865,-0.3871534466743469,0.4588090479373932,0.0,-0.25342584401369095,-0.25342584401369095
371,12.366666666666667,14,0,0,,4,uneven rough,5,0.0,50.296504974365234,36.67772674560547,0.3676287531852722,1.1684826612472534,0.3087770938873291,1.1684826612472534,0.3087770938873291,5.89827299118042,0.0,0.0,-0.05729418992996216,0.2396550178527832,0.5842413306236267,0.15438854694366455,0.40700918436050415,0.21680909395217896,-0.18608388304710388,-0.18898311257362366,0.11222822219133377,-0.3483833074569702,0.28490641713142395,0.28490641713142395,0.13001123070716858,1.9980902671813965,-0.7537891268730164,0.0,0.15489518642425537,0.15489518642425537,0.10840454697608948,0.10840454697608948,0.18217262625694275,-1.9996365308761597,1.4481645822525024,0.0,-0.07376807928085327,-0.07376807928085327,-0.09304194152355194,-0.09304194152355194,0.025068877264857292,-1.963478922843933,-0.8481020927429199,0.0,-0.11811081878840923,-0.11811081878840923,-0.13228817284107208,-0.13228817284107208,0.24545468389987946,-1.8708819150924683,-0.5526031255722046,0.0,-0.37774285674095154,-0.37774285674095154,0.056114111095666885,0.056114111095666885,0.02094392478466034,1.8692729473114014,-0.5343213677406311,0.0,0.035170186311006546,0.035170186311006546,-0.1741916537284851,-0.1741916537284851,-0.013948502950370312,-1.482574224472046,0.18092405796051025,0.0,-0.1602431507781148,-0.1602431507781148
371,12.366666666666667,24,0,0,,4,uneven rough,8,0.0,70.68827056884766,36.78804397583008,0.34036463499069214,1.9034969806671143,-1.0323151350021362,1.885783076286316,-1.0323151350021362,10.349037170410156,0.49185606837272644,0.1666666716337204,-0.09598581492900848,0.23494327068328857,0.9517484903335571,-0.5161575675010681,0.34824568033218384,0.3873487114906311,0.10461262613534927,-0.0947447270154953,0.216043621301651,-0.588610827922821,0.2437719702720642,0.2437719702720642,0.12347803264856339,1.989688515663147,1.3262031078338623,0.0,0.12029393762350082,0.12029393762350082,0.19367435574531555,0.19367435574531555,0.20032484829425812,0.4711724817752838,0.36052951216697693,0.0,-0.006650492548942566,-0.006650492548942566,0.05230631306767464,0.05230631306767464,0.008976329118013382,-1.4237046241760254,0.06737161427736282,0.0,0.043329983949661255,0.043329983949661255,-0.06632130593061447,-0.06632130593061447,-0.1314953714609146,1.927802324295044,-1.7291357517242432,0.0,0.06517406553030014,0.06517406553030014,0.1080218106508255,0.1080218106508255,0.09353404492139816,-0.9013168215751648,-0.993365466594696,0.0,0.014487765729427338,0.014487765729427338,-0.2943054139614105,-0.2943054139614105,-0.04145863652229309,0.9198283553123474,-0.839009702205658,0.0,-0.25284677743911743,-0.25284677743911743
372,12.4,4,0,0,,4,uneven rough,5,0.0,50.73333740234375,35.72041702270508,0.3584758937358856,1.5806108713150024,0.5194173455238342,1.5806108713150024,0.5194173455238342,6.593825817108154,1.5092897415161133,0.3333333432674408,0.034798383712768555,0.05558492988348007,0.7903054356575012,0.2597086727619171,0.6751358509063721,0.1538989543914795,-0.30965039134025574,-0.013972729444503784,0.13694703578948975,-0.017727108672261238,0.47259509563446045,0.47259509563446045,0.15374307334423065,1.9847664833068848,0.5063902735710144,0.0,0.3188520222902298,0.3188520222902298,0.07694947719573975,0.07694947719573975,0.12138590216636658,-1.3758713006973267,-0.3337818384170532,0.0,-0.04443642497062683,-0.04443642497062683,-0.15482519567012787,-0.15482519567012787,0.0297513660043478,-1.8448989391326904,1.1716872453689575,0.0,-0.18457656167447567,-0.18457656167447567,-0.009780910797417164,-0.009780910797417164,0.06871917843818665,-1.9873387813568115,-1.0458205938339233,0.0,-0.07850008923560381,-0.07850008923560381,0.06847351789474487,0.06847351789474487,0.039991311728954315,-0.1960906833410263,0.5865297913551331,0.0,0.028482206165790558,0.028482206165790558,-0.008863554336130619,-0.008863554336130619,-0.005253751762211323,-1.5458295345306396,-0.019499659538269043,0.0,-0.0036098025739192963,-0.0036098025739192963
372,12.4,14,0,0,,4,uneven rough,5,0.0,50.27642059326172,36.62822723388672,0.348085880279541,1.2817203998565674,-0.07974362373352051,1.2817203998565674,-0.07974362373352051,2.9886817932128906,0.05316927284002304,0.1666666716337204,-0.06430753320455551,0.28566408157348633,0.6408601999282837,-0.039871811866760254,0.3020583391189575,0.21889013051986694,0.6025140285491943,0.08651955425739288,0.009407205507159233,-0.12819339334964752,0.2114408314228058,0.2114408314228058,0.1963994950056076,1.4976527690887451,0.8021284341812134,0.0,0.015041336417198181,0.015041336417198181,0.10944506525993347,0.10944506525993347,0.11801282316446304,-1.9874809980392456,-0.5012283325195312,0.0,-0.008567757904529572,-0.008567757904529572,0.30125701427459717,0.30125701427459717,0.008067549206316471,-1.6027041673660278,-1.4787381887435913,0.0,0.2931894650682807,0.2931894650682807,0.06056368723511696,0.06056368723511696,0.18085327744483948,-1.7807033061981201,-1.2979602813720703,0.0,-0.12028959020972252,-0.12028959020972252,0.0047036027535796165,0.0047036027535796165,0.04486345127224922,-0.6574070453643799,0.8246751427650452,0.0,-0.040159848518669605,-0.040159848518669605,-0.06409669667482376,-0.06409669667482376,-0.024497272446751595,-0.06845524907112122,-0.7596208453178406,0.0,-0.039599424228072166,-0.039599424228072166
372,12.4,24,0,0,,4,uneven rough,8,0.0,70.75904846191406,36.8015022277832,0.329593300819397,1.9602000713348389,-0.4776889979839325,1.86328125,-0.4776889979839325,6.734569549560547,5.671716213226318,0.5,0.2179412841796875,0.12283536046743393,0.9801000356674194,-0.23884449899196625,-0.8603257536888123,0.5567048788070679,-0.0063674370758235455,0.3957613408565521,0.7930426001548767,0.04417294263839722,-0.602228045463562,-0.602228045463562,0.09335128217935562,-1.9727121591567993,1.7013388872146606,0.0,-0.6955793276429176,-0.6955793276429176,0.27835243940353394,0.27835243940353394,0.2557620704174042,1.142943263053894,0.4230872392654419,0.0,0.02259036898612976,0.02259036898612976,-0.0031837185379117727,-0.0031837185379117727,-0.01237964816391468,0.017998728901147842,-0.7756855487823486,0.0,0.009195929626002908,0.009195929626002908,0.2770329415798187,0.2770329415798187,-0.06034771725535393,1.9790858030319214,0.33850356936454773,0.0,0.33738065883517265,0.33738065883517265,0.39652130007743835,0.39652130007743835,0.15848278999328613,2.0000014305114746,-0.9413210153579712,0.0,0.23803851008415222,0.23803851008415222,0.02208647131919861,0.02208647131919861,0.01895001344382763,1.429034948348999,0.15544049441814423,0.0,0.0031364578753709793,0.0031364578753709793
373,12.433333333333334,4,0,0,,4,uneven rough,5,0.0,50.70201873779297,35.67551040649414,0.36526232957839966,1.699958086013794,0.4858536720275879,1.699958086013794,0.4858536720275879,8.953415870666504,3.1498451232910156,0.3333333432674408,0.3720298707485199,0.11052864044904709,0.849979043006897,0.24292683601379395,0.3628409802913666,0.29664021730422974,0.18680386245250702,0.5324549078941345,-0.27800431847572327,0.10764960944652557,0.25398868322372437,0.25398868322372437,0.212453231215477,1.9955010414123535,1.3422667980194092,0.0,0.041535452008247375,0.041535452008247375,0.14832010865211487,0.14832010865211487,0.13419073820114136,1.1282776594161987,-0.9229810833930969,0.0,0.01412937045097351,0.01412937045097351,0.09340193122625351,0.09340193122625351,0.08151602745056152,1.7462244033813477,-0.5338960289955139,0.0,0.011885903775691986,0.011885903775691986,0.3727184236049652,0.3727184236049652,0.09369465708732605,1.7599642276763916,-1.5781567096710205,0.0,0.27902376651763916,0.27902376651763916,-0.44480690360069275,-0.44480690360069275,0.004961192607879639,-1.5224989652633667,0.14403478801250458,0.0,-0.4497680962085724,-0.4497680962085724,0.05382480472326279,0.05382480472326279,0.04333416000008583,1.6394236087799072,-0.8824893236160278,0.0,0.010490644723176956,0.010490644723176956
373,12.433333333333334,14,0,0,,4,uneven rough,5,0.0,50.25999069213867,36.578792572021484,0.3323734700679779,1.3606523275375366,-0.7844939827919006,1.3606523275375366,-0.7844939827919006,2.335062026977539,1.5324949026107788,0.3333333432674408,-0.10916794836521149,0.1970902383327484,0.6803261637687683,-0.3922469913959503,-0.07070077210664749,0.06834501773118973,0.31849783658981323,0.3347007930278778,0.42759597301483154,-0.49442383646965027,-0.049490541219711304,-0.049490541219711304,0.14274995028972626,-0.7488239407539368,1.1953791379928589,0.0,-0.19224049150943756,-0.19224049150943756,0.034172508865594864,0.034172508865594864,0.069853775203228,-1.267755150794983,-1.3415582180023193,0.0,-0.03568126633763313,-0.03568126633763313,0.15924891829490662,0.15924891829490662,0.019383806735277176,1.381640076637268,-1.5488288402557373,0.0,0.13986511155962944,0.13986511155962944,0.23429055511951447,0.23429055511951447,0.22206495702266693,-0.5194713473320007,-1.570904016494751,0.0,0.012225598096847534,0.012225598096847534,0.21379798650741577,0.21379798650741577,0.08893269300460815,-1.3885496854782104,-0.013296780176460743,0.0,0.12486529350280762,0.12486529350280762,-0.24721191823482513,-0.24721191823482513,-0.03516090288758278,1.04757559299469,-0.36883458495140076,0.0,-0.21205101534724236,-0.21205101534724236
373,12.433333333333334,24,0,0,,4,uneven rough,8,0.0,70.82306671142578,36.82121276855469,0.30897989869117737,1.8946847915649414,1.0537055730819702,1.8453383445739746,1.0537055730819702,9.497953414916992,0.0,0.0,0.5325491428375244,0.16173428297042847,0.9473423957824707,0.5268527865409851,0.2684987783432007,0.12405252456665039,-0.6181057095527649,-0.1319105178117752,0.6122026443481445,0.03622302785515785,0.18794913589954376,0.18794913589954376,0.14349353313446045,1.9201574325561523,-0.3759761452674866,0.0,0.04445560276508331,0.04445560276508331,0.062026262283325195,0.062026262283325195,0.19817261397838593,-0.877488911151886,0.830095112323761,0.0,-0.13614635169506073,-0.13614635169506073,-0.30905285477638245,-0.30905285477638245,-0.06646484136581421,1.7750623226165771,-0.3269350528717041,0.0,-0.24258801341056824,-0.24258801341056824,-0.09233736246824265,-0.09233736246824265,-0.09146050363779068,-0.5006981492042542,1.2660917043685913,0.0,-0.0008768588304519653,-0.0008768588304519653,0.30610132217407227,0.30610132217407227,0.21765939891338348,1.7966809272766113,0.7217079997062683,0.0,0.08844192326068878,0.08844192326068878,0.018111513927578926,0.018111513927578926,0.012888289988040924,1.8160001039505005,0.8755331039428711,0.0,0.005223223939538002,0.005223223939538002
374,12.466666666666667,4,0,0,,4,uneven rough,5,0.0,50.67601776123047,35.628475189208984,0.37565553188323975,1.1533732414245605,0.30034610629081726,1.1533732414245605,0.30034610629081726,6.041991233825684,0.0,0.0,0.4099859893321991,0.21815982460975647,0.5766866207122803,0.15017305314540863,-0.688755989074707,0.43679535388946533,0.7331070899963379,0.6606135964393616,-0.025042645633220673,0.4753827452659607,-0.48212918639183044,-0.48212918639183044,0.180500790476799,-1.6456576585769653,1.7116066217422485,0.0,-0.6626299768686295,-0.6626299768686295,0.21839767694473267,0.21839767694473267,0.18983103334903717,1.5136305093765259,0.2368042767047882,0.0,0.028566643595695496,0.028566643595695496,0.36655354499816895,0.36655354499816895,0.14622168242931366,1.9339059591293335,0.7552881240844727,0.0,0.22033186256885529,0.22033186256885529,0.4624295234680176,0.4624295234680176,0.16285260021686554,1.8065987825393677,0.30922284722328186,0.0,0.29957692325115204,0.29957692325115204,-0.040068235248327255,-0.040068235248327255,-0.016868604347109795,-0.7309964299201965,-0.7982263565063477,0.0,-0.02319963090121746,-0.02319963090121746,0.23769137263298035,0.23769137263298035,0.06912385672330856,1.0948325395584106,0.543404757976532,0.0,0.16856751590967178,0.16856751590967178
374,12.466666666666667,14,0,0,,4,uneven rough,5,0.0,50.24542999267578,36.52973175048828,0.33792179822921753,1.8910996913909912,1.0014876127243042,1.8910996913909912,1.0014876127243042,6.942928314208984,1.4510524272918701,0.3333333432674408,-0.2464599609375,0.2034933865070343,0.9455498456954956,0.5007438063621521,0.2571493983268738,0.19878995418548584,-0.21723073720932007,0.07628510892391205,0.43878236413002014,0.5701834559440613,0.18000458180904388,0.18000458180904388,0.1648629605770111,0.5655856728553772,0.09612321853637695,0.0,0.015141621232032776,0.015141621232032776,0.09939497709274292,0.09939497709274292,0.12406207621097565,1.0667457580566406,-1.2998298406600952,0.0,-0.024667099118232727,-0.024667099118232727,-0.10861536860466003,-0.10861536860466003,-0.016495022922754288,1.3355845212936401,0.10806354135274887,0.0,-0.09212034568190575,-0.09212034568190575,0.053399574011564255,0.053399574011564255,0.15499043464660645,-1.9195917844772339,-0.976422131061554,0.0,-0.10159086063504219,-0.10159086063504219,0.21939118206501007,0.21939118206501007,0.1423257440328598,1.1616476774215698,-0.7908672094345093,0.0,0.07706543803215027,0.07706543803215027,0.28509172797203064,0.28509172797203064,0.022813687101006508,1.4148415327072144,0.43200626969337463,0.0,0.26227804087102413,0.26227804087102413
374,12.466666666666667,24,0,0,,4,uneven rough,8,0.0,70.88884735107422,36.83725357055664,0.29884666204452515,1.97840416431427,0.12153465300798416,1.889937162399292,0.12153465300798416,7.149944305419922,1.3863990306854248,0.5,0.6089291572570801,0.09723299741744995,0.989202082157135,0.06076732650399208,0.08790253847837448,-0.05116521939635277,-0.4215375483036041,-0.0130009101703763,0.4671265482902527,-0.1890573799610138,0.06153177469968796,0.06153177469968796,0.09880905598402023,-1.3865972757339478,0.9222618937492371,0.0,-0.037277281284332275,-0.037277281284332275,-0.08186434954404831,-0.08186434954404831,0.14730091392993927,-0.2652614116668701,-0.1353759467601776,0.0,-0.22916526347398758,-0.22916526347398758,-0.21076877415180206,-0.21076877415180206,-0.09314443171024323,0.8598307371139526,0.8615380525588989,0.0,-0.11762434244155884,-0.11762434244155884,-0.009100637398660183,-0.009100637398660183,-0.0274849534034729,0.5445855259895325,0.2671455442905426,0.0,0.018384316004812717,0.018384316004812717,0.23356327414512634,0.23356327414512634,0.213765949010849,-1.3326292037963867,1.32949960231781,0.0,0.019797325134277344,0.019797325134277344,-0.0945286899805069,-0.0945286899805069,-0.0422801710665226,0.18799839913845062,1.407274842262268,0.0,-0.0522485189139843,-0.0522485189139843
375,12.5,4,0,0,,4,uneven rough,5,0.0,50.66386413574219,35.57341766357422,0.37426531314849854,1.4253902435302734,0.2648428678512573,1.4253902435302734,0.2648428678512573,7.839988708496094,0.47273391485214233,0.3333333432674408,0.9358856081962585,0.13639377057552338,0.7126951217651367,0.13242143392562866,-0.35225987434387207,0.48189473152160645,0.2221042811870575,0.07926040142774582,0.1900114268064499,-0.07546655088663101,-0.24658191204071045,-0.24658191204071045,0.12772326171398163,-1.8848148584365845,-0.1865965873003006,0.0,-0.3743051737546921,-0.3743051737546921,0.24094736576080322,0.24094736576080322,0.24252629280090332,0.9218330979347229,0.9587241411209106,0.0,-0.0015789270401000977,-0.0015789270401000977,0.11105214059352875,0.11105214059352875,0.10579817742109299,-2.0543580055236816,1.4216808080673218,0.0,0.0052539631724357605,0.0052539631724357605,0.055482279509305954,0.055482279509305954,0.13185997307300568,-1.9676218032836914,1.1558419466018677,0.0,-0.07637769356369972,-0.07637769356369972,0.09500571340322495,0.09500571340322495,0.037646111100912094,2.041774034500122,-0.7602144479751587,0.0,0.05735960230231285,0.05735960230231285,-0.037733275443315506,-0.037733275443315506,0.009924541227519512,-1.722104787826538,0.8551830053329468,0.0,-0.04765781667083502,-0.04765781667083502
375,12.5,14,0,0,,4,uneven rough,5,0.0,50.23604202270508,36.485923767089844,0.34735992550849915,1.4094350337982178,-0.26477959752082825,1.4094350337982178,-0.26477959752082825,6.1813459396362305,2.1360015869140625,0.3333333432674408,-0.11168675869703293,0.11006574332714081,0.7047175168991089,-0.13238979876041412,0.48748862743377686,0.013131389394402504,-0.2856907546520233,0.12870585918426514,0.10998234897851944,0.09415420889854431,0.3412420451641083,0.3412420451641083,0.22589516639709473,1.9742125272750854,0.36155813932418823,0.0,0.11534687876701355,0.11534687876701355,0.006565694697201252,0.006565694697201252,0.05695990473031998,-1.9192026853561401,0.03823622688651085,0.0,-0.050394210033118725,-0.050394210033118725,-0.14284537732601166,-0.14284537732601166,-0.04322873055934906,-1.3018792867660522,0.8021060824394226,0.0,-0.0996166467666626,-0.0996166467666626,0.09009409695863724,0.09009409695863724,0.08718649297952652,-1.7278034687042236,-1.5096919536590576,0.0,0.0029076039791107178,0.0029076039791107178,0.05499117448925972,0.05499117448925972,0.06688208132982254,-1.9330191612243652,0.31308820843696594,0.0,-0.01189090684056282,-0.01189090684056282,0.047077104449272156,0.047077104449272156,0.05617113038897514,0.9136595129966736,0.9877030849456787,0.0,-0.009094025939702988,-0.009094025939702988
375,12.5,24,0,0,,4,uneven rough,8,0.0,70.95306396484375,36.855125427246094,0.29815617203712463,1.981943130493164,1.3150322437286377,1.881664514541626,1.3150322437286377,9.539026260375977,0.5963650345802307,0.3333333432674408,0.7517856359481812,0.11868681013584137,0.990971565246582,0.6575161218643188,0.23367604613304138,-0.0463126078248024,-0.3007020950317383,-0.24037201702594757,0.32799872756004333,0.304022878408432,0.1635732352733612,0.1635732352733612,0.1525268405675888,1.9955116510391235,-0.3831712007522583,0.0,0.0110463947057724,0.0110463947057724,-0.07410017400979996,-0.07410017400979996,0.09043560177087784,-0.5173320770263672,-0.20881341397762299,0.0,-0.1645357757806778,-0.1645357757806778,-0.15035104751586914,-0.15035104751586914,-0.11758501082658768,-1.7336102724075317,0.8605727553367615,0.0,-0.032766036689281464,-0.032766036689281464,-0.16826041042804718,-0.16826041042804718,-0.09084151685237885,-1.7517194747924805,0.42401060461997986,0.0,-0.07741889357566833,-0.07741889357566833,0.16399936378002167,0.16399936378002167,0.14999157190322876,-1.2644214630126953,-0.17567281424999237,0.0,0.014007791876792908,0.014007791876792908,0.152011439204216,0.152011439204216,-0.014093604870140553,0.33979398012161255,0.7178937792778015,0.0,0.16610504407435656,0.16610504407435656
376,12.533333333333333,4,0,0,,4,uneven rough,5,0.0,50.650150299072266,35.52193832397461,0.35925692319869995,1.5610311031341553,0.23301833868026733,1.5610311031341553,0.23301833868026733,7.195257186889648,3.3788487911224365,0.3333333432674408,1.3258001804351807,0.22751137614250183,0.7805155515670776,0.11650916934013367,0.8287894129753113,-0.19241124391555786,-0.21814852952957153,-0.16066734492778778,0.41892462968826294,-0.5326101779937744,0.5801525712013245,0.5801525712013245,0.15717078745365143,1.6728647947311401,-1.1467722654342651,0.0,0.42298178374767303,0.42298178374767303,-0.3078579902648926,-0.3078579902648926,0.19917960464954376,-1.9172474145889282,0.9378659129142761,0.0,-0.5070375949144363,-0.5070375949144363,-0.10907426476478577,-0.10907426476478577,0.03773041442036629,-1.9986813068389893,-0.5436777472496033,0.0,-0.14680467918515205,-0.14680467918515205,-0.11246713995933533,-0.11246713995933533,0.06561335921287537,-1.4926756620407104,-0.6101700663566589,0.0,-0.1780804991722107,-0.1780804991722107,0.20946231484413147,0.20946231484413147,0.09775244444608688,1.9994550943374634,0.8240348696708679,0.0,0.11170987039804459,0.11170987039804459,-0.2663050889968872,-0.2663050889968872,-0.03840381279587746,-0.7347314357757568,-0.6020201444625854,0.0,-0.22790127620100975,-0.22790127620100975
376,12.533333333333333,14,0,0,,4,uneven rough,5,0.0,50.23885726928711,36.44050216674805,0.35714012384414673,1.5377668142318726,-1.0763660669326782,1.5377668142318726,-1.0763660669326782,3.922468662261963,2.6709656715393066,0.5,0.2397196739912033,0.0806821659207344,0.7688834071159363,-0.5381830334663391,0.004014269448816776,0.07088424265384674,0.4084055423736572,-0.09871876239776611,0.01402595266699791,-0.08310166746377945,0.0028099885676056147,0.0028099885676056147,0.21087241172790527,-1.6514642238616943,1.2733558416366577,0.0,-0.20806242316029966,-0.20806242316029966,0.03544212132692337,0.03544212132692337,0.025295089930295944,0.2764638364315033,-1.0685032606124878,0.0,0.010147031396627426,0.010147031396627426,0.2042027711868286,0.2042027711868286,0.003353685373440385,1.6541084051132202,-0.38749101758003235,0.0,0.20084908581338823,0.20084908581338823,-0.06910312920808792,-0.06910312920808792,0.03004889003932476,-1.9962435960769653,-1.6330125331878662,0.0,-0.09915201924741268,-0.09915201924741268,0.007012976333498955,0.007012976333498955,0.020623845979571342,-0.845737636089325,-0.9568649530410767,0.0,-0.013610869646072388,-0.013610869646072388,-0.041550833731889725,-0.041550833731889725,0.03908456489443779,-1.9721884727478027,0.9458387494087219,0.0,-0.08063539862632751,-0.08063539862632751
376,12.533333333333333,24,0,0,,4,uneven rough,8,0.0,71.02019500732422,36.87186050415039,0.2977563142776489,1.8706005811691284,-0.42542049288749695,1.8547537326812744,-0.42542049288749695,9.897482872009277,1.0357625484466553,0.3333333432674408,0.38039809465408325,0.13457722961902618,0.9353002905845642,-0.21271024644374847,0.13584057986736298,0.20539849996566772,0.12466289848089218,0.1564997285604477,0.315762996673584,-0.06442054361104965,0.0950884073972702,0.0950884073972702,0.10137619823217392,-1.6860352754592896,0.9617403745651245,0.0,-0.006287790834903717,-0.006287790834903717,0.10269924998283386,0.10269924998283386,0.11431274563074112,0.3982038199901581,-0.3832504153251648,0.0,-0.011613495647907257,-0.011613495647907257,0.06233144924044609,0.06233144924044609,-0.06851478666067123,1.8555723428726196,-0.6061829924583435,0.0,0.13084623590111732,0.13084623590111732,0.10954980552196503,0.10954980552196503,-0.03246961161494255,1.7702072858810425,-0.8061510920524597,0.0,0.14201941713690758,0.14201941713690758,0.157881498336792,0.157881498336792,0.14380618929862976,-0.27482515573501587,-0.7912532687187195,0.0,0.014075309038162231,0.014075309038162231,-0.032210271805524826,-0.032210271805524826,-0.026552602648735046,-1.2065958976745605,0.5041154623031616,0.0,-0.00565766915678978,-0.00565766915678978
377,12.566666666666666,4,0,0,,4,uneven rough,5,0.0,50.6279296875,35.4737434387207,0.34115007519721985,1.0991133451461792,-0.7232667803764343,1.0991133451461792,-0.7232667803764343,4.805416107177734,1.007422685623169,0.1666666716337204,1.3977327346801758,0.03426302969455719,0.5495566725730896,-0.36163339018821716,0.626678466796875,0.33382463455200195,0.4845755696296692,0.07984927296638489,0.27310624718666077,-0.2810068130493164,0.4386749267578125,0.4386749267578125,0.21403847634792328,1.1133546829223633,0.44745558500289917,0.0,0.22463645040988922,0.22463645040988922,0.16691231727600098,0.16691231727600098,0.14578978717327118,-0.490549236536026,-0.676420271396637,0.0,0.021122530102729797,0.021122530102729797,0.2422877848148346,0.2422877848148346,0.020714089274406433,0.41859889030456543,-1.3663393259048462,0.0,0.22157369554042816,0.22157369554042816,0.05589449033141136,0.05589449033141136,0.04732131212949753,0.27711719274520874,-1.1091402769088745,0.0,0.008573178201913834,0.008573178201913834,0.13655312359333038,0.13655312359333038,0.16763660311698914,0.8025456666946411,1.4886195659637451,0.0,-0.031083479523658752,-0.031083479523658752,-0.1405034065246582,-0.1405034065246582,-0.06694359332323074,-0.2045978158712387,-0.6770553588867188,0.0,-0.07355981320142746,-0.07355981320142746
377,12.566666666666666,14,0,0,,4,uneven rough,5,0.0,50.235809326171875,36.393089294433594,0.3607383668422699,1.673034429550171,-1.0981249809265137,1.673034429550171,-1.0981249809265137,8.233418464660645,3.3333334922790527,0.1666666716337204,0.03930629417300224,0.31370478868484497,0.8365172147750854,-0.5490624904632568,0.5605192184448242,-0.3334995210170746,0.6544409394264221,-0.07332763075828552,0.279148131608963,-0.6609691381454468,0.39236345887184143,0.39236345887184143,0.24769793450832367,1.854616403579712,-0.38034263253211975,0.0,0.14466552436351776,0.14466552436351776,-0.5335992574691772,-0.5335992574691772,0.03593020141124725,0.6923173069953918,-0.30805644392967224,0.0,-0.5695294588804245,-0.5695294588804245,0.32722046971321106,0.32722046971321106,0.06756580621004105,1.6251945495605469,0.7668329477310181,0.0,0.25965466350317,0.25965466350317,-0.051329340785741806,-0.051329340785741806,-0.03754790127277374,-1.522385835647583,-1.8383840322494507,0.0,-0.013781439512968063,-0.013781439512968063,0.1395740658044815,0.1395740658044815,0.05242008715867996,1.9163583517074585,-0.8940333724021912,0.0,0.08715397864580154,0.08715397864580154,-0.3304845690727234,-0.3304845690727234,0.016962002962827682,1.1299649477005005,-0.7040190696716309,0.0,-0.34744657203555107,-0.34744657203555107
377,12.566666666666666,24,0,0,,4,uneven rough,8,0.0,71.09015655517578,36.88399887084961,0.29318663477897644,1.8288133144378662,-0.12506310641765594,1.8288133144378662,-0.12506310641765594,9.576744079589844,0.43773186206817627,0.1666666716337204,0.7735192179679871,0.08711110055446625,0.9144066572189331,-0.06253155320882797,0.22423990070819855,0.3299303352832794,-0.14389896392822266,0.3136568069458008,0.18217989802360535,0.249905526638031,0.1569679230451584,0.1569679230451584,0.11804316192865372,1.8926060199737549,-0.5353167057037354,0.0,0.03892476111650467,0.03892476111650467,0.1649651676416397,0.1649651676416397,0.15445806086063385,1.439144253730774,0.05858520418405533,0.0,0.01050710678100586,0.01050710678100586,-0.07194948196411133,-0.07194948196411133,-0.054133620113134384,-0.8726474642753601,0.785697877407074,0.0,-0.017815861850976944,-0.017815861850976944,0.21955975890159607,0.21955975890159607,0.01846996322274208,1.5486952066421509,0.6505265831947327,0.0,0.201089795678854,0.201089795678854,0.09108994901180267,0.09108994901180267,0.1019154042005539,-1.6004115343093872,-0.4992638826370239,0.0,-0.01082545518875122,-0.01082545518875122,0.1249527633190155,0.1249527633190155,0.02879684418439865,1.9596210718154907,-0.46312379837036133,0.0,0.09615591913461685,0.09615591913461685
378,12.6,4,0,0,,4,uneven rough,5,0.0,50.60005187988281,35.424530029296875,0.3366057574748993,1.6865564584732056,-0.053734250366687775,1.6865564584732056,-0.053734250366687775,5.70062780380249,3.998758316040039,0.5,0.948445737361908,0.05875522643327713,0.8432782292366028,-0.026867125183343887,0.3088952898979187,0.6084631085395813,-0.01162694487720728,0.3703112304210663,0.5155737996101379,0.10374782234430313,0.2162266969680786,0.2162266969680786,0.21100269258022308,0.40273812413215637,0.8239561319351196,0.0,0.00522400438785553,0.00522400438785553,0.30423155426979065,0.30423155426979065,0.21037866175174713,0.6408594846725464,-0.5713284611701965,0.0,0.09385289251804352,0.09385289251804352,-0.00581347243860364,-0.00581347243860364,0.005663140211254358,-0.376151978969574,-0.35713207721710205,0.0,-0.011476612649857998,-0.011476612649857998,0.25921785831451416,0.25921785831451416,0.11134965717792511,1.8273316621780396,-0.32534781098365784,0.0,0.14786820113658905,0.14786820113658905,0.25778689980506897,0.25778689980506897,0.2359822690486908,1.9918185472488403,1.1007121801376343,0.0,0.021804630756378174,0.021804630756378174,0.051873911172151566,0.051873911172151566,-0.019519824534654617,-0.3255968987941742,-0.40992701053619385,0.0,0.07139373570680618,0.07139373570680618
378,12.6,14,0,0,,4,uneven rough,5,0.0,50.219696044921875,36.34526443481445,0.3685626983642578,1.4901965856552124,-0.5080782771110535,1.4901965856552124,-0.5080782771110535,8.106775283813477,3.977903366088867,0.3333333432674408,0.13472339510917664,0.08166289329528809,0.7450982928276062,-0.25403913855552673,0.7056328058242798,0.2944464087486267,-0.018153665587306023,0.3656434714794159,0.6228635907173157,-0.328765869140625,0.4939429461956024,0.4939429461956024,0.3128216862678528,1.9257112741470337,0.8833072185516357,0.0,0.18112125992774963,0.18112125992774963,0.14722320437431335,0.14722320437431335,0.10182364284992218,1.9795560836791992,0.257556676864624,0.0,0.045399561524391174,0.045399561524391174,-0.009076832793653011,-0.009076832793653011,0.01709127239882946,-1.8659052848815918,1.2521520853042603,0.0,-0.02616810519248247,-0.02616810519248247,0.2559504210948944,0.2559504210948944,0.004522436764091253,1.944143533706665,-1.6597181558609009,0.0,0.25142798433080316,0.25142798433080316,0.31143179535865784,0.31143179535865784,0.09803402423858643,1.2760894298553467,0.6949671506881714,0.0,0.2133977711200714,0.2133977711200714,-0.1643829345703125,-0.1643829345703125,-0.03588433563709259,-1.7518013715744019,0.33291879296302795,0.0,-0.1284985989332199,-0.1284985989332199
378,12.6,24,0,0,,4,uneven rough,8,0.0,71.16056060791016,36.90054702758789,0.27808186411857605,1.7883920669555664,-0.5445789098739624,1.7883920669555664,-0.5445789098739624,9.334165573120117,0.0,0.0,0.19334201514720917,0.18014192581176758,0.8941960334777832,-0.2722894549369812,-0.7072160243988037,0.6214532852172852,0.04859564080834389,-0.02414553239941597,0.30168578028678894,0.34381580352783203,-0.49505120515823364,-0.49505120515823364,0.1319427192211151,0.5806943774223328,0.8374351263046265,0.0,-0.6269939243793488,-0.6269939243793488,0.3107266426086426,0.3107266426086426,0.22297249734401703,1.7063711881637573,0.8391557931900024,0.0,0.08775414526462555,0.08775414526462555,0.024297820404171944,0.024297820404171944,0.007175185717642307,1.842598557472229,-0.15193356573581696,0.0,0.017122634686529636,0.017122634686529636,-0.01690187305212021,-0.01690187305212021,0.02941349521279335,-1.1760022640228271,1.1583527326583862,0.0,-0.04631536826491356,-0.04631536826491356,0.15084289014339447,0.15084289014339447,0.14414648711681366,1.822360634803772,-1.1218547821044922,0.0,0.0066964030265808105,0.0066964030265808105,0.17190790176391602,0.17190790176391602,0.05629556253552437,-0.7060410976409912,0.9067004919052124,0.0,0.11561233922839165,0.11561233922839165
379,12.633333333333333,4,0,0,,4,uneven rough,5,0.0,50.57901382446289,35.38017272949219,0.3294140100479126,1.8649191856384277,1.1184371709823608,1.8649191856384277,1.1184371709823608,9.733309745788574,3.201120376586914,0.1666666716337204,0.625519871711731,0.11901291459798813,0.9324595928192139,0.5592185854911804,0.09764955192804337,-0.09199421852827072,0.013268567621707916,0.6882600784301758,0.697425901889801,0.10933778434991837,0.06835468858480453,0.06835468858480453,0.15649764239788055,-1.9406814575195312,0.5857987403869629,0.0,-0.08814295381307602,-0.08814295381307602,-0.14719074964523315,-0.14719074964523315,0.1767372339963913,1.1788378953933716,0.11404477059841156,0.0,-0.32392798364162445,-0.32392798364162445,0.006634283810853958,0.006634283810853958,0.018509946763515472,-0.3059214651584625,-0.3678859770298004,0.0,-0.011875662952661514,-0.011875662952661514,0.48178204894065857,0.48178204894065857,0.17972446978092194,1.6868313550949097,0.8917810320854187,0.0,0.30205757915973663,0.30205757915973663,0.3487129509449005,0.3487129509449005,0.2773292362689972,1.9543585777282715,1.6045453548431396,0.0,0.07138371467590332,0.07138371467590332,0.05466889217495918,0.05466889217495918,-0.0019237943924963474,-0.30904170870780945,-0.3622466027736664,0.0,0.05659268656745553,0.05659268656745553
379,12.633333333333333,14,0,0,,4,uneven rough,5,0.0,50.20500946044922,36.30280303955078,0.369414746761322,1.2279324531555176,0.579362690448761,1.2279324531555176,0.579362690448761,6.245421886444092,0.7855997085571289,0.1666666716337204,0.09536104649305344,0.10095371305942535,0.6139662265777588,0.2896813452243805,-0.06160983070731163,0.0875755101442337,0.28121379017829895,0.8189595937728882,0.010645925998687744,0.2806726396083832,-0.04312688112258911,-0.04312688112258911,0.287489116191864,-1.8516918420791626,1.472684383392334,0.0,-0.3306159973144531,-0.3306159973144531,0.04378775507211685,0.04378775507211685,0.043462906032800674,-1.3376020193099976,1.2311782836914062,0.0,0.00032484903931617737,0.00032484903931617737,0.14060689508914948,0.14060689508914948,0.07788525521755219,2.000000238418579,-0.5108031034469604,0.0,0.06272163987159729,0.06272163987159729,0.5732716917991638,0.5732716917991638,0.07545242458581924,2.0000009536743164,0.37791168689727783,0.0,0.4978192672133446,0.4978192672133446,0.005322962999343872,0.005322962999343872,0.03569324314594269,-1.7872155904769897,1.0235347747802734,0.0,-0.030370280146598816,-0.030370280146598816,0.1403363198041916,0.1403363198041916,0.02978024072945118,1.9525885581970215,-0.8457857370376587,0.0,0.11055607907474041,0.11055607907474041
379,12.633333333333333,24,0,0,,4,uneven rough,8,0.0,71.2220230102539,36.92323684692383,0.2524113953113556,1.8837506771087646,0.20663940906524658,1.8612408638000488,0.20663940906524658,8.1533842086792,1.7126144170761108,0.3333333432674408,0.29377633333206177,0.14080093801021576,0.9418753385543823,0.10331970453262329,0.29797354340553284,0.037510525435209274,-0.23665572702884674,-0.3277833163738251,0.47137585282325745,-0.4657418429851532,0.20858147740364075,0.20858147740364075,0.1948995143175125,1.917047142982483,0.6922734379768372,0.0,0.013681963086128235,0.013681963086128235,0.018755262717604637,0.018755262717604637,0.17013755440711975,-1.9814000129699707,1.3294808864593506,0.0,-0.1513822916895151,-0.1513822916895151,-0.11832786351442337,-0.11832786351442337,-0.05108306556940079,-1.999497890472412,0.9757784605026245,0.0,-0.06724479794502258,-0.06724479794502258,-0.2294483184814453,-0.2294483184814453,-0.038121093064546585,-1.9238739013671875,-0.16149576008319855,0.0,-0.19132722541689873,-0.19132722541689873,0.23568792641162872,0.23568792641162872,0.19536851346492767,2.000000238418579,0.5428099036216736,0.0,0.04031941294670105,0.04031941294670105,-0.2328709214925766,-0.2328709214925766,-0.0066345566883683205,-2.0,-0.005146482959389687,0.0,-0.22623636480420828,-0.22623636480420828
380,12.666666666666666,4,0,0,,4,uneven rough,5,0.0,50.5604133605957,35.334232330322266,0.3352305293083191,1.750303864479065,0.05059809610247612,1.750303864479065,0.05059809610247612,9.035642623901367,6.6666669845581055,0.3333333432674408,0.26327547430992126,0.05471540987491608,0.8751519322395325,0.02529904805123806,0.456089586019516,-0.043461840599775314,-0.17068570852279663,0.20329827070236206,0.4160059988498688,0.44058361649513245,0.31926271319389343,0.31926271319389343,0.2084970325231552,1.7945636510849,-0.8426777124404907,0.0,0.11076568067073822,0.11076568067073822,-0.06953894346952438,-0.06953894346952438,0.11049732565879822,-1.9071804285049438,0.7160807251930237,0.0,-0.1800362691283226,-0.1800362691283226,-0.08534285426139832,-0.08534285426139832,-0.02151298150420189,-1.9008256196975708,-0.3328511416912079,0.0,-0.06382987275719643,-0.06382987275719643,0.1423087865114212,0.1423087865114212,0.12832187116146088,-1.3131119012832642,1.3413039445877075,0.0,0.013986915349960327,0.013986915349960327,0.2080029994249344,0.2080029994249344,0.21502242982387543,-1.635620355606079,1.8023303747177124,0.0,-0.00701943039894104,-0.00701943039894104,0.22029180824756622,0.22029180824756622,0.009233097545802593,-0.8944975733757019,-0.332164466381073,0.0,0.21105871070176363,0.21105871070176363
380,12.666666666666666,14,0,0,,4,uneven rough,5,0.0,50.1968879699707,36.255592346191406,0.36746376752853394,1.1981391906738281,-0.16954459249973297,1.1981391906738281,-0.16954459249973297,6.254931449890137,0.0,0.0,-0.1473805010318756,0.04270266741514206,0.5990695953369141,-0.08477229624986649,0.07377567887306213,0.5383116006851196,0.5748424530029297,0.40671026706695557,-0.47442248463630676,0.2283351570367813,0.051642972975969315,0.051642972975969315,0.22121325135231018,-1.97785222530365,-0.40692391991615295,0.0,-0.16957027837634087,-0.16957027837634087,0.2691558003425598,0.2691558003425598,0.10878515988588333,1.9898900985717773,-0.22121472656726837,0.0,0.16037064045667648,0.16037064045667648,0.28742122650146484,0.28742122650146484,0.14446903765201569,0.6840522885322571,0.9088096022605896,0.0,0.14295218884944916,0.14295218884944916,0.28469717502593994,0.28469717502593994,0.14272581040859222,1.5415058135986328,1.2950438261032104,0.0,0.14197136461734772,0.14197136461734772,-0.7590759992599487,-0.7590759992599487,0.031731221824884415,-0.47336456179618835,-0.565668523311615,0.0,-0.7908072210848331,-0.7908072210848331,0.11416757851839066,0.11416757851839066,0.09702321887016296,2.0723929405212402,0.7364200949668884,0.0,0.01714435964822769,0.01714435964822769
380,12.666666666666666,24,0,0,,4,uneven rough,8,0.0,71.28253173828125,36.94104766845703,0.23550420999526978,1.5464410781860352,-0.6837791204452515,1.5464410781860352,-0.6837791204452515,7.8650007247924805,0.0,0.0,0.015612821094691753,0.1962190866470337,0.7732205390930176,-0.34188956022262573,0.28289228677749634,-0.03780074417591095,0.6679555177688599,-0.08882027119398117,0.20323126018047333,-0.552054226398468,0.19802460074424744,0.19802460074424744,0.21402710676193237,-0.6514058709144592,1.3847626447677612,0.0,-0.016002506017684937,-0.016002506017684937,-0.06048119068145752,-0.06048119068145752,0.10867826640605927,-1.5946210622787476,-0.5424970984458923,0.0,-0.16915945708751678,-0.16915945708751678,0.33397775888442993,0.33397775888442993,0.008123190142214298,2.000580310821533,-0.7064481377601624,0.0,0.32585456874221563,0.32585456874221563,-0.06217418983578682,-0.06217418983578682,-0.06601188331842422,0.11016663163900375,-1.1579475402832031,0.0,0.0038376934826374054,0.0038376934826374054,0.10161563009023666,0.10161563009023666,0.1585579514503479,-2.000265598297119,1.3667079210281372,0.0,-0.05694232136011124,-0.05694232136011124,-0.276027113199234,-0.276027113199234,-0.020119402557611465,-0.14331316947937012,-1.133040189743042,0.0,-0.25590771064162254,-0.25590771064162254
381,12.7,4,0,0,,4,uneven rough,5,0.0,50.5413703918457,35.289634704589844,0.3370315432548523,1.7286174297332764,-0.3577500581741333,1.7286174297332764,-0.3577500581741333,5.755876064300537,0.7220195531845093,0.3333333432674408,-0.04503776878118515,0.08102913200855255,0.8643087148666382,-0.17887502908706665,0.07960066944360733,0.028311891481280327,0.5725671052932739,0.3320974111557007,0.13440023362636566,-0.06499537825584412,0.05572046712040901,0.05572046712040901,0.15048827230930328,-1.9499801397323608,0.6484232544898987,0.0,-0.09476780518889427,-0.09476780518889427,0.014155945740640163,0.014155945740640163,0.044412512332201004,-1.9451375007629395,-0.7671158313751221,0.0,-0.03025656659156084,-0.03025656659156084,0.28628355264663696,0.28628355264663696,0.021251413971185684,-0.23757518827915192,-1.2193866968154907,0.0,0.2650321386754513,0.2650321386754513,0.23246818780899048,0.23246818780899048,0.18977782130241394,1.8526701927185059,-0.15950752794742584,0.0,0.04269036650657654,0.04269036650657654,0.06720011681318283,0.06720011681318283,0.15096133947372437,-1.8480793237686157,-0.14149312674999237,0.0,-0.08376122266054153,-0.08376122266054153,-0.03249768912792206,-0.03249768912792206,-0.02864615060389042,-1.1852704286575317,-0.6501086354255676,0.0,-0.003851538524031639,-0.003851538524031639
381,12.7,14,0,0,,4,uneven rough,5,0.0,50.195526123046875,36.20844650268555,0.36261433362960815,1.3470652103424072,-0.16219913959503174,1.3470652103424072,-0.16219913959503174,8.801466941833496,2.3123538494110107,0.3333333432674408,-0.04127494618296623,0.08610527217388153,0.6735326051712036,-0.08109956979751587,0.05336225405335426,0.5531901717185974,-0.03135285526514053,0.49274134635925293,0.16551360487937927,-0.19787311553955078,0.037353578954935074,0.037353578954935074,0.15538707375526428,-1.9236714839935303,-1.295129656791687,0.0,-0.11803349480032921,-0.11803349480032921,0.2765950858592987,0.2765950858592987,0.17671380937099457,1.7568094730377197,1.0289479494094849,0.0,0.09988127648830414,0.09988127648830414,-0.015676427632570267,-0.015676427632570267,0.07201199233531952,-2.0035407543182373,0.7817314267158508,0.0,-0.08768841996788979,-0.08768841996788979,0.3449189364910126,0.3449189364910126,0.2093627154827118,1.8854233026504517,1.4343938827514648,0.0,0.13555622100830078,0.13555622100830078,0.08275680243968964,0.08275680243968964,0.09505906701087952,2.0879411697387695,-0.5134797096252441,0.0,-0.01230226457118988,-0.01230226457118988,-0.09893655776977539,-0.09893655776977539,0.08243285864591599,-0.14066089689731598,1.49178147315979,0.0,-0.18136941641569138,-0.18136941641569138
381,12.7,24,0,0,,4,uneven rough,8,0.0,71.34086608886719,36.9601936340332,0.23707138001918793,1.8841038942337036,-0.20182538032531738,1.8841038942337036,-0.20182538032531738,9.961241722106934,4.181406021118164,0.3333333432674408,-0.37483859062194824,0.17760680615901947,0.9420519471168518,-0.10091269016265869,0.1299261599779129,0.26613590121269226,0.20574596524238586,0.30376389622688293,0.30416280031204224,-0.22321230173110962,0.09094831347465515,0.09094831347465515,0.14672070741653442,-1.9693517684936523,0.23350930213928223,0.0,-0.05577239394187927,-0.05577239394187927,0.13306795060634613,0.13306795060634613,0.12463226914405823,-0.6209433078765869,-1.1373698711395264,0.0,0.008435681462287903,0.008435681462287903,0.10287298262119293,0.10287298262119293,0.049653179943561554,0.9058105945587158,0.8241106271743774,0.0,0.05321980267763138,0.05321980267763138,0.21263472735881805,0.21263472735881805,0.0019596563652157784,1.6882479190826416,-0.44095349311828613,0.0,0.21067507099360228,0.21067507099360228,0.15208140015602112,0.15208140015602112,0.17752614617347717,-0.3726268708705902,-0.536984920501709,0.0,-0.025444746017456055,-0.025444746017456055,-0.11160615086555481,-0.11160615086555481,-0.010490085929632187,0.2576735019683838,-0.5734467506408691,0.0,-0.10111606493592262,-0.10111606493592262
382,12.733333333333333,4,0,0,,4,uneven rough,5,0.0,50.51932907104492,35.241153717041016,0.3467139005661011,1.5706616640090942,0.4994335472583771,1.5706616640090942,0.4994335472583771,8.19157600402832,0.5194453001022339,0.1666666716337204,-0.004448553081601858,0.1401943564414978,0.7853308320045471,0.24971677362918854,0.09105316549539566,0.3021990954875946,0.2767479419708252,0.45582854747772217,-0.042876098304986954,0.3303965628147125,0.06373721361160278,0.06373721361160278,0.08435133844614029,-1.9321589469909668,-0.8207187056541443,0.0,-0.020614124834537506,-0.020614124834537506,0.1510995477437973,0.1510995477437973,0.09785541146993637,1.9569498300552368,-1.4331713914871216,0.0,0.05324413627386093,0.05324413627386093,0.1383739709854126,0.1383739709854126,0.058880481868982315,0.6320499181747437,-0.6642687320709229,0.0,0.07949348911643028,0.07949348911643028,0.3190799653530121,0.3190799653530121,0.2549756169319153,1.9939639568328857,0.9781813621520996,0.0,0.0641043484210968,0.0641043484210968,-0.06860175728797913,-0.06860175728797913,0.12284991145133972,-1.3880873918533325,-1.1064000129699707,0.0,-0.19145166873931885,-0.19145166873931885,0.16519828140735626,0.16519828140735626,0.017375148832798004,0.5266411304473877,-0.952690064907074,0.0,0.14782313257455826,0.14782313257455826
382,12.733333333333333,14,0,0,,4,uneven rough,5,0.0,50.187870025634766,36.16429138183594,0.3455427885055542,1.1164411306381226,0.7708980441093445,1.1164411306381226,0.7708980441093445,7.819922924041748,1.302245020866394,0.3333333432674408,0.11839675903320312,0.11377491056919098,0.5582205653190613,0.38544902205467224,0.4496340751647949,-0.08222794532775879,-0.5604569315910339,0.5640622973442078,0.5406835675239563,-0.03510567173361778,0.31474384665489197,0.31474384665489197,0.17455968260765076,1.9043675661087036,-1.6505082845687866,0.0,0.1401841640472412,0.1401841640472412,-0.13156472146511078,-0.13156472146511078,0.1274520754814148,-1.9999897480010986,1.4404821395874023,0.0,-0.2590167969465256,-0.2590167969465256,-0.28022846579551697,-0.28022846579551697,0.006044647190719843,-1.8536328077316284,-0.7930664420127869,0.0,-0.2862731129862368,-0.2862731129862368,0.39484360814094543,0.39484360814094543,0.26821738481521606,1.9841104745864868,1.6894067525863647,0.0,0.12662622332572937,0.12662622332572937,0.27034178376197815,0.27034178376197815,0.1549391895532608,2.0032899379730225,0.9573683142662048,0.0,0.11540259420871735,0.11540259420871735,-0.01755283586680889,-0.01755283586680889,0.02713668905198574,-2.0006752014160156,0.5687956213951111,0.0,-0.04468952491879463,-0.04468952491879463
382,12.733333333333333,24,0,0,,4,uneven rough,8,0.0,71.39952850341797,36.97959899902344,0.24924209713935852,1.8438270092010498,-0.1853647381067276,1.8438270092010498,-0.1853647381067276,10.041468620300293,4.143436431884766,0.3333333432674408,-0.6857901811599731,0.14867520332336426,0.9219135046005249,-0.0926823690533638,0.31763944029808044,0.4093109369277954,-0.3345087170600891,0.05199797451496124,0.0437694750726223,0.20890389382839203,0.22234760224819183,0.22234760224819183,0.1811213195323944,2.000002145767212,-1.011992335319519,0.0,0.041226282715797424,0.041226282715797424,0.2046554684638977,0.2046554684638977,0.1630626618862152,2.00000262260437,-0.8453813791275024,0.0,0.041592806577682495,0.041592806577682495,-0.16725435853004456,-0.16725435853004456,0.007185799069702625,-1.413105845451355,0.8703039288520813,0.0,-0.17444015759974718,-0.17444015759974718,0.03639858216047287,0.03639858216047287,0.01570955663919449,0.6642419099807739,0.7629008293151855,0.0,0.02068902552127838,0.02068902552127838,0.02188473753631115,0.02188473753631115,0.1358523964881897,-1.7013510465621948,-0.44405660033226013,0.0,-0.11396765895187855,-0.11396765895187855,0.10445194691419601,0.10445194691419601,0.04554275795817375,1.9999817609786987,-0.10352986305952072,0.0,0.05890918895602226,0.05890918895602226
383,12.766666666666666,4,0,0,,4,uneven rough,5,0.0,50.51008605957031,35.18753433227539,0.35963955521583557,1.4975754022598267,0.42665475606918335,1.4975754022598267,0.42665475606918335,8.92562484741211,5.66257381439209,0.5,0.0971488356590271,0.09269595146179199,0.7487877011299133,0.21332737803459167,-0.06829945743083954,0.4923328459262848,-0.019447607919573784,0.29039260745048523,0.03428145870566368,-0.02028167061507702,-0.04780961945652962,-0.04780961945652962,0.019163966178894043,-1.9352914094924927,-1.4491289854049683,0.0,-0.06697358563542366,-0.06697358563542366,0.2461664229631424,0.2461664229631424,0.16389691829681396,1.9995224475860596,0.48360925912857056,0.0,0.08226950466632843,0.08226950466632843,-0.009723803959786892,-0.009723803959786892,0.0005364606622606516,-0.4427364468574524,0.06867215782403946,0.0,-0.010260264622047544,-0.010260264622047544,0.20327481627464294,0.20327481627464294,0.2491617202758789,-1.8361040353775024,1.552506685256958,0.0,-0.04588690400123596,-0.04588690400123596,0.01714072935283184,0.01714072935283184,0.05761678144335747,-1.8175333738327026,-1.2656666040420532,0.0,-0.04047605209052563,-0.04047605209052563,-0.01014083530753851,-0.01014083530753851,-0.019396992400288582,-0.4436209201812744,-0.11627356708049774,0.0,0.009256157092750072,0.009256157092750072
383,12.766666666666666,14,0,0,,4,uneven rough,5,0.0,50.187530517578125,36.11949920654297,0.33777424693107605,1.2063959836959839,-0.5567314028739929,1.2063959836959839,-0.5567314028739929,4.8292555809021,2.658872127532959,0.1666666716337204,0.19940578937530518,0.2397567629814148,0.6031979918479919,-0.27836570143699646,-0.3877074420452118,-0.23747026920318604,0.6746127605438232,0.17338505387306213,0.3048120439052582,-0.2685273587703705,-0.271395206451416,-0.271395206451416,0.15281836688518524,-1.2796437740325928,0.3594249188899994,0.0,-0.42421357333660126,-0.42421357333660126,-0.37995243072509766,-0.37995243072509766,0.06839149445295334,-1.8606680631637573,-0.5047668218612671,0.0,-0.448343925178051,-0.448343925178051,0.3373063802719116,0.3373063802719116,0.04110347479581833,0.1035381406545639,-1.3927125930786133,0.0,0.2962029054760933,0.2962029054760933,0.12136953324079514,0.12136953324079514,0.2828434407711029,-0.8651939630508423,1.8560328483581543,0.0,-0.16147390753030777,-0.16147390753030777,0.1524060219526291,0.1524060219526291,0.157918781042099,-0.22508223354816437,1.5487343072891235,0.0,-0.00551275908946991,-0.00551275908946991,-0.13426367938518524,-0.13426367938518524,0.012467934750020504,-0.0662270039319992,-0.8839877843856812,0.0,-0.14673161413520575,-0.14673161413520575
383,12.766666666666666,24,0,0,,4,uneven rough,8,0.0,71.4557113647461,37.0056037902832,0.2517087161540985,1.7328680753707886,-0.6162304282188416,1.7328680753707886,-0.6162304282188416,6.988487243652344,3.237990379333496,0.1666666716337204,-0.5946666598320007,0.18395297229290009,0.8664340376853943,-0.3081152141094208,-0.3746188282966614,0.5046887993812561,-0.09912122786045074,-0.02183380536735058,0.45295199751853943,-0.15025176107883453,-0.262233167886734,-0.262233167886734,0.14612220227718353,-1.2761799097061157,0.6909947395324707,0.0,-0.40835537016391754,-0.40835537016391754,0.25234439969062805,0.25234439969062805,0.22202590107917786,0.6480333209037781,0.7634038329124451,0.0,0.030318498611450195,0.030318498611450195,-0.04956061393022537,-0.04956061393022537,-0.023210113868117332,-1.0012720823287964,-0.4207400381565094,0.0,-0.02635050006210804,-0.02635050006210804,-0.015283663757145405,-0.015283663757145405,0.04451633244752884,-0.3168781101703644,0.7071189284324646,0.0,-0.059799996204674244,-0.059799996204674244,0.22647599875926971,0.22647599875926971,0.19182272255420685,1.9872163534164429,-1.1549330949783325,0.0,0.034653276205062866,0.034653276205062866,-0.07512588053941727,-0.07512588053941727,-0.022207103669643402,-1.562003493309021,1.0857993364334106,0.0,-0.052918776869773865,-0.052918776869773865
384,12.8,4,0,0,,4,uneven rough,5,0.0,50.495182037353516,35.133819580078125,0.3640162944793701,1.4451401233673096,0.0417000949382782,1.4451401233673096,0.0417000949382782,7.733779430389404,2.9056854248046875,0.1666666716337204,-0.10891629755496979,0.17452965676784515,0.7225700616836548,0.0208500474691391,0.3516642153263092,0.3464825749397278,0.4303971827030182,-0.21760015189647675,-0.2559618353843689,-0.5744438171386719,0.2461649477481842,0.2461649477481842,0.055334702134132385,1.6436570882797241,-1.7240060567855835,0.0,0.19083024561405182,0.19083024561405182,0.1732412874698639,0.1732412874698639,0.17207175493240356,0.17868226766586304,1.3407093286514282,0.0,0.0011695325374603271,0.0011695325374603271,0.2151985913515091,0.2151985913515091,0.03556578606367111,0.5763375163078308,-0.22047919034957886,0.0,0.17963280528783798,0.17963280528783798,-0.15232010185718536,-0.15232010185718536,0.18280768394470215,-1.527035117149353,-0.36341986060142517,0.0,-0.3351277858018875,-0.3351277858018875,-0.40953895449638367,-0.40953895449638367,0.004106397740542889,-1.2080109119415283,-1.5776931047439575,0.0,-0.41364535223692656,-0.41364535223692656,-0.28722190856933594,-0.28722190856933594,-0.025896459817886353,0.3752700686454773,-0.30135634541511536,0.0,-0.2613254487514496,-0.2613254487514496
384,12.8,14,0,0,,4,uneven rough,5,0.0,50.185977935791016,36.07323455810547,0.33860158920288086,1.1656943559646606,-0.5909966230392456,1.1656943559646606,-0.5909966230392456,4.766845703125,3.04829740524292,0.3333333432674408,0.4416823983192444,0.0836743712425232,0.5828471779823303,-0.2954983115196228,0.586635410785675,-0.0020499611273407936,0.35573944449424744,-0.07573609054088593,0.11359144002199173,-0.02184278704226017,0.4106447696685791,0.4106447696685791,0.2002987116575241,1.774186611175537,-0.5673074722290039,0.0,0.210346058011055,0.210346058011055,-0.0032799378968775272,-0.0032799378968775272,0.005617960821837187,-1.696388840675354,-1.2713958024978638,0.0,-0.008897898718714714,-0.008897898718714714,0.17786972224712372,0.17786972224712372,0.08005981147289276,1.2307881116867065,-0.5467297434806824,0.0,0.09780991077423096,0.09780991077423096,-0.05301526188850403,-0.05301526188850403,0.21873541176319122,-1.6965813636779785,0.3174463212490082,0.0,-0.27175067365169525,-0.27175067365169525,0.056795720010995865,0.056795720010995865,0.10414363443851471,-1.8440927267074585,0.5458152890205383,0.0,-0.047347914427518845,-0.047347914427518845,-0.010921393521130085,-0.010921393521130085,0.046517107635736465,0.8402870297431946,-0.4216243624687195,0.0,-0.05743850115686655,-0.05743850115686655
384,12.8,24,0,0,,4,uneven rough,8,0.0,71.50733947753906,37.03152847290039,0.2409404069185257,1.9069416522979736,0.8647059798240662,1.9069416522979736,0.8647059798240662,8.894594192504883,1.3784717321395874,0.5,-0.4937792718410492,0.22103798389434814,0.9534708261489868,0.4323529899120331,0.4899745285511017,0.16221268475055695,-0.029401911422610283,0.0009795759106054902,0.48958104848861694,-0.1961042881011963,0.3429821729660034,0.3429821729660034,0.20368917286396027,1.748421311378479,-0.4212493300437927,0.0,0.13929300010204315,0.13929300010204315,0.08110634237527847,0.08110634237527847,0.1593819111585617,-2.0000014305114746,0.6981731653213501,0.0,-0.07827556878328323,-0.07827556878328323,-0.014700955711305141,-0.014700955711305141,-0.019949525594711304,0.4163948893547058,-0.7489739060401917,0.0,0.005248569883406162,0.005248569883406162,0.000685703125782311,0.000685703125782311,-0.012888080440461636,-0.8782961368560791,0.128149151802063,0.0,0.013573783566243947,0.013573783566243947,0.24479052424430847,0.24479052424430847,0.236827552318573,1.6749541759490967,0.6216438412666321,0.0,0.007962971925735474,0.007962971925735474,-0.09805214405059814,-0.09805214405059814,-0.08153805881738663,-1.4146268367767334,-0.41127312183380127,0.0,-0.016514085233211517,-0.016514085233211517
385,12.833333333333334,4,0,0,,4,uneven rough,5,0.0,50.47679138183594,35.07454299926758,0.36188650131225586,1.5244901180267334,-0.7622427940368652,1.5244901180267334,-0.7622427940368652,5.340510368347168,1.5729889869689941,0.3333333432674408,-0.28001195192337036,0.0706949457526207,0.7622450590133667,-0.3811213970184326,0.3991183638572693,0.6349429488182068,0.24460434913635254,-0.09194681793451309,0.47161900997161865,-0.37181708216667175,0.2793828547000885,0.2793828547000885,0.12321677803993225,1.9535661935806274,0.1800767332315445,0.0,0.15616607666015625,0.15616607666015625,0.3174714744091034,0.3174714744091034,0.238408163189888,1.8615763187408447,0.6836971044540405,0.0,0.0790633112192154,0.0790633112192154,0.12230217456817627,0.12230217456817627,0.06865649670362473,1.3949745893478394,0.23004239797592163,0.0,0.053645677864551544,0.053645677864551544,-0.0643627718091011,-0.0643627718091011,0.11970671266317368,-1.7481961250305176,-1.0213299989700317,0.0,-0.18406948447227478,-0.18406948447227478,0.23580950498580933,0.23580950498580933,0.0706964060664177,1.898369550704956,-1.3686741590499878,0.0,0.16511309891939163,0.16511309891939163,-0.18590854108333588,-0.18590854108333588,-0.05903107300400734,-0.8142514824867249,0.0812094435095787,0.0,-0.12687746807932854,-0.12687746807932854
385,12.833333333333334,14,0,0,,4,uneven rough,5,0.0,50.193355560302734,36.02351379394531,0.34428736567497253,1.177045464515686,-0.45492449402809143,1.177045464515686,-0.45492449402809143,2.657457113265991,2.5390377044677734,0.3333333432674408,0.5979684591293335,0.08126582950353622,0.588522732257843,-0.22746224701404572,0.042036429047584534,0.39190739393234253,0.4968964457511902,0.13922937214374542,0.20505721867084503,-0.17439967393875122,0.029425499960780144,0.029425499960780144,0.17793816328048706,-1.4634236097335815,0.7565774917602539,0.0,-0.14851266331970692,-0.14851266331970692,0.19595369696617126,0.19595369696617126,0.06516698747873306,1.1319644451141357,-1.5116876363754272,0.0,0.1307867094874382,0.1307867094874382,0.2484482228755951,0.2484482228755951,0.12195807695388794,1.3017089366912842,0.4582820534706116,0.0,0.12649014592170715,0.12649014592170715,0.0974605605006218,0.0974605605006218,0.17423459887504578,-1.9496947526931763,-0.821288526058197,0.0,-0.07677403837442398,-0.07677403837442398,0.10252860933542252,0.10252860933542252,0.13229912519454956,-0.3759632408618927,-0.8054429888725281,0.0,-0.029770515859127045,-0.029770515859127045,-0.08719983696937561,-0.08719983696937561,0.05131717398762703,0.36412665247917175,0.2918626070022583,0.0,-0.13851701095700264,-0.13851701095700264
385,12.833333333333334,24,0,0,,4,uneven rough,8,0.0,71.55909729003906,37.057518005371094,0.23103675246238708,1.8730800151824951,-0.7554072737693787,1.8730800151824951,-0.7554072737693787,9.523590087890625,2.7713961601257324,0.1666666716337204,-0.4590078294277191,0.14439433813095093,0.9365400075912476,-0.37770363688468933,0.24641752243041992,0.013522214256227016,0.22633227705955505,-0.06635377556085587,0.34149685502052307,-0.2678757607936859,0.17249226570129395,0.17249226570129395,0.1995239108800888,-1.083062767982483,0.8054863214492798,0.0,-0.02703164517879486,-0.02703164517879486,0.006761107128113508,0.006761107128113508,0.09293699264526367,-2.000000476837158,-0.827379584312439,0.0,-0.08617588551715016,-0.08617588551715016,0.11316613852977753,0.11316613852977753,0.04434450343251228,2.0000011920928955,-0.09007230401039124,0.0,0.06882163509726524,0.06882163509726524,-0.046447642147541046,-0.046447642147541046,-0.02204146794974804,-0.30123117566108704,-0.44089680910110474,0.0,-0.024406174197793007,-0.024406174197793007,0.17074842751026154,0.17074842751026154,0.19352829456329346,-1.9919236898422241,1.2171874046325684,0.0,-0.02277986705303192,-0.02277986705303192,-0.13393788039684296,-0.13393788039684296,-0.12455541640520096,-0.5888622403144836,-0.9785711169242859,0.0,-0.009382463991641998,-0.009382463991641998
386,12.866666666666667,4,0,0,,4,uneven rough,5,0.0,50.46113586425781,35.01530838012695,0.3531322479248047,1.100632667541504,0.5638673305511475,1.100632667541504,0.5638673305511475,2.8565118312835693,3.4126296043395996,0.5,-0.2782660126686096,0.0952330231666565,0.550316333770752,0.28193366527557373,0.6942111849784851,0.5378608107566833,0.21666069328784943,0.08005376905202866,0.4192829132080078,-0.35496872663497925,0.4859478175640106,0.4859478175640106,0.1881905198097229,1.8191028833389282,1.18281090259552,0.0,0.2977572977542877,0.2977572977542877,0.2689304053783417,0.2689304053783417,0.27709728479385376,0.02227250672876835,1.3496720790863037,0.0,-0.008166879415512085,-0.008166879415512085,0.10833034664392471,0.10833034664392471,0.09319154918193817,-0.37499260902404785,0.8886971473693848,0.0,0.015138797461986542,0.015138797461986542,0.05603763833642006,0.05603763833642006,0.05419450253248215,-1.6689790487289429,-1.43230140209198,0.0,0.001843135803937912,0.001843135803937912,0.2096414566040039,0.2096414566040039,0.13488291203975677,1.9369739294052124,0.47851818799972534,0.0,0.07475854456424713,0.07475854456424713,-0.17748436331748962,-0.17748436331748962,-0.11760914325714111,-1.9460595846176147,-0.42508578300476074,0.0,-0.05987522006034851,-0.05987522006034851
386,12.866666666666667,14,0,0,,4,uneven rough,5,0.0,50.200660705566406,35.976375579833984,0.3496778607368469,1.4780796766281128,-0.18832208216190338,1.4780796766281128,-0.18832208216190338,5.288221836090088,3.141116142272949,0.3333333432674408,0.6429576873779297,0.18772384524345398,0.7390398383140564,-0.09416104108095169,0.744928777217865,0.15725351870059967,0.19523891806602478,-0.17802634835243225,0.24969011545181274,-0.5240533351898193,0.5214501619338989,0.5214501619338989,0.21665766835212708,1.7431130409240723,-0.4986150860786438,0.0,0.30479249358177185,0.30479249358177185,0.07862675935029984,0.07862675935029984,0.07736846804618835,0.3433806002140045,-0.01696203276515007,0.0,0.0012582913041114807,0.0012582913041114807,0.09761945903301239,0.09761945903301239,0.09761752188205719,-0.9418870210647583,0.9351571202278137,0.0,1.9371509552001953e-06,1.9371509552001953e-06,-0.12461844086647034,-0.12461844086647034,0.11780589073896408,-1.4954768419265747,-1.4592914581298828,0.0,-0.24242433160543442,-0.24242433160543442,0.12484505772590637,0.12484505772590637,0.11780910193920135,0.2368275374174118,-0.562614381313324,0.0,0.007035955786705017,0.007035955786705017,-0.26202666759490967,-0.26202666759490967,-0.007885067723691463,-0.9350735545158386,0.3327208161354065,0.0,-0.2541415998712182,-0.2541415998712182
386,12.866666666666667,24,0,0,,4,uneven rough,8,0.0,71.61557006835938,37.07936477661133,0.2262679636478424,1.8454989194869995,-0.8012287616729736,1.8454989194869995,-0.8012287616729736,9.645284652709961,0.0,0.0,-0.23756754398345947,0.1774316430091858,0.9227494597434998,-0.4006143808364868,0.1665235161781311,0.22117547690868378,-0.2028326690196991,0.36955904960632324,0.06772562116384506,0.1685941219329834,0.11656645685434341,0.11656645685434341,0.1339111477136612,-1.9911210536956787,-0.2623027265071869,0.0,-0.01734469085931778,-0.01734469085931778,0.11058773845434189,0.11058773845434189,0.08181502670049667,0.7897288799285889,-1.4903815984725952,0.0,0.028772711753845215,0.028772711753845215,-0.10141633450984955,-0.10141633450984955,0.00886572990566492,-1.9845128059387207,1.0916589498519897,0.0,-0.11028206441551447,-0.11028206441551447,0.25869134068489075,0.25869134068489075,0.03755532205104828,1.9791618585586548,-0.36192959547042847,0.0,0.22113601863384247,0.22113601863384247,0.03386281058192253,0.03386281058192253,0.14477111399173737,-1.284141182899475,-0.5972497463226318,0.0,-0.11090830340981483,-0.11090830340981483,0.0842970609664917,0.0842970609664917,-0.08720335364341736,1.5716134309768677,-0.7582290172576904,0.0,0.17150041460990906,0.17150041460990906
387,12.9,4,0,0,,4,uneven rough,5,0.0,50.4334831237793,34.9615478515625,0.3459230363368988,1.5330569744110107,-0.45950013399124146,1.5330569744110107,-0.45950013399124146,5.236409664154053,0.2534799575805664,0.1666666716337204,-0.03394049406051636,0.15226924419403076,0.7665284872055054,-0.22975006699562073,0.7566330432891846,0.49469685554504395,0.3668171465396881,0.32820433378219604,0.3104134202003479,-0.12448056787252426,0.5296431183815002,0.5296431183815002,0.24475933611392975,1.3912854194641113,1.5425715446472168,0.0,0.2848837822675705,0.2848837822675705,0.24734842777252197,0.24734842777252197,0.2598396837711334,0.1416187733411789,0.599157989025116,0.0,-0.01249125599861145,-0.01249125599861145,0.18340857326984406,0.18340857326984406,0.1482398957014084,1.9999998807907104,0.17420467734336853,0.0,0.03516867756843567,0.03516867756843567,0.22974303364753723,0.22974303364753723,0.07426436990499496,1.8245917558670044,-1.5661193132400513,0.0,0.15547866374254227,0.15547866374254227,0.15520671010017395,0.15520671010017395,0.14693410694599152,-0.4494687616825104,1.3031316995620728,0.0,0.008272603154182434,0.008272603154182434,-0.06224028393626213,-0.06224028393626213,-0.06360292434692383,1.6332955360412598,-1.2850470542907715,0.0,0.0013626404106616974,0.0013626404106616974
387,12.9,14,0,0,,4,uneven rough,5,0.0,50.19755554199219,35.9276008605957,0.3621033728122711,0.9888393878936768,0.18893320858478546,0.9888393878936768,0.18893320858478546,1.8102878332138062,4.817707061767578,0.3333333432674408,0.3906322419643402,0.15436415374279022,0.4944196939468384,0.09446660429239273,0.31569892168045044,0.501913845539093,0.4358975291252136,0.514905571937561,0.12566623091697693,-0.12545719742774963,0.22098924219608307,0.22098924219608307,0.21873722970485687,0.19203712046146393,0.7688620090484619,0.0,0.0022520124912261963,0.0022520124912261963,0.2509569227695465,0.2509569227695465,0.12714305520057678,1.10662841796875,0.18677634000778198,0.0,0.12381386756896973,0.12381386756896973,0.2179487645626068,0.2179487645626068,0.12043425440788269,1.4089235067367554,-0.12612700462341309,0.0,0.09751451015472412,0.09751451015472412,0.3604339063167572,0.3604339063167572,0.1736999750137329,2.0006649494171143,-1.4797507524490356,0.0,0.1867339313030243,0.1867339313030243,0.06283311545848846,0.06283311545848846,0.10680560767650604,-1.5309104919433594,-0.11060848832130432,0.0,-0.04397249221801758,-0.04397249221801758,-0.06272859871387482,-0.06272859871387482,-0.02285521663725376,1.1088461875915527,-0.38409239053726196,0.0,-0.039873382076621056,-0.039873382076621056
387,12.9,24,0,0,,4,uneven rough,8,0.0,71.67407989501953,37.10145950317383,0.22719934582710266,1.5796546936035156,1.0607985258102417,1.5796546936035156,1.0607985258102417,8.731562614440918,3.3333334922790527,0.1666666716337204,0.06842736899852753,0.10034924745559692,0.7898273468017578,0.5303992629051208,0.04495880380272865,0.560070276260376,-0.1450527310371399,0.4974563419818878,0.22773407399654388,0.5293410420417786,0.03147116303443909,0.03147116303443909,0.06798284500837326,-0.08005905151367188,-1.2397797107696533,0.0,-0.036511681973934174,-0.036511681973934174,0.280035138130188,0.280035138130188,0.15313579142093658,2.221999406814575,-0.20120304822921753,0.0,0.1268993467092514,0.1268993467092514,-0.07252636551856995,-0.07252636551856995,-0.03859604895114899,0.017853934317827225,-0.647614061832428,0.0,-0.03393031656742096,-0.03393031656742096,0.3482194244861603,0.3482194244861603,0.10070179402828217,1.0549100637435913,0.9617276787757874,0.0,0.2475176304578781,0.2475176304578781,0.11386703699827194,0.11386703699827194,0.1225673034787178,2.158097743988037,-0.9856193661689758,0.0,-0.008700266480445862,-0.008700266480445862,0.2646705210208893,0.2646705210208893,-0.028019044548273087,1.7669895887374878,0.5590680837631226,0.0,0.29268956556916237,0.29268956556916237
388,12.933333333333334,4,0,0,,4,uneven rough,5,0.0,50.414024353027344,34.90610122680664,0.351086288690567,1.4722530841827393,0.1843584030866623,1.4722530841827393,0.1843584030866623,7.534204483032227,2.1805944442749023,0.1666666716337204,-0.08217158913612366,0.17476163804531097,0.7361265420913696,0.09217920154333115,-0.064413882791996,0.647911012172699,0.3590407967567444,0.6537724733352661,0.21112877130508423,0.24117200076580048,-0.0450897179543972,-0.0450897179543972,0.2005680352449417,-1.9734376668930054,1.4570341110229492,0.0,-0.2456577531993389,-0.2456577531993389,0.3239555060863495,0.3239555060863495,0.30541378259658813,1.4160083532333374,0.3404645025730133,0.0,0.018541723489761353,0.018541723489761353,0.1795203983783722,0.1795203983783722,0.1631641685962677,0.7849090695381165,1.2065125703811646,0.0,0.016356229782104492,0.016356229782104492,0.45764073729515076,0.45764073729515076,0.14492656290531158,2.0009613037109375,0.3509947955608368,0.0,0.3127141743898392,0.3127141743898392,0.10556438565254211,0.10556438565254211,0.12052945047616959,-1.0377140045166016,0.31220826506614685,0.0,-0.014965064823627472,-0.014965064823627472,0.12058600038290024,0.12058600038290024,0.0025771926157176495,1.9991490840911865,0.36498910188674927,0.0,0.11800880776718259,0.11800880776718259
388,12.933333333333334,14,0,0,,4,uneven rough,5,0.0,50.19551467895508,35.87831497192383,0.3820562958717346,1.1807477474212646,-0.07287658005952835,1.1807477474212646,-0.07287658005952835,4.766729354858398,4.275402069091797,0.3333333432674408,0.39638060331344604,0.16170267760753632,0.5903738737106323,-0.036438290029764175,-0.2450879067182541,0.672082781791687,0.5748867392539978,0.4644280672073364,-0.06698887795209885,0.09010925889015198,-0.17156153917312622,-0.17156153917312622,0.1661079227924347,-1.9065344333648682,0.44272419810295105,0.0,-0.3376694619655609,-0.3376694619655609,0.3360413908958435,0.3360413908958435,0.19067588448524475,1.6937122344970703,0.7068623304367065,0.0,0.14536550641059875,0.14536550641059875,0.2874433696269989,0.2874433696269989,0.17679345607757568,0.7525944709777832,0.7417933344841003,0.0,0.11064991354942322,0.11064991354942322,0.3250996470451355,0.3250996470451355,0.24258200824260712,1.6312633752822876,0.48808249831199646,0.0,0.08251763880252838,0.08251763880252838,-0.10718220472335815,-0.10718220472335815,0.06682004779577255,-0.6465989351272583,-0.9136497974395752,0.0,-0.1740022525191307,-0.1740022525191307,0.04505462944507599,0.04505462944507599,0.035663098096847534,1.8846535682678223,0.46001777052879333,0.0,0.009391531348228455,0.009391531348228455
388,12.933333333333334,24,0,0,,4,uneven rough,8,0.0,71.72257995605469,37.132171630859375,0.2346307933330536,1.944395899772644,-1.7565088272094727,1.9352483749389648,-1.7565088272094727,10.302595138549805,6.456582546234131,0.5,0.4379653334617615,0.16384130716323853,0.972197949886322,-0.8782544136047363,0.002294581150636077,0.2763431668281555,-0.6258881092071533,-0.6116341352462769,0.15298540890216827,0.41626688838005066,0.0016062067588791251,0.0016062067588791251,0.04434788599610329,-1.9366353750228882,-0.5840715765953064,0.0,-0.04274167923722416,-0.04274167923722416,0.13817158341407776,0.13817158341407776,0.11598894000053406,-0.05350514501333237,1.1688799858093262,0.0,0.0221826434135437,0.0221826434135437,-0.31294405460357666,-0.31294405460357666,-0.08359400928020477,-0.335297167301178,-0.2713572680950165,0.0,-0.2293500453233719,-0.2293500453233719,-0.4281438887119293,-0.4281438887119293,0.06142198666930199,-1.5424641370773315,1.0144131183624268,0.0,-0.4895658753812313,-0.4895658753812313,0.07649270445108414,0.07649270445108414,0.08728982508182526,0.2927943468093872,0.7918438911437988,0.0,-0.01079712063074112,-0.01079712063074112,0.20813344419002533,0.20813344419002533,0.02145756036043167,0.5983575582504272,1.242029070854187,0.0,0.18667588382959366,0.18667588382959366
389,12.966666666666667,4,0,0,,4,uneven rough,5,0.0,50.39727783203125,34.853336334228516,0.35016027092933655,1.4046399593353271,-0.34346967935562134,1.4046399593353271,-0.34346967935562134,7.3301520347595215,0.8341362476348877,0.1666666716337204,-0.07845699787139893,0.10356345772743225,0.7023199796676636,-0.17173483967781067,0.20013175904750824,0.5543258190155029,-0.023831209167838097,0.2780122756958008,-0.09703274816274643,0.19471824169158936,0.14009222388267517,0.14009222388267517,0.14156390726566315,-0.8806259632110596,-0.48256075382232666,0.0,-0.001471683382987976,-0.001471683382987976,0.27716290950775146,0.27716290950775146,0.270015150308609,-0.24656127393245697,0.948578953742981,0.0,0.007147759199142456,0.007147759199142456,-0.011915604583919048,-0.011915604583919048,0.10061861574649811,-2.0007736682891846,0.9681372046470642,0.0,-0.11253422033041716,-0.11253422033041716,0.19460858404636383,0.19460858404636383,0.19969336688518524,0.6016894578933716,1.283888816833496,0.0,-0.005084782838821411,-0.005084782838821411,-0.1552523970603943,-0.1552523970603943,0.05529794096946716,-1.443344235420227,-0.45104020833969116,0.0,-0.21055033802986145,-0.21055033802986145,0.09735912084579468,0.09735912084579468,0.05489848554134369,0.30866947770118713,1.2889460325241089,0.0,0.04246063530445099,0.04246063530445099
389,12.966666666666667,14,0,0,,4,uneven rough,5,0.0,50.20558547973633,35.827903747558594,0.38664963841438293,1.4222146272659302,-0.3311781883239746,1.4222146272659302,-0.3311781883239746,8.203462600708008,4.936095237731934,0.5774791240692139,0.11808763444423676,0.060368459671735764,0.7111073136329651,-0.1655890941619873,-0.3157575726509094,0.6154735088348389,0.10197895765304565,0.30618780851364136,0.28186655044555664,-0.13810281455516815,-0.22103029489517212,-0.22103029489517212,0.10806163400411606,-1.504952073097229,-0.885550856590271,0.0,-0.3290919288992882,-0.3290919288992882,0.30773675441741943,0.30773675441741943,0.2573668956756592,1.8397630453109741,1.2648290395736694,0.0,0.050369858741760254,0.050369858741760254,0.05098947882652283,0.05098947882652283,0.11269810795783997,-1.784268856048584,0.7479003071784973,0.0,-0.06170862913131714,-0.06170862913131714,0.2143314629793167,0.2143314629793167,0.24663123488426208,-1.103291630744934,1.1344389915466309,0.0,-0.032299771904945374,-0.032299771904945374,0.14093327522277832,0.14093327522277832,0.11648620665073395,1.796445608139038,-0.7626587748527527,0.0,0.024447068572044373,0.024447068572044373,-0.06905140727758408,-0.06905140727758408,-0.007277944590896368,-1.508636474609375,1.2655093669891357,0.0,-0.06177346268668771,-0.06177346268668771
389,12.966666666666667,24,0,0,,4,uneven rough,8,0.0,71.77255249023438,37.167579650878906,0.22703899443149567,1.912702202796936,0.5932525992393494,1.8901004791259766,0.5932525992393494,9.908535957336426,3.8766531944274902,0.3333333432674408,0.3859971761703491,0.31888970732688904,0.956351101398468,0.2966262996196747,0.3212888836860657,0.05619603395462036,-0.45315244793891907,-0.3222157657146454,0.45764943957328796,-0.25065237283706665,0.2249022126197815,0.2249022126197815,0.08297242224216461,1.9966500997543335,-1.348813533782959,0.0,0.14192979037761688,0.14192979037761688,0.02809801697731018,0.02809801697731018,0.059435587376356125,-2.0000007152557373,0.4777412712574005,0.0,-0.031337570399045944,-0.031337570399045944,-0.22657622396945953,-0.22657622396945953,-0.1497487872838974,-1.9999994039535522,-0.30750900506973267,0.0,-0.07682743668556213,-0.07682743668556213,-0.225551038980484,-0.225551038980484,-0.007571394555270672,-1.9757325649261475,-0.43124985694885254,0.0,-0.21797964442521334,-0.21797964442521334,0.22882471978664398,0.22882471978664398,0.14245939254760742,2.002995729446411,0.5096803903579712,0.0,0.08636532723903656,0.08636532723903656,-0.12532618641853333,-0.12532618641853333,-0.03297748416662216,-1.9094449281692505,0.8780960440635681,0.0,-0.09234870225191116,-0.09234870225191116
390,13.0,4,0,0,,4,uneven rough,5,0.0,50.39073181152344,34.798641204833984,0.3439774811267853,1.334498405456543,0.009472493082284927,1.334498405456543,0.009472493082284927,7.215620994567871,0.4771108031272888,0.3333333432674408,-0.013993373140692711,0.13384726643562317,0.6672492027282715,0.004736246541142464,-0.19728070497512817,0.29625529050827026,0.5668415427207947,0.18808284401893616,-0.06783102452754974,-0.03736201301217079,-0.13809649646282196,-0.13809649646282196,0.09394868463277817,-0.7657877206802368,-0.707627534866333,0.0,-0.23204518109560013,-0.23204518109560013,0.14812764525413513,0.14812764525413513,0.20603375136852264,-1.9784921407699585,0.2728445529937744,0.0,-0.05790610611438751,-0.05790610611438751,0.28342077136039734,0.28342077136039734,0.11288046836853027,1.4694749116897583,-0.7104902863502502,0.0,0.17054030299186707,0.17054030299186707,0.13165798783302307,0.13165798783302307,0.17083971202373505,-2.00005841255188,0.8981720805168152,0.0,-0.039181724190711975,-0.039181724190711975,-0.10852964222431183,-0.10852964222431183,-0.009222959168255329,-1.385593295097351,-1.0120906829833984,0.0,-0.0993066830560565,-0.0993066830560565,-0.018681006506085396,-0.018681006506085396,0.023161327466368675,-1.9517805576324463,0.7346959114074707,0.0,-0.04184233397245407,-0.04184233397245407
390,13.0,14,0,0,,4,uneven rough,5,0.0,50.21332931518555,35.78166580200195,0.377289354801178,1.410075068473816,0.4773668646812439,1.410075068473816,0.4773668646812439,5.278069496154785,0.22144001722335815,0.1666666716337204,-0.24485813081264496,0.14365020394325256,0.705037534236908,0.23868343234062195,0.7284128069877625,0.06936477869749069,-0.39744460582733154,-0.1120770275592804,0.19266945123672485,-0.3229236602783203,0.5098889470100403,0.5098889470100403,0.15802434086799622,1.9874305725097656,-1.2357614040374756,0.0,0.35186460614204407,0.35186460614204407,0.034682389348745346,0.034682389348745346,0.1974164843559265,-1.4442259073257446,1.5898977518081665,0.0,-0.16273409500718117,-0.16273409500718117,-0.19872230291366577,-0.19872230291366577,0.0466734915971756,-1.9831303358078003,-0.6837926506996155,0.0,-0.24539579451084137,-0.24539579451084137,-0.0784539207816124,-0.0784539207816124,0.17727245390415192,-1.9709453582763672,-0.13077791035175323,0.0,-0.2557263746857643,-0.2557263746857643,0.09633472561836243,0.09633472561836243,0.08341633528470993,0.07006485760211945,0.6842634081840515,0.0,0.012918390333652496,0.012918390333652496,-0.16146183013916016,-0.16146183013916016,-0.06114351376891136,-1.6744534969329834,-0.3029976785182953,0.0,-0.1003183163702488,-0.1003183163702488
390,13.0,24,0,0,,4,uneven rough,8,0.0,71.8200912475586,37.2067756652832,0.22755718231201172,1.7378005981445312,-1.1161012649536133,1.7378005981445312,-1.1161012649536133,9.049596786499023,1.949369192123413,0.1666666716337204,0.6042764186859131,0.2370743453502655,0.8689002990722656,-0.5580506324768066,0.011323146522045135,0.1256570816040039,0.28845155239105225,-0.3872045576572418,0.1765986680984497,-0.5718495845794678,0.00792620237916708,0.00792620237916708,0.06566565483808517,-2.000004291534424,0.5427175760269165,0.0,-0.057739452458918095,-0.057739452458918095,0.06282854080200195,0.06282854080200195,0.017887955531477928,0.2899560332298279,-0.923178493976593,0.0,0.044940585270524025,0.044940585270524025,0.14422577619552612,0.14422577619552612,-0.0955747738480568,1.9424222707748413,-1.2644461393356323,0.0,0.23980055004358292,0.23980055004358292,-0.27104318141937256,-0.27104318141937256,-0.044962476938962936,-0.6294717788696289,-1.3045032024383545,0.0,-0.22608070448040962,-0.22608070448040962,0.08829933404922485,0.08829933404922485,0.13679133355617523,-1.0162616968154907,1.3540035486221313,0.0,-0.04849199950695038,-0.04849199950695038,-0.2859247922897339,-0.2859247922897339,-0.08548591285943985,-1.676538109779358,-0.6979846358299255,0.0,-0.20043887943029404,-0.20043887943029404
391,13.033333333333333,4,0,0,,4,uneven rough,5,0.0,50.378604888916016,34.741058349609375,0.34866324067115784,1.699280023574829,-0.7116032242774963,1.699280023574829,-0.7116032242774963,9.51815414428711,0.8907642364501953,0.3333333432674408,0.5146095752716064,0.1580074280500412,0.8496400117874146,-0.35580161213874817,0.5757654905319214,0.4173194169998169,0.06990577280521393,0.022409256547689438,-0.2209864854812622,-0.1789516657590866,0.40303584933280945,0.40303584933280945,0.14470311999320984,1.9202783107757568,-0.740511417388916,0.0,0.2583327293395996,0.2583327293395996,0.20865970849990845,0.20865970849990845,0.1953495442867279,0.6387506723403931,-1.0000652074813843,0.0,0.013310164213180542,0.013310164213180542,0.034952886402606964,0.034952886402606964,0.09354719519615173,-1.4496774673461914,0.5220659375190735,0.0,-0.05859430879354477,-0.05859430879354477,0.015686478465795517,0.015686478465795517,0.10204237699508667,-1.9449752569198608,-0.7404926419258118,0.0,-0.08635589852929115,-0.08635589852929115,-0.3535783886909485,-0.3535783886909485,-0.05820365622639656,-1.5685946941375732,-1.2232697010040283,0.0,-0.2953747324645519,-0.2953747324645519,-0.0894758328795433,-0.0894758328795433,-0.021279748529195786,-0.6714544296264648,-0.7842426896095276,0.0,-0.06819608435034752,-0.06819608435034752
391,13.033333333333333,14,0,0,,4,uneven rough,5,0.0,50.217430114746094,35.73303985595703,0.36769282817840576,1.191408395767212,-1.101870059967041,1.191408395767212,-1.101870059967041,3.4344229698181152,0.6999268531799316,0.1666666716337204,-0.4356512725353241,0.04392906278371811,0.595704197883606,-0.5509350299835205,0.4009411036968231,0.3381267189979553,0.45790550112724304,-0.3114667534828186,-0.17320147156715393,-0.46445509791374207,0.2806587815284729,0.2806587815284729,0.22648078203201294,1.3212857246398926,0.5866371393203735,0.0,0.05417799949645996,0.05417799949645996,0.16906335949897766,0.16906335949897766,0.15610632300376892,-0.12741509079933167,-0.12560118734836578,0.0,0.01295703649520874,0.01295703649520874,0.22895275056362152,0.22895275056362152,0.03858781233429909,-0.27609971165657043,-1.4184404611587524,0.0,0.19036493822932243,0.19036493822932243,-0.21802672743797302,-0.21802672743797302,0.11470572650432587,-1.5553032159805298,-1.171211838722229,0.0,-0.3327324539422989,-0.3327324539422989,-0.2771223485469818,-0.2771223485469818,0.06427647173404694,1.032460331916809,0.3369944393634796,0.0,-0.34139882028102875,-0.34139882028102875,-0.23222754895687103,-0.23222754895687103,-0.08604127168655396,-0.9962871074676514,-1.0784212350845337,0.0,-0.14618627727031708,-0.14618627727031708
391,13.033333333333333,24,0,0,,4,uneven rough,8,0.0,71.8709716796875,37.24524688720703,0.2290114164352417,1.9571787118911743,-0.34420451521873474,1.8479729890823364,-0.34420451521873474,10.166580200195312,1.49887216091156,0.3333333432674408,0.9443377256393433,0.3413723409175873,0.9785893559455872,-0.17210225760936737,0.33757656812667847,0.49024713039398193,0.26572442054748535,-0.2421029806137085,0.48265162110328674,-0.660014808177948,0.23630359768867493,0.23630359768867493,0.10982801020145416,1.9843672513961792,-0.8949419260025024,0.0,0.12647558748722076,0.12647558748722076,0.24512356519699097,0.24512356519699097,0.08242060244083405,1.3576314449310303,-0.2372700423002243,0.0,0.16270296275615692,0.16270296275615692,0.13286221027374268,0.13286221027374268,-0.037287387996912,-1.356446385383606,0.5487229824066162,0.0,0.17014959827065468,0.17014959827065468,-0.1694720834493637,-0.1694720834493637,-0.11360357701778412,-1.961523413658142,-0.9228392243385315,0.0,-0.05586850643157959,-0.05586850643157959,0.24132581055164337,0.24132581055164337,0.2000565230846405,1.9436309337615967,0.013851325958967209,0.0,0.04126928746700287,0.04126928746700287,-0.330007404088974,-0.330007404088974,-0.14932480454444885,-2.0008435249328613,-1.25126051902771,0.0,-0.18068259954452515,-0.18068259954452515
392,13.066666666666666,4,0,0,,4,uneven rough,5,0.0,50.37569808959961,34.67879104614258,0.35688862204551697,1.435879111289978,-1.0430728197097778,1.435879111289978,-1.0430728197097778,4.819180488586426,3.1771116256713867,0.5,0.3171502947807312,0.11394443362951279,0.717939555644989,-0.5215364098548889,0.057971470057964325,0.5584162473678589,0.301869660615921,-0.025366902351379395,0.04772910103201866,-0.30906379222869873,0.04058002680540085,0.04058002680540085,0.1313837319612503,-1.8302173614501953,0.7639038562774658,0.0,-0.09080370515584946,-0.09080370515584946,0.27920812368392944,0.27920812368392944,0.26238593459129333,1.768204927444458,-0.07347577065229416,0.0,0.01682218909263611,0.01682218909263611,0.1509348303079605,0.1509348303079605,0.07823070138692856,0.3495839536190033,-0.5927613377571106,0.0,0.07270412892103195,0.07270412892103195,-0.017756830900907516,-0.017756830900907516,0.05044826492667198,-1.9672539234161377,-1.4215092658996582,0.0,-0.0682050958275795,-0.0682050958275795,0.02386455051600933,0.02386455051600933,0.0059229526668787,2.003760814666748,-1.4185171127319336,0.0,0.01794159784913063,0.01794159784913063,-0.15453189611434937,-0.15453189611434937,-0.05921362340450287,-0.36705172061920166,-0.7204720377922058,0.0,-0.0953182727098465,-0.0953182727098465
392,13.066666666666666,14,0,0,,4,uneven rough,5,0.0,50.2129020690918,35.68094253540039,0.36212673783302307,1.167052984237671,-0.5692949891090393,1.167052984237671,-0.5692949891090393,1.4046030044555664,4.539388179779053,0.5,-0.553297221660614,0.07365885376930237,0.5835264921188354,-0.28464749455451965,0.6081086993217468,0.26643112301826477,0.22019942104816437,0.29024434089660645,0.21882189810276031,-0.21991653740406036,0.4256760776042938,0.4256760776042938,0.2845076024532318,1.4605201482772827,1.0020087957382202,0.0,0.141168475151062,0.141168475151062,0.13321556150913239,0.13321556150913239,0.15760765969753265,-0.8013453483581543,-0.12662677466869354,0.0,-0.02439209818840027,-0.02439209818840027,0.11009971052408218,0.11009971052408218,0.06052875146269798,0.07157459855079651,-0.7725589275360107,0.0,0.0495709590613842,0.0495709590613842,0.2031710296869278,0.2031710296869278,0.12303676456212997,1.9607653617858887,-1.3883777856826782,0.0,0.08013426512479782,0.08013426512479782,0.10941094905138016,0.10941094905138016,0.11046750098466873,0.4590584337711334,0.7302120923995972,0.0,-0.0010565519332885742,-0.0010565519332885742,-0.10995826870203018,-0.10995826870203018,-0.09426206350326538,-0.5568206310272217,-1.031982421875,0.0,-0.0156962051987648,-0.0156962051987648
392,13.066666666666666,24,0,0,,4,uneven rough,8,0.0,71.92951202392578,37.26472473144531,0.23684585094451904,1.7829910516738892,-0.5321788191795349,1.771610975265503,-0.5321788191795349,7.867506980895996,1.3835166692733765,0.1747065633535385,0.6863583922386169,0.2008058726787567,0.8914955258369446,-0.26608940958976746,0.33485469222068787,0.5329228639602661,0.2660878598690033,0.18944047391414642,0.110052689909935,-0.26388803124427795,0.2343982756137848,0.2343982756137848,0.1698693335056305,2.001431941986084,0.7330246567726135,0.0,0.0645289421081543,0.0645289421081543,0.26646143198013306,0.26646143198013306,0.14560730755329132,1.9087778329849243,0.6644901037216187,0.0,0.12085412442684174,0.12085412442684174,0.13304392993450165,0.13304392993450165,0.002359440317377448,1.0909039974212646,-0.5284631848335266,0.0,0.1306844896171242,0.1306844896171242,0.1326083242893219,0.1326083242893219,-0.09852582216262817,1.645924687385559,-1.5101131200790405,0.0,0.23113414645195007,0.23113414645195007,0.0550263449549675,0.0550263449549675,0.19970525801181793,-1.2864705324172974,1.1049522161483765,0.0,-0.14467891305685043,-0.14467891305685043,-0.13194401562213898,-0.13194401562213898,-0.11195378750562668,1.723166584968567,-1.6750761270523071,0.0,-0.0199902281165123,-0.0199902281165123
393,13.1,4,0,0,,4,uneven rough,5,0.0,50.374427795410156,34.62075424194336,0.35232463479042053,1.7026050090789795,-0.17988750338554382,1.7026050090789795,-0.17988750338554382,8.071200370788574,6.383465766906738,0.3333333432674408,0.43773460388183594,0.2186596691608429,0.8513025045394897,-0.08994375169277191,0.894527792930603,-0.11041217297315598,-0.05832095071673393,-0.0009908374631777406,0.5660815834999084,-0.49736088514328003,0.6261694431304932,0.6261694431304932,0.1547173708677292,1.455656886100769,-0.702816903591156,0.0,0.471452072262764,0.471452072262764,-0.1766594797372818,-0.1766594797372818,0.21366499364376068,-1.4063215255737305,0.9678137898445129,0.0,-0.3903244733810425,-0.3903244733810425,-0.029160475358366966,-0.029160475358366966,0.025567715987563133,-1.0523635149002075,-0.059957608580589294,0.0,-0.0547281913459301,-0.0547281913459301,-0.0006935861892998219,-0.0006935861892998219,-0.010025194846093655,-0.5319961309432983,-1.7300742864608765,0.0,0.009331608656793833,0.009331608656793833,0.2830407917499542,0.2830407917499542,0.05735546723008156,1.755979061126709,0.516444981098175,0.0,0.22568532451987267,0.22568532451987267,-0.24868044257164001,-0.24868044257164001,-0.10469690710306168,0.13297320902347565,-0.5206475853919983,0.0,-0.14398353546857834,-0.14398353546857834
393,13.1,14,0,0,,4,uneven rough,5,0.0,50.212127685546875,35.63040542602539,0.3572559356689453,1.3635456562042236,-0.17480455338954926,1.3635456562042236,-0.17480455338954926,3.166325092315674,2.1626691818237305,0.5,-0.2504403591156006,0.15694992244243622,0.6817728281021118,-0.08740227669477463,-0.19512894749641418,0.3071209490299225,0.5364678502082825,0.6557226181030273,0.4349190294742584,0.25462743639945984,-0.13659025728702545,-0.13659025728702545,0.24856507778167725,-1.923422932624817,1.2612519264221191,0.0,-0.3851553350687027,-0.3851553350687027,0.15356047451496124,0.15356047451496124,0.17922863364219666,0.21352554857730865,-0.5081138610839844,0.0,-0.025668159127235413,-0.025668159127235413,0.26823392510414124,0.26823392510414124,0.09284353256225586,0.31685906648635864,-0.29528433084487915,0.0,0.17539039254188538,0.17539039254188538,0.45900583267211914,0.45900583267211914,0.18994519114494324,1.788875699043274,0.5052337050437927,0.0,0.2690606415271759,0.2690606415271759,0.2174595147371292,0.2174595147371292,0.17125464975833893,1.8504862785339355,0.5769013166427612,0.0,0.04620486497879028,0.04620486497879028,0.12731371819972992,0.12731371819972992,-0.0410039909183979,1.8785302639007568,-0.7633250951766968,0.0,0.16831770911812782,0.16831770911812782
393,13.1,24,0,0,,4,uneven rough,8,0.0,71.98408508300781,37.29384994506836,0.2366602122783661,1.8020044565200806,-1.3479728698730469,1.8020044565200806,-1.3479728698730469,6.3898024559021,1.5301440954208374,0.3333333432674408,0.36532196402549744,0.19558534026145935,0.9010022282600403,-0.6739864349365234,-0.578195333480835,0.6995224356651306,-0.3399343490600586,-0.2338116317987442,0.623221755027771,-0.31032732129096985,-0.40473672747612,-0.40473672747612,0.16522763669490814,-0.5753579139709473,1.4501844644546509,0.0,-0.5699643641710281,-0.5699643641710281,0.3497612178325653,0.3497612178325653,0.21177005767822266,1.9029932022094727,1.3680126667022705,0.0,0.13799116015434265,0.13799116015434265,-0.1699671745300293,-0.1699671745300293,-0.06216476112604141,-2.0,0.38712993264198303,0.0,-0.10780241340398788,-0.10780241340398788,-0.16366814076900482,-0.16366814076900482,-0.07787138968706131,-1.2073721885681152,0.27431634068489075,0.0,-0.08579675108194351,-0.08579675108194351,0.3116108775138855,0.3116108775138855,0.25292691588401794,1.9985929727554321,-0.24716250598430634,0.0,0.058683961629867554,0.058683961629867554,-0.15516366064548492,-0.15516366064548492,-0.13595016300678253,-0.08823399245738983,0.24629639089107513,0.0,-0.019213497638702393,-0.019213497638702393
394,13.133333333333333,4,0,0,,4,uneven rough,5,0.0,50.350791931152344,34.56221389770508,0.34466758370399475,1.3580126762390137,-0.4299435019493103,1.3580126762390137,-0.4299435019493103,6.993903636932373,0.5609064102172852,0.3333333432674408,0.3821309208869934,0.026811156421899796,0.6790063381195068,-0.21497175097465515,0.7301667928695679,0.46848610043525696,0.1108119785785675,0.34620851278305054,0.3272136151790619,-0.05755660682916641,0.5111167430877686,0.5111167430877686,0.21871711313724518,1.8337398767471313,0.5175880789756775,0.0,0.2923996299505234,0.2923996299505234,0.23424305021762848,0.23424305021762848,0.2191046178340912,0.5468456149101257,-0.37452659010887146,0.0,0.015138432383537292,0.015138432383537292,0.05540598928928375,0.05540598928928375,0.05820603296160698,0.34576764702796936,-0.6210656762123108,0.0,-0.002800043672323227,-0.002800043672323227,0.24234595894813538,0.24234595894813538,0.039400242269039154,2.0081968307495117,-1.0526788234710693,0.0,0.20294571667909622,0.20294571667909622,0.16360680758953094,0.16360680758953094,0.13044840097427368,2.0028183460235596,1.2172797918319702,0.0,0.03315840661525726,0.03315840661525726,-0.028778303414583206,-0.028778303414583206,-0.040472038090229034,2.02224063873291,-0.15108922123908997,0.0,0.011693734675645828,0.011693734675645828
394,13.133333333333333,14,0,0,,4,uneven rough,5,0.0,50.21397018432617,35.58161926269531,0.35086292028427124,1.6106092929840088,-0.08857639878988266,1.6106092929840088,-0.08857639878988266,7.293068885803223,3.391839027404785,0.3333333432674408,-0.2868379056453705,0.10388003289699554,0.8053046464920044,-0.04428819939494133,-0.0015354331117123365,0.1664639264345169,-0.004359735641628504,0.3067800998687744,0.5944518446922302,-0.0578768290579319,-0.0010748031781986356,-0.0010748031781986356,0.1923716515302658,-1.324409008026123,-0.5393689274787903,0.0,-0.19344645470846444,-0.19344645470846444,0.08323196321725845,0.08323196321725845,0.14648231863975525,-0.4351063668727875,-0.1000976487994194,0.0,-0.0632503554224968,-0.0632503554224968,-0.002179867820814252,-0.002179867820814252,0.038767360150814056,-2.0103976726531982,0.05082264542579651,0.0,-0.04094722797162831,-0.04094722797162831,0.21474607288837433,0.21474607288837433,0.23754391074180603,-0.29213881492614746,1.2310072183609009,0.0,-0.0227978378534317,-0.0227978378534317,0.2972259223461151,0.2972259223461151,0.19993068277835846,0.47482404112815857,1.296988606452942,0.0,0.09729523956775665,0.09729523956775665,-0.02893841452896595,-0.02893841452896595,-0.021220464259386063,0.012457270175218582,0.7303846478462219,0.0,-0.007717950269579887,-0.007717950269579887
394,13.133333333333333,24,0,0,,4,uneven rough,8,0.0,72.03572845458984,37.317222595214844,0.2243410348892212,1.5956902503967285,0.7480834126472473,1.5956902503967285,0.7480834126472473,8.107789993286133,0.6266239881515503,0.1666666716337204,0.4489278793334961,0.18513482809066772,0.7978451251983643,0.37404170632362366,0.33311256766319275,-0.05109560117125511,-0.06998924165964127,-0.059861920773983,0.3833810091018677,-0.06356444954872131,0.23317879438400269,0.23317879438400269,0.19769522547721863,1.3594448566436768,0.3049392104148865,0.0,0.03548356890678406,0.03548356890678406,-0.0817529633641243,-0.0817529633641243,0.1460731476545334,-1.970853328704834,1.6704915761947632,0.0,-0.22782611101865768,-0.22782611101865768,-0.03499462082982063,-0.03499462082982063,-0.04206846281886101,0.4349232017993927,-0.9625576138496399,0.0,0.007073841989040375,0.007073841989040375,-0.04190334305167198,-0.04190334305167198,-0.09021780639886856,1.3803297281265259,-0.5634329915046692,0.0,0.04831446334719658,0.04831446334719658,0.19169050455093384,0.19169050455093384,0.19487836956977844,-0.6438269019126892,1.0225917100906372,0.0,-0.0031878650188446045,-0.0031878650188446045,-0.03178222477436066,-0.03178222477436066,-0.078345388174057,0.6764532923698425,0.057152315974235535,0.0,0.04656316339969635,0.04656316339969635
395,13.166666666666666,4,0,0,,4,uneven rough,5,0.0,50.33285903930664,34.503211975097656,0.34159380197525024,1.4814326763153076,0.253446102142334,1.4814326763153076,0.253446102142334,7.776700973510742,0.5730905532836914,0.1666666716337204,0.3102221190929413,0.18072852492332458,0.7407163381576538,0.126723051071167,0.006596663501113653,0.7012524604797363,0.13358472287654877,0.7547534108161926,0.5772828459739685,0.20248821377754211,0.004617664497345686,0.004617664497345686,0.18479283154010773,-1.8333758115768433,1.2617427110671997,0.0,-0.18017516704276204,-0.18017516704276204,0.35062623023986816,0.35062623023986816,0.2826424241065979,1.7477480173110962,0.14641889929771423,0.0,0.06798380613327026,0.06798380613327026,0.06679236143827438,0.06679236143827438,0.07223770767450333,0.2713146209716797,-0.074416384100914,0.0,-0.005445346236228943,-0.005445346236228943,0.5283274054527283,0.5283274054527283,0.11112241446971893,2.004453182220459,0.6779457926750183,0.0,0.41720499098300934,0.41720499098300934,0.28864142298698425,0.28864142298698425,0.20630034804344177,2.0032873153686523,1.6614247560501099,0.0,0.08234107494354248,0.08234107494354248,0.10124410688877106,0.10124410688877106,0.008341667242348194,1.4534834623336792,1.0777153968811035,0.0,0.09290243964642286,0.09290243964642286
395,13.166666666666666,14,0,0,,4,uneven rough,5,0.0,50.21514129638672,35.53311538696289,0.35186880826950073,1.3788738250732422,0.4384698271751404,1.3788738250732422,0.4384698271751404,7.0260419845581055,3.327000379562378,0.3333333432674408,-0.06596960872411728,0.15533411502838135,0.6894369125366211,0.2192349135875702,0.39240217208862305,-0.14187246561050415,0.20771931111812592,-0.03629828989505768,0.21578370034694672,-0.13361158967018127,0.2746815085411072,0.2746815085411072,0.24525180459022522,0.8195981383323669,-0.9832320213317871,0.0,0.029429703950881958,0.029429703950881958,-0.22699594497680664,-0.22699594497680664,0.08082330226898193,-2.0000154972076416,-0.28951218724250793,0.0,-0.3078192472457886,-0.3078192472457886,0.10385965555906296,0.10385965555906296,0.07713477313518524,1.2703922986984253,-1.1145950555801392,0.0,0.026724882423877716,0.026724882423877716,-0.025408802554011345,-0.025408802554011345,0.16765908896923065,-1.1143864393234253,0.36981773376464844,0.0,-0.193067891523242,-0.193067891523242,0.10789185017347336,0.10789185017347336,0.14198729395866394,-1.568164348602295,0.8321352601051331,0.0,-0.03409544378519058,-0.03409544378519058,-0.06680579483509064,-0.06680579483509064,-0.03330798074603081,0.8038638830184937,0.3244672119617462,0.0,-0.03349781408905983,-0.03349781408905983
395,13.166666666666666,24,0,0,,4,uneven rough,8,0.0,72.08917236328125,37.33906173706055,0.19785937666893005,1.8494271039962769,0.2542683482170105,1.8494271039962769,0.2542683482170105,6.273587703704834,0.886306881904602,0.3333333432674408,0.32360541820526123,0.12748506665229797,0.9247135519981384,0.12713417410850525,-0.2538818120956421,-0.057450708001852036,-0.047115080058574677,0.22155700623989105,0.5861384868621826,0.009224913083016872,-0.17771726846694946,-0.17771726846694946,0.14745749533176422,-1.9816149473190308,0.9011585712432861,0.0,-0.3251747637987137,-0.3251747637987137,-0.0919211357831955,-0.0919211357831955,0.08736267685890198,-1.9781520366668701,-0.3883313834667206,0.0,-0.17928381264209747,-0.17928381264209747,-0.023557540029287338,-0.023557540029287338,-0.025855839252471924,-0.3710750341415405,-0.1724194586277008,0.0,0.0022982992231845856,0.0022982992231845856,0.15508989989757538,0.15508989989757538,-0.022499533370137215,1.9287580251693726,0.5355739593505859,0.0,0.1775894332677126,0.1775894332677126,0.2930692434310913,0.2930692434310913,0.25356656312942505,2.0000078678131104,0.0803956389427185,0.0,0.03950268030166626,0.03950268030166626,0.004612456541508436,0.004612456541508436,-0.013004932552576065,1.9754433631896973,0.4073061943054199,0.0,0.0176173890940845,0.0176173890940845
396,13.2,4,0,0,,4,uneven rough,5,0.0,50.312889099121094,34.450111389160156,0.3376174569129944,1.582960844039917,0.4117681384086609,1.582960844039917,0.4117681384086609,8.741205215454102,3.3333334922790527,0.1666666716337204,0.23582683503627777,0.09502049535512924,0.7914804220199585,0.20588406920433044,0.3810499906539917,0.47054487466812134,-0.31269609928131104,0.537609338760376,0.2913258969783783,0.2940846383571625,0.2667349874973297,0.2667349874973297,0.2107633650302887,1.9964689016342163,-0.48824286460876465,0.0,0.055971622467041016,0.055971622467041016,0.23527243733406067,0.23527243733406067,0.22447504103183746,-1.230475664138794,1.0518132448196411,0.0,0.010797396302223206,0.010797396302223206,-0.15634804964065552,-0.15634804964065552,0.056668806821107864,1.133325457572937,0.12106054276227951,0.0,-0.21301685646176338,-0.21301685646176338,0.3763265311717987,0.3763265311717987,0.15358960628509521,1.3005225658416748,1.4279553890228271,0.0,0.2227369248867035,0.2227369248867035,0.14566294848918915,0.14566294848918915,0.15887494385242462,-0.18270482122898102,1.8547145128250122,0.0,-0.013211995363235474,-0.013211995363235474,0.14704231917858124,0.14704231917858124,0.04711872339248657,-0.06538020819425583,1.2901753187179565,0.0,0.09992359578609467,0.09992359578609467
396,13.2,14,0,0,,4,uneven rough,5,0.0,50.2181282043457,35.483436584472656,0.35171130299568176,1.500328779220581,-1.5241061449050903,1.500328779220581,-1.5241061449050903,6.069243431091309,0.9857851266860962,0.1666666716337204,-0.07987244427204132,0.15454642474651337,0.7501643896102905,-0.7620530724525452,0.39317700266838074,0.27681276202201843,0.41075626015663147,0.14927054941654205,0.2796173691749573,-0.03218226134777069,0.27522391080856323,0.27522391080856323,0.2847895622253418,0.4254753887653351,0.03609137237071991,0.0,-0.009565651416778564,-0.009565651416778564,0.13840638101100922,0.13840638101100922,0.12426859140396118,0.8822953701019287,-1.2566338777542114,0.0,0.014137789607048035,0.014137789607048035,0.20537813007831573,0.20537813007831573,0.14366385340690613,1.9876320362091064,0.23388107120990753,0.0,0.06171427667140961,0.06171427667140961,0.10448938608169556,0.10448938608169556,0.10671008378267288,-1.2740381956100464,-0.46935397386550903,0.0,-0.0022206977009773254,-0.0022206977009773254,0.13980868458747864,0.13980868458747864,0.15472930669784546,-0.5097708702087402,-0.5249984264373779,0.0,-0.014920622110366821,-0.014920622110366821,-0.016091130673885345,-0.016091130673885345,-0.0038270396180450916,0.03818405792117119,0.595518946647644,0.0,-0.012264091055840254,-0.012264091055840254
396,13.2,24,0,0,,4,uneven rough,8,0.0,72.14092254638672,37.36272048950195,0.18592332303524017,1.7368674278259277,0.08977541327476501,1.7368674278259277,0.08977541327476501,9.013105392456055,0.03332861512899399,0.001043460564687848,0.10964028537273407,0.12554404139518738,0.8684337139129639,0.04488770663738251,0.010936383157968521,0.2616409957408905,-0.003698224201798439,0.2237136960029602,0.20111620426177979,0.04707819223403931,0.007655468303710222,0.007655468303710222,0.08410058170557022,-1.7820104360580444,-0.7287667393684387,0.0,-0.07644511340186,-0.07644511340186,0.13082049787044525,0.13082049787044525,0.05544119328260422,1.1164960861206055,-1.2872188091278076,0.0,0.07537930458784103,0.07537930458784103,-0.0018491121008992195,-0.0018491121008992195,-0.0056812041439116,0.7615777850151062,-0.2847396731376648,0.0,0.0038320920430123806,0.0038320920430123806,0.15659958124160767,0.15659958124160767,0.038825713098049164,1.85209321975708,1.3232827186584473,0.0,0.1177738681435585,0.1177738681435585,0.10055810213088989,0.10055810213088989,0.27346765995025635,1.0639805793762207,1.165747880935669,0.0,-0.17290955781936646,-0.17290955781936646,0.023539096117019653,0.023539096117019653,0.021859044209122658,0.14032809436321259,1.2939337491989136,0.0,0.0016800519078969955,0.0016800519078969955
397,13.233333333333333,4,0,0,,4,uneven rough,5,0.0,50.29594421386719,34.394020080566406,0.32859086990356445,1.6168636083602905,-0.07509101182222366,1.6168636083602905,-0.07509101182222366,6.573222637176514,1.6967090368270874,0.3333333432674408,0.14474326372146606,0.2900334596633911,0.8084318041801453,-0.03754550591111183,-0.4753539562225342,0.4315256178379059,0.4582395851612091,0.25488871335983276,0.43297189474105835,-0.05044124275445938,-0.33274775743484497,-0.33274775743484497,0.181381493806839,-1.1786835193634033,0.9166176319122314,0.0,-0.514129251241684,-0.514129251241684,0.21576280891895294,0.21576280891895294,0.22086714208126068,-0.7752457857131958,-0.23859699070453644,0.0,-0.005104333162307739,-0.005104333162307739,0.22911979258060455,0.22911979258060455,0.1215791255235672,1.9969903230667114,0.6933969259262085,0.0,0.10754066705703735,0.10754066705703735,0.17842209339141846,0.17842209339141846,0.2109631896018982,0.43393272161483765,1.3559046983718872,0.0,-0.032541096210479736,-0.032541096210479736,0.21648594737052917,0.21648594737052917,0.20821814239025116,1.1095937490463257,0.7027539610862732,0.0,0.008267804980278015,0.008267804980278015,-0.02522062137722969,-0.02522062137722969,-0.012330899015069008,-0.4632391631603241,0.5237417817115784,0.0,-0.012889722362160683,-0.012889722362160683
397,13.233333333333333,14,0,0,,4,uneven rough,5,0.0,50.21289825439453,35.43367004394531,0.3464582562446594,0.9744328856468201,-0.10435015708208084,0.9744328856468201,-0.10435015708208084,3.2205467224121094,2.749396324157715,0.3333333432674408,-0.07417277991771698,0.19296787679195404,0.48721644282341003,-0.05217507854104042,0.5596465468406677,-0.04434089735150337,0.5102382302284241,0.4299635589122772,0.3744719326496124,-0.2847387492656708,0.39175257086753845,0.39175257086753845,0.3248538672924042,1.9887231588363647,0.2562497854232788,0.0,0.06689870357513428,0.06689870357513428,-0.07094543427228928,-0.07094543427228928,0.07985785603523254,-1.3197537660598755,-0.04727945104241371,0.0,-0.15080329030752182,-0.15080329030752182,0.25511911511421204,0.25511911511421204,0.19696149230003357,1.621316909790039,1.2254550457000732,0.0,0.05815762281417847,0.05815762281417847,0.3009744882583618,0.3009744882583618,0.12941443920135498,1.062433123588562,-0.9243238568305969,0.0,0.17156004905700684,0.17156004905700684,0.1872359663248062,0.1872359663248062,0.1580648124217987,1.770066261291504,-0.5163887143135071,0.0,0.029171153903007507,0.029171153903007507,-0.1423693746328354,-0.1423693746328354,0.0036161814350634813,0.9427078366279602,0.280400812625885,0.0,-0.14598555606789887,-0.14598555606789887
397,13.233333333333333,24,0,0,,4,uneven rough,8,0.0,72.19096374511719,37.38658142089844,0.18872404098510742,1.727845549583435,0.6136947870254517,1.727845549583435,0.6136947870254517,9.872254371643066,4.2657012939453125,0.3333333432674408,-0.5926570892333984,0.039305754005908966,0.8639227747917175,0.30684739351272583,-0.14946117997169495,0.04879935085773468,-0.23800183832645416,0.2239789217710495,0.3905714154243469,-0.0028383915778249502,-0.10462282598018646,-0.10462282598018646,0.017531288787722588,-1.8672245740890503,-1.324272632598877,0.0,-0.12215411476790905,-0.12215411476790905,0.02439967542886734,0.02439967542886734,0.010932130739092827,0.3313184380531311,0.07184591889381409,0.0,0.013467544689774513,0.013467544689774513,-0.11900091916322708,-0.11900091916322708,-0.028230074793100357,0.6749129295349121,0.3068501055240631,0.0,-0.09077084437012672,-0.09077084437012672,0.156785249710083,0.156785249710083,0.1025051549077034,1.8339570760726929,1.6222730875015259,0.0,0.05428009480237961,0.05428009480237961,0.19528570771217346,0.19528570771217346,0.21795979142189026,-1.6607416868209839,1.108208417892456,0.0,-0.022674083709716797,-0.022674083709716797,-0.0014191957889124751,-0.0014191957889124751,-0.0008874331833794713,0.12226471304893494,0.641683042049408,0.0,-0.0005317626055330038,-0.0005317626055330038
398,13.266666666666666,4,0,0,,4,uneven rough,5,0.0,50.28063201904297,34.339542388916016,0.31839674711227417,0.9766713380813599,0.39561450481414795,0.9766713380813599,0.39561450481414795,5.249520778656006,1.190335988998413,0.1666666716337204,0.0644097775220871,0.16949597001075745,0.48833566904067993,0.19780725240707397,0.4479040205478668,0.3652172088623047,-0.032274890691041946,0.30442893505096436,0.17076602578163147,0.3149755895137787,0.3135327994823456,0.3135327994823456,0.2300255000591278,1.998108148574829,-0.26806941628456116,0.0,0.08350729942321777,0.08350729942321777,0.18260860443115234,0.18260860443115234,0.15678900480270386,-1.2984912395477295,-0.5420191884040833,0.0,0.025819599628448486,0.025819599628448486,-0.016137445345520973,-0.016137445345520973,0.1169264018535614,0.024955948814749718,1.4304510354995728,0.0,-0.13306384719908237,-0.13306384719908237,0.21310025453567505,0.21310025453567505,0.18777017295360565,0.4174524247646332,0.8346201181411743,0.0,0.025330081582069397,0.025330081582069397,0.08538301289081573,0.08538301289081573,0.1493217945098877,-1.6033093929290771,0.9327818751335144,0.0,-0.06393878161907196,-0.06393878161907196,0.15748779475688934,0.15748779475688934,0.0010953651508316398,-1.4978322982788086,-0.03429901972413063,0.0,0.1563924296060577,0.1563924296060577
398,13.266666666666666,14,0,0,,4,uneven rough,5,0.0,50.21485137939453,35.386837005615234,0.3430734872817993,1.2083683013916016,0.2341156005859375,1.2083683013916016,0.2341156005859375,2.3607566356658936,3.8720595836639404,0.5,0.14578542113304138,0.14891117811203003,0.6041841506958008,0.11705780029296875,-0.22855328023433685,0.05965614318847656,-0.03297906741499901,0.6571410298347473,0.5996931791305542,0.28150394558906555,-0.15998730063438416,-0.15998730063438416,0.2775646150112152,-1.6812593936920166,1.2357933521270752,0.0,-0.43755191564559937,-0.43755191564559937,0.02982807159423828,0.02982807159423828,0.05894288048148155,0.7070411443710327,-0.7667387127876282,0.0,-0.02911480888724327,-0.02911480888724327,-0.016489533707499504,-0.016489533707499504,0.14766566455364227,-1.946939468383789,1.449276089668274,0.0,-0.16415519826114178,-0.16415519826114178,0.4599987268447876,0.4599987268447876,0.19722247123718262,1.6368345022201538,0.19899208843708038,0.0,0.262776255607605,0.262776255607605,0.2998465895652771,0.2998465895652771,0.2105022817850113,1.7579065561294556,0.7763770222663879,0.0,0.08934430778026581,0.08934430778026581,0.14075197279453278,0.14075197279453278,0.06362809985876083,1.6590508222579956,0.6548703908920288,0.0,0.07712387293577194,0.07712387293577194
398,13.266666666666666,24,0,0,,4,uneven rough,8,0.0,72.24005126953125,37.41487503051758,0.2035888433456421,1.788116455078125,0.2346452921628952,1.788116455078125,0.2346452921628952,9.545279502868652,3.3736019134521484,0.3333333432674408,-0.7055451273918152,0.07331279665231705,0.8940582275390625,0.1173226460814476,-0.28713148832321167,0.414033979177475,0.0956265777349472,-0.22506962716579437,0.1072278618812561,0.06769184023141861,-0.20099203288555145,-0.20099203288555145,-0.0488499253988266,-1.9962513446807861,-1.6312586069107056,0.0,-0.15214210748672485,-0.15214210748672485,0.2070169895887375,0.2070169895887375,0.07353487610816956,1.831755518913269,0.2185521423816681,0.0,0.13348211348056793,0.13348211348056793,0.0478132888674736,0.0478132888674736,0.027745405212044716,0.8824579119682312,0.5149534940719604,0.0,0.020067883655428886,0.020067883655428886,-0.15754874050617218,-0.15754874050617218,0.07382592558860779,-1.7303671836853027,1.741959571838379,0.0,-0.23137466609477997,-0.23137466609477997,0.05361393094062805,0.05361393094062805,0.16216355562210083,-1.970383882522583,-0.4573609530925751,0.0,-0.10854962468147278,-0.10854962468147278,0.033845920115709305,0.033845920115709305,0.057835653424263,1.3783756494522095,0.34800300002098083,0.0,-0.023989733308553696,-0.023989733308553696
399,13.299999999999999,4,0,0,,4,uneven rough,5,0.0,50.268775939941406,34.285675048828125,0.3146076500415802,1.5492095947265625,-0.5904929637908936,1.5492095947265625,-0.5904929637908936,5.111155033111572,0.7035259008407593,0.3333333432674408,-0.14535453915596008,0.2905927896499634,0.7746047973632812,-0.2952464818954468,-0.07463367283344269,-0.05374240130186081,0.5546059608459473,0.3041181266307831,0.1647282838821411,-0.3684786856174469,-0.05224357172846794,-0.05224357172846794,0.1957811415195465,-1.4136087894439697,1.0132313966751099,0.0,-0.24802471324801445,-0.24802471324801445,-0.08598784357309341,-0.08598784357309341,0.09143555164337158,-1.9688276052474976,-0.9697298407554626,0.0,-0.177423395216465,-0.177423395216465,0.27730298042297363,0.27730298042297363,0.11455290019512177,0.1548587679862976,0.6357815861701965,0.0,0.16275008022785187,0.16275008022785187,0.21288268268108368,0.21288268268108368,0.24629001319408417,0.7858132719993591,0.5987527370452881,0.0,-0.03340733051300049,-0.03340733051300049,0.08236414194107056,0.08236414194107056,0.11133826524019241,-0.919904351234436,-0.5011286735534668,0.0,-0.028974123299121857,-0.028974123299121857,-0.18423934280872345,-0.18423934280872345,-0.03960034251213074,-0.8182428479194641,-0.8617833852767944,0.0,-0.1446390002965927,-0.1446390002965927
399,13.299999999999999,14,0,0,,4,uneven rough,5,0.0,50.222877502441406,35.34290313720703,0.3429640233516693,1.3512225151062012,0.41056498885154724,1.3512225151062012,0.41056498885154724,6.822768211364746,2.5634074211120605,0.1666666716337204,0.1621246039867401,0.10061012208461761,0.6756112575531006,0.20528249442577362,0.34125861525535583,-0.08362528681755066,0.13184939324855804,0.5150691866874695,0.3712603747844696,-0.024879949167370796,0.23888102173805237,0.23888102173805237,0.22354008257389069,-0.9156935811042786,-0.41351351141929626,0.0,0.015340939164161682,0.015340939164161682,-0.1338004618883133,-0.1338004618883133,0.0038107819855213165,-0.43437325954437256,0.06653904914855957,0.0,-0.1376112438738346,-0.1376112438738346,0.06592469662427902,0.06592469662427902,0.08390568196773529,-1.3287110328674316,-0.47095030546188354,0.0,-0.01798098534345627,-0.01798098534345627,0.3605484366416931,0.3605484366416931,0.26222220063209534,1.796699047088623,1.0119507312774658,0.0,0.09832623600959778,0.09832623600959778,0.1856301873922348,0.1856301873922348,0.1615508496761322,-0.5927953720092773,1.3313355445861816,0.0,0.0240793377161026,0.0240793377161026,-0.012439974583685398,-0.012439974583685398,0.027851128950715065,-1.827819585800171,1.2226358652114868,0.0,-0.04029110353440046,-0.04029110353440046
399,13.299999999999999,24,0,0,,4,uneven rough,8,0.0,72.29098510742188,37.44559097290039,0.20945525169372559,1.7650244235992432,-0.1992644965648651,1.7650244235992432,-0.1992644965648651,9.051271438598633,2.3168883323669434,0.1666666716337204,-0.6262468099594116,0.18848368525505066,0.8825122117996216,-0.09963224828243256,-0.06531883776187897,0.4407382607460022,0.33011770248413086,-0.396707683801651,0.39811253547668457,-0.6927579045295715,-0.04572318494319916,-0.04572318494319916,-0.050923071801662445,0.5193361639976501,-1.8376260995864868,0.0,0.005199886858463287,0.005199886858463287,0.2203691303730011,0.2203691303730011,0.1391633152961731,2.00146484375,1.1306601762771606,0.0,0.081205815076828,0.081205815076828,0.16505885124206543,0.16505885124206543,0.03838202729821205,0.31689611077308655,0.7227411866188049,0.0,0.12667682394385338,0.12667682394385338,-0.2776953876018524,-0.2776953876018524,0.009228024631738663,-1.936932921409607,-0.22130022943019867,0.0,-0.2869234122335911,-0.2869234122335911,0.19905626773834229,0.19905626773834229,0.17791244387626648,1.7399083375930786,-1.3128268718719482,0.0,0.021143823862075806,0.021143823862075806,-0.34637895226478577,-0.34637895226478577,0.06804022192955017,0.5852220058441162,0.9305775165557861,0.0,-0.41441917419433594,-0.41441917419433594
400,13.333333333333334,4,0,0,,4,uneven rough,5,0.0,50.260372161865234,34.230926513671875,0.3145885169506073,0.8656021356582642,0.030409548431634903,0.8656021356582642,0.030409548431634903,4.188817024230957,2.0546915531158447,0.3333333432674408,-0.13217000663280487,0.07778146862983704,0.4328010678291321,0.015204774215817451,0.3406418263912201,0.040694709867239,0.3164310157299042,0.3244118392467499,0.025035670027136803,-0.005704795476049185,0.23844927549362183,0.23844927549362183,0.2212977558374405,0.7187097668647766,-0.35890841484069824,0.0,0.017151519656181335,0.017151519656181335,0.0203473549336195,0.0203473549336195,0.03159167245030403,-1.0189303159713745,-1.5346214771270752,0.0,-0.011244317516684532,-0.011244317516684532,0.1582155078649521,0.1582155078649521,0.1449628621339798,-0.04110775142908096,0.36386698484420776,0.0,0.01325264573097229,0.01325264573097229,0.22708828747272491,0.22708828747272491,0.20961886644363403,-0.6957281231880188,0.7045170664787292,0.0,0.01746942102909088,0.01746942102909088,0.012517835013568401,0.012517835013568401,0.05231275409460068,-1.9640635251998901,-0.7379052042961121,0.0,-0.039794919081032276,-0.039794919081032276,-0.0028523977380245924,-0.0028523977380245924,-0.01980041153728962,-0.17608331143856049,-0.8371654748916626,0.0,0.016948013799265027,0.016948013799265027
400,13.333333333333334,14,0,0,,4,uneven rough,5,0.0,50.238651275634766,35.29939651489258,0.3464842736721039,1.228996992111206,0.48630958795547485,1.228996992111206,0.48630958795547485,6.301671504974365,1.2701928615570068,0.1666666716337204,0.38544416427612305,0.08666664361953735,0.614498496055603,0.24315479397773743,0.12441672384738922,-0.30342698097229004,0.2613780200481415,0.11886794120073318,-0.11185543984174728,0.04753106087446213,0.08709170669317245,0.08709170669317245,0.17705358564853668,-2.005173683166504,-0.6974470019340515,0.0,-0.08996187895536423,-0.08996187895536423,-0.48548316955566406,-0.48548316955566406,-0.02929956279695034,0.7653934955596924,-0.21667766571044922,0.0,-0.4561836067587137,-0.4561836067587137,0.13068901002407074,0.13068901002407074,0.10841367393732071,1.7016782760620117,-0.9559297561645508,0.0,0.02227533608675003,0.02227533608675003,0.08320755511522293,0.08320755511522293,0.24159210920333862,-0.952704668045044,1.4556487798690796,0.0,-0.1583845540881157,-0.1583845540881157,-0.17896871268749237,-0.17896871268749237,0.08736547827720642,-1.648194670677185,0.24342848360538483,0.0,-0.2663341909646988,-0.2663341909646988,0.023765530437231064,0.023765530437231064,0.027353627607226372,-0.1756446212530136,-0.5020970702171326,0.0,-0.003588097169995308,-0.003588097169995308
400,13.333333333333334,24,0,0,,4,uneven rough,8,0.0,72.34367370605469,37.47159194946289,0.21397626399993896,1.8561574220657349,0.1325499415397644,1.8561574220657349,0.1325499415397644,9.133796691894531,2.733353614807129,0.3333333432674408,-0.3647708296775818,0.08094891160726547,0.9280787110328674,0.0662749707698822,0.5697623491287231,0.19056257605552673,-0.48604804277420044,-0.3403666019439697,0.7110249400138855,-0.6831576824188232,0.39883363246917725,0.39883363246917725,0.007994718849658966,1.7236559391021729,-0.5049954056739807,0.0,0.3908389136195183,0.3908389136195183,0.09528128802776337,0.09528128802776337,0.14925450086593628,-1.6220570802688599,1.6230146884918213,0.0,-0.05397321283817291,-0.05397321283817291,-0.24302402138710022,-0.24302402138710022,-0.017621632665395737,-2.0000216960906982,0.49327564239501953,0.0,-0.22540238872170448,-0.22540238872170448,-0.23825661838054657,-0.23825661838054657,-0.05477824807167053,-1.7814103364944458,-1.1913220882415771,0.0,-0.18347837030887604,-0.18347837030887604,0.35551247000694275,0.35551247000694275,0.19271151721477509,-0.5528978109359741,0.41319507360458374,0.0,0.16280095279216766,0.16280095279216766,-0.3415788412094116,-0.3415788412094116,0.06322760879993439,0.44956666231155396,0.7353128790855408,0.0,-0.404806450009346,-0.404806450009346
401,13.366666666666667,4,0,0,,4,uneven rough,5,0.0,50.263057708740234,34.17533874511719,0.3092501163482666,1.0641932487487793,-0.9726660847663879,1.0641932487487793,-0.9726660847663879,5.713610649108887,1.0116392374038696,0.1666666716337204,-0.17945943772792816,0.08313699066638947,0.5320966243743896,-0.48633304238319397,-0.06520292162895203,-0.12657566368579865,0.622586727142334,0.12386506050825119,0.07163828611373901,-0.17794553935527802,-0.04564204439520836,-0.04564204439520836,0.18591132760047913,-1.878731608390808,0.25037881731987,0.0,-0.23155337199568748,-0.23155337199568748,-0.20252107083797455,-0.20252107083797455,-0.018866952508687973,-1.6666783094406128,-1.2430487871170044,0.0,-0.18365411832928658,-0.18365411832928658,0.311293363571167,0.311293363571167,0.17896674573421478,0.6664958000183105,0.134893536567688,0.0,0.1323266178369522,0.1323266178369522,0.08670554310083389,0.08670554310083389,0.15887892246246338,-1.8971627950668335,-0.08718407899141312,0.0,-0.07217337936162949,-0.07217337936162949,0.03581914305686951,0.03581914305686951,0.030720233917236328,0.5468984842300415,-1.4311772584915161,0.0,0.005098909139633179,0.005098909139633179,-0.08897276967763901,-0.08897276967763901,-0.03582247719168663,-0.42598432302474976,-0.46338844299316406,0.0,-0.05315029248595238,-0.05315029248595238
401,13.366666666666667,14,0,0,,4,uneven rough,5,0.0,50.248722076416016,35.25551986694336,0.34756290912628174,1.5569872856140137,-0.0074341921135783195,1.5569872856140137,-0.0074341921135783195,8.11020565032959,0.9820126295089722,0.1666666716337204,0.39069145917892456,0.19536292552947998,0.7784936428070068,-0.0037170960567891598,0.4340778887271881,-0.06776478886604309,0.44770586490631104,0.3404647409915924,-0.04742368310689926,-0.1313626617193222,0.3038545250892639,0.3038545250892639,0.20761866867542267,1.5868867635726929,-1.4368380308151245,0.0,0.09623585641384125,0.09623585641384125,-0.10842366516590118,-0.10842366516590118,-0.08292984962463379,-1.942147970199585,0.3385871350765228,0.0,-0.025493815541267395,-0.025493815541267395,0.22385293245315552,0.22385293245315552,0.14692825078964233,0.4259812831878662,0.546686589717865,0.0,0.07692468166351318,0.07692468166351318,0.2383253127336502,0.2383253127336502,0.18596823513507843,-0.8199677467346191,0.0939614325761795,0.0,0.05235707759857178,0.05235707759857178,-0.07587789744138718,-0.07587789744138718,0.01999877206981182,-1.579274296760559,-0.826098620891571,0.0,-0.095876669511199,-0.095876669511199,-0.0656813308596611,-0.0656813308596611,0.0032054323237389326,-0.11413843929767609,-0.31752026081085205,0.0,-0.06888676318340003,-0.06888676318340003
401,13.366666666666667,24,0,0,,4,uneven rough,8,0.0,72.39181518554688,37.50731658935547,0.22495099902153015,1.9235261678695679,-1.4698714017868042,1.9127395153045654,-1.4698714017868042,10.41749382019043,6.141600608825684,0.3333333432674408,-0.21537992358207703,0.05644925683736801,0.9617630839347839,-0.7349357008934021,-0.1768585443496704,0.4368511438369751,-0.45322757959365845,-0.31032341718673706,0.463826984167099,-0.21105839312076569,-0.12380097806453705,-0.12380097806453705,-0.0167616568505764,-1.9949500560760498,0.7550880312919617,0.0,-0.10703932121396065,-0.10703932121396065,0.21842557191848755,0.21842557191848755,0.207162007689476,1.4605973958969116,-0.2117546945810318,0.0,0.011263564229011536,0.011263564229011536,-0.22661378979682922,-0.22661378979682922,-0.0789177417755127,-1.9856233596801758,-0.9164391756057739,0.0,-0.14769604802131653,-0.14769604802131653,-0.21722638607025146,-0.21722638607025146,-0.10648202151060104,-1.8773807287216187,-1.5249590873718262,0.0,-0.11074436455965042,-0.11074436455965042,0.2319134920835495,0.2319134920835495,0.23183000087738037,0.024140017107129097,-0.1330355852842331,0.0,8.349120616912842e-05,8.349120616912842e-05,-0.10552919656038284,-0.10552919656038284,0.04048536345362663,-0.7829033732414246,0.5737514495849609,0.0,-0.14601456001400948,-0.14601456001400948
402,13.4,4,0,0,,4,uneven rough,5,0.0,50.26219177246094,34.11744689941406,0.29626014828681946,1.3266501426696777,-0.3966805338859558,1.3266501426696777,-0.3966805338859558,5.147346496582031,1.4094200134277344,0.5,-0.16684091091156006,0.2563943564891815,0.6633250713348389,-0.1983402669429779,0.777819812297821,-0.02273709699511528,0.1432170420885086,0.18058253824710846,0.17045482993125916,-0.029053105041384697,0.5444738864898682,0.5444738864898682,0.21611140668392181,1.6170519590377808,-0.9534240365028381,0.0,0.32836247980594635,0.32836247980594635,-0.03637935593724251,-0.03637935593724251,-0.04311785474419594,-0.4306289851665497,-1.482569694519043,0.0,0.00673849880695343,0.00673849880695343,0.0716085210442543,0.0716085210442543,0.11604488641023636,-1.8913148641586304,0.43546241521835327,0.0,-0.044436365365982056,-0.044436365365982056,0.12640777230262756,0.12640777230262756,0.1003921702504158,-0.6891600489616394,-1.1105493307113647,0.0,0.02601560205221176,0.02601560205221176,0.08522741496562958,0.08522741496562958,0.08653650432825089,1.2606528997421265,-0.31276965141296387,0.0,-0.0013090893626213074,-0.0013090893626213074,-0.014526552520692348,-0.014526552520692348,-0.05027860403060913,-0.2499539852142334,-0.4422400891780853,0.0,0.03575205150991678,0.03575205150991678
402,13.4,14,0,0,,4,uneven rough,5,0.0,50.25762939453125,35.21133804321289,0.3451148569583893,1.203141212463379,-0.5904830098152161,1.203141212463379,-0.5904830098152161,3.7174315452575684,2.1158883571624756,0.3333333432674408,0.7500860691070557,0.14940044283866882,0.6015706062316895,-0.29524150490760803,-0.37773966789245605,-0.14074501395225525,0.38962358236312866,0.22398000955581665,0.47084254026412964,-0.43251559138298035,-0.26441776752471924,-0.26441776752471924,0.16224370896816254,-1.432134985923767,0.2727814018726349,0.0,-0.4266614764928818,-0.4266614764928818,-0.22519202530384064,-0.22519202530384064,-0.13369552791118622,-1.9864815473556519,-0.9509446024894714,0.0,-0.09149649739265442,-0.09149649739265442,0.19481179118156433,0.19481179118156433,0.18053704500198364,0.7923343777656555,0.478439599275589,0.0,0.014274746179580688,0.014274746179580688,0.1567860096693039,0.1567860096693039,0.1927645057439804,-0.3126017153263092,-0.4227757751941681,0.0,-0.035978496074676514,-0.035978496074676514,0.23542127013206482,0.23542127013206482,0.036216236650943756,-0.2717759609222412,-1.2519454956054688,0.0,0.19920503348112106,0.19920503348112106,-0.21625779569149017,-0.21625779569149017,-0.04305656999349594,-1.8998420238494873,-0.20252782106399536,0.0,-0.17320122569799423,-0.17320122569799423
402,13.4,24,0,0,,4,uneven rough,8,0.0,72.4393539428711,37.53544998168945,0.23028850555419922,1.7805373668670654,0.14938215911388397,1.7805373668670654,0.14938215911388397,10.016386985778809,1.6933059692382812,0.1666666716337204,-0.07999610900878906,0.26191145181655884,0.8902686834335327,0.07469107955694199,0.592564582824707,0.1869482547044754,-0.24605223536491394,0.027446124702692032,0.4072362780570984,-0.24341924488544464,0.4147951900959015,0.4147951900959015,-0.02154712751507759,0.4013960659503937,-0.7997884154319763,0.0,0.4363423176109791,0.4363423176109791,0.0934741273522377,0.0934741273522377,0.14836753904819489,-1.5280252695083618,0.7337961792945862,0.0,-0.054893411695957184,-0.054893411695957184,-0.12302611768245697,-0.12302611768245697,-0.11757681518793106,-0.7767271995544434,-1.5209578275680542,0.0,-0.005449302494525909,-0.005449302494525909,0.019212286919355392,0.019212286919355392,-0.10684891790151596,1.726556658744812,-1.7242188453674316,0.0,0.12606120482087135,0.12606120482087135,0.2036181390285492,0.2036181390285492,0.1620040386915207,-1.2561345100402832,-0.04416821897029877,0.0,0.0416141003370285,0.0416141003370285,-0.12170962244272232,-0.12170962244272232,-0.016768546774983406,-1.3411973714828491,-0.19330361485481262,0.0,-0.10494107566773891,-0.10494107566773891
403,13.433333333333334,4,0,0,,4,uneven rough,5,0.0,50.25102996826172,34.06050491333008,0.296978235244751,1.2988166809082031,-0.17937974631786346,1.2988166809082031,-0.17937974631786346,5.701650142669678,0.9118453860282898,0.3333333432674408,-0.019106507301330566,0.14362020790576935,0.6494083404541016,-0.08968987315893173,0.2505275309085846,0.17195092141628265,0.5125447511672974,0.6320235729217529,0.1851341426372528,0.2196815460920334,0.1753692626953125,0.1753692626953125,0.1737249195575714,-1.2281025648117065,0.49992769956588745,0.0,0.0016443431377410889,0.0016443431377410889,0.08597546070814133,0.08597546070814133,0.02138970047235489,1.9935739040374756,-0.8878005743026733,0.0,0.06458576023578644,0.06458576023578644,0.2562723755836487,0.2562723755836487,0.1722191423177719,1.4885048866271973,-0.8801016211509705,0.0,0.08405323326587677,0.08405323326587677,0.4424164891242981,0.4424164891242981,0.1606522500514984,1.572151780128479,-0.872295081615448,0.0,0.2817642390727997,0.2817642390727997,0.0925670713186264,0.0925670713186264,0.11140265315771103,-1.1688787937164307,0.5768463015556335,0.0,-0.018835581839084625,-0.018835581839084625,0.1098407730460167,0.1098407730460167,-0.0017939701210707426,1.0333536863327026,-0.33352118730545044,0.0,0.11163474316708744,0.11163474316708744
403,13.433333333333334,14,0,0,,4,uneven rough,5,0.0,50.263065338134766,35.16633987426758,0.34303390979766846,0.8615631461143494,0.15119820833206177,0.8615631461143494,0.15119820833206177,3.273341655731201,2.038386821746826,0.5,0.5902740955352783,0.2209828943014145,0.4307815730571747,0.07559910416603088,0.5987539291381836,-0.19359253346920013,0.18767298758029938,0.0861649438738823,0.07496833056211472,0.03770304098725319,0.4191277325153351,0.4191277325153351,0.21814465522766113,1.6034351587295532,-0.6911813616752625,0.0,0.20098307728767395,0.20098307728767395,-0.3097480535507202,-0.3097480535507202,-0.19669558107852936,-0.9283188581466675,-1.536439061164856,0.0,-0.11305247247219086,-0.11305247247219086,0.09383649379014969,0.09383649379014969,0.1223381757736206,-2.004244089126587,0.6559162735939026,0.0,-0.028501681983470917,-0.028501681983470917,0.060315459966659546,0.060315459966659546,0.12470097094774246,-1.7703118324279785,-0.36048316955566406,0.0,-0.06438551098108292,-0.06438551098108292,0.03748416528105736,0.03748416528105736,0.012674914672970772,-0.7765496969223022,-0.6977558732032776,0.0,0.024809250608086586,0.024809250608086586,0.018851520493626595,0.018851520493626595,-0.012303884141147137,1.7543880939483643,-1.1621923446655273,0.0,0.03115540463477373,0.03115540463477373
403,13.433333333333334,24,0,0,,4,uneven rough,8,0.0,72.49238586425781,37.56062316894531,0.23976276814937592,1.9193124771118164,-0.09059911221265793,1.9085952043533325,-0.09059911221265793,9.467612266540527,1.577943205833435,0.3333333432674408,0.06558673083782196,0.15333160758018494,0.9596562385559082,-0.045299556106328964,-0.2771186828613281,0.6102546453475952,-0.13006797432899475,0.08687839657068253,0.20552591979503632,0.45314380526542664,-0.1939830780029297,-0.1939830780029297,-0.08109436929225922,-2.010338068008423,-0.12063654512166977,0.0,-0.11288870871067047,-0.11288870871067047,0.3051273226737976,0.3051273226737976,0.2038252204656601,1.6974925994873047,-0.5450417399406433,0.0,0.10130210220813751,0.10130210220813751,-0.06503398716449738,-0.06503398716449738,-0.055151622742414474,2.026190996170044,-1.1001684665679932,0.0,-0.009882364422082901,-0.009882364422082901,0.06081487610936165,0.06081487610936165,-0.037546880543231964,1.536872386932373,0.2268557846546173,0.0,0.09836175665259361,0.09836175665259361,0.10276295989751816,0.10276295989751816,0.12246383726596832,-0.6412771940231323,-0.7294161319732666,0.0,-0.019700877368450165,-0.019700877368450165,0.22657190263271332,0.22657190263271332,0.045467931777238846,-0.07227801531553268,-0.8423247933387756,0.0,0.18110397085547447,0.18110397085547447
404,13.466666666666667,4,0,0,,4,uneven rough,5,0.0,50.24050521850586,34.0041389465332,0.3030535578727722,0.8857778310775757,-0.2524905502796173,0.8857778310775757,-0.2524905502796173,4.666418075561523,2.045135974884033,0.3333333432674408,0.33698922395706177,0.13984368741512299,0.44288891553878784,-0.12624527513980865,0.20938517153263092,0.3134792149066925,0.2524206042289734,0.3728257119655609,-0.07612558454275131,0.2016778439283371,0.14656962454319,0.14656962454319,0.129112109541893,-0.7045543193817139,-0.47710371017456055,0.0,0.017457515001296997,0.017457515001296997,0.15673960745334625,0.15673960745334625,0.08697888255119324,1.9986921548843384,0.7413337230682373,0.0,0.06976072490215302,0.06976072490215302,0.1262103021144867,0.1262103021144867,0.14665453135967255,-1.373261570930481,0.4591127634048462,0.0,-0.020444229245185852,-0.020444229245185852,0.26097798347473145,0.26097798347473145,0.22402207553386688,1.715613842010498,0.5097995400428772,0.0,0.03695590794086456,0.03695590794086456,-0.12180093675851822,-0.12180093675851822,0.05091023072600365,-1.6284656524658203,-0.41018980741500854,0.0,-0.17271116748452187,-0.17271116748452187,0.10083892196416855,0.10083892196416855,0.04841789975762367,1.5516995191574097,0.43931230902671814,0.0,0.052421022206544876,0.052421022206544876
404,13.466666666666667,14,0,0,,4,uneven rough,5,0.0,50.26919937133789,35.12022018432617,0.3423270285129547,1.3221012353897095,-0.6751313805580139,1.3221012353897095,-0.6751313805580139,6.959429740905762,1.2729759216308594,0.3333333432674408,0.7452231645584106,0.18912386894226074,0.6610506176948547,-0.33756569027900696,-0.1972707211971283,0.08654545247554779,0.5637679100036621,0.3337111175060272,0.42573273181915283,-0.17393486201763153,-0.13808950781822205,-0.13808950781822205,0.1530250608921051,-1.996002197265625,0.6061989068984985,0.0,-0.29111456871032715,-0.29111456871032715,0.043272726237773895,0.043272726237773895,-0.12948299944400787,1.93304443359375,-1.192606806755066,0.0,0.17275572568178177,0.17275572568178177,0.28188395500183105,0.28188395500183105,0.17468225955963135,1.9678305387496948,-0.8481431603431702,0.0,0.10720169544219971,0.10720169544219971,0.2335977852344513,0.2335977852344513,0.184028759598732,1.9617122411727905,-1.1576027870178223,0.0,0.0495690256357193,0.0495690256357193,0.21286636590957642,0.21286636590957642,0.07108614593744278,1.0940589904785156,-0.7423060536384583,0.0,0.14178021997213364,0.14178021997213364,-0.08696743100881577,-0.08696743100881577,-0.047508008778095245,-2.0000078678131104,0.486847460269928,0.0,-0.03945942223072052,-0.03945942223072052
404,13.466666666666667,24,0,0,,4,uneven rough,8,0.0,72.54085540771484,37.60366439819336,0.24219925701618195,1.8636600971221924,-0.865988552570343,1.8636600971221924,-0.865988552570343,8.698097229003906,2.972184658050537,0.1666666716337204,0.5240259766578674,0.202631875872612,0.9318300485610962,-0.4329942762851715,-0.49322283267974854,0.6396531462669373,-0.4898563027381897,-0.41535013914108276,0.295021116733551,0.036261994391679764,-0.345255970954895,-0.345255970954895,-0.14338645339012146,-2.0000038146972656,-1.1890771389007568,0.0,-0.20186951756477356,-0.20186951756477356,0.31982657313346863,0.31982657313346863,0.27000704407691956,1.9990142583847046,0.7228912115097046,0.0,0.04981952905654907,0.04981952905654907,-0.24492815136909485,-0.24492815136909485,-0.09333624690771103,-1.619192123413086,0.6674807667732239,0.0,-0.15159190446138382,-0.15159190446138382,-0.2907450795173645,-0.2907450795173645,-0.07758475840091705,-2.0009469985961914,0.967541515827179,0.0,-0.21316032111644745,-0.21316032111644745,0.1475105583667755,0.1475105583667755,0.1664513796567917,1.0543277263641357,-0.6795822381973267,0.0,-0.018940821290016174,-0.018940821290016174,0.018130997195839882,0.018130997195839882,-9.468221105635166e-05,-0.08208245038986206,-0.40693894028663635,0.0,0.018225679406896234,0.018225679406896234
405,13.5,4,0,0,,4,uneven rough,5,0.0,50.23682403564453,33.94731140136719,0.3044644594192505,1.1508209705352783,-0.4410996437072754,1.1508209705352783,-0.4410996437072754,6.686174392700195,3.3333334922790527,0.1666666716337204,0.4928603768348694,0.2334136962890625,0.5754104852676392,-0.2205498218536377,-0.2620994746685028,0.4967654347419739,0.27422788739204407,0.4470694363117218,0.06255558878183365,-0.05148853361606598,-0.18346962332725525,-0.18346962332725525,0.06151226535439491,-1.9975883960723877,-0.6057047247886658,0.0,-0.24498188868165016,-0.24498188868165016,0.24838271737098694,0.24838271737098694,0.15841643512248993,2.003270149230957,1.4522464275360107,0.0,0.08996628224849701,0.08996628224849701,0.13711394369602203,0.13711394369602203,0.09103715419769287,-1.7767724990844727,-0.5769149661064148,0.0,0.04607678949832916,0.04607678949832916,0.312948614358902,0.312948614358902,0.2917216420173645,1.9023743867874146,1.1915690898895264,0.0,0.021226972341537476,0.021226972341537476,0.031277794390916824,0.031277794390916824,0.016685178503394127,-0.3145923912525177,-1.099005103111267,0.0,0.014592615887522697,0.014592615887522697,-0.02574426680803299,-0.02574426680803299,-0.00476149981841445,-1.8432815074920654,1.0682580471038818,0.0,-0.02098276698961854,-0.02098276698961854
405,13.5,14,0,0,,4,uneven rough,5,0.0,50.276458740234375,35.076560974121094,0.34006911516189575,0.6912752389907837,1.0469133853912354,0.6912752389907837,1.0469133853912354,3.514247417449951,0.9468204975128174,0.1666666716337204,0.7365814447402954,0.1247350424528122,0.34563761949539185,0.5234566926956177,0.6804302930831909,-0.11001170426607132,-0.28750079870224,0.1776791661977768,0.046742260456085205,0.31319624185562134,0.4763011932373047,0.4763011932373047,0.2121824324131012,1.6821691989898682,-0.8650902509689331,0.0,0.2641187608242035,0.2641187608242035,-0.17601872980594635,-0.17601872980594635,-0.15953686833381653,1.3513211011886597,0.57464200258255,0.0,-0.016481861472129822,-0.016481861472129822,-0.14375039935112,-0.14375039935112,0.12266429513692856,-1.9887776374816895,0.7440134286880493,0.0,-0.26641469448804855,-0.26641469448804855,0.12437541782855988,0.12437541782855988,0.1277083307504654,-1.6139827966690063,0.6060634851455688,0.0,-0.0033329129219055176,-0.0033329129219055176,0.023371130228042603,0.023371130228042603,0.005487953778356314,-1.6585253477096558,0.29597800970077515,0.0,0.01788317644968629,0.01788317644968629,0.15659812092781067,0.15659812092781067,-0.005629800725728273,1.0284934043884277,-0.9192249774932861,0.0,0.16222792165353894,0.16222792165353894
405,13.5,24,0,0,,4,uneven rough,8,0.0,72.59043884277344,37.63718032836914,0.2321702539920807,1.780015468597412,0.952535092830658,1.780015468597412,0.952535092830658,9.009635925292969,0.0,0.0,0.6634779572486877,0.2928391396999359,0.890007734298706,0.476267546415329,0.5518696308135986,0.2669413685798645,-0.27977049350738525,-0.6520720720291138,0.6629413962364197,-0.6420832872390747,0.3863087296485901,0.3863087296485901,-0.11733472347259521,1.0206466913223267,-1.6475765705108643,0.0,0.5036434531211853,0.5036434531211853,0.13347068428993225,0.13347068428993225,0.2446834146976471,-0.4122222661972046,1.444413423538208,0.0,-0.11121273040771484,-0.11121273040771484,-0.13988524675369263,-0.13988524675369263,-0.1098577156662941,-2.0002152919769287,-0.6254081726074219,0.0,-0.03002753108739853,-0.03002753108739853,-0.4564504325389862,-0.4564504325389862,-0.14594526588916779,-0.9190905690193176,-0.7108471989631653,0.0,-0.3105051666498184,-0.3105051666498184,0.33147069811820984,0.33147069811820984,0.18815378844738007,-0.11630761623382568,0.300773561000824,0.0,0.14331690967082977,0.14331690967082977,-0.32104164361953735,-0.32104164361953735,-0.04266102984547615,-1.873582363128662,-0.22326450049877167,0.0,-0.2783806137740612,-0.2783806137740612
406,13.533333333333333,4,0,0,,4,uneven rough,5,0.0,50.227256774902344,33.897621154785156,0.3050388991832733,0.8585938215255737,0.5403501987457275,0.8585938215255737,0.5403501987457275,4.718559741973877,3.358020544052124,0.3333333432674408,0.6139528155326843,0.2310127317905426,0.42929691076278687,0.27017509937286377,0.20334652066230774,0.10585445910692215,-0.07561589777469635,0.5331311821937561,-0.044305089861154556,0.2291451394557953,0.14234256744384766,0.14234256744384766,0.09164837002754211,1.9896339178085327,-1.3926782608032227,0.0,0.05069419741630554,0.05069419741630554,0.052927229553461075,0.052927229553461075,0.10291686654090881,-1.9252140522003174,1.7637962102890015,0.0,-0.04998963698744774,-0.04998963698744774,-0.037807948887348175,-0.037807948887348175,0.03477209433913231,-1.8380945920944214,-1.2553166151046753,0.0,-0.07258004322648048,-0.07258004322648048,0.37319183349609375,0.37319183349609375,0.3318338990211487,0.9861881136894226,1.5934597253799438,0.0,0.04135793447494507,0.04135793447494507,-0.07088814675807953,-0.07088814675807953,-0.05698656663298607,-1.526390790939331,-0.6554967164993286,0.0,-0.01390158012509346,-0.01390158012509346,0.11457256972789764,0.11457256972789764,0.03056710958480835,-0.7311664819717407,-0.5779316425323486,0.0,0.0840054601430893,0.0840054601430893
406,13.533333333333333,14,0,0,,4,uneven rough,5,0.0,50.28668212890625,35.034523010253906,0.34074506163597107,1.1952002048492432,-0.4085530638694763,1.1952002048492432,-0.4085530638694763,6.168721675872803,0.18548259139060974,0.3333333432674408,0.7433590292930603,0.13995440304279327,0.5976001024246216,-0.20427653193473816,-0.2907080352306366,0.20066361129283905,0.5300440788269043,0.3790002465248108,-0.019799379631876945,-0.08961089700460434,-0.20349562168121338,-0.20349562168121338,0.14924190938472748,-1.141707181930542,0.575134813785553,0.0,-0.35273753106594086,-0.35273753106594086,0.10033180564641953,0.10033180564641953,-0.09176789224147797,2.014139175415039,1.013777732849121,0.0,0.1920996978878975,0.1920996978878975,0.26502203941345215,0.26502203941345215,0.1734408289194107,1.9637248516082764,-0.8011115193367004,0.0,0.09158121049404144,0.09158121049404144,0.2653001546859741,0.2653001546859741,0.19159391522407532,1.7918146848678589,-0.6491546630859375,0.0,0.0737062394618988,0.0737062394618988,-0.03167900815606117,-0.03167900815606117,-0.040174078196287155,-2.112499237060547,-0.8091017007827759,0.0,0.008495070040225983,0.008495070040225983,-0.04480544850230217,-0.04480544850230217,-0.02971143275499344,0.7685789465904236,0.18201850354671478,0.0,-0.015094015747308731,-0.015094015747308731
406,13.533333333333333,24,0,0,,4,uneven rough,8,0.0,72.64404296875,37.65259552001953,0.24231046438217163,1.9532043933868408,-0.4329688251018524,1.89418363571167,-0.4329688251018524,9.70602798461914,3.6257143020629883,0.3333333432674408,0.4364040493965149,0.14212721586227417,0.9766021966934204,-0.2164844125509262,0.06743372231721878,0.6324620842933655,0.00468850415199995,-0.11688107997179031,0.06862834841012955,-0.19728468358516693,0.04720360413193703,0.04720360413193703,-0.05658739060163498,1.9236632585525513,-0.13895834982395172,0.0,0.103790994733572,0.103790994733572,0.31623104214668274,0.31623104214668274,0.27636095881462097,0.5573925971984863,0.3946682810783386,0.0,0.03987008333206177,0.03987008333206177,0.002344252075999975,0.002344252075999975,-0.060480862855911255,-0.4180740416049957,-1.4027265310287476,0.0,0.06282511493191123,0.06282511493191123,-0.08181675523519516,-0.08181675523519516,-0.1291254162788391,0.949208676815033,-0.8285883665084839,0.0,0.04730866104364395,0.04730866104364395,0.034314174205064774,0.034314174205064774,0.14798744022846222,-0.7548480033874512,0.06495511531829834,0.0,-0.11367326602339745,-0.11367326602339745,-0.09864234179258347,-0.09864234179258347,-0.055474959313869476,0.43113434314727783,-1.1563571691513062,0.0,-0.04316738247871399,-0.04316738247871399
407,13.566666666666666,4,0,0,,4,uneven rough,5,0.0,50.22564697265625,33.841796875,0.2969663739204407,1.7334144115447998,-0.4554162919521332,1.7334144115447998,-0.4554162919521332,7.361630916595459,4.085465908050537,0.3333333432674408,0.42675358057022095,0.28965649008750916,0.8667072057723999,-0.2277081459760666,-0.39674586057662964,0.18417780101299286,0.5541237592697144,0.19627824425697327,0.051359277218580246,-0.3255336284637451,-0.2777220904827118,-0.2777220904827118,0.0963459312915802,-1.404787540435791,0.5196871161460876,0.0,-0.374068021774292,-0.374068021774292,0.09208890050649643,0.09208890050649643,0.10801129043102264,-1.4657821655273438,-0.32197681069374084,0.0,-0.015922389924526215,-0.015922389924526215,0.2770618796348572,0.2770618796348572,0.04952438548207283,-0.1015251874923706,-1.58482027053833,0.0,0.22753749415278435,0.22753749415278435,0.1373947709798813,0.1373947709798813,0.30979883670806885,-1.2937606573104858,1.2501072883605957,0.0,-0.17240406572818756,-0.17240406572818756,0.025679638609290123,0.025679638609290123,0.0025445176288485527,1.8418731689453125,-1.1479017734527588,0.0,0.02313512098044157,0.02313512098044157,-0.16276681423187256,-0.16276681423187256,-0.021533237770199776,-0.3976157009601593,-0.6645708680152893,0.0,-0.14123357646167278,-0.14123357646167278
407,13.566666666666666,14,0,0,,4,uneven rough,5,0.0,50.294830322265625,34.99359893798828,0.3438827395439148,0.7429189085960388,0.5983734726905823,0.7429189085960388,0.5983734726905823,4.422084331512451,1.724114179611206,0.5,0.5863334536552429,0.1474016010761261,0.3714594542980194,0.29918673634529114,0.03933682665228844,0.33835089206695557,0.4184945523738861,0.5116214156150818,-0.07327155023813248,0.048849545419216156,0.027535777539014816,0.027535777539014816,0.08307747542858124,-1.7289583683013916,-0.3955707252025604,0.0,-0.05554169788956642,-0.05554169788956642,0.16917544603347778,0.16917544603347778,-0.027404090389609337,1.3073643445968628,1.5793838500976562,0.0,0.19657953642308712,0.19657953642308712,0.20924727618694305,0.20924727618694305,0.168023020029068,-0.17722102999687195,0.762131929397583,0.0,0.04122425615787506,0.04122425615787506,0.3581349849700928,0.3581349849700928,0.2607046067714691,1.9240226745605469,0.7309737801551819,0.0,0.09743037819862366,0.09743037819862366,-0.1172344833612442,-0.1172344833612442,-0.09776729345321655,-1.1037919521331787,-1.546044945716858,0.0,-0.01946718990802765,-0.01946718990802765,0.024424772709608078,0.024424772709608078,0.01065853051841259,-0.8649989366531372,0.5136608481407166,0.0,0.013766242191195488,0.013766242191195488
407,13.566666666666666,24,0,0,,4,uneven rough,8,0.0,72.69866180419922,37.663917541503906,0.24739068746566772,1.8914822340011597,-1.052966833114624,1.8914822340011597,-1.052966833114624,9.34028434753418,3.624178886413574,0.3333333432674408,0.6506286859512329,0.22177407145500183,0.9457411170005798,-0.526483416557312,-0.5747983455657959,0.6627753973007202,-0.011337006464600563,0.38507410883903503,0.5690962076187134,0.36216118931770325,-0.4023588299751282,-0.4023588299751282,-0.08390261977910995,-1.2062488794326782,1.0272516012191772,0.0,-0.3184562101960182,-0.3184562101960182,0.3313876986503601,0.3313876986503601,0.3198208212852478,0.5460212826728821,0.48667290806770325,0.0,0.011566877365112305,0.011566877365112305,-0.0056685032323002815,-0.0056685032323002815,-0.04857565462589264,0.7855916619300842,-0.8460022211074829,0.0,0.04290715139359236,0.04290715139359236,0.2695518732070923,0.2695518732070923,-0.05956638231873512,1.8516194820404053,0.1765812784433365,0.0,0.3291182555258274,0.3291182555258274,0.2845481038093567,0.2845481038093567,0.21277175843715668,1.9999217987060547,-0.398563027381897,0.0,0.07177634537220001,0.07177634537220001,0.18108059465885162,0.18108059465885162,0.014160644263029099,1.999983787536621,-0.2587866485118866,0.0,0.16691995039582253,0.16691995039582253
408,13.6,4,0,0,,4,uneven rough,5,0.0,50.23172378540039,33.78960418701172,0.2820955514907837,1.6482599973678589,-0.7241297960281372,1.6482599973678589,-0.7241297960281372,3.7043867111206055,4.228742599487305,0.5,0.27810168266296387,0.12604014575481415,0.8241299986839294,-0.3620648980140686,0.7277999520301819,0.06781775504350662,-0.13837149739265442,0.274948388338089,0.4819139838218689,-0.18381792306900024,0.5094599723815918,0.5094599723815918,0.14584854245185852,1.977988600730896,-0.5684143304824829,0.0,0.3636114299297333,0.3636114299297333,0.03390887752175331,0.03390887752175331,0.04206608235836029,-1.8505067825317383,-0.9686864018440247,0.0,-0.00815720483660698,-0.00815720483660698,-0.06918574869632721,-0.06918574869632721,-0.008440269157290459,1.4751724004745483,-0.7461625933647156,0.0,-0.06074547953903675,-0.06074547953903675,0.19246387481689453,0.19246387481689453,0.24188928306102753,-1.6354684829711914,-0.1882002204656601,0.0,-0.049425408244132996,-0.049425408244132996,0.24095699191093445,0.24095699191093445,0.06548438966274261,1.9681602716445923,0.5425223112106323,0.0,0.17547260224819183,0.17547260224819183,-0.09190896153450012,-0.09190896153450012,-0.07344936579465866,1.7063673734664917,-0.5136339664459229,0.0,-0.01845959573984146,-0.01845959573984146
408,13.6,14,0,0,,4,uneven rough,5,0.0,50.303184509277344,34.95191955566406,0.34272876381874084,1.2055132389068604,0.6530636548995972,1.2055132389068604,0.6530636548995972,7.555459499359131,3.364919662475586,0.5,0.6434295773506165,0.11149781942367554,0.6027566194534302,0.3265318274497986,0.2681099474430084,0.2979663014411926,-0.04174415394663811,0.3622717261314392,0.13317711651325226,0.026512810960412025,0.18767696619033813,0.18767696619033813,0.1342443823814392,1.9664283990859985,-1.1494704484939575,0.0,0.053432583808898926,0.053432583808898926,0.1489831507205963,0.1489831507205963,0.039546091109514236,1.8695448637008667,1.4255834817886353,0.0,0.10943705961108208,0.10943705961108208,-0.020872076973319054,-0.020872076973319054,0.1316482424736023,-0.10982109606266022,0.23102007806301117,0.0,-0.15252031944692135,-0.15252031944692135,0.2535901963710785,0.2535901963710785,0.23528176546096802,-0.923654317855835,1.405525803565979,0.0,0.018308430910110474,0.018308430910110474,0.06658855825662613,0.06658855825662613,-0.0528256930410862,1.6280348300933838,-1.2959942817687988,0.0,0.11941425129771233,0.11941425129771233,0.013256405480206013,0.013256405480206013,-0.014869272708892822,-0.7706558704376221,-0.26583585143089294,0.0,0.028125678189098835,0.028125678189098835
408,13.6,24,0,0,,4,uneven rough,8,0.0,72.74757385253906,37.681060791015625,0.2549877166748047,1.894801378250122,-0.23383764922618866,1.894801378250122,-0.23383764922618866,9.241195678710938,1.27194344997406,0.1666666716337204,0.22748422622680664,0.19583988189697266,0.947400689125061,-0.11691882461309433,-0.4452793598175049,0.6824758052825928,-0.3715846836566925,0.07739541679620743,0.1479557901620865,0.3782631456851959,-0.31169554591178894,-0.31169554591178894,-0.15230725705623627,-1.9216963052749634,-0.23557357490062714,0.0,-0.15938828885555267,-0.15938828885555267,0.3412379026412964,0.3412379026412964,0.2945951521396637,0.002862449735403061,0.5202285647392273,0.0,0.04664275050163269,0.04664275050163269,-0.18579234182834625,-0.18579234182834625,-0.08480102568864822,-0.35341140627861023,0.07650388777256012,0.0,-0.10099131613969803,-0.10099131613969803,0.05417679250240326,0.05417679250240326,0.007917053066194057,1.8815563917160034,1.1236509084701538,0.0,0.0462597394362092,0.0462597394362092,0.07397789508104324,0.07397789508104324,0.17081594467163086,-1.2437738180160522,0.9575445652008057,0.0,-0.09683804959058762,-0.09683804959058762,0.18913157284259796,0.18913157284259796,0.05527337267994881,0.8844785094261169,1.0183261632919312,0.0,0.13385820016264915,0.13385820016264915
409,13.633333333333333,4,0,0,,4,uneven rough,5,0.0,50.23042297363281,33.73347091674805,0.28296932578086853,1.6504030227661133,-0.7949792742729187,1.6504030227661133,-0.7949792742729187,3.147759199142456,5.965300559997559,0.5,0.10084431618452072,0.2318098545074463,0.8252015113830566,-0.39748963713645935,0.5665192604064941,0.28536394238471985,0.14163395762443542,0.16847388446331024,0.3670055866241455,-0.20978513360023499,0.39656347036361694,0.39656347036361694,0.2093774676322937,1.829690933227539,0.8713264465332031,0.0,0.18718600273132324,0.18718600273132324,0.14268197119235992,0.14268197119235992,0.10266324132680893,1.9801688194274902,-1.4672691822052002,0.0,0.040018729865550995,0.040018729865550995,0.07081697881221771,0.07081697881221771,0.05543575808405876,2.0012526512145996,0.5097842216491699,0.0,0.01538122072815895,0.01538122072815895,0.11793171614408493,0.11793171614408493,0.17617277801036835,-1.9514567852020264,-1.00648832321167,0.0,-0.05824106186628342,-0.05824106186628342,0.18350279331207275,0.18350279331207275,0.13210046291351318,1.613186240196228,1.3485805988311768,0.0,0.05140233039855957,0.05140233039855957,-0.10489256680011749,-0.10489256680011749,-0.055474553257226944,1.1594853401184082,0.7415587902069092,0.0,-0.04941801354289055,-0.04941801354289055
409,13.633333333333333,14,0,0,,4,uneven rough,5,0.0,50.31380844116211,34.91157150268555,0.3459467589855194,0.7204632759094238,0.8343554735183716,0.7204632759094238,0.8343554735183716,2.4166808128356934,2.4179773330688477,0.5,0.48546212911605835,0.17041832208633423,0.3602316379547119,0.4171777367591858,0.18847402930259705,0.33108389377593994,-0.13542306423187256,-0.04652251675724983,0.17059651017189026,-0.2738068699836731,0.13193181157112122,0.13193181157112122,0.18077757954597473,0.13661737740039825,0.6122643351554871,0.0,-0.048845767974853516,-0.048845767974853516,0.16554194688796997,0.16554194688796997,0.10521168261766434,1.930517554283142,1.6765999794006348,0.0,0.060330264270305634,0.060330264270305634,-0.06771153211593628,-0.06771153211593628,0.10663166642189026,-1.148734211921692,0.03830786421895027,0.0,-0.17434319853782654,-0.17434319853782654,-0.03256576135754585,-0.03256576135754585,0.1853255182504654,-0.9457638263702393,0.08860320597887039,0.0,-0.21789127960801125,-0.21789127960801125,0.08529825508594513,0.08529825508594513,0.004618898034095764,1.862214207649231,0.35725703835487366,0.0,0.08067935705184937,0.08067935705184937,-0.13690343499183655,-0.13690343499183655,-0.07775388658046722,-1.9231302738189697,-0.5512620210647583,0.0,-0.059149548411369324,-0.059149548411369324
409,13.633333333333333,24,0,0,,4,uneven rough,8,0.0,72.79574584960938,37.708763122558594,0.26035863161087036,1.8992873430252075,-0.1981346309185028,1.8992873430252075,-0.1981346309185028,7.907289028167725,4.403611183166504,0.3333333432674408,-0.03512843698263168,0.10462265461683273,0.9496436715126038,-0.0990673154592514,-0.47100839018821716,0.6912694573402405,0.030286531895399094,-0.36729881167411804,0.5349316000938416,-0.06618402153253555,-0.3297058641910553,-0.3297058641910553,-0.21260401606559753,-1.537563443183899,-1.1889103651046753,0.0,-0.11710184812545776,-0.11710184812545776,0.34563472867012024,0.34563472867012024,0.34281593561172485,0.21806445717811584,0.2277088314294815,0.0,0.0028187930583953857,0.0028187930583953857,0.015143265947699547,0.015143265947699547,-0.04403131827712059,-0.8305913805961609,-0.1665709912776947,0.0,0.05917458422482014,0.05917458422482014,-0.2571091651916504,-0.2571091651916504,-0.015459878370165825,-1.9360142946243286,1.552172064781189,0.0,-0.24164928682148457,-0.24164928682148457,0.2674658000469208,0.2674658000469208,0.22905640304088593,1.911505103111267,-0.28708481788635254,0.0,0.03840939700603485,0.03840939700603485,-0.033092010766267776,-0.033092010766267776,0.022324012592434883,-0.5827534794807434,0.9426484704017639,0.0,-0.05541602335870266,-0.05541602335870266
410,13.666666666666666,4,0,0,,4,uneven rough,5,0.0,50.228675842285156,33.67707443237305,0.28502556681632996,0.90322345495224,-0.04330647364258766,0.90322345495224,-0.04330647364258766,2.2316322326660156,0.8235238790512085,0.3333333432674408,-0.004620055668056011,0.142686128616333,0.45161172747612,-0.02165323682129383,0.7074273228645325,0.4013919234275818,0.2257457822561264,0.3069149851799011,0.488604336977005,-0.37114614248275757,0.4951991140842438,0.4951991140842438,0.26583972573280334,1.4415193796157837,1.4131875038146973,0.0,0.22935938835144043,0.22935938835144043,0.2006959617137909,0.2006959617137909,0.17049923539161682,1.9930039644241333,0.48191845417022705,0.0,0.030196726322174072,0.030196726322174072,0.1128728911280632,0.1128728911280632,0.11344727873802185,1.4515916109085083,1.3530631065368652,0.0,-0.0005743876099586487,-0.0005743876099586487,0.21484048664569855,0.21484048664569855,0.17322026193141937,1.3227514028549194,-1.540775179862976,0.0,0.041620224714279175,0.041620224714279175,0.2443021684885025,0.2443021684885025,0.19023628532886505,1.7487033605575562,1.498189091682434,0.0,0.05406588315963745,0.05406588315963745,-0.18557307124137878,-0.18557307124137878,-0.08607660233974457,-1.6467148065567017,0.9778552055358887,0.0,-0.09949646890163422,-0.09949646890163422
410,13.666666666666666,14,0,0,,4,uneven rough,5,0.0,50.31965637207031,34.8719482421875,0.3491513133049011,0.9077296257019043,0.06095859408378601,0.9077296257019043,0.06095859408378601,2.446542501449585,4.804619789123535,0.5,0.251603901386261,0.10343458503484726,0.45386481285095215,0.030479297041893005,0.7103174328804016,-0.4484993815422058,-0.016775237396359444,0.23058250546455383,0.24771465361118317,-0.4191059470176697,0.4972221851348877,0.4972221851348877,0.24321573972702026,1.691360592842102,0.3433327078819275,0.0,0.25400644540786743,0.25400644540786743,-0.7175990343093872,-0.7175990343093872,0.11487621814012527,0.879463255405426,1.8201653957366943,0.0,-0.8324752524495125,-0.8324752524495125,-0.008387618698179722,-0.008387618698179722,0.055779773741960526,-1.5631803274154663,-0.6328478455543518,0.0,-0.06416739244014025,-0.06416739244014025,0.16140775382518768,0.16140775382518768,0.15239648520946503,-0.19021624326705933,-0.49622976779937744,0.0,0.009011268615722656,0.009011268615722656,0.12385732680559158,0.12385732680559158,0.045057862997055054,1.9018049240112305,1.208162546157837,0.0,0.07879946380853653,0.07879946380853653,-0.20955297350883484,-0.20955297350883484,-0.13575735688209534,-1.4126276969909668,-1.3269188404083252,0.0,-0.0737956166267395,-0.0737956166267395
410,13.666666666666666,24,0,0,,4,uneven rough,8,0.0,72.84000396728516,37.734378814697266,0.25453370809555054,1.8982220888137817,-0.241994708776474,1.8982220888137817,-0.241994708776474,6.332095623016357,0.5831711292266846,0.3333333432674408,-0.28921833634376526,0.17897862195968628,0.9491110444068909,-0.120997354388237,0.6041690111160278,0.49156448245048523,-0.525516927242279,-0.5960279107093811,0.4595474302768707,-0.3064432740211487,0.42291828989982605,0.42291828989982605,-0.1796882599592209,1.7570687532424927,-1.38603937625885,0.0,0.6026065498590469,0.6026065498590469,0.24578224122524261,0.24578224122524261,0.2781662940979004,-2.000149965286255,0.2222558856010437,0.0,-0.032384052872657776,-0.032384052872657776,-0.2627584636211395,-0.2627584636211395,-0.11250752210617065,-1.8657171726226807,-0.5420092940330505,0.0,-0.15025094151496887,-0.15025094151496887,-0.41721951961517334,-0.41721951961517334,-0.08361021429300308,-1.8828043937683105,-0.42005473375320435,0.0,-0.33360930532217026,-0.33360930532217026,0.22977371513843536,0.22977371513843536,0.2359437346458435,0.41323375701904297,0.956001877784729,0.0,-0.006170019507408142,-0.006170019507408142,-0.15322163701057434,-0.15322163701057434,-0.031111067160964012,-0.6850232481956482,0.0801834687590599,0.0,-0.12211056984961033,-0.12211056984961033
411,13.7,4,0,0,,4,uneven rough,5,0.0,50.21799850463867,33.62499237060547,0.2799791097640991,1.1395289897918701,0.4442538917064667,1.1395289897918701,0.4442538917064667,5.61544132232666,0.8530009984970093,0.1666666716337204,-0.08296175301074982,0.11909423768520355,0.5697644948959351,0.22212694585323334,0.6219080686569214,0.06444332748651505,0.24737079441547394,0.48993390798568726,0.18073686957359314,-0.16768093407154083,0.435335636138916,0.435335636138916,0.331036776304245,1.9289841651916504,1.429206371307373,0.0,0.10429885983467102,0.10429885983467102,0.03222166374325752,0.03222166374325752,0.1065375804901123,-1.770837426185608,1.3362889289855957,0.0,-0.07431591674685478,-0.07431591674685478,0.12368539720773697,0.12368539720773697,0.14459213614463806,0.3645416796207428,1.408771276473999,0.0,-0.020906738936901093,-0.020906738936901093,0.34295374155044556,0.34295374155044556,0.23555058240890503,1.9367517232894897,0.0782678872346878,0.0,0.10740315914154053,0.10740315914154053,0.09036843478679657,0.09036843478679657,0.11999121308326721,-2.0002872943878174,1.6398303508758545,0.0,-0.029622778296470642,-0.029622778296470642,-0.08384046703577042,-0.08384046703577042,-0.08532258123159409,0.7441111207008362,-0.5060814023017883,0.0,0.0014821141958236694,0.0014821141958236694
411,13.7,14,0,0,,4,uneven rough,5,0.0,50.31938934326172,34.834842681884766,0.3481241464614868,1.485553503036499,0.02245030179619789,1.485553503036499,0.02245030179619789,3.377915382385254,1.82931649684906,0.5,0.05843355506658554,0.12846428155899048,0.7427767515182495,0.011225150898098946,0.28432342410087585,-0.003175173420459032,0.39100661873817444,0.484942227602005,0.09697289764881134,-0.14179974794387817,0.19902639091014862,0.19902639091014862,0.21178005635738373,-1.4189207553863525,1.1055101156234741,0.0,-0.012753665447235107,-0.012753665447235107,-0.005080277565866709,-0.005080277565866709,0.05198447033762932,-1.809340238571167,1.2882907390594482,0.0,-0.05706474790349603,-0.05706474790349603,0.19550330936908722,0.19550330936908722,0.11089037358760834,1.4669525623321533,-1.1588594913482666,0.0,0.08461293578147888,0.08461293578147888,0.3394595682621002,0.3394595682621002,0.21844816207885742,1.8870790004730225,-0.32320916652679443,0.0,0.1210114061832428,0.1210114061832428,0.04848644882440567,0.04848644882440567,0.04314740374684334,-1.3174974918365479,1.6003491878509521,0.0,0.005339045077562332,0.005339045077562332,-0.07089987397193909,-0.07089987397193909,-0.08523935079574585,0.4644628167152405,-1.3753787279129028,0.0,0.014339476823806763,0.014339476823806763
411,13.7,24,0,0,,4,uneven rough,8,0.0,72.88704681396484,37.75640106201172,0.26154273748397827,1.9083694219589233,-0.7133713960647583,1.9083694219589233,-0.7133713960647583,9.664701461791992,2.9661834239959717,0.3333333432674408,-0.3008006513118744,0.09983748197555542,0.9541847109794617,-0.35668569803237915,0.33591026067733765,0.6935054063796997,-0.46467986702919006,-0.28687071800231934,0.2825644016265869,0.10243558138608932,0.2351371794939041,0.2351371794939041,-0.11802230030298233,1.8728643655776978,0.3910796344280243,0.0,0.35315947979688644,0.35315947979688644,0.34675270318984985,0.34675270318984985,0.2831207811832428,1.5875730514526367,-1.0342963933944702,0.0,0.06363192200660706,0.06363192200660706,-0.23233993351459503,-0.23233993351459503,-0.14038898050785065,0.40245747566223145,-1.2904361486434937,0.0,-0.09195095300674438,-0.09195095300674438,-0.20080949366092682,-0.20080949366092682,-0.1489172726869583,-1.7712236642837524,-1.247096061706543,0.0,-0.051892220973968506,-0.051892220973968506,0.14128220081329346,0.14128220081329346,0.20908787846565247,-0.9035420417785645,0.6491197943687439,0.0,-0.06780567765235901,-0.06780567765235901,0.05121779069304466,0.05121779069304466,-0.0053458670154213905,1.1765344142913818,-0.35246577858924866,0.0,0.05656365770846605,0.05656365770846605
412,13.733333333333333,4,0,0,,4,uneven rough,5,0.0,50.21110153198242,33.57428741455078,0.2764790952205658,1.482086420059204,0.042034950107336044,1.482086420059204,0.042034950107336044,7.608554363250732,1.6980621814727783,0.1666666716337204,-0.18176019191741943,0.2936415672302246,0.741043210029602,0.021017475053668022,-0.3672240674495697,0.17967458069324493,0.5904470682144165,0.553834080696106,-0.07631577551364899,0.08189308643341064,-0.2570568323135376,-0.2570568323135376,0.30942416191101074,-0.9679754972457886,1.711781620979309,0.0,-0.5664809942245483,-0.5664809942245483,0.08983729034662247,0.08983729034662247,0.0619535855948925,-0.559252142906189,-0.42048585414886475,0.0,0.027883704751729965,0.027883704751729965,0.29522353410720825,0.29522353410720825,0.19807617366313934,1.8446325063705444,0.8183619976043701,0.0,0.09714736044406891,0.09714736044406891,0.38768383860588074,0.38768383860588074,0.3092213273048401,1.936089038848877,1.1290580034255981,0.0,0.07846251130104065,0.07846251130104065,-0.12210524082183838,-0.12210524082183838,0.09050948172807693,0.31472286581993103,-0.4182986617088318,0.0,-0.2126147225499153,-0.2126147225499153,0.04094654321670532,0.04094654321670532,-0.027938617393374443,1.990338921546936,0.20077969133853912,0.0,0.06888516061007977,0.06888516061007977
412,13.733333333333333,14,0,0,,4,uneven rough,5,0.0,50.325374603271484,34.79696273803711,0.35192060470581055,0.8958263397216797,-0.10016133636236191,0.8958263397216797,-0.10016133636236191,4.686557769775391,2.2576682567596436,0.1666666716337204,-0.01758011244237423,0.10182958841323853,0.44791316986083984,-0.050080668181180954,0.2439309060573578,0.24627545475959778,0.5939185619354248,0.5275511741638184,-0.3027570843696594,0.27096909284591675,0.1707516312599182,0.1707516312599182,0.1603480577468872,-0.41040050983428955,-0.3218076229095459,0.0,0.010403573513031006,0.010403573513031006,0.12313772737979889,0.12313772737979889,0.09744565188884735,1.2099931240081787,-0.4631153643131256,0.0,0.025692075490951538,0.025692075490951538,0.2969592809677124,0.2969592809677124,0.1715562641620636,0.21201735734939575,0.32577934861183167,0.0,0.1254030168056488,0.1254030168056488,0.36928582191467285,0.36928582191467285,0.28440332412719727,1.4576703310012817,0.9264917373657227,0.0,0.08488249778747559,0.08488249778747559,-0.4844113290309906,-0.4844113290309906,0.016644325107336044,-0.8418449759483337,-0.04940654709935188,0.0,-0.5010556541383266,-0.5010556541383266,0.13548454642295837,0.13548454642295837,-0.045880526304244995,-0.7182157039642334,-0.3351290225982666,0.0,0.18136507272720337,0.18136507272720337
412,13.733333333333333,24,0,0,,4,uneven rough,8,0.0,72.9345474243164,37.77940368652344,0.2692294418811798,1.8452908992767334,-0.8679742813110352,1.8452908992767334,-0.8679742813110352,10.223142623901367,7.7325263023376465,0.5,-0.496891587972641,0.10467018932104111,0.9226454496383667,-0.4339871406555176,-0.009975799359381199,0.5169581770896912,-0.09095973521471024,-0.3452743887901306,0.546308696269989,-0.27832329273223877,-0.006983059458434582,-0.006983059458434582,-0.04902070388197899,1.9935731887817383,1.2288833856582642,0.0,0.04203764442354441,0.04203764442354441,0.2584790885448456,0.2584790885448456,0.27510514855384827,-0.9740206003189087,0.4481132924556732,0.0,-0.016626060009002686,-0.016626060009002686,-0.04547986760735512,-0.04547986760735512,-0.09812067449092865,1.2676646709442139,-0.3332710564136505,0.0,0.05264080688357353,0.05264080688357353,-0.24169206619262695,-0.24169206619262695,-0.2106354534626007,-1.768641471862793,-1.5434386730194092,0.0,-0.031056612730026245,-0.031056612730026245,0.2731543481349945,0.2731543481349945,0.22732014954090118,1.947358250617981,-0.22875797748565674,0.0,0.04583419859409332,0.04583419859409332,-0.13916164636611938,-0.13916164636611938,-0.029460785910487175,-0.7826305031776428,0.5120336413383484,0.0,-0.10970086045563221,-0.10970086045563221
413,13.766666666666666,4,0,0,,4,uneven rough,5,0.0,50.217472076416016,33.52711486816406,0.2847387492656708,1.4070318937301636,0.2680422067642212,1.4070318937301636,0.2680422067642212,8.223837852478027,1.9291408061981201,0.3333333432674408,-0.15019729733467102,0.26531970500946045,0.7035159468650818,0.1340211033821106,-0.011945119127631187,0.6436977386474609,-0.07481297850608826,0.3894040584564209,0.09003078937530518,0.07930517941713333,-0.008361583575606346,-0.008361583575606346,0.2557765245437622,-1.4094154834747314,0.19664211571216583,0.0,-0.26413810811936855,-0.26413810811936855,0.32184886932373047,0.32184886932373047,0.10141269117593765,1.2475708723068237,-0.49894458055496216,0.0,0.22043617814779282,0.22043617814779282,-0.03740648925304413,-0.03740648925304413,0.14140188694000244,-1.896235704421997,1.398617148399353,0.0,-0.17880837619304657,-0.17880837619304657,0.2725828289985657,0.2725828289985657,0.32013648748397827,-1.3528130054473877,1.5853548049926758,0.0,-0.0475536584854126,-0.0475536584854126,0.04501539468765259,0.04501539468765259,0.06250599026679993,-1.3535152673721313,-0.0038469694554805756,0.0,-0.01749059557914734,-0.01749059557914734,0.039652589708566666,0.039652589708566666,-0.0011164565803483129,1.0339936017990112,1.2125996351242065,0.0,0.04076904628891498,0.04076904628891498
413,13.766666666666666,14,0,0,,4,uneven rough,5,0.0,50.33976745605469,34.7593994140625,0.34631142020225525,1.0769540071487427,0.8377416133880615,1.0769540071487427,0.8377416133880615,5.922326564788818,4.403229713439941,0.3333333432674408,-0.18399028480052948,0.19638866186141968,0.5384770035743713,0.41887080669403076,0.13570809364318848,0.23794274032115936,0.007631470449268818,0.32762569189071655,0.2997882068157196,0.006136076059192419,0.0949956625699997,0.0949956625699997,0.13275320827960968,-0.9894946813583374,-0.37189820408821106,0.0,-0.037757545709609985,-0.037757545709609985,0.11897137016057968,0.11897137016057968,0.11246154457330704,-0.9708529710769653,0.482863187789917,0.0,0.006509825587272644,0.006509825587272644,0.003815735224634409,0.003815735224634409,0.13438522815704346,-1.0568203926086426,0.2614580988883972,0.0,-0.13056949293240905,-0.13056949293240905,0.22933797538280487,0.22933797538280487,0.2769370675086975,-1.5817763805389404,1.2268210649490356,0.0,-0.04759909212589264,-0.04759909212589264,0.1498941034078598,0.1498941034078598,0.06931508332490921,1.9939769506454468,-0.49745264649391174,0.0,0.08057902008295059,0.08057902008295059,0.0030680380295962095,0.0030680380295962095,-0.06635917723178864,0.40712887048721313,-0.5517269372940063,0.0,0.06942721526138484,0.06942721526138484
413,13.766666666666666,24,0,0,,4,uneven rough,8,0.0,72.98699188232422,37.79169845581055,0.2655535638332367,1.798668622970581,0.4258502721786499,1.798668622970581,0.4258502721786499,9.909407615661621,6.357886791229248,0.3333333432674408,-0.2697499394416809,0.10803326964378357,0.8993343114852905,0.21292513608932495,0.6664772033691406,0.2865273952484131,0.0019070371054112911,0.3011454939842224,0.4792505204677582,0.057458993047475815,0.4665340483188629,0.4665340483188629,0.01673244498670101,2.000000238418579,1.6612403392791748,0.0,0.4498016033321619,0.4498016033321619,0.14326369762420654,0.14326369762420654,0.20898260176181793,-1.9995760917663574,-0.3559637665748596,0.0,-0.06571890413761139,-0.06571890413761139,0.0009535185527056456,0.0009535185527056456,-0.0388830341398716,1.9979560375213623,0.5719008445739746,0.0,0.03983655269257724,0.03983655269257724,0.2108018398284912,0.2108018398284912,-0.18696878850460052,1.874180555343628,-1.6707687377929688,0.0,0.39777062833309174,0.39777062833309174,0.2396252602338791,0.2396252602338791,0.24156028032302856,0.13005192577838898,1.0016220808029175,0.0,-0.001935020089149475,-0.001935020089149475,0.028729496523737907,0.028729496523737907,0.02340606227517128,1.9354925155639648,-0.21997179090976715,0.0,0.0053234342485666275,0.0053234342485666275
414,13.799999999999999,4,0,0,,4,uneven rough,5,0.0,50.2310791015625,33.47801208496094,0.29400938749313354,0.9642353057861328,0.874844491481781,0.9642353057861328,0.874844491481781,3.758376121520996,1.0599281787872314,0.1666666716337204,0.117973193526268,0.26093244552612305,0.4821176528930664,0.4374222457408905,0.34386754035949707,0.4142339825630188,0.4292851686477661,0.005564140621572733,-0.3068696856498718,-0.15416985750198364,0.24070727825164795,0.24070727825164795,0.24064242839813232,0.026634318754076958,-0.7114257216453552,0.0,6.4849853515625e-05,6.4849853515625e-05,0.2071169912815094,0.2071169912815094,0.16703195869922638,2.018605947494507,0.48853838443756104,0.0,0.04008503258228302,0.04008503258228302,0.21464258432388306,0.21464258432388306,0.1483134776353836,1.2074840068817139,-0.4642985761165619,0.0,0.06632910668849945,0.06632910668849945,0.0038948983419686556,0.0038948983419686556,0.25934576988220215,-1.7787483930587769,-0.07589051872491837,0.0,-0.2554508715402335,-0.2554508715402335,-0.4909915030002594,-0.4909915030002594,0.049379799515008926,0.9330182671546936,-0.766951858997345,0.0,-0.5403713025152683,-0.5403713025152683,-0.07708492875099182,-0.07708492875099182,0.01182735338807106,-0.2007114291191101,1.1116154193878174,0.0,-0.08891228213906288,-0.08891228213906288
414,13.799999999999999,14,0,0,,4,uneven rough,5,0.0,50.3526496887207,34.723392486572266,0.33817288279533386,1.185607671737671,-0.19935767352581024,1.185607671737671,-0.19935767352581024,4.109330177307129,1.7591183185577393,0.3333333432674408,-0.16679702699184418,0.15231308341026306,0.5928038358688354,-0.09967883676290512,0.8456042408943176,-0.09936230629682541,-0.10215164721012115,-0.0023511007893830538,0.13869737088680267,-0.1969894915819168,0.5919229388237,0.5919229388237,0.1811756193637848,1.688137173652649,-0.7210883498191833,0.0,0.41074731945991516,0.41074731945991516,-0.15897969901561737,-0.15897969901561737,0.04939277097582817,-1.1328293085098267,-0.33907052874565125,0.0,-0.20837246999144554,-0.20837246999144554,-0.05107582360506058,-0.05107582360506058,0.09531030058860779,-0.5141353011131287,-0.48389890789985657,0.0,-0.14638612419366837,-0.14638612419366837,-0.001645770506002009,-0.001645770506002009,0.20930902659893036,-1.7347047328948975,-0.36116498708724976,0.0,-0.21095479710493237,-0.21095479710493237,0.06934868544340134,0.06934868544340134,0.06265176087617874,-0.9970433115959167,0.9112061262130737,0.0,0.006696924567222595,0.006696924567222595,-0.0984947457909584,-0.0984947457909584,-0.0904296338558197,-0.6084111928939819,-0.00958813913166523,0.0,-0.008065111935138702,-0.008065111935138702
414,13.799999999999999,24,0,0,,4,uneven rough,8,0.0,73.04006958007812,37.80674362182617,0.2601289749145508,1.9120330810546875,-0.11535482108592987,1.9120330810546875,-0.11535482108592987,9.88874626159668,0.0,0.0,-0.40307092666625977,0.24385613203048706,0.9560165405273438,-0.057677410542964935,-0.4824066162109375,0.3607606589794159,0.2750437557697296,0.4571738839149475,0.43571823835372925,0.5017243027687073,-0.33768463134765625,-0.33768463134765625,-0.015616719610989094,-1.2871440649032593,1.8527758121490479,0.0,-0.32206791173666716,-0.32206791173666716,0.18038032948970795,0.18038032948970795,0.16048282384872437,-0.16484397649765015,-1.2852650880813599,0.0,0.01989750564098358,0.01989750564098358,0.1375218778848648,0.1375218778848648,0.015511700883507729,-1.3988667726516724,1.37819504737854,0.0,0.12201017700135708,0.12201017700135708,0.32002171874046326,0.32002171874046326,-0.11765685677528381,1.6844733953475952,0.33355197310447693,0.0,0.43767857551574707,0.43767857551574707,0.21785911917686462,0.21785911917686462,0.24075235426425934,-0.14971932768821716,0.508834719657898,0.0,-0.022893235087394714,-0.022893235087394714,0.25086215138435364,0.25086215138435364,0.07932103425264359,-0.030533764511346817,0.9987316131591797,0.0,0.17154111713171005,0.17154111713171005
415,13.833333333333334,4,0,0,,4,uneven rough,5,0.0,50.24525833129883,33.43082809448242,0.28744444251060486,1.6568522453308105,0.45464685559272766,1.6568522453308105,0.45464685559272766,4.681573390960693,1.4754891395568848,0.3333333432674408,0.5589274764060974,0.16385772824287415,0.8284261226654053,0.22732342779636383,0.6576683521270752,0.1391231268644333,-0.32510846853256226,0.14768891036510468,0.2810966968536377,-0.34929078817367554,0.4603678286075592,0.4603678286075592,0.29930931329727173,1.9886142015457153,-0.2941252589225769,0.0,0.16105851531028748,0.16105851531028748,0.06956156343221664,0.06956156343221664,0.13737574219703674,-2.000000238418579,1.3536412715911865,0.0,-0.0678141787648201,-0.0678141787648201,-0.16255423426628113,-0.16255423426628113,0.08504482358694077,-2.000000476837158,0.48093029856681824,0.0,-0.2475990578532219,-0.2475990578532219,0.10338223725557327,0.10338223725557327,0.19157464802265167,-1.9994611740112305,-1.038689374923706,0.0,-0.0881924107670784,-0.0881924107670784,0.14054834842681885,0.14054834842681885,0.09196699410676956,2.0016918182373047,0.19421428442001343,0.0,0.048581354320049286,0.048581354320049286,-0.17464539408683777,-0.17464539408683777,-0.04012804850935936,-1.846976637840271,0.36962348222732544,0.0,-0.1345173455774784,-0.1345173455774784
415,13.833333333333334,14,0,0,,4,uneven rough,5,0.0,50.363101959228516,34.68497085571289,0.3380032777786255,1.1455533504486084,-0.941326379776001,1.1455533504486084,-0.941326379776001,4.524782180786133,1.9866254329681396,0.3333333432674408,-0.339946448802948,0.08736701309680939,0.5727766752243042,-0.4706631898880005,0.40112704038619995,0.13630512356758118,0.2920878231525421,-0.009107271209359169,-0.19704794883728027,-0.4222123622894287,0.28078892827033997,0.28078892827033997,0.24867412447929382,1.9675016403198242,0.64109206199646,0.0,0.03211480379104614,0.03211480379104614,0.06815256178379059,0.06815256178379059,0.04862930625677109,1.279004454612732,-0.7878631949424744,0.0,0.0195232555270195,0.0195232555270195,0.14604391157627106,0.14604391157627106,0.10339565575122833,-0.7229834198951721,-0.5009946227073669,0.0,0.042648255825042725,0.042648255825042725,-0.006375089753419161,-0.006375089753419161,0.14521589875221252,-1.6807903051376343,-1.1377668380737305,0.0,-0.15159098850563169,-0.15159098850563169,-0.31527671217918396,-0.31527671217918396,0.04015461727976799,0.6661689877510071,-0.16772152483463287,0.0,-0.35543132945895195,-0.35543132945895195,-0.21110618114471436,-0.21110618114471436,-0.1256682574748993,-0.8404020667076111,-0.34816375374794006,0.0,-0.08543792366981506,-0.08543792366981506
415,13.833333333333334,24,0,0,,4,uneven rough,8,0.0,73.09418487548828,37.8206672668457,0.2778972387313843,1.8510327339172363,-0.31832775473594666,1.8510327339172363,-0.31832775473594666,7.751742362976074,3.1300368309020996,0.5,-0.35303235054016113,0.12001244723796844,0.9255163669586182,-0.15916387736797333,-0.021902738139033318,0.46125468611717224,0.11372673511505127,0.143173485994339,0.26744091510772705,0.2738465964794159,-0.015331916511058807,-0.015331916511058807,-0.028507912531495094,0.20992398262023926,0.07745946943759918,0.0,0.013175996020436287,0.013175996020436287,0.23062734305858612,0.23062734305858612,0.2168429046869278,1.3183050155639648,-0.6517769694328308,0.0,0.013784438371658325,0.013784438371658325,0.056863367557525635,0.056863367557525635,0.04043013975024223,1.1227359771728516,-0.1919606626033783,0.0,0.0164332278072834,0.0164332278072834,0.10022144019603729,0.10022144019603729,-0.057870544493198395,1.2693766355514526,1.097365379333496,0.0,0.1580919846892357,0.1580919846892357,0.13372045755386353,0.13372045755386353,0.18519963324069977,-1.8849239349365234,0.13648708164691925,0.0,-0.05147917568683624,-0.05147917568683624,0.13692329823970795,0.13692329823970795,0.12209279090166092,1.927566647529602,0.4167831242084503,0.0,0.014830507338047028,0.014830507338047028
416,13.866666666666667,4,0,0,,4,uneven rough,5,0.0,50.25848388671875,33.38564682006836,0.2825772762298584,0.8650922775268555,-0.3876338601112366,0.8650922775268555,-0.3876338601112366,1.849486231803894,1.4048579931259155,0.1666666716337204,0.5657402276992798,0.1296185851097107,0.43254613876342773,-0.1938169300556183,0.5651293992996216,-0.15213234722614288,0.6333127021789551,0.057714998722076416,-0.005810970440506935,-0.33377882838249207,0.39559057354927063,0.39559057354927063,0.3650236129760742,1.9695886373519897,0.9965397119522095,0.0,0.03056696057319641,0.03056696057319641,-0.24341176450252533,-0.24341176450252533,0.07419940829277039,-1.8625200986862183,-0.5425136089324951,0.0,-0.3176111727952957,-0.3176111727952957,0.31665635108947754,0.31665635108947754,0.06643130630254745,-1.353047251701355,-0.9217923879623413,0.0,0.2502250447869301,0.2502250447869301,0.04040049761533737,0.04040049761533737,0.12512926757335663,-1.9240912199020386,-1.5819114446640015,0.0,-0.08472876995801926,-0.08472876995801926,-0.009297552518546581,-0.009297552518546581,0.07088635116815567,-1.967942476272583,1.21616530418396,0.0,-0.08018390368670225,-0.08018390368670225,-0.16688941419124603,-0.16688941419124603,-0.08915239572525024,-2.013350486755371,-0.8836461901664734,0.0,-0.07773701846599579,-0.07773701846599579
416,13.866666666666667,14,0,0,,4,uneven rough,5,0.0,50.36553955078125,34.64523696899414,0.3349510133266449,0.25588539242744446,-0.2774578332901001,0.25588539242744446,-0.2774578332901001,3.458287000656128,7.794154644012451,0.6666666865348816,-0.2664935886859894,0.10312368720769882,0.12794269621372223,-0.13872891664505005,0.4577203691005707,0.08765367418527603,0.40060660243034363,0.3348675072193146,0.39479827880859375,-0.4539823532104492,0.3204042613506317,0.3204042613506317,0.29015839099884033,0.6641616821289062,1.391046404838562,0.0,0.030245870351791382,0.030245870351791382,0.043826837092638016,0.043826837092638016,0.061947714537382126,-0.31169360876083374,0.3807474970817566,0.0,-0.01812087744474411,-0.01812087744474411,0.20030330121517181,0.20030330121517181,0.1319136917591095,1.205843448638916,-0.6265075206756592,0.0,0.06838960945606232,0.06838960945606232,0.2344072461128235,0.2344072461128235,0.17109525203704834,1.999833345413208,-1.4447932243347168,0.0,0.06331199407577515,0.06331199407577515,0.19739913940429688,0.19739913940429688,0.1063891127705574,1.9954146146774292,0.30376166105270386,0.0,0.09101002663373947,0.09101002663373947,-0.2269911766052246,-0.2269911766052246,-0.14111237227916718,-0.3950278162956238,-0.6264761686325073,0.0,-0.08587880432605743,-0.08587880432605743
416,13.866666666666667,24,0,0,,4,uneven rough,8,0.0,73.14496612548828,37.84212875366211,0.29727625846862793,1.6978241205215454,-0.26231056451797485,1.6978241205215454,-0.26231056451797485,6.586376190185547,0.8480846881866455,0.49921298027038574,-0.1925090253353119,0.10525514930486679,0.8489120602607727,-0.13115528225898743,-0.45385316014289856,0.7527680993080139,-0.12535032629966736,0.1334424465894699,0.2259770929813385,-0.0987045094370842,-0.3176971971988678,-0.3176971971988678,-0.09177567064762115,-1.9678646326065063,0.1523551493883133,0.0,-0.22592152655124664,-0.22592152655124664,0.37638404965400696,0.37638404965400696,0.2805819511413574,1.8134973049163818,0.4621109366416931,0.0,0.09580209851264954,0.09580209851264954,-0.06267516314983368,-0.06267516314983368,-0.0192762091755867,-1.3067928552627563,0.551371157169342,0.0,-0.04339895397424698,-0.04339895397424698,0.0934097096323967,0.0934097096323967,0.011014066636562347,1.850420355796814,1.1946208477020264,0.0,0.08239564299583435,0.08239564299583435,0.11298854649066925,0.11298854649066925,0.13210532069206238,-1.6096669435501099,-1.0064222812652588,0.0,-0.019116774201393127,-0.019116774201393127,-0.0493522547185421,-0.0493522547185421,0.06273116916418076,-1.731623649597168,1.2709828615188599,0.0,-0.11208342388272285,-0.11208342388272285
417,13.9,4,0,0,,4,uneven rough,5,0.0,50.265647888183594,33.34148025512695,0.2791403532028198,1.5264370441436768,-1.243863821029663,1.5264370441436768,-1.243863821029663,2.211838722229004,4.1094255447387695,0.3333333432674408,0.5622550845146179,0.11357291042804718,0.7632185220718384,-0.6219319105148315,0.23167787492275238,-0.16493667662143707,0.9076864123344421,0.2995109558105469,0.16365280747413635,-0.1493474692106247,0.1621745079755783,0.1621745079755783,0.3078766465187073,-1.9568417072296143,1.5467033386230469,0.0,-0.14570213854312897,-0.14570213854312897,-0.26389870047569275,-0.26389870047569275,0.021488908678293228,-1.4881452322006226,-1.2888476848602295,0.0,-0.285387609153986,-0.285387609153986,0.45384320616722107,0.45384320616722107,0.12694086134433746,1.763604998588562,-1.1656246185302734,0.0,0.3269023448228836,0.3269023448228836,0.2096576690673828,0.2096576690673828,0.18162225186824799,1.9729169607162476,-1.7753804922103882,0.0,0.028035417199134827,0.028035417199134827,0.08182640373706818,0.08182640373706818,0.06902125477790833,0.4823957681655884,-0.5841349959373474,0.0,0.012805148959159851,0.012805148959159851,-0.07467373460531235,-0.07467373460531235,-0.06265879422426224,0.8876587748527527,-1.5223829746246338,0.0,-0.01201494038105011,-0.01201494038105011
417,13.9,14,0,0,,4,uneven rough,5,0.0,50.36491394042969,34.607421875,0.33187055587768555,1.07039213180542,0.8687330484390259,1.07039213180542,0.8687330484390259,2.6307666301727295,1.2557587623596191,0.5,-0.1959381401538849,0.18966814875602722,0.53519606590271,0.43436652421951294,0.4487206041812897,0.230220764875412,-0.09909725189208984,0.37742602825164795,0.3245423436164856,0.2171296626329422,0.3141044080257416,0.3141044080257416,0.3145524859428406,0.44196125864982605,0.9800644516944885,0.0,-0.000448077917098999,-0.000448077917098999,0.115110382437706,0.115110382437706,0.09837769716978073,0.6611785888671875,-0.010759945027530193,0.0,0.016732685267925262,0.016732685267925262,-0.04954862594604492,-0.04954862594604492,0.08583968877792358,-0.13302695751190186,0.40950700640678406,0.0,-0.1353883147239685,-0.1353883147239685,0.2641982138156891,0.2641982138156891,0.23769089579582214,1.8989934921264648,0.5028048157691956,0.0,0.026507318019866943,0.026507318019866943,0.1622711718082428,0.1622711718082428,0.16984258592128754,0.872061550617218,1.2602252960205078,0.0,-0.007571414113044739,-0.007571414113044739,0.1085648313164711,0.1085648313164711,-0.08630841970443726,1.9764963388442993,-0.4956148564815521,0.0,0.19487325102090836,0.19487325102090836
417,13.9,24,0,0,,4,uneven rough,8,0.0,73.1931381225586,37.869224548339844,0.29415032267570496,1.6860822439193726,-0.2771367132663727,1.6860822439193726,-0.2771367132663727,7.768954277038574,1.3977912664413452,0.3333333432674408,-0.027662336826324463,0.03512835130095482,0.8430411219596863,-0.13856835663318634,-0.16282756626605988,0.4670298993587494,-0.18497809767723083,-0.45896464586257935,0.5138864517211914,-0.39199650287628174,-0.1139792948961258,-0.1139792948961258,-0.10063226521015167,-0.18044158816337585,-1.046420931816101,0.0,-0.013347029685974121,-0.013347029685974121,0.2335149496793747,0.2335149496793747,0.26722246408462524,-1.999517560005188,1.2261872291564941,0.0,-0.03370751440525055,-0.03370751440525055,-0.09248904883861542,-0.09248904883861542,-0.07844265550374985,-1.3588505983352661,-0.49923810362815857,0.0,-0.01404639333486557,-0.01404639333486557,-0.3212752342224121,-0.3212752342224121,-0.0360586978495121,-1.695670247077942,1.56541109085083,0.0,-0.2852165363729,-0.2852165363729,0.2569432258605957,0.2569432258605957,0.16519621014595032,1.9883860349655151,-1.3474979400634766,0.0,0.09174701571464539,0.09174701571464539,-0.19599825143814087,-0.19599825143814087,-0.006140159908682108,-2.0,-0.4266962707042694,0.0,-0.18985809152945876,-0.18985809152945876
418,13.933333333333334,4,0,0,,4,uneven rough,5,0.0,50.26781463623047,33.292327880859375,0.2768957018852234,0.5556360483169556,0.4071041941642761,0.5556360483169556,0.4071041941642761,3.080328941345215,0.16673247516155243,0.1666666716337204,0.6500780582427979,0.059827160090208054,0.2778180241584778,0.20355209708213806,0.6840338706970215,0.3948444426059723,0.12364882230758667,0.5243889093399048,-0.14111588895320892,0.23648056387901306,0.4788236916065216,0.4788236916065216,0.33299946784973145,1.959256649017334,-0.43420732021331787,0.0,0.14582422375679016,0.14582422375679016,0.19742222130298615,0.19742222130298615,0.07051637023687363,2.0000007152557373,-1.4015308618545532,0.0,0.12690585106611252,0.12690585106611252,0.061824411153793335,0.061824411153793335,0.08012035489082336,-1.9747838973999023,0.49056702852249146,0.0,-0.01829594373703003,-0.01829594373703003,0.3670722246170044,0.3670722246170044,0.2404838502407074,1.999245047569275,0.34391361474990845,0.0,0.126588374376297,0.126588374376297,-0.22578541934490204,-0.22578541934490204,0.04433593153953552,-1.7882802486419678,0.018883412703871727,0.0,-0.27012135088443756,-0.27012135088443756,0.11824028193950653,0.11824028193950653,-0.004640196915715933,2.0000009536743164,-0.15974104404449463,0.0,0.12288047885522246,0.12288047885522246
418,13.933333333333334,14,0,0,,4,uneven rough,5,0.0,50.370521545410156,34.57503890991211,0.33426493406295776,0.9714085459709167,0.6962634921073914,0.9714085459709167,0.6962634921073914,2.3746652603149414,3.3333334922790527,0.1666666716337204,-0.027966123074293137,0.2628273367881775,0.4857042729854584,0.3481317460536957,-0.00799634400755167,0.4002980589866638,0.3306560516357422,0.5345916152000427,0.16436007618904114,-0.07376391440629959,-0.005597440525889397,-0.005597440525889397,0.2639542520046234,-1.48769211769104,0.6758199334144592,0.0,-0.2695516925305128,-0.2695516925305128,0.2001490294933319,0.2001490294933319,0.13222497701644897,1.7096232175827026,0.36915531754493713,0.0,0.06792405247688293,0.06792405247688293,0.1653280258178711,0.1653280258178711,0.1347981095314026,0.46201130747795105,0.10275732725858688,0.0,0.030529916286468506,0.030529916286468506,0.3742141127586365,0.3742141127586365,0.30827927589416504,2.0042765140533447,1.2922123670578003,0.0,0.06593483686447144,0.06593483686447144,0.08218003809452057,0.08218003809452057,0.14065784215927124,-0.7873919606208801,1.0407568216323853,0.0,-0.05847780406475067,-0.05847780406475067,-0.036881957203149796,-0.036881957203149796,-0.07502827793359756,-0.331480473279953,0.9021212458610535,0.0,0.03814632073044777,0.03814632073044777
418,13.933333333333334,24,0,0,,4,uneven rough,8,0.0,73.24163818359375,37.88564682006836,0.28854453563690186,1.6544467210769653,0.3385445475578308,1.6544467210769653,0.3385445475578308,8.542807579040527,0.0,0.0,0.17246900498867035,0.10219846665859222,0.8272233605384827,0.1692722737789154,0.38402000069618225,0.5066784620285034,0.3324982821941376,-0.41365575790405273,0.28520089387893677,-0.3793186843395233,0.26881399750709534,0.26881399750709534,-0.038095276802778244,1.8454021215438843,-0.5567946434020996,0.0,0.3069092743098736,0.3069092743098736,0.2533392310142517,0.2533392310142517,0.23151655495166779,-0.11563459038734436,-0.5976320505142212,0.0,0.021822676062583923,0.021822676062583923,0.1662491410970688,0.1662491410970688,-0.034812793135643005,0.7008135914802551,-0.9852645397186279,0.0,0.2010619342327118,0.2010619342327118,-0.2895590364933014,-0.2895590364933014,-0.09865987300872803,-1.6017909049987793,-0.2784101366996765,0.0,-0.19089916348457336,-0.19089916348457336,0.14260044693946838,0.14260044693946838,0.16444003582000732,-0.2598351240158081,0.5386168360710144,0.0,-0.02183958888053894,-0.02183958888053894,-0.18965934216976166,-0.18965934216976166,-0.004784157034009695,0.5276347994804382,-1.3162450790405273,0.0,-0.18487518513575196,-0.18487518513575196
419,13.966666666666667,4,0,0,,4,uneven rough,5,0.0,50.27109146118164,33.24323654174805,0.2680419981479645,1.1007288694381714,0.22536559402942657,1.1007288694381714,0.22536559402942657,5.6643571853637695,0.0,0.0,0.6324507594108582,0.315248042345047,0.5503644347190857,0.11268279701471329,-0.5972440838813782,0.3924596905708313,0.7368707656860352,0.6830521821975708,0.05728215351700783,0.07861734926700592,-0.41807085275650024,-0.41807085275650024,0.3101583421230316,-1.7797174453735352,0.9190614819526672,0.0,-0.7282291948795319,-0.7282291948795319,0.19622984528541565,0.19622984528541565,0.13871519267559052,1.9112805128097534,0.5217012166976929,0.0,0.057514652609825134,0.057514652609825134,0.3684353828430176,0.3684353828430176,0.12821651995182037,1.0493571758270264,-0.9033467769622803,0.0,0.2402188628911972,0.2402188628911972,0.47813650965690613,0.47813650965690613,0.3124999701976776,1.9829051494598389,1.2798409461975098,0.0,0.16563653945922852,0.16563653945922852,0.028641076758503914,0.028641076758503914,0.025960037484765053,0.2133980393409729,-1.0028901100158691,0.0,0.002681039273738861,0.002681039273738861,0.03930867463350296,0.03930867463350296,0.05506736785173416,1.1611977815628052,1.0613809823989868,0.0,-0.0157586932182312,-0.0157586932182312
419,13.966666666666667,14,0,0,,4,uneven rough,5,0.0,50.391571044921875,34.545433044433594,0.3444701135158539,0.9501800537109375,1.0573443174362183,0.9501800537109375,1.0573443174362183,5.828606605529785,3.9957990646362305,0.3333333432674408,0.13999241590499878,0.1196969673037529,0.47509002685546875,0.5286721587181091,0.1212182566523552,0.408753365278244,-0.06845206022262573,0.2427360862493515,0.01736419089138508,-0.04171021655201912,0.08485277742147446,0.08485277742147446,0.19665686786174774,-1.8075822591781616,-0.5474336743354797,0.0,-0.11180409044027328,-0.11180409044027328,0.204376682639122,0.204376682639122,0.16705626249313354,0.2501678168773651,1.1270582675933838,0.0,0.037320420145988464,0.037320420145988464,-0.034226030111312866,-0.034226030111312866,0.10508456826210022,-0.7280495762825012,0.3058801591396332,0.0,-0.13931059837341309,-0.13931059837341309,0.16991525888442993,0.16991525888442993,0.29517802596092224,-1.7223891019821167,1.694814682006836,0.0,-0.1252627670764923,-0.1252627670764923,0.00868209544569254,0.00868209544569254,0.0826370045542717,-1.4641824960708618,0.00711821299046278,0.0,-0.07395490910857916,-0.07395490910857916,-0.02085510827600956,-0.02085510827600956,-0.08891701698303223,-0.5725775361061096,0.20464062690734863,0.0,0.06806190870702267,0.06806190870702267
419,13.966666666666667,24,0,0,,4,uneven rough,8,0.0,73.29315948486328,37.90132141113281,0.2900165021419525,1.8389898538589478,-0.7259035110473633,1.8389898538589478,-0.7259035110473633,10.077547073364258,3.821475028991699,0.3333333432674408,0.39882540702819824,0.059546299278736115,0.9194949269294739,-0.36295175552368164,0.09847220778465271,0.43340545892715454,-0.10414959490299225,-0.12620460987091064,0.6344280242919922,-0.2810259461402893,0.06893054395914078,0.06893054395914078,0.02578483708202839,1.7859407663345337,0.8014116883277893,0.0,0.04314570687711239,0.04314570687711239,0.21670272946357727,0.21670272946357727,0.2557274401187897,0.022698834538459778,-0.3251098394393921,0.0,-0.0390247106552124,-0.0390247106552124,-0.052074797451496124,-0.052074797451496124,-0.03195317089557648,-0.17597362399101257,-0.031952932476997375,0.0,-0.020121626555919647,-0.020121626555919647,-0.08834322541952133,-0.08834322541952133,-0.11111650615930557,0.48206770420074463,-1.0266519784927368,0.0,0.02277328073978424,0.02277328073978424,0.3172140121459961,0.3172140121459961,0.20288050174713135,0.2922816574573517,0.08717066049575806,0.0,0.11433351039886475,0.11433351039886475,-0.14051297307014465,-0.14051297307014465,-0.04675536975264549,-1.1274741888046265,-0.2737120985984802,0.0,-0.09375760331749916,-0.09375760331749916
420,14.0,4,0,0,,4,uneven rough,5,0.0,50.28741455078125,33.19538879394531,0.2536538243293762,1.1734004020690918,1.2097561359405518,1.1734004020690918,1.2097561359405518,5.0030837059021,2.4965758323669434,0.3333333432674408,0.39123696088790894,0.149931862950325,0.5867002010345459,0.6048780679702759,-0.13592760264873505,0.44705215096473694,-0.12602487206459045,0.4168040156364441,0.44631442427635193,0.03584429994225502,-0.09514932334423065,-0.09514932334423065,0.25071388483047485,-1.2597323656082153,-0.6068329811096191,0.0,-0.3458632081747055,-0.3458632081747055,0.22352607548236847,0.22352607548236847,0.19900266826152802,1.6603879928588867,1.3073718547821045,0.0,0.024523407220840454,0.024523407220840454,-0.06301243603229523,-0.06301243603229523,0.10012421011924744,1.2411085367202759,0.2007155567407608,0.0,-0.16313664615154266,-0.16313664615154266,0.2917627990245819,0.2917627990245819,0.33736473321914673,-0.5143647193908691,1.6773546934127808,0.0,-0.04560193419456482,-0.04560193419456482,0.22315721213817596,0.22315721213817596,0.08261923491954803,1.8704159259796143,-0.3151986300945282,0.0,0.14053797721862793,0.14053797721862793,0.01792214997112751,0.01792214997112751,0.024708567187190056,-0.8265281319618225,1.1178175210952759,0.0,-0.006786417216062546,-0.006786417216062546
420,14.0,14,0,0,,4,uneven rough,5,0.0,50.408145904541016,34.51251220703125,0.35117197036743164,1.6474767923355103,-0.10424236208200455,1.6474767923355103,-0.10424236208200455,6.470744609832764,4.14089298248291,0.5,0.5840602517127991,0.18436187505722046,0.8237383961677551,-0.052121181041002274,0.6639318466186523,0.3002355694770813,0.451897531747818,-0.026115110144019127,-0.06373490393161774,-0.45874160528182983,0.46475228667259216,0.46475228667259216,0.23884588479995728,1.983216643333435,-1.2599239349365234,0.0,0.2259064018726349,0.2259064018726349,0.15011778473854065,0.15011778473854065,0.1237659752368927,-0.34276676177978516,0.6312628388404846,0.0,0.02635180950164795,0.02635180950164795,0.225948765873909,0.225948765873909,0.1270567625761032,0.7299529314041138,-0.27870556712150574,0.0,0.09889200329780579,0.09889200329780579,-0.018280576914548874,-0.018280576914548874,0.22427332401275635,-1.8520265817642212,-0.23727844655513763,0.0,-0.24255390092730522,-0.24255390092730522,-0.10197585076093674,-0.10197585076093674,0.0390813946723938,-0.20240792632102966,-0.8247578740119934,0.0,-0.14105724543333054,-0.14105724543333054,-0.22937080264091492,-0.22937080264091492,-0.10962263494729996,-0.236876979470253,-0.23479992151260376,0.0,-0.11974816769361496,-0.11974816769361496
420,14.0,24,0,0,,4,uneven rough,8,0.0,73.34195709228516,37.92270278930664,0.30259397625923157,1.751538634300232,0.20461846888065338,1.751538634300232,0.20461846888065338,8.785873413085938,5.213592529296875,0.3333333432674408,0.5029393434524536,0.17888623476028442,0.875769317150116,0.10230923444032669,-0.42169007658958435,0.5523611307144165,-0.3784142732620239,-0.11162527650594711,0.3708308935165405,0.050613678991794586,-0.29518306255340576,-0.29518306255340576,-0.016729392111301422,-1.1261836290359497,1.358066201210022,0.0,-0.27845367044210434,-0.27845367044210434,0.27618056535720825,0.27618056535720825,0.2813279926776886,0.3649153411388397,-0.1284581869840622,0.0,-0.005147427320480347,-0.005147427320480347,-0.18920713663101196,-0.18920713663101196,-0.06022673100233078,-0.9526910185813904,-0.113382488489151,0.0,-0.12898040562868118,-0.12898040562868118,-0.07813769578933716,-0.07813769578933716,-0.0523734912276268,0.6630216836929321,-0.17361918091773987,0.0,-0.025764204561710358,-0.025764204561710358,0.18541544675827026,0.18541544675827026,0.19430555403232574,-0.8949747085571289,0.20314078032970428,0.0,-0.008890107274055481,-0.008890107274055481,0.025306839495897293,0.025306839495897293,-0.008784283883869648,1.899734616279602,-0.7564306855201721,0.0,0.03409112337976694,0.03409112337976694
421,14.033333333333333,4,0,0,,4,uneven rough,5,0.0,50.30023193359375,33.147247314453125,0.24563822150230408,1.0829405784606934,0.8448854684829712,1.0829405784606934,0.8448854684829712,4.778024196624756,1.9840344190597534,0.5,0.1957947462797165,0.17251762747764587,0.5414702892303467,0.4224427342414856,0.6893934011459351,0.00314941699616611,-0.23311671614646912,0.10699782520532608,-4.311650991439819e-05,-0.1689104586839676,0.482575386762619,0.482575386762619,0.30439844727516174,1.7972302436828613,-0.9759834408760071,0.0,0.17817693948745728,0.17817693948745728,0.001574708498083055,0.001574708498083055,0.13691948354244232,-1.6068804264068604,1.5069677829742432,0.0,-0.13534477504435927,-0.13534477504435927,-0.11655835807323456,-0.11655835807323456,0.09613052755594254,-0.06231437996029854,0.7889556288719177,0.0,-0.2126888856291771,-0.2126888856291771,0.07489847391843796,0.07489847391843796,0.2796323001384735,-1.3629624843597412,0.43815261125564575,0.0,-0.20473382622003555,-0.20473382622003555,-6.898641731822863e-05,-6.898641731822863e-05,0.010222828015685081,-1.6040953397750854,0.9205517768859863,0.0,-0.01029181443300331,-0.01029181443300331,-0.0844552293419838,-0.0844552293419838,-0.020881257951259613,-1.4915189743041992,0.018481001257896423,0.0,-0.06357397139072418,-0.06357397139072418
421,14.033333333333333,14,0,0,,4,uneven rough,5,0.0,50.42507553100586,34.475311279296875,0.3456745147705078,0.9844350814819336,-0.9390518665313721,0.9844350814819336,-0.9390518665313721,1.7207577228546143,4.224822998046875,0.3333333432674408,0.5640844106674194,0.03737026825547218,0.4922175407409668,-0.46952593326568604,0.3954221308231354,0.17670735716819763,0.7196511030197144,0.10072187334299088,0.4114750623703003,-0.4560742676258087,0.27679547667503357,0.27679547667503357,0.2973010241985321,1.1638303995132446,0.5737535357475281,0.0,-0.020505547523498535,-0.020505547523498535,0.08835367858409882,0.08835367858409882,0.08819441497325897,-1.9364773035049438,0.08054475486278534,0.0,0.00015926361083984375,0.00015926361083984375,0.3598255515098572,0.3598255515098572,0.15344460308551788,0.3359611928462982,0.2915917634963989,0.0,0.2063809484243393,0.2063809484243393,0.07050531357526779,0.07050531357526779,0.16085754334926605,-1.8950353860855103,-1.1502599716186523,0.0,-0.09035222977399826,-0.09035222977399826,0.20573753118515015,0.20573753118515015,0.1021324172616005,2.0003581047058105,-0.472880095243454,0.0,0.10360511392354965,0.10360511392354965,-0.22803713381290436,-0.22803713381290436,-0.14563888311386108,-0.7022773027420044,-0.2359742969274521,0.0,-0.08239825069904327,-0.08239825069904327
421,14.033333333333333,24,0,0,,4,uneven rough,8,0.0,73.38963317871094,37.94306182861328,0.30696266889572144,1.8696130514144897,0.20413899421691895,1.8696130514144897,0.20413899421691895,9.66887092590332,3.3333334922790527,0.1666666716337204,0.7900640964508057,0.26898178458213806,0.9348065257072449,0.10206949710845947,0.1063559427857399,0.4162198007106781,-0.47246649861335754,-0.4717823266983032,0.5328025817871094,-0.37600114941596985,0.07444915920495987,0.07444915920495987,0.043257106095552444,1.9394378662109375,-0.04653312265872955,0.0,0.031192053109407425,0.031192053109407425,0.20810990035533905,0.20810990035533905,0.251684308052063,-1.073146104812622,0.15049609541893005,0.0,-0.04357440769672394,-0.04357440769672394,-0.23623324930667877,-0.23623324930667877,-0.09825696051120758,0.33892104029655457,-0.5879290103912354,0.0,-0.1379762887954712,-0.1379762887954712,-0.3302476108074188,-0.3302476108074188,-0.10848360508680344,-1.8199676275253296,0.2994190752506256,0.0,-0.2217640057206154,-0.2217640057206154,0.2664012908935547,0.2664012908935547,0.20218230783939362,1.6920605897903442,-0.4177356958389282,0.0,0.06421898305416107,0.06421898305416107,-0.18800057470798492,-0.18800057470798492,-0.04953635111451149,-1.8236831426620483,0.7453699111938477,0.0,-0.13846422359347343,-0.13846422359347343
422,14.066666666666666,4,0,0,,4,uneven rough,5,0.0,50.31725311279297,33.09865951538086,0.2413545846939087,1.2875443696975708,-0.681049108505249,1.2875443696975708,-0.681049108505249,1.6106758117675781,7.434103012084961,0.5943998694419861,0.169683575630188,0.18725207448005676,0.6437721848487854,-0.3405245542526245,0.11897671222686768,-0.03179693594574928,0.3444853127002716,0.08766453713178635,-0.1998499184846878,-0.4476121962070465,0.08328370004892349,0.08328370004892349,0.28039199113845825,-1.7857449054718018,0.5919965505599976,0.0,-0.19710829108953476,-0.19710829108953476,-0.05087509751319885,-0.05087509751319885,0.07597029954195023,-1.3495744466781616,-0.25360754132270813,0.0,-0.12684539705514908,-0.12684539705514908,0.1722426563501358,0.1722426563501358,0.11960763484239578,1.131088376045227,0.3076460361480713,0.0,0.05263502150774002,0.05263502150774002,0.06136517599225044,0.06136517599225044,0.25492608547210693,-0.32262665033340454,-0.5802010893821716,0.0,-0.1935609094798565,-0.1935609094798565,-0.31975987553596497,-0.31975987553596497,-0.037937335669994354,-0.7947076559066772,-0.506888210773468,0.0,-0.2818225398659706,-0.2818225398659706,-0.22380609810352325,-0.22380609810352325,-0.04391283169388771,0.49828338623046875,-0.8352757096290588,0.0,-0.17989326640963554,-0.17989326640963554
422,14.066666666666666,14,0,0,,4,uneven rough,5,0.0,50.437255859375,34.43544006347656,0.33929961919784546,0.9578192234039307,-0.18063649535179138,0.9578192234039307,-0.18063649535179138,1.3033719062805176,3.3428831100463867,0.3333333432674408,0.7991324663162231,0.09529739618301392,0.47890961170196533,-0.09031824767589569,0.7702832221984863,0.17871548235416412,0.6592699289321899,0.2075406014919281,0.449305921792984,-0.22693181037902832,0.5391982197761536,0.5391982197761536,0.3539581894874573,1.1891751289367676,0.9073840379714966,0.0,0.1852400302886963,0.1852400302886963,0.08935774117708206,0.08935774117708206,0.08284992724657059,0.19309961795806885,-1.0598831176757812,0.0,0.006507813930511475,0.006507813930511475,0.32963496446609497,0.32963496446609497,0.20968763530254364,1.4300100803375244,0.31667831540107727,0.0,0.11994732916355133,0.11994732916355133,0.1452784240245819,0.1452784240245819,0.11232873797416687,-0.6677752733230591,-1.5713573694229126,0.0,0.03294968605041504,0.03294968605041504,0.224652960896492,0.224652960896492,0.177408829331398,1.9509278535842896,0.9254932403564453,0.0,0.047244131565093994,0.047244131565093994,-0.11346590518951416,-0.11346590518951416,-0.10314154624938965,1.6434931755065918,-0.4996228516101837,0.0,-0.010324358940124512,-0.010324358940124512
422,14.066666666666666,24,0,0,,4,uneven rough,8,0.0,73.43756103515625,37.95802688598633,0.31152403354644775,1.9070945978164673,0.645952582359314,1.9070945978164673,0.645952582359314,9.041613578796387,1.5212602615356445,0.3333333432674408,0.21070653200149536,0.09448492527008057,0.9535472989082336,0.322976291179657,0.12014801055192947,0.2223842740058899,0.09831853210926056,-0.15718317031860352,0.16759726405143738,-0.1431521326303482,0.08410360664129257,0.08410360664129257,0.07972870022058487,0.11860016733407974,1.0763384103775024,0.0,0.004374906420707703,0.004374906420707703,0.11119213700294495,0.11119213700294495,0.18507717549800873,-2.0000016689300537,-0.5413534045219421,0.0,-0.07388503849506378,-0.07388503849506378,0.04915926605463028,0.04915926605463028,-0.03237685188651085,1.89338219165802,-0.06388632953166962,0.0,0.08153611794114113,0.08153611794114113,-0.1100282147526741,-0.1100282147526741,-0.12461750209331512,0.9205675721168518,-0.89888596534729,0.0,0.014589287340641022,0.014589287340641022,0.08379863202571869,0.08379863202571869,0.15038810670375824,-1.7699966430664062,0.7751469016075134,0.0,-0.06658947467803955,-0.06658947467803955,-0.0715760663151741,-0.0715760663151741,-0.059456128627061844,1.9943856000900269,-0.7071772813796997,0.0,-0.012119937688112259,-0.012119937688112259
423,14.1,4,0,0,,4,uneven rough,5,0.0,50.33439254760742,33.0444450378418,0.23498815298080444,1.0871855020523071,-0.4592830538749695,1.0871855020523071,-0.4592830538749695,3.8706650733947754,2.291092872619629,0.3333333432674408,0.08431931585073471,0.17666535079479218,0.5435927510261536,-0.22964152693748474,0.5854098796844482,0.06316863000392914,0.2507326900959015,0.028862489387392998,0.20005843043327332,-0.2852392792701721,0.4097869098186493,0.4097869098186493,0.3294350504875183,1.8794478178024292,-0.7523826956748962,0.0,0.08035185933113098,0.08035185933113098,0.03158431500196457,0.03158431500196457,0.07178311049938202,0.2083154022693634,-0.8732692003250122,0.0,-0.04019879549741745,-0.04019879549741745,0.12536634504795074,0.12536634504795074,0.13420121371746063,0.2547050416469574,0.7732217907905579,0.0,-0.008834868669509888,-0.008834868669509888,0.020203743129968643,0.020203743129968643,0.18478544056415558,-2.0011847019195557,-0.43456804752349854,0.0,-0.16458169743418694,-0.16458169743418694,0.10002921521663666,0.10002921521663666,0.009435625746846199,1.2855879068374634,-0.6696218252182007,0.0,0.09059358946979046,0.09059358946979046,-0.14261963963508606,-0.14261963963508606,-0.07485004514455795,-0.825150728225708,-0.08127901703119278,0.0,-0.0677695944905281,-0.0677695944905281
423,14.1,14,0,0,,4,uneven rough,5,0.0,50.4409065246582,34.39458465576172,0.33593320846557617,0.7182624936103821,-0.6776220202445984,0.7182624936103821,-0.6776220202445984,1.2834510803222656,2.068404197692871,0.3333333432674408,0.6774913668632507,0.093187615275383,0.35913124680519104,-0.3388110101222992,0.599237322807312,0.5071305632591248,0.025083856657147408,0.5608421564102173,0.7003026604652405,-0.02226298488676548,0.419466108083725,0.419466108083725,0.39658114314079285,1.9819467067718506,1.066709280014038,0.0,0.02288496494293213,0.02288496494293213,0.2535652816295624,0.2535652816295624,0.1467352658510208,1.5808056592941284,-0.35144442319869995,0.0,0.10683001577854156,0.10683001577854156,0.012541928328573704,0.012541928328573704,0.1518854945898056,-1.6673284769058228,0.9461581110954285,0.0,-0.1393435662612319,-0.1393435662612319,0.3925895094871521,0.3925895094871521,0.16196021437644958,1.4490777254104614,-1.060470461845398,0.0,0.23062929511070251,0.23062929511070251,0.35015133023262024,0.35015133023262024,0.24529950320720673,1.9998189210891724,1.505275845527649,0.0,0.10485182702541351,0.10485182702541351,-0.01113149244338274,-0.01113149244338274,-0.06086898595094681,0.3118382692337036,0.7120987772941589,0.0,0.04973749350756407,0.04973749350756407
423,14.1,24,0,0,,4,uneven rough,8,0.0,73.48501586914062,37.97706985473633,0.3144412636756897,1.8982744216918945,-1.015939474105835,1.8982744216918945,-1.015939474105835,9.275985717773438,0.05631446838378906,0.1666666716337204,0.4692312180995941,0.1735113114118576,0.9491372108459473,-0.5079697370529175,-0.2698371410369873,0.3741486072540283,0.010081135667860508,0.08222027868032455,0.2334601879119873,-0.05394834652543068,-0.18888600170612335,-0.18888600170612335,0.014295621775090694,-1.987894058227539,0.5348315238952637,0.0,-0.20318162348121405,-0.20318162348121405,0.18707430362701416,0.18707430362701416,0.17351365089416504,0.1768518090248108,-1.3660757541656494,0.0,0.013560652732849121,0.013560652732849121,0.005040567833930254,0.005040567833930254,0.0024368197191506624,0.0253140851855278,1.0427567958831787,0.0,0.0026037481147795916,0.0026037481147795916,0.05755419284105301,0.05755419284105301,-0.056828372180461884,1.823289394378662,0.1298363208770752,0.0,0.11438256502151489,0.11438256502151489,0.11673009395599365,0.11673009395599365,0.12957361340522766,-0.21761712431907654,-0.6638818383216858,0.0,-0.012843519449234009,-0.012843519449234009,-0.02697417326271534,-0.02697417326271534,-0.011037565767765045,1.1799492835998535,0.8202912211418152,0.0,-0.015936607494950294,-0.015936607494950294
424,14.133333333333333,4,0,0,,4,uneven rough,5,0.0,50.352359771728516,32.993873596191406,0.24238206446170807,1.151500940322876,0.32028424739837646,1.151500940322876,0.32028424739837646,3.4577341079711914,1.8952207565307617,0.3333333432674408,-0.10787256807088852,0.1941508948802948,0.575750470161438,0.16014212369918823,0.24209097027778625,0.2946532368659973,-0.07062781602144241,0.16573616862297058,0.14777736365795135,-0.004781615920364857,0.16946367919445038,0.16946367919445038,0.29341039061546326,-1.705994725227356,0.7356590032577515,0.0,-0.12394671142101288,-0.12394671142101288,0.14732661843299866,0.14732661843299866,0.13759349286556244,2.0122599601745605,-0.2617393136024475,0.0,0.009733125567436218,0.009733125567436218,-0.03531390801072121,-0.03531390801072121,0.07334218919277191,-2.0113637447357178,0.4800514876842499,0.0,-0.10865609720349312,-0.10865609720349312,0.11601531505584717,0.11601531505584717,0.15964661538600922,-1.2661970853805542,-1.320335865020752,0.0,-0.04363130033016205,-0.04363130033016205,0.07388868182897568,0.07388868182897568,0.041900742799043655,0.8312965035438538,0.43585723638534546,0.0,0.03198793902993202,0.03198793902993202,-0.0023908079601824284,-0.0023908079601824284,-0.030898641794919968,1.9037714004516602,-0.5018654465675354,0.0,0.02850783383473754,0.02850783383473754
424,14.133333333333333,14,0,0,,4,uneven rough,5,0.0,50.44285583496094,34.36064529418945,0.3270453214645386,1.356860637664795,0.46729347109794617,1.356860637664795,0.46729347109794617,6.455373764038086,1.125656008720398,0.1666666716337204,0.7957848310470581,0.172737717628479,0.6784303188323975,0.23364673554897308,0.088789202272892,-0.01823377050459385,0.4119870364665985,0.7870516180992126,0.48223257064819336,-0.07256992906332016,0.0621524415910244,0.0621524415910244,0.3701731264591217,-0.9655394554138184,1.5841861963272095,0.0,-0.3080206848680973,-0.3080206848680973,-0.02917403355240822,-0.02917403355240822,0.09390629827976227,-0.2222282439470291,0.7410532236099243,0.0,-0.12308033183217049,-0.12308033183217049,0.20599351823329926,0.20599351823329926,0.16560378670692444,0.5453535318374634,-0.5315119028091431,0.0,0.04038973152637482,0.04038973152637482,0.5509361028671265,0.5509361028671265,0.22910723090171814,1.8558281660079956,0.3584325909614563,0.0,0.3218288719654083,0.3218288719654083,0.24111628532409668,0.24111628532409668,0.22606593370437622,-1.2611030340194702,1.7848913669586182,0.0,0.015050351619720459,0.015050351619720459,-0.03628496453166008,-0.03628496453166008,-0.02152353711426258,-0.6510962247848511,0.48579075932502747,0.0,-0.014761427417397499,-0.014761427417397499
424,14.133333333333333,24,0,0,,4,uneven rough,8,0.0,73.53266143798828,37.99625778198242,0.3071247935295105,1.665465235710144,0.06198994815349579,1.665465235710144,0.06198994815349579,8.09589958190918,0.15527279675006866,0.1666666716337204,0.26087918877601624,0.1709890365600586,0.832732617855072,0.030994974076747894,-0.04008134827017784,0.24187634885311127,-0.2610907256603241,-0.026262495666742325,0.4584291875362396,0.1217210441827774,-0.02805694378912449,-0.02805694378912449,-0.03748070448637009,0.8620592355728149,-0.8915220499038696,0.0,0.009423760697245598,0.009423760697245598,0.12093817442655563,0.12093817442655563,0.16725227236747742,0.8562034368515015,-0.4937017560005188,0.0,-0.04631409794092178,-0.04631409794092178,-0.13054536283016205,-0.13054536283016205,-0.051048699766397476,-2.0002260208129883,0.46749284863471985,0.0,-0.07949666306376457,-0.07949666306376457,-0.018383746966719627,-0.018383746966719627,-0.013587772846221924,-0.6689727902412415,1.087317705154419,0.0,-0.0047959741204977036,-0.0047959741204977036,0.2292145937681198,0.2292145937681198,0.17317456007003784,0.446113258600235,-0.411562979221344,0.0,0.05604003369808197,0.05604003369808197,0.0608605220913887,0.0608605220913887,0.04723647981882095,0.8908132314682007,1.0236425399780273,0.0,0.013624042272567749,0.013624042272567749
425,14.166666666666666,4,0,0,,4,uneven rough,5,0.0,50.36626434326172,32.9435920715332,0.23930494487285614,1.2930827140808105,0.28644198179244995,1.2930827140808105,0.28644198179244995,6.546448707580566,0.801814079284668,0.1666666716337204,-0.1701153814792633,0.28738272190093994,0.6465413570404053,0.14322099089622498,0.7928338646888733,-0.16948938369750977,-0.1586008369922638,0.11041658371686935,0.5348422527313232,-0.32962772250175476,0.5549836754798889,0.5549836754798889,0.334533154964447,1.683362603187561,-0.6448563933372498,0.0,0.2204505205154419,0.2204505205154419,-0.2711830139160156,-0.2711830139160156,0.1361122876405716,0.30834415555000305,1.0239839553833008,0.0,-0.4072953015565872,-0.4072953015565872,-0.0793004184961319,-0.0793004184961319,0.0116164181381464,-2.009342670440674,-0.9285991191864014,0.0,-0.0909168366342783,-0.0909168366342783,0.07729160785675049,0.07729160785675049,0.08947829157114029,-1.9234596490859985,-1.289725661277771,0.0,-0.012186683714389801,-0.012186683714389801,0.2674211263656616,0.2674211263656616,0.07081874459981918,0.7446635961532593,0.6594393253326416,0.0,0.19660238176584244,0.19660238176584244,-0.16481386125087738,-0.16481386125087738,-0.07167652249336243,-2.0014240741729736,0.8582859635353088,0.0,-0.09313733875751495,-0.09313733875751495
425,14.166666666666666,14,0,0,,4,uneven rough,5,0.0,50.448028564453125,34.32827377319336,0.33466485142707825,1.5129098892211914,-0.5197416543960571,1.5129098892211914,-0.5197416543960571,7.5908002853393555,1.8589322566986084,0.1666666716337204,0.5500645637512207,0.2251080721616745,0.7564549446105957,-0.25987082719802856,-0.02880585938692093,0.2109278440475464,0.7866349816322327,0.6794745922088623,-0.12844239175319672,0.3095008134841919,-0.02016410045325756,-0.02016410045325756,0.30846673250198364,-1.8161276578903198,0.1425667554140091,0.0,-0.3286308329552412,-0.3286308329552412,0.1054639220237732,0.1054639220237732,0.09547847509384155,0.37924638390541077,0.19641216099262238,0.0,0.00998544692993164,0.00998544692993164,0.39331749081611633,0.39331749081611633,0.19696563482284546,1.7343212366104126,0.07734974473714828,0.0,0.19635185599327087,0.19635185599327087,0.4756322205066681,0.4756322205066681,0.29195550084114075,1.9867384433746338,1.205062747001648,0.0,0.18367671966552734,0.18367671966552734,-0.20550782978534698,-0.20550782978534698,0.18491080403327942,-1.0270189046859741,0.0626806691288948,0.0,-0.3904186338186264,-0.3904186338186264,0.15475040674209595,0.15475040674209595,0.031504567712545395,1.7629470825195312,-0.15700717270374298,0.0,0.12324583902955055,0.12324583902955055
425,14.166666666666666,24,0,0,,4,uneven rough,8,0.0,73.5741195678711,38.02139663696289,0.30943551659584045,1.7730178833007812,-0.0734434649348259,1.7730178833007812,-0.0734434649348259,9.156771659851074,4.535706520080566,0.5,-0.289264976978302,0.05818680673837662,0.8865089416503906,-0.03672173246741295,-0.2400909811258316,0.24876552820205688,0.04213337600231171,-0.20524123311042786,0.2765772342681885,-0.074542336165905,-0.168063685297966,-0.168063685297966,-0.06570574641227722,-1.9761452674865723,0.0999559536576271,0.0,-0.10235793888568878,-0.10235793888568878,0.12438276410102844,0.12438276410102844,0.13357597589492798,-0.6563645601272583,0.2695370614528656,0.0,-0.009193211793899536,-0.009193211793899536,0.021066688001155853,0.021066688001155853,-0.029848217964172363,1.9526935815811157,-0.9277598261833191,0.0,0.05091490596532822,0.05091490596532822,-0.14366886019706726,-0.14366886019706726,-0.0649024099111557,-1.9762845039367676,0.09430792182683945,0.0,-0.07876645028591156,-0.07876645028591156,0.13828861713409424,0.13828861713409424,0.13667543232440948,-0.352640837430954,0.07336869835853577,0.0,0.0016131848096847534,0.0016131848096847534,-0.0372711680829525,-0.0372711680829525,0.036335233598947525,-1.5297738313674927,0.9485406279563904,0.0,-0.07360640168190002,-0.07360640168190002
426,14.2,4,0,0,,4,uneven rough,5,0.0,50.37606430053711,32.89863586425781,0.23924686014652252,1.0695472955703735,-0.08073481172323227,1.0695472955703735,-0.08073481172323227,5.377985000610352,1.5085314512252808,0.3333333432674408,-0.36419677734375,0.2109541893005371,0.5347736477851868,-0.040367405861616135,0.1956893652677536,-0.1745246797800064,0.4620492458343506,0.2558724284172058,-0.032538436353206635,-0.35004353523254395,0.13698256015777588,0.13698256015777588,0.27621355652809143,-1.9993019104003906,0.6715227961540222,0.0,-0.13923099637031555,-0.13923099637031555,-0.2792395055294037,-0.2792395055294037,0.0741698294878006,-1.7944731712341309,0.6193599104881287,0.0,-0.3534093350172043,-0.3534093350172043,0.2310246229171753,0.2310246229171753,0.04475399851799011,1.2770928144454956,-1.5396534204483032,0.0,0.18627062439918518,0.18627062439918518,0.17911069095134735,0.17911069095134735,0.1432860642671585,1.995351791381836,-1.6480400562286377,0.0,0.03582462668418884,0.03582462668418884,-0.052061498165130615,-0.052061498165130615,0.009490927681326866,-1.99923837184906,0.7076252698898315,0.0,-0.06155242584645748,-0.06155242584645748,-0.17502176761627197,-0.17502176761627197,-0.08120406419038773,-0.958306610584259,-0.7585992217063904,0.0,-0.09381770342588425,-0.09381770342588425
426,14.2,14,0,0,,4,uneven rough,5,0.0,50.458526611328125,34.29396438598633,0.34861552715301514,0.889754593372345,0.19061562418937683,0.889754593372345,0.19061562418937683,6.158450126647949,2.7868764400482178,0.484285831451416,0.43580111861228943,0.1869819611310959,0.4448772966861725,0.09530781209468842,-0.0596856027841568,0.5171521306037903,0.5366842746734619,0.4190261662006378,0.21509620547294617,-0.002628506626933813,-0.04177992045879364,-0.04177992045879364,0.2565249800682068,-0.9982430934906006,-0.9648825526237488,0.0,-0.2983049005270004,-0.2983049005270004,0.25857606530189514,0.25857606530189514,0.15713530778884888,1.9825485944747925,0.2997869551181793,0.0,0.10144075751304626,0.10144075751304626,0.26834213733673096,0.26834213733673096,0.24282731115818024,0.8353697061538696,1.0142043828964233,0.0,0.02551482617855072,0.02551482617855072,0.2933183014392853,0.2933183014392853,0.3260875940322876,-0.5004798769950867,1.6470235586166382,0.0,-0.03276929259300232,-0.03276929259300232,0.10754810273647308,0.10754810273647308,0.13444140553474426,-1.3279030323028564,-0.5534374117851257,0.0,-0.02689330279827118,-0.02689330279827118,-0.0013142533134669065,-0.0013142533134669065,0.03513120114803314,-0.08730567991733551,0.9285383820533752,0.0,-0.03644545446150005,-0.03644545446150005
426,14.2,24,0,0,,4,uneven rough,8,0.0,73.61799621582031,38.04420852661133,0.31111350655555725,1.8895432949066162,-0.5699231028556824,1.8895432949066162,-0.5699231028556824,10.334512710571289,2.784646987915039,0.3333333432674408,-0.4437349736690521,0.3416377007961273,0.9447716474533081,-0.2849615514278412,0.2748924791812897,0.28634002804756165,0.10519492626190186,-0.37894904613494873,0.33133724331855774,-0.5737400650978088,0.1924247294664383,0.1924247294664383,-0.03453243896365166,1.977451205253601,-1.0738754272460938,0.0,0.22695716843008995,0.22695716843008995,0.14317001402378082,0.14317001402378082,0.1591348797082901,0.6826781630516052,-0.25396937131881714,0.0,-0.015964865684509277,-0.015964865684509277,0.05259746313095093,0.05259746313095093,0.03419347107410431,1.9672154188156128,0.700853705406189,0.0,0.01840399205684662,0.01840399205684662,-0.2652643322944641,-0.2652643322944641,-0.1339380443096161,-1.954426646232605,-1.0764087438583374,0.0,-0.13132628798484802,-0.13132628798484802,0.16566862165927887,0.16566862165927887,0.1404951512813568,-0.23686063289642334,-0.16749785840511322,0.0,0.025173470377922058,0.025173470377922058,-0.2868700325489044,-0.2868700325489044,0.005151818972080946,-0.7582260370254517,-0.4527027904987335,0.0,-0.29202185152098536,-0.29202185152098536
427,14.233333333333333,4,0,0,,4,uneven rough,5,0.0,50.379817962646484,32.849971771240234,0.23820461332798004,1.0711736679077148,-0.5988026857376099,1.0711736679077148,-0.5988026857376099,5.237619400024414,1.1084799766540527,0.1666666716337204,-0.16715550422668457,0.1005374938249588,0.5355868339538574,-0.29940134286880493,0.5297667384147644,0.12041698396205902,0.4215866029262543,0.3341195285320282,-0.2428784966468811,0.08552233874797821,0.37083670496940613,0.37083670496940613,0.2920973002910614,2.0000014305114746,-0.8385663032531738,0.0,0.07873940467834473,0.07873940467834473,0.06020849198102951,0.06020849198102951,0.05460234731435776,0.1378556191921234,-0.7454256415367126,0.0,0.005606144666671753,0.005606144666671753,0.21079330146312714,0.21079330146312714,0.11272570490837097,1.999997615814209,0.052939943969249725,0.0,0.09806759655475616,0.09806759655475616,0.23388366401195526,0.23388366401195526,0.19496873021125793,1.6050223112106323,0.41194018721580505,0.0,0.03891493380069733,0.03891493380069733,-0.38860559463500977,-0.38860559463500977,-0.04987132176756859,-1.525601863861084,-0.8228402733802795,0.0,-0.3387342728674412,-0.3387342728674412,0.042761169373989105,0.042761169373989105,-0.018997766077518463,1.9865626096725464,-0.8715141415596008,0.0,0.06175893545150757,0.06175893545150757
427,14.233333333333333,14,0,0,,4,uneven rough,5,0.0,50.476375579833984,34.26226806640625,0.3454289138317108,1.0085723400115967,-0.012596477754414082,1.0085723400115967,-0.012596477754414082,4.55349063873291,2.53525447845459,0.5,0.3683587908744812,0.14950823783874512,0.5042861700057983,-0.006298238877207041,0.4150306284427643,0.024308841675519943,0.2550596296787262,0.20275430381298065,0.2865443229675293,-0.33292707800865173,0.29052144289016724,0.29052144289016724,0.28240111470222473,1.5471919775009155,-0.9837446808815002,0.0,0.008120328187942505,0.008120328187942505,0.012154420837759972,0.012154420837759972,0.12394941598176956,-0.8443421125411987,1.2512234449386597,0.0,-0.11179499514400959,-0.11179499514400959,0.1275298148393631,0.1275298148393631,0.17761307954788208,-1.9548767805099487,0.9130909442901611,0.0,-0.05008326470851898,-0.05008326470851898,0.14192801713943481,0.14192801713943481,0.2617749571800232,-1.203775405883789,0.43282127380371094,0.0,-0.11984694004058838,-0.11984694004058838,0.14327216148376465,0.14327216148376465,0.08827267587184906,-0.5207729339599609,-0.9913216829299927,0.0,0.05499948561191559,0.05499948561191559,-0.16646353900432587,-0.16646353900432587,-0.017578965052962303,-1.949586272239685,0.3541783392429352,0.0,-0.14888457395136356,-0.14888457395136356
427,14.233333333333333,24,0,0,,4,uneven rough,8,0.0,73.66730499267578,38.06052780151367,0.31321173906326294,1.7947959899902344,-0.5301946997642517,1.7947959899902344,-0.5301946997642517,10.258709907531738,2.255110502243042,0.3333333432674408,-0.6253373622894287,0.16793857514858246,0.8973979949951172,-0.26509734988212585,0.1353474110364914,0.5041754245758057,-0.053334664553403854,-0.2665901482105255,0.40874531865119934,-0.46487343311309814,0.09474318474531174,0.09474318474531174,0.030938351526856422,1.9980803728103638,0.6513501405715942,0.0,0.06380483321845531,0.06380483321845531,0.25208771228790283,0.25208771228790283,0.22593669593334198,1.7469013929367065,0.27561283111572266,0.0,0.026151016354560852,0.026151016354560852,-0.026667332276701927,-0.026667332276701927,0.00033711190917529166,-2.0356285572052,1.4168568849563599,0.0,-0.02700444418587722,-0.02700444418587722,-0.18661309778690338,-0.18661309778690338,-0.17770884931087494,-0.9301629066467285,-1.5728416442871094,0.0,-0.008904248476028442,-0.008904248476028442,0.20437265932559967,0.20437265932559967,0.1852790266275406,2.019930839538574,-0.2067156881093979,0.0,0.019093632698059082,0.019093632698059082,-0.23243671655654907,-0.23243671655654907,-0.036165278404951096,-0.548111617565155,-0.6254462003707886,0.0,-0.19627143815159798,-0.19627143815159798
428,14.266666666666666,4,0,0,,4,uneven rough,5,0.0,50.38473129272461,32.801605224609375,0.233295276761055,1.1132097244262695,-0.17390498518943787,1.1132097244262695,-0.17390498518943787,5.833751678466797,0.0,0.0,0.018812846392393112,0.3170904517173767,0.5566048622131348,-0.08695249259471893,-0.493862509727478,0.3987748920917511,0.6772598028182983,0.46778061985969543,0.17582161724567413,-0.002568984404206276,-0.34570375084877014,-0.34570375084877014,0.258014053106308,-1.3839770555496216,0.7663649916648865,0.0,-0.6037178039550781,-0.6037178039550781,0.19938744604587555,0.19938744604587555,0.12097810953855515,1.8675076961517334,-0.24601684510707855,0.0,0.0784093365073204,0.0784093365073204,0.33862990140914917,0.33862990140914917,0.15590356290340424,0.636879026889801,1.1538097858428955,0.0,0.18272633850574493,0.18272633850574493,0.32744643092155457,0.32744643092155457,0.2644035220146179,1.9629554748535156,1.0865110158920288,0.0,0.06304290890693665,0.06304290890693665,0.08791080862283707,0.08791080862283707,0.025580020621418953,2.000617027282715,-1.2201828956604004,0.0,0.062330788001418114,0.062330788001418114,-0.001284492202103138,-0.001284492202103138,-0.0016959841595962644,0.6805435419082642,0.7444475889205933,0.0,0.0004114919574931264,0.0004114919574931264
428,14.266666666666666,14,0,0,,4,uneven rough,5,0.0,50.48779296875,34.22999954223633,0.34473350644111633,1.4869260787963867,-1.0590362548828125,1.4869260787963867,-1.0590362548828125,7.6517181396484375,1.3023195266723633,0.1666666716337204,0.5223333835601807,0.28587502241134644,0.7434630393981934,-0.5295181274414062,-0.09580301493406296,0.34456008672714233,0.8012475967407227,0.45041632652282715,-0.03618369251489639,-0.2407374531030655,-0.06706210970878601,-0.06706210970878601,0.2268562614917755,-1.51655912399292,0.44725143909454346,0.0,-0.2939183712005615,-0.2939183712005615,0.17228004336357117,0.17228004336357117,0.15564055740833282,1.156922459602356,0.06638694554567337,0.0,0.016639485955238342,0.016639485955238342,0.40062379837036133,0.40062379837036133,0.19640621542930603,-1.4873026609420776,-0.7084631323814392,0.0,0.2042175829410553,0.2042175829410553,0.3152914345264435,0.3152914345264435,0.3099021315574646,0.9420948028564453,-0.49251341819763184,0.0,0.005389302968978882,0.005389302968978882,-0.05789390951395035,-0.05789390951395035,0.043472569435834885,-1.4636653661727905,-0.7252725958824158,0.0,-0.10136647894978523,-0.10136647894978523,-0.12036872655153275,-0.12036872655153275,-0.0692351758480072,-1.5817465782165527,-0.948374330997467,0.0,-0.05113355070352554,-0.05113355070352554
428,14.266666666666666,24,0,0,,4,uneven rough,8,0.0,73.71656799316406,38.07843017578125,0.30128157138824463,1.7206597328186035,0.03354611620306969,1.7206597328186035,0.03354611620306969,8.692752838134766,3.9537272453308105,0.37066563963890076,-0.736299455165863,0.10576020181179047,0.8603298664093018,0.016773058101534843,-0.044216450303792953,0.4247434437274933,-0.37857586145401,0.3362375497817993,0.5568772554397583,0.02109554409980774,-0.030951514840126038,-0.030951514840126038,-0.017773449420928955,-1.6321769952774048,1.4127938747406006,0.0,-0.013178065419197083,-0.013178065419197083,0.21237172186374664,0.21237172186374664,0.20873180031776428,-1.533098578453064,1.1074820756912231,0.0,0.003639921545982361,0.003639921545982361,-0.189287930727005,-0.189287930727005,-0.05515498295426369,-1.0571553707122803,-0.5351845622062683,0.0,-0.13413294777274132,-0.13413294777274132,0.23536628484725952,0.23536628484725952,-0.11128607392311096,1.946867823600769,-1.2094699144363403,0.0,0.3466523587703705,0.3466523587703705,0.27843862771987915,0.27843862771987915,0.2498294860124588,2.000808000564575,1.0522342920303345,0.0,0.02860914170742035,0.02860914170742035,0.01054777204990387,0.01054777204990387,-0.004832329694181681,1.3666104078292847,-0.5817210674285889,0.0,0.01538010174408555,0.01538010174408555
429,14.299999999999999,4,0,0,,4,uneven rough,5,0.0,50.40073013305664,32.75762176513672,0.23284733295440674,1.1576045751571655,0.6730950474739075,1.1576045751571655,0.6730950474739075,6.604128837585449,4.044999122619629,0.4199841022491455,-0.3955240249633789,0.16485491394996643,0.5788022875785828,0.33654752373695374,0.3411540687084198,0.2974911630153656,-0.4818355143070221,0.33565834164619446,0.3883417248725891,0.09620488435029984,0.23880784213542938,0.23880784213542938,0.2493692934513092,-0.16678065061569214,-0.4494422376155853,0.0,-0.010561451315879822,-0.010561451315879822,0.1487455815076828,0.1487455815076828,0.17434878647327423,0.40576452016830444,0.9489737153053284,0.0,-0.02560320496559143,-0.02560320496559143,-0.24091775715351105,-0.24091775715351105,0.08849015831947327,-2.0010321140289307,0.8615362048149109,0.0,-0.3294079154729843,-0.3294079154729843,0.23496083915233612,0.23496083915233612,0.2437456250190735,-1.5751384496688843,1.5820542573928833,0.0,-0.008784785866737366,-0.008784785866737366,0.19417086243629456,0.19417086243629456,0.07043077796697617,0.33389726281166077,0.6008631587028503,0.0,0.12374008446931839,0.12374008446931839,0.04810244217514992,0.04810244217514992,0.0008671412942931056,0.602642834186554,0.7083161473274231,0.0,0.04723530088085681,0.04723530088085681
429,14.299999999999999,14,0,0,,4,uneven rough,5,0.0,50.4986686706543,34.19341278076172,0.33343300223350525,0.6152431964874268,0.26468339562416077,0.6152431964874268,0.26468339562416077,2.657135486602783,2.02661395072937,0.3333333432674408,0.23322421312332153,0.2926976680755615,0.3076215982437134,0.13234169781208038,-0.09711427986621857,0.4106796085834503,0.11560213565826416,0.5642757415771484,0.2716631591320038,-0.09470251202583313,-0.06797999143600464,-0.06797999143600464,0.16069187223911285,-1.8712013959884644,-0.6630905866622925,0.0,-0.2286718636751175,-0.2286718636751175,0.20533980429172516,0.20533980429172516,0.2003851681947708,0.24993450939655304,0.6829776763916016,0.0,0.004954636096954346,0.004954636096954346,0.05780106782913208,0.05780106782913208,0.13134385645389557,-1.9999347925186157,-1.148820400238037,0.0,-0.07354278862476349,-0.07354278862476349,0.39499300718307495,0.39499300718307495,0.3723921477794647,1.862612247467041,0.3186166286468506,0.0,0.02260085940361023,0.02260085940361023,0.1358315795660019,0.1358315795660019,0.09884561598300934,1.9690120220184326,-1.14276123046875,0.0,0.036985963582992554,0.036985963582992554,-0.047351256012916565,-0.047351256012916565,-0.08226559311151505,0.4034721851348877,-1.3064841032028198,0.0,0.03491433709859848,0.03491433709859848
429,14.299999999999999,24,0,0,,4,uneven rough,8,0.0,73.76549530029297,38.08770751953125,0.303579717874527,1.6871466636657715,0.44139695167541504,1.6871466636657715,0.44139695167541504,8.625494956970215,3.429772138595581,0.2101077139377594,-0.5454127192497253,0.14658355712890625,0.8435733318328857,0.22069847583770752,0.17615605890750885,0.3937629759311676,-0.12324190884828568,0.25950321555137634,0.40355440974235535,0.486097127199173,0.12330923974514008,0.12330923974514008,0.030953990295529366,1.6535117626190186,-0.3088380992412567,0.0,0.09235524944961071,0.09235524944961071,0.1968814879655838,0.1968814879655838,0.17204655706882477,-0.08697035908699036,-0.3855069577693939,0.0,0.024834930896759033,0.024834930896759033,-0.06162095442414284,-0.06162095442414284,-0.06376010179519653,0.592539370059967,-0.8303077816963196,0.0,0.0021391473710536957,0.0021391473710536957,0.1816522479057312,0.1816522479057312,-0.06572150439023972,1.7680141925811768,0.5751290917396545,0.0,0.24737375229597092,0.24737375229597092,0.20177720487117767,0.20177720487117767,0.22403548657894135,-0.9212888479232788,1.588559627532959,0.0,-0.022258281707763672,-0.022258281707763672,0.2430485635995865,0.2430485635995865,-0.01193066406995058,-0.3004220724105835,0.5198690295219421,0.0,0.25497922766953707,0.25497922766953707
430,14.333333333333334,4,0,0,,4,uneven rough,5,0.0,50.41654968261719,32.715545654296875,0.23017559945583344,1.2568836212158203,0.36054015159606934,1.2568836212158203,0.36054015159606934,4.8708415031433105,3.182722806930542,0.3333333432674408,-0.5266104936599731,0.21290135383605957,0.6284418106079102,0.18027007579803467,0.47106263041496277,0.13593478500843048,0.34283581376075745,-0.011948213912546635,-0.09279455989599228,-0.12571068108081818,0.3297438323497772,0.3297438323497772,0.30715250968933105,1.9267395734786987,-0.2896248698234558,0.0,0.022591322660446167,0.022591322660446167,0.06796739250421524,0.06796739250421524,0.1160677969455719,-1.7475531101226807,0.641842246055603,0.0,-0.04810040444135666,-0.04810040444135666,0.17141790688037872,0.17141790688037872,0.09167726337909698,-0.327825129032135,-0.7569650411605835,0.0,0.07974064350128174,0.07974064350128174,-0.008363749831914902,-0.008363749831914902,0.17976008355617523,-1.5021328926086426,-0.20302817225456238,0.0,-0.18812383338809013,-0.18812383338809013,-0.14847129583358765,-0.14847129583358765,0.0077804820612072945,-1.064794898033142,0.4499201774597168,0.0,-0.15625177789479494,-0.15625177789479494,-0.06285534054040909,-0.06285534054040909,-0.023374145850539207,-1.0294253826141357,0.6485682725906372,0.0,-0.03948119468986988,-0.03948119468986988
430,14.333333333333334,14,0,0,,4,uneven rough,5,0.0,50.50395584106445,34.15444564819336,0.3192516267299652,1.4374706745147705,0.33844995498657227,1.4374706745147705,0.33844995498657227,6.447042465209961,2.701688289642334,0.1666666716337204,0.3077152669429779,0.388261616230011,0.7187353372573853,0.16922497749328613,0.45576930046081543,0.30033111572265625,0.1286383867263794,0.5171270966529846,0.19862043857574463,0.05863569304347038,0.3190385103225708,0.3190385103225708,0.2080896496772766,1.2060141563415527,-1.3461586236953735,0.0,0.11094886064529419,0.11094886064529419,0.15016555786132812,0.15016555786132812,0.16506415605545044,0.504002571105957,0.4381343126296997,0.0,-0.014898598194122314,-0.014898598194122314,0.0643191933631897,0.0643191933631897,0.06250003725290298,-1.6695711612701416,-1.6300419569015503,0.0,0.0018191561102867126,0.0018191561102867126,0.36198896169662476,0.36198896169662476,0.348399817943573,-0.1636909693479538,1.1915944814682007,0.0,0.013589143753051758,0.013589143753051758,0.09931021928787231,0.09931021928787231,0.10254931449890137,0.9222257137298584,0.6166409254074097,0.0,-0.0032390952110290527,-0.0032390952110290527,0.02931784652173519,0.02931784652173519,-0.035073574632406235,1.0591009855270386,-0.3396717309951782,0.0,0.06439142115414143,0.06439142115414143
430,14.333333333333334,24,0,0,,4,uneven rough,8,0.0,73.81397247314453,38.102962493896484,0.3156234920024872,1.8175880908966064,0.019415834918618202,1.8175880908966064,0.019415834918618202,8.329582214355469,7.311487197875977,0.5,-0.49260348081588745,0.21234798431396484,0.9087940454483032,0.009707917459309101,-0.6924077272415161,0.32466381788253784,0.13577225804328918,0.2420983463525772,0.4700924754142761,0.05152179300785065,-0.48468539118766785,-0.48468539118766785,-0.003823524108156562,-1.7406259775161743,0.800678014755249,0.0,-0.4808618670795113,-0.4808618670795113,0.16233190894126892,0.16233190894126892,0.18642398715019226,0.37377962470054626,-0.2167138308286667,0.0,-0.02409207820892334,-0.02409207820892334,0.06788612902164459,0.06788612902164459,-0.010826051235198975,1.8233307600021362,-0.025827452540397644,0.0,0.07871218025684357,0.07871218025684357,0.16946883499622345,0.16946883499622345,-0.001127229887060821,1.815909504890442,1.2495884895324707,0.0,0.17059606488328427,0.17059606488328427,0.23504623770713806,0.23504623770713806,0.20874561369419098,-0.29760363698005676,0.16948679089546204,0.0,0.026300624012947083,0.026300624012947083,0.025760896503925323,0.025760896503925323,0.009069838561117649,0.6285553574562073,0.056074969470500946,0.0,0.016691057942807674,0.016691057942807674
431,14.366666666666667,4,0,0,,4,uneven rough,5,0.0,50.43538284301758,32.67055892944336,0.2349494993686676,1.5216699838638306,-0.6626846194267273,1.5216699838638306,-0.6626846194267273,2.5407140254974365,2.340890884399414,0.5,-0.22443026304244995,0.09935667365789413,0.7608349919319153,-0.33134230971336365,-0.25501102209091187,0.26411500573158264,0.2862190306186676,0.19273829460144043,0.339248925447464,0.1757432073354721,-0.1785077154636383,-0.1785077154636383,0.2810320258140564,-1.0797045230865479,0.96351158618927,0.0,-0.4595397412776947,-0.4595397412776947,0.13205750286579132,0.13205750286579132,0.16803964972496033,0.3397773802280426,-0.7091261744499207,0.0,-0.035982146859169006,-0.035982146859169006,0.1431095153093338,0.1431095153093338,0.1295875757932663,1.109859824180603,-0.5143285393714905,0.0,0.013521939516067505,0.013521939516067505,0.13491679728031158,0.13491679728031158,0.18029429018497467,-0.3476448059082031,-0.9375442862510681,0.0,-0.045377492904663086,-0.045377492904663086,0.169624462723732,0.169624462723732,0.044709671288728714,-0.22253073751926422,-0.40650245547294617,0.0,0.12491479143500328,0.12491479143500328,0.08787160366773605,0.08787160366773605,0.02555024065077305,1.559175968170166,-0.300172358751297,0.0,0.062321363016963005,0.062321363016963005
431,14.366666666666667,14,0,0,,4,uneven rough,5,0.0,50.51473617553711,34.11729431152344,0.324156254529953,1.8393534421920776,0.2675737738609314,1.8393534421920776,0.2675737738609314,5.691442012786865,4.324694633483887,0.5,0.1433044672012329,0.24283449351787567,0.9196767210960388,0.1337868869304657,-0.8505969643592834,0.6180253028869629,0.21508322656154633,0.7831028699874878,0.5659559965133667,0.44618645310401917,-0.595417857170105,-0.595417857170105,0.1512640416622162,-1.961108684539795,0.09684444218873978,0.0,-0.7466818988323212,-0.7466818988323212,0.30901265144348145,0.30901265144348145,0.23474782705307007,1.9933111667633057,0.47537633776664734,0.0,0.07426482439041138,0.07426482439041138,0.10754161328077316,0.10754161328077316,0.06522542238235474,0.5651917457580566,-1.652391791343689,0.0,0.042316190898418427,0.042316190898418427,0.5481719970703125,0.5481719970703125,0.4140228033065796,1.9059699773788452,0.42531365156173706,0.0,0.1341491937637329,0.1341491937637329,0.28297799825668335,0.28297799825668335,0.1688220202922821,1.8420734405517578,0.7894191145896912,0.0,0.11415597796440125,0.11415597796440125,0.22309322655200958,0.22309322655200958,0.016530131921172142,1.2406864166259766,0.4511968791484833,0.0,0.20656309463083744,0.20656309463083744
431,14.366666666666667,24,0,0,,4,uneven rough,8,0.0,73.8624038696289,38.122886657714844,0.3219268023967743,1.6959075927734375,-0.012651133351027966,1.6959075927734375,-0.012651133351027966,8.806413650512695,3.3333334922790527,0.1666666716337204,-0.2859605550765991,0.16261431574821472,0.8479537963867188,-0.006325566675513983,-0.5533051490783691,0.2306976169347763,-0.4379393756389618,0.1306924968957901,0.46672117710113525,0.3102714717388153,-0.3873136043548584,-0.3873136043548584,-0.06983258575201035,-1.7872790098190308,-0.6361798048019409,0.0,-0.31748101860284805,-0.31748101860284805,0.11534880846738815,0.11534880846738815,0.1520916223526001,-0.9755821824073792,0.11715222150087357,0.0,-0.036742813885211945,-0.036742813885211945,-0.2189696878194809,-0.2189696878194809,-0.05128903314471245,-0.3324991762638092,1.019689917564392,0.0,-0.16768065467476845,-0.16768065467476845,0.09148474782705307,0.09148474782705307,0.06228415668010712,1.5918258428573608,1.5697873830795288,0.0,0.029200591146945953,0.029200591146945953,0.23336058855056763,0.23336058855056763,0.20276649296283722,1.1655865907669067,-0.09460698068141937,0.0,0.030594095587730408,0.030594095587730408,0.15513573586940765,0.15513573586940765,0.03411628305912018,0.909651517868042,0.3797564208507538,0.0,0.12101945281028748,0.12101945281028748
432,14.4,4,0,0,,4,uneven rough,5,0.0,50.44951629638672,32.62808609008789,0.23504744470119476,1.1148771047592163,-0.5738609433174133,1.1148771047592163,-0.5738609433174133,4.240228652954102,0.589714765548706,0.3333333432674408,-0.35379981994628906,0.12728261947631836,0.5574385523796082,-0.28693047165870667,0.45887476205825806,-0.06980721652507782,0.40763670206069946,0.021797392517328262,0.1754583865404129,-0.01779926009476185,0.3212123215198517,0.3212123215198517,0.3137225806713104,1.2683957815170288,-0.1917264461517334,0.0,0.00748974084854126,0.00748974084854126,-0.11169154942035675,-0.11169154942035675,0.1496209353208542,-0.05012737214565277,-0.11607421189546585,0.0,-0.26131248474121094,-0.26131248474121094,0.20381835103034973,0.20381835103034973,0.17343929409980774,1.493149757385254,0.4039904773235321,0.0,0.030379056930541992,0.030379056930541992,0.015258174389600754,0.015258174389600754,0.11536182463169098,-1.8801404237747192,-0.6040140390396118,0.0,-0.10010365024209023,-0.10010365024209023,0.08772919327020645,0.08772919327020645,0.04973656311631203,1.5736550092697144,-0.30248451232910156,0.0,0.037992630153894424,0.037992630153894424,-0.008899630047380924,-0.008899630047380924,-0.0023083228152245283,-1.5920393466949463,0.7511065006256104,0.0,-0.006591307232156396,-0.006591307232156396
432,14.4,14,0,0,,4,uneven rough,5,0.0,50.52726745605469,34.08436965942383,0.33398425579071045,1.438446283340454,0.17048481106758118,1.438446283340454,0.17048481106758118,6.490299224853516,5.474588394165039,0.5,-0.13702593743801117,0.2052582949399948,0.719223141670227,0.08524240553379059,-0.37638208270072937,0.4661676585674286,0.10249096155166626,0.5837953090667725,0.0693448930978775,0.2710172235965729,-0.2634674608707428,-0.2634674608707428,0.09275402128696442,-1.4675192832946777,-1.0667259693145752,0.0,-0.3562214821577072,-0.3562214821577072,0.2330838292837143,0.2330838292837143,0.21990586817264557,0.7522375583648682,1.3336193561553955,0.0,0.013177961111068726,0.013177961111068726,0.05124548077583313,0.05124548077583313,0.05181068554520607,-0.8579971790313721,-0.3985660970211029,0.0,-0.0005652047693729401,-0.0005652047693729401,0.4086567163467407,0.4086567163467407,0.43794581294059753,-0.4473338723182678,1.2624794244766235,0.0,-0.02928909659385681,-0.02928909659385681,0.03467244654893875,0.03467244654893875,0.10933087021112442,-1.8299682140350342,1.384591817855835,0.0,-0.07465842366218567,-0.07465842366218567,0.13550861179828644,0.13550861179828644,0.07700221985578537,1.4348739385604858,0.8975756764411926,0.0,0.05850639194250107,0.05850639194250107
432,14.4,24,0,0,,4,uneven rough,8,0.0,73.91376495361328,38.147430419921875,0.33011701703071594,1.8451225757598877,-0.499273419380188,1.8451225757598877,-0.499273419380188,9.23825454711914,6.0999674797058105,0.5,0.06194385886192322,0.055879369378089905,0.9225612878799438,-0.249636709690094,-0.12087961286306381,0.38582685589790344,0.01881735399365425,-0.38791364431381226,0.5206081867218018,-0.028680022805929184,-0.08461572974920273,-0.08461572974920273,-0.06842199712991714,-0.38794317841529846,-1.2870134115219116,0.0,-0.016193732619285583,-0.016193732619285583,0.19291342794895172,0.19291342794895172,0.1935788244009018,0.5301675200462341,-0.5006817579269409,0.0,-0.0006653964519500732,-0.0006653964519500732,0.009408676996827126,0.009408676996827126,-0.0013109543360769749,1.716927170753479,0.25515976548194885,0.0,0.0107196313329041,0.0107196313329041,-0.2715395390987396,-0.2715395390987396,0.014165982604026794,-1.6028300523757935,1.5822479724884033,0.0,-0.2857055217027664,-0.2857055217027664,0.2603040933609009,0.2603040933609009,0.2572074234485626,0.4711494445800781,0.6179087162017822,0.0,0.003096669912338257,0.003096669912338257,-0.014340011402964592,-0.014340011402964592,0.0003545974614098668,-1.9292150735855103,0.679360032081604,0.0,-0.014694608864374459,-0.014694608864374459
433,14.433333333333334,4,0,0,,4,uneven rough,5,0.0,50.45389175415039,32.58228302001953,0.22365090250968933,1.1287412643432617,-0.4097506105899811,1.1287412643432617,-0.4097506105899811,3.4480953216552734,1.360172152519226,0.3333333432674408,-0.0835181474685669,0.21415148675441742,0.5643706321716309,-0.20487530529499054,0.6788814663887024,-0.35655826330184937,0.4379023611545563,0.29586294293403625,0.2742581069469452,-0.20061981678009033,0.4752170145511627,0.4752170145511627,0.37146472930908203,1.517364740371704,0.6338292956352234,0.0,0.10375228524208069,0.10375228524208069,-0.570493221282959,-0.570493221282959,0.1254228949546814,-0.21851180493831635,-0.07878775149583817,0.0,-0.6959161162376404,-0.6959161162376404,0.21895118057727814,0.21895118057727814,0.20060260593891144,-1.2138004302978516,1.0198030471801758,0.0,0.0183485746383667,0.0183485746383667,0.20710405707359314,0.20710405707359314,0.1236451044678688,2.0069353580474854,-1.325538158416748,0.0,0.08345895260572433,0.08345895260572433,0.1371290534734726,0.1371290534734726,0.10742887854576111,2.0347306728363037,0.7582881450653076,0.0,0.029700174927711487,0.029700174927711487,-0.10030990839004517,-0.10030990839004517,-0.06950713694095612,-1.8118963241577148,-0.5737123489379883,0.0,-0.03080277144908905,-0.03080277144908905
433,14.433333333333334,14,0,0,,4,uneven rough,5,0.0,50.549339294433594,34.05623245239258,0.3398502469062805,1.4338785409927368,-0.13926169276237488,1.4338785409927368,-0.13926169276237488,7.206679344177246,0.9083818197250366,0.1666666716337204,-0.3893876075744629,0.19122426211833954,0.7169392704963684,-0.06963084638118744,-0.07625919580459595,0.2908002734184265,0.5523399114608765,-0.06228020042181015,0.05985680967569351,-0.32840219140052795,-0.053381435573101044,-0.053381435573101044,0.02978436090052128,-1.886657476425171,-1.293335199356079,0.0,-0.08316579647362232,-0.08316579647362232,0.14540013670921326,0.14540013670921326,0.1743415743112564,-1.039954662322998,1.004905104637146,0.0,-0.028941437602043152,-0.028941437602043152,0.27616995573043823,0.27616995573043823,0.07343275099992752,0.8371713757514954,-0.6583292484283447,0.0,0.2027372047305107,0.2027372047305107,-0.043596141040325165,-0.043596141040325165,0.38921767473220825,-1.9987508058547974,0.29574793577194214,0.0,-0.4328138157725334,-0.4328138157725334,0.029928404837846756,0.029928404837846756,0.04182170331478119,-1.9821072816848755,-0.4329261779785156,0.0,-0.011893298476934433,-0.011893298476934433,-0.16420109570026398,-0.16420109570026398,0.04198508337140083,-1.995261549949646,1.2013651132583618,0.0,-0.2061861790716648,-0.2061861790716648
433,14.433333333333334,24,0,0,,4,uneven rough,8,0.0,73.961669921875,38.171966552734375,0.33348900079727173,1.728779911994934,0.42821958661079407,1.728779911994934,0.42821958661079407,8.872905731201172,0.0,0.0,0.33617323637008667,0.19483187794685364,0.864389955997467,0.21410979330539703,0.14590072631835938,0.3793781101703644,-0.2809208929538727,-0.37075358629226685,0.17344000935554504,-0.46798694133758545,0.10213050991296768,0.10213050991296768,-0.012507034465670586,1.7875007390975952,-0.7786775231361389,0.0,0.11463754437863827,0.11463754437863827,0.1896890550851822,0.1896890550851822,0.17716212570667267,0.0848410427570343,0.0821622684597969,0.0,0.012526929378509521,0.012526929378509521,-0.14046044647693634,-0.14046044647693634,-0.05423629283905029,-1.5975877046585083,1.0816457271575928,0.0,-0.08622415363788605,-0.08622415363788605,-0.2595275044441223,-0.2595275044441223,-0.056214988231658936,-2.0076005458831787,-0.2186008244752884,0.0,-0.20331251621246338,-0.20331251621246338,0.08672000467777252,0.08672000467777252,0.1994112730026245,-1.2134593725204468,0.5349307656288147,0.0,-0.11269126832485199,-0.11269126832485199,-0.23399347066879272,-0.23399347066879272,-0.07014549523591995,-2.0079195499420166,-0.7955330014228821,0.0,-0.16384797543287277,-0.16384797543287277
434,14.466666666666667,4,0,0,,4,uneven rough,5,0.0,50.46247100830078,32.541324615478516,0.21406619250774384,1.4382636547088623,0.537485659122467,1.4382636547088623,0.537485659122467,2.4617996215820312,4.482771873474121,0.3333333432674408,-0.12265925109386444,0.23808257281780243,0.7191318273544312,0.2687428295612335,0.15134546160697937,-0.24219846725463867,0.4100244641304016,0.7986055612564087,0.43447351455688477,0.3347182273864746,0.10594182461500168,0.10594182461500168,0.3362145721912384,-1.445170521736145,1.1333818435668945,0.0,-0.23027274757623672,-0.23027274757623672,-0.3875175416469574,-0.3875175416469574,0.1127370148897171,0.2971721291542053,-0.1577879786491394,0.0,-0.5002545565366745,-0.5002545565366745,0.2050122320652008,0.2050122320652008,0.18149836361408234,0.014364750124514103,-0.24308036267757416,0.0,0.02351386845111847,0.02351386845111847,0.5590238571166992,0.5590238571166992,0.19484443962574005,1.9951014518737793,0.5586483478546143,0.0,0.36417941749095917,0.36417941749095917,0.21723675727844238,0.21723675727844238,0.158542200922966,1.9996100664138794,1.47999107837677,0.0,0.05869455635547638,0.05869455635547638,0.1673591136932373,0.1673591136932373,-0.03130914270877838,1.7479907274246216,-1.273783802986145,0.0,0.19866825640201569,0.19866825640201569
434,14.466666666666667,14,0,0,,4,uneven rough,5,0.0,50.566932678222656,34.024200439453125,0.3441564440727234,1.0539934635162354,-0.9074326157569885,1.0539934635162354,-0.9074326157569885,5.861449241638184,2.97751784324646,0.3333333432674408,-0.4716051518917084,0.24199128150939941,0.5269967317581177,-0.45371630787849426,0.6096086502075195,-0.15519458055496216,0.5533878803253174,-0.3410305082798004,-0.035217124968767166,-0.6808485388755798,0.4267260432243347,0.4267260432243347,0.04927065223455429,1.7010884284973145,-1.628800630569458,0.0,0.3774553909897804,0.3774553909897804,-0.24831132590770721,-0.24831132590770721,0.12871205806732178,-1.4048423767089844,-0.15126226842403412,0.0,-0.377023383975029,-0.377023383975029,0.2766939401626587,0.2766939401626587,0.11072467267513275,0.7922309637069702,0.18722949922084808,0.0,0.16596926748752594,0.16596926748752594,-0.2387213557958603,-0.2387213557958603,0.31684058904647827,-1.9821220636367798,-1.0015658140182495,0.0,-0.5555619448423386,-0.5555619448423386,-0.056347399950027466,-0.056347399950027466,-0.030900074169039726,-1.99057137966156,-1.3088359832763672,0.0,-0.02544732578098774,-0.02544732578098774,-0.3404242694377899,-0.3404242694377899,-0.011346914805471897,0.6425541639328003,-0.6060133576393127,0.0,-0.329077354632318,-0.329077354632318
434,14.466666666666667,24,0,0,,4,uneven rough,8,0.0,74.00898742675781,38.1981201171875,0.3365050256252289,1.820646047592163,0.2986934185028076,1.820646047592163,0.2986934185028076,9.87887954711914,0.3714958429336548,0.1666666716337204,0.6804846525192261,0.11295908689498901,0.9103230237960815,0.1493467092514038,-0.06435646861791611,0.41185620427131653,0.11445319652557373,-0.1775755137205124,0.2296098917722702,-0.5992159247398376,-0.045049525797367096,-0.045049525797367096,-0.02196207270026207,-1.6910425424575806,0.6722442507743835,0.0,-0.023087453097105026,-0.023087453097105026,0.20592810213565826,0.20592810213565826,0.18783870339393616,0.02185484953224659,0.08367685228586197,0.0,0.018089398741722107,0.018089398741722107,0.057226598262786865,0.057226598262786865,-0.030849594622850418,-1.0972877740859985,-0.43319764733314514,0.0,0.08807619288563728,0.08807619288563728,-0.12430285662412643,-0.12430285662412643,-0.09824015200138092,-0.926217794418335,-1.2301044464111328,0.0,-0.026062704622745514,-0.026062704622745514,0.1148049458861351,0.1148049458861351,0.14735256135463715,-1.000710129737854,-0.45361214876174927,0.0,-0.032547615468502045,-0.032547615468502045,-0.2996079623699188,-0.2996079623699188,-0.09556301683187485,0.695125937461853,-1.4810185432434082,0.0,-0.20404494553804398,-0.20404494553804398
435,14.5,4,0,0,,4,uneven rough,5,0.0,50.47297286987305,32.50324249267578,0.20348075032234192,1.6342841386795044,-0.4825437366962433,1.6342841386795044,-0.4825437366962433,6.297131538391113,1.0746701955795288,0.3333333432674408,-0.46735817193984985,0.16601982712745667,0.8171420693397522,-0.24127186834812164,0.24273712933063507,-0.035707034170627594,0.08839982002973557,0.5981079936027527,0.6659345626831055,0.37283575534820557,0.16991598904132843,0.16991598904132843,0.2714167535305023,-2.0071380138397217,-0.3245362937450409,0.0,-0.10150076448917389,-0.10150076448917389,-0.05713125690817833,-0.05713125690817833,0.051362235099077225,-1.98758065700531,0.09944728016853333,0.0,-0.10849349200725555,-0.10849349200725555,0.04419991001486778,0.04419991001486778,0.11393076926469803,-2.011692762374878,-0.09752043336629868,0.0,-0.06973085924983025,-0.06973085924983025,0.41867560148239136,0.41867560148239136,0.2624075710773468,1.8927751779556274,1.370821475982666,0.0,0.15626803040504456,0.15626803040504456,0.33296728134155273,0.33296728134155273,0.1953635811805725,1.814907431602478,1.7737846374511719,0.0,0.13760370016098022,0.13760370016098022,0.18641787767410278,0.18641787767410278,0.0013021017657592893,0.38879382610321045,0.43473294377326965,0.0,0.1851157759083435,0.1851157759083435
435,14.5,14,0,0,,4,uneven rough,5,0.0,50.58489227294922,33.986000061035156,0.34501317143440247,1.1056578159332275,-1.2295583486557007,1.1056578159332275,-1.2295583486557007,2.01023530960083,2.8041892051696777,0.5,-0.19419217109680176,0.19005358219146729,0.5528289079666138,-0.6147791743278503,0.2287714034318924,0.36142396926879883,0.5226953625679016,-0.0804714784026146,0.3569958508014679,-0.5435172319412231,0.16013997793197632,0.16013997793197632,0.11520785093307495,1.988799810409546,0.2539246380329132,0.0,0.04493212699890137,0.04493212699890137,0.18071198463439941,0.18071198463439941,0.18971969187259674,0.8406734466552734,-0.860038697719574,0.0,-0.009007707238197327,-0.009007707238197327,0.2613476812839508,0.2613476812839508,0.16119374334812164,1.918006420135498,0.5292984247207642,0.0,0.10015393793582916,0.10015393793582916,-0.056330032646656036,-0.056330032646656036,0.2568932771682739,-1.7173720598220825,-1.5559741258621216,0.0,-0.31322330981492996,-0.31322330981492996,0.17849792540073395,0.17849792540073395,0.035690899938344955,1.4618667364120483,-1.6942903995513916,0.0,0.142807025462389,0.142807025462389,-0.2717586159706116,-0.2717586159706116,-0.023962901905179024,-0.3359816372394562,0.09992894530296326,0.0,-0.24779571406543255,-0.24779571406543255
435,14.5,24,0,0,,4,uneven rough,8,0.0,74.05531311035156,38.22333908081055,0.3281816244125366,1.9387969970703125,-0.5659339427947998,1.9387969970703125,-0.5659339427947998,10.434657096862793,4.847798824310303,0.3333333432674408,0.7314630746841431,0.20361030101776123,0.9693984985351562,-0.2829669713973999,0.3934634327888489,0.18452097475528717,-0.2733501195907593,-0.24002456665039062,0.6703300476074219,-0.26808464527130127,0.27542439103126526,0.27542439103126526,0.021737826988101006,1.589350938796997,-0.6639623045921326,0.0,0.25368656404316425,0.25368656404316425,0.09226048737764359,0.09226048737764359,0.1329369992017746,-1.9933520555496216,0.04872258007526398,0.0,-0.04067651182413101,-0.04067651182413101,-0.13667505979537964,-0.13667505979537964,-0.0873192623257637,-1.485124945640564,-0.8086754083633423,0.0,-0.049355797469615936,-0.049355797469615936,-0.1680171936750412,-0.1680171936750412,-0.163351908326149,-1.175154209136963,-1.058286428451538,0.0,-0.004665285348892212,-0.004665285348892212,0.33516502380371094,0.33516502380371094,0.17858892679214478,1.0801554918289185,-0.7629423141479492,0.0,0.15657609701156616,0.15657609701156616,-0.13404232263565063,-0.13404232263565063,-0.10530364513397217,1.0394723415374756,-0.25062257051467896,0.0,-0.028738677501678467,-0.028738677501678467
436,14.533333333333333,4,0,0,,4,uneven rough,5,0.0,50.47087860107422,32.45994186401367,0.20334574580192566,1.2741504907608032,-0.23943711817264557,1.2741504907608032,-0.23943711817264557,7.323787689208984,4.141749858856201,0.3333333432674408,-0.5034542679786682,0.29325366020202637,0.6370752453804016,-0.11971855908632278,0.4481046497821808,-0.072137750685215,0.3284098505973816,0.5712049007415771,0.24523897469043732,0.2484263926744461,0.3136732578277588,0.3136732578277588,0.27104783058166504,1.2267307043075562,-1.275882363319397,0.0,0.04262542724609375,0.04262542724609375,-0.115420401096344,-0.115420401096344,-0.014591723680496216,-1.9976322650909424,-1.0805621147155762,0.0,-0.10082867741584778,-0.10082867741584778,0.1642049252986908,0.1642049252986908,0.15846599638462067,1.861181616783142,-1.1797969341278076,0.0,0.005738928914070129,0.005738928914070129,0.3998434245586395,0.3998434245586395,0.319140762090683,1.901763916015625,1.6659350395202637,0.0,0.08070266246795654,0.08070266246795654,0.12261948734521866,0.12261948734521866,0.16703897714614868,-1.94901442527771,1.797035574913025,0.0,-0.04441948980093002,-0.04441948980093002,0.12421319633722305,0.12421319633722305,0.05808142572641373,1.8984497785568237,0.40875887870788574,0.0,0.06613177061080933,0.06613177061080933
436,14.533333333333333,14,0,0,,4,uneven rough,5,0.0,50.60504150390625,33.95415496826172,0.32979002594947815,0.3194190561771393,0.47768664360046387,0.3194190561771393,0.47768664360046387,2.0098090171813965,2.7119522094726562,0.3333333432674408,-0.07668023556470871,0.1914578676223755,0.15970952808856964,0.23884332180023193,0.6929673552513123,0.2433418333530426,0.18694742023944855,-0.008947931230068207,0.4692412316799164,-0.19768574833869934,0.4850771427154541,0.4850771427154541,0.17867204546928406,1.9999823570251465,1.2348262071609497,0.0,0.30640509724617004,0.30640509724617004,0.1216709166765213,0.1216709166765213,0.14546963572502136,-1.9507449865341187,0.1015469953417778,0.0,-0.02379871904850006,-0.02379871904850006,0.09347371011972427,0.09347371011972427,0.10571970045566559,-1.8523787260055542,1.3144763708114624,0.0,-0.012245990335941315,-0.012245990335941315,-0.006263551767915487,-0.006263551767915487,0.19321823120117188,-1.9856224060058594,-1.6472288370132446,0.0,-0.19948178296908736,-0.19948178296908736,0.2346206158399582,0.2346206158399582,0.0786811113357544,1.8128070831298828,0.09020649641752243,0.0,0.1559395045042038,0.1559395045042038,-0.09884287416934967,-0.09884287416934967,-0.07996043562889099,-1.7394347190856934,-0.14653567969799042,0.0,-0.01888243854045868,-0.01888243854045868
436,14.533333333333333,24,0,0,,4,uneven rough,8,0.0,74.1094741821289,38.24201202392578,0.32628118991851807,1.750936508178711,-0.9848200082778931,1.750936508178711,-0.9848200082778931,9.420637130737305,2.652359962463379,0.3333333432674408,0.9167992472648621,0.13637137413024902,0.8754682540893555,-0.49241000413894653,-0.03877977654337883,0.6013000011444092,-0.025126051157712936,-0.12588782608509064,0.4359283447265625,0.04348449781537056,-0.02714584395289421,-0.02714584395289421,-0.019756274297833443,-0.8110204935073853,0.6100650429725647,0.0,-0.007389569655060768,-0.007389569655060768,0.3006500005722046,0.3006500005722046,0.19014661014080048,1.774636149406433,-1.1058701276779175,0.0,0.11050339043140411,0.11050339043140411,-0.012563025578856468,-0.012563025578856468,-0.047358009964227676,0.3010109066963196,-1.1911412477493286,0.0,0.03479498438537121,0.03479498438537121,-0.08812147378921509,-0.08812147378921509,-0.10905344784259796,1.3127559423446655,-1.124363660812378,0.0,0.020931974053382874,0.020931974053382874,0.21796417236328125,0.21796417236328125,0.23325657844543457,-0.8024632930755615,0.27914848923683167,0.0,-0.01529240608215332,-0.01529240608215332,0.02174224890768528,0.02174224890768528,-0.03488883748650551,1.707255482673645,0.47879940271377563,0.0,0.05663108639419079,0.05663108639419079
437,14.566666666666666,4,0,0,,4,uneven rough,5,0.0,50.473167419433594,32.41416549682617,0.20253652334213257,1.4838924407958984,0.005671433638781309,1.4838924407958984,0.005671433638781309,8.497871398925781,3.3333334922790527,0.1666666716337204,-0.07697957754135132,0.3637863099575043,0.7419462203979492,0.0028357168193906546,-0.4961613118648529,0.5732576847076416,0.5734928250312805,0.5717527866363525,0.40597912669181824,-0.007582332938909531,-0.34731292724609375,-0.34731292724609375,0.23922057449817657,-0.9250049591064453,0.13909956812858582,0.0,-0.5865335017442703,-0.5865335017442703,0.2866288423538208,0.2866288423538208,0.049844253808259964,0.8645837306976318,-1.599075198173523,0.0,0.23678458854556084,0.23678458854556084,0.28674641251564026,0.28674641251564026,0.22237704694271088,0.1671464443206787,0.5395777821540833,0.0,0.06436936557292938,0.06436936557292938,0.4002269506454468,0.4002269506454468,0.39003223180770874,1.5284346342086792,1.799273133277893,0.0,0.010194718837738037,0.010194718837738037,0.20298956334590912,0.20298956334590912,0.19992882013320923,0.25387462973594666,-0.3209877908229828,0.0,0.00306074321269989,0.00306074321269989,-0.0037911664694547653,-0.0037911664694547653,0.008746829815208912,-1.7438055276870728,1.251032829284668,0.0,-0.012537996284663677,-0.012537996284663677
437,14.566666666666666,14,0,0,,4,uneven rough,5,0.0,50.62138366699219,33.9228515625,0.3165479898452759,0.3597269356250763,-0.23933196067810059,0.3597269356250763,-0.23933196067810059,1.9854049682617188,0.06936566531658173,0.1666666716337204,0.11227241158485413,0.1967896670103073,0.17986346781253815,-0.11966598033905029,0.7009623646736145,-0.019878074526786804,0.6978829503059387,0.21835444867610931,-0.013512459583580494,-0.1608719825744629,0.49067366123199463,0.49067366123199463,0.24201570451259613,1.5639026165008545,1.6674468517303467,0.0,0.2486579567193985,0.2486579567193985,-0.03180491924285889,-0.03180491924285889,0.08366865664720535,-0.835894763469696,-1.058822512626648,0.0,-0.11547357589006424,-0.11547357589006424,0.34894147515296936,0.34894147515296936,0.12316910177469254,0.7238883972167969,-0.4760691523551941,0.0,0.22577237337827682,0.22577237337827682,0.15284810960292816,0.15284810960292816,0.13365614414215088,-1.2952522039413452,-1.838557243347168,0.0,0.019191965460777283,0.019191965460777283,-0.02161993645131588,-0.02161993645131588,0.04699917882680893,-1.6678194999694824,1.0641679763793945,0.0,-0.06861911527812481,-0.06861911527812481,-0.08043599128723145,-0.08043599128723145,-0.06618137657642365,1.347195029258728,-1.0471636056900024,0.0,-0.0142546147108078,-0.0142546147108078
437,14.566666666666666,24,0,0,,4,uneven rough,8,0.0,74.16242218017578,38.26390838623047,0.3305242657661438,1.7744169235229492,-0.1668471395969391,1.7744169235229492,-0.1668471395969391,9.14039134979248,3.1984267234802246,0.3333333432674408,0.7056292295455933,0.17937158048152924,0.8872084617614746,-0.08342356979846954,-0.02401813119649887,0.4303043484687805,-0.22183018922805786,-0.009159793145954609,0.44522374868392944,-0.20692607760429382,-0.01681269146502018,-0.01681269146502018,-0.03731745481491089,-0.4414012134075165,-0.19341926276683807,0.0,0.02050476334989071,0.02050476334989071,0.21515217423439026,0.21515217423439026,0.2193284034729004,0.6427257657051086,0.522773265838623,0.0,-0.004176229238510132,-0.004176229238510132,-0.11091509461402893,-0.11091509461402893,-0.1053716316819191,0.06651963293552399,-0.34747573733329773,0.0,-0.005543462932109833,-0.005543462932109833,-0.006411855109035969,-0.006411855109035969,-0.04494713246822357,1.9032195806503296,0.25358814001083374,0.0,0.0385352773591876,0.0385352773591876,0.22261187434196472,0.22261187434196472,0.22462867200374603,-0.9296008348464966,-0.3323967456817627,0.0,-0.002016797661781311,-0.002016797661781311,-0.10346303880214691,-0.10346303880214691,-0.07087910920381546,0.8282312154769897,1.1733707189559937,0.0,-0.03258392959833145,-0.03258392959833145
438,14.6,4,0,0,,4,uneven rough,5,0.0,50.47782516479492,32.37190246582031,0.18931320309638977,1.0811772346496582,0.07277346402406693,1.0811772346496582,0.07277346402406693,5.03572416305542,1.9270389080047607,0.1666666716337204,0.08698379993438721,0.42324912548065186,0.5405886173248291,0.03638673201203346,0.06274709105491638,-0.2246972620487213,-0.04186201095581055,0.6404812335968018,0.34375056624412537,0.1796610951423645,0.04392296448349953,0.04392296448349953,0.1739906519651413,-1.8757349252700806,-0.46254703402519226,0.0,-0.13006768748164177,-0.13006768748164177,-0.35951563715934753,-0.35951563715934753,-0.01618974655866623,-2.000001907348633,-0.20611803233623505,0.0,-0.3433258906006813,-0.3433258906006813,-0.020931005477905273,-0.020931005477905273,0.16325253248214722,-1.7906898260116577,0.3290044367313385,0.0,-0.1841835379600525,-0.1841835379600525,0.4483368694782257,0.4483368694782257,0.4495653212070465,1.3333675861358643,1.6461405754089355,0.0,-0.0012284517288208008,-0.0012284517288208008,0.17187528312206268,0.17187528312206268,0.16890747845172882,0.46018099784851074,0.00404044846072793,0.0,0.0029678046703338623,0.0029678046703338623,0.08983054757118225,0.08983054757118225,0.04826837405562401,1.8780306577682495,-0.44225412607192993,0.0,0.04156217351555824,0.04156217351555824
438,14.6,14,0,0,,4,uneven rough,5,0.0,50.642879486083984,33.89430618286133,0.31818580627441406,0.7507174015045166,-0.5530032515525818,0.7507174015045166,-0.5530032515525818,1.8138387203216553,3.423555374145508,0.6666666865348816,0.06564953923225403,0.17071357369422913,0.3753587007522583,-0.2765016257762909,0.13401971757411957,0.47057226300239563,0.5711217522621155,0.14876306056976318,0.3695454001426697,0.1314201056957245,0.09381379932165146,0.09381379932165146,0.1960887312889099,-1.938603162765503,1.6089026927947998,0.0,-0.10227493196725845,-0.10227493196725845,0.23528613150119781,0.23528613150119781,0.1552978903055191,1.979994773864746,-0.9327787756919861,0.0,0.07998824119567871,0.07998824119567871,0.28556087613105774,0.28556087613105774,0.17576180398464203,1.7200334072113037,0.20238900184631348,0.0,0.10979907214641571,0.10979907214641571,0.10413414239883423,0.10413414239883423,0.12335637956857681,-0.42792919278144836,-1.5313715934753418,0.0,-0.019222237169742584,-0.019222237169742584,0.18477270007133484,0.18477270007133484,0.08714986592531204,1.5070736408233643,-0.4805026352405548,0.0,0.0976228341460228,0.0976228341460228,0.06571005284786224,0.06571005284786224,-0.0013201127294450998,2.0014967918395996,0.306611031293869,0.0,0.06703016557730734,0.06703016557730734
438,14.6,24,0,0,,4,uneven rough,8,0.0,74.21367645263672,38.292762756347656,0.33707937598228455,1.9001238346099854,-0.13833704590797424,1.9001238346099854,-0.13833704590797424,9.518632888793945,4.12351131439209,0.3333333432674408,0.6130844950675964,0.1701604127883911,0.9500619173049927,-0.06916852295398712,-0.31027892231941223,0.4810417890548706,-0.4608080983161926,-0.29775428771972656,0.44877535104751587,0.011806282214820385,-0.21719524264335632,-0.21719524264335632,-0.09621067345142365,-1.8925797939300537,-0.33362871408462524,0.0,-0.12098456919193268,-0.12098456919193268,0.2405208945274353,0.2405208945274353,0.2580930292606354,0.18774105608463287,0.5905946493148804,0.0,-0.017572134733200073,-0.017572134733200073,-0.2304040491580963,-0.2304040491580963,-0.15605831146240234,-1.3558093309402466,-0.11340200901031494,0.0,-0.07434573769569397,-0.07434573769569397,-0.20842799544334412,-0.20842799544334412,-0.04657749831676483,-1.7308320999145508,1.1862927675247192,0.0,-0.16185049712657928,-0.16185049712657928,0.22438767552375793,0.22438767552375793,0.22255660593509674,-0.7674857974052429,-0.6700569987297058,0.0,0.0018310695886611938,0.0018310695886611938,0.0059031411074101925,0.0059031411074101925,-0.0159409511834383,1.6656526327133179,0.9782282114028931,0.0,0.021844092290848494,0.021844092290848494
439,14.633333333333333,4,0,0,,4,uneven rough,5,0.0,50.493560791015625,32.328731536865234,0.18558064103126526,1.1167607307434082,-0.28767648339271545,1.1167607307434082,-0.28767648339271545,5.650103569030762,0.7274132966995239,0.1666666716337204,-0.07754987478256226,0.44818878173828125,0.5583803653717041,-0.14383824169635773,0.0950256884098053,0.36379292607307434,0.46561384201049805,0.5921807885169983,-0.04322061687707901,-0.09867027401924133,0.06651797890663147,0.06651797890663147,0.11542365700006485,-1.7533565759658813,-1.2615660429000854,0.0,-0.04890567809343338,-0.04890567809343338,0.18189646303653717,0.18189646303653717,0.03348388150334358,1.9999446868896484,-1.2203831672668457,0.0,0.1484125815331936,0.1484125815331936,0.23280692100524902,0.23280692100524902,0.1535118967294693,0.2764313519001007,-0.8694745302200317,0.0,0.07929502427577972,0.07929502427577972,0.4145265519618988,0.4145265519618988,0.472486287355423,-0.22735550999641418,1.4692981243133545,0.0,-0.05795973539352417,-0.05795973539352417,-0.06915298849344254,-0.06915298849344254,0.19300583004951477,0.6936240196228027,0.26194313168525696,0.0,-0.2621588185429573,-0.2621588185429573,-0.049335137009620667,-0.049335137009620667,0.023311514407396317,-0.3036201000213623,0.8696390390396118,0.0,-0.07264665141701698,-0.07264665141701698
439,14.633333333333333,14,0,0,,4,uneven rough,5,0.0,50.661170959472656,33.86692428588867,0.3183174431324005,1.2386324405670166,-0.2818450331687927,1.2386324405670166,-0.2818450331687927,6.4132609367370605,3.0602798461914062,0.3333333432674408,0.12268760055303574,0.1767292618751526,0.6193162202835083,-0.14092251658439636,0.9225996732711792,0.0011822798987850547,-0.1086781695485115,0.02184947393834591,0.583247721195221,-0.21958720684051514,0.6458197832107544,0.6458197832107544,0.2387745976448059,1.9648770093917847,-0.39686349034309387,0.0,0.4070451855659485,0.4070451855659485,0.0005911399493925273,0.0005911399493925273,0.1285671591758728,-2.0123651027679443,0.7141086459159851,0.0,-0.12797601922648028,-0.12797601922648028,-0.05433908477425575,-0.05433908477425575,0.13102582097053528,-1.831523060798645,1.0604678392410278,0.0,-0.18536490574479103,-0.18536490574479103,0.015294631943106651,0.015294631943106651,0.0551617369055748,-1.8992141485214233,-0.9074832797050476,0.0,-0.03986710496246815,-0.03986710496246815,0.2916238605976105,0.2916238605976105,0.08932840824127197,0.3359568119049072,0.643276572227478,0.0,0.2022954523563385,0.2022954523563385,-0.10979360342025757,-0.10979360342025757,-0.020022084936499596,-1.6502437591552734,1.2649024724960327,0.0,-0.08977151848375797,-0.08977151848375797
439,14.633333333333333,24,0,0,,4,uneven rough,8,0.0,74.26302337646484,38.31850814819336,0.3362213373184204,1.828344702720642,-0.03960004821419716,1.828344702720642,-0.03960004821419716,8.836742401123047,2.5386414527893066,0.1666666716337204,0.2653181850910187,0.3434973955154419,0.914172351360321,-0.01980002410709858,0.5607932806015015,0.12862440943717957,-0.41902580857276917,-0.5652942061424255,0.6161470413208008,-0.5208715796470642,0.392555296421051,0.392555296421051,-0.06308458000421524,1.7998772859573364,-1.2150624990463257,0.0,0.45563987642526627,0.45563987642526627,0.06431220471858978,0.06431220471858978,0.21430900692939758,-0.7222688794136047,0.36282050609588623,0.0,-0.1499968022108078,-0.1499968022108078,-0.20951290428638458,-0.20951290428638458,-0.18963593244552612,-1.3797516822814941,-0.8158613443374634,0.0,-0.01987697184085846,-0.01987697184085846,-0.3957059383392334,-0.3957059383392334,-0.11163277179002762,-1.9219011068344116,-0.463054895401001,0.0,-0.2840731665492058,-0.2840731665492058,0.3080735206604004,0.3080735206604004,0.21883739531040192,1.8907928466796875,-0.7251434326171875,0.0,0.08923612534999847,0.08923612534999847,-0.2604357898235321,-0.2604357898235321,0.0026240271981805563,0.33199089765548706,1.3668992519378662,0.0,-0.26305981702171266,-0.26305981702171266
440,14.666666666666666,4,0,0,,4,uneven rough,5,0.0,50.51729202270508,32.28935623168945,0.17617686092853546,0.63454669713974,0.4725210666656494,0.63454669713974,0.4725210666656494,3.099501371383667,0.8535861372947693,0.3333333432674408,0.17439483106136322,0.11332444846630096,0.31727334856987,0.2362605333328247,0.5861444473266602,-0.22435253858566284,0.07052820920944214,0.30771511793136597,0.3847826421260834,-0.2785963714122772,0.4103011190891266,0.4103011190891266,0.17024102807044983,1.996103286743164,-1.5396252870559692,0.0,0.24006009101867676,0.24006009101867676,-0.35896405577659607,-0.35896405577659607,-0.006258874665945768,-0.9605435729026794,0.6003959774971008,0.0,-0.3527051811106503,-0.3527051811106503,0.03526410460472107,0.03526410460472107,0.08825374394655228,-1.9920693635940552,-0.22157730162143707,0.0,-0.05298963934183121,-0.05298963934183121,0.2154005765914917,0.2154005765914917,0.4048904776573181,-2.000002145767212,0.5100071430206299,0.0,-0.18948990106582642,-0.18948990106582642,0.1923913210630417,0.1923913210630417,0.17046613991260529,0.7831413745880127,0.5060162544250488,0.0,0.0219251811504364,0.0219251811504364,-0.1392981857061386,-0.1392981857061386,-0.03584562987089157,-2.0,0.20627622306346893,0.0,-0.10345255583524704,-0.10345255583524704
440,14.666666666666666,14,0,0,,4,uneven rough,5,0.0,50.66862487792969,33.83296585083008,0.3166307210922241,1.1687426567077637,-0.1831330806016922,1.1687426567077637,-0.1831330806016922,5.295260906219482,3.4792189598083496,0.3333333432674408,0.20056834816932678,0.15721377730369568,0.5843713283538818,-0.0915665403008461,0.45932304859161377,0.10320984572172165,0.4625261127948761,0.21451054513454437,0.11930643022060394,-0.03918396681547165,0.3215261399745941,0.3215261399745941,0.2935933768749237,1.490275502204895,0.9384688138961792,0.0,0.02793276309967041,0.02793276309967041,0.051604922860860825,0.051604922860860825,0.0650792121887207,-1.6071012020111084,-0.8274444937705994,0.0,-0.013474289327859879,-0.013474289327859879,0.23126305639743805,0.23126305639743805,0.18591025471687317,2.0000011920928955,-0.5746690034866333,0.0,0.04535280168056488,0.04535280168056488,0.1501573771238327,0.1501573771238327,0.07821998000144958,1.8792498111724854,-1.4682097434997559,0.0,0.07193739712238312,0.07193739712238312,0.05965321511030197,0.05965321511030197,0.06749344617128372,-0.7266086339950562,0.46951743960380554,0.0,-0.00784023106098175,-0.00784023106098175,-0.019591983407735825,-0.019591983407735825,0.0012338999658823013,0.6857142448425293,-0.3833264410495758,0.0,-0.020825883373618126,-0.020825883373618126
440,14.666666666666666,24,0,0,,4,uneven rough,8,0.0,74.30550384521484,38.35221862792969,0.33856791257858276,1.9281394481658936,-0.8857923746109009,1.9281394481658936,-0.8857923746109009,10.273223876953125,3.3399875164031982,0.3333333432674408,-0.2187822312116623,0.19145023822784424,0.9640697240829468,-0.44289618730545044,-0.2427869290113449,0.2624548673629761,-0.15692198276519775,-0.3749096393585205,0.18751735985279083,-0.3807206451892853,-0.16995084285736084,-0.16995084285736084,-0.07868567109107971,-1.999852180480957,0.4895898401737213,0.0,-0.09126517176628113,-0.09126517176628113,0.13122743368148804,0.13122743368148804,0.14751937985420227,-1.9749839305877686,-0.2506909966468811,0.0,-0.016291946172714233,-0.016291946172714233,-0.07846099138259888,-0.07846099138259888,-0.14612214267253876,1.9998502731323242,-1.13468599319458,0.0,0.06766115128993988,0.06766115128993988,-0.26243674755096436,-0.26243674755096436,-0.1679336130619049,-1.9338351488113403,-1.2878891229629517,0.0,-0.09450313448905945,-0.09450313448905945,0.09375867992639542,0.09375867992639542,0.16562436521053314,-1.9633965492248535,0.7539116144180298,0.0,-0.07186568528413773,-0.07186568528413773,-0.19036032259464264,-0.19036032259464264,0.008879764936864376,-0.4399365186691284,0.7817602157592773,0.0,-0.19924008753150702,-0.19924008753150702
441,14.7,4,0,0,,4,uneven rough,5,0.0,50.53885269165039,32.25006866455078,0.1670079231262207,1.2322163581848145,-0.7810994386672974,1.2322163581848145,-0.7810994386672974,6.296115875244141,0.0,0.0,0.05355998873710632,0.1888243854045868,0.6161081790924072,-0.3905497193336487,0.29388731718063354,-0.21133551001548767,0.6590940952301025,-0.05528590828180313,0.1942850947380066,-0.5310657024383545,0.20572112500667572,0.20572112500667572,0.21597826480865479,0.47618934512138367,0.45948198437690735,0.0,-0.010257139801979065,-0.010257139801979065,-0.33813682198524475,-0.33813682198524475,-0.07101889699697495,-1.9511585235595703,-0.28216204047203064,0.0,-0.2671179249882698,-0.2671179249882698,0.32954704761505127,0.32954704761505127,0.09058703482151031,0.7510212063789368,-1.2226166725158691,0.0,0.23896001279354095,0.23896001279354095,-0.03870013356208801,-0.03870013356208801,0.34717145562171936,-1.403751015663147,-0.9091566205024719,0.0,-0.3858715891838074,-0.3858715891838074,0.0971425473690033,0.0971425473690033,0.14162205159664154,-1.7783774137496948,0.662703275680542,0.0,-0.044479504227638245,-0.044479504227638245,-0.26553285121917725,-0.26553285121917725,-0.03354954719543457,0.7825952768325806,-1.04115629196167,0.0,-0.23198330402374268,-0.23198330402374268
441,14.7,14,0,0,,4,uneven rough,5,0.0,50.68046951293945,33.8013801574707,0.31551915407180786,0.3213506042957306,-0.3233473300933838,0.3213506042957306,-0.3233473300933838,1.9176949262619019,2.124844789505005,0.1666666716337204,0.40190404653549194,0.22593721747398376,0.1606753021478653,-0.1616736650466919,-0.27017176151275635,0.2644309401512146,0.3520060181617737,0.6664225459098816,0.15157677233219147,0.3430785536766052,-0.18912023305892944,-0.18912023305892944,0.2577718496322632,-1.8493716716766357,1.2504613399505615,0.0,-0.4468920826911926,-0.4468920826911926,0.1322154700756073,0.1322154700756073,0.10615020245313644,0.951821506023407,-1.268263816833496,0.0,0.026065267622470856,0.026065267622470856,0.17600300908088684,0.17600300908088684,0.1918955147266388,-1.005142092704773,0.881054162979126,0.0,-0.015892505645751953,-0.015892505645751953,0.4664957821369171,0.4664957821369171,0.1469370722770691,1.8188061714172363,0.4244498908519745,0.0,0.319558709859848,0.319558709859848,0.07578838616609573,0.07578838616609573,0.0999218076467514,-0.4868570566177368,-0.20677438378334045,0.0,-0.02413342148065567,-0.02413342148065567,0.1715392768383026,0.1715392768383026,0.022514095529913902,0.5578532814979553,0.22111107409000397,0.0,0.1490251813083887,0.1490251813083887
441,14.7,24,0,0,,4,uneven rough,8,0.0,74.35041809082031,38.3901252746582,0.33889132738113403,1.9616706371307373,-0.524087131023407,1.931212067604065,-0.524087131023407,10.499003410339355,1.6084203720092773,0.1666666716337204,-0.3063504695892334,0.43363747000694275,0.9808353185653687,-0.2620435655117035,0.501175045967102,0.417265921831131,0.288987398147583,-0.4331604838371277,0.40363219380378723,-0.5107064843177795,0.3508225381374359,0.3508225381374359,-0.0473073273897171,1.662895917892456,-0.917945146560669,0.0,0.398129865527153,0.398129865527153,0.2086329609155655,0.2086329609155655,0.19365864992141724,0.7151122093200684,-1.225609302520752,0.0,0.014974310994148254,0.014974310994148254,0.1444936990737915,0.1444936990737915,-0.08655622601509094,-0.1306854635477066,0.6375864148139954,0.0,0.23104992508888245,0.23104992508888245,-0.30321234464645386,-0.30321234464645386,-0.23852097988128662,-1.9822406768798828,-1.6531081199645996,0.0,-0.06469136476516724,-0.06469136476516724,0.20181609690189362,0.20181609690189362,0.20821815729141235,0.6907202005386353,-0.7824592590332031,0.0,-0.006402060389518738,-0.006402060389518738,-0.25535324215888977,-0.25535324215888977,-0.03812238574028015,-0.08094978332519531,0.09101070463657379,0.0,-0.21723085641860962,-0.21723085641860962
442,14.733333333333333,4,0,0,,4,uneven rough,5,0.0,50.570438385009766,32.214599609375,0.17051169276237488,0.8744577765464783,-0.49859943985939026,0.8744577765464783,-0.49859943985939026,1.0360498428344727,1.4689052104949951,0.3333333432674408,0.17484454810619354,0.05097108334302902,0.43722888827323914,-0.24929971992969513,-0.03950177878141403,0.19835837185382843,0.7574112415313721,0.03154866024851799,0.34814271330833435,-0.4145003855228424,-0.027651244774460793,-0.027651244774460793,0.1643228828907013,-2.0143322944641113,0.46892836689949036,0.0,-0.1919741276651621,-0.1919741276651621,0.09917918592691422,0.09917918592691422,-0.007143278140574694,1.836693286895752,-1.2258156538009644,0.0,0.10632246406748891,0.10632246406748891,0.37870562076568604,0.37870562076568604,0.13075058162212372,0.6964325904846191,-0.10671830177307129,0.0,0.24795503914356232,0.24795503914356232,0.022084061056375504,0.022084061056375504,0.30949264764785767,-1.2931174039840698,-1.1888011693954468,0.0,-0.28740858659148216,-0.28740858659148216,0.17407135665416718,0.17407135665416718,0.19917085766792297,0.7199983596801758,-0.7174881100654602,0.0,-0.0250995010137558,-0.0250995010137558,-0.2072501927614212,-0.2072501927614212,-0.0333435945212841,-0.3327290117740631,-0.010003894567489624,0.0,-0.1739065982401371,-0.1739065982401371
442,14.733333333333333,14,0,0,,4,uneven rough,5,0.0,50.692237854003906,33.773345947265625,0.32072073221206665,0.3692471385002136,0.08312645554542542,0.3692471385002136,0.08312645554542542,3.0989253520965576,3.5149736404418945,0.3333333432674408,0.3177359998226166,0.24360114336013794,0.1846235692501068,0.04156322777271271,0.20925845205783844,0.20290829241275787,0.5955268144607544,0.49035173654556274,0.04488193988800049,0.17986086010932922,0.14648091793060303,0.14648091793060303,0.19426332414150238,-1.834909439086914,-0.5021898150444031,0.0,-0.04778240621089935,-0.04778240621089935,0.10145414620637894,0.10145414620637894,0.12044059485197067,0.32666242122650146,-0.01302360463887453,0.0,-0.018986448645591736,-0.018986448645591736,0.2977634072303772,0.2977634072303772,0.23154592514038086,0.020456288009881973,-0.18540458381175995,0.0,0.06621748208999634,0.06621748208999634,0.3432462215423584,0.3432462215423584,0.20945560932159424,1.9956343173980713,1.2128214836120605,0.0,0.13379061222076416,0.13379061222076416,0.022440969944000244,0.022440969944000244,0.033965401351451874,-1.1025103330612183,-0.3651336431503296,0.0,-0.01152443140745163,-0.01152443140745163,0.08993043005466461,0.08993043005466461,0.056472983211278915,0.9429461359977722,0.41150572896003723,0.0,0.033457446843385696,0.033457446843385696
442,14.733333333333333,24,0,0,,4,uneven rough,8,0.0,74.40369415283203,38.40930938720703,0.3411608338356018,1.87734854221344,-1.4968767166137695,1.87734854221344,-1.4968767166137695,10.153310775756836,6.056722164154053,0.3333333432674408,-0.26380202174186707,0.3374086320400238,0.93867427110672,-0.7484383583068848,0.1706293821334839,0.5192535519599915,-0.09076815098524094,-0.0689045786857605,0.41558006405830383,0.02346673049032688,0.11944056302309036,0.11944056302309036,0.0178942009806633,2.000016212463379,0.5412670373916626,0.0,0.10154636204242706,0.10154636204242706,0.2596267759799957,0.2596267759799957,0.22955460846424103,0.6983851194381714,-0.12832188606262207,0.0,0.0300721675157547,0.0300721675157547,-0.04538407549262047,-0.04538407549262047,-0.09032689779996872,0.8535712957382202,0.20320412516593933,0.0,0.04494282230734825,0.04494282230734825,-0.04823320358991623,-0.04823320358991623,-0.22768576443195343,2.01214599609375,-1.8392002582550049,0.0,0.1794525608420372,0.1794525608420372,0.20779003202915192,0.20779003202915192,0.21977148950099945,0.2126350700855255,0.05047903209924698,0.0,-0.011981457471847534,-0.011981457471847534,0.01173336524516344,0.01173336524516344,0.025832122191786766,2.0013272762298584,-0.006216061767190695,0.0,-0.014098756946623325,-0.014098756946623325
443,14.766666666666666,4,0,0,,4,uneven rough,5,0.0,50.59761047363281,32.18175506591797,0.17323920130729675,1.1047699451446533,0.4115629494190216,1.1047699451446533,0.4115629494190216,2.461397171020508,3.812089443206787,0.5,0.24833719432353973,0.15693247318267822,0.5523849725723267,0.2057814747095108,0.8298496007919312,-0.11274905502796173,0.10450303554534912,-0.1121562272310257,0.555766224861145,-0.5272992253303528,0.5808947086334229,0.5808947086334229,0.2002435326576233,1.3522212505340576,-0.9351116418838501,0.0,0.38065117597579956,0.38065117597579956,-0.18039849400520325,-0.18039849400520325,-0.04051823541522026,-0.507596492767334,0.5057323575019836,0.0,-0.139880258589983,-0.139880258589983,0.05225151777267456,0.05225151777267456,0.0876999944448471,-1.7277392148971558,0.34738466143608093,0.0,-0.035448476672172546,-0.035448476672172546,-0.0785093605518341,-0.0785093605518341,0.23662962019443512,-1.9180948734283447,-1.247781753540039,0.0,-0.3151389807462692,-0.3151389807462692,0.2778831124305725,0.2778831124305725,0.2005114108324051,1.9837990999221802,0.09526931494474411,0.0,0.07737170159816742,0.07737170159816742,-0.2636496126651764,-0.2636496126651764,-0.05591270700097084,-1.3916189670562744,-0.19247324764728546,0.0,-0.20773690566420555,-0.20773690566420555
443,14.766666666666666,14,0,0,,4,uneven rough,5,0.0,50.71199417114258,33.74333190917969,0.3192749321460724,0.9954562187194824,0.284161239862442,0.9954562187194824,0.284161239862442,8.366206169128418,6.933938503265381,0.6666666865348816,0.5422420501708984,0.14176931977272034,0.4977281093597412,0.142080619931221,-0.33224353194236755,0.35073623061180115,0.4298732876777649,0.6298459768295288,0.36048194766044617,0.14716942608356476,-0.23257046937942505,-0.23257046937942505,0.131327822804451,-1.6833802461624146,-1.2557119131088257,0.0,-0.36389829218387604,-0.36389829218387604,0.17536811530590057,0.17536811530590057,0.17896534502506256,1.7081464529037476,0.179035484790802,0.0,-0.0035972297191619873,-0.0035972297191619873,0.21493664383888245,0.21493664383888245,0.2062506526708603,-1.1342096328735352,-0.06901048123836517,0.0,0.008685991168022156,0.008685991168022156,0.44089218974113464,0.44089218974113464,0.2672959864139557,1.5888392925262451,1.6554251909255981,0.0,0.17359620332717896,0.17359620332717896,0.18024097383022308,0.18024097383022308,0.0879172757267952,1.7082611322402954,-0.7820477485656738,0.0,0.09232369810342789,0.09232369810342789,0.07358471304178238,0.07358471304178238,0.061216194182634354,-0.45084813237190247,0.7119830846786499,0.0,0.012368518859148026,0.012368518859148026
443,14.766666666666666,24,0,0,,4,uneven rough,8,0.0,74.45711517333984,38.432586669921875,0.3552256226539612,1.594772458076477,-0.7463311553001404,1.594772458076477,-0.7463311553001404,5.834951400756836,0.264540433883667,0.1666666716337204,-0.2761322259902954,0.2593786120414734,0.7973862290382385,-0.3731655776500702,-0.7084099650382996,0.7574759721755981,0.2843078672885895,0.3288945257663727,0.2180223912000656,0.1328626424074173,-0.49588698148727417,-0.49588698148727417,-0.00551225058734417,-1.6319068670272827,1.36604642868042,0.0,-0.49037473089993,-0.49037473089993,0.3787379860877991,0.3787379860877991,0.2920471429824829,1.9430501461029053,0.3390997350215912,0.0,0.08669084310531616,0.08669084310531616,0.14215393364429474,0.14215393364429474,-0.051280345767736435,0.8311153054237366,0.5709229111671448,0.0,0.19343427941203117,0.19343427941203117,0.23022615909576416,0.23022615909576416,-0.15843091905117035,1.872828483581543,0.3383578360080719,0.0,0.3886570781469345,0.3886570781469345,0.1090111956000328,0.1090111956000328,0.16799403727054596,-1.7678444385528564,0.14216235280036926,0.0,-0.05898284167051315,-0.05898284167051315,0.06643132120370865,0.06643132120370865,0.08081213384866714,1.6731431484222412,1.1288524866104126,0.0,-0.014380812644958496,-0.014380812644958496
444,14.799999999999999,4,0,0,,4,uneven rough,5,0.0,50.62700271606445,32.15126419067383,0.18412387371063232,1.28837251663208,0.05157645046710968,1.28837251663208,0.05157645046710968,2.6058602333068848,2.1809916496276855,0.3333333432674408,0.09203045070171356,0.1464771330356598,0.64418625831604,0.02578822523355484,0.3048029839992523,0.21974213421344757,0.25577491521835327,-0.14034946262836456,0.16938769817352295,-0.3126694858074188,0.21336208283901215,0.21336208283901215,0.23406982421875,0.2428562194108963,0.3581504821777344,0.0,-0.020707741379737854,-0.020707741379737854,0.10987106710672379,0.10987106710672379,0.01374939177185297,1.9999421834945679,-0.06720560044050217,0.0,0.09612167533487082,0.09612167533487082,0.12788745760917664,0.12788745760917664,0.08625024557113647,1.2462462186813354,-0.8258941173553467,0.0,0.04163721203804016,0.04163721203804016,-0.09824462234973907,-0.09824462234973907,0.18446607887744904,-1.1677210330963135,-1.62677800655365,0.0,-0.2827107012271881,-0.2827107012271881,0.08469384908676147,0.08469384908676147,0.1922777146100998,-1.9079289436340332,1.163047432899475,0.0,-0.10758386552333832,-0.10758386552333832,-0.1563347429037094,-0.1563347429037094,-0.09667612612247467,-1.8403264284133911,-0.8704723715782166,0.0,-0.05965861678123474,-0.05965861678123474
444,14.799999999999999,14,0,0,,4,uneven rough,5,0.0,50.72748565673828,33.71116256713867,0.30259543657302856,0.9206045866012573,0.11574124544858932,0.9206045866012573,0.11574124544858932,5.9163055419921875,1.2347710132598877,0.3333333432674408,0.5346528887748718,0.137689471244812,0.46030229330062866,0.05787062272429466,0.693484365940094,-0.07540152221918106,0.2062958925962448,0.49726852774620056,0.3391243815422058,0.12087652832269669,0.4854390621185303,0.4854390621185303,0.16209518909454346,1.5789505243301392,-1.497516393661499,0.0,0.3233438730239868,0.3233438730239868,-0.12064243853092194,-0.12064243853092194,0.14817765355110168,-0.3733506500720978,1.0435975790023804,0.0,-0.2688200920820236,-0.2688200920820236,0.1031479462981224,0.1031479462981224,0.13520574569702148,-2.000169038772583,-0.6712759733200073,0.0,-0.03205779939889908,-0.03205779939889908,0.34808796644210815,0.34808796644210815,0.31074103713035583,1.7979282140731812,1.6177773475646973,0.0,0.03734692931175232,0.03734692931175232,0.1695621907711029,0.1695621907711029,0.1219935342669487,1.9609711170196533,0.6259773373603821,0.0,0.047568656504154205,0.047568656504154205,0.06043826416134834,0.06043826416134834,0.03807635232806206,-0.5392078757286072,0.05451623350381851,0.0,0.022361911833286285,0.022361911833286285
444,14.799999999999999,24,0,0,,4,uneven rough,8,0.0,74.50480651855469,38.46737289428711,0.3644150495529175,1.817431926727295,-0.12870949506759644,1.817431926727295,-0.12870949506759644,6.457040309906006,4.037713050842285,0.3333333432674408,-0.23028945922851562,0.2545357346534729,0.9087159633636475,-0.06435474753379822,-0.11621885746717453,0.5945029258728027,-0.10944566875696182,-0.27027446031570435,0.23190081119537354,-0.15650896728038788,-0.08135320246219635,-0.08135320246219635,-0.059219326823949814,-0.7137839794158936,-0.3290017247200012,0.0,-0.022133875638246536,-0.022133875638246536,0.29725146293640137,0.29725146293640137,0.2907916307449341,0.13304220139980316,1.245976209640503,0.0,0.006459832191467285,0.006459832191467285,-0.05472283437848091,-0.05472283437848091,-0.08191920071840286,-0.5093973875045776,0.7180361747741699,0.0,0.02719636633992195,0.02719636633992195,-0.18919211626052856,-0.18919211626052856,-0.15157097578048706,-1.498704195022583,1.2059502601623535,0.0,-0.037621140480041504,-0.037621140480041504,0.11595040559768677,0.11595040559768677,0.11281502991914749,-0.6064823269844055,-0.9377589225769043,0.0,0.003135375678539276,0.003135375678539276,-0.07825448364019394,-0.07825448364019394,0.04049577936530113,-0.512694239616394,1.4365954399108887,0.0,-0.11875026300549507,-0.11875026300549507
445,14.833333333333334,4,0,0,,4,uneven rough,5,0.0,50.66168212890625,32.12821960449219,0.19123795628547668,1.2325670719146729,-0.9681100249290466,1.2325670719146729,-0.9681100249290466,2.9342308044433594,1.6132533550262451,0.1666666716337204,-0.12197788804769516,0.14459162950515747,0.6162835359573364,-0.4840550124645233,0.18993885815143585,-0.05269298702478409,0.7009499669075012,-0.39205119013786316,-0.013004031963646412,-0.7300532460212708,0.13295720517635345,0.13295720517635345,0.18129540979862213,-1.9634259939193726,0.292962908744812,0.0,-0.04833820462226868,-0.04833820462226868,-0.08430878072977066,-0.08430878072977066,-0.03773105517029762,-2.005065441131592,1.1015634536743164,0.0,-0.04657772555947304,-0.04657772555947304,0.3504749834537506,0.3504749834537506,0.09159357100725174,0.12992757558822632,0.3456977307796478,0.0,0.25888141244649887,0.25888141244649887,-0.274435818195343,-0.274435818195343,0.14514921605587006,-1.446927547454834,-1.3672263622283936,0.0,-0.4195850342512131,-0.4195850342512131,-0.02080645225942135,-0.02080645225942135,0.12980680167675018,-1.627252221107483,-0.573288083076477,0.0,-0.15061325393617153,-0.15061325393617153,-0.3650266230106354,-0.3650266230106354,-0.10966293513774872,-0.14254418015480042,-1.4188295602798462,0.0,-0.25536368787288666,-0.25536368787288666
445,14.833333333333334,14,0,0,,4,uneven rough,5,0.0,50.74394989013672,33.6811408996582,0.28923243284225464,1.1565124988555908,0.01609068736433983,1.1565124988555908,0.01609068736433983,5.79574728012085,0.4809921979904175,0.1666666716337204,0.29920634627342224,0.25850605964660645,0.5782562494277954,0.008045343682169914,0.19531145691871643,0.08573018014431,0.6306192874908447,0.6003127098083496,0.27354708313941956,0.08545124530792236,0.1367180198431015,0.1367180198431015,0.15713968873023987,-1.6696466207504272,0.241923525929451,0.0,-0.020421668887138367,-0.020421668887138367,0.042865090072155,0.042865090072155,0.08784081786870956,-1.0340750217437744,0.2424525022506714,0.0,-0.044975727796554565,-0.044975727796554565,0.31530964374542236,0.31530964374542236,0.09428362548351288,1.0570815801620483,-1.422634482383728,0.0,0.22102601826190948,0.22102601826190948,0.42021888494491577,0.42021888494491577,0.3786194920539856,1.9613465070724487,1.719635009765625,0.0,0.041599392890930176,0.041599392890930176,0.13677354156970978,0.13677354156970978,0.1381530463695526,-0.6958876252174377,1.3807852268218994,0.0,-0.0013795047998428345,-0.0013795047998428345,0.04272562265396118,0.04272562265396118,0.009439007379114628,1.1026495695114136,-0.28117644786834717,0.0,0.033286615274846554,0.033286615274846554
445,14.833333333333334,24,0,0,,4,uneven rough,8,0.0,74.55490112304688,38.49564743041992,0.3628462553024292,1.8464601039886475,-0.31992506980895996,1.8464601039886475,-0.31992506980895996,8.627618789672852,3.8581607341766357,0.3333333432674408,-0.18933211266994476,0.2780563235282898,0.9232300519943237,-0.15996253490447998,0.28007394075393677,0.3450706899166107,-0.08340004831552505,-0.35352960228919983,0.22478213906288147,-0.3939143717288971,0.19605176150798798,0.19605176150798798,0.0005821431404910982,1.879702091217041,-0.5465583205223083,0.0,0.19546961836749688,0.19546961836749688,0.17253534495830536,0.17253534495830536,0.2246643304824829,-1.9388114213943481,0.6167213320732117,0.0,-0.05212898552417755,-0.05212898552417755,-0.04170002415776253,-0.04170002415776253,-0.08910349011421204,0.2504148781299591,0.02404303103685379,0.0,0.04740346595644951,0.04740346595644951,-0.24747072160243988,-0.24747072160243988,-0.2191518396139145,-1.5763957500457764,-0.3232662081718445,0.0,-0.02831888198852539,-0.02831888198852539,0.11239106953144073,0.11239106953144073,0.09083794057369232,1.0269314050674438,-0.7504545450210571,0.0,0.021553128957748413,0.021553128957748413,-0.19695718586444855,-0.19695718586444855,0.0024453354999423027,0.7574126720428467,0.33446353673934937,0.0,-0.19940252136439085,-0.19940252136439085
446,14.866666666666667,4,0,0,,4,uneven rough,5,0.0,50.694950103759766,32.09807205200195,0.19884753227233887,1.5125553607940674,-0.9100951552391052,1.5125553607940674,-0.9100951552391052,5.750894069671631,3.205148458480835,0.3333333432674408,0.18550002574920654,0.2251187264919281,0.7562776803970337,-0.4550475776195526,0.7491333484649658,0.09829916805028915,0.44630685448646545,-0.26162028312683105,0.4504684507846832,-0.459966242313385,0.5243933200836182,0.5243933200836182,0.20912349224090576,1.6348880529403687,-0.9828034043312073,0.0,0.3152698278427124,0.3152698278427124,0.04914958402514458,0.04914958402514458,0.028007209300994873,1.3955801725387573,-0.6549301147460938,0.0,0.021142374724149704,0.021142374724149704,0.22315342724323273,0.22315342724323273,0.09987951815128326,0.5045053362846375,0.2237008959054947,0.0,0.12327390909194946,0.12327390909194946,-0.18313419818878174,-0.18313419818878174,0.07926870882511139,-1.5757532119750977,-1.4122895002365112,0.0,-0.2624029070138931,-0.2624029070138931,0.2252342253923416,0.2252342253923416,0.19936998188495636,1.1792659759521484,-1.1692012548446655,0.0,0.025864243507385254,0.025864243507385254,-0.2299831211566925,-0.2299831211566925,-0.140097513794899,-1.7885710000991821,-0.6972154974937439,0.0,-0.08988560736179352,-0.08988560736179352
446,14.866666666666667,14,0,0,,4,uneven rough,5,0.0,50.76395034790039,33.64885711669922,0.30486518144607544,1.434145212173462,0.3906170725822449,1.434145212173462,0.3906170725822449,7.789407730102539,7.234611511230469,0.6666666865348816,0.5742584466934204,0.09166812896728516,0.717072606086731,0.19530853629112244,0.2071804404258728,0.2822831869125366,0.49362680315971375,0.3689432740211487,-0.016877947375178337,0.3005880117416382,0.1450263112783432,0.1450263112783432,0.17041555047035217,0.45678213238716125,-0.8388816714286804,0.0,-0.025389239192008972,-0.025389239192008972,0.1411415934562683,0.1411415934562683,0.10442465543746948,0.9204335808753967,-0.4792984426021576,0.0,0.03671693801879883,0.03671693801879883,0.24681340157985687,0.24681340157985687,0.15281835198402405,1.6207242012023926,-0.02059856988489628,0.0,0.09399504959583282,0.09399504959583282,0.2582602798938751,0.2582602798938751,0.3338945209980011,-1.908006191253662,1.8562991619110107,0.0,-0.07563424110412598,-0.07563424110412598,-0.02700471691787243,-0.02700471691787243,0.10057497769594193,-1.1293504238128662,0.20663069188594818,0.0,-0.12757969461381435,-0.12757969461381435,0.1502940058708191,0.1502940058708191,0.06404672563076019,1.9935317039489746,0.5012412667274475,0.0,0.0862472802400589,0.0862472802400589
446,14.866666666666667,24,0,0,,4,uneven rough,8,0.0,74.61249542236328,38.513980865478516,0.3503663241863251,1.8131375312805176,-1.2835636138916016,1.8131375312805176,-1.2835636138916016,9.1268310546875,3.7850892543792725,0.3333333432674408,-0.2998758554458618,0.2370089292526245,0.9065687656402588,-0.6417818069458008,0.4505273699760437,0.2429903894662857,-0.2742048501968384,-0.06892473250627518,0.5143709778785706,0.10352519154548645,0.3153691589832306,0.3153691589832306,0.05560639128088951,1.900800347328186,0.8252536654472351,0.0,0.2597627677023411,0.2597627677023411,0.12149519473314285,0.12149519473314285,0.157920241355896,-1.999999761581421,-0.8281814455986023,0.0,-0.03642504662275314,-0.03642504662275314,-0.1371024250984192,-0.1371024250984192,-0.12088543176651001,-1.0518405437469482,0.15203407406806946,0.0,-0.01621699333190918,-0.01621699333190918,-0.048247311264276505,-0.048247311264276505,-0.18536579608917236,1.9999732971191406,-1.0317878723144531,0.0,0.13711848482489586,0.13711848482489586,0.2571854889392853,0.2571854889392853,0.15405958890914917,2.0009729862213135,0.2544826865196228,0.0,0.10312590003013611,0.10312590003013611,0.051762595772743225,0.051762595772743225,0.04252235218882561,0.9113162755966187,0.5735997557640076,0.0,0.009240243583917618,0.009240243583917618
447,14.9,4,0,0,,4,uneven rough,5,0.0,50.71884536743164,32.061241149902344,0.205812007188797,0.9870778918266296,-0.7142333984375,0.9870778918266296,-0.7142333984375,2.5903782844543457,2.4042677879333496,0.3333333432674408,0.07048475742340088,0.11143334954977036,0.4935389459133148,-0.35711669921875,0.4723566770553589,0.25918513536453247,0.47345560789108276,-0.008589179255068302,0.5005578398704529,-0.26034796237945557,0.3306496739387512,0.3306496739387512,0.2745128571987152,1.803780198097229,0.49724406003952026,0.0,0.05613681674003601,0.05613681674003601,0.12959256768226624,0.12959256768226624,0.09646262973546982,1.9986659288406372,0.5044320821762085,0.0,0.03312993794679642,0.03312993794679642,0.23672780394554138,0.23672780394554138,0.15898792445659637,1.535280704498291,0.38246822357177734,0.0,0.07773987948894501,0.07773987948894501,-0.006012425292283297,-0.006012425292283297,0.01173678133636713,-1.6539236307144165,-1.5047121047973633,0.0,-0.017749206628650427,-0.017749206628650427,0.25027891993522644,0.25027891993522644,0.26243001222610474,1.7784453630447388,0.15862634778022766,0.0,-0.012151092290878296,-0.012151092290878296,-0.13017398118972778,-0.13017398118972778,-0.10474623739719391,2.0058417320251465,-1.3142699003219604,0.0,-0.025427743792533875,-0.025427743792533875
447,14.9,14,0,0,,4,uneven rough,5,0.0,50.795326232910156,33.622581481933594,0.31149226427078247,1.2185527086257935,0.46944186091423035,1.2185527086257935,0.46944186091423035,4.032820701599121,1.3023593425750732,0.3333333432674408,0.5806229114532471,0.0514480397105217,0.6092763543128967,0.23472093045711517,0.18798740208148956,0.5371988415718079,0.20776903629302979,-0.19619201123714447,0.3502843379974365,-0.19160716235637665,0.13159118592739105,0.13159118592739105,0.1472393125295639,-1.0734612941741943,-0.10631102323532104,0.0,-0.01564812660217285,-0.01564812660217285,0.26859942078590393,0.26859942078590393,0.1709161102771759,1.9208872318267822,0.3121125400066376,0.0,0.09768331050872803,0.09768331050872803,0.10388451814651489,0.10388451814651489,0.10021152347326279,-1.725974678993225,0.9074082374572754,0.0,0.0036729946732521057,0.0036729946732521057,-0.137334406375885,-0.137334406375885,0.27960848808288574,-1.564657211303711,-0.2720458507537842,0.0,-0.41694289445877075,-0.41694289445877075,0.17514216899871826,0.17514216899871826,0.1511734127998352,1.9963990449905396,-0.5487354397773743,0.0,0.023968756198883057,0.023968756198883057,-0.09580358117818832,-0.09580358117818832,0.011894721537828445,-1.2989412546157837,1.344985008239746,0.0,-0.10769830271601677,-0.10769830271601677
447,14.9,24,0,0,,4,uneven rough,8,0.0,74.6694107055664,38.535430908203125,0.3289448618888855,1.4145958423614502,0.3268202543258667,1.4145958423614502,0.3268202543258667,7.40466833114624,0.0,0.0,-0.3781493604183197,0.23798517882823944,0.7072979211807251,0.16341012716293335,-0.2514202892780304,0.09639916568994522,0.3005771338939667,0.3646586239337921,0.605993390083313,-0.06590557843446732,-0.17599420249462128,-0.17599420249462128,0.029730701819062233,-1.9995602369308472,1.4333696365356445,0.0,-0.2057249043136835,-0.2057249043136835,0.04819958284497261,0.04819958284497261,0.09139961749315262,-2.0000383853912354,-1.490729570388794,0.0,-0.04320003464818001,-0.04320003464818001,0.15028856694698334,0.15028856694698334,-0.06727913022041321,1.3988593816757202,-0.5286387801170349,0.0,0.21756769716739655,0.21756769716739655,0.25526103377342224,0.25526103377342224,-0.11224985867738724,1.9895682334899902,0.6823753118515015,0.0,0.3675108924508095,0.3675108924508095,0.3029966950416565,0.3029966950416565,0.22276687622070312,2.051128387451172,1.2419514656066895,0.0,0.08022981882095337,0.08022981882095337,-0.03295278921723366,-0.03295278921723366,0.016269130632281303,-0.5030263066291809,0.7645452618598938,0.0,-0.04922191984951496,-0.04922191984951496
448,14.933333333333334,4,0,0,,4,uneven rough,5,0.0,50.73935317993164,32.02244567871094,0.2065262347459793,1.3108525276184082,-0.5471495985984802,1.3108525276184082,-0.5471495985984802,3.321718215942383,2.2557358741760254,0.3333333432674408,0.10169335454702377,0.05119694024324417,0.6554262638092041,-0.2735747992992401,0.5080825090408325,0.6049176454544067,-0.14939643442630768,0.05119569972157478,0.7962324619293213,-0.031259868294000626,0.35565775632858276,0.35565775632858276,0.33713045716285706,1.5379172563552856,1.2359619140625,0.0,0.018527299165725708,0.018527299165725708,0.30245882272720337,0.30245882272720337,0.16267931461334229,2.0000054836273193,1.3492745161056519,0.0,0.13977950811386108,0.13977950811386108,-0.07469821721315384,-0.07469821721315384,0.10078034549951553,-2.0000009536743164,1.0342705249786377,0.0,-0.17547856271266937,-0.17547856271266937,0.03583699092268944,0.03583699092268944,0.008519251830875874,1.2098708152770996,-1.5890766382217407,0.0,0.027317739091813564,0.027317739091813564,0.39811623096466064,0.39811623096466064,0.32535848021507263,1.9905532598495483,1.0744749307632446,0.0,0.07275775074958801,0.07275775074958801,-0.015629934147000313,-0.015629934147000313,-0.04171549901366234,2.000035047531128,0.5629271864891052,0.0,0.026085564866662025,0.026085564866662025
448,14.933333333333334,14,0,0,,4,uneven rough,5,0.0,50.82282638549805,33.596824645996094,0.3031569719314575,1.074339747428894,-0.30467015504837036,1.074339747428894,-0.30467015504837036,2.193561315536499,1.9134092330932617,0.1666666716337204,0.467734694480896,0.18423227965831757,0.537169873714447,-0.15233507752418518,0.8925753831863403,-0.27330079674720764,0.04540782794356346,0.08703514188528061,0.3190889358520508,-0.4464215636253357,0.6248027682304382,0.6248027682304382,0.19709384441375732,1.4148837327957153,-0.6531395316123962,0.0,0.4277089238166809,0.4277089238166809,-0.4372812807559967,-0.4372812807559967,0.12719084322452545,-0.5518918037414551,1.2217166423797607,0.0,-0.5644721239805222,-0.5644721239805222,0.02270391397178173,0.02270391397178173,0.04419988393783569,0.45614883303642273,-0.5815111994743347,0.0,-0.021495969966053963,-0.021495969966053963,0.06092459708452225,0.06092459708452225,0.21141095459461212,-1.7450604438781738,-1.0028905868530273,0.0,-0.15048635751008987,-0.15048635751008987,0.1595444679260254,0.1595444679260254,0.1432095766067505,0.4577834904193878,0.8902881741523743,0.0,0.016334891319274902,0.016334891319274902,-0.22321078181266785,-0.22321078181266785,-0.03349422663450241,1.1118720769882202,-0.14989562332630157,0.0,-0.18971655517816544,-0.18971655517816544
448,14.933333333333334,24,0,0,,4,uneven rough,8,0.0,74.727294921875,38.55695724487305,0.32582008838653564,1.5945045948028564,-0.0309443362057209,1.5945045948028564,-0.0309443362057209,6.60687780380249,0.3978872299194336,0.1666666716337204,-0.16987846791744232,0.317013680934906,0.7972522974014282,-0.01547216810286045,0.02052808180451393,0.42118141055107117,0.03887857124209404,0.017414914444088936,0.1919306516647339,0.33160874247550964,0.014369657263159752,0.014369657263159752,-0.0033295252360403538,0.1419776976108551,-0.5076150298118591,0.0,0.017699182499200106,0.017699182499200106,0.21059070527553558,0.21059070527553558,0.11628858745098114,1.9583221673965454,-1.778693675994873,0.0,0.09430211782455444,0.09430211782455444,0.01943928562104702,0.01943928562104702,-0.02351350151002407,1.5580270290374756,0.5611721277236938,0.0,0.04295278713107109,0.04295278713107109,0.012190439738333225,0.012190439738333225,-0.05165477842092514,1.75253164768219,1.4214645624160767,0.0,0.06384521815925837,0.06384521815925837,0.09596532583236694,0.09596532583236694,0.20253902673721313,-1.413353681564331,1.699461579322815,0.0,-0.10657370090484619,-0.10657370090484619,0.16580437123775482,0.16580437123775482,0.08406063914299011,1.9970693588256836,0.04785802215337753,0.0,0.08174373209476471,0.08174373209476471
449,14.966666666666667,4,0,0,,4,uneven rough,5,0.0,50.759944915771484,31.988489151000977,0.2014217972755432,1.0223426818847656,0.6615423560142517,1.0223426818847656,0.6615423560142517,4.994979381561279,0.0,0.0,0.19711719453334808,0.16921651363372803,0.5111713409423828,0.33077117800712585,0.111075259745121,0.3830147683620453,-0.06687506288290024,0.8020399212837219,0.542976975440979,0.11996568739414215,0.07775267958641052,0.07775267958641052,0.293366014957428,-1.9960691928863525,1.4066879749298096,0.0,-0.21561333537101746,-0.21561333537101746,0.19150738418102264,0.19150738418102264,0.1793869286775589,0.9836186766624451,1.7171989679336548,0.0,0.012120455503463745,0.012120455503463745,-0.03343753144145012,-0.03343753144145012,0.03409917652606964,-2.0000014305114746,-0.6813120245933533,0.0,-0.06753670796751976,-0.06753670796751976,0.5614279508590698,0.5614279508590698,0.07968319952487946,1.9999938011169434,-0.0065467446111142635,0.0,0.48174475133419037,0.48174475133419037,0.2714884877204895,0.2714884877204895,0.2852138578891754,-1.4978060722351074,1.5924272537231445,0.0,-0.013725370168685913,-0.013725370168685913,0.059982843697071075,0.059982843697071075,0.023758133873343468,1.9939501285552979,1.375470519065857,0.0,0.03622470982372761,0.03622470982372761
449,14.966666666666667,14,0,0,,4,uneven rough,5,0.0,50.84737014770508,33.5654411315918,0.3024706542491913,1.3923051357269287,-0.34223026037216187,1.3923051357269287,-0.34223026037216187,3.9052493572235107,3.6980037689208984,0.3333333432674408,0.3249616026878357,0.10613995045423508,0.6961525678634644,-0.17111513018608093,0.6666167378425598,0.0981389656662941,0.2512733042240143,0.1542808562517166,0.23059627413749695,-0.2661265432834625,0.4666317105293274,0.4666317105293274,0.26358404755592346,1.9400928020477295,0.5161245465278625,0.0,0.20304766297340393,0.20304766297340393,0.04906948283314705,0.04906948283314705,0.08726141601800919,-0.2104661613702774,0.21891523897647858,0.0,-0.03819193318486214,-0.03819193318486214,0.12563665211200714,0.12563665211200714,0.06552832573652267,-0.11795373260974884,0.005183644127100706,0.0,0.06010832637548447,0.06010832637548447,0.10799659788608551,0.10799659788608551,0.1525624841451645,-1.5007661581039429,-1.422514796257019,0.0,-0.04456588625907898,-0.04456588625907898,0.11529813706874847,0.11529813706874847,0.08993696421384811,-0.45460638403892517,0.6457492709159851,0.0,0.02536117285490036,0.02536117285490036,-0.13306327164173126,-0.13306327164173126,-0.033877983689308167,-1.0755774974822998,0.5635101199150085,0.0,-0.0991852879524231,-0.0991852879524231
449,14.966666666666667,24,0,0,,4,uneven rough,8,0.0,74.78160858154297,38.58490753173828,0.3360322117805481,1.6280502080917358,-0.3166293203830719,1.6280502080917358,-0.3166293203830719,8.448768615722656,2.4505364894866943,0.3333333432674408,-0.3660227656364441,0.18670150637626648,0.8140251040458679,-0.15831466019153595,-0.5462221503257751,0.7088472843170166,-0.13617229461669922,-0.17096811532974243,0.2865431308746338,-0.2075507789850235,-0.3823555111885071,-0.3823555111885071,-0.0483090914785862,-1.1231447458267212,-0.1403341293334961,0.0,-0.3340464197099209,-0.3340464197099209,0.3544236421585083,0.3544236421585083,0.16544665396213531,1.8807188272476196,0.334221750497818,0.0,0.18897698819637299,0.18897698819637299,-0.06808614730834961,-0.06808614730834961,-0.05681787431240082,-0.18213966488838196,1.12479567527771,0.0,-0.011268272995948792,-0.011268272995948792,-0.11967767775058746,-0.11967767775058746,-0.06318186968564987,-1.932694435119629,1.6086504459381104,0.0,-0.05649580806493759,-0.05649580806493759,0.1432715654373169,0.1432715654373169,0.16248686611652374,-1.8920663595199585,-0.06052973493933678,0.0,-0.019215300679206848,-0.019215300679206848,-0.10377538949251175,-0.10377538949251175,0.05280749499797821,-0.07225224375724792,1.149945616722107,0.0,-0.15658288449048996,-0.15658288449048996
450,15.0,4,0,0,,4,uneven rough,5,0.0,50.776241302490234,31.953861236572266,0.18303176760673523,0.4638805687427521,0.02842581272125244,0.4638805687427521,0.02842581272125244,2.2740721702575684,0.0,0.0,0.24809041619300842,0.12122713029384613,0.23194028437137604,0.01421290636062622,0.3802461624145508,0.15486210584640503,0.49555230140686035,0.3130195140838623,-0.0356622077524662,0.23704105615615845,0.26617231965065,0.26617231965065,0.25058749318122864,-0.6164641380310059,-0.5172370076179504,0.0,0.015584826469421387,0.015584826469421387,0.07743105292320251,0.07743105292320251,0.11906793713569641,-1.9784027338027954,1.302431344985962,0.0,-0.041636884212493896,-0.041636884212493896,0.24777615070343018,0.24777615070343018,0.08733368664979935,1.776483416557312,-1.4269013404846191,0.0,0.16044246405363083,0.16044246405363083,0.21911366283893585,0.21911366283893585,0.1444791555404663,1.9680228233337402,1.1279548406600952,0.0,0.07463450729846954,0.07463450729846954,-0.05705953389406204,-0.05705953389406204,0.21678002178668976,-1.8947864770889282,-0.15479622781276703,0.0,-0.2738395556807518,-0.2738395556807518,0.11852052807807922,0.11852052807807922,0.09670194238424301,2.000406265258789,1.725160002708435,0.0,0.021818585693836212,0.021818585693836212
450,15.0,14,0,0,,4,uneven rough,5,0.0,50.87148666381836,33.534645080566406,0.3032442331314087,0.8648168444633484,-0.6980655789375305,0.8648168444633484,-0.6980655789375305,1.6354568004608154,6.039809226989746,0.6666666865348816,-0.0042599341832101345,0.06292073428630829,0.4324084222316742,-0.34903278946876526,0.29749152064323425,0.049123648554086685,0.7351064682006836,0.33574551343917847,0.10776054859161377,-0.1934603750705719,0.20824405550956726,0.20824405550956726,0.21632422506809235,-1.478054404258728,1.3212387561798096,0.0,-0.008080169558525085,-0.008080169558525085,0.024561824277043343,0.024561824277043343,0.03581422194838524,-0.7687140107154846,-0.02385777048766613,0.0,-0.011252397671341896,-0.011252397671341896,0.3675532341003418,0.3675532341003418,0.08377549797296524,0.8197377324104309,-0.06443844735622406,0.0,0.28377773612737656,0.28377773612737656,0.23502185940742493,0.23502185940742493,0.21194608509540558,1.7012107372283936,-1.4667582511901855,0.0,0.023075774312019348,0.023075774312019348,0.053880274295806885,0.053880274295806885,0.045516811311244965,-0.2563040554523468,0.023606201633810997,0.0,0.00836346298456192,0.00836346298456192,-0.09673018753528595,-0.09673018753528595,-0.058948077261447906,-0.2774941921234131,-0.36323294043540955,0.0,-0.03778211027383804,-0.03778211027383804
450,15.0,24,0,0,,4,uneven rough,8,0.0,74.83851623535156,38.60743713378906,0.34315967559814453,1.6304994821548462,-0.2903078496456146,1.6304994821548462,-0.2903078496456146,8.44691276550293,3.2364413738250732,0.3333333432674408,0.15234458446502686,0.20597848296165466,0.8152497410774231,-0.1451539248228073,-0.09452888369560242,0.2953159809112549,0.34935420751571655,-0.6258927583694458,0.4381371736526489,-0.713904082775116,-0.06617021560668945,-0.06617021560668945,-0.05698605999350548,-0.25972720980644226,-0.6960170269012451,0.0,-0.009184155613183975,-0.009184155613183975,0.14765799045562744,0.14765799045562744,0.1996574103832245,0.4790654480457306,1.2086139917373657,0.0,-0.051999419927597046,-0.051999419927597046,0.17467710375785828,0.17467710375785828,-0.005135274957865477,1.6472843885421753,0.38585206866264343,0.0,0.17981237871572375,0.17981237871572375,-0.4381249248981476,-0.4381249248981476,-0.12464173138141632,-1.9170764684677124,-0.39363232254981995,0.0,-0.31348319351673126,-0.31348319351673126,0.21906858682632446,0.21906858682632446,0.156164288520813,-0.16630418598651886,-1.0960838794708252,0.0,0.06290429830551147,0.06290429830551147,-0.356952041387558,-0.356952041387558,0.060106705874204636,0.2501753866672516,0.45891276001930237,0.0,-0.4170587472617626,-0.4170587472617626
451,15.033333333333333,4,0,0,,4,uneven rough,5,0.0,50.800968170166016,31.917247772216797,0.1746736764907837,0.8880424499511719,-0.16163606941699982,0.8880424499511719,-0.16163606941699982,6.059222221374512,3.3333334922790527,0.1666666716337204,0.21984738111495972,0.11988451331853867,0.44402122497558594,-0.08081803470849991,-0.02255554497241974,0.45596572756767273,0.7484074831008911,0.628567636013031,-0.11688462644815445,0.013043390586972237,-0.015788881108164787,-0.015788881108164787,0.19569306075572968,-1.4067163467407227,-0.5733401775360107,0.0,-0.21148194186389446,-0.21148194186389446,0.22798286378383636,0.22798286378383636,0.17034456133842468,1.9661387205123901,-0.5525581240653992,0.0,0.05763830244541168,0.05763830244541168,0.37420374155044556,0.37420374155044556,0.08350887149572372,-0.365666002035141,0.3842981457710266,0.0,0.29069487005472183,0.29069487005472183,0.4399973452091217,0.4399973452091217,0.21942554414272308,1.9651312828063965,1.6029307842254639,0.0,0.22057180106639862,0.22057180106639862,-0.18701539933681488,-0.18701539933681488,0.2235381007194519,-0.6741818785667419,-1.138589859008789,0.0,-0.4105535000562668,-0.4105535000562668,0.006521695293486118,0.006521695293486118,0.0860661119222641,-1.8192952871322632,1.8807847499847412,0.0,-0.07954441662877798,-0.07954441662877798
451,15.033333333333333,14,0,0,,4,uneven rough,5,0.0,50.890079498291016,33.495765686035156,0.3061627447605133,0.37043997645378113,0.18084347248077393,0.37043997645378113,0.18084347248077393,2.0331153869628906,1.2931169271469116,0.5,-0.05668197199702263,0.08722453564405441,0.18521998822689056,0.09042173624038696,0.5597666501998901,0.06492208689451218,0.5490074753761292,0.45360860228538513,-0.05999220535159111,0.1517641246318817,0.39183664321899414,0.39183664321899414,0.2452445924282074,1.7284948825836182,-0.26148658990859985,0.0,0.14659205079078674,0.14659205079078674,0.03246104344725609,0.03246104344725609,0.016877707093954086,0.6850958466529846,-0.4450008273124695,0.0,0.015583336353302002,0.015583336353302002,0.2745037376880646,0.2745037376880646,0.1357198804616928,0.6195314526557922,0.4354763627052307,0.0,0.13878385722637177,0.13878385722637177,0.3175260126590729,0.3175260126590729,0.2658129334449768,1.972203016281128,0.3244170844554901,0.0,0.05171307921409607,0.05171307921409607,-0.09598752856254578,-0.09598752856254578,-0.010705467313528061,-1.9238439798355103,-0.13465556502342224,0.0,-0.08528206124901772,-0.08528206124901772,0.07588206231594086,0.07588206231594086,0.002822096226736903,1.8536009788513184,-0.3147560954093933,0.0,0.07305996608920395,0.07305996608920395
451,15.033333333333333,24,0,0,,4,uneven rough,8,0.0,74.89205169677734,38.62702941894531,0.35120055079460144,1.8182189464569092,-0.28754886984825134,1.8182189464569092,-0.28754886984825134,9.825927734375,4.489648342132568,0.3333333432674408,0.4262370765209198,0.15809287130832672,0.9091094732284546,-0.14377443492412567,0.40757691860198975,0.22908417880535126,0.022367345169186592,-0.4283004701137543,0.5742822885513306,-0.6140549182891846,0.28530383110046387,0.28530383110046387,-0.0045538367703557014,1.518684983253479,-0.44933798909187317,0.0,0.28985766787081957,0.28985766787081957,0.11454208940267563,0.11454208940267563,0.18080981075763702,-1.9900754690170288,0.7961259484291077,0.0,-0.0662677213549614,-0.0662677213549614,0.011183672584593296,0.011183672584593296,0.028175923973321915,0.479431688785553,1.0990681648254395,0.0,-0.01699225138872862,-0.01699225138872862,-0.2998103201389313,-0.2998103201389313,-0.19473940134048462,-1.9290821552276611,-1.2549903392791748,0.0,-0.10507091879844666,-0.10507091879844666,0.2871411442756653,0.2871411442756653,0.14019937813282013,-1.2317695617675781,-0.5703848004341125,0.0,0.14694176614284515,0.14694176614284515,-0.3070274591445923,-0.3070274591445923,0.04302982613444328,-0.048121917992830276,0.3408922851085663,0.0,-0.35005728527903557,-0.35005728527903557
452,15.066666666666666,4,0,0,,4,uneven rough,5,0.0,50.82587432861328,31.88252830505371,0.17967547476291656,0.2888851463794708,0.6315188407897949,0.2888851463794708,0.6315188407897949,5.6446533203125,5.627004146575928,0.5,0.4830246865749359,0.025876354426145554,0.1444425731897354,0.31575942039489746,0.5003452897071838,0.006164140999317169,0.28358766436576843,0.3022897243499756,0.22745057940483093,0.0972815603017807,0.35024169087409973,0.35024169087409973,0.2353246808052063,1.7463215589523315,-1.0445325374603271,0.0,0.11491701006889343,0.11491701006889343,0.0030820704996585846,0.0030820704996585846,0.13012973964214325,-1.1613447666168213,0.8715175986289978,0.0,-0.12704766914248466,-0.12704766914248466,0.14179383218288422,0.14179383218288422,0.05354209616780281,-1.146771788597107,-0.039732929319143295,0.0,0.0882517360150814,0.0882517360150814,0.2116028070449829,0.2116028070449829,0.2225249707698822,-0.5300870537757874,1.8077195882797241,0.0,-0.010922163724899292,-0.010922163724899292,0.11372528970241547,0.11372528970241547,0.15224875509738922,-1.5772286653518677,-0.8760127425193787,0.0,-0.038523465394973755,-0.038523465394973755,0.04864078015089035,0.04864078015089035,0.06721677631139755,-0.7151622176170349,-0.21124714612960815,0.0,-0.018575996160507202,-0.018575996160507202
452,15.066666666666666,14,0,0,,4,uneven rough,5,0.0,50.91884231567383,33.46162033081055,0.30786454677581787,1.2237412929534912,-0.33376646041870117,1.2237412929534912,-0.33376646041870117,3.983590841293335,2.531895160675049,0.3333333432674408,-0.13851679861545563,0.25556549429893494,0.6118706464767456,-0.16688323020935059,-0.7108977437019348,0.6148132085800171,0.81270432472229,0.5211365222930908,0.2304893285036087,0.007624623831361532,-0.49762842059135437,-0.49762842059135437,0.2100711613893509,-1.8452879190444946,0.8636525273323059,0.0,-0.7076995819807053,-0.7076995819807053,0.30740660429000854,0.30740660429000854,0.08744911849498749,1.8590021133422852,0.1939578503370285,0.0,0.21995748579502106,0.21995748579502106,0.406352162361145,0.406352162361145,0.1524191051721573,0.5999848246574402,0.5395414233207703,0.0,0.25393305718898773,0.25393305718898773,0.3647955656051636,0.3647955656051636,0.3359752297401428,1.9970260858535767,1.2560782432556152,0.0,0.028820335865020752,0.028820335865020752,0.11524466425180435,0.11524466425180435,0.031679749488830566,1.7834326028823853,-1.1462658643722534,0.0,0.08356491476297379,0.08356491476297379,0.003812311915680766,0.003812311915680766,-0.014925283379852772,-1.3564400672912598,0.9112368822097778,0.0,0.018737595295533538,0.018737595295533538
452,15.066666666666666,24,0,0,,4,uneven rough,8,0.0,74.94636535644531,38.65092849731445,0.3675403892993927,1.9101097583770752,-0.9491328001022339,1.8576788902282715,-0.9491328001022339,10.400934219360352,5.437924861907959,0.3333333432674408,0.7213539481163025,0.16473816335201263,0.9550548791885376,-0.47456640005111694,-0.05626796558499336,0.5168015956878662,-0.021297546103596687,-0.12677685916423798,0.07421495765447617,-0.11915774643421173,-0.039387576282024384,-0.039387576282024384,-0.046315550804138184,-0.998670756816864,0.6633857488632202,0.0,0.0069279745221138,0.0069279745221138,0.2584007978439331,0.2584007978439331,0.22037139534950256,2.000004291534424,-0.7791973352432251,0.0,0.03802940249443054,0.03802940249443054,-0.010648773051798344,-0.010648773051798344,-0.020697368308901787,-0.9703643918037415,0.7487245798110962,0.0,0.010048595257103443,0.010048595257103443,-0.08874379843473434,-0.08874379843473434,-0.1398230344057083,1.9364690780639648,-1.6361230611801147,0.0,0.05107923597097397,0.05107923597097397,0.03710747882723808,0.03710747882723808,0.08616932481527328,-2.0045220851898193,-0.9443328976631165,0.0,-0.0490618459880352,-0.0490618459880352,-0.059578873217105865,-0.059578873217105865,-0.015980256721377373,-1.9184176921844482,0.12094295769929886,0.0,-0.04359861649572849,-0.04359861649572849
453,15.1,4,0,0,,4,uneven rough,5,0.0,50.85654067993164,31.855514526367188,0.19207918643951416,1.3736655712127686,-0.3279400169849396,1.3736655712127686,-0.3279400169849396,4.941834449768066,1.8594889640808105,0.3333333432674408,0.6196438670158386,0.09125097841024399,0.6868327856063843,-0.1639700084924698,0.04333791509270668,0.2584814727306366,0.5685634613037109,0.07938050478696823,-0.025127463042736053,-0.1804201453924179,0.030336540192365646,0.030336540192365646,0.19608265161514282,-1.9198088645935059,0.5334213972091675,0.0,-0.16574611142277718,-0.16574611142277718,0.1292407363653183,0.1292407363653183,0.12546446919441223,0.133982315659523,-0.2778664231300354,0.0,0.003776267170906067,0.003776267170906067,0.28428173065185547,0.28428173065185547,0.07378225028514862,0.7709274888038635,-0.6656546592712402,0.0,0.21049948036670685,0.21049948036670685,0.05556635186076164,0.05556635186076164,0.2306262105703354,-0.11668746918439865,0.4859195351600647,0.0,-0.17505985870957375,-0.17505985870957375,-0.040203940123319626,-0.040203940123319626,0.10782599449157715,-1.8348193168640137,-1.2724814414978027,0.0,-0.14802993461489677,-0.14802993461489677,-0.09021007269620895,-0.09021007269620895,0.03848540410399437,-1.2166764736175537,-0.49616163969039917,0.0,-0.12869547680020332,-0.12869547680020332
453,15.1,14,0,0,,4,uneven rough,5,0.0,50.95051193237305,33.43000411987305,0.30792155861854553,0.9364457726478577,1.0375511646270752,0.9364457726478577,1.0375511646270752,6.081854820251465,9.305978775024414,0.5,-0.18696460127830505,0.09541094303131104,0.46822288632392883,0.5187755823135376,0.35270947217941284,-0.21433359384536743,0.32203835248947144,0.456240713596344,0.3502572476863861,0.1532898247241974,0.2468966245651245,0.2468966245651245,0.23960480093955994,1.0021190643310547,-0.6679872870445251,0.0,0.007291823625564575,0.007291823625564575,-0.3429337441921234,-0.3429337441921234,0.08148422837257385,-0.24924127757549286,1.1353768110275269,0.0,-0.42441797256469727,-0.42441797256469727,0.16101917624473572,0.16101917624473572,0.15682223439216614,-0.026471344754099846,0.5737162232398987,0.0,0.00419694185256958,0.00419694185256958,0.31936848163604736,0.31936848163604736,0.30201828479766846,-1.2718191146850586,1.6750115156173706,0.0,0.017350196838378906,0.017350196838378906,0.17512862384319305,0.17512862384319305,0.06789050996303558,1.756617546081543,0.5101909041404724,0.0,0.10723811388015747,0.10723811388015747,0.0766449123620987,0.0766449123620987,-0.00943580362945795,0.7940890789031982,-0.37091174721717834,0.0,0.08608071599155664,0.08608071599155664
453,15.1,24,0,0,,4,uneven rough,8,0.0,75.00537109375,38.66775894165039,0.36771875619888306,1.7369165420532227,0.6538846492767334,1.7369165420532227,0.6538846492767334,9.110074996948242,0.0,0.0,0.5683076977729797,0.221971794962883,0.8684582710266113,0.3269423246383667,0.011537312529981136,0.5587260723114014,-0.3965117931365967,0.1934930384159088,0.4426833987236023,-0.03769465163350105,0.008076118305325508,0.008076118305325508,-0.0179119985550642,1.2874921560287476,-0.27634397149086,0.0,0.02598811686038971,0.02598811686038971,0.2793630361557007,0.2793630361557007,0.2833097577095032,0.7961690425872803,0.7921682596206665,0.0,-0.00394672155380249,-0.00394672155380249,-0.19825589656829834,-0.19825589656829834,-0.0841563493013382,0.5627726316452026,-0.22325140237808228,0.0,-0.11409954726696014,-0.11409954726696014,0.13544511795043945,0.13544511795043945,-0.08502465486526489,1.941554069519043,0.3838269114494324,0.0,0.22046977281570435,0.22046977281570435,0.22134169936180115,0.22134169936180115,0.12709838151931763,1.884568691253662,-1.5437657833099365,0.0,0.09424331784248352,0.09424331784248352,-0.018847325816750526,-0.018847325816750526,-0.03476924076676369,0.2954193353652954,-1.0321152210235596,0.0,0.01592191495001316,0.01592191495001316
454,15.133333333333333,4,0,0,,4,uneven rough,5,0.0,50.883670806884766,31.825830459594727,0.20730802416801453,1.364306926727295,-0.27127987146377563,1.364306926727295,-0.27127987146377563,6.1081953048706055,0.41220030188560486,0.3333333432674408,0.7056803703308105,0.19957298040390015,0.6821534633636475,-0.13563993573188782,0.5700004696846008,0.21227215230464935,0.3785085678100586,-0.292521595954895,-0.03968421742320061,-0.5747212171554565,0.3990003168582916,0.3990003168582916,0.24391400814056396,1.8829090595245361,-0.8536393642425537,0.0,0.15508630871772766,0.15508630871772766,0.10613607615232468,0.10613607615232468,0.09704465419054031,-0.3921712636947632,-0.0450064055621624,0.0,0.009091421961784363,0.009091421961784363,0.1892542839050293,0.1892542839050293,0.12667934596538544,1.869868278503418,0.146591454744339,0.0,0.06257493793964386,0.06257493793964386,-0.20476511120796204,-0.20476511120796204,0.1630677431821823,-1.9237926006317139,0.14520445466041565,0.0,-0.36783285439014435,-0.36783285439014435,-0.06349474936723709,-0.06349474936723709,0.05288265645503998,-1.3937524557113647,-1.5904282331466675,0.0,-0.11637740582227707,-0.11637740582227707,-0.28736060857772827,-0.28736060857772827,0.02162386104464531,-0.6998687982559204,-0.9035420417785645,0.0,-0.3089844696223736,-0.3089844696223736
454,15.133333333333333,14,0,0,,4,uneven rough,5,0.0,50.98251724243164,33.39664840698242,0.3049323856830597,1.4199200868606567,-0.42570456862449646,1.4199200868606567,-0.42570456862449646,4.911925792694092,3.8762691020965576,0.3333333432674408,-0.2041541337966919,0.08625718206167221,0.7099600434303284,-0.21285228431224823,0.453034371137619,-0.11925996094942093,0.30196061730384827,0.109072744846344,0.4389996826648712,-0.061567213386297226,0.31712406873703003,0.31712406873703003,0.30442583560943604,1.6623554229736328,0.2762938141822815,0.0,0.012698233127593994,0.012698233127593994,-0.19081594049930573,-0.19081594049930573,0.04823422431945801,0.2517075538635254,0.3525112569332123,0.0,-0.23905016481876373,-0.23905016481876373,0.15098030865192413,0.15098030865192413,0.15587255358695984,0.1164349615573883,0.23436909914016724,0.0,-0.004892244935035706,-0.004892244935035706,0.07635091990232468,0.07635091990232468,0.23443768918514252,-1.8937808275222778,0.0088682034984231,0.0,-0.15808676928281784,-0.15808676928281784,0.2194998413324356,0.2194998413324356,0.11274698376655579,1.9429770708084106,1.2149227857589722,0.0,0.10675285756587982,0.10675285756587982,-0.030783606693148613,-0.030783606693148613,-0.015618874691426754,-0.8988219499588013,0.28778180480003357,0.0,-0.015164732001721859,-0.015164732001721859
454,15.133333333333333,24,0,0,,4,uneven rough,8,0.0,75.06048583984375,38.68691635131836,0.357992023229599,1.5180320739746094,0.28619685769081116,1.5180320739746094,0.28619685769081116,7.745143413543701,2.508533477783203,0.1666666716337204,0.6769697070121765,0.32740911841392517,0.7590160369873047,0.14309842884540558,-0.37802261114120483,0.16315039992332458,-0.19154952466487885,-0.09085330367088318,0.6530970335006714,0.019642312079668045,-0.26461583375930786,-0.26461583375930786,-0.0523601695895195,-1.5234535932540894,0.6078518033027649,0.0,-0.21225566416978836,-0.21225566416978836,0.08157519996166229,0.08157519996166229,0.22734880447387695,-1.723935842514038,0.7944303154945374,0.0,-0.14577360451221466,-0.14577360451221466,-0.09577476233243942,-0.09577476233243942,-0.05160924419760704,1.9575647115707397,0.22116799652576447,0.0,-0.04416551813483238,-0.04416551813483238,-0.06359731405973434,-0.06359731405973434,-0.03958258405327797,0.5692412853240967,1.2645686864852905,0.0,-0.024014730006456375,-0.024014730006456375,0.3265485167503357,0.3265485167503357,0.15908847749233246,1.1139549016952515,0.3946206569671631,0.0,0.16746003925800323,0.16746003925800323,0.009821156039834023,0.009821156039834023,0.01063033938407898,0.981680691242218,-0.28152480721473694,0.0,-0.000809183344244957,-0.000809183344244957
455,15.166666666666666,4,0,0,,4,uneven rough,5,0.0,50.913856506347656,31.795215606689453,0.2114029824733734,1.12440824508667,-0.7690533399581909,1.12440824508667,-0.7690533399581909,2.5750203132629395,1.7976937294006348,0.3333333432674408,0.8102073669433594,0.14128383994102478,0.562204122543335,-0.38452666997909546,0.31575560569763184,0.18810871243476868,0.4014294445514679,-0.3135055601596832,0.24256880581378937,-0.5626610517501831,0.22102892398834229,0.22102892398834229,0.25163647532463074,-0.9355805516242981,0.6936100125312805,0.0,-0.030607551336288452,-0.030607551336288452,0.09405435621738434,0.09405435621738434,0.11686144024133682,-0.9719821214675903,-0.2412940412759781,0.0,-0.022807084023952484,-0.022807084023952484,0.20071472227573395,0.20071472227573395,0.18882450461387634,1.523963212966919,1.1209352016448975,0.0,0.011890217661857605,0.011890217661857605,-0.21945388615131378,-0.21945388615131378,0.11563833057880402,-1.434338092803955,-1.024610161781311,0.0,-0.3350922167301178,-0.3350922167301178,0.12128440290689468,0.12128440290689468,0.09995662420988083,1.1429747343063354,-1.4792274236679077,0.0,0.021327778697013855,0.021327778697013855,-0.28133052587509155,-0.28133052587509155,-0.014320025220513344,-0.6792333722114563,-0.7883848547935486,0.0,-0.2670105006545782,-0.2670105006545782
455,15.166666666666666,14,0,0,,4,uneven rough,5,0.0,51.014198303222656,33.36505889892578,0.3008347749710083,0.9056121110916138,0.4226645529270172,0.9056121110916138,0.4226645529270172,4.488147735595703,0.5025551319122314,0.3333333432674408,-0.21806496381759644,0.09730532765388489,0.4528060555458069,0.2113322764635086,0.5458230972290039,-0.0390547551214695,0.22040607035160065,0.1429920196533203,0.3049241602420807,-0.2548644244670868,0.3820761740207672,0.3820761740207672,0.37090012431144714,1.9739404916763306,1.059975504875183,0.0,0.011176049709320068,0.011176049709320068,-0.062487609684467316,-0.062487609684467316,-0.015238483436405659,-1.9145954847335815,0.2955166697502136,0.0,-0.04724912624806166,-0.04724912624806166,0.11020303517580032,0.11020303517580032,0.11458621174097061,-1.6006795167922974,0.16768892109394073,0.0,-0.004383176565170288,-0.004383176565170288,0.10009441524744034,0.10009441524744034,0.16672556102275848,-1.9822734594345093,-1.0668929815292358,0.0,-0.06663114577531815,-0.06663114577531815,0.15246208012104034,0.15246208012104034,0.130271315574646,0.38100454211235046,1.6265660524368286,0.0,0.022190764546394348,0.022190764546394348,-0.1274322122335434,-0.1274322122335434,-0.08191219717264175,-2.0006203651428223,-0.38312608003616333,0.0,-0.04552001506090164,-0.04552001506090164
455,15.166666666666666,24,0,0,,4,uneven rough,8,0.0,75.11498260498047,38.707157135009766,0.3605731129646301,1.763627290725708,0.7351610660552979,1.763627290725708,0.7351610660552979,8.853436470031738,1.5491746664047241,0.3333333432674408,0.601131796836853,0.32719823718070984,0.881813645362854,0.3675805330276489,0.5504264831542969,0.390224426984787,-0.20728221535682678,-0.01649951934814453,0.0783730000257492,-0.1792289763689041,0.3852985203266144,0.3852985203266144,-0.012233034707605839,1.4420489072799683,-0.597192108631134,0.0,0.3975315550342202,0.3975315550342202,0.1951122134923935,0.1951122134923935,0.18110184371471405,-0.24081186950206757,-0.6294584274291992,0.0,0.014010369777679443,0.014010369777679443,-0.10364110767841339,-0.10364110767841339,-0.06484825164079666,-0.5323976278305054,1.2029298543930054,0.0,-0.03879285603761673,-0.03879285603761673,-0.011549663729965687,-0.011549663729965687,-0.03887215629220009,0.8371018767356873,0.8714293241500854,0.0,0.0273224925622344,0.0273224925622344,0.0391865000128746,0.0391865000128746,0.1104673445224762,-1.7692190408706665,0.8013335466384888,0.0,-0.07128084450960159,-0.07128084450960159,-0.08961448818445206,-0.08961448818445206,-0.049060918390750885,-1.4334542751312256,0.43269383907318115,0.0,-0.04055356979370117,-0.04055356979370117
456,15.2,4,0,0,,4,uneven rough,5,0.0,50.940303802490234,31.769325256347656,0.20642852783203125,1.0272177457809448,-0.07506077736616135,1.0272177457809448,-0.07506077736616135,3.84980845451355,0.5686385035514832,0.1666666716337204,0.8312785029411316,0.21707819402217865,0.5136088728904724,-0.03753038868308067,0.8211295008659363,0.10636796057224274,0.11477962881326675,0.21777673065662384,0.14782004058361053,-0.27955445647239685,0.5747906565666199,0.5747906565666199,0.2679496705532074,1.0817824602127075,-0.22753724455833435,0.0,0.3068409860134125,0.3068409860134125,0.05318398028612137,0.05318398028612137,0.05597247928380966,-1.259837031364441,-0.6544263958930969,0.0,-0.0027884989976882935,-0.0027884989976882935,0.05738981440663338,0.05738981440663338,0.12470702826976776,-2.00199294090271,1.34880793094635,0.0,-0.06731721386313438,-0.06731721386313438,0.15244370698928833,0.15244370698928833,0.1015264093875885,0.8847799897193909,-1.2562711238861084,0.0,0.05091729760169983,0.05091729760169983,0.07391002029180527,0.07391002029180527,0.08665100485086441,0.05521322414278984,0.0033703718800097704,0.0,-0.012740984559059143,-0.012740984559059143,-0.13977722823619843,-0.13977722823619843,-0.07640746235847473,-1.8100696802139282,-0.7266704440116882,0.0,-0.0633697658777237,-0.0633697658777237
456,15.2,14,0,0,,4,uneven rough,5,0.0,51.04473876953125,33.336090087890625,0.29813066124916077,1.2461059093475342,-0.29241013526916504,1.2461059093475342,-0.29241013526916504,6.314482688903809,1.3686485290527344,0.3333333432674408,-0.16854208707809448,0.1334494948387146,0.6230529546737671,-0.14620506763458252,0.38486433029174805,-0.15798459947109222,0.7580767273902893,0.2758261263370514,0.02587464265525341,-0.22563591599464417,0.2694050371646881,0.2694050371646881,0.3232268989086151,-2.000001907348633,1.5767329931259155,0.0,-0.053821861743927,-0.053821861743927,-0.2527753710746765,-0.2527753710746765,-0.07808037102222443,-1.9680174589157104,-0.9540846943855286,0.0,-0.1746950000524521,-0.1746950000524521,0.37903836369514465,0.37903836369514465,0.16493859887123108,1.7106398344039917,-0.8321497440338135,0.0,0.21409976482391357,0.21409976482391357,0.19307827949523926,0.19307827949523926,0.1894143670797348,0.5943353772163391,-1.5844507217407227,0.0,0.0036639124155044556,0.0036639124155044556,0.012937321327626705,0.012937321327626705,0.0761042982339859,-1.9187037944793701,0.9223233461380005,0.0,-0.0631669769063592,-0.0631669769063592,-0.11281795799732208,-0.11281795799732208,-0.11191173642873764,0.9663903713226318,-1.297660231590271,0.0,-0.0009062215685844421,-0.0009062215685844421
456,15.2,24,0,0,,4,uneven rough,8,0.0,75.17200469970703,38.73484802246094,0.36767473816871643,1.6863553524017334,-0.17256514728069305,1.6863553524017334,-0.17256514728069305,8.890233993530273,1.2753280401229858,0.3333333432674408,0.5822570323944092,0.3117629289627075,0.8431776762008667,-0.08628257364034653,-0.4368601441383362,0.596625566482544,-0.06530407071113586,-0.13094110786914825,-0.07248730212450027,-0.11704014986753464,-0.3058021068572998,-0.3058021068572998,-0.040954090654850006,-1.645719051361084,0.5557984113693237,0.0,-0.2648480162024498,-0.2648480162024498,0.298312783241272,0.298312783241272,0.2440851330757141,1.9511300325393677,-0.40971696376800537,0.0,0.05422765016555786,0.05422765016555786,-0.03265203535556793,-0.03265203535556793,-0.032450851052999496,0.9151976108551025,0.22177258133888245,0.0,-0.00020118430256843567,-0.00020118430256843567,-0.09165877103805542,-0.09165877103805542,-0.03458255156874657,-1.046252727508545,0.8520205020904541,0.0,-0.05707621946930885,-0.05707621946930885,-0.11597968637943268,-0.11597968637943268,0.0655023530125618,-1.4627503156661987,-0.6520614624023438,0.0,-0.18148203939199448,-0.18148203939199448,-0.05852007493376732,-0.05852007493376732,-0.04254339262843132,1.416686773300171,-0.6224296689033508,0.0,-0.015976682305336,-0.015976682305336
457,15.233333333333333,4,0,0,,4,uneven rough,5,0.0,50.94951248168945,31.731788635253906,0.19593429565429688,0.6355401873588562,-0.7608857154846191,0.6355401873588562,-0.7608857154846191,1.3482754230499268,2.975341558456421,0.3333333432674408,0.784735381603241,0.09647409617900848,0.3177700936794281,-0.38044285774230957,0.4724407196044922,-0.06846561282873154,0.6096526384353638,0.3708755373954773,0.2143888622522354,-0.010523454286158085,0.33070850372314453,0.33070850372314453,0.30984532833099365,1.2847981452941895,0.5127544403076172,0.0,0.02086317539215088,0.02086317539215088,-0.10954498499631882,-0.10954498499631882,-0.010176550596952438,-1.9987616539001465,-0.9967266321182251,0.0,-0.09936843439936638,-0.09936843439936638,0.3048263192176819,0.3048263192176819,0.18212926387786865,1.414069652557373,-0.5457409024238586,0.0,0.12269705533981323,0.12269705533981323,0.2596128582954407,0.2596128582954407,0.15718507766723633,1.881637454032898,-0.045716989785432816,0.0,0.10242778062820435,0.10242778062820435,0.1071944311261177,0.1071944311261177,0.12609267234802246,0.9035212397575378,0.03268241509795189,0.0,-0.018898241221904755,-0.018898241221904755,-0.0052617271430790424,-0.0052617271430790424,-0.027146056294441223,1.4857319593429565,-1.3392263650894165,0.0,0.02188432915136218,0.02188432915136218
457,15.233333333333333,14,0,0,,4,uneven rough,5,0.0,51.07239532470703,33.298736572265625,0.2973920702934265,1.032399296760559,-0.5899548530578613,1.032399296760559,-0.5899548530578613,3.897942543029785,0.7531131505966187,0.1666666716337204,-0.3138437867164612,0.1600719690322876,0.5161996483802795,-0.29497742652893066,0.6009011268615723,0.5002612471580505,0.5480236411094666,0.44746097922325134,-0.14341747760772705,0.1452758014202118,0.4206307828426361,0.4206307828426361,0.3253576457500458,1.9908565282821655,-0.4455593228340149,0.0,0.09527313709259033,0.09527313709259033,0.25013062357902527,0.25013062357902527,-0.018121153116226196,1.1657825708389282,-1.5273641347885132,0.0,0.26825177669525146,0.26825177669525146,0.2740118205547333,0.2740118205547333,0.22292499244213104,0.037783388048410416,0.6055480241775513,0.0,0.051086828112602234,0.051086828112602234,0.3132226765155792,0.3132226765155792,0.24035999178886414,1.9954112768173218,-0.35256117582321167,0.0,0.07286268472671509,0.07286268472671509,-0.22946797311306,-0.22946797311306,0.04075329378247261,-1.5950156450271606,-0.6839984655380249,0.0,-0.2702212668955326,-0.2702212668955326,0.0726379007101059,0.0726379007101059,-0.047690052539110184,2.000011920928955,-0.01756194233894348,0.0,0.12032795324921608,0.12032795324921608
457,15.233333333333333,24,0,0,,4,uneven rough,8,0.0,75.22920227050781,38.76326370239258,0.3570494055747986,1.8278725147247314,-0.5608904957771301,1.8278725147247314,-0.5608904957771301,9.271589279174805,2.9638190269470215,0.3333333432674408,0.26147955656051636,0.4377157688140869,0.9139362573623657,-0.28044524788856506,0.13958510756492615,0.35872071981430054,-0.13286465406417847,-0.6825567483901978,0.4077337384223938,-0.731911301612854,0.09770957380533218,0.09770957380533218,-0.003669183701276779,1.8404221534729004,-0.6889435052871704,0.0,0.10137875750660896,0.10137875750660896,0.17936035990715027,0.17936035990715027,0.2185099720954895,-1.54557466506958,0.9251101613044739,0.0,-0.03914961218833923,-0.03914961218833923,-0.06643232703208923,-0.06643232703208923,-0.05978325009346008,1.3288437128067017,0.6138363480567932,0.0,-0.00664907693862915,-0.00664907693862915,-0.4777897298336029,-0.4777897298336029,-0.10118821263313293,-1.0512503385543823,-0.22126658260822296,0.0,-0.37660151720046997,-0.37660151720046997,0.2038668692111969,0.2038668692111969,0.08981408178806305,1.2130292654037476,-1.110426425933838,0.0,0.11405278742313385,0.11405278742313385,-0.365955650806427,-0.365955650806427,-0.08239449560642242,1.72765052318573,0.5304903984069824,0.0,-0.2835611552000046,-0.2835611552000046
458,15.266666666666666,4,0,0,,4,uneven rough,5,0.0,50.9609375,31.700342178344727,0.19593389332294464,0.9104927182197571,0.0006222948431968689,0.9104927182197571,0.0006222948431968689,2.790709972381592,5.4770426750183105,0.5,0.7589526176452637,0.19067725539207458,0.45524635910987854,0.00031114742159843445,-0.08463894575834274,0.39897140860557556,0.4394868016242981,0.6205286979675293,0.16010092198848724,0.06636880338191986,-0.05924726277589798,-0.05924726277589798,0.2760933041572571,-1.5099519491195679,0.9492693543434143,0.0,-0.33534056693315506,-0.33534056693315506,0.19948570430278778,0.19948570430278778,-0.00032146406010724604,-0.08582776039838791,-1.5632790327072144,0.0,0.19980716836289503,0.19980716836289503,0.21974340081214905,0.21974340081214905,0.21868842840194702,-0.23336449265480042,0.5623394846916199,0.0,0.0010549724102020264,0.0010549724102020264,0.4343700706958771,0.4343700706958771,0.22179263830184937,1.4983731508255005,1.0440126657485962,0.0,0.2125774323940277,0.2125774323940277,0.08005046099424362,0.08005046099424362,0.12788431346416473,-1.9928832054138184,0.5250562429428101,0.0,-0.04783385246992111,-0.04783385246992111,0.03318440169095993,0.03318440169095993,0.016065368428826332,1.0077276229858398,0.2580101490020752,0.0,0.0171190332621336,0.0171190332621336
458,15.266666666666666,14,0,0,,4,uneven rough,5,0.0,51.10342788696289,33.260257720947266,0.2862327992916107,0.8673774600028992,0.44230520725250244,0.8673774600028992,0.44230520725250244,1.6168651580810547,0.7609404921531677,0.1666666716337204,-0.4296450614929199,0.3075544536113739,0.4336887300014496,0.22115260362625122,-0.6932590007781982,0.6463625431060791,0.36907845735549927,0.7519978284835815,0.5082233548164368,0.12326586246490479,-0.4852812886238098,-0.4852812886238098,0.2989009916782379,-1.946904182434082,0.9319945573806763,0.0,-0.7841822803020477,-0.7841822803020477,0.32318127155303955,0.32318127155303955,0.04671763628721237,2.000018835067749,-0.0046541341580450535,0.0,0.2764636352658272,0.2764636352658272,0.18453922867774963,0.18453922867774963,0.1993679255247116,-1.3153462409973145,0.2845328748226166,0.0,-0.014828696846961975,-0.014828696846961975,0.5263984799385071,0.5263984799385071,0.3099791407585144,1.8742961883544922,0.9749866724014282,0.0,0.21641933917999268,0.21641933917999268,0.2541116774082184,0.2541116774082184,0.08447469770908356,1.7107259035110474,-1.1990891695022583,0.0,0.16963697969913483,0.16963697969913483,0.06163293123245239,0.06163293123245239,0.0199829563498497,2.0345325469970703,1.1231778860092163,0.0,0.04164997488260269,0.04164997488260269
458,15.266666666666666,24,0,0,,4,uneven rough,8,0.0,75.2917709350586,38.77463150024414,0.356355756521225,1.564929723739624,-0.132559671998024,1.564929723739624,-0.132559671998024,8.199542045593262,3.5377988815307617,0.3333333432674408,0.1251010149717331,0.3487459123134613,0.782464861869812,-0.066279835999012,0.2622568607330322,0.7304716110229492,0.09226429462432861,-0.08000574260950089,0.2627345025539398,-0.23577618598937988,0.18357980251312256,0.18357980251312256,0.057284459471702576,1.6338268518447876,0.7411643862724304,0.0,0.12629534304141998,0.12629534304141998,0.3652358055114746,0.3652358055114746,0.2678661048412323,1.2170100212097168,-0.4718194901943207,0.0,0.09736970067024231,0.09736970067024231,0.04613214731216431,0.04613214731216431,-0.02274317480623722,0.19855888187885284,1.018102765083313,0.0,0.06887532211840153,0.06887532211840153,-0.05600401759147644,-0.05600401759147644,-0.08110611140727997,1.3985978364944458,-0.6905409097671509,0.0,0.025102093815803528,0.025102093815803528,0.1313672512769699,0.1313672512769699,0.15864674746990204,1.1554036140441895,0.20325958728790283,0.0,-0.02727949619293213,-0.02727949619293213,-0.11788809299468994,-0.11788809299468994,-0.06591136753559113,1.5182125568389893,1.2073668241500854,0.0,-0.051976725459098816,-0.051976725459098816
459,15.299999999999999,4,0,0,,4,uneven rough,5,0.0,50.98141098022461,31.67494773864746,0.2072538435459137,0.3373255431652069,-0.3128044903278351,0.3373255431652069,-0.3128044903278351,4.0261335372924805,3.9868857860565186,0.5,0.7230164408683777,0.14916488528251648,0.16866277158260345,-0.15640224516391754,0.1458381712436676,0.30319157242774963,0.604896068572998,0.3054164946079254,-0.15629906952381134,0.1031365692615509,0.10208671540021896,0.10208671540021896,0.21260343492031097,-1.7958334684371948,-0.4411787986755371,0.0,-0.11051671952009201,-0.11051671952009201,0.15159578621387482,0.15159578621387482,0.06431502848863602,1.9154123067855835,-0.7279254198074341,0.0,0.0872807577252388,0.0872807577252388,0.302448034286499,0.302448034286499,0.2555849552154541,1.161706566810608,0.11244703829288483,0.0,0.04686307907104492,0.04686307907104492,0.21379154920578003,0.21379154920578003,0.2430863082408905,-0.2316553294658661,1.3009089231491089,0.0,-0.029294759035110474,-0.029294759035110474,-0.2500785291194916,-0.2500785291194916,0.12115544825792313,-0.40441134572029114,-0.8985912203788757,0.0,-0.3712339773774147,-0.3712339773774147,0.05156828463077545,0.05156828463077545,0.08321303874254227,1.8730833530426025,0.681901752948761,0.0,-0.031644754111766815,-0.031644754111766815
459,15.299999999999999,14,0,0,,4,uneven rough,5,0.0,51.137115478515625,33.229984283447266,0.2826741933822632,0.6631369590759277,0.6018465161323547,0.6631369590759277,0.6018465161323547,5.178938865661621,0.6072587966918945,0.3333333432674408,-0.4401359260082245,0.1906152069568634,0.33156847953796387,0.30092325806617737,0.3269122540950775,0.34811750054359436,-0.05536748468875885,0.6676326394081116,0.3266656696796417,0.2380160689353943,0.22883857786655426,0.22883857786655426,0.23450155556201935,-1.9957964420318604,-0.6957399845123291,0.0,-0.005662977695465088,-0.005662977695465088,0.17405875027179718,0.17405875027179718,0.11617203056812286,1.753143548965454,1.1287915706634521,0.0,0.057886719703674316,0.057886719703674316,-0.027683742344379425,-0.027683742344379425,0.13276807963848114,-2.011253595352173,-0.6200416684150696,0.0,-0.16045182198286057,-0.16045182198286057,0.4673428535461426,0.4673428535461426,0.3636831045150757,1.7156105041503906,1.4834579229354858,0.0,0.1036597490310669,0.1036597490310669,0.16333283483982086,0.16333283483982086,0.11777033656835556,1.827634572982788,0.44612550735473633,0.0,0.0455624982714653,0.0455624982714653,0.11900803446769714,0.11900803446769714,0.07524459809064865,0.29891398549079895,1.6384594440460205,0.0,0.04376343637704849,0.04376343637704849
459,15.299999999999999,24,0,0,,4,uneven rough,8,0.0,75.35249328613281,38.789798736572266,0.3621087670326233,1.733758568763733,-1.0689876079559326,1.733758568763733,-1.0689876079559326,7.657456874847412,2.9766643047332764,0.3333333432674408,-0.11557428538799286,0.17280313372612,0.8668792843818665,-0.5344938039779663,-0.5476745963096619,0.7552812695503235,-0.13960297405719757,0.3168039321899414,0.5676688551902771,0.22331087291240692,-0.3833722174167633,-0.3833722174167633,0.0033291783183813095,-1.7721389532089233,1.2458773851394653,0.0,-0.3867013957351446,-0.3867013957351446,0.37764063477516174,0.37764063477516174,0.3343728482723236,1.8761670589447021,0.483047753572464,0.0,0.043267786502838135,0.043267786502838135,-0.06980148702859879,-0.06980148702859879,-0.056644607335329056,-0.42275604605674744,0.5547311902046204,0.0,-0.01315687969326973,-0.01315687969326973,0.2217627465724945,0.2217627465724945,-0.01124514639377594,1.8256555795669556,0.4906618893146515,0.0,0.23300789296627045,0.23300789296627045,0.28383442759513855,0.28383442759513855,0.22592441737651825,2.002150058746338,0.7416035532951355,0.0,0.0579100102186203,0.0579100102186203,0.11165543645620346,0.11165543645620346,-0.009219110943377018,1.9917267560958862,1.3831195831298828,0.0,0.12087454739958048,0.12087454739958048
460,15.333333333333334,4,0,0,,4,uneven rough,5,0.0,51.01103973388672,31.653100967407227,0.21516871452331543,1.157334327697754,-0.34248223900794983,1.157334327697754,-0.34248223900794983,6.234160423278809,1.4532415866851807,0.5,0.753143310546875,0.10304559767246246,0.578667163848877,-0.17124111950397491,0.5748245716094971,0.31752118468284607,0.11632335931062698,-0.2913424074649811,0.20800749957561493,-0.3629368245601654,0.402377188205719,0.402377188205719,0.26835864782333374,1.986939549446106,-1.2071030139923096,0.0,0.13401854038238525,0.13401854038238525,0.15876059234142303,0.15876059234142303,0.1309233456850052,2.0006463527679443,0.7666224837303162,0.0,0.027837246656417847,0.027837246656417847,0.05816167965531349,0.05816167965531349,0.18953394889831543,-1.9547926187515259,0.7057002782821655,0.0,-0.13137226924300194,-0.13137226924300194,-0.20393967628479004,-0.20393967628479004,0.17566260695457458,-1.8105055093765259,0.43439435958862305,0.0,-0.3796022832393646,-0.3796022832393646,0.10400374978780746,0.10400374978780746,0.10060039907693863,0.37851831316947937,-0.6191810369491577,0.0,0.0034033507108688354,0.0034033507108688354,-0.1814684122800827,-0.1814684122800827,0.04402754828333855,-1.5691057443618774,1.3553979396820068,0.0,-0.22549596056342125,-0.22549596056342125
460,15.333333333333334,14,0,0,,4,uneven rough,5,0.0,51.16398239135742,33.20094299316406,0.2838806211948395,0.9890493750572205,0.4560025632381439,0.9890493750572205,0.4560025632381439,6.317392349243164,5.981418609619141,0.5,-0.18504661321640015,0.08980722725391388,0.49452468752861023,0.22800128161907196,0.5331884026527405,0.08227860182523727,-0.022161711007356644,0.6293129920959473,0.11102727800607681,0.19297374784946442,0.3732318878173828,0.3732318878173828,0.24934065341949463,1.721579670906067,-1.4307942390441895,0.0,0.12389123439788818,0.12389123439788818,0.04113930091261864,0.04113930091261864,0.05381143093109131,-1.330968976020813,1.4818012714385986,0.0,-0.012672130018472672,-0.012672130018472672,-0.011080855503678322,-0.011080855503678322,0.0994253009557724,-1.5361754894256592,-1.4066354036331177,0.0,-0.11050615645945072,-0.11050615645945072,0.4405190944671631,0.4405190944671631,0.40352198481559753,1.027604341506958,1.6147173643112183,0.0,0.03699710965156555,0.03699710965156555,0.055513639003038406,0.055513639003038406,0.04937981814146042,-1.4617537260055542,1.2272331714630127,0.0,0.006133820861577988,0.006133820861577988,0.09648687392473221,0.09648687392473221,0.06958979368209839,-0.21618393063545227,0.8810780644416809,0.0,0.02689708024263382,0.02689708024263382
460,15.333333333333334,24,0,0,,4,uneven rough,8,0.0,75.40730285644531,38.808326721191406,0.358054518699646,1.6827417612075806,0.4147827625274658,1.6827417612075806,0.4147827625274658,8.449258804321289,3.3333334922790527,0.1666666716337204,-0.03773919865489006,0.195137619972229,0.8413708806037903,0.2073913812637329,0.025795171037316322,0.42288243770599365,-0.4728904962539673,-0.0783964991569519,0.39696550369262695,-0.028860263526439667,0.01805661991238594,0.01805661991238594,0.015736058354377747,0.6115161776542664,-0.4605144262313843,0.0,0.002320561558008194,0.002320561558008194,0.21144121885299683,0.21144121885299683,0.2695268392562866,-1.9407559633255005,1.2707198858261108,0.0,-0.058085620403289795,-0.058085620403289795,-0.23644524812698364,-0.23644524812698364,-0.10835278779268265,-0.2690863013267517,0.0020581602584570646,0.0,-0.128092460334301,-0.128092460334301,-0.05487754940986633,-0.05487754940986633,-0.04377182200551033,-1.6156610250473022,1.2454696893692017,0.0,-0.011105727404356003,-0.011105727404356003,0.19848275184631348,0.19848275184631348,0.2095387727022171,-0.02185209095478058,1.4543187618255615,0.0,-0.011056020855903625,-0.011056020855903625,-0.014430131763219833,-0.014430131763219833,-0.04954225569963455,-1.0065714120864868,1.7272272109985352,0.0,0.03511212393641472,0.03511212393641472
461,15.366666666666667,4,0,0,,4,uneven rough,5,0.0,51.04276657104492,31.63848114013672,0.2077426314353943,0.7610684037208557,-0.6926612257957458,0.7610684037208557,-0.6926612257957458,1.4545453786849976,1.4316972494125366,0.3333333432674408,0.7505947351455688,0.09932490438222885,0.38053420186042786,-0.3463306128978729,0.29033133387565613,0.033685922622680664,0.31972891092300415,-0.11190098524093628,0.12528777122497559,-0.5728603601455688,0.20323193073272705,0.20323193073272705,0.24971339106559753,-1.906524419784546,0.5988143682479858,0.0,-0.04648146033287048,-0.04648146033287048,0.016842961311340332,0.016842961311340332,0.07010865956544876,-1.927918553352356,1.4643417596817017,0.0,-0.05326569825410843,-0.05326569825410843,0.15986445546150208,0.15986445546150208,0.13281652331352234,-0.7833864688873291,-0.7985471487045288,0.0,0.027047932147979736,0.027047932147979736,-0.07833068817853928,-0.07833068817853928,0.1259823441505432,-1.5391426086425781,-0.8348760604858398,0.0,-0.2043130323290825,-0.2043130323290825,0.06264388561248779,0.06264388561248779,0.05535885691642761,0.23143714666366577,-0.05508004128932953,0.0,0.007285028696060181,0.007285028696060181,-0.2864301800727844,-0.2864301800727844,0.006119326688349247,-0.9826354384422302,-0.29812169075012207,0.0,-0.29254950676113367,-0.29254950676113367
461,15.366666666666667,14,0,0,,4,uneven rough,5,0.0,51.20048904418945,33.173797607421875,0.28916388750076294,1.466364860534668,0.3484559655189514,1.466364860534668,0.3484559655189514,4.856884002685547,2.937042713165283,0.3333333432674408,0.03330489248037338,0.20930466055870056,0.733182430267334,0.1742279827594757,-0.6128014922142029,0.36125558614730835,0.6858037114143372,0.4584238827228546,0.010784379206597805,-0.02234187349677086,-0.42896103858947754,-0.42896103858947754,0.238008052110672,-1.1550520658493042,0.35156360268592834,0.0,-0.6669690907001495,-0.6669690907001495,0.18062779307365417,0.18062779307365417,0.11556758731603622,1.9266955852508545,-0.10854405164718628,0.0,0.06506020575761795,0.06506020575761795,0.3429018557071686,0.3429018557071686,0.13592179119586945,-0.07355418801307678,-1.4798775911331177,0.0,0.20698006451129913,0.20698006451129913,0.320896714925766,0.320896714925766,0.4131776690483093,-0.9868438243865967,1.2827626466751099,0.0,-0.09228095412254333,-0.09228095412254333,0.0053921896032989025,0.0053921896032989025,0.0411183126270771,-0.10732387751340866,-0.29312485456466675,0.0,-0.0357261230237782,-0.0357261230237782,-0.01117093674838543,-0.01117093674838543,0.02102353796362877,-0.5579627156257629,0.26068419218063354,0.0,-0.0321944747120142,-0.0321944747120142
461,15.366666666666667,24,0,0,,4,uneven rough,8,0.0,75.46085357666016,38.83246612548828,0.35511237382888794,1.7570836544036865,-0.17076438665390015,1.7570836544036865,-0.17076438665390015,8.976478576660156,3.8512916564941406,0.3333333432674408,-0.09625592082738876,0.1501809060573578,0.8785418272018433,-0.08538219332695007,-0.11366111785173416,0.26739975810050964,0.15040002763271332,-0.2734915614128113,-0.001174620701931417,-0.13122108578681946,-0.07956278324127197,-0.07956278324127197,-0.026789164170622826,-1.9403436183929443,0.14561359584331512,0.0,-0.05277361907064915,-0.05277361907064915,0.13369987905025482,0.13369987905025482,0.20247526466846466,-1.8153972625732422,-0.5450543165206909,0.0,-0.06877538561820984,-0.06877538561820984,0.07520001381635666,0.07520001381635666,-0.04732939973473549,0.3788742125034332,-0.15124739706516266,0.0,0.12252941355109215,0.12252941355109215,-0.19144408404827118,-0.19144408404827118,-0.101570263504982,-1.9616881608963013,-0.3722187280654907,0.0,-0.08987382054328918,-0.08987382054328918,-0.0018793931230902672,-0.0018793931230902672,0.1526375412940979,-1.564060926437378,0.6196891069412231,0.0,-0.15451693441718817,-0.15451693441718817,-0.06561054289340973,-0.06561054289340973,-0.06553435325622559,0.14098864793777466,0.1815325915813446,0.0,-7.618963718414307e-05,-7.618963718414307e-05
462,15.4,4,0,0,,4,uneven rough,5,0.0,51.07415771484375,31.622791290283203,0.19877183437347412,1.1533474922180176,-0.5740065574645996,1.1533474922180176,-0.5740065574645996,3.191044807434082,3.8653457164764404,0.5,0.926884651184082,0.22507035732269287,0.5766737461090088,-0.2870032787322998,0.7996867299079895,-0.00596170499920845,0.39148274064064026,-0.01680350862443447,0.024026773869991302,-0.1994715929031372,0.5597807168960571,0.5597807168960571,0.28286460041999817,1.8217499256134033,-0.8177086710929871,0.0,0.27691611647605896,0.27691611647605896,-0.009538727812469006,-0.009538727812469006,0.006172101013362408,-1.9832340478897095,-0.45364832878112793,0.0,-0.015710828825831413,-0.015710828825831413,0.19574137032032013,0.19574137032032013,0.08210883289575577,-1.8921457529067993,-0.7899752855300903,0.0,0.11363253742456436,0.11363253742456436,-0.01176245603710413,-0.01176245603710413,0.05650653317570686,-1.9584399461746216,-1.233069658279419,0.0,-0.068268989212811,-0.068268989212811,0.012013386934995651,0.012013386934995651,0.047745924443006516,-0.932222843170166,0.10691729187965393,0.0,-0.035732537508010864,-0.035732537508010864,-0.0997357964515686,-0.0997357964515686,-0.0293540321290493,-1.4969226121902466,-0.6851469874382019,0.0,-0.0703817643225193,-0.0703817643225193
462,15.4,14,0,0,,4,uneven rough,5,0.0,51.24092483520508,33.15125274658203,0.28164350986480713,0.851677656173706,0.9335036873817444,0.851677656173706,0.9335036873817444,2.0866470336914062,2.2150089740753174,0.5,-0.03585543483495712,0.12731145322322845,0.425838828086853,0.4667518436908722,0.38731974363327026,-0.17763929069042206,0.28999796509742737,0.07155981659889221,0.4692116677761078,-0.44896408915519714,0.27112382650375366,0.27112382650375366,0.25735464692115784,0.7237659096717834,-0.5002796053886414,0.0,0.013769179582595825,0.013769179582595825,-0.28422287106513977,-0.28422287106513977,0.09101736545562744,-1.2652028799057007,1.0421841144561768,0.0,-0.3752402365207672,-0.3752402365207672,0.14499898254871368,0.14499898254871368,0.13515643775463104,0.7979680895805359,-0.6847398281097412,0.0,0.009842544794082642,0.009842544794082642,0.05009187012910843,0.05009187012910843,0.34727057814598083,-1.7922511100769043,-0.0004769119550473988,0.0,-0.2971787080168724,-0.2971787080168724,0.2346058338880539,0.2346058338880539,0.09746517986059189,1.9027960300445557,-0.18807265162467957,0.0,0.137140654027462,0.137140654027462,-0.22448204457759857,-0.22448204457759857,-0.019821813330054283,-0.6890761256217957,-0.20218023657798767,0.0,-0.2046602312475443,-0.2046602312475443
462,15.4,24,0,0,,4,uneven rough,9,0.0,75.51778411865234,38.84868240356445,0.35360750555992126,1.8739227056503296,-0.9054297804832458,1.8739227056503296,-0.9054297804832458,10.244189262390137,6.22885799407959,0.3333333432674408,-0.16444702446460724,0.23487937450408936,0.9369613528251648,-0.4527148902416229,0.40459558367729187,0.33896780014038086,0.2863682806491852,-0.3501514494419098,0.09229937195777893,-0.3687242567539215,0.2832168936729431,0.2832168936729431,0.016353802755475044,1.820396900177002,-1.0337903499603271,0.0,0.26686309091746807,0.26686309091746807,0.16948390007019043,0.16948390007019043,0.13943888247013092,-1.2377946376800537,-1.2633085250854492,0.0,0.03004501760005951,0.03004501760005951,0.1431841403245926,0.1431841403245926,-0.024046186357736588,-0.5264062881469727,0.14848431944847107,0.0,0.16723032668232918,0.16723032668232918,-0.24510601162910461,-0.24510601162910461,-0.17054280638694763,-1.71321439743042,-1.2709076404571533,0.0,-0.07456320524215698,-0.07456320524215698,0.046149685978889465,0.046149685978889465,0.0968465805053711,-1.396119475364685,-0.6150070428848267,0.0,-0.05069689452648163,-0.05069689452648163,-0.18436212837696075,-0.18436212837696075,-0.07388075441122055,-0.8690539002418518,0.15860897302627563,0.0,-0.1104813739657402,-0.1104813739657402
463,15.433333333333334,4,0,0,,4,uneven rough,5,0.0,51.099822998046875,31.59703254699707,0.1931617558002472,1.1105486154556274,-1.0392566919326782,1.1105486154556274,-1.0392566919326782,2.68741512298584,4.513530254364014,0.3333333432674408,0.6758806109428406,0.12643736600875854,0.5552743077278137,-0.5196283459663391,0.28611716628074646,0.14245814085006714,0.8434799313545227,0.14985224604606628,0.22855244576931,0.051466718316078186,0.2002820074558258,0.2002820074558258,0.23100890219211578,-1.8405991792678833,0.6746459603309631,0.0,-0.030726894736289978,-0.030726894736289978,0.07122907042503357,0.07122907042503357,0.03734958544373512,0.6321150064468384,-1.3184788227081299,0.0,0.03387948498129845,0.03387948498129845,0.42173996567726135,0.42173996567726135,0.12282422930002213,0.7741374373435974,-1.4131444692611694,0.0,0.2989157363772392,0.2989157363772392,0.10489656776189804,0.10489656776189804,0.10413337498903275,1.757794976234436,-1.6431952714920044,0.0,0.0007631927728652954,0.0007631927728652954,0.114276222884655,0.114276222884655,0.12147198617458344,2.004617691040039,-0.48061439394950867,0.0,-0.007195763289928436,-0.007195763289928436,0.025733359158039093,0.025733359158039093,0.02740943431854248,1.543007254600525,-1.1441264152526855,0.0,-0.0016760751605033875,-0.0016760751605033875
463,15.433333333333334,14,0,0,,4,uneven rough,5,0.0,51.28096389770508,33.125980377197266,0.2737666964530945,1.2290592193603516,-0.13922980427742004,1.2290592193603516,-0.13922980427742004,2.088182210922241,1.1872260570526123,0.3333333432674408,-0.01557125709950924,0.05374763533473015,0.6145296096801758,-0.06961490213871002,0.6874539852142334,-0.5578733086585999,0.4158310890197754,0.1607310026884079,0.33739525079727173,-0.32120007276535034,0.48121777176856995,0.48121777176856995,0.32116803526878357,1.8491580486297607,0.19179792702198029,0.0,0.16004973649978638,0.16004973649978638,-0.8925973176956177,-0.8925973176956177,0.056119516491889954,-0.7013910412788391,-0.26241663098335266,0.0,-0.9487168341875076,-0.9487168341875076,0.2079155445098877,0.2079155445098877,0.14294631779193878,0.3602340519428253,0.15358588099479675,0.0,0.06496922671794891,0.06496922671794891,0.11251170188188553,0.11251170188188553,0.2811230719089508,-1.9063304662704468,-1.0135492086410522,0.0,-0.16861137002706528,-0.16861137002706528,0.16869762539863586,0.16869762539863586,0.1635744571685791,1.9926652908325195,0.994108259677887,0.0,0.005123168230056763,0.005123168230056763,-0.16060003638267517,-0.16060003638267517,-0.05063082277774811,-0.937921941280365,-0.4774720370769501,0.0,-0.10996921360492706,-0.10996921360492706
463,15.433333333333334,24,0,0,,4,uneven rough,9,0.0,75.58460998535156,38.86045837402344,0.34979069232940674,1.9648995399475098,-1.4717955589294434,1.9259624481201172,-1.4717955589294434,10.46064567565918,4.450183391571045,0.3333333432674408,-0.4288192689418793,0.1644643247127533,0.9824497699737549,-0.7358977794647217,-0.778343677520752,0.513424813747406,0.03380408510565758,-0.09442012757062912,0.32888123393058777,0.07299906760454178,-0.5448405742645264,-0.5448405742645264,-0.04567426070570946,-1.9335880279541016,0.5799722671508789,0.0,-0.4991663135588169,-0.4991663135588169,0.256712406873703,0.256712406873703,0.20298370718955994,1.7269011735916138,-1.2488828897476196,0.0,0.053728699684143066,0.053728699684143066,0.01690204255282879,0.01690204255282879,0.022422058507800102,1.941475510597229,-0.2331000417470932,0.0,-0.0055200159549713135,-0.0055200159549713135,-0.06609408557415009,-0.06609408557415009,-0.10936088860034943,1.8448983430862427,-1.5209887027740479,0.0,0.04326680302619934,0.04326680302619934,0.16444061696529388,0.16444061696529388,0.1596459448337555,1.988361120223999,-1.0566494464874268,0.0,0.004794672131538391,0.004794672131538391,0.03649953380227089,0.03649953380227089,-0.010896698571741581,1.8705092668533325,-0.422433465719223,0.0,0.04739623237401247,0.04739623237401247
464,15.466666666666667,4,0,0,,4,uneven rough,5,0.0,51.12296676635742,31.566953659057617,0.19034534692764282,1.2613391876220703,-0.2874143123626709,1.2613391876220703,-0.2874143123626709,6.125112056732178,4.674581527709961,0.5,0.6695294380187988,0.07396011799573898,0.6306695938110352,-0.14370715618133545,0.553586483001709,0.4894604980945587,-0.2933925688266754,0.37319329380989075,0.49976488947868347,-0.07963714003562927,0.3875105381011963,0.3875105381011963,0.25905850529670715,2.0005733966827393,-0.7474781274795532,0.0,0.12845203280448914,0.12845203280448914,0.24473024904727936,0.24473024904727936,0.0967588946223259,1.4439213275909424,-0.2156095802783966,0.0,0.14797135442495346,0.14797135442495346,-0.1466962844133377,-0.1466962844133377,0.05331520363688469,-2.0017526149749756,-0.17645135521888733,0.0,-0.2000114880502224,-0.2000114880502224,0.2612352967262268,0.2612352967262268,0.16338832676410675,1.7283347845077515,0.2797306776046753,0.0,0.09784696996212006,0.09784696996212006,0.24988244473934174,0.24988244473934174,0.1976994276046753,2.0020792484283447,0.9245402812957764,0.0,0.05218301713466644,0.05218301713466644,-0.039818570017814636,-0.039818570017814636,-0.006151217967271805,-1.0792683362960815,0.37518376111984253,0.0,-0.03366735205054283,-0.03366735205054283
464,15.466666666666667,14,0,0,,4,uneven rough,5,0.0,51.3183708190918,33.10077667236328,0.27203187346458435,1.2303907871246338,-0.26607781648635864,1.2303907871246338,-0.26607781648635864,1.3507308959960938,2.0688064098358154,0.5,0.14942006766796112,0.061821918934583664,0.6151953935623169,-0.13303890824317932,0.6192746162414551,-0.25636547803878784,0.19433605670928955,0.13514229655265808,0.3890992999076843,-0.3831457197666168,0.4334922134876251,0.4334922134876251,0.38762331008911133,1.995041847229004,1.128872275352478,0.0,0.045868903398513794,0.045868903398513794,-0.410184770822525,-0.410184770822525,0.008758259937167168,-1.0598748922348022,-0.5106135606765747,0.0,-0.4189430307596922,-0.4189430307596922,0.09716802835464478,0.09716802835464478,0.10102467238903046,-1.3118791580200195,0.27042514085769653,0.0,-0.003856644034385681,-0.003856644034385681,0.09459960460662842,0.09459960460662842,0.21798831224441528,-1.8447444438934326,-1.518329381942749,0.0,-0.12338870763778687,-0.12338870763778687,0.19454964995384216,0.19454964995384216,0.18770353496074677,0.778189480304718,1.5586942434310913,0.0,0.006846114993095398,0.006846114993095398,-0.1915728598833084,-0.1915728598833084,-0.09523434937000275,-1.3766402006149292,-0.7378112077713013,0.0,-0.09633851051330566,-0.09633851051330566
464,15.466666666666667,24,0,0,,4,uneven rough,9,0.0,75.64698028564453,38.88298416137695,0.33308082818984985,1.9406155347824097,-1.4659550189971924,1.8901773691177368,-1.4659550189971924,9.06602954864502,0.916732668876648,0.1666666716337204,-0.2670397162437439,0.19992005825042725,0.9703077673912048,-0.7329775094985962,-0.5765863656997681,0.1536504179239273,-0.43403008580207825,-0.4388428330421448,0.38925960659980774,-0.10544697940349579,-0.4036104381084442,-0.4036104381084442,-0.1048089861869812,-1.064134955406189,-0.8411992192268372,0.0,-0.298801451921463,-0.298801451921463,0.07682520896196365,0.07682520896196365,0.14187563955783844,-1.8449835777282715,0.43363073468208313,0.0,-0.06505043059587479,-0.06505043059587479,-0.21701504290103912,-0.21701504290103912,-0.019055498763918877,1.6029568910598755,0.9964088797569275,0.0,-0.19795954413712025,-0.19795954413712025,-0.3071899712085724,-0.3071899712085724,-0.13086439669132233,-2.0115342140197754,0.38208985328674316,0.0,-0.17632557451725006,-0.17632557451725006,0.19462980329990387,0.19462980329990387,0.18341757357120514,-0.240010067820549,0.6650049686431885,0.0,0.01121222972869873,0.01121222972869873,-0.052723489701747894,-0.052723489701747894,-0.03519105911254883,1.8775250911712646,0.8740004301071167,0.0,-0.017532430589199066,-0.017532430589199066
465,15.5,4,0,0,,4,uneven rough,5,0.0,51.13875961303711,31.53667640686035,0.18892265856266022,0.3717104494571686,0.10702160000801086,0.3717104494571686,0.10702160000801086,1.4986933469772339,1.9881057739257812,0.5,0.30315878987312317,0.19645163416862488,0.1858552247285843,0.05351080000400543,0.06784620136022568,-0.07508862763643265,0.5911442041397095,0.7206597924232483,0.28292009234428406,0.3109176456928253,0.047492340207099915,0.047492340207099915,0.22775907814502716,-1.7882330417633057,0.8062751293182373,0.0,-0.18026673793792725,-0.18026673793792725,-0.12014180421829224,-0.12014180421829224,0.03129735216498375,-1.9907907247543335,0.7226921916007996,0.0,-0.15143915638327599,-0.15143915638327599,0.29557210206985474,0.29557210206985474,0.08967547863721848,1.0441533327102661,-1.2084800004959106,0.0,0.20589662343263626,0.20589662343263626,0.5044618248939514,0.5044618248939514,0.23436957597732544,1.9605380296707153,1.0987740755081177,0.0,0.270092248916626,0.270092248916626,0.14146004617214203,0.14146004617214203,0.17383570969104767,-0.6156380772590637,1.533782720565796,0.0,-0.03237566351890564,-0.03237566351890564,0.15545882284641266,0.15545882284641266,0.05984075739979744,1.9373821020126343,-0.4471660554409027,0.0,0.09561806544661522,0.09561806544661522
465,15.5,14,0,0,,4,uneven rough,5,0.0,51.35272979736328,33.07838439941406,0.27230745553970337,1.2818915843963623,-0.10426502674818039,1.2818915843963623,-0.10426502674818039,2.6422057151794434,0.803463339805603,0.3333333432674408,0.1940871775150299,0.17441198229789734,0.6409457921981812,-0.052132513374090195,0.5368544459342957,-0.14637728035449982,0.5247260332107544,0.25730565190315247,0.22950363159179688,-0.3014548718929291,0.3757981061935425,0.3757981061935425,0.397049218416214,-1.1896107196807861,1.6186060905456543,0.0,-0.02125111222267151,-0.02125111222267151,-0.23420365154743195,-0.23420365154743195,-0.05604110285639763,-1.8086093664169312,-0.8211669325828552,0.0,-0.17816254869103432,-0.17816254869103432,0.2623630166053772,0.2623630166053772,0.1430208384990692,0.41699618101119995,-0.6242125630378723,0.0,0.11934217810630798,0.11934217810630798,0.18011395633220673,0.18011395633220673,0.1866762340068817,0.07230972498655319,-1.7028850317001343,0.0,-0.006562277674674988,-0.006562277674674988,0.11475181579589844,0.11475181579589844,0.14093270897865295,-1.2064695358276367,1.1173954010009766,0.0,-0.026180893182754517,-0.026180893182754517,-0.15072743594646454,-0.15072743594646454,-0.11457733064889908,-0.0894959568977356,-1.0990062952041626,0.0,-0.03615010529756546,-0.03615010529756546
465,15.5,24,0,0,,4,uneven rough,9,0.0,75.71184539794922,38.909889221191406,0.33986714482307434,1.9872245788574219,-1.6899442672729492,1.8806700706481934,-1.6899442672729492,8.4433012008667,5.857104301452637,0.5,-0.23321430385112762,0.1945827454328537,0.9936122894287109,-0.8449721336364746,-0.22395789623260498,0.3761667311191559,-0.684344470500946,-0.4272562861442566,0.3124103844165802,-0.15333408117294312,-0.1567705273628235,-0.1567705273628235,-0.14885543286800385,-0.8456658124923706,-0.967247486114502,0.0,-0.007915094494819641,-0.007915094494819641,0.18808336555957794,0.18808336555957794,0.1772024780511856,0.9039850234985352,-0.8547018766403198,0.0,0.010880887508392334,0.010880887508392334,-0.342172235250473,-0.342172235250473,-0.057043738663196564,-2.0000009536743164,1.3393522500991821,0.0,-0.28512849658727646,-0.28512849658727646,-0.29907938838005066,-0.29907938838005066,-0.1873811036348343,-1.8636224269866943,-0.9712694883346558,0.0,-0.11169828474521637,-0.11169828474521637,0.1562051922082901,0.1562051922082901,0.17081570625305176,-1.2827188968658447,0.15330784022808075,0.0,-0.014610514044761658,-0.014610514044761658,-0.07666704058647156,-0.07666704058647156,-0.027548309415578842,-1.1951560974121094,1.4413950443267822,0.0,-0.049118731170892715,-0.049118731170892715
466,15.533333333333333,4,0,0,,4,uneven rough,5,0.0,51.162384033203125,31.51263427734375,0.20365163683891296,1.0474854707717896,-0.37345048785209656,1.0474854707717896,-0.37345048785209656,7.065408229827881,5.825273036956787,0.5,0.4357338547706604,0.08760936558246613,0.5237427353858948,-0.18672524392604828,0.236942321062088,0.3520409166812897,0.6683349609375,0.40754589438438416,0.0068201408721506596,-0.1402297168970108,0.1658596247434616,0.1658596247434616,0.17103904485702515,-1.0277421474456787,-0.660664439201355,0.0,-0.005179420113563538,-0.005179420113563538,0.17602045834064484,0.17602045834064484,0.07804741710424423,2.000394105911255,-0.8115159273147583,0.0,0.0979730412364006,0.0979730412364006,0.33416748046875,0.33416748046875,0.09480836242437363,-0.34566423296928406,0.06516293436288834,0.0,0.23935911804437637,0.23935911804437637,0.2852821350097656,0.2852821350097656,0.2966262996196747,1.2933297157287598,1.5860168933868408,0.0,-0.011344164609909058,-0.011344164609909058,0.0034100704360753298,0.0034100704360753298,0.15633681416511536,-1.5483988523483276,0.31849637627601624,0.0,-0.15292674372904003,-0.15292674372904003,-0.0701148584485054,-0.0701148584485054,0.06784716993570328,-0.6186748147010803,0.9010617733001709,0.0,-0.13796202838420868,-0.13796202838420868
466,15.533333333333333,14,0,0,,4,uneven rough,5,0.0,51.384952545166016,33.05034255981445,0.2825689911842346,1.0678151845932007,0.040400512516498566,1.0678151845932007,0.040400512516498566,1.8690457344055176,1.6030726432800293,0.5,0.2090149223804474,0.19329051673412323,0.5339075922966003,0.020200256258249283,0.5367838144302368,0.18342791497707367,0.39785394072532654,0.45412442088127136,0.14760038256645203,0.001718567800708115,0.3757486641407013,0.3757486641407013,0.3509688973426819,-0.4747154712677002,0.030835255980491638,0.0,0.02477976679801941,0.02477976679801941,0.09171395748853683,0.09171395748853683,-0.010801548138260841,1.9321597814559937,-1.3794686794281006,0.0,0.10251550562679768,0.10251550562679768,0.19892697036266327,0.19892697036266327,0.18062227964401245,0.7273060083389282,-0.03551127016544342,0.0,0.018304690718650818,0.018304690718650818,0.3178870975971222,0.3178870975971222,0.24703077971935272,1.9138251543045044,-0.6991866827011108,0.0,0.07085631787776947,0.07085631787776947,0.07380019128322601,0.07380019128322601,0.11665534228086472,-1.954477071762085,-0.19652201235294342,0.0,-0.0428551509976387,-0.0428551509976387,0.0008592839003540576,0.0008592839003540576,-0.0540701225399971,1.9992810487747192,-0.5282273292541504,0.0,0.05492940644035116,0.05492940644035116
466,15.533333333333333,24,0,0,,4,uneven rough,9,0.0,75.77783966064453,38.94211196899414,0.34968408942222595,1.9451053142547607,-1.501407504081726,1.8555428981781006,-1.501407504081726,10.320169448852539,1.8965609073638916,0.1666666716337204,0.11022289842367172,0.2948766350746155,0.9725526571273804,-0.750703752040863,-0.6962792277336121,0.42146098613739014,-0.18021801114082336,-0.6703044176101685,0.4254327714443207,-0.3045329451560974,-0.4873954653739929,-0.4873954653739929,-0.21225908398628235,-1.7185986042022705,-0.8985049724578857,0.0,-0.27513638138771057,-0.27513638138771057,0.21073049306869507,0.21073049306869507,0.2300647497177124,1.0412184000015259,0.13966283202171326,0.0,-0.019334256649017334,-0.019334256649017334,-0.09010900557041168,-0.09010900557041168,-0.08976969122886658,-0.04536973685026169,-0.5487240552902222,0.0,-0.000339314341545105,-0.000339314341545105,-0.4692130982875824,-0.4692130982875824,-0.2450801581144333,-1.9334725141525269,-1.4758074283599854,0.0,-0.2241329401731491,-0.2241329401731491,0.21271638572216034,0.21271638572216034,0.1742173731327057,0.5639333128929138,-0.6586242318153381,0.0,0.03849901258945465,0.03849901258945465,-0.1522664725780487,-0.1522664725780487,-0.055448513478040695,0.05341191589832306,-0.049315690994262695,0.0,-0.09681795910000801,-0.09681795910000801
467,15.566666666666666,4,0,0,,4,uneven rough,5,0.0,51.188377380371094,31.487545013427734,0.21854384243488312,0.5002288818359375,-0.1666991412639618,0.5002288818359375,-0.1666991412639618,4.5976409912109375,3.2170963287353516,0.3333333432674408,0.18038401007652283,0.056979354470968246,0.25011444091796875,-0.0833495706319809,0.2630540430545807,0.1553148478269577,0.580533504486084,0.27861475944519043,0.28537651896476746,-0.2910935878753662,0.18413782119750977,0.18413782119750977,0.20193220674991608,0.7960504293441772,-0.8682108521461487,0.0,-0.01779438555240631,-0.01779438555240631,0.07765742391347885,0.07765742391347885,0.09200325608253479,-0.5297285914421082,0.7783430218696594,0.0,-0.014345832169055939,-0.014345832169055939,0.290266752243042,0.290266752243042,0.1385776549577713,1.9035826921463013,-0.16711948812007904,0.0,0.1516890972852707,0.1516890972852707,0.1950303316116333,0.1950303316116333,0.2474665492773056,-1.921953797340393,1.4205310344696045,0.0,-0.0524362176656723,-0.0524362176656723,0.14268825948238373,0.14268825948238373,0.1353435069322586,0.053919073194265366,-0.7370495200157166,0.0,0.007344752550125122,0.007344752550125122,-0.1455467939376831,-0.1455467939376831,0.06435362994670868,0.0409381128847599,0.041799984872341156,0.0,-0.20990042388439178,-0.20990042388439178
467,15.566666666666666,14,0,0,,4,uneven rough,5,0.0,51.4173583984375,33.02266311645508,0.2908327281475067,0.9533169269561768,-0.19760791957378387,0.9533169269561768,-0.19760791957378387,3.9065797328948975,0.7162679433822632,0.1666666716337204,0.08152651786804199,0.1485479176044464,0.4766584634780884,-0.09880395978689194,-0.03211592510342598,0.5612819194793701,0.48950785398483276,0.5186697840690613,0.13775137066841125,-0.0258711576461792,-0.022481147199869156,-0.022481147199869156,0.290463387966156,-1.3148401975631714,-0.25500401854515076,0.0,-0.31294453516602516,-0.31294453516602516,0.28064095973968506,0.28064095973968506,0.0485658198595047,1.1951640844345093,0.492931991815567,0.0,0.23207513988018036,0.23207513988018036,0.24475392699241638,0.24475392699241638,0.23202694952487946,0.8167726397514343,0.39578700065612793,0.0,0.012726977467536926,0.012726977467536926,0.3630688488483429,0.3630688488483429,0.31552422046661377,2.0056989192962646,0.7782148718833923,0.0,0.047544628381729126,0.047544628381729126,0.06887568533420563,0.06887568533420563,0.07411953061819077,-0.05758196860551834,-1.190472960472107,0.0,-0.005243845283985138,-0.005243845283985138,-0.0129355788230896,-0.0129355788230896,-0.002796776592731476,-0.4154948592185974,0.9008304476737976,0.0,-0.010138802230358124,-0.010138802230358124
467,15.566666666666666,24,0,0,,4,uneven rough,9,0.0,75.84166717529297,38.97093963623047,0.34943777322769165,1.9760510921478271,-1.4388155937194824,1.8799378871917725,-1.4388155937194824,7.321774959564209,4.101321697235107,0.5,0.2887713611125946,0.3824429512023926,0.9880255460739136,-0.7194077968597412,-0.4576513469219208,0.33384326100349426,-0.21312358975410461,-0.7860774993896484,0.5196201801300049,-0.4413713812828064,-0.32035595178604126,-0.32035595178604126,-0.27714625000953674,-1.9475597143173218,-1.362187385559082,0.0,-0.04320970177650452,-0.04320970177650452,0.16692163050174713,0.16692163050174713,0.20296576619148254,-1.1361944675445557,0.649403989315033,0.0,-0.03604413568973541,-0.03604413568973541,-0.10656179487705231,-0.10656179487705231,-0.09198863804340363,-0.3805861473083496,-0.26412662863731384,0.0,-0.014573156833648682,-0.014573156833648682,-0.550254225730896,-0.550254225730896,-0.30480217933654785,-1.8224018812179565,-1.734572172164917,0.0,-0.24545204639434814,-0.24545204639434814,0.25981009006500244,0.25981009006500244,0.20908541977405548,1.7791203260421753,0.032611992210149765,0.0,0.05072467029094696,0.05072467029094696,-0.2206856906414032,-0.2206856906414032,-0.08357429504394531,-1.1707255840301514,0.008766681887209415,0.0,-0.13711139559745789,-0.13711139559745789
468,15.6,4,0,0,,4,uneven rough,5,0.0,51.216392517089844,31.458847045898438,0.2242336869239807,1.101407527923584,-0.3868371248245239,1.101407527923584,-0.3868371248245239,3.433833599090576,2.6187925338745117,0.3333333432674408,0.12330640852451324,0.09834720939397812,0.550703763961792,-0.19341856241226196,0.5426047444343567,0.23322907090187073,0.5789839625358582,-0.11215994507074356,0.45756131410598755,-0.43443477153778076,0.37982332706451416,0.37982332706451416,0.2676777243614197,1.978537917137146,0.07276545464992523,0.0,0.11214560270309448,0.11214560270309448,0.11661453545093536,0.11661453545093536,0.125681534409523,0.22470036149024963,0.038756996393203735,0.0,-0.009066998958587646,-0.009066998958587646,0.2894919812679291,0.2894919812679291,0.19888350367546082,1.7892749309539795,1.0036592483520508,0.0,0.09060847759246826,0.09060847759246826,-0.07851196080446243,-0.07851196080446243,0.18528440594673157,-1.7506815195083618,-0.46931588649749756,0.0,-0.263796366751194,-0.263796366751194,0.22878065705299377,0.22878065705299377,0.20050638914108276,1.89280366897583,-0.28983446955680847,0.0,0.02827426791191101,0.02827426791191101,-0.21721738576889038,-0.21721738576889038,0.024361584335565567,-1.2504920959472656,0.04131268337368965,0.0,-0.24157897010445595,-0.24157897010445595
468,15.6,14,0,0,,4,uneven rough,5,0.0,51.454681396484375,33.00324249267578,0.28606605529785156,1.5245795249938965,0.3909308910369873,1.5245795249938965,0.3909308910369873,7.636258602142334,4.065778732299805,0.5,0.23556141555309296,0.12894383072853088,0.7622897624969482,0.19546544551849365,0.2881546914577484,0.4121129512786865,-0.3264501094818115,0.5427713394165039,0.4061035215854645,-0.056331273168325424,0.20170828700065613,0.20170828700065613,0.22491154074668884,-1.8346343040466309,-0.8542373180389404,0.0,-0.023203253746032715,-0.023203253746032715,0.20605647563934326,0.20605647563934326,0.11431369930505753,1.8939998149871826,0.8899752497673035,0.0,0.09174277633428574,0.09174277633428574,-0.16322505474090576,-0.16322505474090576,0.17052608728408813,-1.722313404083252,0.6338130235671997,0.0,-0.3337511420249939,-0.3337511420249939,0.3799399435520172,0.3799399435520172,0.379529744386673,1.4003196954727173,1.4722365140914917,0.0,0.0004101991653442383,0.0004101991653442383,0.20305176079273224,0.20305176079273224,0.13686902821063995,2.0000007152557373,-0.5499343872070312,0.0,0.06618273258209229,0.06618273258209229,-0.028165636584162712,-0.028165636584162712,-0.04440385103225708,-0.9973081946372986,0.15657776594161987,0.0,0.016238214448094368,0.016238214448094368
468,15.6,24,0,0,,4,uneven rough,9,0.0,75.90423583984375,38.98762130737305,0.34204068779945374,1.973311185836792,-0.7295747995376587,1.8733476400375366,-0.7295747995376587,9.588287353515625,2.7311294078826904,0.3333333432674408,0.5575522184371948,0.43400275707244873,0.986655592918396,-0.36478739976882935,-0.20305071771144867,0.32170647382736206,-0.014574822038412094,-0.7238394021987915,0.5257255434989929,-0.45176127552986145,-0.14213550090789795,-0.14213550090789795,-0.24422253668308258,1.9520752429962158,-1.6931579113006592,0.0,0.10208703577518463,0.10208703577518463,0.16085323691368103,0.16085323691368103,0.16165903210639954,-0.8774982690811157,-0.36017656326293945,0.0,-0.0008057951927185059,-0.0008057951927185059,-0.007287411019206047,-0.007287411019206047,-0.029129043221473694,1.9531943798065186,-0.329973042011261,0.0,0.021841632202267647,0.021841632202267647,-0.506687581539154,-0.506687581539154,-0.3745664060115814,-1.9156086444854736,-1.784231185913086,0.0,-0.13212117552757263,-0.13212117552757263,0.26286277174949646,0.26286277174949646,0.256496399641037,1.4415466785430908,1.020090937614441,0.0,0.006366372108459473,0.006366372108459473,-0.22588063776493073,-0.22588063776493073,-0.12223120778799057,-0.9969211220741272,-0.658120334148407,0.0,-0.10364942997694016,-0.10364942997694016
469,15.633333333333333,4,0,0,,4,uneven rough,5,0.0,51.244144439697266,31.431652069091797,0.2143201231956482,0.9623821973800659,0.4389403760433197,0.9623821973800659,0.4389403760433197,1.3846133947372437,1.355878233909607,0.3333333432674408,-0.044248174875974655,0.20481769740581512,0.48119109869003296,0.21947018802165985,0.6047003269195557,0.13169625401496887,0.3032170236110687,0.19928115606307983,0.5086748003959656,-0.4197462201118469,0.4232902228832245,0.4232902228832245,0.33399638533592224,1.1824185848236084,1.1502926349639893,0.0,0.08929383754730225,0.08929383754730225,0.06584812700748444,0.06584812700748444,0.07287035882472992,-0.6057140231132507,0.14388971030712128,0.0,-0.007022231817245483,-0.007022231817245483,0.15160851180553436,0.15160851180553436,0.16416864097118378,1.168641448020935,1.4478477239608765,0.0,-0.012560129165649414,-0.012560129165649414,0.1394968032836914,0.1394968032836914,0.128123477101326,-1.3785065412521362,-1.1938023567199707,0.0,0.011373326182365417,0.011373326182365417,0.2543374001979828,0.2543374001979828,0.24008741974830627,0.5447026491165161,0.9442330598831177,0.0,0.014249980449676514,0.014249980449676514,-0.20987311005592346,-0.20987311005592346,-0.03646935895085335,1.1163690090179443,-0.6890760660171509,0.0,-0.17340375110507011,-0.17340375110507011
469,15.633333333333333,14,0,0,,4,uneven rough,5,0.0,51.48957443237305,32.98274612426758,0.2839565873146057,0.9442347288131714,0.9921960830688477,0.9442347288131714,0.9921960830688477,5.356176376342773,0.14735066890716553,0.1666666716337204,0.259636789560318,0.13812653720378876,0.4721173644065857,0.49609804153442383,0.7694114446640015,0.20047485828399658,-0.24159663915634155,0.3878720700740814,-0.06128668785095215,0.13572335243225098,0.5385879874229431,0.5385879874229431,0.281790167093277,1.878243088722229,-1.408555507659912,0.0,0.25679782032966614,0.25679782032966614,0.10023742914199829,0.10023742914199829,0.09438259899616241,0.3153461217880249,1.4576525688171387,0.0,0.0058548301458358765,0.0058548301458358765,-0.12079831957817078,-0.12079831957817078,0.1042618528008461,-2.000105142593384,-0.6983450651168823,0.0,-0.22506017237901688,-0.22506017237901688,0.27151045203208923,0.27151045203208923,0.31535401940345764,-2.0000357627868652,1.4315745830535889,0.0,-0.04384356737136841,-0.04384356737136841,-0.09805870056152344,-0.09805870056152344,0.07179347425699234,-1.8945730924606323,0.891803503036499,0.0,-0.16985217481851578,-0.16985217481851578,0.06786167621612549,0.06786167621612549,-0.03542553633451462,-0.13582554459571838,-0.4958314299583435,0.0,0.1032872125506401,0.1032872125506401
469,15.633333333333333,24,0,0,,4,uneven rough,9,0.0,75.9682388305664,39.01175308227539,0.3423861265182495,1.9393521547317505,-1.249962329864502,1.9076972007751465,-1.249962329864502,9.210830688476562,0.6897702217102051,0.3333333432674408,0.7296814918518066,0.3648172616958618,0.9696760773658752,-0.624981164932251,-0.42282596230506897,0.48577550053596497,0.05392441898584366,-0.7305922508239746,0.3866782784461975,-0.470852255821228,-0.2959781587123871,-0.2959781587123871,-0.2509004771709442,-1.4906903505325317,0.36786341667175293,0.0,-0.04507768154144287,-0.04507768154144287,0.24288775026798248,0.24288775026798248,0.18773603439331055,2.000000238418579,-0.652671217918396,0.0,0.055151715874671936,0.055151715874671936,0.02696220949292183,0.02696220949292183,0.026105741038918495,0.8564218878746033,0.9609339237213135,0.0,0.000856468454003334,0.000856468454003334,-0.5114145874977112,-0.5114145874977112,-0.43177467584609985,-1.9174809455871582,-1.8585121631622314,0.0,-0.07963991165161133,-0.07963991165161133,0.19333913922309875,0.19333913922309875,0.23720651865005493,-1.722239375114441,1.258382797241211,0.0,-0.04386737942695618,-0.04386737942695618,-0.235426127910614,-0.235426127910614,-0.16858823597431183,-1.996264100074768,-0.8496789336204529,0.0,-0.06683789193630219,-0.06683789193630219
470,15.666666666666666,4,0,0,,4,uneven rough,5,0.0,51.265071868896484,31.406213760375977,0.22450560331344604,1.6529743671417236,0.853999137878418,1.6529743671417236,0.853999137878418,8.37869644165039,2.0205323696136475,0.17244118452072144,-0.08145402371883392,0.2303759902715683,0.8264871835708618,0.426999568939209,0.445512056350708,0.5846489667892456,-0.18465429544448853,0.31414133310317993,0.21828052401542664,0.12133821845054626,0.3118584454059601,0.3118584454059601,0.3030652701854706,-0.803196370601654,1.1684566736221313,0.0,0.008793175220489502,0.008793175220489502,0.2923244833946228,0.2923244833946228,0.12449034303426743,2.000002861022949,-0.27993759512901306,0.0,0.16783414036035538,0.16783414036035538,-0.09232714772224426,-0.09232714772224426,0.10280568152666092,-1.9943698644638062,1.2899839878082275,0.0,-0.19513282924890518,-0.19513282924890518,0.21989892423152924,0.21989892423152924,0.18204645812511444,1.9465365409851074,-1.298234462738037,0.0,0.037852466106414795,0.037852466106414795,0.10914026200771332,0.10914026200771332,0.18710525333881378,-2.001077651977539,0.7183378338813782,0.0,-0.07796499133110046,-0.07796499133110046,0.06066910922527313,0.06066910922527313,0.022517148405313492,2.0002336502075195,0.3317258059978485,0.0,0.03815196081995964,0.03815196081995964
470,15.666666666666666,14,0,0,,4,uneven rough,5,0.0,51.526268005371094,32.969303131103516,0.28280171751976013,1.3085198402404785,-0.5197367072105408,1.3085198402404785,-0.5197367072105408,3.378822088241577,2.744162082672119,0.3333333432674408,0.39290952682495117,0.16190335154533386,0.6542599201202393,-0.2598683536052704,0.014850568026304245,0.1756812036037445,0.6164335012435913,-0.047756318002939224,-0.1935170441865921,-0.4290908873081207,0.010395397432148457,0.010395397432148457,0.2579587996006012,-1.1316412687301636,0.4498063325881958,0.0,-0.24756340216845274,-0.24756340216845274,0.08784060180187225,0.08784060180187225,0.09614666551351547,-0.9531249403953552,0.8117904663085938,0.0,-0.008306063711643219,-0.008306063711643219,0.30821675062179565,0.30821675062179565,0.126851424574852,-0.4487696886062622,-1.434362530708313,0.0,0.18136532604694366,0.18136532604694366,-0.03342942148447037,-0.03342942148447037,0.27724629640579224,-1.2121127843856812,-0.508664071559906,0.0,-0.3106757178902626,-0.3106757178902626,-0.3096272647380829,-0.3096272647380829,0.010341701097786427,-0.8897064328193665,-0.6836188435554504,0.0,-0.3199689658358693,-0.3199689658358693,-0.21454544365406036,-0.21454544365406036,-0.0862693041563034,-1.855237364768982,-0.29228344559669495,0.0,-0.12827613949775696,-0.12827613949775696
470,15.666666666666666,24,0,0,,4,uneven rough,9,0.0,76.03399658203125,39.04444885253906,0.3388214707374573,1.9766846895217896,-1.5006706714630127,1.8915923833847046,-1.5006706714630127,9.22669792175293,0.0,0.0,0.5675386190414429,0.5558634996414185,0.9883423447608948,-0.7503353357315063,-0.42067739367485046,0.49424803256988525,0.07876995205879211,-0.800243079662323,0.4447382092475891,-0.7312722206115723,-0.29447418451309204,-0.29447418451309204,-0.30350953340530396,-0.7371093034744263,-0.6829662322998047,0.0,0.009035348892211914,0.009035348892211914,0.24712401628494263,0.24712401628494263,0.2503241002559662,0.5610224008560181,0.8471539616584778,0.0,-0.0032000839710235596,-0.0032000839710235596,0.03938497602939606,0.03938497602939606,0.03243635222315788,-1.5419424772262573,0.9018425941467285,0.0,0.0069486238062381744,0.0069486238062381744,-0.5601701736450195,-0.5601701736450195,-0.4987577199935913,-1.993686318397522,-1.8918532133102417,0.0,-0.06141245365142822,-0.06141245365142822,0.22236910462379456,0.22236910462379456,0.2082170695066452,-0.9766828417778015,-0.4268663227558136,0.0,0.014152035117149353,0.014152035117149353,-0.36563611030578613,-0.36563611030578613,-0.23618556559085846,-1.2603754997253418,-1.4979602098464966,0.0,-0.12945054471492767,-0.12945054471492767
471,15.7,4,0,0,,4,uneven rough,5,0.0,51.28656005859375,31.382017135620117,0.2273135781288147,1.0203815698623657,0.15941151976585388,1.0203815698623657,0.15941151976585388,5.20704460144043,0.0,0.0,0.02389536425471306,0.3005754351615906,0.5101907849311829,0.07970575988292694,-0.01156805269420147,0.5095059275627136,0.37875983119010925,0.47215262055397034,0.017131932079792023,-0.04808805137872696,-0.008097636513411999,-0.008097636513411999,0.242282897233963,-1.2179241180419922,0.05368049442768097,0.0,-0.250380533747375,-0.250380533747375,0.2547529637813568,0.2547529637813568,0.1894650012254715,0.8101523518562317,1.0091447830200195,0.0,0.06528796255588531,0.06528796255588531,0.18937991559505463,0.18937991559505463,0.1393655389547348,-0.11684843897819519,-0.5669955611228943,0.0,0.050014376640319824,0.050014376640319824,0.330506831407547,0.330506831407547,0.25071170926094055,1.4619723558425903,0.5363649129867554,0.0,0.07979512214660645,0.07979512214660645,0.008565966039896011,0.008565966039896011,0.12815067172050476,-1.1173748970031738,-0.8192245364189148,0.0,-0.11958470568060875,-0.11958470568060875,-0.02404402568936348,-0.02404402568936348,0.014331769198179245,-0.09606887400150299,1.2751030921936035,0.0,-0.038375794887542725,-0.038375794887542725
471,15.7,14,0,0,,4,uneven rough,5,0.0,51.5655517578125,32.94912338256836,0.2758774161338806,0.767483115196228,-0.14696566760540009,0.767483115196228,-0.14696566760540009,1.2879295349121094,1.2226266860961914,0.3333333432674408,0.43222999572753906,0.17577974498271942,0.383741557598114,-0.07348283380270004,0.6134474873542786,0.020529242232441902,0.4001293480396271,0.30643555521965027,0.2852290868759155,-0.24464058876037598,0.42941322922706604,0.42941322922706604,0.3089377284049988,1.7051594257354736,-0.44434696435928345,0.0,0.12047550082206726,0.12047550082206726,0.010264621116220951,0.010264621116220951,0.07426845282316208,-1.8041303157806396,-0.18609584867954254,0.0,-0.06400383170694113,-0.06400383170694113,0.20006467401981354,0.20006467401981354,0.15457774698734283,1.4024488925933838,-0.8771065473556519,0.0,0.0454869270324707,0.0454869270324707,0.2145048826932907,0.2145048826932907,0.21115253865718842,-1.724687099456787,-0.9063952565193176,0.0,0.003352344036102295,0.003352344036102295,0.14261454343795776,0.14261454343795776,0.035859476774930954,0.6273167133331299,-0.8001411557197571,0.0,0.10675506666302681,0.10675506666302681,-0.12232029438018799,-0.12232029438018799,-0.13434332609176636,-0.9399327039718628,-1.1759804487228394,0.0,0.01202303171157837,0.01202303171157837
471,15.7,24,0,0,,4,uneven rough,9,0.0,76.10208129882812,39.05812072753906,0.3175205588340759,1.9856772422790527,-1.4586548805236816,1.8970797061920166,-1.4586548805236816,4.921065330505371,1.4313268661499023,0.1666666716337204,0.5731998682022095,0.5248452425003052,0.9928386211395264,-0.7293274402618408,-0.0194800216704607,0.5710839033126831,-0.22394157946109772,-0.6616460084915161,0.6567607522010803,-0.2588152587413788,-0.013636015355587006,-0.013636015355587006,-0.27444538474082947,1.0199629068374634,-0.7135788202285767,0.0,0.26080936938524246,0.26080936938524246,0.28554195165634155,0.28554195165634155,0.30398884415626526,0.6129927635192871,0.6853746771812439,0.0,-0.018446892499923706,-0.018446892499923706,-0.11197078973054886,-0.11197078973054886,-0.03597504645586014,-2.000000238418579,-0.47987788915634155,0.0,-0.07599574327468872,-0.07599574327468872,-0.4631521999835968,-0.4631521999835968,-0.5256569981575012,0.8980781435966492,-1.9494298696517944,0.0,0.06250479817390442,0.06250479817390442,0.32838037610054016,0.32838037610054016,0.2646985948085785,1.8233604431152344,-0.7377336025238037,0.0,0.06368178129196167,0.06368178129196167,-0.1294076293706894,-0.1294076293706894,-0.1818358153104782,1.9434629678726196,-1.3636293411254883,0.0,0.05242818593978882,0.05242818593978882
472,15.733333333333333,4,0,0,,4,uneven rough,5,0.0,51.310516357421875,31.35476303100586,0.22422602772712708,0.8958590626716614,-0.6160848736763,0.8958590626716614,-0.6160848736763,5.306328296661377,3.8038721084594727,0.3333333432674408,-0.26942670345306396,0.12049426883459091,0.4479295313358307,-0.30804243683815,-0.04629168286919594,0.589828610420227,-0.5063916444778442,0.6518003940582275,0.3260568380355835,0.40380874276161194,-0.03240417689085007,-0.03240417689085007,0.1755448430776596,-1.988434910774231,-0.6652870178222656,0.0,-0.20794901996850967,-0.20794901996850967,0.2949143052101135,0.2949143052101135,0.24727749824523926,1.8936119079589844,0.8966341018676758,0.0,0.04763680696487427,0.04763680696487427,-0.2531958222389221,-0.2531958222389221,0.08611898124217987,-1.399839162826538,-0.3124815821647644,0.0,-0.339314803481102,-0.339314803481102,0.4562602639198303,0.4562602639198303,0.3142811059951782,1.958186388015747,1.0597050189971924,0.0,0.1419791579246521,0.1419791579246521,0.16302841901779175,0.16302841901779175,0.16877305507659912,1.8405460119247437,-0.9877992868423462,0.0,-0.005744636058807373,-0.005744636058807373,0.20190437138080597,0.20190437138080597,0.04124824330210686,1.2841191291809082,0.49983999133110046,0.0,0.1606561280786991,0.1606561280786991
472,15.733333333333333,14,0,0,,4,uneven rough,5,0.0,51.60089111328125,32.92129135131836,0.26201188564300537,1.1984026432037354,0.18262138962745667,1.1984026432037354,0.18262138962745667,6.220633506774902,0.013012952171266079,0.1666666716337204,0.2919265925884247,0.17299318313598633,0.5992013216018677,0.09131069481372833,0.7099515199661255,-0.14442011713981628,0.6725537776947021,0.3934088945388794,0.27616214752197266,-0.18529324233531952,0.49696606397628784,0.49696606397628784,0.3670492172241211,1.6641489267349243,0.7709878087043762,0.0,0.12991684675216675,0.12991684675216675,-0.23107218742370605,-0.23107218742370605,0.040746886283159256,-1.110864520072937,-1.100935459136963,0.0,-0.2718190737068653,-0.2718190737068653,0.3362768888473511,0.3362768888473511,0.19952790439128876,1.3023337125778198,0.4117581844329834,0.0,0.13674898445606232,0.13674898445606232,0.2753862142562866,0.2753862142562866,0.22042439877986908,1.6960768699645996,-1.3690589666366577,0.0,0.05496181547641754,0.05496181547641754,0.13808107376098633,0.13808107376098633,0.09252925962209702,1.9480342864990234,0.006946089211851358,0.0,0.04555181413888931,0.04555181413888931,-0.09264662116765976,-0.09264662116765976,-0.10935066640377045,1.5153824090957642,-1.0425186157226562,0.0,0.016704045236110687,0.016704045236110687
472,15.733333333333333,24,0,0,,4,uneven rough,9,0.0,76.16278076171875,39.05756378173828,0.3109685480594635,1.9343492984771729,-0.7496973276138306,1.924049735069275,-0.7496973276138306,9.100637435913086,0.0,0.0,0.5034230947494507,0.5733563899993896,0.9671746492385864,-0.3748486638069153,-0.24834641814231873,0.5711694955825806,-0.31680795550346375,-0.47981539368629456,0.5636680126190186,0.06862043589353561,-0.17384248971939087,-0.17384248971939087,-0.2261350452899933,2.0227577686309814,0.26656877994537354,0.0,0.05229255557060242,0.05229255557060242,0.2855847477912903,0.2855847477912903,0.2833715081214905,-0.6772070527076721,0.6444498300552368,0.0,0.0022132396697998047,0.0022132396697998047,-0.15840397775173187,-0.15840397775173187,-0.059078771620988846,-1.3019890785217285,-1.339357852935791,0.0,-0.09932520613074303,-0.09932520613074303,-0.33587077260017395,-0.33587077260017395,-0.4902423620223999,1.0966471433639526,-0.33944377303123474,0.0,0.15437158942222595,0.15437158942222595,0.2818340063095093,0.2818340063095093,0.30033454298973083,0.7855088114738464,0.7103135585784912,0.0,-0.018500536680221558,-0.018500536680221558,0.03431021794676781,0.03431021794676781,-0.10754382610321045,2.0638911724090576,0.5062065720558167,0.0,0.14185404404997826,0.14185404404997826
473,15.766666666666666,4,0,0,,4,uneven rough,5,0.0,51.329811096191406,31.32712173461914,0.22551661729812622,0.7880344390869141,0.8613213896751404,0.7880344390869141,0.8613213896751404,5.468533992767334,3.196131467819214,0.1666666716337204,-0.3081580698490143,0.14985297620296478,0.39401721954345703,0.4306606948375702,0.4920150935649872,0.3875531852245331,-0.03299293294548988,0.5212486982345581,0.011684221215546131,-0.0747620165348053,0.34441056847572327,0.34441056847572327,0.21012897789478302,1.7764452695846558,-1.413397192955017,0.0,0.13428159058094025,0.13428159058094025,0.19377659261226654,0.19377659261226654,0.21188032627105713,-0.18228887021541595,1.4603271484375,0.0,-0.01810373365879059,-0.01810373365879059,-0.01649646647274494,-0.01649646647274494,0.05083432048559189,-1.8754198551177979,-0.927275538444519,0.0,-0.06733078695833683,-0.06733078695833683,0.36487409472465515,0.36487409472465515,0.35241106152534485,0.847881555557251,1.5677080154418945,0.0,0.012463033199310303,0.012463033199310303,0.005842110607773066,0.005842110607773066,0.09721198678016663,-2.0005314350128174,0.6113522052764893,0.0,-0.09136987617239356,-0.09136987617239356,-0.03738100826740265,-0.03738100826740265,-0.004283102694898844,-2.005826473236084,0.9432728290557861,0.0,-0.033097905572503805,-0.033097905572503805
473,15.766666666666666,14,0,0,,4,uneven rough,5,0.0,51.634620666503906,32.89710998535156,0.2568538784980774,1.5065476894378662,0.4377700388431549,1.5065476894378662,0.4377700388431549,2.3730340003967285,2.900542736053467,0.3333333432674408,0.20410864055156708,0.27560675144195557,0.7532738447189331,0.21888501942157745,0.1697809398174286,0.01309161726385355,0.5802566409111023,0.7036514282226562,0.5985987782478333,-0.0049905660562217236,0.11884665489196777,0.11884665489196777,0.3210916519165039,-1.9231295585632324,1.2759827375411987,0.0,-0.20224499702453613,-0.20224499702453613,0.006545808631926775,0.006545808631926775,0.01479552686214447,-0.9191354513168335,-1.1065493822097778,0.0,-0.008249718230217695,-0.008249718230217695,0.29012832045555115,0.29012832045555115,0.25390660762786865,1.8829987049102783,0.9152911901473999,0.0,0.036221712827682495,0.036221712827682495,0.49255600571632385,0.49255600571632385,0.2880609631538391,1.871471881866455,0.36397436261177063,0.0,0.20449504256248474,0.20449504256248474,0.2992993891239166,0.2992993891239166,0.139808788895607,1.6073015928268433,1.1044408082962036,0.0,0.15949060022830963,0.15949060022830963,-0.0024952830281108618,-0.0024952830281108618,-0.07456275075674057,1.195040225982666,0.40372321009635925,0.0,0.07206746772862971,0.07206746772862971
473,15.766666666666666,24,0,0,,4,uneven rough,9,0.0,76.21744537353516,39.05402755737305,0.3184279203414917,1.9787408113479614,-1.7892823219299316,1.8929747343063354,-1.7892823219299316,4.186515808105469,3.7192800045013428,0.5,0.17393366992473602,0.15627381205558777,0.9893704056739807,-0.8946411609649658,-0.3008573651313782,0.03595925495028496,-0.5240785479545593,-0.4047226011753082,0.5578447580337524,0.5907454490661621,-0.21060015261173248,-0.21060015261173248,-0.19945576786994934,0.3140204846858978,1.2595211267471313,0.0,-0.011144384741783142,-0.011144384741783142,0.01797962747514248,0.01797962747514248,0.2171907126903534,-1.8106908798217773,-0.1028173416852951,0.0,-0.19921108521521091,-0.19921108521521091,-0.26203927397727966,-0.26203927397727966,-0.10802310705184937,-0.7788944840431213,-1.3182294368743896,0.0,-0.1540161669254303,-0.1540161669254303,-0.283305823802948,-0.283305823802948,-0.42240777611732483,1.942693829536438,0.47252461314201355,0.0,0.13910195231437683,0.13910195231437683,0.2789223790168762,0.2789223790168762,0.28683996200561523,-0.6732401847839355,0.7528290748596191,0.0,-0.007917582988739014,-0.007917582988739014,0.29537272453308105,0.29537272453308105,-0.0432424433529377,1.9401085376739502,1.3869242668151855,0.0,0.33861516788601875,0.33861516788601875
474,15.799999999999999,4,0,0,,4,uneven rough,5,0.0,51.35913848876953,31.304418563842773,0.23504525423049927,1.3277513980865479,-1.0994386672973633,1.3277513980865479,-1.0994386672973633,4.780028343200684,3.0031793117523193,0.5,-0.6909708976745605,0.18774569034576416,0.6638756990432739,-0.5497193336486816,0.06266070157289505,0.49873974919319153,0.5532050728797913,-0.19072207808494568,-0.2700223922729492,-0.39284592866897583,0.043862491846084595,0.043862491846084595,0.21547919511795044,-1.2953708171844482,0.3901454508304596,0.0,-0.17161670327186584,-0.17161670327186584,0.24936987459659576,0.24936987459659576,0.24383412301540375,0.7388740181922913,0.5315890908241272,0.0,0.005535751581192017,0.005535751581192017,0.27660253643989563,0.27660253643989563,0.049421653151512146,-0.7650676369667053,-1.4633580446243286,0.0,0.22718088328838348,0.22718088328838348,-0.1335054486989975,-0.1335054486989975,0.34802302718162537,-0.1820278912782669,1.1607168912887573,0.0,-0.48152847588062286,-0.48152847588062286,-0.4320358335971832,-0.4320358335971832,0.07262276858091354,-0.9323744773864746,-0.8654115200042725,0.0,-0.5046586021780968,-0.5046586021780968,-0.19642296433448792,-0.19642296433448792,-0.05219731479883194,-1.5691086053848267,-0.7241532206535339,0.0,-0.14422564953565598,-0.14422564953565598
474,15.799999999999999,14,0,0,,4,uneven rough,5,0.0,51.66508102416992,32.864471435546875,0.26336172223091125,1.3907864093780518,-0.026055539026856422,1.3907864093780518,-0.026055539026856422,7.222490310668945,2.907740592956543,0.3333333432674408,0.4289034605026245,0.15235216915607452,0.6953932046890259,-0.013027769513428211,0.5884720087051392,0.1569446623325348,0.4422444701194763,0.6093283891677856,0.19137607514858246,0.11695855110883713,0.4119304120540619,0.4119304120540619,0.33283883333206177,1.9927083253860474,-0.53280109167099,0.0,0.07909157872200012,0.07909157872200012,0.0784723311662674,0.0784723311662674,0.04472397267818451,1.779136061668396,-1.0005851984024048,0.0,0.033748358488082886,0.033748358488082886,0.22112223505973816,0.22112223505973816,0.24505068361759186,-1.1352648735046387,1.4624347686767578,0.0,-0.0239284485578537,-0.0239284485578537,0.4265298545360565,0.4265298545360565,0.34399744868278503,1.8642383813858032,1.2163161039352417,0.0,0.08253240585327148,0.08253240585327148,0.09568803757429123,0.09568803757429123,0.12045074999332428,-1.5135142803192139,1.3887592554092407,0.0,-0.02476271241903305,-0.02476271241903305,0.058479275554418564,0.058479275554418564,-0.029024366289377213,1.7604362964630127,0.85113525390625,0.0,0.08750364184379578,0.08750364184379578
474,15.799999999999999,24,0,0,,4,uneven rough,9,0.0,76.27452087402344,39.05194854736328,0.3187643587589264,1.980049729347229,-1.0197746753692627,1.9050986766815186,-1.0197746753692627,8.863302230834961,1.57880437374115,0.3333333432674408,0.0825909972190857,0.19474749267101288,0.9900248646736145,-0.5098873376846313,-0.493234246969223,0.3778877258300781,-0.0243365578353405,-0.3823976516723633,0.6217719316482544,0.28794723749160767,-0.3452639579772949,-0.3452639579772949,-0.25320562720298767,-2.000232458114624,0.724933385848999,0.0,-0.09205833077430725,-0.09205833077430725,0.18894386291503906,0.18894386291503906,0.19430232048034668,-0.7637180089950562,-1.0684521198272705,0.0,-0.005358457565307617,-0.005358457565307617,-0.01216827891767025,-0.01216827891767025,-0.049724943935871124,2.0436432361602783,-1.0132884979248047,0.0,0.037556665018200874,0.037556665018200874,-0.2676783502101898,-0.2676783502101898,-0.35252460837364197,1.7751182317733765,1.3037608861923218,0.0,0.08484625816345215,0.08484625816345215,0.3108859658241272,0.3108859658241272,0.3032260239124298,0.12586617469787598,-0.05347302556037903,0.0,0.007659941911697388,0.007659941911697388,0.14397361874580383,0.14397361874580383,0.026307642459869385,2.0883588790893555,1.6996955871582031,0.0,0.11766597628593445,0.11766597628593445
475,15.833333333333334,4,0,0,,4,uneven rough,5,0.0,51.3887939453125,31.279375076293945,0.2322116643190384,1.0303664207458496,0.19948934018611908,1.0303664207458496,0.19948934018611908,3.6411654949188232,2.5353684425354004,0.3333333432674408,-0.6255660057067871,0.10883306711912155,0.5151832103729248,0.09974467009305954,0.581728458404541,0.16209132969379425,0.6205127239227295,-0.05121081322431564,0.1897560954093933,-0.6798354983329773,0.4072099030017853,0.4072099030017853,0.2794514000415802,1.980554223060608,-0.5628484487533569,0.0,0.12775850296020508,0.12775850296020508,0.08104566484689713,0.08104566484689713,0.1827835589647293,-1.9874166250228882,0.648788332939148,0.0,-0.10173789411783218,-0.10173789411783218,0.31025636196136475,0.31025636196136475,0.09043213725090027,0.3541891574859619,-1.0685434341430664,0.0,0.21982422471046448,0.21982422471046448,-0.03584756702184677,-0.03584756702184677,0.28666970133781433,-1.6291000843048096,0.4015266001224518,0.0,-0.3225172683596611,-0.3225172683596611,0.09487804770469666,0.09487804770469666,0.09258069843053818,1.6517647504806519,-0.9032725095748901,0.0,0.002297349274158478,0.002297349274158478,-0.33991774916648865,-0.33991774916648865,-0.07416719943284988,-1.2625093460083008,-1.2018924951553345,0.0,-0.26575054973363876,-0.26575054973363876
475,15.833333333333334,14,0,0,,4,uneven rough,5,0.0,51.695068359375,32.82783508300781,0.2694774270057678,1.302764654159546,-0.07876204699277878,1.302764654159546,-0.07876204699277878,7.060207366943359,0.35701537132263184,0.1666666716337204,0.9093908071517944,0.37618276476860046,0.651382327079773,-0.03938102349638939,-0.7835745811462402,0.7901561856269836,0.7005781531333923,0.6491933465003967,0.20607861876487732,0.11552005261182785,-0.5485022068023682,-0.5485022068023682,0.3134908676147461,-1.2700728178024292,0.895126461982727,0.0,-0.8619930744171143,-0.8619930744171143,0.3950780928134918,0.3950780928134918,0.11038201302289963,1.828861117362976,0.5710741877555847,0.0,0.2846960797905922,0.2846960797905922,0.35028907656669617,0.35028907656669617,0.30047065019607544,1.3031949996948242,-0.00630925502628088,0.0,0.04981842637062073,0.04981842637062073,0.4544353485107422,0.4544353485107422,0.4157904386520386,2.0000128746032715,1.5826525688171387,0.0,0.03864490985870361,0.03864490985870361,0.10303930938243866,0.10303930938243866,0.10811659693717957,0.44244176149368286,-0.2521913945674896,0.0,-0.005077287554740906,-0.005077287554740906,0.057760026305913925,0.057760026305913925,0.0393676832318306,1.9998631477355957,1.3652557134628296,0.0,0.018392343074083328,0.018392343074083328
475,15.833333333333334,24,0,0,,4,uneven rough,9,0.0,76.32652282714844,39.0510139465332,0.323140412569046,1.966417908668518,-0.9557516574859619,1.886046051979065,-0.9557516574859619,3.21329402923584,3.0400662422180176,0.3333333432674408,0.11623579263687134,0.19420167803764343,0.983208954334259,-0.47787582874298096,-0.262174129486084,0.3878287971019745,-0.23832041025161743,-0.4724557101726532,0.2623295485973358,-0.0004578046209644526,-0.18352188169956207,-0.18352188169956207,-0.21841786801815033,2.0000009536743164,-0.815880298614502,0.0,0.03489598631858826,0.03489598631858826,0.19391439855098724,0.19391439855098724,0.1651090383529663,0.7408085465431213,-0.8961548805236816,0.0,0.028805360198020935,0.028805360198020935,-0.11916020512580872,-0.11916020512580872,-0.09694802761077881,-2.0000016689300537,0.715106189250946,0.0,-0.022212177515029907,-0.022212177515029907,-0.330718994140625,-0.330718994140625,-0.34699559211730957,-0.10160407423973083,1.5702672004699707,0.0,0.01627659797668457,0.01627659797668457,0.1311647742986679,0.1311647742986679,0.2566063702106476,-1.3537583351135254,0.0479256808757782,0.0,-0.12544159591197968,-0.12544159591197968,-0.0002289023104822263,-0.0002289023104822263,0.008940191939473152,-0.6056532263755798,1.9194464683532715,0.0,-0.009169094249955378,-0.009169094249955378
476,15.866666666666667,4,0,0,,4,uneven rough,5,0.0,51.42291259765625,31.2537784576416,0.22245509922504425,1.0829938650131226,0.06385736912488937,1.0829938650131226,0.06385736912488937,1.0578333139419556,3.9153974056243896,0.3333333432674408,-0.6169738173484802,0.15053607523441315,0.5414969325065613,0.03192868456244469,0.6871606707572937,0.24240370094776154,0.7099405527114868,0.28757718205451965,0.28435638546943665,-0.31892967224121094,0.4810124635696411,0.4810124635696411,0.34740033745765686,1.9065759181976318,0.8751959800720215,0.0,0.13361212611198425,0.13361212611198425,0.12120185047388077,0.12120185047388077,0.11671621352434158,-1.8031221628189087,-0.8417266607284546,0.0,0.004485636949539185,0.004485636949539185,0.3549702763557434,0.3549702763557434,0.115154929459095,-0.39763349294662476,-0.2641278803348541,0.0,0.2398153468966484,0.2398153468966484,0.20130401849746704,0.20130401849746704,0.22460725903511047,-1.8169207572937012,-0.7465933561325073,0.0,-0.023303240537643433,-0.023303240537643433,0.14217819273471832,0.14217819273471832,0.16492685675621033,1.794857144355774,0.5413501262664795,0.0,-0.022748664021492004,-0.022748664021492004,-0.15946483612060547,-0.15946483612060547,-0.11971967667341232,-1.1456657648086548,-1.2361654043197632,0.0,-0.039745159447193146,-0.039745159447193146
476,15.866666666666667,14,0,0,,4,uneven rough,5,0.0,51.73347473144531,32.803497314453125,0.26106899976730347,0.9338988661766052,0.7235502004623413,0.9338988661766052,0.7235502004623413,4.3142547607421875,0.04695025086402893,0.1666666716337204,0.8826662302017212,0.3511996269226074,0.4669494330883026,0.36177510023117065,-0.2861234247684479,0.7849454283714294,0.14017900824546814,0.4788534343242645,0.3449144661426544,0.13228802382946014,-0.2002863883972168,-0.2002863883972168,0.2642345428466797,-1.0913382768630981,-0.32908108830451965,0.0,-0.4645209312438965,-0.4645209312438965,0.3924727141857147,0.3924727141857147,0.17601121962070465,1.430968165397644,1.2822291851043701,0.0,0.21646149456501007,0.21646149456501007,0.07008950412273407,0.07008950412273407,0.24103638529777527,-2.0000505447387695,0.734086811542511,0.0,-0.1709468811750412,-0.1709468811750412,0.335197389125824,0.335197389125824,0.41207802295684814,-1.8476166725158691,1.8186289072036743,0.0,-0.07688063383102417,-0.07688063383102417,0.1724572330713272,0.1724572330713272,0.1619410365819931,2.035522222518921,0.14055544137954712,0.0,0.010516196489334106,0.010516196489334106,0.06614401191473007,0.06614401191473007,0.07964309304952621,2.061398983001709,1.7240638732910156,0.0,-0.013499081134796143,-0.013499081134796143
476,15.866666666666667,24,0,0,,4,uneven rough,9,0.0,76.37484741210938,39.051883697509766,0.325824499130249,1.9063202142715454,-1.0419632196426392,1.899556279182434,-1.0419632196426392,9.571468353271484,0.0,0.0,-0.2765062749385834,0.22957658767700195,0.9531601071357727,-0.5209816098213196,-0.5279319286346436,0.1298474222421646,0.011864075437188148,-0.6228802800178528,0.4029572606086731,-0.18171900510787964,-0.369552344083786,-0.369552344083786,-0.19012820720672607,0.5046859979629517,0.7762240171432495,0.0,-0.17942413687705994,-0.17942413687705994,0.0649237111210823,0.0649237111210823,0.12249673902988434,-0.814976692199707,0.029387181624770164,0.0,-0.05757302790880203,-0.05757302790880203,0.005932037718594074,0.005932037718594074,-0.052410420030355453,1.8477039337158203,-0.8200206756591797,0.0,0.05834245774894953,0.05834245774894953,-0.4360162019729614,-0.4360162019729614,-0.37161383032798767,-1.6171921491622925,0.6249881982803345,0.0,-0.06440237164497375,-0.06440237164497375,0.20147863030433655,0.20147863030433655,0.16962498426437378,-1.9814242124557495,-0.7445889711380005,0.0,0.03185364603996277,0.03185364603996277,-0.09085950255393982,-0.09085950255393982,-0.05368755757808685,-2.003676652908325,0.491750568151474,0.0,-0.037171944975852966,-0.037171944975852966
477,15.9,4,0,0,,4,uneven rough,5,0.0,51.45714569091797,31.227508544921875,0.2280699908733368,1.3682034015655518,-0.6075268387794495,1.3682034015655518,-0.6075268387794495,1.6240242719650269,3.664480209350586,0.3333333432674408,-0.49064311385154724,0.2007000893354416,0.6841017007827759,-0.30376341938972473,0.6145683526992798,0.5198162198066711,0.7032002210617065,0.2159404456615448,0.3724772334098816,-0.049188677221536636,0.4301978349685669,0.4301978349685669,0.41140010952949524,1.5599342584609985,1.458340048789978,0.0,0.018797725439071655,0.018797725439071655,0.25990810990333557,0.25990810990333557,0.16449421644210815,1.4895750284194946,-1.3853013515472412,0.0,0.09541389346122742,0.09541389346122742,0.35160011053085327,0.35160011053085327,0.1703827977180481,1.5987595319747925,-0.3396121859550476,0.0,0.18121731281280518,0.18121731281280518,0.15115830302238464,0.15115830302238464,0.16023068130016327,-1.5915427207946777,-1.351758360862732,0.0,-0.009072378277778625,-0.009072378277778625,0.1862386167049408,0.1862386167049408,0.22401650249958038,0.6311404705047607,1.2500852346420288,0.0,-0.03777788579463959,-0.03777788579463959,-0.024594338610768318,-0.024594338610768318,-0.07171471416950226,1.3450250625610352,-1.1849967241287231,0.0,0.04712037555873394,0.04712037555873394
477,15.9,14,0,0,,4,uneven rough,5,0.0,51.77372360229492,32.79032897949219,0.24239635467529297,1.2704308032989502,0.47336050868034363,1.2704308032989502,0.47336050868034363,2.4401891231536865,2.051804542541504,0.3333333432674408,0.5813016295433044,0.29434216022491455,0.6352154016494751,0.23668025434017181,0.38868969678878784,0.23430533707141876,-0.09972456842660904,0.5303468108177185,0.4168165922164917,0.05715888366103172,0.27208277583122253,0.27208277583122253,0.25367194414138794,0.2918570935726166,-0.7600626945495605,0.0,0.018410831689834595,0.018410831689834595,0.11715266853570938,0.11715266853570938,0.1570754051208496,-1.8949812650680542,1.3663264513015747,0.0,-0.03992273658514023,-0.03992273658514023,-0.04986228421330452,-0.04986228421330452,0.1811511069536209,-0.10118307918310165,-0.8117993474006653,0.0,-0.23101339116692543,-0.23101339116692543,0.3712427616119385,0.3712427616119385,0.3588904142379761,-0.4371723234653473,-0.2542729377746582,0.0,0.012352347373962402,0.012352347373962402,0.20840829610824585,0.20840829610824585,0.19660280644893646,0.723540723323822,1.2119730710983276,0.0,0.011805489659309387,0.011805489659309387,0.02857944183051586,0.02857944183051586,0.06980177015066147,0.42975714802742004,1.9147937297821045,0.0,-0.04122232832014561,-0.04122232832014561
477,15.9,24,0,0,,4,uneven rough,9,0.0,76.42388153076172,39.048988342285156,0.3280770778656006,1.947384238243103,-0.749273419380188,1.8735010623931885,-0.749273419380188,9.588191986083984,4.665933132171631,0.3333333432674408,-0.1144513189792633,0.2416776418685913,0.9736921191215515,-0.374636709690094,-0.2884449362754822,0.2236482948064804,0.11800601333379745,-0.21481463313102722,0.26817670464515686,-0.2686111032962799,-0.20191144943237305,-0.20191144943237305,-0.22211670875549316,-0.19434376060962677,0.6226959228515625,0.0,0.020205259323120117,0.020205259323120117,0.1118241474032402,0.1118241474032402,0.12191306054592133,0.3197951912879944,-0.4480176568031311,0.0,-0.010088913142681122,-0.010088913142681122,0.05900300666689873,0.05900300666689873,0.017667856067419052,2.000249147415161,0.6883156299591064,0.0,0.041335150599479675,0.041335150599479675,-0.15037024021148682,-0.15037024021148682,-0.3227740526199341,1.800300121307373,-0.6427446007728577,0.0,0.17240381240844727,0.17240381240844727,0.13408835232257843,0.13408835232257843,0.13024753332138062,-0.9023858904838562,-1.4438978433609009,0.0,0.003840819001197815,0.003840819001197815,-0.13430555164813995,-0.13430555164813995,-0.0981651321053505,-1.0998406410217285,-0.9191684722900391,0.0,-0.03614041954278946,-0.03614041954278946
478,15.933333333333334,4,0,0,,4,uneven rough,5,0.0,51.483848571777344,31.199726104736328,0.23550984263420105,1.2467074394226074,-0.2838146984577179,1.2467074394226074,-0.2838146984577179,1.5539354085922241,2.831688642501831,0.5,-0.20206408202648163,0.08400507271289825,0.6233537197113037,-0.14190734922885895,0.6253898739814758,0.5811233520507812,0.09338429570198059,0.31019383668899536,0.747504711151123,-0.03917425870895386,0.4377728998661041,0.4377728998661041,0.41640105843544006,0.37655434012413025,1.5157816410064697,0.0,0.021371841430664062,0.021371841430664062,0.2905616760253906,0.2905616760253906,0.2303449958562851,1.9690450429916382,0.24015891551971436,0.0,0.06021668016910553,0.06021668016910553,0.046692147850990295,0.046692147850990295,0.11788547039031982,-1.9998778104782104,0.7563466429710388,0.0,-0.07119332253932953,-0.07119332253932953,0.21713568270206451,0.21713568270206451,0.19717010855674744,1.5200940370559692,-1.4873329401016235,0.0,0.019965574145317078,0.019965574145317078,0.3737523555755615,0.3737523555755615,0.2887103259563446,1.9992213249206543,0.9001327157020569,0.0,0.08504202961921692,0.08504202961921692,-0.01958712935447693,-0.01958712935447693,-0.05093638598918915,1.189473271369934,0.2454821616411209,0.0,0.03134925663471222,0.03134925663471222
478,15.933333333333334,14,0,0,,4,uneven rough,5,0.0,51.809688568115234,32.773338317871094,0.2431955635547638,1.7742639780044556,0.3134585916996002,1.7742639780044556,0.3134585916996002,4.5501933097839355,3.5697219371795654,0.6666666865348816,0.4630667567253113,0.23805783689022064,0.8871319890022278,0.1567292958498001,-0.2569435238838196,0.3476751148700714,0.057403985410928726,0.5927865505218506,0.4033654034137726,0.41246262192726135,-0.179860457777977,-0.179860457777977,0.18756166100502014,-1.99521803855896,-0.16530536115169525,0.0,-0.36742211878299713,-0.36742211878299713,0.1738375574350357,0.1738375574350357,0.1719483584165573,0.08883064985275269,-0.47762274742126465,0.0,0.0018891990184783936,0.0018891990184783936,0.028701992705464363,0.028701992705464363,0.13150948286056519,-1.2329697608947754,-0.41001564264297485,0.0,-0.10280749015510082,-0.10280749015510082,0.41495057940483093,0.41495057940483093,0.41049933433532715,1.471821904182434,-0.35768458247184753,0.0,0.004451245069503784,0.004451245069503784,0.2016827017068863,0.2016827017068863,0.19945654273033142,-0.44595783948898315,0.9358125329017639,0.0,0.0022261589765548706,0.0022261589765548706,0.20623131096363068,0.20623131096363068,0.10964077711105347,0.3689804673194885,1.0751513242721558,0.0,0.09659053385257721,0.09659053385257721
478,15.933333333333334,24,0,0,,4,uneven rough,9,0.0,76.47727966308594,39.04373550415039,0.32423508167266846,1.9512416124343872,-0.49195200204849243,1.909328818321228,-0.49195200204849243,6.165444850921631,1.3150851726531982,0.3333333432674408,-0.01498490571975708,0.2051595151424408,0.9756208062171936,-0.24597600102424622,-0.4711318016052246,0.45491740107536316,-0.44439971446990967,-0.37694573402404785,0.42394858598709106,0.1973271518945694,-0.3297922611236572,-0.3297922611236572,-0.2819698750972748,-1.7880620956420898,0.1607402116060257,0.0,-0.047822386026382446,-0.047822386026382446,0.22745870053768158,0.22745870053768158,0.1906254142522812,1.5560064315795898,-0.013894902542233467,0.0,0.03683328628540039,0.03683328628540039,-0.22219985723495483,-0.22219985723495483,-0.023739203810691833,-1.0236719846725464,1.4300851821899414,0.0,-0.198460653424263,-0.198460653424263,-0.2638620138168335,-0.2638620138168335,-0.25474226474761963,1.327388048171997,0.7385572791099548,0.0,-0.009119749069213867,-0.009119749069213867,0.21197429299354553,0.21197429299354553,0.1865302175283432,2.008749485015869,-1.137726068496704,0.0,0.02544407546520233,0.02544407546520233,0.0986635759472847,0.0986635759472847,-0.04108919948339462,1.580581545829773,-1.0213208198547363,0.0,0.13975277543067932,0.13975277543067932
479,15.966666666666667,4,0,0,,4,uneven rough,5,0.0,51.50834655761719,31.176746368408203,0.23374351859092712,1.1304569244384766,0.8732792139053345,1.1304569244384766,0.8732792139053345,4.889242172241211,4.659529685974121,0.3333333432674408,0.14887838065624237,0.11573587357997894,0.5652284622192383,0.43663960695266724,0.29899609088897705,0.3653802275657654,-0.06893958151340485,0.7258034348487854,0.6538987159729004,-0.295053094625473,0.20929725468158722,0.20929725468158722,0.3644128441810608,-1.7150603532791138,0.8716604709625244,0.0,-0.15511558949947357,-0.15511558949947357,0.1826901137828827,0.1826901137828827,0.2197878062725067,-0.11093137413263321,1.2176742553710938,0.0,-0.03709769248962402,-0.03709769248962402,-0.03446979075670242,-0.03446979075670242,0.049787383526563644,-2.000046491622925,-0.8020275831222534,0.0,-0.08425717428326607,-0.08425717428326607,0.5080624222755432,0.5080624222755432,0.2715409994125366,1.9992320537567139,0.21307167410850525,0.0,0.2365214228630066,0.2365214228630066,0.3269493579864502,0.3269493579864502,0.28788354992866516,-0.2538374960422516,1.5215593576431274,0.0,0.039065808057785034,0.039065808057785034,-0.1475265473127365,-0.1475265473127365,-0.0712793618440628,-1.9257560968399048,0.7792164087295532,0.0,-0.0762471854686737,-0.0762471854686737
479,15.966666666666667,14,0,0,,4,uneven rough,5,0.0,51.84636306762695,32.762264251708984,0.24767369031906128,1.4476473331451416,0.27244850993156433,1.4476473331451416,0.27244850993156433,5.893731117248535,2.378418445587158,0.5,0.41960272192955017,0.18176603317260742,0.7238236665725708,0.13622425496578217,0.20503008365631104,0.28814828395843506,-0.02811332792043686,0.3102794885635376,0.1211797222495079,-0.03791256621479988,0.14352105557918549,0.14352105557918549,0.16044962406158447,-0.6921913623809814,-1.1999412775039673,0.0,-0.016928568482398987,-0.016928568482398987,0.14407414197921753,0.14407414197921753,0.14368076622486115,-0.19371551275253296,-0.15734899044036865,0.0,0.0003933757543563843,0.0003933757543563843,-0.01405666396021843,-0.01405666396021843,0.07156974077224731,-2.000002145767212,-0.8753153681755066,0.0,-0.08562640473246574,-0.08562640473246574,0.21719564497470856,0.21719564497470856,0.3745899200439453,-1.6163002252578735,0.6767216920852661,0.0,-0.15739427506923676,-0.15739427506923676,0.06058986112475395,0.06058986112475395,0.13185039162635803,-1.9547439813613892,0.15455709397792816,0.0,-0.07126053050160408,-0.07126053050160408,-0.01895628310739994,-0.01895628310739994,0.06587357074022293,-1.0387860536575317,0.6758810877799988,0.0,-0.08482985384762287,-0.08482985384762287
479,15.966666666666667,24,0,0,,4,uneven rough,9,0.0,76.52490997314453,39.032283782958984,0.319733589887619,1.9677882194519043,-1.5082505941390991,1.8703389167785645,-1.5082505941390991,4.844087600708008,1.6596097946166992,0.5,-0.20396313071250916,0.1434791386127472,0.9838941097259521,-0.7541252970695496,-0.005762569140642881,-0.03185369819402695,-0.43649154901504517,-0.769831657409668,0.7328311204910278,-0.06493579596281052,-0.004033798351883888,-0.004033798351883888,-0.22026099264621735,1.8469749689102173,-0.9411160945892334,0.0,0.21622719429433346,0.21622719429433346,-0.050965916365385056,-0.050965916365385056,0.18770195543766022,-0.42796993255615234,0.8737301230430603,0.0,-0.23866787180304527,-0.23866787180304527,-0.21824577450752258,-0.21824577450752258,-0.05103467032313347,-1.3120778799057007,0.04272649809718132,0.0,-0.16721110418438911,-0.16721110418438911,-0.5388821363449097,-0.5388821363449097,-0.3086690306663513,-1.5944690704345703,1.0714832544326782,0.0,-0.23021310567855835,-0.23021310567855835,0.3664155602455139,0.3664155602455139,0.22324463725090027,1.829168438911438,0.6412968635559082,0.0,0.14317092299461365,0.14317092299461365,-0.03246789798140526,-0.03246789798140526,-0.013692927546799183,-0.09215427935123444,0.44979944825172424,0.0,-0.018774970434606075,-0.018774970434606075
480,16.0,4,0,0,,4,uneven rough,5,0.0,51.5330810546875,31.156923294067383,0.23834432661533356,1.1718920469284058,0.3013390898704529,1.1718920469284058,0.3013390898704529,5.83303165435791,5.999314308166504,0.3333333432674408,0.03162867948412895,0.06718617677688599,0.5859460234642029,0.15066954493522644,0.4363790452480316,-0.09416487067937851,0.7169781923294067,0.544742226600647,0.015777060762047768,0.16028468310832977,0.30546534061431885,0.30546534061431885,0.30535760521888733,-1.4281491041183472,-0.5908761024475098,0.0,0.00010773539543151855,0.00010773539543151855,-0.15066379308700562,-0.15066379308700562,0.18850523233413696,-1.598670244216919,0.46647825837135315,0.0,-0.3391690254211426,-0.3391690254211426,0.35848909616470337,0.35848909616470337,0.06685427576303482,0.38587242364883423,-1.4793896675109863,0.0,0.29163482040166855,0.29163482040166855,0.3813195526599884,0.3813195526599884,0.3342951834201813,1.9507383108139038,1.2229700088500977,0.0,0.04702436923980713,0.04702436923980713,0.007888530381023884,0.007888530381023884,0.228645920753479,-1.9156031608581543,0.5177468061447144,0.0,-0.22075739037245512,-0.22075739037245512,0.08014234155416489,0.08014234155416489,-0.014209538698196411,1.9995959997177124,-0.7501798868179321,0.0,0.0943518802523613,0.0943518802523613
480,16.0,14,0,0,,4,uneven rough,5,0.0,51.88100814819336,32.74690628051758,0.24958689510822296,1.1464464664459229,-0.17923931777477264,1.1464464664459229,-0.17923931777477264,2.6406149864196777,1.1107888221740723,0.3333333432674408,0.27774786949157715,0.23595944046974182,0.5732232332229614,-0.08961965888738632,0.4006058871746063,0.002352039562538266,0.28669166564941406,-0.2674514353275299,-0.08839021623134613,-0.4254385828971863,0.2804241180419922,0.2804241180419922,0.2133851796388626,1.99148690700531,-0.9128585457801819,0.0,0.06703893840312958,0.06703893840312958,0.001176019781269133,0.001176019781269133,0.08105429261922836,-1.9835009574890137,-0.1779106855392456,0.0,-0.07987827283795923,-0.07987827283795923,0.14334583282470703,0.14334583282470703,0.07192236930131912,0.914779543876648,-1.511215329170227,0.0,0.07142346352338791,0.07142346352338791,-0.18721599876880646,-0.18721599876880646,0.30410435795783997,-2.000000238418579,-0.6197569966316223,0.0,-0.4913203567266464,-0.4913203567266464,-0.14142434298992157,-0.14142434298992157,0.07535776495933533,-1.0813796520233154,-1.0380455255508423,0.0,-0.2167821079492569,-0.2167821079492569,-0.21271929144859314,-0.21271929144859314,0.032755475491285324,-0.598109245300293,-0.2935948073863983,0.0,-0.24547476693987846,-0.24547476693987846
480,16.0,24,0,0,,4,uneven rough,9,0.0,76.57022857666016,39.022396087646484,0.31576061248779297,1.8845350742340088,-0.767956018447876,1.8845350742340088,-0.767956018447876,8.513923645019531,0.9078260660171509,0.3333333432674408,-0.2777132987976074,0.025679241865873337,0.9422675371170044,-0.383978009223938,-0.2438393086194992,0.16353213787078857,-0.116131491959095,-0.48792722821235657,0.31086739897727966,-0.23560699820518494,-0.1706875115633011,-0.1706875115633011,-0.16674000024795532,0.7140273451805115,0.6352756023406982,0.0,-0.003947511315345764,-0.003947511315345764,0.08176606893539429,0.08176606893539429,0.12205427139997482,-1.8851747512817383,0.13774658739566803,0.0,-0.040288202464580536,-0.040288202464580536,-0.0580657459795475,-0.0580657459795475,-0.06494332104921341,0.39076942205429077,-0.7232823371887207,0.0,0.006877575069665909,0.006877575069665909,-0.3415490686893463,-0.3415490686893463,-0.3451240062713623,-0.236455500125885,-0.43585094809532166,0.0,0.003574937582015991,0.003574937582015991,0.15543369948863983,0.15543369948863983,0.17659872770309448,-1.6258900165557861,1.3129215240478516,0.0,-0.02116502821445465,-0.02116502821445465,-0.11780349910259247,-0.11780349910259247,-0.04626845195889473,0.1915034055709839,0.14337784051895142,0.0,-0.07153504714369774,-0.07153504714369774
481,16.03333333333333,4,0,0,,4,uneven rough,5,0.0,51.56433868408203,31.14150047302246,0.25094980001449585,1.434394359588623,0.12393467128276825,1.434394359588623,0.12393467128276825,6.728497505187988,3.4447832107543945,0.3333333432674408,0.24160650372505188,0.091669462621212,0.7171971797943115,0.061967335641384125,0.13988997042179108,0.4482860565185547,0.6056573390960693,0.41931530833244324,-0.07655275613069534,0.05304126441478729,0.09792298078536987,0.09792298078536987,0.2514263391494751,-1.8241344690322876,-1.0642718076705933,0.0,-0.15350335836410522,-0.15350335836410522,0.22414302825927734,0.22414302825927734,0.2145540714263916,0.6144550442695618,-0.7011604309082031,0.0,0.009588956832885742,0.009588956832885742,0.30282866954803467,0.30282866954803467,0.11493423581123352,1.6846767663955688,-0.4247671365737915,0.0,0.18789443373680115,0.18789443373680115,0.2935207188129425,0.2935207188129425,0.3331621587276459,-0.5569409132003784,1.6344515085220337,0.0,-0.03964143991470337,-0.03964143991470337,-0.12248440831899643,-0.12248440831899643,0.19586190581321716,-1.1156768798828125,-0.8580735921859741,0.0,-0.3183463141322136,-0.3183463141322136,0.026520632207393646,0.026520632207393646,0.021512072533369064,1.738829255104065,0.8045483231544495,0.0,0.005008559674024582,0.005008559674024582
481,16.03333333333333,14,0,0,,4,uneven rough,5,0.0,51.91645431518555,32.73148727416992,0.24853453040122986,1.2062673568725586,0.08344031870365143,1.2062673568725586,0.08344031870365143,1.320265531539917,2.3815624713897705,0.3333333432674408,0.3849092423915863,0.23932604491710663,0.6031336784362793,0.041720159351825714,0.4344998300075531,0.0071937283501029015,0.38805872201919556,0.01636408269405365,0.26804447174072266,-0.3559432625770569,0.304149866104126,0.304149866104126,0.2761683166027069,1.6296645402908325,0.7292635440826416,0.0,0.027981549501419067,0.027981549501419067,0.0035968641750514507,0.0035968641750514507,0.04767993837594986,-1.4304083585739136,-1.1987947225570679,0.0,-0.04408307420089841,-0.04408307420089841,0.19402936100959778,0.19402936100959778,0.10602875798940659,1.0544542074203491,-0.1395534873008728,0.0,0.08800060302019119,0.08800060302019119,0.011454857885837555,0.011454857885837555,0.23700857162475586,-1.7997982501983643,-1.4001489877700806,0.0,-0.2255537137389183,-0.2255537137389183,0.13402223587036133,0.13402223587036133,0.11308333277702332,0.7517498731613159,-1.062546730041504,0.0,0.020938903093338013,0.020938903093338013,-0.17797163128852844,-0.17797163128852844,-0.015183557756245136,-1.8459820747375488,-0.46576783061027527,0.0,-0.1627880735322833,-0.1627880735322833
481,16.03333333333333,24,0,0,,4,uneven rough,9,0.0,76.61734771728516,39.00666427612305,0.31702542304992676,1.9623085260391235,-1.3120672702789307,1.9043749570846558,-1.3120672702789307,6.971615791320801,2.2755701541900635,0.5,0.07817596197128296,0.08542382717132568,0.9811542630195618,-0.6560336351394653,-0.1277456432580948,0.26476505398750305,-0.26072415709495544,-0.37027814984321594,0.2813045382499695,0.057377032935619354,-0.08942195028066635,-0.08942195028066635,-0.12675531208515167,1.728223443031311,0.6798020005226135,0.0,0.03733336180448532,0.03733336180448532,0.13238252699375153,0.13238252699375153,0.11542090773582458,0.3182583153247833,-1.006016731262207,0.0,0.01696161925792694,0.01696161925792694,-0.13036207854747772,-0.13036207854747772,-0.09779113531112671,-1.5615006685256958,-0.09339546412229538,0.0,-0.03257094323635101,-0.03257094323635101,-0.2591947019100189,-0.2591947019100189,-0.30334728956222534,1.947654128074646,-0.3231123983860016,0.0,0.04415258765220642,0.04415258765220642,0.14065226912498474,0.14065226912498474,0.15916338562965393,-0.37393173575401306,-0.3486877679824829,0.0,-0.01851111650466919,-0.01851111650466919,0.028688516467809677,0.028688516467809677,0.010479210875928402,1.6969441175460815,0.17058812081813812,0.0,0.018209305591881275,0.018209305591881275
482,16.066666666666666,4,0,0,,4,uneven rough,5,0.0,51.593414306640625,31.123960494995117,0.2611372172832489,1.6790038347244263,0.7331362366676331,1.6790038347244263,0.7331362366676331,6.508870601654053,2.0418715476989746,0.5,0.4202260971069336,0.1576075404882431,0.8395019173622131,0.36656811833381653,0.6903768181800842,0.16933177411556244,0.4357694387435913,0.149458646774292,0.276103675365448,-0.2976003587245941,0.48326376080513,0.48326376080513,0.2999766767024994,1.9959897994995117,-1.4938994646072388,0.0,0.18328708410263062,0.18328708410263062,0.08466588705778122,0.08466588705778122,0.15386196970939636,-1.8968669176101685,0.042690929025411606,0.0,-0.06919608265161514,-0.06919608265161514,0.21788471937179565,0.21788471937179565,0.1548474282026291,1.3615256547927856,0.767916202545166,0.0,0.06303729116916656,0.06303729116916656,0.1046210527420044,0.1046210527420044,0.2637009918689728,-1.9917627573013306,0.39543431997299194,0.0,-0.15907993912696838,-0.15907993912696838,0.138051837682724,0.138051837682724,0.15116432309150696,-0.2032347470521927,-1.003722906112671,0.0,-0.013112485408782959,-0.013112485408782959,-0.14880017936229706,-0.14880017936229706,0.04129414260387421,0.09462927281856537,1.3327924013137817,0.0,-0.19009432196617126,-0.19009432196617126
482,16.066666666666666,14,0,0,,4,uneven rough,5,0.0,51.948631286621094,32.717140197753906,0.24823397397994995,1.1111314296722412,-0.6219208240509033,1.1111314296722412,-0.6219208240509033,1.684140920639038,4.25797176361084,0.6666666865348816,0.3860083222389221,0.16812239587306976,0.5555657148361206,-0.31096041202545166,0.7120267152786255,-0.07819388806819916,0.5455795526504517,0.14733615517616272,0.22791987657546997,-0.3743678629398346,0.4984186887741089,0.4984186887741089,0.3400392532348633,1.855589747428894,1.2383519411087036,0.0,0.1583794355392456,0.1583794355392456,-0.1251102238893509,-0.1251102238893509,-0.01636054925620556,-1.9396015405654907,-1.3297494649887085,0.0,-0.10874967463314533,-0.10874967463314533,0.27278977632522583,0.27278977632522583,0.16152605414390564,1.7567222118377686,0.5355405807495117,0.0,0.11126372218132019,0.11126372218132019,0.10313531011343002,0.10313531011343002,0.16924333572387695,-1.9433361291885376,-1.626111388206482,0.0,-0.06610802561044693,-0.06610802561044693,0.11395993828773499,0.11395993828773499,0.1257619708776474,0.2754940390586853,-0.03674018010497093,0.0,-0.011802032589912415,-0.011802032589912415,-0.1871839314699173,-0.1871839314699173,-0.058029476553201675,-1.1808128356933594,-1.2461434602737427,0.0,-0.12915445491671562,-0.12915445491671562
482,16.066666666666666,24,0,0,,4,uneven rough,9,0.0,76.66416931152344,38.98807144165039,0.306152880191803,1.8811498880386353,-0.2040472775697708,1.8811498880386353,-0.2040472775697708,10.257652282714844,1.4620002508163452,0.1666666716337204,0.07495461404323578,0.22389087080955505,0.9405749440193176,-0.1020236387848854,-0.6939704418182373,0.08223249763250351,0.3581208288669586,-0.21102672815322876,0.6430911421775818,0.17428837716579437,-0.4857793152332306,-0.4857793152332306,-0.156617671251297,-1.8443855047225952,1.2725813388824463,0.0,-0.3291616439819336,-0.3291616439819336,0.041116248816251755,0.041116248816251755,0.08960036188364029,-1.9999891519546509,-0.2572692334651947,0.0,-0.048484113067388535,-0.048484113067388535,0.1790604144334793,0.1790604144334793,-0.04040294140577316,2.0000014305114746,-0.9234647750854492,0.0,0.21946335583925247,0.21946335583925247,-0.14771871268749237,-0.14771871268749237,-0.23343677818775177,1.9338032007217407,0.960783064365387,0.0,0.0857180655002594,0.0857180655002594,0.3215455710887909,0.3215455710887909,0.18337495625019073,0.8469178676605225,-0.3629607558250427,0.0,0.13817061483860016,0.13817061483860016,0.08714418858289719,0.08714418858289719,0.0683925673365593,1.055963158607483,1.0335925817489624,0.0,0.01875162124633789,0.01875162124633789
483,16.1,4,0,0,,4,uneven rough,5,0.0,51.623619079589844,31.105798721313477,0.26637691259384155,1.5629074573516846,-0.5831223726272583,1.5629074573516846,-0.5831223726272583,3.2514147758483887,2.652538537979126,0.42475998401641846,0.6028082370758057,0.07799451053142548,0.7814537286758423,-0.29156118631362915,0.5023328065872192,0.23962019383907318,0.4533606767654419,0.1637372076511383,0.3337092995643616,-0.28740331530570984,0.3516329526901245,0.3516329526901245,0.36233800649642944,1.3598183393478394,0.4792901873588562,0.0,-0.010705053806304932,-0.010705053806304932,0.11981009691953659,0.11981009691953659,0.13351626694202423,-0.8071098923683167,-1.0539385080337524,0.0,-0.01370617002248764,-0.01370617002248764,0.22668033838272095,0.22668033838272095,0.18447309732437134,0.7113261222839355,1.1035441160202026,0.0,0.04220724105834961,0.04220724105834961,0.1146160438656807,0.1146160438656807,0.19991785287857056,-1.9461814165115356,-0.9542911648750305,0.0,-0.08530180901288986,-0.08530180901288986,0.1668546497821808,0.1668546497821808,0.1732775866985321,0.3877541720867157,-0.5511254668235779,0.0,-0.006422936916351318,-0.006422936916351318,-0.14370165765285492,-0.14370165765285492,0.0011675370624288917,-1.197217345237732,0.6327327489852905,0.0,-0.1448691947152838,-0.1448691947152838
483,16.1,14,0,0,,4,uneven rough,5,0.0,51.980228424072266,32.70053482055664,0.24687165021896362,0.5772321820259094,-0.5249040722846985,0.5772321820259094,-0.5249040722846985,2.6181743144989014,2.4923019409179688,0.3333333432674408,0.3903118968009949,0.19514569640159607,0.2886160910129547,-0.26245203614234924,0.656651496887207,-0.018879111856222153,0.6241686344146729,0.19026966392993927,0.43067827820777893,-0.2696302533149719,0.4596560299396515,0.4596560299396515,0.4064408242702484,1.9934412240982056,1.5873392820358276,0.0,0.053215205669403076,0.053215205669403076,-0.030206579715013504,-0.030206579715013504,-0.013989981263875961,0.14896875619888306,-1.6745609045028687,0.0,-0.016216598451137543,-0.016216598451137543,0.3120843172073364,0.3120843172073364,0.22737087309360504,1.9949746131896973,1.225998878479004,0.0,0.08471344411373138,0.08471344411373138,0.13318876922130585,0.13318876922130585,0.11561373621225357,-0.9354207515716553,-1.8054708242416382,0.0,0.017575033009052277,0.017575033009052277,0.21533913910388947,0.21533913910388947,0.18808020651340485,1.585960865020752,0.1397976130247116,0.0,0.02725893259048462,0.02725893259048462,-0.13481512665748596,-0.13481512665748596,-0.10253088176250458,-1.4647574424743652,-1.2092053890228271,0.0,-0.032284244894981384,-0.032284244894981384
483,16.1,24,0,0,,4,uneven rough,9,0.0,76.70691680908203,38.973419189453125,0.31692013144493103,1.8306097984313965,0.8151043653488159,1.8306097984313965,0.8151043653488159,4.817776203155518,1.1503381729125977,0.1666666716337204,0.14888764917850494,0.12000781297683716,0.9153048992156982,0.40755218267440796,-0.20800398290157318,0.4753737449645996,0.08168742805719376,0.09037306159734726,0.07273970544338226,-0.0414363332092762,-0.14560279250144958,-0.14560279250144958,-0.15604272484779358,0.7913405299186707,-0.48975732922554016,0.0,0.010439932346343994,0.010439932346343994,0.2376868724822998,0.2376868724822998,0.13387678563594818,1.930474042892456,-1.2426061630249023,0.0,0.10381008684635162,0.10381008684635162,0.04084371402859688,0.04084371402859688,0.01211659424006939,2.0000133514404297,0.7294682860374451,0.0,0.02872711978852749,0.02872711978852749,0.06326114386320114,0.06326114386320114,-0.16924667358398438,1.5083433389663696,1.5109304189682007,0.0,0.23250781744718552,0.23250781744718552,0.03636985272169113,0.03636985272169113,0.13155300915241241,-1.8751022815704346,0.32110679149627686,0.0,-0.09518315643072128,-0.09518315643072128,-0.0207181666046381,-0.0207181666046381,0.00320087349973619,-2.011671781539917,1.0462409257888794,0.0,-0.02391904010437429,-0.02391904010437429
484,16.133333333333333,4,0,0,,4,uneven rough,5,0.0,51.648868560791016,31.088424682617188,0.2720174491405487,1.0540105104446411,-0.18151454627513885,1.0540105104446411,-0.18151454627513885,1.3181335926055908,1.301311731338501,0.3333333432674408,0.644037663936615,0.1624632328748703,0.5270052552223206,-0.09075727313756943,0.654879093170166,0.041663628071546555,0.599037230014801,0.25866588950157166,0.23111121356487274,-0.328380823135376,0.45841535925865173,0.45841535925865173,0.4257572591304779,1.6866238117218018,0.9771423935890198,0.0,0.03265810012817383,0.03265810012817383,0.020831814035773277,0.020831814035773277,0.07021702826023102,-1.9973877668380737,-0.9143811464309692,0.0,-0.04938521422445774,-0.04938521422445774,0.2995186150074005,0.2995186150074005,0.1992785483598709,0.7597742676734924,0.8817833662033081,0.0,0.1002400666475296,0.1002400666475296,0.1810661256313324,0.1810661256313324,0.150508850812912,-0.3711850643157959,-1.5151077508926392,0.0,0.03055727481842041,0.03055727481842041,0.11555560678243637,0.11555560678243637,0.14165307581424713,-1.029659390449524,-0.0202812310308218,0.0,-0.02609746903181076,-0.02609746903181076,-0.164190411567688,-0.164190411567688,-0.04161209240555763,-1.3709853887557983,-0.4019243121147156,0.0,-0.12257831916213036,-0.12257831916213036
484,16.133333333333333,14,0,0,,4,uneven rough,5,0.0,52.00686264038086,32.67898178100586,0.23991656303405762,0.6774062514305115,0.24393898248672485,0.6774062514305115,0.24393898248672485,2.2633814811706543,0.6060159206390381,0.3333333432674408,0.360121488571167,0.2326127141714096,0.33870312571525574,0.12196949124336243,0.670418381690979,-0.10685950517654419,0.3701612949371338,0.32707566022872925,0.4523226320743561,-0.17909806966781616,0.46929284930229187,0.46929284930229187,0.4447883367538452,0.9423203468322754,1.8169500827789307,0.0,0.024504512548446655,0.024504512548446655,-0.1709752082824707,-0.1709752082824707,-0.07505328208208084,-1.1145210266113281,-0.6435339450836182,0.0,-0.09592192620038986,-0.09592192620038986,0.1850806474685669,0.1850806474685669,0.20466752350330353,-1.5885794162750244,1.6607791185379028,0.0,-0.019586876034736633,-0.019586876034736633,0.22895295917987823,0.22895295917987823,0.1604793667793274,1.9571895599365234,-1.3135429620742798,0.0,0.06847359240055084,0.06847359240055084,0.22616131603717804,0.22616131603717804,0.187442809343338,0.0002489411272108555,0.957460880279541,0.0,0.03871850669384003,0.03871850669384003,-0.08954903483390808,-0.08954903483390808,-0.10666466504335403,0.8083587884902954,-1.3536949157714844,0.0,0.017115630209445953,0.017115630209445953
484,16.133333333333333,24,0,0,,4,uneven rough,9,0.0,76.75350952148438,38.9697380065918,0.3137887418270111,1.861932635307312,-0.03747507929801941,1.861932635307312,-0.03747507929801941,6.853034019470215,1.2114301919937134,0.1666666716337204,0.38280415534973145,0.19267919659614563,0.930966317653656,-0.018737539649009705,-0.7540649175643921,0.33327633142471313,-0.567895770072937,-0.5908095836639404,0.38299575448036194,-0.3184591233730316,-0.5278454422950745,-0.5278454422950745,-0.1966029703617096,-1.698379397392273,0.2345777004957199,0.0,-0.33124247193336487,-0.33124247193336487,0.16663816571235657,0.16663816571235657,0.17812927067279816,0.9367136359214783,0.5514590740203857,0.0,-0.01149110496044159,-0.01149110496044159,-0.2839478850364685,-0.2839478850364685,-0.03963223844766617,0.22007538378238678,1.4478367567062378,0.0,-0.24431564658880234,-0.24431564658880234,-0.4135667085647583,-0.4135667085647583,-0.16306842863559723,-1.1413601636886597,1.509467601776123,0.0,-0.25049827992916107,-0.25049827992916107,0.19149787724018097,0.19149787724018097,0.16752928495407104,0.6709746718406677,-0.9206337332725525,0.0,0.023968592286109924,0.023968592286109924,-0.1592295616865158,-0.1592295616865158,-0.06315570324659348,0.08001657575368881,-0.6827083826065063,0.0,-0.09607385843992233,-0.09607385843992233
485,16.166666666666668,4,0,0,,4,uneven rough,5,0.0,51.67094802856445,31.069807052612305,0.2746974229812622,1.1648802757263184,-0.08300597965717316,1.1648802757263184,-0.08300597965717316,1.2886910438537598,2.512258529663086,0.3333333432674408,0.7077662348747253,0.1527526080608368,0.5824401378631592,-0.04150298982858658,0.4092088043689728,0.14427191019058228,0.6527438163757324,0.48867642879486084,0.35370853543281555,-0.07979494333267212,0.28644615411758423,0.28644615411758423,0.3708822727203369,-1.972382664680481,1.3782844543457031,0.0,-0.08443611860275269,-0.08443611860275269,0.07213595509529114,0.07213595509529114,0.07367764413356781,0.08075782656669617,-1.5267150402069092,0.0,-0.0015416890382766724,-0.0015416890382766724,0.3263719081878662,0.3263719081878662,0.2582682967185974,1.2488869428634644,0.8127992153167725,0.0,0.0681036114692688,0.0681036114692688,0.3420735001564026,0.3420735001564026,0.21676111221313477,1.8902043104171753,-0.8683318495750427,0.0,0.12531238794326782,0.12531238794326782,0.17685426771640778,0.17685426771640778,0.19494272768497467,0.13296723365783691,-0.5909854769706726,0.0,-0.018088459968566895,-0.018088459968566895,-0.03989747166633606,-0.03989747166633606,-0.04018748924136162,0.2240442931652069,-0.9498331546783447,0.0,0.00029001757502555847,0.00029001757502555847
485,16.166666666666668,14,0,0,,4,uneven rough,5,0.0,52.034080505371094,32.658206939697266,0.24310961365699768,1.5403103828430176,0.2571246922016144,1.5403103828430176,0.2571246922016144,7.80522346496582,4.335704326629639,0.3333333432674408,0.3408498167991638,0.3590688705444336,0.7701551914215088,0.1285623461008072,-0.3851238191127777,0.4045959711074829,0.4694684147834778,0.6647957563400269,0.2256399691104889,0.13726353645324707,-0.2695866823196411,-0.2695866823196411,0.4060436189174652,-1.7093507051467896,1.3224328756332397,0.0,-0.6756303012371063,-0.6756303012371063,0.20229798555374146,0.20229798555374146,-0.03406299278140068,1.5391963720321655,-0.9098308682441711,0.0,0.23636097833514214,0.23636097833514214,0.2347342073917389,0.2347342073917389,0.2255200445652008,1.0205591917037964,-0.17641399800777435,0.0,0.009214162826538086,0.009214162826538086,0.4653570353984833,0.4653570353984833,0.22951695322990417,1.9930039644241333,0.5357350707054138,0.0,0.2358400821685791,0.2358400821685791,0.11281998455524445,0.11281998455524445,0.1642889678478241,-2.000001907348633,0.416251540184021,0.0,-0.05146898329257965,-0.05146898329257965,0.06863176822662354,0.06863176822662354,-0.04128194972872734,1.9907668828964233,-0.13126589357852936,0.0,0.10991371795535088,0.10991371795535088
485,16.166666666666668,24,0,0,,4,uneven rough,9,0.0,76.79540252685547,38.96075439453125,0.3183964788913727,1.955458641052246,-0.6532212495803833,1.9225746393203735,-0.6532212495803833,8.988819122314453,4.899396896362305,0.3333333432674408,0.44638723134994507,0.22916051745414734,0.977729320526123,-0.32661062479019165,0.26328444480895996,-0.23775821924209595,-0.5360992550849915,-0.5762494802474976,0.4983779191970825,-0.5508867502212524,0.18429911136627197,0.18429911136627197,-0.15009967982769012,1.8872839212417603,-0.8583196997642517,0.0,0.3343987911939621,0.3343987911939621,-0.38041314482688904,-0.38041314482688904,0.20146623253822327,1.5084280967712402,0.7692826986312866,0.0,-0.5818793773651123,-0.5818793773651123,-0.2680496275424957,-0.2680496275424957,-0.08019167929887772,-1.1266121864318848,0.7536582946777344,0.0,-0.187857948243618,-0.187857948243618,-0.40337464213371277,-0.40337464213371277,-0.22332845628261566,-1.8524287939071655,0.010684856213629246,0.0,-0.1800461858510971,-0.1800461858510971,0.24918895959854126,0.24918895959854126,0.1813349425792694,1.9971792697906494,-0.020735492929816246,0.0,0.06785401701927185,0.06785401701927185,-0.2754433751106262,-0.2754433751106262,-0.10110534727573395,-0.9449672698974609,-0.25146234035491943,0.0,-0.17433802783489227,-0.17433802783489227
486,16.2,4,0,0,,4,uneven rough,5,0.0,51.69009780883789,31.052522659301758,0.2833348214626312,1.2553350925445557,0.47807663679122925,1.2553350925445557,0.47807663679122925,4.87465763092041,1.315669298171997,0.5,0.47933363914489746,0.16045546531677246,0.6276675462722778,0.23903831839561462,0.5950393676757812,0.22768433392047882,0.3256223499774933,0.5060232877731323,0.12380152940750122,0.0735812857747078,0.41652753949165344,0.41652753949165344,0.3692256510257721,1.0544999837875366,-0.5161887407302856,0.0,0.04730188846588135,0.04730188846588135,0.11384216696023941,0.11384216696023941,0.0864056646823883,0.3292972445487976,-0.6178470253944397,0.0,0.027436502277851105,0.027436502277851105,0.16281117498874664,0.16281117498874664,0.20188039541244507,-1.9652754068374634,1.0593639612197876,0.0,-0.039069220423698425,-0.039069220423698425,0.3542163074016571,0.3542163074016571,0.27503451704978943,1.892214059829712,0.691349446773529,0.0,0.07918179035186768,0.07918179035186768,0.06190076470375061,0.06190076470375061,0.1361941546201706,-1.8444284200668335,-0.18166132271289825,0.0,-0.07429338991641998,-0.07429338991641998,0.0367906428873539,0.0367906428873539,-0.03209654614329338,-0.3678710460662842,-0.286120742559433,0.0,0.06888718903064728,0.06888718903064728
486,16.2,14,0,0,,4,uneven rough,5,0.0,52.059425354003906,32.63779830932617,0.24725386500358582,0.4961395561695099,0.36461979150772095,0.4961395561695099,0.36461979150772095,2.5762603282928467,0.0,0.0,0.6848570108413696,0.3461092710494995,0.24806977808475494,0.18230989575386047,-0.49675390124320984,0.4399265944957733,0.5905237197875977,0.6489339470863342,0.019307103008031845,0.34605252742767334,-0.3477277159690857,-0.3477277159690857,0.3444097340106964,-1.9430932998657227,-0.391743004322052,0.0,-0.6921374499797821,-0.6921374499797821,0.21996329724788666,0.21996329724788666,0.02175699546933174,1.5736786127090454,0.474853515625,0.0,0.19820630177855492,0.19820630177855492,0.29526185989379883,0.29526185989379883,0.2888527810573578,1.573922038078308,0.5003567934036255,0.0,0.00640907883644104,0.00640907883644104,0.45425376296043396,0.45425376296043396,0.2954994738101959,1.9998741149902344,1.3596775531768799,0.0,0.15875428915023804,0.15875428915023804,0.009653551504015923,0.009653551504015923,0.10582156479358673,-1.9999693632125854,-0.9499024748802185,0.0,-0.09616801328957081,-0.09616801328957081,0.17302626371383667,0.17302626371383667,-0.020463723689317703,0.7213720679283142,1.0685352087020874,0.0,0.19348998740315437,0.19348998740315437
486,16.2,24,0,0,,4,uneven rough,9,0.0,76.83523559570312,38.943138122558594,0.3258686661720276,1.8221365213394165,-1.0682183504104614,1.8221365213394165,-1.0682183504104614,9.102832794189453,4.626700401306152,0.3259209990501404,0.38203519582748413,0.07168427109718323,0.9110682606697083,-0.5341091752052307,0.04507948458194733,-0.0335177443921566,-0.4531698226928711,-0.21104703843593597,0.4952571392059326,-0.6070737838745117,0.03155563771724701,0.03155563771724701,-0.0993671640753746,1.6336623430252075,0.6940495371818542,0.0,0.1309228017926216,0.1309228017926216,-0.05362839251756668,-0.05362839251756668,0.18012097477912903,0.6262781023979187,1.1871968507766724,0.0,-0.2337493672966957,-0.2337493672966957,-0.22658491134643555,-0.22658491134643555,-0.12648794054985046,-1.8228285312652588,-0.3094500005245209,0.0,-0.10009697079658508,-0.10009697079658508,-0.1477329283952713,-0.1477329283952713,-0.1898781657218933,1.5970414876937866,-1.0427229404449463,0.0,0.04214523732662201,0.04214523732662201,0.2476285696029663,0.2476285696029663,0.1963125616312027,1.4542757272720337,1.1201971769332886,0.0,0.05131600797176361,0.05131600797176361,-0.30353689193725586,-0.30353689193725586,-0.14965708553791046,-0.7542280554771423,-0.6435712575912476,0.0,-0.1538798063993454,-0.1538798063993454
487,16.233333333333334,4,0,0,,4,uneven rough,5,0.0,51.707462310791016,31.039592742919922,0.29154783487319946,1.2187771797180176,0.21324892342090607,1.2187771797180176,0.21324892342090607,6.617262840270996,3.1207022666931152,0.1666666716337204,0.3324415683746338,0.23992274701595306,0.6093885898590088,0.10662446171045303,-0.4579068422317505,0.23092356324195862,0.44598233699798584,0.5893558263778687,0.08899260312318802,-0.31808820366859436,-0.3205347955226898,-0.3205347955226898,0.3319932818412781,-1.1892685890197754,0.37188148498535156,0.0,-0.6525280773639679,-0.6525280773639679,0.11546178162097931,0.11546178162097931,0.12378393858671188,0.29044410586357117,-0.08232994377613068,0.0,-0.008322156965732574,-0.008322156965732574,0.22299116849899292,0.22299116849899292,0.1712408810853958,-0.8517339825630188,-0.6507725715637207,0.0,0.05175028741359711,0.05175028741359711,0.41254907846450806,0.41254907846450806,0.3455779552459717,1.9399776458740234,1.370320439338684,0.0,0.06697112321853638,0.06697112321853638,0.04449630156159401,0.04449630156159401,0.08000752329826355,-1.2180626392364502,-1.1217927932739258,0.0,-0.03551122173666954,-0.03551122173666954,-0.15904410183429718,-0.15904410183429718,-0.06626446545124054,-1.1717250347137451,-0.3323425054550171,0.0,-0.09277963638305664,-0.09277963638305664
487,16.233333333333334,14,0,0,,4,uneven rough,5,0.0,52.08757400512695,32.62192153930664,0.25227048993110657,0.7614415884017944,0.8366596102714539,0.7614415884017944,0.8366596102714539,5.939759731292725,3.3333334922790527,0.1666666716337204,0.5017050504684448,0.42860087752342224,0.3807207942008972,0.41832980513572693,-0.2763919532299042,0.6177160739898682,0.33589911460876465,0.33810919523239136,-0.2168467491865158,0.17988722026348114,-0.19347436726093292,-0.19347436726093292,0.29484084248542786,-1.4814430475234985,-1.2688792943954468,0.0,-0.4883152097463608,-0.4883152097463608,0.3088580369949341,0.3088580369949341,0.07860585302114487,1.4683442115783691,1.0961312055587769,0.0,0.23025218397378922,0.23025218397378922,0.16794955730438232,0.16794955730438232,0.24459044635295868,-2.0000011920928955,1.1073524951934814,0.0,-0.07664088904857635,-0.07664088904857635,0.2366764396429062,0.2366764396429062,0.27363577485084534,-1.9852614402770996,1.7216458320617676,0.0,-0.03695933520793915,-0.03695933520793915,-0.3469547927379608,-0.3469547927379608,0.04046088829636574,-1.8308711051940918,-1.5436121225357056,0.0,-0.38741568103432655,-0.38741568103432655,0.08994361013174057,0.08994361013174057,0.028564630076289177,2.0011274814605713,0.8722485303878784,0.0,0.06137898005545139,0.06137898005545139
487,16.233333333333334,24,0,0,,4,uneven rough,9,0.0,76.87809753417969,38.92970275878906,0.33162033557891846,1.9710782766342163,-0.09931033849716187,1.9364758729934692,-0.09931033849716187,8.21162223815918,3.5436301231384277,0.32771381735801697,0.10669311136007309,0.16809611022472382,0.9855391383171082,-0.04965516924858093,-0.6136457920074463,0.3025647699832916,-0.0372466966509819,-0.03670702502131462,0.4773576259613037,0.08326438069343567,-0.4295520484447479,-0.4295520484447479,-0.1368168294429779,-1.668392300605774,1.2253082990646362,0.0,-0.29273521900177,-0.29273521900177,0.1512823849916458,0.1512823849916458,0.17849619686603546,-0.5995281338691711,0.8700523376464844,0.0,-0.02721381187438965,-0.02721381187438965,-0.01862334832549095,-0.01862334832549095,-0.07447703927755356,1.4461935758590698,-1.1651169061660767,0.0,0.05585369095206261,0.05585369095206261,-0.025694917887449265,-0.025694917887449265,-0.11924903094768524,2.004575490951538,0.4498045742511749,0.0,0.09355411306023598,0.09355411306023598,0.23867881298065186,0.23867881298065186,0.2201506644487381,0.0619535855948925,1.3090858459472656,0.0,0.018528148531913757,0.018528148531913757,0.041632190346717834,0.041632190346717834,-0.09731899946928024,1.2159178256988525,-0.7061368227005005,0.0,0.13895118981599808,0.13895118981599808
488,16.266666666666666,4,0,0,,4,uneven rough,5,0.0,51.73434066772461,31.03204917907715,0.29196420311927795,1.2886946201324463,0.2526039481163025,1.2886946201324463,0.2526039481163025,5.759112358093262,1.019995093345642,0.3333333432674408,0.261610746383667,0.06121896207332611,0.6443473100662231,0.12630197405815125,-0.2661089599132538,0.38473349809646606,0.03317589312791824,0.24810467660427094,0.22069287300109863,0.14323249459266663,-0.18627627193927765,-0.18627627193927765,0.28199502825737,-1.7853257656097412,-0.5107955932617188,0.0,-0.46827130019664764,-0.46827130019664764,0.19236674904823303,0.19236674904823303,0.17411038279533386,1.1045613288879395,0.12843717634677887,0.0,0.01825636625289917,0.01825636625289917,0.01658794656395912,0.01658794656395912,0.10585340112447739,-2.000000476837158,-0.7643965482711792,0.0,-0.08926545456051826,-0.08926545456051826,0.17367327213287354,0.17367327213287354,0.3219936490058899,-2.0000014305114746,1.6924055814743042,0.0,-0.14832037687301636,-0.14832037687301636,0.11034643650054932,0.11034643650054932,0.11628586053848267,0.8815804123878479,-1.176223874092102,0.0,-0.00593942403793335,-0.00593942403793335,0.07161624729633331,0.07161624729633331,-0.025425633415579796,1.9999421834945679,-0.8069308996200562,0.0,0.09704188071191311,0.09704188071191311
488,16.266666666666666,14,0,0,,4,uneven rough,5,0.0,52.12215805053711,32.6150016784668,0.2523636519908905,1.152317762374878,1.0118954181671143,1.152317762374878,1.0118954181671143,4.55466890335083,0.5013464689254761,0.1666666716337204,0.4517154097557068,0.40833258628845215,0.576158881187439,0.5059477090835571,0.09553442150354385,0.5326288342475891,0.343772292137146,-0.04024088382720947,-0.0011311466805636883,-0.18193155527114868,0.06687409430742264,0.06687409430742264,0.23121245205402374,-0.9924472570419312,-1.3890632390975952,0.0,-0.1643383577466011,-0.1643383577466011,0.26631441712379456,0.26631441712379456,0.14603564143180847,1.6209795475006104,1.3065811395645142,0.0,0.12027877569198608,0.12027877569198608,0.171886146068573,0.171886146068573,0.18541182577610016,-0.20081570744514465,-0.6495508551597595,0.0,-0.01352567970752716,-0.01352567970752716,-0.02816861867904663,-0.02816861867904663,0.21916477382183075,-1.3339321613311768,-0.37424618005752563,0.0,-0.24733339250087738,-0.24733339250087738,-0.00180983473546803,-0.00180983473546803,0.0022290386259555817,-0.34881091117858887,-1.7060288190841675,0.0,-0.004038873361423612,-0.004038873361423612,-0.09096577763557434,-0.09096577763557434,0.013405905105173588,-0.3037674129009247,1.5105186700820923,0.0,-0.10437168274074793,-0.10437168274074793
488,16.266666666666666,24,0,0,,4,uneven rough,9,0.0,76.9256362915039,38.93317794799805,0.3268323540687561,1.9488804340362549,-0.26700806617736816,1.918964147567749,-0.26700806617736816,9.868412017822266,1.8363007307052612,0.1666666716337204,-0.02284250780940056,0.2931782603263855,0.9744402170181274,-0.13350403308868408,-0.42338699102401733,0.2091139703989029,-0.38160547614097595,-0.4249626398086548,0.42380189895629883,-0.16159841418266296,-0.29637089371681213,-0.29637089371681213,-0.20246925950050354,-1.9782133102416992,-0.4107952117919922,0.0,-0.0939016342163086,-0.0939016342163086,0.10455698519945145,0.10455698519945145,0.1190296933054924,-0.5064103007316589,0.03914891183376312,0.0,-0.014472708106040955,-0.014472708106040955,-0.19080273807048798,-0.19080273807048798,-0.13054117560386658,-0.5111395716667175,0.31132271885871887,0.0,-0.0602615624666214,-0.0602615624666214,-0.29747384786605835,-0.29747384786605835,-0.13459870219230652,-1.7958614826202393,1.3288748264312744,0.0,-0.16287514567375183,-0.16287514567375183,0.21190094947814941,0.21190094947814941,0.20811644196510315,-0.417708158493042,0.6039550304412842,0.0,0.0037845075130462646,0.0037845075130462646,-0.08079920709133148,-0.08079920709133148,-0.07457049190998077,1.8764584064483643,0.3805963099002838,0.0,-0.006228715181350708,-0.006228715181350708
489,16.3,4,0,0,,4,uneven rough,5,0.0,51.7581672668457,31.02094841003418,0.2844037115573883,1.2101263999938965,0.16687510907649994,1.2101263999938965,0.16687510907649994,6.086433410644531,0.0,0.0,-0.0835731253027916,0.2547549605369568,0.6050631999969482,0.08343755453824997,0.8482358455657959,-0.2346893548965454,0.24171976745128632,-0.2070731818675995,0.2900276184082031,-0.4361802935600281,0.5937650799751282,0.5937650799751282,0.3171045184135437,1.9975520372390747,-1.2314172983169556,0.0,0.2766605615615845,0.2766605615615845,-0.37550297379493713,-0.37550297379493713,0.16163446009159088,1.2347029447555542,0.680339515209198,0.0,-0.537137433886528,-0.537137433886528,0.12085988372564316,0.12085988372564316,0.08754095435142517,0.5364595651626587,-1.463009238243103,0.0,0.03331892937421799,0.03331892937421799,-0.1449512243270874,-0.1449512243270874,0.256783127784729,-1.5254197120666504,-0.39528796076774597,0.0,-0.4017343521118164,-0.4017343521118164,0.14501380920410156,0.14501380920410156,0.11434066295623779,0.7027085423469543,-0.012737666256725788,0.0,0.03067314624786377,0.03067314624786377,-0.21809014678001404,-0.21809014678001404,-0.05170657858252525,-1.45883309841156,0.7800801992416382,0.0,-0.16638356819748878,-0.16638356819748878
489,16.3,14,0,0,,4,uneven rough,5,0.0,52.1623649597168,32.608314514160156,0.24577979743480682,1.5540801286697388,-0.06443077325820923,1.5540801286697388,-0.06443077325820923,6.088223457336426,4.330562114715576,0.5,0.38137906789779663,0.1575230211019516,0.7770400643348694,-0.032215386629104614,0.5700236558914185,0.3610683083534241,-0.4313655495643616,0.2979033589363098,0.3910715579986572,0.036197908222675323,0.3990165591239929,0.3990165591239929,0.2731456160545349,1.4844294786453247,-1.1648157835006714,0.0,0.125870943069458,0.125870943069458,0.18053415417671204,0.18053415417671204,0.1920119673013687,0.7948876023292542,1.4843425750732422,0.0,-0.011477813124656677,-0.011477813124656677,-0.2156827747821808,-0.2156827747821808,0.1320326328277588,-2.0006299018859863,-0.3958352208137512,0.0,-0.3477154076099396,-0.3477154076099396,0.20853234827518463,0.20853234827518463,0.17729869484901428,0.40625596046447754,-0.9168543815612793,0.0,0.03123365342617035,0.03123365342617035,0.1955357789993286,0.1955357789993286,0.0525338277220726,0.6998133063316345,-0.9386553764343262,0.0,0.143001951277256,0.143001951277256,0.018098954111337662,0.018098954111337662,-0.009046195074915886,-0.6817107200622559,0.48471805453300476,0.0,0.027145149186253548,0.027145149186253548
489,16.3,24,0,0,,4,uneven rough,9,0.0,76.97073364257812,38.92559814453125,0.3240593671798706,1.9832890033721924,-0.06306397914886475,1.9314367771148682,-0.06306397914886475,9.973740577697754,1.6844282150268555,0.1666666716337204,-0.0922948569059372,0.37158721685409546,0.9916445016860962,-0.03153198957443237,0.44267749786376953,-0.0868946835398674,-0.2533794343471527,-0.6422281265258789,0.6117416620254517,-0.6071928143501282,0.3098742365837097,0.3098742365837097,-0.1611562818288803,1.7635074853897095,-1.2970162630081177,0.0,0.47103051841259,0.47103051841259,-0.13903149962425232,-0.13903149962425232,0.10063451528549194,0.9998306632041931,-0.26931124925613403,0.0,-0.23966601490974426,-0.23966601490974426,-0.12668971717357635,-0.12668971717357635,-0.1137845441699028,0.04760310798883438,-0.15369893610477448,0.0,-0.012905173003673553,-0.012905173003673553,-0.44955968856811523,-0.44955968856811523,-0.20102787017822266,-1.5035778284072876,-0.43785667419433594,0.0,-0.24853181838989258,-0.24853181838989258,0.30587083101272583,0.30587083101272583,0.243493914604187,1.849226713180542,0.02630484290421009,0.0,0.06237691640853882,0.06237691640853882,-0.3035964071750641,-0.3035964071750641,-0.11238095164299011,-1.1897406578063965,1.226359486579895,0.0,-0.19121545553207397,-0.19121545553207397
490,16.333333333333332,4,0,0,,4,uneven rough,5,0.0,51.77976989746094,31.007923126220703,0.28302571177482605,0.9389162063598633,-1.078930139541626,0.9389162063598633,-1.078930139541626,1.8102703094482422,1.3055379390716553,0.3333333432674408,0.23890350759029388,0.07523562759160995,0.46945810317993164,-0.539465069770813,0.5064769983291626,0.0650501549243927,0.6585897207260132,-0.0020206840708851814,0.31199154257774353,-0.5180647373199463,0.3545338809490204,0.3545338809490204,0.37939465045928955,1.231377124786377,0.5942477583885193,0.0,-0.024860769510269165,-0.024860769510269165,0.03252507746219635,0.03252507746219635,0.12724211812019348,-1.1368556022644043,0.9937775731086731,0.0,-0.09471704065799713,-0.09471704065799713,0.3292948603630066,0.3292948603630066,0.09176424145698547,0.41060227155685425,-0.3325059711933136,0.0,0.23753061890602112,0.23753061890602112,-0.0014144788729026914,-0.0014144788729026914,0.20423860847949982,-1.2567123174667358,-1.034266471862793,0.0,-0.2056530873524025,-0.2056530873524025,0.15599577128887177,0.15599577128887177,0.1003117561340332,0.5873667001724243,0.3917768895626068,0.0,0.05568401515483856,0.05568401515483856,-0.25903236865997314,-0.25903236865997314,-0.09937278181314468,-1.7926832437515259,-0.4858053922653198,0.0,-0.15965958684682846,-0.15965958684682846
490,16.333333333333332,14,0,0,,4,uneven rough,5,0.0,52.1960334777832,32.60011291503906,0.23736658692359924,1.0778194665908813,0.2328750193119049,1.0778194665908813,0.2328750193119049,4.546076774597168,1.940619707107544,0.3333333432674408,0.32444867491722107,0.07829838246107101,0.5389097332954407,0.11643750965595245,0.12610310316085815,0.29513445496559143,0.0739959329366684,0.4065476953983307,0.16335120797157288,-0.24321666359901428,0.08827216923236847,0.08827216923236847,0.22157113254070282,-1.930814266204834,0.3330722451210022,0.0,-0.13329896330833435,-0.13329896330833435,0.14756722748279572,0.14756722748279572,0.18034116923809052,-0.1609782874584198,1.0945234298706055,0.0,-0.0327739417552948,-0.0327739417552948,0.0369979664683342,0.0369979664683342,0.061036620289087296,-2.006587266921997,-1.3031890392303467,0.0,-0.024038653820753098,-0.024038653820753098,0.2845833897590637,0.2845833897590637,0.24709713459014893,1.976547122001648,-0.16876542568206787,0.0,0.037486255168914795,0.037486255168914795,0.08167560398578644,0.08167560398578644,0.05241657793521881,0.7085679173469543,-0.012262245640158653,0.0,0.029259026050567627,0.029259026050567627,-0.12160833179950714,-0.12160833179950714,-0.07342228293418884,-1.9500833749771118,-0.1747828722000122,0.0,-0.0481860488653183,-0.0481860488653183
490,16.333333333333332,24,0,0,,4,uneven rough,9,0.0,77.01332092285156,38.913818359375,0.3258867859840393,1.9329664707183838,-0.9664515256881714,1.9271937608718872,-0.9664515256881714,9.767627716064453,3.1096644401550293,0.3333333432674408,-0.19748088717460632,0.1722496747970581,0.9664832353591919,-0.4832257628440857,-0.08337827771902084,0.08987296372652054,-0.08001342415809631,-0.439344584941864,0.38017943501472473,-0.5700893998146057,-0.05836479365825653,-0.05836479365825653,-0.09383685886859894,2.0007574558258057,0.43340933322906494,0.0,0.03547206521034241,0.03547206521034241,0.04493648186326027,0.04493648186326027,0.05983868986368179,-0.40162166953086853,0.44826385378837585,0.0,-0.014902208000421524,-0.014902208000421524,-0.04000671207904816,-0.04000671207904816,-0.053701285272836685,1.7974369525909424,-0.039882395416498184,0.0,0.013694573193788528,0.013694573193788528,-0.3075411915779114,-0.3075411915779114,-0.2668122947216034,-1.9709322452545166,-1.0404173135757446,0.0,-0.04072889685630798,-0.04072889685630798,0.19008971750736237,0.19008971750736237,0.18999448418617249,-1.2177672386169434,1.0569881200790405,0.0,9.523332118988037e-05,9.523332118988037e-05,-0.28504469990730286,-0.28504469990730286,-0.1779991239309311,-2.001558303833008,-0.13970784842967987,0.0,-0.10704557597637177,-0.10704557597637177
491,16.366666666666667,4,0,0,,4,uneven rough,5,0.0,51.798133850097656,30.994407653808594,0.2839212119579315,0.9889548420906067,-0.48140302300453186,0.9889548420906067,-0.48140302300453186,1.195157766342163,2.486049175262451,0.5,0.1350698471069336,0.06131843850016594,0.49447742104530334,-0.24070151150226593,0.5634433031082153,0.11878887563943863,0.8687516450881958,0.36369580030441284,0.27106988430023193,-0.22342675924301147,0.39441031217575073,0.39441031217575073,0.3744257390499115,-0.2482897937297821,0.954481840133667,0.0,0.019984573125839233,0.019984573125839233,0.059394437819719315,0.059394437819719315,0.08648963272571564,-1.0774431228637695,-0.21088625490665436,0.0,-0.027095194905996323,-0.027095194905996323,0.4343758225440979,0.4343758225440979,0.1235901489853859,1.1214418411254883,0.08764876425266266,0.0,0.310785673558712,0.310785673558712,0.2545870542526245,0.2545870542526245,0.22871357202529907,1.1451420783996582,-1.1600377559661865,0.0,0.02587348222732544,0.02587348222732544,0.13553494215011597,0.13553494215011597,0.11449810117483139,0.4591999053955078,0.5023637413978577,0.0,0.021036840975284576,0.021036840975284576,-0.11171337962150574,-0.11171337962150574,-0.12830595672130585,-0.043995290994644165,-1.2247164249420166,0.0,0.01659257709980011,0.01659257709980011
491,16.366666666666667,14,0,0,,4,uneven rough,5,0.0,52.227901458740234,32.58781433105469,0.23733356595039368,1.13796067237854,0.1950535625219345,1.13796067237854,0.1950535625219345,5.72949743270874,0.7725347280502319,0.3333333432674408,0.0034461021423339844,0.05621057003736496,0.56898033618927,0.09752678126096725,0.7215251326560974,0.2713983356952667,0.10062731057405472,0.38663870096206665,-0.17487142980098724,0.26937147974967957,0.5050675868988037,0.5050675868988037,0.26189181208610535,1.4965451955795288,-0.9469332695007324,0.0,0.24317577481269836,0.24317577481269836,0.13569916784763336,0.13569916784763336,0.12536875903606415,-0.4756978154182434,0.3846604824066162,0.0,0.010330408811569214,0.010330408811569214,0.05031365528702736,0.05031365528702736,0.044954586774110794,0.20502884685993195,-1.7008916139602661,0.0,0.005359068512916565,0.005359068512916565,0.2706470787525177,0.2706470787525177,0.24506865441799164,0.055929869413375854,1.0441981554031372,0.0,0.025578424334526062,0.025578424334526062,-0.279794305562973,-0.279794305562973,0.002476448193192482,-0.6931060552597046,0.3952964246273041,0.0,-0.2822707537561655,-0.2822707537561655,0.13468573987483978,0.13468573987483978,-0.03598478063941002,0.44997185468673706,-1.1785409450531006,0.0,0.1706705205142498,0.1706705205142498
491,16.366666666666667,24,0,0,,4,uneven rough,9,0.0,77.06049346923828,38.90069580078125,0.32928407192230225,1.9316176176071167,-1.2122842073440552,1.9177632331848145,-1.2122842073440552,9.788472175598145,1.0263934135437012,0.1666666716337204,-0.20671483874320984,0.21913498640060425,0.9658088088035583,-0.6061421036720276,-0.12489303201436996,0.36718490719795227,0.0310475192964077,-0.40944433212280273,0.346251517534256,-0.568339467048645,-0.0874251201748848,-0.0874251201748848,-0.07502224296331406,-0.4536402225494385,1.3195908069610596,0.0,-0.01240287721157074,-0.01240287721157074,0.18359245359897614,0.18359245359897614,0.12721797823905945,2.0025312900543213,-0.03226294368505478,0.0,0.05637447535991669,0.05637447535991669,0.01552375964820385,0.01552375964820385,-0.004186184145510197,0.5019795894622803,0.9989412426948547,0.0,0.019709943793714046,0.019709943793714046,-0.28661102056503296,-0.28661102056503296,-0.2915981709957123,-0.24915659427642822,-1.5665321350097656,0.0,0.004987150430679321,0.004987150430679321,0.173125758767128,0.173125758767128,0.18638518452644348,0.6188631653785706,-0.22916264832019806,0.0,-0.01325942575931549,-0.01325942575931549,-0.2841697335243225,-0.2841697335243225,-0.24373680353164673,-1.8967483043670654,-1.19240140914917,0.0,-0.04043292999267578,-0.04043292999267578
492,16.4,4,0,0,,4,uneven rough,5,0.0,51.81672286987305,30.978281021118164,0.28950434923171997,1.0895099639892578,0.4933890998363495,1.0895099639892578,0.4933890998363495,2.81494140625,0.42048630118370056,0.3333333432674408,0.172821044921875,0.07453031837940216,0.5447549819946289,0.24669454991817474,0.5514615178108215,0.2891088128089905,0.6694404482841492,0.542014479637146,0.2510073184967041,0.03859727457165718,0.38602304458618164,0.38602304458618164,0.36434119939804077,0.170510932803154,0.27443262934684753,0.0,0.02168184518814087,0.02168184518814087,0.14455440640449524,0.14455440640449524,0.12871357798576355,0.6106986403465271,-0.7008390426635742,0.0,0.01584082841873169,0.01584082841873169,0.3347202241420746,0.3347202241420746,0.17413504421710968,1.4464632272720337,0.6721572279930115,0.0,0.1605851799249649,0.1605851799249649,0.37941011786460876,0.37941011786460876,0.2906700670719147,1.9877617359161377,0.14331504702568054,0.0,0.08874005079269409,0.08874005079269409,0.12550365924835205,0.12550365924835205,0.1541202813386917,-0.4335963726043701,0.4779588282108307,0.0,-0.02861662209033966,-0.02861662209033966,0.01929863728582859,0.01929863728582859,-0.06573140621185303,1.8745553493499756,-0.5571346282958984,0.0,0.08503004349768162,0.08503004349768162
492,16.4,14,0,0,,4,uneven rough,5,0.0,52.26194381713867,32.58420944213867,0.24634388089179993,1.107541561126709,-0.3384205400943756,1.107541561126709,-0.3384205400943756,2.4235434532165527,4.10847282409668,0.6666666865348816,-0.23414698243141174,0.11842983961105347,0.5537707805633545,-0.1692102700471878,0.3074759244918823,0.22010236978530884,0.20687463879585266,0.20973409712314606,-0.04508497565984726,-0.021205788478255272,0.21523314714431763,0.21523314714431763,0.26545214653015137,-1.2141481637954712,0.43461382389068604,0.0,-0.05021899938583374,-0.05021899938583374,0.11005118489265442,0.11005118489265442,0.09778029471635818,0.3811522126197815,-0.10178763419389725,0.0,0.012270890176296234,0.012270890176296234,0.10343731939792633,0.10343731939792633,0.08065520972013474,0.9948378801345825,-0.6232807636260986,0.0,0.022782109677791595,0.022782109677791595,0.14681386947631836,0.14681386947631836,0.20629799365997314,-1.7741117477416992,0.4854294955730438,0.0,-0.059484124183654785,-0.059484124183654785,-0.07213596254587173,-0.07213596254587173,-0.05159178748726845,-1.504430890083313,-0.22008828818798065,0.0,-0.020544175058603287,-0.020544175058603287,-0.010602894239127636,-0.010602894239127636,-0.013327408581972122,-0.08686396479606628,-0.2577768862247467,0.0,0.0027245143428444862,0.0027245143428444862
492,16.4,24,0,0,,4,uneven rough,9,0.0,77.10256958007812,38.879249572753906,0.31963038444519043,1.934311866760254,-0.3273853063583374,1.9141783714294434,-0.3273853063583374,9.372916221618652,6.2144012451171875,0.3333333432674408,-0.14977554976940155,0.2288622111082077,0.967155933380127,-0.1636926531791687,0.6057032346725464,0.2641853392124176,-0.42744770646095276,-0.10751231759786606,0.6737381219863892,-0.14598415791988373,0.42399224638938904,0.42399224638938904,-0.04183346405625343,1.6601942777633667,0.3170028030872345,0.0,0.46582571044564247,0.46582571044564247,0.1320926696062088,0.1320926696062088,0.12471339851617813,-1.0487159490585327,1.118213415145874,0.0,0.00737927109003067,0.00737927109003067,-0.21372385323047638,-0.21372385323047638,-0.04944956675171852,-1.4714837074279785,0.7179582118988037,0.0,-0.16427428647875786,-0.16427428647875786,-0.07525862008333206,-0.07525862008333206,-0.25063708424568176,1.981683611869812,-0.8216856718063354,0.0,0.1753784641623497,0.1753784641623497,0.3368690609931946,0.3368690609931946,0.2524459660053253,1.9996403455734253,0.2503126561641693,0.0,0.08442309498786926,0.08442309498786926,-0.07299207895994186,-0.07299207895994186,-0.21566610038280487,1.9999386072158813,-1.5906404256820679,0.0,0.142674021422863,0.142674021422863
493,16.433333333333334,4,0,0,,4,uneven rough,5,0.0,51.8380241394043,30.968896865844727,0.296768456697464,1.2889500856399536,0.503165602684021,1.2889500856399536,0.503165602684021,3.962015151977539,1.0221123695373535,0.3333333432674408,0.30366051197052,0.23674345016479492,0.6444750428199768,0.2515828013420105,-0.25896546244621277,0.629900336265564,0.36799749732017517,0.5345860719680786,0.15103206038475037,-0.09247267246246338,-0.18127581477165222,-0.18127581477165222,0.313570499420166,-1.772120475769043,0.21567511558532715,0.0,-0.49484631419181824,-0.49484631419181824,0.314950168132782,0.314950168132782,0.18871431052684784,1.949528694152832,0.040706705302000046,0.0,0.12623585760593414,0.12623585760593414,0.18399874866008759,0.18399874866008759,0.1726343035697937,-0.21695837378501892,1.1099512577056885,0.0,0.011364445090293884,0.011364445090293884,0.3742102384567261,0.3742102384567261,0.3606042265892029,1.8938724994659424,1.1861685514450073,0.0,0.013606011867523193,0.013606011867523193,0.07551603019237518,0.07551603019237518,0.10144409537315369,-1.8493252992630005,-0.0374361090362072,0.0,-0.025928065180778503,-0.025928065180778503,-0.04623633623123169,-0.04623633623123169,-0.04316967353224754,0.30439820885658264,0.8177472352981567,0.0,-0.003066662698984146,-0.003066662698984146
493,16.433333333333334,14,0,0,,4,uneven rough,5,0.0,52.293907165527344,32.583641052246094,0.2559298872947693,1.2325541973114014,-0.15419945120811462,1.2325541973114014,-0.15419945120811462,4.819389343261719,0.8121050596237183,0.4197484254837036,-0.4091382622718811,0.1672126054763794,0.6162770986557007,-0.07709972560405731,0.7268203496932983,0.18285004794597626,0.3034785985946655,-0.16210468113422394,-0.3160690367221832,-0.2674002945423126,0.5087742209434509,0.5087742209434509,0.29620102047920227,1.6150169372558594,-0.49759915471076965,0.0,0.21257320046424866,0.21257320046424866,0.09142502397298813,0.09142502397298813,0.0899108350276947,-0.03668675199151039,0.17126742005348206,0.0,0.0015141889452934265,0.0015141889452934265,0.15173929929733276,0.15173929929733276,0.0930415466427803,0.6645560264587402,0.29160642623901367,0.0,0.05869775265455246,0.05869775265455246,-0.11347327381372452,-0.11347327381372452,0.13187938928604126,-1.9349098205566406,-0.7921191453933716,0.0,-0.24535266309976578,-0.24535266309976578,-0.5057104825973511,-0.5057104825973511,-0.07598650455474854,0.12089782953262329,-0.9462578892707825,0.0,-0.42972397804260254,-0.42972397804260254,-0.1337001472711563,-0.1337001472711563,-0.0041569070890545845,0.26117053627967834,-0.16114240884780884,0.0,-0.12954324018210173,-0.12954324018210173
493,16.433333333333334,24,0,0,,4,uneven rough,9,0.0,77.1430892944336,38.851219177246094,0.3119063973426819,1.8159352540969849,0.5908671021461487,1.8159352540969849,0.5908671021461487,9.618468284606934,3.3333334922790527,0.1666666716337204,-0.15130926668643951,0.3164466321468353,0.9079676270484924,0.29543355107307434,0.11512066423892975,0.11206671595573425,-0.26416081190109253,0.04776500165462494,0.7130811810493469,0.4439462125301361,0.08058446645736694,0.08058446645736694,0.02466992661356926,1.9977151155471802,1.0764456987380981,0.0,0.055914539843797684,0.055914539843797684,0.056033357977867126,0.056033357977867126,0.11369583010673523,0.06639377027750015,-0.106972336769104,0.0,-0.0576624721288681,-0.0576624721288681,-0.13208040595054626,-0.13208040595054626,-0.10916993021965027,-1.5879244804382324,-0.5199561715126038,0.0,-0.022910475730895996,-0.022910475730895996,0.03343550115823746,0.03343550115823746,-0.18290939927101135,2.0079336166381836,0.7633443474769592,0.0,0.2163449004292488,0.2163449004292488,0.35654059052467346,0.35654059052467346,0.2946428060531616,0.4714451730251312,1.2393856048583984,0.0,0.06189778447151184,0.06189778447151184,0.22197310626506805,0.22197310626506805,-0.160235196352005,1.7729424238204956,0.43947938084602356,0.0,0.38220830261707306,0.38220830261707306
494,16.466666666666665,4,0,0,,4,uneven rough,5,0.0,51.86442184448242,30.968929290771484,0.2896196246147156,1.2262059450149536,0.8307873010635376,1.2262059450149536,0.8307873010635376,5.991580009460449,1.3127609491348267,0.1666666716337204,0.3248821198940277,0.2017480731010437,0.6131029725074768,0.4153936505317688,0.10833906382322311,0.3418401777744293,0.29339906573295593,0.1889284998178482,-0.1565190553665161,-0.26967117190361023,0.07583734393119812,0.07583734393119812,0.24839217960834503,-1.930087685585022,-0.9082280993461609,0.0,-0.1725548356771469,-0.1725548356771469,0.17092008888721466,0.17092008888721466,0.17629073560237885,-0.6997408866882324,1.1199580430984497,0.0,-0.005370646715164185,-0.005370646715164185,0.14669953286647797,0.14669953286647797,0.1107715293765068,-1.7328516244888306,0.35971418023109436,0.0,0.03592800348997116,0.03592800348997116,0.13224995136260986,0.13224995136260986,0.34158769249916077,-1.8890799283981323,1.5863056182861328,0.0,-0.2093377411365509,-0.2093377411365509,-0.25043049454689026,-0.25043049454689026,0.04124253988265991,-0.37364837527275085,-1.0618815422058105,0.0,-0.29167303442955017,-0.29167303442955017,-0.13483558595180511,-0.13483558595180511,-0.07114486396312714,-1.2686858177185059,0.5274987816810608,0.0,-0.06369072198867798,-0.06369072198867798
494,16.466666666666665,14,0,0,,4,uneven rough,5,0.0,52.32378387451172,32.5748176574707,0.25798583030700684,0.9753513336181641,-0.8371323347091675,0.9753513336181641,-0.8371323347091675,1.9492267370224,2.90200138092041,0.3333333432674408,-0.20683340728282928,0.0628303810954094,0.48767566680908203,-0.41856616735458374,0.6468223333358765,0.15878744423389435,0.40421491861343384,-0.0009000671561807394,0.35998108983039856,-0.12064766138792038,0.45277562737464905,0.45277562737464905,0.36098119616508484,1.9085972309112549,0.6968777775764465,0.0,0.09179443120956421,0.09179443120956421,0.07939372211694717,0.07939372211694717,0.09695318341255188,-0.6096234917640686,0.053689759224653244,0.0,-0.017559461295604706,-0.017559461295604706,0.20210745930671692,0.20210745930671692,0.14491474628448486,1.3924649953842163,0.5024728178977966,0.0,0.057192713022232056,0.057192713022232056,-0.0006300469976849854,-0.0006300469976849854,0.062280841171741486,-1.997861623764038,-1.4382550716400146,0.0,-0.06291088816942647,-0.06291088816942647,0.17999054491519928,0.17999054491519928,-0.009380918927490711,1.9930933713912964,-0.3428861200809479,0.0,0.18937146384269,0.18937146384269,-0.06032383069396019,-0.06032383069396019,0.011041302233934402,-0.018697084859013557,0.07763408869504929,0.0,-0.07136513292789459,-0.07136513292789459
494,16.466666666666665,24,0,0,,4,uneven rough,9,0.0,77.18567657470703,38.82530212402344,0.3102980852127075,1.9252612590789795,0.3865166902542114,1.8953856229782104,0.3865166902542114,9.769575119018555,5.494691371917725,0.3333333432674408,-0.00946354866027832,0.2963153123855591,0.9626306295394897,0.1932583451271057,-0.5138020515441895,-0.08946860581636429,0.10641071200370789,-0.044818561524152756,0.7799690961837769,0.4135752022266388,-0.35966143012046814,-0.35966143012046814,0.016131870448589325,-1.3510572910308838,1.5973330736160278,0.0,-0.37579330056905746,-0.37579330056905746,-0.14314977824687958,-0.14314977824687958,0.10737983882427216,0.8377010822296143,-0.008950830437242985,0.0,-0.25052961707115173,-0.25052961707115173,0.05320535600185394,0.05320535600185394,-0.0626865029335022,1.9842476844787598,-1.1237874031066895,0.0,0.11589185893535614,0.11589185893535614,-0.03137299418449402,-0.03137299418449402,-0.1093897819519043,2.0000202655792236,1.467037320137024,0.0,0.07801678776741028,0.07801678776741028,0.3899845480918884,0.3899845480918884,0.3160572946071625,1.9751354455947876,0.8051907420158386,0.0,0.07392725348472595,0.07392725348472595,0.2067876011133194,0.2067876011133194,-0.10438024252653122,1.6885684728622437,1.193421721458435,0.0,0.3111678436398506,0.3111678436398506
495,16.5,4,0,0,,4,uneven rough,5,0.0,51.88637161254883,30.963520050048828,0.2816143035888672,1.3731485605239868,-0.9184612035751343,1.3731485605239868,-0.9184612035751343,4.486235618591309,0.6583964228630066,0.3333333432674408,0.021197598427534103,0.21797868609428406,0.6865742802619934,-0.45923060178756714,0.786196768283844,0.05282437801361084,0.5315295457839966,-0.02409893088042736,-0.06394488364458084,-0.4916583001613617,0.5503377318382263,0.5503377318382263,0.27262237668037415,1.7780226469039917,-1.4859893321990967,0.0,0.2777153551578522,0.2777153551578522,0.02641218900680542,0.02641218900680542,0.11118980497121811,-1.9727110862731934,0.09109701961278915,0.0,-0.08477761596441269,-0.08477761596441269,0.2657647728919983,0.2657647728919983,0.057058628648519516,-1.6677711009979248,-0.8234263062477112,0.0,0.20870614424347878,0.20870614424347878,-0.016869250684976578,-0.016869250684976578,0.268510103225708,-1.9618821144104004,-0.3786836266517639,0.0,-0.2853793539106846,-0.2853793539106846,-0.10231181234121323,-0.10231181234121323,-0.011296290904283524,-1.9889768362045288,-0.6727532744407654,0.0,-0.0910155214369297,-0.0910155214369297,-0.24582915008068085,-0.24582915008068085,-0.11120041459798813,-1.6531955003738403,-0.4880672097206116,0.0,-0.13462873548269272,-0.13462873548269272
495,16.5,14,0,0,,4,uneven rough,5,0.0,52.348655700683594,32.55719757080078,0.25652164220809937,0.18827468156814575,-0.45891496539115906,0.18827468156814575,-0.45891496539115906,2.4079997539520264,1.8167054653167725,0.3333333432674408,-0.07609044015407562,0.06124269962310791,0.09413734078407288,-0.22945748269557953,0.8220442533493042,0.21158789098262787,0.3871006667613983,0.2269422858953476,0.4339198172092438,0.07183575630187988,0.5754309892654419,0.5754309892654419,0.41621705889701843,1.445544958114624,1.381986141204834,0.0,0.15921393036842346,0.15921393036842346,0.10579394549131393,0.10579394549131393,0.10280564427375793,0.5524660348892212,-0.32134875655174255,0.0,0.0029883012175559998,0.0029883012175559998,0.19355033338069916,0.19355033338069916,0.1873941868543625,0.17388935387134552,1.005676031112671,0.0,0.00615614652633667,0.00615614652633667,0.15885959565639496,0.15885959565639496,0.06942354887723923,1.9721994400024414,-1.7546576261520386,0.0,0.08943604677915573,0.08943604677915573,0.2169599086046219,0.2169599086046219,0.062140367925167084,1.978869915008545,0.9778808951377869,0.0,0.1548195406794548,0.1548195406794548,0.03591787815093994,0.03591787815093994,0.04876317083835602,0.5688503384590149,0.023168271407485008,0.0,-0.012845292687416077,-0.012845292687416077
495,16.5,24,0,0,,4,uneven rough,9,0.0,77.22824096679688,38.8021240234375,0.3036097288131714,1.927147388458252,0.9199146628379822,1.9150100946426392,0.9199146628379822,9.801678657531738,1.576574683189392,0.1666666716337204,0.19956330955028534,0.2924315631389618,0.963573694229126,0.4599573314189911,0.35879260301589966,-0.19152535498142242,-0.18812096118927002,-0.32274380326271057,0.6931546926498413,0.055754125118255615,0.2511548101902008,0.2511548101902008,0.07596296072006226,1.9494256973266602,-0.06969214230775833,0.0,0.17519184947013855,0.17519184947013855,-0.3064405620098114,-0.3064405620098114,0.04965818300843239,-1.47652006149292,0.4697476923465729,0.0,-0.3560987450182438,-0.3560987450182438,-0.09406048059463501,-0.09406048059463501,-0.06257643550634384,-1.1287527084350586,0.6335012316703796,0.0,-0.03148404508829117,-0.03148404508829117,-0.2259206622838974,-0.2259206622838974,-0.17147712409496307,-1.8842107057571411,1.7683868408203125,0.0,-0.054443538188934326,-0.054443538188934326,0.34657734632492065,0.34657734632492065,0.34942272305488586,0.46633967757225037,1.466679573059082,0.0,-0.00284537672996521,-0.00284537672996521,0.027877062559127808,0.027877062559127808,-0.07288166135549545,0.24862365424633026,1.4733785390853882,0.0,0.10075872391462326,0.10075872391462326
496,16.53333333333333,4,0,0,,4,uneven rough,5,0.0,51.90630340576172,30.946718215942383,0.2765052318572998,0.7613131403923035,-1.1461739540100098,0.7613131403923035,-1.1461739540100098,1.8770631551742554,3.3336105346679688,0.3333333432674408,-0.07231317460536957,0.0716981515288353,0.38065657019615173,-0.5730869770050049,0.44345638155937195,0.2145068645477295,0.8924045562744141,0.30262672901153564,0.11226139217615128,-0.33628788590431213,0.3104194700717926,0.3104194700717926,0.31735971570014954,0.009814768098294735,0.35948890447616577,0.0,-0.006940245628356934,-0.006940245628356934,0.10725343227386475,0.10725343227386475,0.12006544321775436,0.26845622062683105,-1.0757837295532227,0.0,-0.012812010943889618,-0.012812010943889618,0.44620227813720703,0.44620227813720703,0.09524090588092804,1.454915165901184,-1.3008203506469727,0.0,0.350961372256279,0.350961372256279,0.2118387073278427,0.2118387073278427,0.22082895040512085,-0.5850521922111511,-1.2738268375396729,0.0,-0.008990243077278137,-0.008990243077278137,0.05613069608807564,0.05613069608807564,0.04140409827232361,0.6525235772132874,-1.4169484376907349,0.0,0.01472659781575203,0.01472659781575203,-0.16814394295215607,-0.16814394295215607,-0.1110917255282402,0.5790287852287292,-1.146832823753357,0.0,-0.05705221742391586,-0.05705221742391586
496,16.53333333333333,14,0,0,,4,uneven rough,5,0.0,52.37289810180664,32.54575729370117,0.2506943345069885,0.3694382607936859,-0.16131769120693207,0.3694382607936859,-0.16131769120693207,1.275517225265503,0.8669002056121826,0.3333333432674408,-0.19196933507919312,0.16876795887947083,0.18471913039684296,-0.08065884560346603,0.34301742911338806,0.34847021102905273,0.28818681836128235,0.7934598922729492,0.37282097339630127,0.10572163015604019,0.24011220037937164,0.24011220037937164,0.38117673993110657,-1.9636505842208862,1.4179223775863647,0.0,-0.14106453955173492,-0.14106453955173492,0.17423510551452637,0.17423510551452637,0.1656460016965866,1.4527981281280518,0.1727077066898346,0.0,0.008589103817939758,0.008589103817939758,0.14409340918064117,0.14409340918064117,0.13984519243240356,-1.3157705068588257,0.5353823304176331,0.0,0.00424821674823761,0.00424821674823761,0.5554218888282776,0.5554218888282776,0.1410628706216812,1.9961771965026855,0.3525140583515167,0.0,0.4143590182065964,0.4143590182065964,0.18641048669815063,0.18641048669815063,0.13138508796691895,1.9719150066375732,1.54384183883667,0.0,0.05502539873123169,0.05502539873123169,0.052860815078020096,0.052860815078020096,0.04959980770945549,0.6851160526275635,0.33169788122177124,0.0,0.0032610073685646057,0.0032610073685646057
496,16.53333333333333,24,0,0,,4,uneven rough,9,0.0,77.2615737915039,38.76877975463867,0.30652979016304016,1.9324921369552612,-0.25260302424430847,1.9324921369552612,-0.25260302424430847,9.03154182434082,2.822392225265503,0.3333333432674408,-0.005463163368403912,0.11470989882946014,0.9662460684776306,-0.12630151212215424,0.31898924708366394,-0.19740623235702515,-0.030309684574604034,0.21166139841079712,0.6177705526351929,-0.14504733681678772,0.22329246997833252,0.22329246997833252,0.1379847675561905,1.9995522499084473,1.0719207525253296,0.0,0.08530770242214203,0.08530770242214203,-0.31584998965263367,-0.31584998965263367,-0.016826797276735306,-1.9995588064193726,-0.6306755542755127,0.0,-0.29902319237589836,-0.29902319237589836,-0.015154842287302017,-0.015154842287302017,-0.031578242778778076,1.3710370063781738,-0.36288028955459595,0.0,0.01642340049147606,0.01642340049147606,0.14816297590732574,0.14816297590732574,-0.1570175439119339,1.67448091506958,-0.29679834842681885,0.0,0.30518051981925964,0.30518051981925964,0.30888527631759644,0.30888527631759644,0.32306337356567383,-1.1929583549499512,0.901085615158081,0.0,-0.014178097248077393,-0.014178097248077393,-0.07252366840839386,-0.07252366840839386,-0.062408339232206345,-0.5668189525604248,0.7808999419212341,0.0,-0.010115329176187515,-0.010115329176187515
497,16.566666666666666,4,0,0,,4,uneven rough,5,0.0,51.923641204833984,30.9261474609375,0.2717001736164093,0.4302763044834137,0.3763788044452667,0.4302763044834137,0.3763788044452667,0.7202095985412598,3.586970806121826,0.5,0.10260064899921417,0.10104213654994965,0.21513815224170685,0.18818940222263336,0.8029852509498596,0.2273210734128952,0.668154239654541,0.3015894889831543,0.4702940583229065,-0.07910053431987762,0.5620896816253662,0.5620896816253662,0.37803322076797485,1.6022754907608032,0.16178251802921295,0.0,0.18405646085739136,0.18405646085739136,0.1136605367064476,0.1136605367064476,0.11746018379926682,-0.36996325850486755,-0.31574803590774536,0.0,-0.003799647092819214,-0.003799647092819214,0.3340771198272705,0.3340771198272705,0.15800467133522034,1.22291100025177,0.2572774291038513,0.0,0.17607244849205017,0.17607244849205017,0.2111126333475113,0.2111126333475113,0.18190349638462067,-0.19299641251564026,-0.8843924403190613,0.0,0.029209136962890625,0.029209136962890625,0.23514702916145325,0.23514702916145325,0.10264135897159576,2.0000250339508057,-0.24686524271965027,0.0,0.13250567018985748,0.13250567018985748,-0.03955026715993881,-0.03955026715993881,-0.043789543211460114,1.911445140838623,-0.17102757096290588,0.0,0.004239276051521301,0.004239276051521301
497,16.566666666666666,14,0,0,,4,uneven rough,5,0.0,52.39368438720703,32.531028747558594,0.23400923609733582,0.6067615151405334,0.3350229859352112,0.6067615151405334,0.3350229859352112,2.569612979888916,0.9180916547775269,0.1666666716337204,-0.3972115218639374,0.15944743156433105,0.3033807575702667,0.1675114929676056,0.7556992769241333,-0.02133004553616047,0.2854110300540924,0.6700191497802734,0.295688271522522,0.10467521846294403,0.5289894938468933,0.5289894938468933,0.41274213790893555,1.9990702867507935,-0.4940250515937805,0.0,0.11624735593795776,0.11624735593795776,-0.03412807360291481,-0.03412807360291481,0.10930880159139633,-1.5401487350463867,0.8964731097221375,0.0,-0.14343687519431114,-0.14343687519431114,0.1427055150270462,0.1427055150270462,0.10383757948875427,-1.3454781770706177,-0.5112627744674683,0.0,0.03886793553829193,0.03886793553829193,0.46901339292526245,0.46901339292526245,0.17602203786373138,1.041377305984497,1.281844139099121,0.0,0.29299135506153107,0.29299135506153107,0.147844135761261,0.147844135761261,0.14560677111148834,0.3852289319038391,1.7858752012252808,0.0,0.002237364649772644,0.002237364649772644,0.052337609231472015,0.052337609231472015,0.06481602787971497,-0.5106867551803589,0.5315211415290833,0.0,-0.01247841864824295,-0.01247841864824295
497,16.566666666666666,24,0,0,,4,uneven rough,9,0.0,77.29324340820312,38.7369499206543,0.30670520663261414,1.9377319812774658,0.0696362629532814,1.9332528114318848,0.0696362629532814,10.071636199951172,0.0,0.0,-0.057839393615722656,0.11998431384563446,0.9688659906387329,0.0348181314766407,-0.4838920533657074,-0.06096772104501724,0.22205743193626404,0.44551417231559753,0.5294596552848816,0.4370577931404114,-0.33872443437576294,-0.33872443437576294,0.09434984624385834,-1.7604628801345825,1.596405267715454,0.0,-0.4330742806196213,-0.4330742806196213,-0.09754835814237595,-0.09754835814237595,-0.08322472125291824,-1.6934716701507568,-1.4046446084976196,0.0,-0.014323636889457703,-0.014323636889457703,0.11102871596813202,0.11102871596813202,0.0351034440100193,2.0000007152557373,0.617479681968689,0.0,0.07592527195811272,0.07592527195811272,0.3118599057197571,0.3118599057197571,-0.08858790993690491,1.9456169605255127,0.8177664875984192,0.0,0.400447815656662,0.400447815656662,0.2647298276424408,0.2647298276424408,0.26998791098594666,-0.9378858208656311,-0.28289058804512024,0.0,-0.005258083343505859,-0.005258083343505859,0.2185288965702057,0.2185288965702057,-0.00637038191780448,1.5927716493606567,0.018897250294685364,0.0,0.22489927848801017,0.22489927848801017
498,16.6,4,0,0,,4,uneven rough,5,0.0,51.938697814941406,30.898914337158203,0.27350494265556335,1.3230531215667725,-0.08167128264904022,1.3230531215667725,-0.08167128264904022,2.0610218048095703,5.766412258148193,0.5,0.06769399344921112,0.11360320448875427,0.6615265607833862,-0.04083564132452011,0.6097507476806641,0.5906567573547363,0.6300822496414185,0.6596724987030029,0.47984960675239563,-0.06247703731060028,0.42682552337646484,0.42682552337646484,0.4204130172729492,1.5304189920425415,0.976239800453186,0.0,0.006412506103515625,0.006412506103515625,0.29532837867736816,0.29532837867736816,0.16781847178936005,1.6338964700698853,-0.3464014232158661,0.0,0.12750990688800812,0.12750990688800812,0.31504112482070923,0.31504112482070923,0.2064276486635208,1.3483823537826538,0.803248405456543,0.0,0.10861347615718842,0.10861347615718842,0.4617707431316376,0.4617707431316376,0.24043293297290802,1.929282784461975,-0.49347588419914246,0.0,0.22133781015872955,0.22133781015872955,0.23992480337619781,0.23992480337619781,0.18730875849723816,1.9966588020324707,1.0235306024551392,0.0,0.052616044878959656,0.052616044878959656,-0.03123851865530014,-0.03123851865530014,-0.012255922891199589,0.7793872356414795,1.0064061880111694,0.0,-0.01898259576410055,-0.01898259576410055
498,16.6,14,0,0,,4,uneven rough,5,0.0,52.41892623901367,32.51907730102539,0.2228318154811859,0.5900205373764038,-0.5803000926971436,0.5900205373764038,-0.5803000926971436,0.7337016463279724,5.941344261169434,0.5,-0.2740585207939148,0.15444189310073853,0.2950102686882019,-0.2901500463485718,0.2158568650484085,-0.2175983488559723,0.8330614566802979,0.5703380107879639,0.30607858300209045,0.12526889145374298,0.1510998010635376,0.1510998010635376,0.3946303427219391,-1.3188214302062988,0.9155755043029785,0.0,-0.2435305416584015,-0.2435305416584015,-0.3481573760509491,-0.3481573760509491,0.07405940443277359,-1.108945369720459,-0.4811972379684448,0.0,-0.4222167804837227,-0.4222167804837227,0.4165307283401489,0.4165307283401489,0.10507193952798843,0.6944445371627808,-0.9829296469688416,0.0,0.3114587888121605,0.3114587888121605,0.3992365896701813,0.3992365896701813,0.2433379590511322,1.5625587701797485,1.1458837985992432,0.0,0.15589863061904907,0.15589863061904907,0.15303929150104523,0.15303929150104523,0.14190040528774261,0.08937875181436539,0.9939473271369934,0.0,0.011138886213302612,0.011138886213302612,0.06263444572687149,0.06263444572687149,0.06187838315963745,0.728868842124939,-0.0577450767159462,0.0,0.0007560625672340393,0.0007560625672340393
498,16.6,24,0,0,,4,uneven rough,9,0.0,77.3274917602539,38.709930419921875,0.312791109085083,1.8599878549575806,0.6504026651382446,1.8599878549575806,0.6504026651382446,8.44539737701416,3.3333334922790527,0.1666666716337204,-0.0691346749663353,0.04746941849589348,0.9299939274787903,0.3252013325691223,-0.37353554368019104,0.3764304220676422,0.046601638197898865,0.3859967589378357,0.22089529037475586,0.4532828629016876,-0.2614748775959015,-0.2614748775959015,0.031836237758398056,-1.7584514617919922,-0.3015740215778351,0.0,-0.29331111535429955,-0.29331111535429955,0.1882152110338211,0.1882152110338211,-0.04713144153356552,1.267690658569336,-1.5679479837417603,0.0,0.23534665256738663,0.23534665256738663,0.023300819098949432,0.023300819098949432,0.0432189404964447,-0.7977402210235596,1.399159550666809,0.0,-0.01991812139749527,-0.01991812139749527,0.27019771933555603,0.27019771933555603,-0.029343998059630394,1.4008792638778687,1.4554551839828491,0.0,0.2995417173951864,0.2995417173951864,0.11044764518737793,0.11044764518737793,0.2224891185760498,-1.972520112991333,-0.6532260775566101,0.0,-0.11204147338867188,-0.11204147338867188,0.2266414314508438,0.2266414314508438,0.04011832922697067,1.60154128074646,0.9087686538696289,0.0,0.18652310222387314,0.18652310222387314
499,16.633333333333333,4,0,0,,4,uneven rough,5,0.0,51.95448684692383,30.879064559936523,0.2792191505432129,1.1810939311981201,0.5343819856643677,1.1810939311981201,0.5343819856643677,2.35856556892395,3.531738042831421,0.35254037380218506,-0.021113261580467224,0.16880139708518982,0.5905469655990601,0.26719099283218384,-0.196561798453331,0.47448965907096863,0.2740271985530853,0.8410687446594238,0.35507750511169434,0.2711067795753479,-0.13759325444698334,-0.13759325444698334,0.38116148114204407,-1.9257373809814453,1.2895736694335938,0.0,-0.5187547355890274,-0.5187547355890274,0.23724482953548431,0.23724482953548431,0.20117424428462982,1.3613035678863525,0.7732625603675842,0.0,0.03607058525085449,0.03607058525085449,0.13701359927654266,0.13701359927654266,0.1562338024377823,-1.9255889654159546,1.1114680767059326,0.0,-0.019220203161239624,-0.019220203161239624,0.5887480974197388,0.5887480974197388,0.30781927704811096,1.9275559186935425,0.8763561844825745,0.0,0.2809288203716278,0.2809288203716278,0.17753875255584717,0.17753875255584717,0.19768843054771423,-0.14052480459213257,1.5737390518188477,0.0,-0.020149677991867065,-0.020149677991867065,0.13555338978767395,0.13555338978767395,0.0355323888361454,1.8441641330718994,0.8780492544174194,0.0,0.10002100095152855,0.10002100095152855
499,16.633333333333333,14,0,0,,4,uneven rough,5,0.0,52.45005798339844,32.50839614868164,0.21514934301376343,0.7704362273216248,-0.9518432021141052,0.7704362273216248,-0.9518432021141052,3.840092182159424,7.581939697265625,0.5,-0.07508660852909088,0.22138452529907227,0.3852181136608124,-0.4759216010570526,0.4849184453487396,0.17064957320690155,0.7205911874771118,0.5958173274993896,0.4028396010398865,-0.07145250588655472,0.3394429087638855,0.3394429087638855,0.33920717239379883,-0.9807955622673035,-0.3477565348148346,0.0,0.00023573637008666992,0.00023573637008666992,0.08532478660345078,0.08532478660345078,0.08158796280622482,0.3401671051979065,-0.8361271619796753,0.0,0.003736823797225952,0.003736823797225952,0.3602955937385559,0.3602955937385559,0.1525696963071823,1.7296624183654785,-0.034539271146059036,0.0,0.2077258974313736,0.2077258974313736,0.4170721173286438,0.4170721173286438,0.3079800307750702,1.4878824949264526,1.3814725875854492,0.0,0.10909208655357361,0.10909208655357361,0.20141980051994324,0.20141980051994324,0.20448189973831177,0.7651693224906921,0.48250263929367065,0.0,-0.0030620992183685303,-0.0030620992183685303,-0.03572625294327736,-0.03572625294327736,0.04189370200037956,0.3325502276420593,0.38700783252716064,0.0,-0.07761995494365692,-0.07761995494365692
499,16.633333333333333,24,0,0,,4,uneven rough,9,0.0,77.3624038696289,38.68354415893555,0.31971582770347595,1.7373617887496948,0.49323156476020813,1.7373617887496948,0.49323156476020813,8.040279388427734,3.7596328258514404,0.3333333432674408,-0.05105920881032944,0.04995753988623619,0.8686808943748474,0.24661578238010406,-0.35332444310188293,0.3871930241584778,0.06435784697532654,0.2089260220527649,0.2814963459968567,0.28448671102523804,-0.24732710421085358,-0.24732710421085358,-0.03464460000395775,-2.000000238418579,-1.1252951622009277,0.0,-0.21268250420689583,-0.21268250420689583,0.1935965120792389,0.1935965120792389,0.015514729544520378,1.9999897480010986,0.035327211022377014,0.0,0.1780817825347185,0.1780817825347185,0.03217892348766327,0.03217892348766327,0.028400415554642677,0.0005290123517625034,0.157028466463089,0.0,0.0037785079330205917,0.0037785079330205917,0.1462482064962387,0.1462482064962387,0.03440449759364128,1.9947327375411987,1.4245978593826294,0.0,0.11184370890259743,0.11184370890259743,0.14074817299842834,0.14074817299842834,0.15864931046962738,-1.9284003973007202,-1.3991572856903076,0.0,-0.017901137471199036,-0.017901137471199036,0.14224335551261902,0.14224335551261902,0.10624942183494568,1.999999761581421,1.3004635572433472,0.0,0.03599393367767334,0.03599393367767334
500,16.666666666666668,4,0,0,,4,uneven rough,5,0.0,51.970237731933594,30.862167358398438,0.2876749634742737,0.9650869369506836,-0.3650325834751129,0.9650869369506836,-0.3650325834751129,5.653573989868164,2.352780818939209,0.1666666716337204,0.028225552290678024,0.2131587713956833,0.4825434684753418,-0.18251629173755646,0.26721978187561035,0.43217119574546814,0.5546351671218872,0.6336450576782227,0.09709704667329788,0.23011744022369385,0.187053844332695,0.187053844332695,0.31750035285949707,-1.9245755672454834,-0.5283690094947815,0.0,-0.13044650852680206,-0.13044650852680206,0.21608559787273407,0.21608559787273407,0.21920695900917053,0.6595239043235779,1.1057419776916504,0.0,-0.0031213611364364624,-0.0031213611364364624,0.2773175835609436,0.2773175835609436,0.17891328036785126,-0.2939133644104004,-0.6056894063949585,0.0,0.09840430319309235,0.09840430319309235,0.44355154037475586,0.44355154037475586,0.37346965074539185,1.9049830436706543,1.4707064628601074,0.0,0.07008188962936401,0.07008188962936401,0.04854852333664894,0.04854852333664894,0.13587753474712372,-1.9791661500930786,0.6044911742210388,0.0,-0.08732901141047478,-0.08732901141047478,0.11505872011184692,0.11505872011184692,0.08469192683696747,0.4859265387058258,1.4242923259735107,0.0,0.030366793274879456,0.030366793274879456
500,16.666666666666668,14,0,0,,4,uneven rough,5,0.0,52.48186492919922,32.494022369384766,0.2204311192035675,0.9666661620140076,0.2925291657447815,0.9666661620140076,0.2925291657447815,5.203520774841309,3.221184730529785,0.6666666865348816,0.1548066884279251,0.21433675289154053,0.4833330810070038,0.14626458287239075,0.3571420907974243,0.379734069108963,0.18564939498901367,0.6182631254196167,0.5089974999427795,0.22011376917362213,0.24999946355819702,0.24999946355819702,0.27266719937324524,-1.88772451877594,-0.7056779265403748,0.0,-0.022667735815048218,-0.022667735815048218,0.1898670345544815,0.1898670345544815,0.1464647799730301,1.8810561895370483,-0.17104826867580414,0.0,0.043402254581451416,0.043402254581451416,0.09282469749450684,0.09282469749450684,0.11926478892564774,-1.9652575254440308,0.9629435539245605,0.0,-0.0264400914311409,-0.0264400914311409,0.43278416991233826,0.43278416991233826,0.3734235167503357,1.996594786643982,1.4416369199752808,0.0,0.059360653162002563,0.059360653162002563,0.25449874997138977,0.25449874997138977,0.2582494914531708,1.2836525440216064,0.6423228979110718,0.0,-0.003750741481781006,-0.003750741481781006,0.11005688458681107,0.11005688458681107,0.06522432714700699,0.8460959792137146,0.3562174141407013,0.0,0.04483255743980408,0.04483255743980408
500,16.666666666666668,24,0,0,,4,uneven rough,9,0.0,77.4061279296875,38.661258697509766,0.32684406638145447,1.7832738161087036,-0.7310561537742615,1.7832738161087036,-0.7310561537742615,9.402937889099121,0.0,0.0,-0.14108872413635254,0.0835958868265152,0.8916369080543518,-0.36552807688713074,-0.5528405904769897,0.4229617416858673,-0.231944277882576,0.20351065695285797,-0.023890046402812004,0.32718268036842346,-0.38698840141296387,-0.38698840141296387,-0.10155794769525528,-1.9908252954483032,-1.6198549270629883,0.0,-0.2854304537177086,-0.2854304537177086,0.21148087084293365,0.21148087084293365,0.07480968534946442,1.8980700969696045,1.1461509466171265,0.0,0.13667118549346924,0.13667118549346924,-0.115972138941288,-0.115972138941288,0.00924296211451292,-0.7740781307220459,0.06854339689016342,0.0,-0.12521510105580091,-0.12521510105580091,0.14245745539665222,0.14245745539665222,0.0960528627038002,1.9566051959991455,1.7469531297683716,0.0,0.04640459269285202,0.04640459269285202,-0.038224074989557266,-0.038224074989557266,0.11735460162162781,-1.2171374559402466,-1.6983922719955444,0.0,-0.15557867661118507,-0.15557867661118507,0.16359134018421173,0.16359134018421173,0.07562260329723358,-1.5659977197647095,1.695982575416565,0.0,0.08796873688697815,0.08796873688697815
501,16.7,4,0,0,,4,uneven rough,5,0.0,51.99760437011719,30.854475021362305,0.29628193378448486,0.7077849507331848,0.2408672720193863,0.7077849507331848,0.2408672720193863,5.897982597351074,6.906829833984375,0.5,-0.08019082248210907,0.1119326502084732,0.3538924753665924,0.12043363600969315,0.1665809154510498,0.4556906819343567,0.636273980140686,0.43365973234176636,-0.24252530932426453,0.002129428554326296,0.11660663783550262,0.11660663783550262,0.2666744589805603,-1.3691405057907104,-1.317786693572998,0.0,-0.15006782114505768,-0.15006782114505768,0.22784534096717834,0.22784534096717834,0.23284053802490234,-0.03172878548502922,0.8534494638442993,0.0,-0.004995197057723999,-0.004995197057723999,0.318136990070343,0.318136990070343,0.1970140039920807,0.6341245770454407,-0.4294106662273407,0.0,0.12112298607826233,0.12112298607826233,0.303561806678772,0.303561806678772,0.36675071716308594,-1.9308589696884155,1.7162472009658813,0.0,-0.06318891048431396,-0.06318891048431396,-0.3880405128002167,-0.3880405128002167,0.10131528228521347,-0.5961770415306091,-0.8563132882118225,0.0,-0.48935579508543015,-0.48935579508543015,0.001064714277163148,0.001064714277163148,0.10872330516576767,0.3878381848335266,0.8937386274337769,0.0,-0.10765859088860452,-0.10765859088860452
501,16.7,14,0,0,,4,uneven rough,5,0.0,52.51066589355469,32.46957778930664,0.2169404923915863,1.3895821571350098,0.4548839330673218,1.3895821571350098,0.4548839330673218,7.123320579528809,1.595870852470398,0.1666666716337204,0.1553480476140976,0.3356492221355438,0.6947910785675049,0.2274419665336609,0.47264552116394043,0.17873357236385345,-0.11325006186962128,0.698570728302002,0.5779316425323486,0.20328053832054138,0.33085185289382935,0.33085185289382935,0.2851214110851288,1.6803325414657593,-1.3740092515945435,0.0,0.04573044180870056,0.04573044180870056,0.08936678618192673,0.08936678618192673,0.11961571127176285,0.21883755922317505,0.9892152547836304,0.0,-0.03024892508983612,-0.03024892508983612,-0.05662503093481064,-0.05662503093481064,0.05288105458021164,-2.0000171661376953,-0.6926665902137756,0.0,-0.10950608551502228,-0.10950608551502228,0.48899951577186584,0.48899951577186584,0.43162408471107483,1.8605257272720337,1.7554110288619995,0.0,0.057375431060791016,0.057375431060791016,0.2889658212661743,0.2889658212661743,0.25648534297943115,-0.3435378968715668,1.0049318075180054,0.0,0.032480478286743164,0.032480478286743164,0.10164026916027069,0.10164026916027069,0.096946120262146,-0.1574331372976303,0.6331956386566162,0.0,0.004694148898124695,0.004694148898124695
501,16.7,24,0,0,,4,uneven rough,9,0.0,77.45721435546875,38.64248275756836,0.325069785118103,1.848667025566101,-0.48203277587890625,1.848667025566101,-0.48203277587890625,8.646327018737793,6.392400741577148,0.3333333432674408,-0.162840336561203,0.07332591712474823,0.9243335127830505,-0.24101638793945312,-0.5030896663665771,0.45790839195251465,-0.11383024603128433,-0.2289528101682663,0.5384508371353149,-0.09473071247339249,-0.35216274857521057,-0.35216274857521057,-0.16891153156757355,-1.9267468452453613,-1.8296022415161133,0.0,-0.18325121700763702,-0.18325121700763702,0.22895419597625732,0.22895419597625732,0.1408354640007019,1.6328576803207397,1.5712873935699463,0.0,0.08811873197555542,0.08811873197555542,-0.056915123015642166,-0.056915123015642166,-0.04795541241765022,-0.584225058555603,-0.40787631273269653,0.0,-0.008959710597991943,-0.008959710597991943,-0.1602669656276703,-0.1602669656276703,0.0650712177157402,-1.9802024364471436,1.8654907941818237,0.0,-0.2253381833434105,-0.2253381833434105,0.26922541856765747,0.26922541856765747,0.1686951071023941,1.9828308820724487,-1.4262899160385132,0.0,0.10053031146526337,0.10053031146526337,-0.04736535623669624,-0.04736535623669624,0.007747177965939045,-1.4755595922470093,-0.148346945643425,0.0,-0.05511253420263529,-0.05511253420263529
502,16.733333333333334,4,0,0,,4,uneven rough,5,0.0,52.026126861572266,30.841787338256836,0.2962753176689148,1.4945526123046875,0.09316571801900864,1.4945526123046875,0.09316571801900864,5.237025737762451,3.845719814300537,0.3333333432674408,-0.3107466697692871,0.17488829791545868,0.7472763061523438,0.04658285900950432,0.5807311534881592,-0.005280583631247282,0.5602805018424988,-0.08671455085277557,0.2502953112125397,-0.45402997732162476,0.4065118134021759,0.4065118134021759,0.3098159432411194,1.9773446321487427,-1.3468222618103027,0.0,0.09669587016105652,0.09669587016105652,-0.008448934182524681,-0.008448934182524681,0.18197043240070343,-1.780847430229187,0.35296809673309326,0.0,-0.1904193665832281,-0.1904193665832281,0.2801402509212494,0.2801402509212494,0.23517966270446777,1.2500211000442505,0.17191407084465027,0.0,0.044960588216781616,0.044960588216781616,-0.0607001855969429,-0.0607001855969429,0.29599982500076294,-1.9430487155914307,-0.3458331525325775,0.0,-0.35670001059770584,-0.35670001059770584,0.12514765560626984,0.12514765560626984,0.10703568905591965,1.3569172620773315,-0.7092317938804626,0.0,0.01811196655035019,0.01811196655035019,-0.22701498866081238,-0.22701498866081238,0.09677140414714813,-0.6330692172050476,0.6077015995979309,0.0,-0.3237863928079605,-0.3237863928079605
502,16.733333333333334,14,0,0,,4,uneven rough,5,0.0,52.543663024902344,32.44786071777344,0.22425031661987305,1.7943534851074219,0.638633668422699,1.7943534851074219,0.638633668422699,8.79568862915039,1.7808942794799805,0.1666666716337204,0.08702939003705978,0.3399319350719452,0.8971767425537109,0.3193168342113495,-0.3318127691745758,0.5964710116386414,0.462062805891037,0.5907160043716431,-0.09410953521728516,0.28502416610717773,-0.23226892948150635,-0.23226892948150635,0.27083730697631836,-0.9549871683120728,0.3529210388660431,0.0,-0.5031062364578247,-0.5031062364578247,0.2982355058193207,0.2982355058193207,0.183310404419899,1.9448655843734741,0.5536423325538635,0.0,0.11492510139942169,0.11492510139942169,0.2310314029455185,0.2310314029455185,0.110170878469944,1.9999855756759644,-1.43184494972229,0.0,0.1208605244755745,0.1208605244755745,0.41350120306015015,0.41350120306015015,0.46545299887657166,-0.23251976072788239,1.8148430585861206,0.0,-0.05195179581642151,-0.05195179581642151,-0.15057526528835297,-0.15057526528835297,0.2305806428194046,-1.501723289489746,0.24250461161136627,0.0,-0.38115590810775757,-0.38115590810775757,0.14251208305358887,0.14251208305358887,0.12936285138130188,0.8351734280586243,0.1861727237701416,0.0,0.013149231672286987,0.013149231672286987
502,16.733333333333334,24,0,0,,4,uneven rough,9,0.0,77.50428009033203,38.62059020996094,0.320695161819458,1.8841654062271118,-0.5291860103607178,1.8841654062271118,-0.5291860103607178,6.079562664031982,2.664510726928711,0.3333333432674408,-0.04589933156967163,0.17003540694713593,0.9420827031135559,-0.2645930051803589,0.40760186314582825,0.24128180742263794,-0.3205293118953705,-0.4848230183124542,0.34367695450782776,-0.677124559879303,0.28532129526138306,0.28532129526138306,-0.14719924330711365,1.062753438949585,-1.8845280408859253,0.0,0.4325205385684967,0.4325205385684967,0.12064090371131897,0.12064090371131897,0.13644000887870789,1.62050461769104,1.6060993671417236,0.0,-0.015799105167388916,-0.015799105167388916,-0.16026465594768524,-0.16026465594768524,-0.08187615126371384,0.517899215221405,-0.5075842142105103,0.0,-0.0783885046839714,-0.0783885046839714,-0.3393761217594147,-0.3393761217594147,-0.00810739491134882,-1.8722779750823975,-0.3088710308074951,0.0,-0.33126872684806585,-0.33126872684806585,0.17183847725391388,0.17183847725391388,0.15787120163440704,-1.1492574214935303,0.5012331008911133,0.0,0.013967275619506836,0.013967275619506836,-0.3385622799396515,-0.3385622799396515,-0.032948046922683716,-0.03879879415035248,-0.8987553715705872,0.0,-0.3056142330169678,-0.3056142330169678
503,16.766666666666666,4,0,0,,4,uneven rough,5,0.0,52.054447174072266,30.825279235839844,0.2889014780521393,1.3187503814697266,-0.0015569996321573853,1.3187503814697266,-0.0015569996321573853,1.6345252990722656,1.6109554767608643,0.3333333432674408,-0.3873226046562195,0.13186752796173096,0.6593751907348633,-0.0007784998160786927,0.5585044026374817,-0.01271739974617958,0.22032639384269714,0.16031411290168762,0.4622573256492615,-0.23433642089366913,0.39095306396484375,0.39095306396484375,0.3751676380634308,1.9158735275268555,0.5326676368713379,0.0,0.015785425901412964,0.015785425901412964,-0.0203478392213583,-0.0203478392213583,0.12383513897657394,-0.5500655770301819,-0.8534950017929077,0.0,-0.14418297819793224,-0.14418297819793224,0.11016319692134857,0.11016319692134857,0.17636127769947052,-2.0000040531158447,0.7814777493476868,0.0,-0.06619808077812195,-0.06619808077812195,0.11221987754106522,0.11221987754106522,0.2332494556903839,-1.9466379880905151,-1.2489017248153687,0.0,-0.1210295781493187,-0.1210295781493187,0.23112866282463074,0.23112866282463074,0.1472848504781723,0.7162792682647705,0.4589725732803345,0.0,0.08384381234645844,0.08384381234645844,-0.11716821044683456,-0.11716821044683456,0.040384650230407715,-1.3078185319900513,-0.09383243322372437,0.0,-0.15755286067724228,-0.15755286067724228
503,16.766666666666666,14,0,0,,4,uneven rough,5,0.0,52.57939529418945,32.44227600097656,0.2261386513710022,0.9679136872291565,0.5139327645301819,0.9679136872291565,0.5139327645301819,4.009494781494141,0.6007450819015503,0.1666666716337204,0.4316936433315277,0.38111814856529236,0.48395684361457825,0.25696638226509094,0.13284224271774292,0.5587379932403564,0.2688366770744324,0.41698962450027466,0.21961349248886108,-0.30554234981536865,0.09298957139253616,0.09298957139253616,0.20642709732055664,-1.9628143310546875,-0.38657259941101074,0.0,-0.11343752592802048,-0.11343752592802048,0.2793689966201782,0.2793689966201782,0.25008413195610046,1.9939552545547485,1.3402425050735474,0.0,0.02928486466407776,0.02928486466407776,0.1344183385372162,0.1344183385372162,0.12798626720905304,-0.18585528433322906,0.5085181593894958,0.0,0.006432071328163147,0.006432071328163147,0.29189273715019226,0.29189273715019226,0.4258755147457123,-1.5951768159866333,0.6572604179382324,0.0,-0.13398277759552002,-0.13398277759552002,0.10980674624443054,0.10980674624443054,0.16340912878513336,-1.9414774179458618,-0.7436849474906921,0.0,-0.05360238254070282,-0.05360238254070282,-0.15277117490768433,-0.15277117490768433,0.08222973346710205,-0.5467783212661743,0.553118884563446,0.0,-0.23500090837478638,-0.23500090837478638
503,16.766666666666666,24,0,0,,4,uneven rough,9,0.0,77.55770111083984,38.600799560546875,0.3332381844520569,1.9879130125045776,-0.4548904001712799,1.8895691633224487,-0.4548904001712799,8.807025909423828,6.335174083709717,0.5,-0.21984964609146118,0.07595964521169662,0.9939565062522888,-0.22744520008563995,-0.35483425855636597,0.4875591993331909,-0.34039556980133057,-0.5337592363357544,0.31277599930763245,-0.5700661540031433,-0.24838398396968842,-0.24838398396968842,-0.1958605945110321,-1.8747498989105225,-0.21812982857227325,0.0,-0.05252338945865631,-0.05252338945865631,0.24377959966659546,0.24377959966659546,0.20442473888397217,1.9994982481002808,1.6142441034317017,0.0,0.03935486078262329,0.03935486078262329,-0.17019778490066528,-0.17019778490066528,-0.11988639831542969,-0.6576045751571655,0.07222595065832138,0.0,-0.050311386585235596,-0.050311386585235596,-0.37363144755363464,-0.37363144755363464,-0.047872912138700485,-1.606073260307312,-1.192824125289917,0.0,-0.32575853541493416,-0.32575853541493416,0.15638799965381622,0.15638799965381622,0.14390073716640472,0.16333641111850739,-0.4319571852684021,0.0,0.012487262487411499,0.012487262487411499,-0.28503307700157166,-0.28503307700157166,-0.07452530413866043,-1.3269362449645996,-0.41253435611724854,0.0,-0.21050777286291122,-0.21050777286291122
504,16.8,4,0,0,,4,uneven rough,5,0.0,52.079925537109375,30.818326950073242,0.2946925759315491,1.3643817901611328,0.3500867187976837,1.3643817901611328,0.3500867187976837,3.18939471244812,1.6327351331710815,0.3333333432674408,-0.1911730021238327,0.18517601490020752,0.6821908950805664,0.17504335939884186,0.0398903451859951,0.13263022899627686,0.31051838397979736,0.26137465238571167,0.11613540351390839,-0.17789970338344574,0.02792324125766754,0.02792324125766754,0.34309303760528564,-1.37308669090271,1.314734697341919,0.0,-0.3151697963476181,-0.3151697963476181,0.06631511449813843,0.06631511449813843,0.06825044006109238,-0.7721647620201111,-0.6819354295730591,0.0,-0.001935325562953949,-0.001935325562953949,0.15525919198989868,0.15525919198989868,0.1334860920906067,-0.25493499636650085,-0.7911770343780518,0.0,0.021773099899291992,0.021773099899291992,0.18296225368976593,0.18296225368976593,0.21789146959781647,-0.7527077794075012,-1.6434030532836914,0.0,-0.03492921590805054,-0.03492921590805054,0.05806770175695419,0.05806770175695419,0.08748684078454971,-1.6330043077468872,0.6044542193412781,0.0,-0.02941913902759552,-0.02941913902759552,-0.08894985169172287,-0.08894985169172287,-0.008205072954297066,-1.8697205781936646,-0.7802223563194275,0.0,-0.0807447787374258,-0.0807447787374258
504,16.8,14,0,0,,4,uneven rough,5,0.0,52.61342239379883,32.43228530883789,0.21403509378433228,0.49335259199142456,-0.2508097290992737,0.49335259199142456,-0.2508097290992737,1.239086627960205,0.8702540397644043,0.1666666716337204,0.5053131580352783,0.41051381826400757,0.24667629599571228,-0.12540486454963684,0.6952844858169556,0.08776174485683441,0.46445542573928833,0.17373912036418915,0.07634676992893219,-0.6147427558898926,0.4866991341114044,0.4866991341114044,0.24935181438922882,1.8546817302703857,-1.2777824401855469,0.0,0.2373473197221756,0.2373473197221756,0.043880872428417206,0.043880872428417206,0.1932372897863388,-1.8755065202713013,1.709852933883667,0.0,-0.1493564173579216,-0.1493564173579216,0.23222771286964417,0.23222771286964417,0.16550318896770477,0.10164863616228104,0.11591815948486328,0.0,0.06672452390193939,0.06672452390193939,0.1216173842549324,0.1216173842549324,0.3610924780368805,-1.7862417697906494,-0.6162716150283813,0.0,-0.2394750937819481,-0.2394750937819481,0.038173384964466095,0.038173384964466095,0.11407441645860672,-0.982061505317688,-1.4209189414978027,0.0,-0.07590103149414062,-0.07590103149414062,-0.3073713779449463,-0.3073713779449463,0.053376454859972,-1.3770358562469482,-0.06876496970653534,0.0,-0.3607478328049183,-0.3607478328049183
504,16.8,24,0,0,,4,uneven rough,9,0.0,77.60525512695312,38.576263427734375,0.3360869288444519,1.95131254196167,-0.4280492067337036,1.9079699516296387,-0.4280492067337036,7.737344264984131,4.956155300140381,0.5,-0.29339832067489624,0.15903769433498383,0.975656270980835,-0.2140246033668518,0.44890984892845154,0.22066351771354675,-0.06974611431360245,-0.6970652341842651,0.6272960901260376,-0.8026701211929321,0.3142368793487549,0.3142368793487549,-0.15737366676330566,1.6958856582641602,-1.1547857522964478,0.0,0.47161054611206055,0.47161054611206055,0.11033175885677338,0.11033175885677338,0.17786218225955963,-2.0030155181884766,1.8320674896240234,0.0,-0.06753042340278625,-0.06753042340278625,-0.034873057156801224,-0.034873057156801224,-0.058827243745326996,1.964707374572754,-0.34042152762413025,0.0,0.023954186588525772,0.023954186588525772,-0.48794564604759216,-0.48794564604759216,-0.11876149475574493,-1.8182564973831177,-1.4264758825302124,0.0,-0.36918415129184723,-0.36918415129184723,0.3136480450630188,0.3136480450630188,0.12436764687299728,-0.9672838449478149,-0.0953771248459816,0.0,0.18928039819002151,0.18928039819002151,-0.40133506059646606,-0.40133506059646606,-0.10168394446372986,-0.6896988153457642,-0.9295388460159302,0.0,-0.2996511161327362,-0.2996511161327362
505,16.833333333333332,4,0,0,,4,uneven rough,5,0.0,52.1091423034668,30.81722640991211,0.29620712995529175,1.0652992725372314,-0.36538392305374146,1.0652992725372314,-0.36538392305374146,2.58059024810791,1.976959228515625,0.3333333432674408,-0.2413235902786255,0.2593545913696289,0.5326496362686157,-0.18269196152687073,0.4390427768230438,0.0019831445533782244,0.7412024736404419,0.11235791444778442,-0.31542128324508667,-0.2291625738143921,0.3073299527168274,0.3073299527168274,0.31543999910354614,-0.6663680672645569,-0.20496433973312378,0.0,-0.00811004638671875,-0.00811004638671875,0.0009915722766891122,0.0009915722766891122,0.010783589445054531,-0.8909386396408081,-0.732951283454895,0.0,-0.009792017168365419,-0.009792017168365419,0.37060123682022095,0.37060123682022095,0.17334362864494324,0.5335822105407715,-0.4879848062992096,0.0,0.1972576081752777,0.1972576081752777,0.07865054160356522,0.07865054160356522,0.1560383439064026,-1.9982389211654663,-1.13980233669281,0.0,-0.07738780230283737,-0.07738780230283737,-0.5046740770339966,-0.5046740770339966,0.04076659306883812,0.23167210817337036,-0.6606088280677795,0.0,-0.5454406701028347,-0.5454406701028347,-0.11458128690719604,-0.11458128690719604,-0.05344845727086067,-1.4181267023086548,-1.3962266445159912,0.0,-0.06113282963633537,-0.06113282963633537
505,16.833333333333332,14,0,0,,4,uneven rough,5,0.0,52.652984619140625,32.42289352416992,0.19845160841941833,1.3091025352478027,-0.28365200757980347,1.3091025352478027,-0.28365200757980347,1.0391651391983032,4.543168067932129,0.5,0.35517892241477966,0.2658894956111908,0.6545512676239014,-0.14182600378990173,0.5248860120773315,-0.2198207527399063,0.7267017364501953,0.3130013346672058,0.33421915769577026,-0.5470399856567383,0.3674201965332031,0.3674201965332031,0.3173900246620178,1.9028998613357544,0.49331843852996826,0.0,0.0500301718711853,0.0500301718711853,-0.3517132103443146,-0.3517132103443146,0.1331360936164856,-1.9872788190841675,-0.3173157274723053,0.0,-0.48484930396080017,-0.48484930396080017,0.36335086822509766,0.36335086822509766,0.21521322429180145,0.6335351467132568,0.10785014182329178,0.0,0.1481376439332962,0.1481376439332962,0.2191009372472763,0.2191009372472763,0.29539334774017334,-1.9227359294891357,-1.2777748107910156,0.0,-0.07629241049289703,-0.07629241049289703,0.16710957884788513,0.16710957884788513,0.18223950266838074,2.004122257232666,-1.172788143157959,0.0,-0.015129923820495605,-0.015129923820495605,-0.27351999282836914,-0.27351999282836914,0.021938743069767952,-0.8151112794876099,-0.8084636926651001,0.0,-0.2954587358981371,-0.2954587358981371
505,16.833333333333332,24,0,0,,4,uneven rough,9,0.0,77.65584564208984,38.55179977416992,0.34851324558258057,1.9738160371780396,-0.5856148600578308,1.9154165983200073,-0.5856148600578308,10.437948226928711,6.111353874206543,0.3333333432674408,-0.2643539309501648,0.23523013293743134,0.9869080185890198,-0.2928074300289154,0.25236091017723083,0.6317070722579956,-0.1409483253955841,-0.24972493946552277,0.1230950802564621,-0.3840455710887909,0.17665264010429382,0.17665264010429382,-0.09480774402618408,1.0197174549102783,0.45698896050453186,0.0,0.2714603841304779,0.2714603841304779,0.3158535361289978,0.3158535361289978,0.22376877069473267,1.3435906171798706,-0.33629530668258667,0.0,0.09208476543426514,0.09208476543426514,-0.07047416269779205,-0.07047416269779205,-0.06933222711086273,0.8413509726524353,0.9629024863243103,0.0,-0.0011419355869293213,-0.0011419355869293213,-0.17480745911598206,-0.17480745911598206,-0.17758789658546448,-1.1188273429870605,-1.6479893922805786,0.0,0.002780437469482422,0.002780437469482422,0.06154754012823105,0.06154754012823105,0.09276098757982254,-1.5638278722763062,-0.588354766368866,0.0,-0.03121344745159149,-0.03121344745159149,-0.19202278554439545,-0.19202278554439545,-0.15251825749874115,-0.6931127905845642,-0.7939328551292419,0.0,-0.0395045280456543,-0.0395045280456543
506,16.866666666666667,4,0,0,,4,uneven rough,5,0.0,52.14180374145508,30.808950424194336,0.30519044399261475,1.4934470653533936,-0.6364331841468811,1.4934470653533936,-0.6364331841468811,4.041004180908203,4.117551326751709,0.3333333432674408,-0.20380154252052307,0.2656654417514801,0.7467235326766968,-0.31821659207344055,0.7556828856468201,0.22099533677101135,0.5713903903961182,0.08463913202285767,0.16342324018478394,-0.15321871638298035,0.5289779901504517,0.5289779901504517,0.36559486389160156,1.8537428379058838,-0.4658428430557251,0.0,0.1633831262588501,0.1633831262588501,0.11049766838550568,0.11049766838550568,0.07254362106323242,2.000154972076416,-0.8222776055335999,0.0,0.037954047322273254,0.037954047322273254,0.2856951951980591,0.2856951951980591,0.23009172081947327,1.4984899759292603,0.08961101621389389,0.0,0.055603474378585815,0.055603474378585815,0.059247393161058426,0.059247393161058426,0.08655721694231033,-1.7791849374771118,-1.6251639127731323,0.0,-0.027309823781251907,-0.027309823781251907,0.08171162009239197,0.08171162009239197,0.09980626404285431,1.1177846193313599,-0.15611159801483154,0.0,-0.01809464395046234,-0.01809464395046234,-0.07660935819149017,-0.07660935819149017,-0.05654238164424896,0.2335316240787506,-1.4086089134216309,0.0,-0.02006697654724121,-0.02006697654724121
506,16.866666666666667,14,0,0,,4,uneven rough,5,0.0,52.69362258911133,32.41363525390625,0.1845235675573349,1.3214409351348877,0.5788561701774597,1.3214409351348877,0.5788561701774597,1.7404556274414062,0.7583824396133423,0.3333333432674408,0.35123759508132935,0.21466195583343506,0.6607204675674438,0.28942808508872986,0.759843647480011,-0.1530715674161911,0.3048901855945587,0.44224435091018677,0.5051681995391846,-0.1826191395521164,0.5318905711174011,0.5318905711174011,0.37524932622909546,1.499335765838623,1.290298342704773,0.0,0.15664124488830566,0.15664124488830566,-0.24491451680660248,-0.24491451680660248,0.0848843902349472,-0.10634088516235352,-1.2615158557891846,0.0,-0.3297989070415497,-0.3297989070415497,0.15244509279727936,0.15244509279727936,0.1727624535560608,-1.7419397830963135,0.4050733745098114,0.0,-0.020317360758781433,-0.020317360758781433,0.3095710277557373,0.3095710277557373,0.2721158266067505,0.3578168749809265,-1.6424369812011719,0.0,0.037455201148986816,0.037455201148986816,0.2525840997695923,0.2525840997695923,0.231345072388649,1.2252353429794312,0.6234427094459534,0.0,0.0212390273809433,0.0212390273809433,-0.0913095697760582,-0.0913095697760582,-0.019824601709842682,-1.5575124025344849,-0.8122222423553467,0.0,-0.07148496806621552,-0.07148496806621552
506,16.866666666666667,24,0,0,,4,uneven rough,9,0.0,77.71161651611328,38.52604675292969,0.3577794134616852,1.9753141403198242,-1.562476396560669,1.8820884227752686,-1.562476396560669,10.300800323486328,3.9997403621673584,0.3333333432674408,-0.2723533511161804,0.25295186042785645,0.9876570701599121,-0.7812381982803345,-0.08521346747875214,0.7593095302581787,-0.30801743268966675,-0.45125964283943176,0.31688085198402405,-0.3769066631793976,-0.059649426490068436,-0.059649426490068436,-0.05362464860081673,0.7245776057243347,0.7751566767692566,0.0,-0.006024777889251709,-0.006024777889251709,0.37965476512908936,0.37965476512908936,0.2914194166660309,1.6080899238586426,0.6135151982307434,0.0,0.08823534846305847,0.08823534846305847,-0.15400871634483337,-0.15400871634483337,-0.11246547102928162,-0.9764454960823059,0.8941770195960999,0.0,-0.04154324531555176,-0.04154324531555176,-0.31588175892829895,-0.31588175892829895,-0.2424737960100174,-1.9730194807052612,-1.3488001823425293,0.0,-0.07340796291828156,-0.07340796291828156,0.15844042599201202,0.15844042599201202,0.13557516038417816,1.2422022819519043,-1.1398890018463135,0.0,0.022865265607833862,0.022865265607833862,-0.1884533315896988,-0.1884533315896988,-0.19741879403591156,-0.412661075592041,-0.7369289994239807,0.0,0.008965462446212769,0.008965462446212769
507,16.9,4,0,0,,4,uneven rough,5,0.0,52.17592239379883,30.80238151550293,0.30748558044433594,1.1246871948242188,-0.2538614273071289,1.1246871948242188,-0.2538614273071289,2.091247081756592,2.070014476776123,0.3333333432674408,-0.2349318265914917,0.18347251415252686,0.5623435974121094,-0.12693071365356445,0.5682724714279175,0.6385693550109863,0.22813405096530914,0.0004355832643341273,0.4902963638305664,-0.16505855321884155,0.39779072999954224,0.39779072999954224,0.4163683354854584,0.6227561831474304,0.845655083656311,0.0,-0.018577605485916138,-0.018577605485916138,0.31928467750549316,0.31928467750549316,0.1375805139541626,1.868209719657898,0.7735308408737183,0.0,0.18170416355133057,0.18170416355133057,0.11406702548265457,0.11406702548265457,0.1696300208568573,-2.000000476837158,0.8861936926841736,0.0,-0.05556299537420273,-0.05556299537420273,0.00030490828794427216,0.00030490828794427216,0.0239934790879488,-1.5881860256195068,-1.7122477293014526,0.0,-0.023688570800004527,-0.023688570800004527,0.2451481819152832,0.2451481819152832,0.16223953664302826,2.000002861022949,0.5641515851020813,0.0,0.08290864527225494,0.08290864527225494,-0.08252927660942078,-0.08252927660942078,-0.08472029119729996,-0.22593431174755096,-0.48013973236083984,0.0,0.002191014587879181,0.002191014587879181
507,16.9,14,0,0,,4,uneven rough,5,0.0,52.731170654296875,32.407588958740234,0.18763014674186707,1.5923199653625488,0.23766610026359558,1.5923199653625488,0.23766610026359558,4.888089179992676,3.2043614387512207,0.3333333432674408,0.5722730159759521,0.22128061950206757,0.7961599826812744,0.11883305013179779,0.16763034462928772,-0.10649392008781433,-0.002915977733209729,0.3861050307750702,0.3863224685192108,-0.10114020854234695,0.11734124273061752,0.11734124273061752,0.3264034390449524,-1.6358897686004639,1.4084885120391846,0.0,-0.20906219631433487,-0.20906219631433487,-0.1703902781009674,-0.1703902781009674,0.03189630061388016,-0.12156849354505539,-0.6083778738975525,0.0,-0.20228657871484756,-0.20228657871484756,-0.0014579888666048646,-0.0014579888666048646,0.10929029434919357,-1.9756848812103271,-0.8088517189025879,0.0,-0.11074828321579844,-0.11074828321579844,0.27027350664138794,0.27027350664138794,0.30150270462036133,-0.40831077098846436,-0.5114898681640625,0.0,-0.03122919797897339,-0.03122919797897339,0.1931612342596054,0.1931612342596054,0.1773873269557953,-0.6122595071792603,0.9636973738670349,0.0,0.01577390730381012,0.01577390730381012,-0.05057010427117348,-0.05057010427117348,-0.019372684881091118,0.416615754365921,-1.2336106300354004,0.0,-0.03119741939008236,-0.03119741939008236
507,16.9,24,0,0,,4,uneven rough,9,0.0,77.76005554199219,38.49031066894531,0.3547189235687256,1.97342050075531,-0.5200792551040649,1.9379992485046387,-0.5200792551040649,9.849466323852539,1.5905663967132568,0.3333333432674408,-0.10451565682888031,0.3019168972969055,0.986710250377655,-0.26003962755203247,0.36384662985801697,0.5559043884277344,-0.2919125258922577,-0.2700147032737732,0.5111513137817383,0.057591889053583145,0.2546926438808441,0.2546926438808441,-0.009529255330562592,1.0110805034637451,0.746559202671051,0.0,0.2642218992114067,0.2642218992114067,0.2779521942138672,0.2779521942138672,0.3135550022125244,0.07989552617073059,1.1758495569229126,0.0,-0.03560280799865723,-0.03560280799865723,-0.14595626294612885,-0.14595626294612885,-0.12233615666627884,0.20405900478363037,-0.16347628831863403,0.0,-0.023620106279850006,-0.023620106279850006,-0.18901029229164124,-0.18901029229164124,-0.2362440973520279,1.9500296115875244,-1.7017349004745483,0.0,0.04723380506038666,0.04723380506038666,0.25557565689086914,0.25557565689086914,0.1894327998161316,1.2859090566635132,0.20694968104362488,0.0,0.06614285707473755,0.06614285707473755,0.028795944526791573,0.028795944526791573,-0.13557858765125275,1.7737679481506348,-0.5535873174667358,0.0,0.16437453217804432,0.16437453217804432
508,16.933333333333334,4,0,0,,4,uneven rough,5,0.0,52.20301055908203,30.790124893188477,0.3083803653717041,0.9769444465637207,0.07143155485391617,0.9769444465637207,0.07143155485391617,4.285193920135498,2.204892873764038,0.1666666716337204,-0.2545415163040161,0.2884141206741333,0.48847222328186035,0.035715777426958084,0.6416070461273193,0.2752130627632141,0.4419704079627991,0.39341866970062256,0.24941761791706085,-0.1893962174654007,0.44912493228912354,0.44912493228912354,0.42239993810653687,0.946826696395874,0.7196276187896729,0.0,0.02672499418258667,0.02672499418258667,0.13760653138160706,0.13760653138160706,0.13406383991241455,0.5481511950492859,1.392464280128479,0.0,0.003542691469192505,0.003542691469192505,0.22098520398139954,0.22098520398139954,0.17652060091495514,-0.4907679557800293,-0.7456656694412231,0.0,0.0444646030664444,0.0444646030664444,0.2753930687904358,0.2753930687904358,0.0677039697766304,1.8573881387710571,-1.6421029567718506,0.0,0.2076890990138054,0.2076890990138054,0.12470880895853043,0.12470880895853043,0.13362020254135132,-0.09396616369485855,1.3759844303131104,0.0,-0.008911393582820892,-0.008911393582820892,-0.09469810873270035,-0.09469810873270035,-0.0752873569726944,0.04895855113863945,-0.3364115357398987,0.0,-0.01941075176000595,-0.01941075176000595
508,16.933333333333334,14,0,0,,4,uneven rough,5,0.0,52.770729064941406,32.4001579284668,0.18933920562267303,1.2967923879623413,1.117654800415039,1.2967923879623413,1.117654800415039,4.144731521606445,2.2273778915405273,0.3333333432674408,0.39675602316856384,0.18329396843910217,0.6483961939811707,0.5588274002075195,0.619635820388794,-0.06626355648040771,0.29136922955513,0.07565540075302124,0.10511361807584763,0.014109267853200436,0.43374505639076233,0.43374505639076233,0.37321972846984863,1.9892064332962036,-0.31280842423439026,0.0,0.060525327920913696,0.060525327920913696,-0.1060216948390007,-0.1060216948390007,-0.03361096233129501,-1.9379531145095825,-0.3331349790096283,0.0,-0.07241073250770569,-0.07241073250770569,0.145684614777565,0.145684614777565,0.12591572105884552,0.7817309498786926,-1.4685813188552856,0.0,0.019768893718719482,0.019768893718719482,0.05295877903699875,0.05295877903699875,0.2319139689207077,-1.8656983375549316,-0.45315223932266235,0.0,-0.17895518988370895,-0.17895518988370895,0.05255680903792381,0.05255680903792381,0.11261783540248871,-1.9970003366470337,0.0726485326886177,0.0,-0.060061026364564896,-0.060061026364564896,0.007054633926600218,0.007054633926600218,0.039142102003097534,0.8326230645179749,-0.30056965351104736,0.0,-0.032087468076497316,-0.032087468076497316
508,16.933333333333334,24,0,0,,4,uneven rough,9,0.0,77.80754852294922,38.453369140625,0.33707261085510254,1.971185326576233,0.5139576196670532,1.9353300333023071,0.5139576196670532,9.83616828918457,3.3333334922790527,0.1666666716337204,0.27864110469818115,0.24400383234024048,0.9855926632881165,0.2569788098335266,-0.05014531686902046,0.4230549931526184,-0.29784145951271057,0.1865045577287674,0.5810102224349976,0.45921510457992554,-0.03510172292590141,-0.03510172292590141,-0.022404393181204796,-0.9163110256195068,0.896120011806488,0.0,-0.012697329744696617,-0.012697329744696617,0.2115274965763092,0.2115274965763092,0.2618485987186432,-1.632796287536621,0.5561951398849487,0.0,-0.050321102142333984,-0.050321102142333984,-0.14892072975635529,-0.14892072975635529,-0.14736124873161316,0.8169628381729126,0.044328827410936356,0.0,-0.0015594810247421265,-0.0015594810247421265,0.13055318593978882,0.13055318593978882,-0.1666214019060135,2.000014305114746,0.36297932267189026,0.0,0.2971745878458023,0.2971745878458023,0.2905051112174988,0.2905051112174988,0.24561552703380585,0.6868237257003784,0.8169952630996704,0.0,0.04488958418369293,0.04488958418369293,0.22960755228996277,0.22960755228996277,-0.07279089093208313,1.8779493570327759,0.7623035311698914,0.0,0.3023984432220459,0.3023984432220459
509,16.966666666666665,4,0,0,,4,uneven rough,5,0.0,52.23262023925781,30.776182174682617,0.31274595856666565,1.1638998985290527,-0.31706956028938293,1.1638998985290527,-0.31706956028938293,2.1494274139404297,2.376833438873291,0.5,-0.29302823543548584,0.14330576360225677,0.5819499492645264,-0.15853478014469147,-0.21548299491405487,0.3418044149875641,0.3875594437122345,0.5806584358215332,0.47927454113960266,0.3466765284538269,-0.15083809196949005,-0.15083809196949005,0.3976231515407562,-0.8902005553245544,0.848086416721344,0.0,-0.5484612435102463,-0.5484612435102463,0.17090220749378204,0.17090220749378204,0.2027330845594406,1.6163079738616943,0.9150881767272949,0.0,-0.03183087706565857,-0.03183087706565857,0.19377972185611725,0.19377972185611725,0.1773270070552826,0.3063536286354065,-0.601546049118042,0.0,0.016452714800834656,0.016452714800834656,0.4064609110355377,0.4064609110355377,0.14032478630542755,1.9999772310256958,0.3365155756473541,0.0,0.26613612473011017,0.26613612473011017,0.23963727056980133,0.23963727056980133,0.182617649435997,1.2450740337371826,0.5448716878890991,0.0,0.05701962113380432,0.05701962113380432,0.17333826422691345,0.17333826422691345,-0.01832249015569687,1.9961854219436646,-0.11852259188890457,0.0,0.19166075438261032,0.19166075438261032
509,16.966666666666665,14,0,0,,4,uneven rough,5,0.0,52.812767028808594,32.40321731567383,0.1885802149772644,1.2334656715393066,-0.003276486648246646,1.2334656715393066,-0.003276486648246646,3.579465389251709,0.01731267385184765,0.1666666716337204,0.19786512851715088,0.17715172469615936,0.6167328357696533,-0.001638243324123323,0.19984334707260132,0.11090972274541855,0.5061146020889282,0.22498565912246704,0.2519582509994507,-0.29196780920028687,0.13989034295082092,0.13989034295082092,0.3474065661430359,-1.5711801052093506,0.98875492811203,0.0,-0.20751622319221497,-0.20751622319221497,0.055454861372709274,0.055454861372709274,0.02777199074625969,0.9734219312667847,-1.2405019998550415,0.0,0.027682870626449585,0.027682870626449585,0.2530573010444641,0.2530573010444641,0.16482537984848022,1.2754929065704346,-0.19625070691108704,0.0,0.08823192119598389,0.08823192119598389,0.15748995542526245,0.15748995542526245,0.20236223936080933,-1.2283475399017334,-1.2518082857131958,0.0,-0.044872283935546875,-0.044872283935546875,0.12597912549972534,0.12597912549972534,0.1707514077425003,0.41311752796173096,-1.0975346565246582,0.0,-0.04477228224277496,-0.04477228224277496,-0.14598390460014343,-0.14598390460014343,0.03415710851550102,-0.06639353185892105,0.3401395380496979,0.0,-0.18014101311564445,-0.18014101311564445
509,16.966666666666665,24,0,0,,4,uneven rough,9,0.0,77.84737396240234,38.4086799621582,0.3239516615867615,1.9636660814285278,1.201176404953003,1.8506373167037964,1.201176404953003,9.582558631896973,1.593581199645996,0.1666666716337204,0.44379305839538574,0.2960316836833954,0.9818330407142639,0.6005882024765015,0.3629000782966614,0.47473812103271484,-0.1760883927345276,0.1641978621482849,0.24860234558582306,0.4427472651004791,0.2540300488471985,0.2540300488471985,0.03228576481342316,2.006122350692749,-0.12863174080848694,0.0,0.22174428403377533,0.22174428403377533,0.23736906051635742,0.23736906051635742,0.2154572457075119,-0.24413394927978516,-0.6814645528793335,0.0,0.02191181480884552,0.02191181480884552,-0.0880441963672638,-0.0880441963672638,-0.08145955950021744,2.1002864837646484,0.4811774790287018,0.0,-0.006584636867046356,-0.006584636867046356,0.11493850499391556,0.11493850499391556,-0.11334888637065887,1.7343429327011108,1.2885618209838867,0.0,0.22828739136457443,0.22828739136457443,0.12430117279291153,0.12430117279291153,0.19239675998687744,-0.9165061116218567,0.7433960437774658,0.0,-0.06809558719396591,-0.06809558719396591,0.22137363255023956,0.22137363255023956,-0.007038762327283621,0.7402223348617554,1.3930916786193848,0.0,0.22841239487752318,0.22841239487752318
510,17.0,4,0,0,,4,uneven rough,5,0.0,52.26050567626953,30.762500762939453,0.3162931203842163,1.4286696910858154,0.0043354337103664875,1.4286696910858154,0.0043354337103664875,7.0457563400268555,2.7130579948425293,0.1666666716337204,0.0062217116355896,0.1002640649676323,0.7143348455429077,0.0021677168551832438,0.01999051868915558,0.2800039052963257,0.5950760841369629,0.5197030901908875,0.4879707396030426,0.3560616075992584,0.01399336289614439,0.01399336289614439,0.3484964072704315,-1.5918505191802979,-0.13474416732788086,0.0,-0.33450304437428713,-0.33450304437428713,0.14000195264816284,0.14000195264816284,0.20917630195617676,-1.2196767330169678,1.3115590810775757,0.0,-0.06917434930801392,-0.06917434930801392,0.29753804206848145,0.29753804206848145,0.20882739126682281,1.3781201839447021,-0.08821793645620346,0.0,0.08871065080165863,0.08871065080165863,0.36379215121269226,0.36379215121269226,0.20571796596050262,1.805946707725525,1.2770397663116455,0.0,0.15807418525218964,0.15807418525218964,0.2439853698015213,0.2439853698015213,0.20578940212726593,0.19613654911518097,0.9407673478126526,0.0,0.03819596767425537,0.03819596767425537,0.1780308037996292,0.1780308037996292,0.04803658649325371,2.0092978477478027,1.0771371126174927,0.0,0.1299942173063755,0.1299942173063755
510,17.0,14,0,0,,4,uneven rough,5,0.0,52.85464859008789,32.402923583984375,0.18847015500068665,1.3824734687805176,0.6090936064720154,1.3824734687805176,0.6090936064720154,3.740567684173584,0.3354623019695282,0.3333333432674408,-0.12697046995162964,0.22616474330425262,0.6912367343902588,0.3045468032360077,0.9350807666778564,-0.309815376996994,-0.08648250252008438,0.19344699382781982,0.6247644424438477,-0.549422562122345,0.6545565128326416,0.6545565128326416,0.3941715657711029,1.6731476783752441,-0.45863690972328186,0.0,0.2603849470615387,0.2603849470615387,-0.49570462107658386,-0.49570462107658386,0.03218875080347061,0.31146240234375,0.011254546232521534,0.0,-0.5278933718800545,-0.5278933718800545,-0.04324125126004219,-0.04324125126004219,0.11736670881509781,-1.9578336477279663,0.6358757615089417,0.0,-0.16060796007514,-0.16060796007514,0.13541288673877716,0.13541288673877716,0.13631953299045563,-1.698386311531067,-1.2385435104370117,0.0,-0.0009066462516784668,-0.0009066462516784668,0.31238222122192383,0.31238222122192383,0.20808391273021698,1.9601930379867554,-0.2434092015028,0.0,0.10429830849170685,0.10429830849170685,-0.2747112810611725,-0.2747112810611725,0.013372203335165977,-0.06281376630067825,0.11028501391410828,0.0,-0.28808348439633846,-0.28808348439633846
510,17.0,24,0,0,,4,uneven rough,9,0.0,77.8994369506836,38.371646881103516,0.31638696789741516,1.9647293090820312,-0.7194663882255554,1.8335150480270386,-0.7194663882255554,9.097299575805664,0.5169268250465393,0.1666666716337204,0.5717589855194092,0.3539658486843109,0.9823646545410156,-0.3597331941127777,-0.3968437910079956,0.536948561668396,-0.2969247102737427,0.17646309733390808,0.319861501455307,-0.08329124003648758,-0.2777906358242035,-0.2777906358242035,-0.007645030040293932,-1.5548310279846191,1.078361988067627,0.0,-0.27014560578390956,-0.27014560578390956,0.268474280834198,0.268474280834198,0.264720618724823,0.5717378258705139,-0.4341970384120941,0.0,0.003753662109375,0.003753662109375,-0.14846235513687134,-0.14846235513687134,-0.09491654485464096,0.8768609762191772,1.3966245651245117,0.0,-0.05354581028223038,-0.05354581028223038,0.12352416664361954,0.12352416664361954,-0.04192722216248512,1.997489333152771,1.5406073331832886,0.0,0.16545138880610466,0.16545138880610466,0.1599307507276535,0.1599307507276535,0.16841647028923035,-0.936958372592926,-0.1951155960559845,0.0,-0.008485719561576843,-0.008485719561576843,-0.04164562001824379,-0.04164562001824379,-0.0439399890601635,1.9512414932250977,1.0239582061767578,0.0,0.0022943690419197083,0.0022943690419197083
511,17.03333333333333,4,0,0,,4,uneven rough,5,0.0,52.288177490234375,30.74894142150879,0.3183785080909729,1.442699909210205,0.5625635981559753,1.442699909210205,0.5625635981559753,6.565197944641113,5.161746025085449,0.3333333432674408,0.18136350810527802,0.12201499193906784,0.7213499546051025,0.28128179907798767,0.1173589900135994,0.34718456864356995,0.5768494606018066,0.46528685092926025,0.3022782802581787,0.34841084480285645,0.08215129375457764,0.08215129375457764,0.28613314032554626,-1.8117918968200684,-0.9585947394371033,0.0,-0.20398184657096863,-0.20398184657096863,0.17359228432178497,0.17359228432178497,0.16094288229942322,0.02786185033619404,-0.11960616707801819,0.0,0.012649402022361755,0.012649402022361755,0.2884247303009033,0.2884247303009033,0.25750601291656494,1.7724305391311646,0.7408522367477417,0.0,0.03091871738433838,0.03091871738433838,0.3257007896900177,0.3257007896900177,0.2719627320766449,1.9105826616287231,1.5760847330093384,0.0,0.0537380576133728,0.0537380576133728,0.15113914012908936,0.15113914012908936,0.1707231104373932,-0.8286463618278503,0.5197517275810242,0.0,-0.019583970308303833,-0.019583970308303833,0.17420542240142822,0.17420542240142822,0.11410767585039139,1.7400864362716675,1.604182481765747,0.0,0.060097746551036835,0.060097746551036835
511,17.03333333333333,14,0,0,,4,uneven rough,5,0.0,52.89216995239258,32.401390075683594,0.18892279267311096,1.455979585647583,-0.25059184432029724,1.455979585647583,-0.25059184432029724,5.256302833557129,2.455127239227295,0.3333333432674408,0.13840222358703613,0.13770627975463867,0.7279897928237915,-0.12529592216014862,0.4372977912425995,-0.19628222286701202,-0.016503507271409035,0.3175435960292816,0.7131163477897644,-0.38583993911743164,0.3061084449291229,0.3061084449291229,0.3371502161026001,-1.8720024824142456,0.7466779351234436,0.0,-0.031041771173477173,-0.031041771173477173,-0.3140515685081482,-0.3140515685081482,0.010639067739248276,-0.32070237398147583,0.18099260330200195,0.0,-0.32469063624739647,-0.32469063624739647,-0.008251753635704517,-0.008251753635704517,0.051126837730407715,-1.9136455059051514,-0.8306121826171875,0.0,-0.05937859136611223,-0.05937859136611223,0.22228051722049713,0.22228051722049713,0.19547410309314728,1.5999410152435303,-1.4985394477844238,0.0,0.026806414127349854,0.026806414127349854,0.3565581738948822,0.3565581738948822,0.258169561624527,1.697977900505066,1.0025115013122559,0.0,0.09838861227035522,0.09838861227035522,-0.19291996955871582,-0.19291996955871582,-0.016843276098370552,-0.82094806432724,0.012414654716849327,0.0,-0.17607669346034527,-0.17607669346034527
511,17.03333333333333,24,0,0,,4,uneven rough,9,0.0,77.94409942626953,38.34048080444336,0.3220794200897217,1.9531432390213013,-1.5622310638427734,1.8383480310440063,-1.5622310638427734,9.094873428344727,4.315371036529541,0.3814930319786072,0.4919479787349701,0.3382766842842102,0.9765716195106506,-0.7811155319213867,0.3146454393863678,0.4758017659187317,-0.4886440336704254,-0.40832793712615967,-0.33673495054244995,-0.20086368918418884,0.22025179862976074,0.22025179862976074,0.049917057156562805,1.5001790523529053,-0.4104500710964203,0.0,0.17033474147319794,0.17033474147319794,0.23790088295936584,0.23790088295936584,0.22878345847129822,-0.6102696657180786,0.13456033170223236,0.0,0.009117424488067627,0.009117424488067627,-0.2443220168352127,-0.2443220168352127,-0.13116168975830078,-1.108092188835144,1.1027493476867676,0.0,-0.11316032707691193,-0.11316032707691193,-0.2858295440673828,-0.2858295440673828,-0.10275130718946457,-1.478044867515564,1.798929214477539,0.0,-0.18307823687791824,-0.18307823687791824,-0.5387759208679199,-0.5387759208679199,0.11330216377973557,-0.8465304970741272,-0.6145548224449158,0.0,-0.6520780846476555,-0.6520780846476555,-0.10043184459209442,-0.10043184459209442,-0.06600591540336609,-1.056929588317871,1.5482457876205444,0.0,-0.03442592918872833,-0.03442592918872833
512,17.066666666666666,4,0,0,,4,uneven rough,5,0.0,52.32362365722656,30.743928909301758,0.3179895281791687,1.0985139608383179,0.6641181111335754,1.0985139608383179,0.6641181111335754,5.6007513999938965,1.902124285697937,0.1666666716337204,0.1994624137878418,0.13619530200958252,0.5492569804191589,0.3320590555667877,0.2817400395870209,0.4017264246940613,0.3653946816921234,0.40519723296165466,0.13603326678276062,0.14447461068630219,0.19721803069114685,0.19721803069114685,0.22192740440368652,-1.1767781972885132,-1.4409939050674438,0.0,-0.024709373712539673,-0.024709373712539673,0.20086321234703064,0.20086321234703064,0.19843323528766632,-0.6491456031799316,-0.03622748702764511,0.0,0.002429977059364319,0.002429977059364319,0.1826973408460617,0.1826973408460617,0.20265525579452515,0.11872491240501404,1.3241084814071655,0.0,-0.01995791494846344,-0.01995791494846344,0.283638060092926,0.283638060092926,0.3083339333534241,-1.3458443880081177,1.7652103900909424,0.0,-0.024695873260498047,-0.024695873260498047,0.06801663339138031,0.06801663339138031,0.10556548088788986,-1.9948511123657227,-0.24263496696949005,0.0,-0.03754884749650955,-0.03754884749650955,0.07223730534315109,0.07223730534315109,0.05942858010530472,-1.2860207557678223,1.6810228824615479,0.0,0.012808725237846375,0.012808725237846375
512,17.066666666666666,14,0,0,,4,uneven rough,5,0.0,52.93013381958008,32.40018844604492,0.19418948888778687,1.5350162982940674,1.1222751140594482,1.5350162982940674,1.1222751140594482,6.95672607421875,1.9766353368759155,0.3333333432674408,-0.052641432732343674,0.17809097468852997,0.7675081491470337,0.5611375570297241,0.659163773059845,-0.05819141864776611,-0.06178628280758858,0.13336281478405,0.4220004677772522,0.006907796487212181,0.461414635181427,0.461414635181427,0.3943946659564972,1.8682856559753418,-0.7339286804199219,0.0,0.06701996922492981,0.06701996922492981,-0.09310626983642578,-0.09310626983642578,-0.04068470001220703,-0.556169867515564,-0.10266663879156113,0.0,-0.05242156982421875,-0.05242156982421875,-0.03089314140379429,-0.03089314140379429,-0.017361050471663475,-1.911246657371521,-1.4429612159729004,0.0,-0.013532090932130814,-0.013532090932130814,0.09335397183895111,0.09335397183895111,0.13723662495613098,-1.776711106300354,0.2533469498157501,0.0,-0.04388265311717987,-0.04388265311717987,0.2110002338886261,0.2110002338886261,0.20876352488994598,-1.9640061855316162,1.395729422569275,0.0,0.0022367089986801147,0.0022367089986801147,0.0034538982436060905,0.0034538982436060905,-0.006062402855604887,0.1698145568370819,-0.45877012610435486,0.0,0.009516301099210978,0.009516301099210978
512,17.066666666666666,24,0,0,,4,uneven rough,9,0.0,77.98502349853516,38.30023193359375,0.32978835701942444,1.959159016609192,-0.7976237535476685,1.9078582525253296,-0.7976237535476685,9.11062240600586,3.3113722801208496,0.4177834391593933,0.559740424156189,0.16327323019504547,0.979579508304596,-0.39881187677383423,0.24198123812675476,0.5621404647827148,-0.12859156727790833,-0.14183303713798523,0.25310221314430237,-0.19350747764110565,0.1693868637084961,0.1693868637084961,0.1180308386683464,1.9989045858383179,0.6698230504989624,0.0,0.05135602504014969,0.05135602504014969,0.2810702323913574,0.2810702323913574,0.26678961515426636,0.34617313742637634,-0.28656789660453796,0.0,0.014280617237091064,0.014280617237091064,-0.06429578363895416,-0.06429578363895416,-0.10681856423616409,1.1734135150909424,-0.14726440608501434,0.0,0.04252278059720993,0.04252278059720993,-0.0992831215262413,-0.0992831215262413,-0.12153071910142899,0.5409474968910217,-0.053877800703048706,0.0,0.022247597575187683,0.022247597575187683,0.12655110657215118,0.12655110657215118,0.13558176159858704,0.23692671954631805,-0.7457143068313599,0.0,-0.009030655026435852,-0.009030655026435852,-0.09675373882055283,-0.09675373882055283,-0.07076020538806915,0.5511726140975952,0.07527497410774231,0.0,-0.025993533432483673,-0.025993533432483673
513,17.1,4,0,0,,4,uneven rough,5,0.0,52.35637664794922,30.73177719116211,0.30843907594680786,1.3973149061203003,0.8222647309303284,1.3973149061203003,0.8222647309303284,5.466594696044922,1.9939788579940796,0.1666666716337204,0.012226253747940063,0.15659889578819275,0.6986574530601501,0.4111323654651642,0.6263320446014404,-0.05257010459899902,0.2832821011543274,0.2776273488998413,-0.2771401107311249,-0.03478200361132622,0.4384324252605438,0.4384324252605438,0.27023255825042725,1.9899163246154785,-1.291605830192566,0.0,0.16819986701011658,0.16819986701011658,-0.08411216735839844,-0.08411216735839844,0.13564608991146088,-1.7207297086715698,-0.3827724754810333,0.0,-0.21975825726985931,-0.21975825726985931,0.1416410505771637,0.1416410505771637,0.14678619801998138,-1.853054165840149,0.6425824761390686,0.0,-0.005145147442817688,-0.005145147442817688,0.19433914124965668,0.19433914124965668,0.23974300920963287,-1.971612572669983,0.006214427296072245,0.0,-0.045403867959976196,-0.045403867959976196,-0.44342419505119324,-0.44342419505119324,0.043388452380895615,-1.2491083145141602,-1.233341097831726,0.0,-0.48681264743208885,-0.48681264743208885,-0.01739100180566311,-0.01739100180566311,0.009533828124403954,-0.9725452661514282,0.003451101016253233,0.0,-0.026924829930067062,-0.026924829930067062
513,17.1,14,0,0,,4,uneven rough,5,0.0,52.96568298339844,32.39983367919922,0.2028123438358307,1.565091848373413,-0.08218889683485031,1.565091848373413,-0.08218889683485031,7.995974540710449,0.7201167345046997,0.1666666716337204,0.03760809823870659,0.16229137778282166,0.7825459241867065,-0.041094448417425156,0.05663922056555748,0.03412509337067604,0.7861380577087402,0.4488527476787567,0.3369208872318268,-0.25017276406288147,0.03964745253324509,0.03964745253324509,0.3340469002723694,-1.8874033689498901,0.7373679876327515,0.0,-0.2943994477391243,-0.2943994477391243,0.01706254668533802,0.01706254668533802,0.01726989634335041,1.2672361135482788,-0.35907816886901855,0.0,-0.00020734965801239014,-0.00020734965801239014,0.3930690288543701,0.3930690288543701,0.023258507251739502,0.99503493309021,-1.7077306509017944,0.0,0.3698105216026306,0.3698105216026306,0.314196914434433,0.314196914434433,0.20208115875720978,2.0028014183044434,-0.8944514989852905,0.0,0.1121157556772232,0.1121157556772232,0.1684604436159134,0.1684604436159134,0.18008670210838318,-1.6042098999023438,-0.5038710832595825,0.0,-0.011626258492469788,-0.011626258492469788,-0.12508638203144073,-0.12508638203144073,-0.05771980807185173,-2.0103018283843994,-0.10336722433567047,0.0,-0.067366573959589,-0.067366573959589
513,17.1,24,0,0,,4,uneven rough,9,0.0,78.02287292480469,38.259952545166016,0.32240360975265503,1.968637228012085,-0.8131150007247925,1.895025610923767,-0.8131150007247925,7.020979881286621,1.471665620803833,0.3333333432674408,0.5521860122680664,0.09876041114330292,0.9843186140060425,-0.40655750036239624,-0.07089956104755402,0.4205003082752228,-0.12558101117610931,0.22183777391910553,0.4509517252445221,0.14894556999206543,-0.04962969198822975,-0.04962969198822975,0.07289237529039383,-2.0000011920928955,1.4212881326675415,0.0,-0.12252206727862358,-0.12252206727862358,0.2102501541376114,0.2102501541376114,0.23196004331111908,-2.0000016689300537,0.07118501514196396,0.0,-0.02170988917350769,-0.02170988917350769,-0.06279050558805466,-0.06279050558805466,-0.05245127156376839,0.8897162675857544,0.5994492769241333,0.0,-0.01033923402428627,-0.01033923402428627,0.15528644621372223,0.15528644621372223,-0.0519990399479866,1.9627962112426758,0.2824375033378601,0.0,0.20728548616170883,0.20728548616170883,0.22547586262226105,0.22547586262226105,0.19142335653305054,1.996923804283142,-0.19012731313705444,0.0,0.03405250608921051,0.03405250608921051,0.07447278499603271,0.07447278499603271,-0.006792238913476467,1.936673641204834,0.34434834122657776,0.0,0.08126502390950918,0.08126502390950918
514,17.133333333333333,4,0,0,,4,uneven rough,5,0.0,52.38934326171875,30.721284866333008,0.30146628618240356,1.0368354320526123,0.008593409322202206,1.0368354320526123,0.008593409322202206,1.1272907257080078,3.2195162773132324,0.3191043436527252,0.3033841848373413,0.11427824944257736,0.5184177160263062,0.004296704661101103,0.19732996821403503,0.0026779670733958483,0.6921871304512024,0.27836737036705017,-0.06528112292289734,-0.10233741998672485,0.13813097774982452,0.13813097774982452,0.23775114119052887,-1.8618383407592773,0.5637726783752441,0.0,-0.09962016344070435,-0.09962016344070435,0.0013389835366979241,0.0013389835366979241,0.07065775990486145,-1.946494460105896,-1.1392558813095093,0.0,-0.06931877636816353,-0.06931877636816353,0.3460935652256012,0.3460935652256012,0.14644008874893188,-0.7050244808197021,-0.7684549689292908,0.0,0.1996534764766693,0.1996534764766693,0.1948571503162384,0.1948571503162384,0.23376229405403137,-0.07940815389156342,-1.1120525598526,0.0,-0.03890514373779297,-0.03890514373779297,-0.1044498011469841,-0.1044498011469841,-0.00508077023550868,-1.6901134252548218,-1.2422559261322021,0.0,-0.09936903091147542,-0.09936903091147542,-0.05116870999336243,-0.05116870999336243,-0.004153158515691757,-1.115829348564148,-0.5483790040016174,0.0,-0.04701555147767067,-0.04701555147767067
514,17.133333333333333,14,0,0,,4,uneven rough,5,0.0,53.00234603881836,32.39440155029297,0.20589187741279602,1.069191813468933,1.116891622543335,1.069191813468933,1.116891622543335,5.515524864196777,2.3399951457977295,0.1666666716337204,0.020494729280471802,0.1013692244887352,0.5345959067344666,0.5584458112716675,0.6533144116401672,0.11689572036266327,0.5075698494911194,0.33765316009521484,0.1353101134300232,0.025772983208298683,0.45732009410858154,0.45732009410858154,0.3739132881164551,1.999197006225586,-0.7466824650764465,0.0,0.08340680599212646,0.08340680599212646,0.058447860181331635,0.058447860181331635,0.06061428040266037,1.1971335411071777,0.5604428052902222,0.0,-0.0021664202213287354,-0.0021664202213287354,0.2537849247455597,0.2537849247455597,0.08981953561306,2.000000476837158,-0.1795821189880371,0.0,0.1639653891324997,0.1639653891324997,0.2363572120666504,0.2363572120666504,0.2063765823841095,0.46432429552078247,0.7436605095863342,0.0,0.029980629682540894,0.029980629682540894,0.0676550567150116,0.0676550567150116,0.11427281051874161,-2.000005006790161,-1.1260045766830444,0.0,-0.04661775380373001,-0.04661775380373001,0.012886491604149342,0.012886491604149342,-0.0069881100207567215,1.9908682107925415,-1.181551456451416,0.0,0.019874601624906063,0.019874601624906063
514,17.133333333333333,24,0,0,,4,uneven rough,9,0.0,78.06172943115234,38.22254180908203,0.31646159291267395,1.935901165008545,0.624319851398468,1.9009891748428345,0.624319851398468,9.881409645080566,0.0,0.0,0.4358201026916504,0.1426820009946823,0.9679505825042725,0.312159925699234,0.12878692150115967,0.36488449573516846,-0.27332738041877747,0.22645851969718933,0.16627509891986847,0.4089089334011078,0.09015084058046341,0.09015084058046341,0.05548699200153351,0.783186137676239,-0.5131149888038635,0.0,0.0346638485789299,0.0346638485789299,0.18244224786758423,0.18244224786758423,0.17029306292533875,-1.5436913967132568,-1.0998677015304565,0.0,0.012149184942245483,0.012149184942245483,-0.13666369020938873,-0.13666369020938873,-0.0951622948050499,-1.9343634843826294,0.763566792011261,0.0,-0.04150139540433884,-0.04150139540433884,0.15852096676826477,0.15852096676826477,0.005812140181660652,1.7198047637939453,1.2325153350830078,0.0,0.15270882658660412,0.15270882658660412,0.08313754945993423,0.08313754945993423,0.16229590773582458,-1.4909487962722778,1.0464353561401367,0.0,-0.07915835827589035,-0.07915835827589035,0.2044544667005539,0.2044544667005539,0.046476446092128754,-1.9141721725463867,1.2446519136428833,0.0,0.15797802060842514,0.15797802060842514
515,17.166666666666668,4,0,0,,4,uneven rough,5,0.0,52.42223358154297,30.705888748168945,0.29921630024909973,0.9847184419631958,0.08208142966032028,0.9847184419631958,0.08208142966032028,2.249372720718384,2.0985677242279053,0.5,0.6808967590332031,0.13199549913406372,0.4923592209815979,0.04104071483016014,0.5564782619476318,0.0811014324426651,0.4167051315307617,0.21205073595046997,0.008769999258220196,0.0727330818772316,0.38953477144241333,0.38953477144241333,0.28889554738998413,2.0002169609069824,-0.8076721429824829,0.0,0.1006392240524292,0.1006392240524292,0.04055071622133255,0.04055071622133255,0.03691108152270317,0.723736047744751,-1.5956699848175049,0.0,0.0036396346986293793,0.0036396346986293793,0.20835256576538086,0.20835256576538086,0.1985752135515213,-0.49826017022132874,-0.7325912714004517,0.0,0.009777352213859558,0.009777352213859558,0.14843551814556122,0.14843551814556122,0.1660386025905609,-1.8787366151809692,-0.5281935334205627,0.0,-0.017603084444999695,-0.017603084444999695,0.004384999629110098,0.004384999629110098,0.011507166549563408,-0.273272305727005,-1.4954752922058105,0.0,-0.00712216692045331,-0.00712216692045331,0.0363665409386158,0.0363665409386158,0.020538676530122757,-0.8080540299415588,-0.8692164421081543,0.0,0.015827864408493042,0.015827864408493042
515,17.166666666666668,14,0,0,,4,uneven rough,5,0.0,53.03874588012695,32.39766311645508,0.19568690657615662,1.5598150491714478,0.05490227788686752,1.5598150491714478,0.05490227788686752,7.991960048675537,0.0,0.0,0.09656717628240585,0.2620769441127777,0.7799075245857239,0.02745113894343376,-0.3193408250808716,0.26298487186431885,-0.10997986793518066,0.054359547793865204,0.6936988830566406,-0.8112340569496155,-0.2235385775566101,-0.2235385775566101,0.3755840063095093,-1.2324702739715576,0.8058426976203918,0.0,-0.5991225838661194,-0.5991225838661194,0.13149243593215942,0.13149243593215942,0.1282249391078949,0.762484610080719,0.9204288721084595,0.0,0.0032674968242645264,0.0032674968242645264,-0.05498993396759033,-0.05498993396759033,0.02565285935997963,-1.7515255212783813,1.052757740020752,0.0,-0.08064279332756996,-0.08064279332756996,0.03805168345570564,0.03805168345570564,0.20416918396949768,0.1195954829454422,0.5857232809066772,0.0,-0.16611750051379204,-0.16611750051379204,0.3468494415283203,0.3468494415283203,0.10836077481508255,-0.8477521538734436,-1.6201659440994263,0.0,0.23848866671323776,0.23848866671323776,-0.40561702847480774,-0.40561702847480774,-0.07351817935705185,-2.0213255882263184,0.6121402978897095,0.0,-0.3320988491177559,-0.3320988491177559
515,17.166666666666668,24,0,0,,4,uneven rough,9,0.0,78.10020446777344,38.18387985229492,0.3078334927558899,1.936004638671875,1.0662930011749268,1.897046685218811,1.0662930011749268,10.017265319824219,2.628208637237549,0.1666666716337204,0.38892102241516113,0.15920208394527435,0.9680023193359375,0.5331465005874634,-0.24152438342571259,0.03450550138950348,0.19738051295280457,0.35234352946281433,0.521613359451294,0.061850257217884064,-0.16906706988811493,-0.16906706988811493,0.008553077466785908,-1.5317867994308472,0.21981598436832428,0.0,-0.17762014735490084,-0.17762014735490084,0.01725275069475174,0.01725275069475174,0.11652109026908875,-1.2833331823349,-1.3508063554763794,0.0,-0.099268339574337,-0.099268339574337,0.09869025647640228,0.09869025647640228,-0.07699798047542572,-0.7508617043495178,-0.7618478536605835,0.0,0.175688236951828,0.175688236951828,0.24664047360420227,0.24664047360420227,0.07784193009138107,2.002690315246582,1.508029580116272,0.0,0.1687985435128212,0.1687985435128212,0.260806679725647,0.260806679725647,0.17086753249168396,0.42986318469047546,-0.3882061839103699,0.0,0.08993914723396301,0.08993914723396301,0.030925128608942032,0.030925128608942032,0.008516870439052582,-0.7127052545547485,-0.5413529276847839,0.0,0.02240825816988945,0.02240825816988945
516,17.2,4,0,0,,4,uneven rough,5,0.0,52.45394515991211,30.69284439086914,0.3056076169013977,1.2150423526763916,-0.3319814205169678,1.2150423526763916,-0.3319814205169678,1.099269151687622,3.0263495445251465,0.6666666865348816,0.696865439414978,0.1234397143125534,0.6075211763381958,-0.1659907102584839,0.2482764720916748,0.17746683955192566,0.685112476348877,0.32545584440231323,0.09784312546253204,0.0493018813431263,0.17379352450370789,0.17379352450370789,0.2335776835680008,-1.989355206489563,0.7799134254455566,0.0,-0.05978415906429291,-0.05978415906429291,0.08873341977596283,0.08873341977596283,0.08990324288606644,0.7490807175636292,-0.2842736542224884,0.0,-0.0011698231101036072,-0.0011698231101036072,0.3425562381744385,0.3425562381744385,0.24357204139232635,1.2011553049087524,-0.600100040435791,0.0,0.09898419678211212,0.09898419678211212,0.22781908512115479,0.22781908512115479,0.21122771501541138,1.49479079246521,-1.2917929887771606,0.0,0.016591370105743408,0.016591370105743408,0.04892156273126602,0.04892156273126602,0.0523039884865284,0.236612468957901,-0.8044395446777344,0.0,-0.003382425755262375,-0.003382425755262375,0.02465094067156315,0.02465094067156315,0.037913937121629715,0.7416296005249023,-0.8346350789070129,0.0,-0.013262996450066566,-0.013262996450066566
516,17.2,14,0,0,,4,uneven rough,5,0.0,53.06719207763672,32.39137649536133,0.1914660930633545,1.5145509243011475,0.5865055918693542,1.5145509243011475,0.5865055918693542,6.698747634887695,3.4764316082000732,0.3333333432674408,-0.04328478127717972,0.28132057189941406,0.7572754621505737,0.2932527959346771,0.4720143675804138,0.15222078561782837,0.6033025979995728,0.4909488558769226,0.12525293231010437,-0.5708165764808655,0.33041006326675415,0.33041006326675415,0.31708648800849915,-1.2841212749481201,-0.34662312269210815,0.0,0.013323575258255005,0.013323575258255005,0.07611039280891418,0.07611039280891418,0.10609197616577148,-1.1144299507141113,0.831126868724823,0.0,-0.0299815833568573,-0.0299815833568573,0.3016512989997864,0.3016512989997864,0.02419472299516201,-0.6539428234100342,-0.5327890515327454,0.0,0.27745657600462437,0.27745657600462437,0.3436641991138458,0.3436641991138458,0.26583123207092285,1.9994202852249146,0.3221738040447235,0.0,0.07783296704292297,0.07783296704292297,0.06262646615505219,0.06262646615505219,0.05079910531640053,-1.0528141260147095,-1.1834418773651123,0.0,0.011827360838651657,0.011827360838651657,-0.28540828824043274,-0.28540828824043274,-0.13500212132930756,-1.173022985458374,-0.8768260478973389,0.0,-0.15040616691112518,-0.15040616691112518
516,17.2,24,0,0,,4,uneven rough,9,0.0,78.13932800292969,38.142913818359375,0.3123878836631775,1.955444097518921,0.4024321734905243,1.8457205295562744,0.4024321734905243,9.79499626159668,4.646371364593506,0.3333333432674408,0.2034498155117035,0.08905257284641266,0.9777220487594604,0.20121608674526215,-0.14119853079319,0.24272146821022034,0.25189027190208435,0.27909156680107117,0.43565404415130615,0.2457798272371292,-0.09883897006511688,-0.09883897006511688,-0.05803272873163223,-1.9959276914596558,-0.7705433964729309,0.0,-0.04080624133348465,-0.04080624133348465,0.12136073410511017,0.12136073410511017,0.1172703430056572,-0.16945117712020874,-1.3126568794250488,0.0,0.004090391099452972,0.004090391099452972,0.12594513595104218,0.12594513595104218,-0.046010248363018036,1.8257931470870972,-0.7556362748146057,0.0,0.1719553843140602,0.1719553843140602,0.1953640878200531,0.1953640878200531,0.14426113665103912,1.958502173423767,1.7877116203308105,0.0,0.05110295116901398,0.05110295116901398,0.21782702207565308,0.21782702207565308,0.21299338340759277,0.6296548247337341,0.07433169335126877,0.0,0.004833638668060303,0.004833638668060303,0.1228899136185646,0.1228899136185646,0.04052038490772247,1.132497787475586,-0.6382358074188232,0.0,0.08236952871084213,0.08236952871084213
517,17.233333333333334,4,0,0,,4,uneven rough,5,0.0,52.483558654785156,30.679126739501953,0.3129529356956482,0.6278405785560608,0.1932559758424759,0.6278405785560608,0.1932559758424759,3.6879184246063232,1.4025553464889526,0.5,0.777319610118866,0.043834246695041656,0.3139202892780304,0.09662798792123795,0.516405463218689,0.3036343455314636,0.20702406764030457,0.3173678517341614,0.057989004999399185,0.07052958756685257,0.3614838123321533,0.3614838123321533,0.27725791931152344,1.9963359832763672,-0.7858360409736633,0.0,0.08422589302062988,0.08422589302062988,0.1518171727657318,0.1518171727657318,0.14135290682315826,0.8368256688117981,0.29998674988746643,0.0,0.010464265942573547,0.010464265942573547,0.10351203382015228,0.10351203382015228,0.18137270212173462,-1.9976470470428467,0.4183329641819,0.0,-0.07786066830158234,-0.07786066830158234,0.22215749323368073,0.22215749323368073,0.1986088752746582,-0.11291349679231644,0.28374648094177246,0.0,0.023548617959022522,0.023548617959022522,0.028994502499699593,0.028994502499699593,0.04056856036186218,-1.0506595373153687,-0.2158268541097641,0.0,-0.01157405786216259,-0.01157405786216259,0.035264793783426285,0.035264793783426285,0.013858940452337265,-0.23007649183273315,0.056587785482406616,0.0,0.02140585333108902,0.02140585333108902
517,17.233333333333334,14,0,0,,4,uneven rough,5,0.0,53.10222244262695,32.37259292602539,0.19992095232009888,1.3435287475585938,0.2252623736858368,1.3435287475585938,0.2252623736858368,6.051480770111084,1.8226385116577148,0.5,0.16749560832977295,0.26635682582855225,0.6717643737792969,0.1126311868429184,0.5205569267272949,0.6054140329360962,0.6420750617980957,0.7004852294921875,-0.22315865755081177,0.09389816224575043,0.3643898367881775,0.3643898367881775,0.33390969038009644,1.4962350130081177,-0.8766862750053406,0.0,0.030480146408081055,0.030480146408081055,0.3027070164680481,0.3027070164680481,0.16478964686393738,1.9471511840820312,-0.2688944637775421,0.0,0.13791736960411072,0.13791736960411072,0.32103753089904785,0.32103753089904785,0.08076450228691101,1.9904004335403442,-0.6012896299362183,0.0,0.24027302861213684,0.24027302861213684,0.4903396666049957,0.4903396666049957,0.3202968239784241,1.692845106124878,1.2704919576644897,0.0,0.17004284262657166,0.17004284262657166,-0.35705384612083435,-0.35705384612083435,0.06616294384002686,-0.09489206224679947,-1.1095846891403198,0.0,-0.4232167899608612,-0.4232167899608612,0.046949081122875214,0.046949081122875214,-0.09054230898618698,1.9626343250274658,-1.044296383857727,0.0,0.1374913901090622,0.1374913901090622
517,17.233333333333334,24,0,0,,4,uneven rough,9,0.0,78.18340301513672,38.107276916503906,0.309670627117157,1.8554370403289795,1.2012302875518799,1.8554370403289795,1.2012302875518799,10.292217254638672,3.6551730632781982,0.3333333432674408,0.03595487400889397,0.14890646934509277,0.9277185201644897,0.6006151437759399,-0.0570538192987442,0.14652463793754578,-0.1628590077161789,0.07240482419729233,0.528860867023468,0.041554905474185944,-0.03993767127394676,-0.03993767127394676,-0.031578704714775085,0.9216442108154297,-1.463377833366394,0.0,-0.008358966559171677,-0.008358966559171677,0.07326231896877289,0.07326231896877289,0.08486329019069672,-1.10823392868042,-0.666286289691925,0.0,-0.011600971221923828,-0.011600971221923828,-0.08142950385808945,-0.08142950385808945,-0.07698726654052734,-1.0846556425094604,0.7039085626602173,0.0,-0.004442237317562103,-0.004442237317562103,0.05068337544798851,0.05068337544798851,0.0982060581445694,-1.9572304487228394,1.8842769861221313,0.0,-0.04752268269658089,-0.04752268269658089,0.264430433511734,0.264430433511734,0.24809905886650085,1.36434805393219,0.3883123993873596,0.0,0.016331374645233154,0.016331374645233154,0.020777452737092972,0.020777452737092972,0.02059761807322502,-0.36628344655036926,0.36294013261795044,0.0,0.00017983466386795044,0.00017983466386795044
518,17.266666666666666,4,0,0,,4,uneven rough,5,0.0,52.50725555419922,30.667362213134766,0.31004151701927185,0.7534065246582031,-0.2963646650314331,0.7534065246582031,-0.2963646650314331,3.2425808906555176,3.3333334922790527,0.1666666716337204,0.7328885793685913,0.13817143440246582,0.37670326232910156,-0.14818233251571655,-0.11437639594078064,0.02925717458128929,0.6123878955841064,0.3361160159111023,0.06348980963230133,-0.21377786993980408,-0.08006347715854645,-0.08006347715854645,0.23253102600574493,-1.298906683921814,0.7872090339660645,0.0,-0.3125945031642914,-0.3125945031642914,0.014628587290644646,0.014628587290644646,0.08199512958526611,-1.8817965984344482,0.6035164594650269,0.0,-0.06736654229462147,-0.06736654229462147,0.3061939477920532,0.3061939477920532,0.18027271330356598,-0.12783177196979523,-0.9476664662361145,0.0,0.12592123448848724,0.12592123448848724,0.23528121411800385,0.23528121411800385,0.2571733295917511,1.110670566558838,0.05947422236204147,0.0,-0.021892115473747253,-0.021892115473747253,0.031744904816150665,0.031744904816150665,-0.0006462568417191505,-0.6283349394798279,-0.6878427267074585,0.0,0.032391161657869816,0.032391161657869816,-0.10688893496990204,-0.10688893496990204,-0.0022490015253424644,-1.4429861307144165,-0.10549271106719971,0.0,-0.10463993344455957,-0.10463993344455957
518,17.266666666666666,14,0,0,,4,uneven rough,5,0.0,53.138336181640625,32.36203384399414,0.21015554666519165,1.4414966106414795,0.8992058634757996,1.4414966106414795,0.8992058634757996,5.201732158660889,3.4414901733398438,0.3333333432674408,0.0472082793712616,0.2760555148124695,0.7207483053207397,0.4496029317378998,-0.2490529865026474,0.8431773781776428,0.48651620745658875,0.45813989639282227,0.30233651399612427,0.10352381318807602,-0.17433708906173706,-0.17433708906173706,0.30589836835861206,-1.2651864290237427,0.4649676978588104,0.0,-0.4802354574203491,-0.4802354574203491,0.4215886890888214,0.4215886890888214,0.23703058063983917,1.9719901084899902,0.9840617179870605,0.0,0.18455810844898224,0.18455810844898224,0.24325810372829437,0.24325810372829437,0.13360528647899628,1.5421202182769775,0.8640565872192383,0.0,0.1096528172492981,0.1096528172492981,0.32069793343544006,0.32069793343544006,0.354790061712265,-0.344988077878952,1.509291172027588,0.0,-0.03409212827682495,-0.03409212827682495,0.15116825699806213,0.15116825699806213,0.0983702540397644,1.7668275833129883,-0.535875678062439,0.0,0.05279800295829773,0.05279800295829773,0.05176190659403801,0.05176190659403801,-0.03219641000032425,1.9414138793945312,0.6558276414871216,0.0,0.08395831659436226,0.08395831659436226
518,17.266666666666666,24,0,0,,4,uneven rough,9,0.0,78.22386932373047,38.070594787597656,0.30974259972572327,1.8682610988616943,-0.020849255844950676,1.8459612131118774,-0.020849255844950676,9.586868286132812,0.0,0.0,0.10195403546094894,0.14495958387851715,0.9341305494308472,-0.010424627922475338,0.42223060131073,0.09130898118019104,-0.22685416042804718,-0.3125564754009247,0.26216647028923035,-0.5398313999176025,0.29556140303611755,0.29556140303611755,0.0304095596075058,1.855701208114624,-0.11488208919763565,0.0,0.26515184342861176,0.26515184342861176,0.04565449059009552,0.04565449059009552,0.05643828585743904,0.18852823972702026,-0.9161642789840698,0.0,-0.010783795267343521,-0.010783795267343521,-0.11342708021402359,-0.11342708021402359,-0.10208075493574142,-0.3464847207069397,-0.3073488473892212,0.0,-0.011346325278282166,-0.011346325278282166,-0.21878953278064728,-0.21878953278064728,0.030850974842905998,-1.977006196975708,-0.2877182066440582,0.0,-0.24964050762355328,-0.24964050762355328,0.13108323514461517,0.13108323514461517,0.19036421179771423,-1.9953413009643555,0.9401646852493286,0.0,-0.05928097665309906,-0.05928097665309906,-0.26991569995880127,-0.26991569995880127,-0.03024251200258732,-1.7091915607452393,-0.04936419054865837,0.0,-0.23967318795621395,-0.23967318795621395
519,17.3,4,0,0,,4,uneven rough,5,0.0,52.53588104248047,30.659460067749023,0.31685343384742737,0.5035025477409363,-0.19191277027130127,0.5035025477409363,-0.19191277027130127,2.69938325881958,1.8975896835327148,0.5,0.8687426447868347,0.06061188504099846,0.25175127387046814,-0.09595638513565063,0.40268731117248535,0.15104955434799194,0.6238022446632385,0.2602406442165375,-0.1979018896818161,0.08677027374505997,0.2818811237812042,0.2818811237812042,0.26859888434410095,1.1373611688613892,-0.3922845423221588,0.0,0.013282239437103271,0.013282239437103271,0.07552477717399597,0.07552477717399597,0.0663636103272438,0.3570382595062256,-0.8016840219497681,0.0,0.009161166846752167,0.009161166846752167,0.31190112233161926,0.31190112233161926,0.22555074095726013,1.915334701538086,-0.48413047194480896,0.0,0.08635038137435913,0.08635038137435913,0.18216845393180847,0.18216845393180847,0.19823957979679108,-1.9839810132980347,0.6538225412368774,0.0,-0.016071125864982605,-0.016071125864982605,-0.31664302945137024,-0.31664302945137024,-0.03926439955830574,-1.142993450164795,-0.6541969180107117,0.0,-0.2773786298930645,-0.2773786298930645,0.043385136872529984,0.043385136872529984,0.02552763931453228,0.5846961140632629,-0.8617138862609863,0.0,0.017857497557997704,0.017857497557997704
519,17.3,14,0,0,,4,uneven rough,5,0.0,53.17408752441406,32.36063766479492,0.20160147547721863,1.6975167989730835,0.5027968883514404,1.6975167989730835,0.5027968883514404,6.324952602386475,3.032418727874756,0.4526336193084717,0.17644590139389038,0.16606564819812775,0.8487583994865417,0.2513984441757202,0.7901239395141602,0.20848610997200012,-0.07626448571681976,0.31513845920562744,0.5401962399482727,-0.3520408272743225,0.5530867576599121,0.5530867576599121,0.358631432056427,1.9324791431427002,-0.513264536857605,0.0,0.1944553256034851,0.1944553256034851,0.10424305498600006,0.10424305498600006,0.2022799402475357,-1.981760025024414,1.5426381826400757,0.0,-0.09803688526153564,-0.09803688526153564,-0.03813224285840988,-0.03813224285840988,0.06656765937805176,-1.9477399587631226,1.2474349737167358,0.0,-0.10469990223646164,-0.10469990223646164,0.22059692442417145,0.22059692442417145,0.28758397698402405,-1.983933448791504,0.4608783423900604,0.0,-0.0669870525598526,-0.0669870525598526,0.27009811997413635,0.27009811997413635,0.12445247918367386,0.27132031321525574,0.7660768628120422,0.0,0.1456456407904625,0.1456456407904625,-0.17602041363716125,-0.17602041363716125,-0.08864706009626389,-1.9309288263320923,1.3827004432678223,0.0,-0.08737335354089737,-0.08737335354089737
519,17.3,24,0,0,,4,uneven rough,9,0.0,78.26226043701172,38.03138732910156,0.31568002700805664,1.8093212842941284,0.9054868817329407,1.8093212842941284,0.9054868817329407,9.547626495361328,3.3333334922790527,0.1666666716337204,-0.3780054450035095,0.10967986285686493,0.9046606421470642,0.45274344086647034,-0.13770563900470734,0.3044150471687317,0.18446999788284302,0.21393796801567078,0.16108940541744232,-0.37327060103416443,-0.09639394283294678,-0.09639394283294678,-0.030030621215701103,-2.000012159347534,0.9992892146110535,0.0,-0.06636332161724567,-0.06636332161724567,0.15220752358436584,0.15220752358436584,0.11779924482107162,1.2174992561340332,-0.29156914353370667,0.0,0.03440827876329422,0.03440827876329422,0.09223499894142151,0.09223499894142151,-0.0376727394759655,1.9525291919708252,-0.32947635650634766,0.0,0.129907738417387,0.129907738417387,0.14975658059120178,0.14975658059120178,0.0893779993057251,1.7479016780853271,-1.2428447008132935,0.0,0.060378581285476685,0.060378581285476685,0.08054470270872116,0.08054470270872116,0.1294104903936386,-1.7762290239334106,-0.7195756435394287,0.0,-0.04886578768491745,-0.04886578768491745,-0.18663530051708221,-0.18663530051708221,-0.07005394250154495,0.7965967059135437,-0.987833559513092,0.0,-0.11658135801553726,-0.11658135801553726
520,17.333333333333332,4,0,0,,4,uneven rough,5,0.0,52.56989669799805,30.657249450683594,0.31910809874534607,0.6938885450363159,-0.2862713932991028,0.6938885450363159,-0.2862713932991028,2.366591215133667,1.2063109874725342,0.3333333432674408,0.7515572309494019,0.12192349880933762,0.34694427251815796,-0.1431356966495514,0.3309312164783478,0.35171762108802795,0.6158612966537476,-0.3669358491897583,0.08404496312141418,-0.1000376045703888,0.23165184259414673,0.23165184259414673,0.2531958818435669,-1.208065152168274,0.4725798964500427,0.0,-0.021544039249420166,-0.021544039249420166,0.17585881054401398,0.17585881054401398,0.13393597304821014,1.9167273044586182,-0.14654035866260529,0.0,0.04192283749580383,0.04192283749580383,0.3079306483268738,0.3079306483268738,0.25958311557769775,0.18034349381923676,0.8725314140319824,0.0,0.048347532749176025,0.048347532749176025,-0.2568551003932953,-0.2568551003932953,0.1432333141565323,-1.7569868564605713,-0.8375963568687439,0.0,-0.4000884145498276,-0.4000884145498276,0.04202248156070709,0.04202248156070709,0.025974012911319733,1.9564508199691772,-0.9305633306503296,0.0,0.01604846864938736,0.01604846864938736,-0.0500188022851944,-0.0500188022851944,0.010435863398015499,-1.2114112377166748,-0.04391108825802803,0.0,-0.060454665683209896,-0.060454665683209896
520,17.333333333333332,14,0,0,,4,uneven rough,5,0.0,53.20954132080078,32.34800720214844,0.19633933901786804,1.5816903114318848,-1.0480676889419556,1.5816903114318848,-1.0480676889419556,7.916324615478516,1.4866998195648193,0.1666666716337204,0.25729817152023315,0.31963151693344116,0.7908451557159424,-0.5240338444709778,0.6516085863113403,0.06312180310487747,0.8538438081741333,0.47333166003227234,0.001367296208627522,-0.09983256459236145,0.45612600445747375,0.45612600445747375,0.4224288761615753,1.2755500078201294,0.8695633411407471,0.0,0.03369712829589844,0.03369712829589844,0.031560901552438736,0.031560901552438736,0.14422713220119476,-1.5949970483779907,-0.4500628709793091,0.0,-0.11266623064875603,-0.11266623064875603,0.42692190408706665,0.42692190408706665,0.08757424354553223,-0.29109886288642883,-0.559122622013092,0.0,0.3393476605415344,0.3393476605415344,0.33133214712142944,0.33133214712142944,0.2824799418449402,1.691591739654541,-0.9214226007461548,0.0,0.04885220527648926,0.04885220527648926,0.000683648104313761,0.000683648104313761,0.06948058307170868,-1.723499059677124,0.48634061217308044,0.0,-0.06879693496739492,-0.06879693496739492,-0.049916282296180725,-0.049916282296180725,-0.0623333603143692,1.2424352169036865,-0.49083149433135986,0.0,0.012417078018188477,0.012417078018188477
520,17.333333333333332,24,0,0,,4,uneven rough,9,0.0,78.30164337158203,37.99371337890625,0.3223356008529663,1.9357049465179443,-0.7060093283653259,1.8415813446044922,-0.7060093283653259,9.455490112304688,0.365959495306015,0.1666666716337204,-0.5505800247192383,0.148787260055542,0.9678524732589722,-0.35300466418266296,-0.0028548238333314657,0.6297690868377686,-0.37654271721839905,0.0911683514714241,-0.13707377016544342,0.04400920495390892,-0.001998376566916704,-0.001998376566916704,-0.010086304508149624,1.4260114431381226,-0.6965211629867554,0.0,0.00808792794123292,0.00808792794123292,0.3148845434188843,0.3148845434188843,0.18417711555957794,2.0114924907684326,0.5616608262062073,0.0,0.13070742785930634,0.13070742785930634,-0.18827135860919952,-0.18827135860919952,-0.0635673776268959,0.5350868701934814,0.9607736468315125,0.0,-0.12470398098230362,-0.12470398098230362,0.06381784379482269,0.06381784379482269,0.06269930303096771,-1.627854824066162,0.44812867045402527,0.0,0.0011185407638549805,0.0011185407638549805,-0.21931803226470947,-0.21931803226470947,0.07517184317111969,0.11817581951618195,-1.3170093297958374,0.0,-0.29448987543582916,-0.29448987543582916,0.02200460247695446,0.02200460247695446,-0.022355301305651665,-0.09606891870498657,0.021086525171995163,0.0,0.044359903782606125,0.044359903782606125
521,17.366666666666667,4,0,0,,4,uneven rough,5,0.0,52.60002899169922,30.654268264770508,0.3067342936992645,1.0554152727127075,-0.08615318685770035,1.0554152727127075,-0.08615318685770035,3.7553164958953857,1.316758632659912,0.3333333432674408,0.7166314125061035,0.19935725629329681,0.5277076363563538,-0.043076593428850174,0.8886099457740784,-0.08379951864480972,-0.060335222631692886,0.004103689920157194,0.1643391251564026,-0.3831321597099304,0.6220269799232483,0.6220269799232483,0.2939898371696472,2.000037908554077,-0.47765982151031494,0.0,0.3280371427536011,0.3280371427536011,-0.1340792328119278,-0.1340792328119278,0.0940890982747078,-0.3146328926086426,1.020034909248352,0.0,-0.2281683310866356,-0.2281683310866356,-0.030167611315846443,-0.030167611315846443,0.19343878328800201,-1.9691643714904785,0.48116710782051086,0.0,-0.22360639460384846,-0.22360639460384846,0.0028725829906761646,0.0028725829906761646,0.07326613366603851,-1.9578222036361694,-1.3574213981628418,0.0,-0.07039355067536235,-0.07039355067536235,0.0821695625782013,0.0821695625782013,0.052415236830711365,1.1846237182617188,0.7017596364021301,0.0,0.02975432574748993,0.02975432574748993,-0.1915660798549652,-0.1915660798549652,-0.05369577929377556,-1.8990445137023926,-0.7040177583694458,0.0,-0.13787030056118965,-0.13787030056118965
521,17.366666666666667,14,0,0,,4,uneven rough,5,0.0,53.24994659423828,32.34032440185547,0.19324007630348206,1.4163782596588135,0.0823265016078949,1.4163782596588135,0.0823265016078949,1.9541772603988647,2.36026930809021,0.3333333432674408,-0.23812024295330048,0.2631458640098572,0.7081891298294067,0.04116325080394745,-0.4292903244495392,0.6470860838890076,0.7495478391647339,0.7560375332832336,0.45214205980300903,-0.03710803762078285,-0.3005032241344452,-0.3005032241344452,0.3896806240081787,-1.3619064092636108,1.0991089344024658,0.0,-0.6901838481426239,-0.6901838481426239,0.3235430419445038,0.3235430419445038,0.21161454916000366,1.7089707851409912,-1.0974106788635254,0.0,0.11192849278450012,0.11192849278450012,0.37477391958236694,0.37477391958236694,0.13084347546100616,1.52861750125885,-0.40758150815963745,0.0,0.24393044412136078,0.24393044412136078,0.5292262434959412,0.5292262434959412,0.35018590092658997,1.8210270404815674,0.555980384349823,0.0,0.1790403425693512,0.1790403425693512,0.22607102990150452,0.22607102990150452,0.13703331351280212,1.979824185371399,-0.7631067037582397,0.0,0.08903771638870239,0.08903771638870239,-0.018554018810391426,-0.018554018810391426,-0.05907275900244713,-0.3977660536766052,0.48916059732437134,0.0,0.0405187401920557,0.0405187401920557
521,17.366666666666667,24,0,0,,4,uneven rough,9,0.0,78.34247589111328,37.9548225402832,0.32905739545822144,1.963132381439209,-1.2736656665802002,1.8625062704086304,-1.2736656665802002,9.006122589111328,4.108454704284668,0.3333333432674408,-0.7487799525260925,0.050926100462675095,0.9815661907196045,-0.6368328332901001,0.3408839702606201,0.4935343861579895,-0.42428824305534363,-0.5049952864646912,0.2693113386631012,-0.20925427973270416,0.23861877620220184,0.23861877620220184,0.05264806002378464,1.640852928161621,0.5035625696182251,0.0,0.1859707161784172,0.1859707161784172,0.24676719307899475,0.24676719307899475,0.24390561878681183,1.1983847618103027,1.3813982009887695,0.0,0.0028615742921829224,0.0028615742921829224,-0.21214412152767181,-0.21214412152767181,-0.09419985115528107,-0.8418188691139221,0.7200895547866821,0.0,-0.11794427037239075,-0.11794427037239075,-0.3534967005252838,-0.3534967005252838,-0.004892338067293167,-1.9457098245620728,-0.7256361246109009,0.0,-0.34860436245799065,-0.34860436245799065,0.1346556693315506,0.1346556693315506,0.10519636422395706,1.5218943357467651,-0.5055530667304993,0.0,0.029459305107593536,0.029459305107593536,-0.10462713986635208,-0.10462713986635208,-0.04694319888949394,-0.04860648140311241,-0.04515337198972702,0.0,-0.05768394097685814,-0.05768394097685814
522,17.4,4,0,0,,4,uneven rough,5,0.0,52.62351989746094,30.641138076782227,0.30736464262008667,0.9788804650306702,-0.8626022934913635,0.9788804650306702,-0.8626022934913635,3.5820541381835938,1.5182521343231201,0.3333333432674408,0.7357184290885925,0.1354724019765854,0.4894402325153351,-0.43130114674568176,0.474101722240448,0.18256986141204834,0.7979583740234375,0.46931207180023193,-0.053665321320295334,-0.10463035851716995,0.3318712115287781,0.3318712115287781,0.3125590980052948,0.5328718423843384,0.9232349395751953,0.0,0.019312113523483276,0.019312113523483276,0.09128493070602417,0.09128493070602417,0.06761525571346283,-0.5921005606651306,0.2654113471508026,0.0,0.02366967499256134,0.02366967499256134,0.39897918701171875,0.39897918701171875,0.19969703257083893,0.4388335347175598,-0.9042547345161438,0.0,0.19928215444087982,0.19928215444087982,0.32851845026016235,0.32851845026016235,0.11463739722967148,1.6917163133621216,-1.696889042854309,0.0,0.21388105303049088,0.21388105303049088,-0.08586451411247253,-0.08586451411247253,0.0034766218159347773,-1.5847969055175781,0.9747718572616577,0.0,-0.08934113592840731,-0.08934113592840731,-0.052315179258584976,-0.052315179258584976,-0.038298070430755615,1.4190950393676758,-1.379688024520874,0.0,-0.014017108827829361,-0.014017108827829361
522,17.4,14,0,0,,4,uneven rough,5,0.0,53.28913497924805,32.3296012878418,0.19146603345870972,1.5846389532089233,0.9273877739906311,1.5846389532089233,0.9273877739906311,5.553218364715576,5.252325057983398,0.5,-0.20706751942634583,0.2047535479068756,0.7923194766044617,0.46369388699531555,0.674167275428772,0.14774291217327118,0.05287706106901169,0.6113274097442627,0.22936265170574188,0.07824613153934479,0.4719170928001404,0.4719170928001404,0.4209866523742676,1.8782697916030884,-0.2923535704612732,0.0,0.0509304404258728,0.0509304404258728,0.07387145608663559,0.07387145608663559,0.14693409204483032,-1.696324348449707,0.4893224537372589,0.0,-0.07306263595819473,-0.07306263595819473,0.026438530534505844,0.026438530534505844,0.07480467110872269,-2.00571346282959,0.6871488690376282,0.0,-0.04836614057421684,-0.04836614057421684,0.42792919278144836,0.42792919278144836,0.3828187882900238,0.8847541213035583,1.271239995956421,0.0,0.04511040449142456,0.04511040449142456,0.11468132585287094,0.11468132585287094,0.09724606573581696,-0.5323408842086792,0.787751317024231,0.0,0.017435260117053986,0.017435260117053986,0.039123065769672394,0.039123065769672394,-0.03560982272028923,0.7377078533172607,-0.01230931468307972,0.0,0.07473288848996162,0.07473288848996162
522,17.4,24,0,0,,4,uneven rough,9,0.0,78.38053131103516,37.920555114746094,0.33226925134658813,1.9456062316894531,-1.2386765480041504,1.8671655654907227,-1.2386765480041504,8.627340316772461,4.135091781616211,0.5,-0.7580881118774414,0.0691877156496048,0.9728031158447266,-0.6193382740020752,0.1618666648864746,0.3886009752750397,-0.14396914839744568,-0.32020965218544006,0.2390974909067154,-0.392205148935318,0.11330666393041611,0.11330666393041611,0.11678428947925568,1.4439152479171753,1.1465885639190674,0.0,-0.003477625548839569,-0.003477625548839569,0.19430048763751984,0.19430048763751984,0.20930929481983185,-0.5770361423492432,1.2779220342636108,0.0,-0.015008807182312012,-0.015008807182312012,-0.07198457419872284,-0.07198457419872284,-0.08581410348415375,0.722878098487854,-0.16301627457141876,0.0,0.013829529285430908,0.013829529285430908,-0.2241467535495758,-0.2241467535495758,-0.06777653098106384,-1.5595641136169434,-1.4154679775238037,0.0,-0.15637022256851196,-0.15637022256851196,0.1195487454533577,0.1195487454533577,0.09975589066743851,0.6103555560112,0.640769362449646,0.0,0.01979285478591919,0.01979285478591919,-0.196102574467659,-0.196102574467659,-0.08073285967111588,-1.32181715965271,-0.04710576683282852,0.0,-0.11536971479654312,-0.11536971479654312
523,17.433333333333334,4,0,0,,4,uneven rough,5,0.0,52.65099334716797,30.631378173828125,0.31572142243385315,0.17786744236946106,-0.6478404998779297,0.17786744236946106,-0.6478404998779297,0.755052924156189,4.058320999145508,0.5,0.6962994337081909,0.1154230460524559,0.08893372118473053,-0.32392024993896484,-0.2490316927433014,0.4783191978931427,0.6735861301422119,0.5497083067893982,0.22951817512512207,0.19143146276474,-0.1743221879005432,-0.1743221879005432,0.25249600410461426,-1.9711123704910278,0.7025229334831238,0.0,-0.42681819200515747,-0.42681819200515747,0.23915959894657135,0.23915959894657135,0.1398913562297821,1.9781790971755981,-0.2194274216890335,0.0,0.09926824271678925,0.09926824271678925,0.33679306507110596,0.33679306507110596,0.24964523315429688,1.872567057609558,-0.14487022161483765,0.0,0.08714783191680908,0.08714783191680908,0.38479581475257874,0.38479581475257874,0.18124473094940186,1.8029110431671143,0.21903447806835175,0.0,0.20355108380317688,0.20355108380317688,0.11475908756256104,0.11475908756256104,0.05586858093738556,1.7423900365829468,-0.47241291403770447,0.0,0.058890506625175476,0.058890506625175476,0.09571573138237,0.09571573138237,0.016004374250769615,1.9950566291809082,0.20274890959262848,0.0,0.07971135713160038,0.07971135713160038
523,17.433333333333334,14,0,0,,4,uneven rough,5,0.0,53.32898712158203,32.327816009521484,0.18452297151088715,1.684169054031372,0.46790578961372375,1.684169054031372,0.46790578961372375,7.033799648284912,2.0209403038024902,0.3333333432674408,-0.09613152593374252,0.26201707124710083,0.842084527015686,0.23395289480686188,-0.19170549511909485,-0.03527739271521568,0.6673727035522461,0.62617027759552,0.4482710361480713,-0.07050000876188278,-0.13419383764266968,-0.13419383764266968,0.39200857281684875,-1.1722041368484497,0.9349207878112793,0.0,-0.5262024104595184,-0.5262024104595184,-0.05644382908940315,-0.05644382908940315,0.11882413923740387,-0.9617554545402527,-0.7464461922645569,0.0,-0.17526796832680702,-0.17526796832680702,0.33368635177612305,0.33368635177612305,0.10542543232440948,1.9634703397750854,-0.8354003429412842,0.0,0.22826091945171356,0.22826091945171356,0.4383191764354706,0.4383191764354706,0.44204118847846985,1.074912190437317,1.0527201890945435,0.0,-0.0037220120429992676,-0.0037220120429992676,0.22413551807403564,0.22413551807403564,0.13947482407093048,1.980570673942566,0.041368819773197174,0.0,0.08466069400310516,0.08466069400310516,-0.03525000438094139,-0.03525000438094139,-0.04865485802292824,-0.8692424297332764,0.41175174713134766,0.0,0.013404853641986847,0.013404853641986847
523,17.433333333333334,24,0,0,,4,uneven rough,9,0.0,78.41478729248047,37.879554748535156,0.33221206068992615,1.9194562435150146,-0.44070059061050415,1.9056622982025146,-0.44070059061050415,10.304092407226562,3.2955949306488037,0.3333333432674408,-0.7150685787200928,0.11808925867080688,0.9597281217575073,-0.22035029530525208,0.33526334166526794,0.3345409631729126,0.2512013614177704,0.04347337782382965,0.2333158552646637,-0.38285547494888306,0.23468433320522308,0.23468433320522308,0.1783032864332199,1.724570870399475,1.3146976232528687,0.0,0.056381046772003174,0.056381046772003174,0.1672704815864563,0.1672704815864563,0.18201710283756256,-0.3624686896800995,0.22912533581256866,0.0,-0.014746621251106262,-0.014746621251106262,0.1256006807088852,0.1256006807088852,-0.03220146894454956,-1.4774318933486938,0.3378700017929077,0.0,0.15780214965343475,0.15780214965343475,0.030431363731622696,0.030431363731622696,-0.04052409902215004,1.5765151977539062,-1.4969402551651,0.0,0.07095546275377274,0.07095546275377274,0.11665792763233185,0.11665792763233185,0.10525457561016083,0.9909284710884094,0.623573362827301,0.0,0.01140335202217102,0.01140335202217102,-0.19142773747444153,-0.19142773747444153,-0.1305002123117447,-0.889509379863739,-0.7678298950195312,0.0,-0.06092752516269684,-0.06092752516269684
524,17.466666666666665,4,0,0,,4,uneven rough,5,0.0,52.678592681884766,30.626712799072266,0.31417134404182434,1.1673343181610107,-0.2521352767944336,1.1673343181610107,-0.2521352767944336,7.0526018142700195,4.634755611419678,0.5,0.5155130624771118,0.10256388038396835,0.5836671590805054,-0.1260676383972168,0.6279823780059814,0.18805117905139923,0.17046047747135162,0.1690862774848938,0.1723083257675171,-0.035032983869314194,0.43958765268325806,0.43958765268325806,0.3065025508403778,1.999840259552002,-0.809155285358429,0.0,0.13308510184288025,0.13308510184288025,0.09402558952569962,0.09402558952569962,0.12949314713478088,-0.20808547735214233,1.0231032371520996,0.0,-0.03546755760908127,-0.03546755760908127,0.08523023873567581,0.08523023873567581,0.1872549206018448,-1.999524712562561,0.9957924485206604,0.0,-0.10202468186616898,-0.10202468186616898,0.11836039274930954,0.11836039274930954,0.12922270596027374,-1.5884838104248047,1.1145610809326172,0.0,-0.010862313210964203,-0.010862313210964203,0.08615416288375854,0.08615416288375854,0.04745654761791229,-0.0917174443602562,0.7798406481742859,0.0,0.03869761526584625,0.03869761526584625,-0.017516491934657097,-0.017516491934657097,-0.017835376784205437,-1.268874168395996,1.2161228656768799,0.0,0.00031888484954833984,0.00031888484954833984
524,17.466666666666665,14,0,0,,4,uneven rough,5,0.0,53.37110900878906,32.32695007324219,0.1739547997713089,1.6671518087387085,0.6690232753753662,1.6671518087387085,0.6690232753753662,6.3406805992126465,1.9615719318389893,0.3333333432674408,-0.13899296522140503,0.16294890642166138,0.8335759043693542,0.3345116376876831,0.7039306163787842,0.0982048287987709,0.3968261480331421,0.42479386925697327,0.2980744242668152,0.06014237552881241,0.49275141954421997,0.49275141954421997,0.45318344235420227,1.9624253511428833,-0.25645139813423157,0.0,0.0395679771900177,0.0395679771900177,0.04910241439938545,0.04910241439938545,0.055418893694877625,-1.326804518699646,-0.8681824207305908,0.0,-0.006316479295492172,-0.006316479295492172,0.19841307401657104,0.19841307401657104,0.16772134602069855,1.255878210067749,0.7470861673355103,0.0,0.030691727995872498,0.030691727995872498,0.2973557114601135,0.2973557114601135,0.377230703830719,-1.9892874956130981,1.065267562866211,0.0,-0.07987499237060547,-0.07987499237060547,0.1490372121334076,0.1490372121334076,0.1627054065465927,-0.4830223023891449,1.1377969980239868,0.0,-0.01366819441318512,-0.01366819441318512,0.030071187764406204,0.030071187764406204,-0.01373294461518526,0.9281346797943115,-0.3125246465206146,0.0,0.043804132379591465,0.043804132379591465
524,17.466666666666665,24,0,0,,4,uneven rough,9,0.0,78.45389556884766,37.83726119995117,0.33307403326034546,1.968982458114624,0.6865912079811096,1.9158883094787598,0.6865912079811096,6.215205192565918,2.784285306930542,0.5,-0.2176162302494049,0.12377743422985077,0.984491229057312,0.3432956039905548,-0.45377451181411743,0.5252733826637268,-0.08972519636154175,0.5816382765769958,0.4678534269332886,0.6576483845710754,-0.3176421523094177,-0.3176421523094177,0.13949917256832123,-1.8813507556915283,1.5464407205581665,0.0,-0.45714132487773895,-0.45714132487773895,0.2626366913318634,0.2626366913318634,0.2450360506772995,1.903597354888916,-0.10536298900842667,0.0,0.017600640654563904,0.017600640654563904,-0.044862598180770874,-0.044862598180770874,-0.04973326623439789,-0.2753060460090637,-0.6885049343109131,0.0,0.004870668053627014,0.004870668053627014,0.40714678168296814,0.40714678168296814,0.030529649928212166,1.9817752838134766,0.2407969832420349,0.0,0.376617131754756,0.376617131754756,0.2339267134666443,0.2339267134666443,0.178527370095253,1.979205846786499,0.8312765955924988,0.0,0.055399343371391296,0.055399343371391296,0.3288241922855377,0.3288241922855377,-0.06606171280145645,1.9999992847442627,-0.836627721786499,0.0,0.39488590508699417,0.39488590508699417
525,17.5,4,0,0,,4,uneven rough,5,0.0,52.70256423950195,30.624216079711914,0.3136991858482361,0.7876254916191101,-1.053819179534912,0.7876254916191101,-1.053819179534912,3.9319827556610107,1.0800447463989258,0.1666666716337204,0.46998438239097595,0.049391698092222214,0.39381274580955505,-0.526909589767456,0.18750488758087158,0.11240751296281815,0.8040058612823486,0.12483516335487366,-0.07090021669864655,-0.10935641825199127,0.1312534213066101,0.1312534213066101,0.28303831815719604,-1.9020224809646606,0.7790558338165283,0.0,-0.15178489685058594,-0.15178489685058594,0.05620375648140907,0.05620375648140907,0.06999996304512024,-1.5136632919311523,0.3269869089126587,0.0,-0.013796206563711166,-0.013796206563711166,0.4020029306411743,0.4020029306411743,0.21642597019672394,1.0880597829818726,-0.6977652311325073,0.0,0.18557696044445038,0.18557696044445038,0.08738461136817932,0.08738461136817932,0.1102001816034317,-0.7583476901054382,-0.41374534368515015,0.0,-0.02281557023525238,-0.02281557023525238,-0.11344034969806671,-0.11344034969806671,-0.022578084841370583,-1.717383623123169,0.2870601415634155,0.0,-0.09086226485669613,-0.09086226485669613,-0.054678209125995636,-0.054678209125995636,-0.028439050540328026,-0.04542386159300804,-0.18889890611171722,0.0,-0.02623915858566761,-0.02623915858566761
525,17.5,14,0,0,,4,uneven rough,5,0.0,53.413780212402344,32.33229064941406,0.16716063022613525,1.4830340147018433,0.10954570770263672,1.4830340147018433,0.10954570770263672,3.4966845512390137,4.44426155090332,0.3333333432674408,-0.02204320952296257,0.2759707570075989,0.7415170073509216,0.05477285385131836,0.2267594188451767,-0.06156480684876442,0.6548657417297363,0.43537214398384094,0.5029040575027466,-0.20902667939662933,0.1587315946817398,0.1587315946817398,0.44319427013397217,-1.297348141670227,0.9981054663658142,0.0,-0.28446267545223236,-0.28446267545223236,-0.09850369393825531,-0.09850369393825531,0.027859224006533623,0.10654570907354355,-1.127488136291504,0.0,-0.12636291794478893,-0.12636291794478893,0.32743287086486816,0.32743287086486816,0.2191300243139267,2.0022268295288086,1.0347580909729004,0.0,0.10830284655094147,0.10830284655094147,0.30476048588752747,0.30476048588752747,0.338355153799057,-1.2034497261047363,-0.6617833375930786,0.0,-0.03359466791152954,-0.03359466791152954,0.2514520287513733,0.2514520287513733,0.19192126393318176,1.7769728899002075,0.22138287127017975,0.0,0.05953076481819153,0.05953076481819153,-0.10451333969831467,-0.10451333969831467,-0.061593350023031235,-2.0006141662597656,0.3889463543891907,0.0,-0.04291998967528343,-0.04291998967528343
525,17.5,24,0,0,,4,uneven rough,9,0.0,78.49913024902344,37.806114196777344,0.3232678771018982,1.928195595741272,0.8172950148582458,1.8779059648513794,0.8172950148582458,9.561018943786621,0.0,0.0,-0.20034551620483398,0.2012494057416916,0.964097797870636,0.4086475074291229,0.15077656507492065,0.35525059700012207,-0.4116395115852356,0.014696460217237473,0.32077452540397644,0.34926149249076843,0.1055435910820961,0.1055435910820961,0.11005217581987381,-0.18894827365875244,-0.39163875579833984,0.0,-0.00450858473777771,-0.00450858473777771,0.17762529850006104,0.17762529850006104,0.18702857196331024,-1.4111688137054443,1.0305067300796509,0.0,-0.009403273463249207,-0.009403273463249207,-0.2058197557926178,-0.2058197557926178,-0.09276311844587326,-1.9871323108673096,-0.45488154888153076,0.0,-0.11305663734674454,-0.11305663734674454,0.010287522338330746,0.010287522338330746,0.029759252443909645,-1.2344400882720947,1.2251492738723755,0.0,-0.0194717301055789,-0.0194717301055789,0.16038726270198822,0.16038726270198822,0.15701809525489807,0.11068971455097198,1.4803178310394287,0.0,0.003369167447090149,0.003369167447090149,0.17463074624538422,0.17463074624538422,-0.010345646180212498,1.9809765815734863,0.7672062516212463,0.0,0.18497639242559671,0.18497639242559671
526,17.53333333333333,4,0,0,,4,uneven rough,5,0.0,52.7299690246582,30.615304946899414,0.3158528804779053,0.8790726661682129,-0.9029585719108582,0.8790726661682129,-0.9029585719108582,4.025434494018555,3.4400384426116943,0.5,0.2754984200000763,0.1849106252193451,0.43953633308410645,-0.4514792859554291,0.7417621612548828,0.05450913682579994,0.6399569511413574,0.004208517726510763,0.04196833074092865,0.12704074382781982,0.5192335247993469,0.5192335247993469,0.3336692750453949,1.754612922668457,-0.7368306517601013,0.0,0.18556424975395203,0.18556424975395203,0.02725456841289997,0.02725456841289997,0.07359286397695541,-0.3233341574668884,-0.7137200236320496,0.0,-0.04633829556405544,-0.04633829556405544,0.3199784755706787,0.3199784755706787,0.26855555176734924,1.3231786489486694,0.3119434416294098,0.0,0.05142292380332947,0.05142292380332947,0.0029459623619914055,0.0029459623619914055,0.038953207433223724,-1.967315435409546,-0.6085841059684753,0.0,-0.03600724507123232,-0.03600724507123232,0.020984165370464325,0.020984165370464325,-0.0218659620732069,0.48572108149528503,-0.8462559580802917,0.0,0.042850127443671227,0.042850127443671227,0.06352037191390991,0.06352037191390991,0.021531356498599052,1.2163653373718262,-0.10777785629034042,0.0,0.04198901541531086,0.04198901541531086
526,17.53333333333333,14,0,0,,4,uneven rough,5,0.0,53.45983123779297,32.335289001464844,0.16771063208580017,1.54318106174469,-0.04068567976355553,1.54318106174469,-0.04068567976355553,4.8738112449646,3.8852241039276123,0.3333333432674408,-0.08257739245891571,0.30821341276168823,0.771590530872345,-0.020342839881777763,0.8178799152374268,-0.3744351863861084,0.35883644223213196,0.38941919803619385,0.41920867562294006,-0.16378512978553772,0.5725159049034119,0.5725159049034119,0.4826168119907379,1.956017017364502,-0.29974809288978577,0.0,0.08989909291267395,0.08989909291267395,-0.5990962982177734,-0.5990962982177734,-0.015472371131181717,-0.8022324442863464,-0.42976319789886475,0.0,-0.5836239270865917,-0.5836239270865917,0.17941822111606598,0.17941822111606598,0.20196102559566498,-1.3312419652938843,1.5817666053771973,0.0,-0.022542804479599,-0.022542804479599,0.2725934386253357,0.2725934386253357,0.2657012939453125,-1.823561668395996,-0.9680424928665161,0.0,0.006892144680023193,0.006892144680023193,0.20960433781147003,0.20960433781147003,0.1856796145439148,0.6972435116767883,1.1009162664413452,0.0,0.023924723267555237,0.023924723267555237,-0.08189256489276886,-0.08189256489276886,-0.09398597478866577,-0.1955503672361374,-0.962115466594696,0.0,0.012093409895896912,0.012093409895896912
526,17.53333333333333,24,0,0,,4,uneven rough,9,0.0,78.54229736328125,37.77170181274414,0.3084542155265808,1.9136966466903687,-0.1514841765165329,1.829258680343628,-0.1514841765165329,9.476176261901855,0.0,0.0,0.025584807619452477,0.3143875002861023,0.9568483233451843,-0.07574208825826645,0.5080241560935974,0.013163164258003235,-0.18372789025306702,-0.3685031831264496,0.36096349358558655,-0.39650842547416687,0.35561689734458923,0.35561689734458923,0.17199550569057465,1.740664005279541,-0.27703720331192017,0.0,0.1836213916540146,0.1836213916540146,0.006581582129001617,0.006581582129001617,0.12671318650245667,-2.029933214187622,-0.35002100467681885,0.0,-0.12013160437345505,-0.12013160437345505,-0.09186394512653351,-0.09186394512653351,-0.07970388233661652,1.2892175912857056,-1.3212188482284546,0.0,-0.012160062789916992,-0.012160062789916992,-0.2579522132873535,-0.2579522132873535,-0.03634531423449516,-1.1009697914123535,-0.16550694406032562,0.0,-0.22160689905285835,-0.22160689905285835,0.18048174679279327,0.18048174679279327,0.14904597401618958,0.30709001421928406,0.7059276103973389,0.0,0.0314357727766037,0.0314357727766037,-0.19825421273708344,-0.19825421273708344,0.0021227654069662094,1.1848622560501099,1.4534741640090942,0.0,-0.20037697814404964,-0.20037697814404964
527,17.566666666666666,4,0,0,,4,uneven rough,5,0.0,52.76033020019531,30.601978302001953,0.31633007526397705,0.887714147567749,-0.5761513113975525,0.887714147567749,-0.5761513113975525,2.144303798675537,4.514378547668457,0.5,0.20607411861419678,0.036439090967178345,0.4438570737838745,-0.28807565569877625,0.540290892124176,0.19517767429351807,0.5377333760261536,0.3178151547908783,0.414992094039917,0.37619996070861816,0.3782036304473877,0.3782036304473877,0.3493374288082123,0.1968374252319336,0.6718360185623169,0.0,0.028866201639175415,0.028866201639175415,0.09758883714675903,0.09758883714675903,0.11272982507944107,0.5113208293914795,-0.49299514293670654,0.0,-0.015140987932682037,-0.015140987932682037,0.2688666880130768,0.2688666880130768,0.2755061089992523,-0.7806441187858582,0.8836976289749146,0.0,-0.006639420986175537,-0.006639420986175537,0.22247061133384705,0.22247061133384705,0.0608971081674099,1.5037542581558228,-1.376813292503357,0.0,0.16157350316643715,0.16157350316643715,0.2074960470199585,0.2074960470199585,0.032638080418109894,0.6815641522407532,-0.09315373748540878,0.0,0.1748579666018486,0.1748579666018486,0.18809998035430908,0.18809998035430908,0.051351405680179596,0.9210915565490723,0.6408950686454773,0.0,0.13674857467412949,0.13674857467412949
527,17.566666666666666,14,0,0,,4,uneven rough,5,0.0,53.50308609008789,32.34473419189453,0.16317200660705566,1.6719046831130981,-0.23783433437347412,1.6719046831130981,-0.23783433437347412,8.249316215515137,0.0,0.0,0.1662861704826355,0.33988112211227417,0.8359523415565491,-0.11891716718673706,0.17178131639957428,-0.1273350864648819,0.31075260043144226,0.35381415486335754,0.731376051902771,-0.5054429769515991,0.12024691700935364,0.12024691700935364,0.43807435035705566,-1.8951807022094727,0.9756655097007751,0.0,-0.317827433347702,-0.317827433347702,-0.20373614132404327,-0.20373614132404327,-0.0643976554274559,-1.1061159372329712,-0.6403579711914062,0.0,-0.13933848589658737,-0.13933848589658737,0.15537630021572113,0.15537630021572113,0.14758577942848206,-1.3541747331619263,-0.06525364518165588,0.0,0.007790520787239075,0.007790520787239075,0.24766990542411804,0.24766990542411804,0.2506769299507141,-0.3181533217430115,-1.4517545700073242,0.0,-0.0030070245265960693,-0.0030070245265960693,0.3656880259513855,0.3656880259513855,0.21819600462913513,1.1561936140060425,0.8726789355278015,0.0,0.14749202132225037,0.14749202132225037,-0.25272148847579956,-0.25272148847579956,-0.14777979254722595,-1.381645679473877,-0.5286981463432312,0.0,-0.10494169592857361,-0.10494169592857361
527,17.566666666666666,24,0,0,,4,uneven rough,9,0.0,78.57829284667969,37.729652404785156,0.31082314252853394,1.963706374168396,-1.0979427099227905,1.8794646263122559,-1.0979427099227905,7.863353252410889,4.5510783195495605,0.5,0.6374735832214355,0.23457130789756775,0.981853187084198,-0.5489713549613953,0.4983852207660675,0.19533441960811615,-0.23699267208576202,0.11018336564302444,0.2002985179424286,-0.24534019827842712,0.348869651556015,0.348869651556015,0.22951872646808624,1.9174484014511108,0.8637746572494507,0.0,0.11935092508792877,0.11935092508792877,0.09766720980405807,0.09766720980405807,0.0937829241156578,0.26712191104888916,-1.2998464107513428,0.0,0.0038842856884002686,0.0038842856884002686,-0.11849633604288101,-0.11849633604288101,-0.08779837936162949,-1.1613414287567139,0.15472662448883057,0.0,-0.030697956681251526,-0.030697956681251526,0.07712835818529129,0.07712835818529129,0.0013640535762533545,1.9910401105880737,-0.6944193243980408,0.0,0.07576430460903794,0.07576430460903794,0.1001492589712143,0.1001492589712143,0.106877401471138,-1.076507329940796,0.4804241359233856,0.0,-0.006728142499923706,-0.006728142499923706,-0.12267009913921356,-0.12267009913921356,-0.04227541759610176,-1.9999536275863647,1.301600456237793,0.0,-0.0803946815431118,-0.0803946815431118
528,17.6,4,0,0,,4,uneven rough,5,0.0,52.792354583740234,30.59168243408203,0.3147994875907898,0.8515055179595947,-0.5311942100524902,0.8515055179595947,-0.5311942100524902,4.32265043258667,4.727388381958008,0.3333333432674408,0.20921039581298828,0.06479277461767197,0.42575275897979736,-0.2655971050262451,0.2998158037662506,0.12988364696502686,0.3236297369003296,0.6244459748268127,0.37817370891571045,0.3848947584629059,0.2098710536956787,0.2098710536956787,0.29467064142227173,-1.9640759229660034,0.403270959854126,0.0,-0.08479958772659302,-0.08479958772659302,0.06494182348251343,0.06494182348251343,0.11408894509077072,-0.9495229125022888,0.07484690099954605,0.0,-0.049147121608257294,-0.049147121608257294,0.1618148684501648,0.1618148684501648,0.20466968417167664,-1.997574806213379,-0.05732417479157448,0.0,-0.04285481572151184,-0.04285481572151184,0.4371121823787689,0.4371121823787689,0.12715710699558258,1.8873827457427979,0.2518647611141205,0.0,0.30995507538318634,0.30995507538318634,0.18908685445785522,0.18908685445785522,0.06056101992726326,0.3621779680252075,0.3448731601238251,0.0,0.12852583453059196,0.12852583453059196,0.19244737923145294,0.19244737923145294,0.09386903047561646,2.002349376678467,0.7993186712265015,0.0,0.09857834875583649,0.09857834875583649
528,17.6,14,0,0,,4,uneven rough,5,0.0,53.5487060546875,32.34675979614258,0.16692183911800385,1.3349058628082275,0.29040607810020447,1.3349058628082275,0.29040607810020447,3.7798831462860107,1.296126365661621,0.5,0.16652993857860565,0.3383312225341797,0.6674529314041138,0.14520303905010223,0.7449628710746765,-0.0486401692032814,0.615089476108551,0.4862481951713562,0.04227504879236221,0.05117890238761902,0.5214740037918091,0.5214740037918091,0.4274044334888458,0.9497595429420471,-0.6475160717964172,0.0,0.09406957030296326,0.09406957030296326,-0.07782427221536636,-0.07782427221536636,-0.08929845690727234,0.46616366505622864,-0.9036983847618103,0.0,0.011474184691905975,0.011474184691905975,0.3075447380542755,0.3075447380542755,0.19609335064888,0.010997527278959751,-0.7940119504928589,0.0,0.11145138740539551,0.11145138740539551,0.3403737246990204,0.3403737246990204,0.26021963357925415,1.5913671255111694,-0.810814380645752,0.0,0.08015409111976624,0.08015409111976624,0.021137524396181107,0.021137524396181107,0.17347827553749084,-1.1691192388534546,1.0329786539077759,0.0,-0.15234075114130974,-0.15234075114130974,0.02558945119380951,0.02558945119380951,-0.09182480722665787,1.556180477142334,-1.0109561681747437,0.0,0.11741425842046738,0.11741425842046738
528,17.6,24,0,0,,4,uneven rough,9,0.0,78.61961364746094,37.68754577636719,0.3127193748950958,1.7460665702819824,0.6592787504196167,1.7460665702819824,0.6592787504196167,4.816277980804443,1.2886849641799927,0.1666666716337204,0.9926561713218689,0.19619373977184296,0.8730332851409912,0.32963937520980835,-0.512120246887207,0.34371262788772583,0.12261074036359787,0.4333668649196625,0.2329104244709015,-0.05422479659318924,-0.3584841787815094,-0.3584841787815094,0.20321454107761383,-1.6271475553512573,1.4595236778259277,0.0,-0.5616987198591232,-0.5616987198591232,0.17185631394386292,0.17185631394386292,0.15915410220623016,1.6366643905639648,-0.41387975215911865,0.0,0.012702211737632751,0.012702211737632751,0.061305370181798935,0.061305370181798935,-0.024153798818588257,2.0000011920928955,-0.5893806219100952,0.0,0.08545916900038719,0.08545916900038719,0.303356796503067,0.303356796503067,0.07209718227386475,1.9970204830169678,0.8239442706108093,0.0,0.23125961422920227,0.23125961422920227,0.11645521223545074,0.11645521223545074,0.11964903026819229,-0.22457897663116455,-0.3998677134513855,0.0,-0.0031938180327415466,-0.0031938180327415466,-0.02711239829659462,-0.02711239829659462,-0.027838312089443207,0.570907473564148,-0.5651041269302368,0.0,0.000725913792848587,0.000725913792848587
529,17.633333333333333,4,0,0,,4,uneven rough,5,0.0,52.827392578125,30.57897186279297,0.316158264875412,0.730128824710846,-0.5117592811584473,0.730128824710846,-0.5117592811584473,3.7576663494110107,3.3333334922790527,0.1666666716337204,-0.05907578393816948,0.038238298147916794,0.365064412355423,-0.25587964057922363,0.4246610105037689,0.1921515315771103,0.6370986104011536,0.5010612607002258,0.1151268407702446,0.46903562545776367,0.29726269841194153,0.29726269841194153,0.26836878061294556,-0.3414347469806671,-0.9352312088012695,0.0,0.02889391779899597,0.02889391779899597,0.09607576578855515,0.09607576578855515,0.11672769486904144,0.31207093596458435,-0.5043336153030396,0.0,-0.020651929080486298,-0.020651929080486298,0.3185493052005768,0.3185493052005768,0.21651212871074677,-0.20532841980457306,-1.1543453931808472,0.0,0.10203717648983002,0.10203717648983002,0.3507428765296936,0.3507428765296936,0.17875279486179352,1.1921701431274414,1.1765896081924438,0.0,0.17199008166790009,0.17199008166790009,0.0575634203851223,0.0575634203851223,0.06561627984046936,-0.0498732291162014,0.3546573221683502,0.0,-0.008052859455347061,-0.008052859455347061,0.23451781272888184,0.23451781272888184,0.15623049437999725,1.8113905191421509,1.4795143604278564,0.0,0.07828731834888458,0.07828731834888458
529,17.633333333333333,14,0,0,,4,uneven rough,5,0.0,53.5979118347168,32.35114288330078,0.16728924214839935,1.3111742734909058,0.567057728767395,1.3111742734909058,0.567057728767395,2.7784316539764404,3.708070755004883,0.3333333432674408,0.3244882822036743,0.2355259656906128,0.6555871367454529,0.2835288643836975,-0.39335259795188904,0.3658919036388397,0.5350011587142944,0.7369532585144043,0.4558958113193512,0.07816721498966217,-0.2753468155860901,-0.2753468155860901,0.3809843063354492,-1.7875124216079712,0.2555864155292511,0.0,-0.6563311219215393,-0.6563311219215393,0.18294595181941986,0.18294595181941986,-0.02411302737891674,1.2141218185424805,-0.12917593121528625,0.0,0.2070589791983366,0.2070589791983366,0.2675005793571472,0.2675005793571472,0.2469046413898468,1.7159699201583862,-0.33885815739631653,0.0,0.020595937967300415,0.020595937967300415,0.515867292881012,0.515867292881012,0.32745665311813354,1.9997730255126953,0.5473833084106445,0.0,0.18841063976287842,0.18841063976287842,0.2279479056596756,0.2279479056596756,0.23444320261478424,1.0104305744171143,-0.21209143102169037,0.0,-0.006495296955108643,-0.006495296955108643,0.039083607494831085,0.039083607494831085,-0.02671748213469982,1.9465572834014893,0.4405075013637543,0.0,0.0658010896295309,0.0658010896295309
529,17.633333333333333,24,0,0,,4,uneven rough,9,0.0,78.66500091552734,37.65217590332031,0.3107316792011261,1.7996245622634888,1.5349054336547852,1.7996245622634888,1.5349054336547852,9.400092124938965,0.0,0.0,1.070163607597351,0.2560681700706482,0.8998122811317444,0.7674527168273926,0.20527629554271698,0.40743303298950195,-0.18024703860282898,0.2872150242328644,0.15425069630146027,-0.0697503536939621,0.14369340240955353,0.14369340240955353,0.14093928039073944,-1.709741473197937,-0.28568577766418457,0.0,0.002754122018814087,0.002754122018814087,0.20371651649475098,0.20371651649475098,0.197228342294693,0.788388192653656,0.7455015778541565,0.0,0.006488174200057983,0.006488174200057983,-0.09012351930141449,-0.09012351930141449,-0.06814870983362198,-1.755046010017395,0.8746604919433594,0.0,-0.02197480946779251,-0.02197480946779251,0.2010505199432373,0.2010505199432373,0.1385566145181656,1.929481029510498,1.4872037172317505,0.0,0.062493905425071716,0.062493905425071716,0.07712534815073013,0.07712534815073013,0.08435285836458206,-1.1650301218032837,-0.3007591664791107,0.0,-0.007227510213851929,-0.007227510213851929,-0.03487517684698105,-0.03487517684698105,-0.03887368366122246,-0.2956209182739258,0.07719887048006058,0.0,0.003998506814241409,0.003998506814241409
530,17.666666666666668,4,0,0,,4,uneven rough,5,0.0,52.86750030517578,30.570598602294922,0.31475910544395447,1.027984619140625,0.10475968569517136,1.027984619140625,0.10475968569517136,5.721561431884766,5.6954803466796875,0.5,-0.27709054946899414,0.07609584182500839,0.5139923095703125,0.05237984284758568,-0.09856625646352768,0.4669977128505707,0.4357425272464752,0.46161746978759766,0.4553762674331665,0.20185823738574982,-0.0689963772892952,-0.0689963772892952,0.2045009881258011,-1.9025382995605469,-0.5994976162910461,0.0,-0.2734973654150963,-0.2734973654150963,0.23349885642528534,0.23349885642528534,0.1830894649028778,1.8781388998031616,-0.042737025767564774,0.0,0.05040939152240753,0.05040939152240753,0.2178712636232376,0.2178712636232376,0.19779036939144135,-0.392355352640152,-0.6177694797515869,0.0,0.020080894231796265,0.020080894231796265,0.3231322169303894,0.3231322169303894,0.24705299735069275,1.998136043548584,1.185398817062378,0.0,0.07607921957969666,0.07607921957969666,0.22768813371658325,0.22768813371658325,0.12945513427257538,2.000006675720215,0.12593503296375275,0.0,0.09823299944400787,0.09823299944400787,0.10092911869287491,0.10092911869287491,0.11339213699102402,-1.362859845161438,1.667157769203186,0.0,-0.012463018298149109,-0.012463018298149109
530,17.666666666666668,14,0,0,,4,uneven rough,5,0.0,53.64287567138672,32.35734558105469,0.16885867714881897,1.4619184732437134,0.4181819558143616,1.4619184732437134,0.4181819558143616,7.248063564300537,0.36376720666885376,0.02865714207291603,0.39096710085868835,0.16348445415496826,0.7309592366218567,0.2090909779071808,0.5503307580947876,0.385628879070282,0.020320788025856018,0.7290427684783936,0.3097602427005768,0.0002497918903827667,0.38523152470588684,0.38523152470588684,0.3645327687263489,0.11589917540550232,-0.8995853066444397,0.0,0.020698755979537964,0.020698755979537964,0.192814439535141,0.192814439535141,0.023358900099992752,0.8018741011619568,0.630327045917511,0.0,0.16945553943514824,0.16945553943514824,0.010160394012928009,0.010160394012928009,0.18768486380577087,-0.8586733937263489,0.8229452967643738,0.0,-0.17752446979284286,-0.17752446979284286,0.5103299021720886,0.5103299021720886,0.3888082206249237,1.759145975112915,1.3685671091079712,0.0,0.12152168154716492,0.12152168154716492,0.1548801213502884,0.1548801213502884,0.19053608179092407,-1.7261641025543213,0.47912469506263733,0.0,-0.03565596044063568,-0.03565596044063568,0.00012489594519138336,0.00012489594519138336,-0.026784749701619148,0.20211723446846008,1.292030692100525,0.0,0.02690964564681053,0.02690964564681053
530,17.666666666666668,24,0,0,,4,uneven rough,9,0.0,78.71199035644531,37.6234245300293,0.2998012900352478,1.8455642461776733,-0.010618817992508411,1.7950973510742188,-0.010618817992508411,9.316030502319336,0.0,0.0,1.009718894958496,0.19340884685516357,0.9227821230888367,-0.005309408996254206,-0.1904725879430771,0.10956219583749771,-0.05565327778458595,-0.034416623413562775,0.13128261268138885,-0.31858813762664795,-0.1333308070898056,-0.1333308070898056,0.08136008679866791,-2.000047206878662,-1.0908493995666504,0.0,-0.2146908938884735,-0.2146908938884735,0.054781097918748856,0.054781097918748856,0.13498079776763916,-1.97078537940979,0.7697497606277466,0.0,-0.0801996998488903,-0.0801996998488903,-0.027826638892292976,-0.027826638892292976,-0.08933646231889725,-0.018662620335817337,-0.6121802926063538,0.0,0.06150982342660427,0.06150982342660427,-0.024091636762022972,-0.024091636762022972,0.12226471304893494,-1.964074730873108,1.737268090248108,0.0,-0.1463563498109579,-0.1463563498109579,0.06564130634069443,0.06564130634069443,0.07883021235466003,0.9438033103942871,-0.7894195318222046,0.0,-0.013188906013965607,-0.013188906013965607,-0.15929406881332397,-0.15929406881332397,-0.060958340764045715,-0.43151137232780457,-0.1335941106081009,0.0,-0.09833572804927826,-0.09833572804927826
531,17.7,4,0,0,,4,uneven rough,5,0.0,52.90742111206055,30.561111450195312,0.30957236886024475,0.5378895998001099,0.9626379013061523,0.5378895998001099,0.9626379013061523,3.8258748054504395,0.25884389877319336,0.1666666716337204,-0.25831741094589233,0.06832174956798553,0.26894479990005493,0.48131895065307617,0.7806824445724487,-0.04887732118368149,-0.6143006086349487,0.25238773226737976,0.2323363870382309,0.4332033693790436,0.5464776754379272,0.5464776754379272,0.26284894347190857,1.6141140460968018,-1.3362390995025635,0.0,0.2836287319660187,0.2836287319660187,-0.0782037153840065,-0.0782037153840065,0.13354283571243286,-1.1499958038330078,1.0433297157287598,0.0,-0.21174655109643936,-0.21174655109643936,-0.30715030431747437,-0.30715030431747437,0.1507800966501236,0.4186702370643616,-0.4903199374675751,0.0,-0.45793040096759796,-0.45793040096759796,0.17667141556739807,0.17667141556739807,0.18879354000091553,-1.780179500579834,1.644921898841858,0.0,-0.012122124433517456,-0.012122124433517456,0.11616819351911545,0.11616819351911545,0.08835361152887344,0.27401548624038696,1.1855385303497314,0.0,0.027814581990242004,0.027814581990242004,0.2166016846895218,0.2166016846895218,0.14337953925132751,0.5172883868217468,-0.046019647270441055,0.0,0.07322214543819427,0.07322214543819427
531,17.7,14,0,0,,4,uneven rough,5,0.0,53.68707275390625,32.359519958496094,0.18255910277366638,1.464568853378296,0.4961719810962677,1.464568853378296,0.4961719810962677,7.160490989685059,1.1045432090759277,0.3333333432674408,0.5506887435913086,0.24768200516700745,0.732284426689148,0.24808599054813385,-0.029354466125369072,0.28102537989616394,0.45740556716918945,0.6358393430709839,-0.16847944259643555,0.11549992859363556,-0.020548125728964806,-0.020548125728964806,0.3166762888431549,-1.413352370262146,-0.3254285454750061,0.0,-0.3372244145721197,-0.3372244145721197,0.14051268994808197,0.14051268994808197,0.08035814017057419,2.0002002716064453,0.7273200750350952,0.0,0.06015454977750778,0.06015454977750778,0.22870278358459473,0.22870278358459473,0.22571422159671783,1.2107818126678467,-0.1278449296951294,0.0,0.002988561987876892,0.002988561987876892,0.4450875222682953,0.4450875222682953,0.45338109135627747,1.3372204303741455,1.589401125907898,0.0,-0.008293569087982178,-0.008293569087982178,-0.2695671021938324,-0.2695671021938324,0.17394717037677765,-0.851133406162262,-0.767749547958374,0.0,-0.44351427257061005,-0.44351427257061005,0.05774996429681778,0.05774996429681778,0.02789880707859993,1.631327509880066,0.6757916212081909,0.0,0.02985115721821785,0.02985115721821785
531,17.7,24,0,0,,4,uneven rough,9,0.0,78.75459289550781,37.58674621582031,0.2890005111694336,1.9399759769439697,-0.47212153673171997,1.7908189296722412,-0.47212153673171997,9.12580680847168,6.6666669845581055,0.3333333432674408,0.9165720343589783,0.22268055379390717,0.9699879884719849,-0.23606076836585999,0.6798698902130127,0.0918356403708458,0.06449370086193085,0.013536747545003891,0.22431567311286926,-0.4781697392463684,0.47590890526771545,0.47590890526771545,0.1169556975364685,1.8175245523452759,-1.60491144657135,0.0,0.35895320773124695,0.35895320773124695,0.0459178201854229,0.0459178201854229,0.07156185060739517,-1.8564438819885254,-0.7797536849975586,0.0,-0.025644030421972275,-0.025644030421972275,0.032246850430965424,0.032246850430965424,-0.03965223953127861,0.6435137987136841,-0.2766043245792389,0.0,0.07189908996224403,0.07189908996224403,0.009475722908973694,0.009475722908973694,0.05457145348191261,-1.9997048377990723,-0.35547778010368347,0.0,-0.04509573057293892,-0.04509573057293892,0.11215783655643463,0.11215783655643463,0.11600329726934433,0.04646631330251694,0.19054776430130005,0.0,-0.0038454607129096985,-0.0038454607129096985,-0.2390848696231842,-0.2390848696231842,-0.07242100685834885,0.40613314509391785,-0.3020370602607727,0.0,-0.16666386276483536,-0.16666386276483536
532,17.733333333333334,4,0,0,,4,uneven rough,5,0.0,52.946083068847656,30.548442840576172,0.3052184581756592,1.5697808265686035,0.01201710570603609,1.5697808265686035,0.01201710570603609,4.789644241333008,2.5504226684570312,0.5,-0.6384049654006958,0.06600310653448105,0.7848904132843018,0.006008552853018045,0.6088273525238037,-0.03069356456398964,0.11970441788434982,0.3756900131702423,-0.15627425909042358,-0.11109713464975357,0.4261791408061981,0.4261791408061981,0.31922540068626404,1.801151156425476,0.3318958878517151,0.0,0.10695374011993408,0.10695374011993408,-0.04910970479249954,-0.04910970479249954,0.06731244176626205,-2.000004768371582,-0.1967804729938507,0.0,-0.1164221465587616,-0.1164221465587616,0.05985220894217491,0.05985220894217491,0.08837240189313889,-1.5083367824554443,0.023624738678336143,0.0,-0.028520192950963974,-0.028520192950963974,0.2629829943180084,0.2629829943180084,0.20262953639030457,1.8158539533615112,-0.29163658618927,0.0,0.06035345792770386,0.06035345792770386,-0.25003883242607117,-0.25003883242607117,0.03241000697016716,-1.516849160194397,0.670161783695221,0.0,-0.2824488393962383,-0.2824488393962383,-0.055548567324876785,-0.055548567324876785,0.07396204769611359,-2.0090880393981934,0.2724757194519043,0.0,-0.12951061502099037,-0.12951061502099037
532,17.733333333333334,14,0,0,,4,uneven rough,5,0.0,53.724273681640625,32.38185501098633,0.19547253847122192,1.4435758590698242,0.5910943150520325,1.4435758590698242,0.5910943150520325,6.6113810539245605,0.5171720385551453,0.3333333432674408,0.5476287603378296,0.11274140328168869,0.7217879295349121,0.29554715752601624,0.07489831000566483,0.5403226613998413,0.12207579612731934,0.41944804787635803,-0.06192006170749664,-0.22733710706233978,0.05242881551384926,0.05242881551384926,0.25243079662323,-1.9654724597930908,-0.9405426383018494,0.0,-0.20000198110938072,-0.20000198110938072,0.27016133069992065,0.27016133069992065,0.1477290838956833,1.9283044338226318,1.4470088481903076,0.0,0.12243224680423737,0.12243224680423737,0.06103789806365967,0.06103789806365967,0.16678732633590698,-2.005056381225586,0.6290170550346375,0.0,-0.10574942827224731,-0.10574942827224731,0.29361364245414734,0.29361364245414734,0.4703005254268646,-0.7371731996536255,1.4468177556991577,0.0,-0.17668688297271729,-0.17668688297271729,-0.09907209873199463,-0.09907209873199463,0.11782467365264893,-1.1320953369140625,-0.8148949146270752,0.0,-0.21689677238464355,-0.21689677238464355,-0.11366855353116989,-0.11366855353116989,-0.008623918518424034,-1.4346060752868652,1.2160533666610718,0.0,-0.10504463501274586,-0.10504463501274586
532,17.733333333333334,24,0,0,,4,uneven rough,9,0.0,78.79200744628906,37.53700637817383,0.2921234667301178,1.9245984554290771,-0.9999220967292786,1.798232078552246,-0.9999220967292786,7.970405101776123,3.7787489891052246,0.5,0.40704602003097534,0.04044761508703232,0.9622992277145386,-0.4999610483646393,0.22755223512649536,0.44490671157836914,0.08649574220180511,0.16492867469787598,0.3384101688861847,0.06303226202726364,0.15928655862808228,0.15928655862808228,0.13543768227100372,0.3012220561504364,0.33013999462127686,0.0,0.023848876357078552,0.023848876357078552,0.22245335578918457,0.22245335578918457,0.13087224960327148,1.8749057054519653,-1.3885163068771362,0.0,0.09158110618591309,0.09158110618591309,0.04324787110090256,0.04324787110090256,0.025586210191249847,1.6059949398040771,0.24363210797309875,0.0,0.01766166090965271,0.01766166090965271,0.11545006930828094,0.11545006930828094,0.0785403698682785,1.9885246753692627,-1.2851266860961914,0.0,0.03690969944000244,0.03690969944000244,0.16920508444309235,0.16920508444309235,0.17707136273384094,1.3686213493347168,0.10908385366201401,0.0,-0.007866278290748596,-0.007866278290748596,0.03151613101363182,0.03151613101363182,-0.013876253738999367,2.0092666149139404,0.09836364537477493,0.0,0.04539238475263119,0.04539238475263119
533,17.766666666666666,4,0,0,,4,uneven rough,5,0.0,52.98573303222656,30.531654357910156,0.2886674404144287,0.7874273657798767,0.807557225227356,0.7874273657798767,0.807557225227356,4.8058929443359375,1.8840683698654175,0.1666666716337204,-0.47399961948394775,0.18510079383850098,0.39371368288993835,0.403778612613678,0.22956958413124084,-0.263460636138916,0.5217316746711731,0.5817301273345947,0.2611389458179474,0.05666201561689377,0.16069871187210083,0.16069871187210083,0.29057133197784424,-1.1061066389083862,1.162615418434143,0.0,-0.1298726201057434,-0.1298726201057434,-0.42153701186180115,-0.42153701186180115,0.022785477340221405,-0.737267255783081,-1.2163267135620117,0.0,-0.44432248920202255,-0.44432248920202255,0.26086583733558655,0.26086583733558655,0.143931046128273,-0.6080806851387024,-0.8425490260124207,0.0,0.11693479120731354,0.11693479120731354,0.4072110950946808,0.4072110950946808,0.27383843064308167,0.6134597659111023,0.8999423384666443,0.0,0.13337266445159912,0.13337266445159912,0.1305694729089737,0.1305694729089737,0.08811230212450027,1.936766266822815,-0.566378116607666,0.0,0.04245717078447342,0.04245717078447342,0.028331007808446884,0.028331007808446884,0.03927691653370857,-0.7495923042297363,-1.0175244808197021,0.0,-0.010945908725261688,-0.010945908725261688
533,17.766666666666666,14,0,0,,4,uneven rough,5,0.0,53.76116943359375,32.40342330932617,0.19333294034004211,1.2872947454452515,0.3467978239059448,1.2872947454452515,0.3467978239059448,4.405474662780762,1.5998996496200562,0.3333333432674408,0.6167435646057129,0.1835559904575348,0.6436473727226257,0.1733989119529724,0.6317414045333862,0.09256225824356079,0.19816996157169342,0.025542782619595528,-0.042548395693302155,-0.6812315583229065,0.44221898913383484,0.44221898913383484,0.2934950888156891,1.4783867597579956,-1.5200397968292236,0.0,0.14872390031814575,0.14872390031814575,0.046281129121780396,0.046281129121780396,0.09527157247066498,-1.580296277999878,1.7191342115402222,0.0,-0.04899044334888458,-0.04899044334888458,0.09908498078584671,0.09908498078584671,0.1084945946931839,-0.034954097121953964,-0.8602927923202515,0.0,-0.009409613907337189,-0.009409613907337189,0.017879948019981384,0.017879948019981384,0.40051862597465515,-1.796967625617981,0.21198536455631256,0.0,-0.38263867795467377,-0.38263867795467377,-0.0680774375796318,-0.0680774375796318,0.04753028228878975,-1.9407196044921875,-0.9942405819892883,0.0,-0.11560771986842155,-0.11560771986842155,-0.34061577916145325,-0.34061577916145325,-0.02851007506251335,0.48419201374053955,-0.28263425827026367,0.0,-0.3121057040989399,-0.3121057040989399
533,17.766666666666666,24,0,0,,4,uneven rough,9,0.0,78.83062744140625,37.493385314941406,0.30512669682502747,1.7452055215835571,0.3025301992893219,1.7452055215835571,0.3025301992893219,9.184694290161133,0.5362353324890137,0.1666666716337204,0.00020993749785702676,0.14218810200691223,0.8726027607917786,0.15126509964466095,-0.5340707898139954,0.6438356637954712,-0.0683862492442131,0.34113752841949463,0.10074067860841751,0.21735496819019318,-0.3738495409488678,-0.3738495409488678,0.07867474108934402,-1.999999761581421,0.3137897253036499,0.0,-0.4525242820382118,-0.4525242820382118,0.3219178318977356,0.3219178318977356,0.1866615265607834,1.9449827671051025,0.45662832260131836,0.0,0.1352563053369522,0.1352563053369522,-0.03419312462210655,-0.03419312462210655,-0.014500985853374004,-1.629009485244751,1.0139144659042358,0.0,-0.019692138768732548,-0.019692138768732548,0.23879626393318176,0.23879626393318176,0.14882104098796844,1.995715618133545,0.5658016800880432,0.0,0.08997522294521332,0.08997522294521332,0.050370339304208755,0.050370339304208755,0.126316636800766,-1.9999611377716064,0.8212286233901978,0.0,-0.07594629749655724,-0.07594629749655724,0.10867748409509659,0.10867748409509659,0.03523959964513779,1.994856595993042,1.1787916421890259,0.0,0.0734378844499588,0.0734378844499588
534,17.8,4,0,0,,4,uneven rough,5,0.0,53.03133773803711,30.51848030090332,0.28431159257888794,1.0002466440200806,-0.039136189967393875,1.0002466440200806,-0.039136189967393875,3.6495349407196045,1.8109476566314697,0.4730508029460907,-0.4899919033050537,0.08838653564453125,0.5001233220100403,-0.019568094983696938,0.603071391582489,0.46242406964302063,0.2216034084558487,0.4215641915798187,0.2062898427248001,0.3421587646007538,0.4221499562263489,0.4221499562263489,0.3376004099845886,1.7714321613311768,-0.12012407928705215,0.0,0.08454954624176025,0.08454954624176025,0.23121203482151031,0.23121203482151031,0.05723847821354866,-0.5627918243408203,-0.945465624332428,0.0,0.17397355660796165,0.17397355660796165,0.11080170422792435,0.11080170422792435,0.13009849190711975,0.010000655427575111,-0.7099801898002625,0.0,-0.019296787679195404,-0.019296787679195404,0.29509493708610535,0.29509493708610535,0.25111278891563416,-0.28877198696136475,0.7379645705223083,0.0,0.04398214817047119,0.04398214817047119,0.10314492136240005,0.10314492136240005,0.14393071830272675,-0.48459509015083313,0.8489041924476624,0.0,-0.04078579694032669,-0.04078579694032669,0.1710793823003769,0.1710793823003769,0.06727578490972519,1.4047421216964722,-0.8660351634025574,0.0,0.1038035973906517,0.1038035973906517
534,17.8,14,0,0,,4,uneven rough,5,0.0,53.794551849365234,32.42606735229492,0.19152036309242249,1.5372923612594604,-0.5223445296287537,1.5372923612594604,-0.5223445296287537,2.0868492126464844,2.0745742321014404,0.5,0.5954248905181885,0.1287756860256195,0.7686461806297302,-0.26117226481437683,0.2814936339855194,0.047358326613903046,0.42440149188041687,0.14169922471046448,0.062075771391391754,-0.6075652837753296,0.19704553484916687,0.19704553484916687,0.25202736258506775,-1.8728522062301636,0.17527596652507782,0.0,-0.05498182773590088,-0.05498182773590088,0.023679163306951523,0.023679163306951523,0.04484718665480614,-2.000101327896118,-0.14636969566345215,0.0,-0.021168023347854614,-0.021168023347854614,0.21220074594020844,0.21220074594020844,0.12598617374897003,1.3886233568191528,-0.3936448097229004,0.0,0.0862145721912384,0.0862145721912384,0.09918945282697678,0.09918945282697678,0.364311158657074,-1.4646815061569214,-0.9238802790641785,0.0,-0.2651217058300972,-0.2651217058300972,0.031037885695695877,0.031037885695695877,0.04777679219841957,0.9285825490951538,-1.529381513595581,0.0,-0.016738906502723694,-0.016738906502723694,-0.3037826418876648,-0.3037826418876648,-0.009069315157830715,0.3978661298751831,0.15093068778514862,0.0,-0.2947133267298341,-0.2947133267298341
534,17.8,24,0,0,,4,uneven rough,9,0.0,78.87660217285156,37.456321716308594,0.31337475776672363,1.8192877769470215,0.03490789234638214,1.6788125038146973,0.03490789234638214,8.674495697021484,0.0,0.0,-0.05381038039922714,0.06944428384304047,0.9096438884735107,0.01745394617319107,-0.4331110715866089,0.527212381362915,0.19920720160007477,-0.06287656724452972,-0.055301520973443985,0.08937040716409683,-0.30317774415016174,-0.30317774415016174,0.025792986154556274,-0.24245570600032806,-0.9944310188293457,0.0,-0.328970730304718,-0.328970730304718,0.2636061906814575,0.2636061906814575,0.2517334222793579,2.0802156925201416,1.2981466054916382,0.0,0.01187276840209961,0.01187276840209961,0.09960360080003738,0.09960360080003738,0.02914765663444996,2.110750436782837,-0.480399489402771,0.0,0.07045594416558743,0.07045594416558743,-0.04401359707117081,-0.04401359707117081,0.1344752460718155,-2.0395865440368652,1.3742775917053223,0.0,-0.1784888431429863,-0.1784888431429863,-0.08848243206739426,-0.08848243206739426,0.05848127603530884,-1.3320212364196777,-0.7738771438598633,0.0,-0.1469637081027031,-0.1469637081027031,0.044685203582048416,0.044685203582048416,0.0737522542476654,-1.0148937702178955,1.6401962041854858,0.0,-0.02906705066561699,-0.02906705066561699
535,17.833333333333332,4,0,0,,4,uneven rough,5,0.0,53.0733528137207,30.507877349853516,0.280927836894989,1.0843679904937744,-0.677207350730896,1.0843679904937744,-0.677207350730896,1.6629407405853271,3.1779372692108154,0.5985703468322754,-0.5582242012023926,0.17826960980892181,0.5421839952468872,-0.338603675365448,0.3448454737663269,0.013774135150015354,0.5398585796356201,0.558311939239502,0.47254279255867004,-0.15275681018829346,0.24139182269573212,0.24139182269573212,0.2866364121437073,-1.93582022190094,0.9493651986122131,0.0,-0.04524458944797516,-0.04524458944797516,0.006887067575007677,0.006887067575007677,0.042656004428863525,-0.5356820821762085,-0.7291011810302734,0.0,-0.03576893685385585,-0.03576893685385585,0.26992928981781006,0.26992928981781006,0.1647988110780716,0.7407465577125549,-0.3029017150402069,0.0,0.10513047873973846,0.10513047873973846,0.39081835746765137,0.39081835746765137,0.3188013732433319,1.9606354236602783,0.15744587779045105,0.0,0.07201698422431946,0.07201698422431946,0.23627139627933502,0.23627139627933502,0.19428886473178864,1.5482629537582397,0.09494131803512573,0.0,0.04198253154754639,0.04198253154754639,-0.07637840509414673,-0.07637840509414673,0.052095238119363785,-1.5943495035171509,0.41786637902259827,0.0,-0.1284736432135105,-0.1284736432135105
535,17.833333333333332,14,0,0,,4,uneven rough,5,0.0,53.82831573486328,32.449771881103516,0.18692272901535034,1.4353212118148804,0.3577183783054352,1.4353212118148804,0.3577183783054352,1.2243092060089111,4.111699104309082,0.5,0.46125680208206177,0.16319192945957184,0.7176606059074402,0.1788591891527176,0.8845274448394775,-0.005508255213499069,0.14659354090690613,0.050475697964429855,0.2592049539089203,-0.4745006859302521,0.6191691756248474,0.6191691756248474,0.2882656455039978,1.6490577459335327,-0.9827393889427185,0.0,0.3309035301208496,0.3309035301208496,-0.008813208900392056,-0.008813208900392056,0.013736172579228878,-0.46049150824546814,-1.1944729089736938,0.0,-0.022549381479620934,-0.022549381479620934,0.07329677045345306,0.07329677045345306,0.08679093420505524,-1.5493654012680054,0.6140528321266174,0.0,-0.013494163751602173,-0.013494163751602173,0.03533298894762993,0.03533298894762993,0.29396963119506836,-1.9905598163604736,-1.2296502590179443,0.0,-0.25863664224743843,-0.25863664224743843,0.12960247695446014,0.12960247695446014,0.10445621609687805,1.16911780834198,-0.13964423537254333,0.0,0.025146260857582092,0.025146260857582092,-0.23725034296512604,-0.23725034296512604,-0.04768533632159233,-1.225264549255371,0.2905484139919281,0.0,-0.1895650066435337,-0.1895650066435337
535,17.833333333333332,24,0,0,,4,uneven rough,9,0.0,78.9266357421875,37.42726135253906,0.30219149589538574,1.885027289390564,-0.9287803173065186,1.7548847198486328,-0.9287803173065186,9.232215881347656,1.6556819677352905,0.1666666716337204,-0.4212077558040619,0.09475484490394592,0.942513644695282,-0.4643901586532593,-0.03742010146379471,0.37858936190605164,-0.09885365515947342,-0.5617839097976685,0.16848716139793396,-0.7408459782600403,-0.026194071397185326,-0.026194071397185326,-0.03183630481362343,-1.566925048828125,-0.5692628026008606,0.0,0.005642233416438103,0.005642233416438103,0.18929468095302582,0.18929468095302582,0.21400246024131775,-1.5703352689743042,1.7403298616409302,0.0,-0.02470777928829193,-0.02470777928829193,-0.04942682757973671,-0.04942682757973671,-0.0042061046697199345,-2.0000007152557373,0.9846413135528564,0.0,-0.045220722910016775,-0.045220722910016775,-0.3932487368583679,-0.3932487368583679,0.07197172939777374,-1.999999761581421,-0.5559273362159729,0.0,-0.46522046625614166,-0.46522046625614166,0.08424358069896698,0.08424358069896698,0.051805295050144196,1.8621461391448975,-1.089452862739563,0.0,0.032438285648822784,0.032438285648822784,-0.37042298913002014,-0.37042298913002014,0.0029010854195803404,-1.9938064813613892,0.13900355994701385,0.0,-0.3733240745496005,-0.3733240745496005
536,17.866666666666667,4,0,0,,4,uneven rough,5,0.0,53.114418029785156,30.49427604675293,0.2790223956108093,0.9542088508605957,0.11161325871944427,0.9542088508605957,0.11161325871944427,4.647380828857422,2.0893266201019287,0.5,-0.05063124746084213,0.07306002080440521,0.47710442543029785,0.05580662935972214,0.7542077302932739,-0.05589304119348526,0.217433363199234,0.5576657056808472,0.06494809687137604,0.36428606510162354,0.5279453992843628,0.5279453992843628,0.31893113255500793,1.8029505014419556,-0.6819238066673279,0.0,0.20901426672935486,0.20901426672935486,-0.0894288644194603,-0.0894288644194603,-0.0232468843460083,-1.696253776550293,-0.619741678237915,0.0,-0.066181980073452,-0.066181980073452,0.108716681599617,0.108716681599617,0.11282268166542053,-1.9990791082382202,0.2871789038181305,0.0,-0.004106000065803528,-0.004106000065803528,0.39036598801612854,0.39036598801612854,0.3563961684703827,1.0825169086456299,1.176972508430481,0.0,0.03396981954574585,0.03396981954574585,0.03247404843568802,0.03247404843568802,0.13117150962352753,-1.9822686910629272,0.9166519641876221,0.0,-0.09869746118783951,-0.09869746118783951,0.18214303255081177,0.18214303255081177,0.09129603207111359,-1.144912838935852,-0.7198441028594971,0.0,0.09084700047969818,0.09084700047969818
536,17.866666666666667,14,0,0,,4,uneven rough,5,0.0,53.861572265625,32.46965408325195,0.18484672904014587,1.6047217845916748,0.41134124994277954,1.6047217845916748,0.41134124994277954,3.1604201793670654,0.6480584144592285,0.3333333432674408,0.4063960909843445,0.05185089632868767,0.8023608922958374,0.20567062497138977,0.45416706800460815,-0.19547215104103088,0.09254878014326096,0.2273794263601303,0.23500628769397736,-0.3135950565338135,0.3179169297218323,0.3179169297218323,0.3430129885673523,1.1334922313690186,0.5052834153175354,0.0,-0.02509605884552002,-0.02509605884552002,-0.31275543570518494,-0.31275543570518494,-0.035606637597084045,-1.1625840663909912,-0.7794785499572754,0.0,-0.2771487981081009,-0.2771487981081009,0.04627439007163048,0.04627439007163048,0.03540921211242676,-0.83235102891922,-0.6091477274894714,0.0,0.01086517795920372,0.01086517795920372,0.15916559100151062,0.15916559100151062,0.2309638112783432,-1.868074655532837,-1.659869909286499,0.0,-0.07179822027683258,-0.07179822027683258,0.11750314384698868,0.11750314384698868,0.11141311377286911,0.6554819941520691,0.6003322005271912,0.0,0.006090030074119568,0.006090030074119568,-0.15679752826690674,-0.15679752826690674,-0.08761101216077805,-1.2453465461730957,-0.5664949417114258,0.0,-0.06918651610612869,-0.06918651610612869
536,17.866666666666667,24,0,0,,4,uneven rough,9,0.0,78.96784973144531,37.389591217041016,0.2786833643913269,1.7758246660232544,0.05166204273700714,1.7758246660232544,0.05166204273700714,9.22529411315918,0.0,0.0,-0.3258979916572571,0.18623553216457367,0.8879123330116272,0.02583102136850357,0.6784019470214844,0.19293098151683807,0.1607014536857605,-0.18521840870380402,0.11326678097248077,-0.5370440483093262,0.4748813509941101,0.4748813509941101,0.013938468880951405,1.8136214017868042,-1.1333428621292114,0.0,0.4609428821131587,0.4609428821131587,0.09646549075841904,0.09646549075841904,0.14788497984409332,-1.9214543104171753,-0.13152611255645752,0.0,-0.051419489085674286,-0.051419489085674286,0.08035072684288025,0.08035072684288025,0.05427216365933418,1.6694815158843994,-0.7028806209564209,0.0,0.026078563183546066,0.026078563183546066,-0.12965288758277893,-0.12965288758277893,0.001531035639345646,-1.7404847145080566,-1.3724085092544556,0.0,-0.13118392322212458,-0.13118392322212458,0.05663339048624039,0.05663339048624039,0.06862939149141312,-1.4640369415283203,0.5793864727020264,0.0,-0.01199600100517273,-0.01199600100517273,-0.2685220241546631,-0.2685220241546631,-0.04814660921692848,-0.3129197359085083,-1.066891074180603,0.0,-0.2203754149377346,-0.2203754149377346
537,17.9,4,0,0,,4,uneven rough,5,0.0,53.15590286254883,30.485158920288086,0.27407658100128174,1.2531538009643555,0.06247429549694061,1.2531538009643555,0.06247429549694061,5.9578142166137695,2.721735715866089,0.3333333432674408,-0.06156015396118164,0.14716152846813202,0.6265769004821777,0.031237147748470306,-0.10001512616872787,-0.14267443120479584,0.8027728199958801,0.5931629538536072,0.0690181627869606,-0.07101445645093918,-0.07001058757305145,-0.07001058757305145,0.28106164932250977,-1.3368040323257446,0.7230285406112671,0.0,-0.3510722368955612,-0.3510722368955612,-0.22827909886837006,-0.22827909886837006,-0.08228679746389389,-2.0002217292785645,-1.2284035682678223,0.0,-0.14599230140447617,-0.14599230140447617,0.40138640999794006,0.40138640999794006,0.12233585119247437,-0.5550730228424072,-1.0054755210876465,0.0,0.2790505588054657,0.2790505588054657,0.41521406173706055,0.41521406173706055,0.41663825511932373,0.8252931237220764,1.1235671043395996,0.0,-0.0014241933822631836,-0.0014241933822631836,0.0345090813934803,0.0345090813934803,0.07241468131542206,-1.4296393394470215,-0.7224029898643494,0.0,-0.03790559992194176,-0.03790559992194176,-0.03550722822546959,-0.03550722822546959,0.05671834945678711,-0.1631702482700348,-0.9601787328720093,0.0,-0.0922255776822567,-0.0922255776822567
537,17.9,14,0,0,,4,uneven rough,5,0.0,53.895408630371094,32.489410400390625,0.1769016683101654,1.224905252456665,0.27602750062942505,1.224905252456665,0.27602750062942505,2.3482587337493896,0.6192967891693115,0.3333333432674408,0.5084494352340698,0.1291821002960205,0.6124526262283325,0.13801375031471252,0.6105459332466125,-0.3144712448120117,0.5861843824386597,0.12076859921216965,0.3189219534397125,-0.41866523027420044,0.42738214135169983,0.42738214135169983,0.405536025762558,1.9705150127410889,0.8604738116264343,0.0,0.021846115589141846,0.021846115589141846,-0.5031539797782898,-0.5031539797782898,-0.07935716956853867,-1.9431222677230835,-0.9960870742797852,0.0,-0.42379681020975113,-0.42379681020975113,0.29309219121932983,0.29309219121932983,0.07949305325746536,0.5806505084037781,-0.7353472709655762,0.0,0.21359913796186447,0.21359913796186447,0.08453802019357681,0.08453802019357681,0.16373193264007568,-1.9724347591400146,-1.777589201927185,0.0,-0.07919391244649887,-0.07919391244649887,0.15946097671985626,0.15946097671985626,0.16509759426116943,1.1822669506072998,0.6315140128135681,0.0,-0.005636617541313171,-0.005636617541313171,-0.20933261513710022,-0.20933261513710022,-0.1135764941573143,-1.152915120124817,-0.9503188729286194,0.0,-0.09575612097978592,-0.09575612097978592
537,17.9,24,0,0,,4,uneven rough,9,0.0,79.0077133178711,37.34646224975586,0.2704256474971771,1.9260613918304443,-0.15646472573280334,1.8159511089324951,-0.15646472573280334,9.636167526245117,0.7538525462150574,0.1666666716337204,-0.6488522291183472,0.028296440839767456,0.9630306959152222,-0.07823236286640167,0.4133472740650177,0.3959301710128784,-0.04036244750022888,-0.005477693863213062,0.07195823639631271,-0.19000516831874847,0.28934308886528015,0.28934308886528015,0.06989824026823044,0.1415887475013733,0.5328760147094727,0.0,0.2194448485970497,0.2194448485970497,0.1979650855064392,0.1979650855064392,0.17766517400741577,0.5704576969146729,-1.1435546875,0.0,0.020299911499023438,0.020299911499023438,-0.02018122375011444,-0.02018122375011444,0.012300021015107632,-0.3251085877418518,0.638457179069519,0.0,-0.03248124476522207,-0.03248124476522207,-0.003834385657683015,-0.003834385657683015,-0.01748516969382763,0.8827280402183533,-1.580519437789917,0.0,0.013650784036144614,0.013650784036144614,0.03597911819815636,0.03597911819815636,0.06873714923858643,1.3520581722259521,-0.5759688019752502,0.0,-0.03275803104043007,-0.03275803104043007,-0.09500258415937424,-0.09500258415937424,-0.060976412147283554,1.6078428030014038,-0.6405943036079407,0.0,-0.03402617201209068,-0.03402617201209068
538,17.933333333333334,4,0,0,,4,uneven rough,5,0.0,53.19907760620117,30.479419708251953,0.28101250529289246,0.5728145241737366,-0.10940287262201309,0.5728145241737366,-0.10940287262201309,2.9846339225769043,0.8479804992675781,0.3333333432674408,0.3282959461212158,0.09778684377670288,0.2864072620868683,-0.054701436311006546,0.04102018475532532,0.09044059365987778,0.7464817762374878,0.6052602529525757,-0.023756183683872223,0.25448140501976013,0.028714129701256752,0.028714129701256752,0.22205694019794464,-1.6599575281143188,-0.44160449504852295,0.0,-0.1933428104966879,-0.1933428104966879,0.04522029682993889,0.04522029682993889,-0.07265368849039078,0.6357099413871765,-1.6647909879684448,0.0,0.11787398532032967,0.11787398532032967,0.3732408881187439,0.3732408881187439,0.16655969619750977,1.7306135892868042,-0.7508171200752258,0.0,0.20668119192123413,0.20668119192123413,0.42368218302726746,0.42368218302726746,0.4431765377521515,0.42916467785835266,0.9549224972724915,0.0,-0.019494354724884033,-0.019494354724884033,-0.0380098931491375,-0.0380098931491375,0.04476071149110794,-2.0001235008239746,-1.122275710105896,0.0,-0.08277060464024544,-0.08277060464024544,0.12724070250988007,0.12724070250988007,0.07476940751075745,1.4598196744918823,-0.5095487236976624,0.0,0.05247129499912262,0.05247129499912262
538,17.933333333333334,14,0,0,,4,uneven rough,5,0.0,53.925872802734375,32.51015853881836,0.1657068133354187,1.1542563438415527,0.007498847786337137,1.1542563438415527,0.007498847786337137,1.9121747016906738,2.264878749847412,0.3333333432674408,0.527315080165863,0.08508168905973434,0.5771281719207764,0.0037494238931685686,0.6149333715438843,-0.17487125098705292,0.7321807146072388,0.12928640842437744,0.5919758081436157,-0.33365583419799805,0.430453360080719,0.430453360080719,0.44372105598449707,0.06906159222126007,1.4880931377410889,0.0,-0.013267695903778076,-0.013267695903778076,-0.27979400753974915,-0.27979400753974915,-0.142827570438385,-1.965834140777588,-1.531542420387268,0.0,-0.13696643710136414,-0.13696643710136414,0.3660903573036194,0.3660903573036194,0.13475757837295532,1.576269507408142,0.008720223791897297,0.0,0.23133277893066406,0.23133277893066406,0.09050048142671585,0.09050048142671585,0.10158542543649673,-1.2687304019927979,-1.8877551555633545,0.0,-0.011084944009780884,-0.011084944009780884,0.29598790407180786,0.29598790407180786,0.23063969612121582,1.8804007768630981,0.9429107308387756,0.0,0.06534820795059204,0.06534820795059204,-0.16682791709899902,-0.16682791709899902,-0.12723946571350098,-0.8840733170509338,-1.0648671388626099,0.0,-0.03958845138549805,-0.03958845138549805
538,17.933333333333334,24,0,0,,4,uneven rough,9,0.0,79.05081939697266,37.310821533203125,0.26923155784606934,1.8766485452651978,-0.9696534872055054,1.706376314163208,-0.9696534872055054,8.375066757202148,8.452083587646484,0.5,-0.5248303413391113,0.1455860733985901,0.9383242726325989,-0.4848267436027527,-0.37257230281829834,0.25599172711372375,-0.6464738845825195,0.41463983058929443,0.5746079087257385,0.5138934254646301,-0.2608006000518799,-0.2608006000518799,0.010644392110407352,-1.669776201248169,0.31164148449897766,0.0,-0.27144499216228724,-0.27144499216228724,0.12799586355686188,0.12799586355686188,0.14540699124336243,-0.544460654258728,-0.17444899678230286,0.0,-0.01741112768650055,-0.01741112768650055,-0.32323694229125977,-0.32323694229125977,-0.016912102699279785,-0.3332119286060333,0.09365537017583847,0.0,-0.30632483959198,-0.30632483959198,0.2902478873729706,0.2902478873729706,0.038719017058610916,1.4650858640670776,-0.18779487907886505,0.0,0.25152887031435966,0.25152887031435966,0.28730395436286926,0.28730395436286926,0.10250268876552582,0.4248993992805481,0.5141410827636719,0.0,0.18480126559734344,0.18480126559734344,0.25694671273231506,0.25694671273231506,0.0004133778566028923,1.7034326791763306,0.6306760907173157,0.0,0.25653333487571217,0.25653333487571217
539,17.966666666666665,4,0,0,,4,uneven rough,5,0.0,53.24750900268555,30.48413848876953,0.2914692461490631,0.8649588227272034,0.6059520840644836,0.8649588227272034,0.6059520840644836,4.550077438354492,3.1921327114105225,0.3333333432674408,0.3357420861721039,0.1095898374915123,0.4324794113636017,0.3029760420322418,0.16537052392959595,0.5572191476821899,0.6876795291900635,0.04333001747727394,-0.05968033894896507,-0.41173824667930603,0.11575936526060104,0.11575936526060104,0.16749908030033112,-1.9980283975601196,-1.1304634809494019,0.0,-0.05173971503973007,-0.05173971503973007,0.27860957384109497,0.27860957384109497,-0.04084767773747444,0.15745392441749573,-0.3640836179256439,0.0,0.3194572515785694,0.3194572515785694,0.34383976459503174,0.34383976459503174,0.21156272292137146,1.344000220298767,0.652188241481781,0.0,0.13227704167366028,0.13227704167366028,0.03033101186156273,0.03033101186156273,0.396744966506958,-1.7734628915786743,0.657658040523529,0.0,-0.3664139546453953,-0.3664139546453953,-0.095488540828228,-0.095488540828228,-0.009343927726149559,-1.9996616840362549,-1.6186124086380005,0.0,-0.08614461310207844,-0.08614461310207844,-0.20586912333965302,-0.20586912333965302,0.05384824052453041,-0.32422471046447754,0.603935718536377,0.0,-0.2597173638641834,-0.2597173638641834
539,17.966666666666665,14,0,0,,4,uneven rough,5,0.0,53.962379455566406,32.52182388305664,0.16284319758415222,1.2318716049194336,0.851101279258728,1.2318716049194336,0.851101279258728,1.4283689260482788,1.1510131359100342,0.45935434103012085,0.528976321220398,0.15665572881698608,0.6159358024597168,0.425550639629364,0.8731158971786499,-0.020960751920938492,0.4761865735054016,0.34521907567977905,0.4138287305831909,0.08464228361845016,0.6111811399459839,0.6111811399459839,0.49333125352859497,1.991820216178894,0.6857701539993286,0.0,0.11784988641738892,0.11784988641738892,-0.033537205308675766,-0.033537205308675766,-0.10182374715805054,2.00003981590271,-1.7770917415618896,0.0,0.06828654184937477,0.06828654184937477,0.2380932867527008,0.2380932867527008,0.19132505357265472,1.2990423440933228,0.8950154185295105,0.0,0.04676823318004608,0.04676823318004608,0.24165335297584534,0.24165335297584534,0.10812555253505707,1.9594999551773071,-1.5377575159072876,0.0,0.13352780044078827,0.13352780044078827,0.20691436529159546,0.20691436529159546,0.27349376678466797,-0.8050833940505981,1.4729692935943604,0.0,-0.06657940149307251,-0.06657940149307251,0.04232114180922508,0.04232114180922508,-0.07185295224189758,2.0000557899475098,-0.9626460075378418,0.0,0.11417409405112267,0.11417409405112267
539,17.966666666666665,24,0,0,,4,uneven rough,9,0.0,79.09712219238281,37.280609130859375,0.2716018557548523,1.8296093940734863,0.8758642673492432,1.77189302444458,0.8758642673492432,9.315385818481445,3.3640010356903076,0.3333333432674408,-0.38048720359802246,0.16976892948150635,0.9148046970367432,0.4379321336746216,0.0491858534514904,-0.011694248765707016,-0.10510856658220291,-0.16070698201656342,0.19663269817829132,0.349511057138443,0.03443009778857231,0.03443009778857231,0.032096587121486664,0.7699597477912903,-0.8086556196212769,0.0,0.0023335106670856476,0.0023335106670856476,-0.018710797652602196,-0.018710797652602196,0.08245076984167099,-1.9448275566101074,-0.38365426659584045,0.0,-0.10116156749427319,-0.10116156749427319,-0.052554283291101456,-0.052554283291101456,-0.029399719089269638,-0.8272565603256226,-0.14769616723060608,0.0,-0.023154564201831818,-0.023154564201831818,-0.11249488592147827,-0.11249488592147827,-0.01803489774465561,-1.943123698234558,0.746746838092804,0.0,-0.09445998817682266,-0.09445998817682266,0.09831634908914566,0.09831634908914566,0.08722218126058578,0.3947657346725464,0.4636836647987366,0.0,0.011094167828559875,0.011094167828559875,0.1747555285692215,0.1747555285692215,0.06332096457481384,1.8708207607269287,1.2372145652770996,0.0,0.11143456399440765,0.11143456399440765
540,18.0,4,0,0,,4,uneven rough,5,0.0,53.30260467529297,30.48516082763672,0.3013145625591278,1.250646710395813,0.24886193871498108,1.250646710395813,0.24886193871498108,3.871534824371338,4.221773147583008,0.3333333432674408,0.7630535364151001,0.18543148040771484,0.6253233551979065,0.12443096935749054,0.6853135824203491,0.30114853382110596,0.5907357931137085,-0.019774839282035828,-0.12185589224100113,-0.736970067024231,0.47971948981285095,0.47971948981285095,0.21031054854393005,1.9623332023620605,-1.6209862232208252,0.0,0.2694089412689209,0.2694089412689209,0.15057426691055298,0.15057426691055298,0.020018698647618294,1.3055245876312256,-0.06920535117387772,0.0,0.13055556826293468,0.13055556826293468,0.29536789655685425,0.29536789655685425,0.24019591510295868,0.5842349529266357,1.0433399677276611,0.0,0.05517198145389557,0.05517198145389557,-0.01384238712489605,-0.01384238712489605,0.3257952034473419,-1.8270474672317505,-0.7169020771980286,0.0,-0.33963759057223797,-0.33963759057223797,-0.19496943056583405,-0.19496943056583405,-0.047979116439819336,-1.4823681116104126,-1.8340582847595215,0.0,-0.1469903141260147,-0.1469903141260147,-0.3684850335121155,-0.3684850335121155,0.021843623369932175,-0.5664579272270203,0.07915215194225311,0.0,-0.39032865688204765,-0.39032865688204765
540,18.0,14,0,0,,4,uneven rough,5,0.0,53.994544982910156,32.532161712646484,0.17126521468162537,1.2119274139404297,0.2872457802295685,1.2119274139404297,0.2872457802295685,1.1767972707748413,0.7487726211547852,0.1666666716337204,0.458299845457077,0.21162188053131104,0.6059637069702148,0.14362289011478424,-0.4894927144050598,0.5124285221099854,0.5026494264602661,0.7053033709526062,0.28775233030319214,-0.11057496070861816,-0.34264490008354187,-0.34264490008354187,0.4733090102672577,-1.2977632284164429,1.424213171005249,0.0,-0.8159539103507996,-0.8159539103507996,0.2562142610549927,0.2562142610549927,-0.054508909583091736,1.3210406303405762,0.3585052192211151,0.0,0.3107231706380844,0.3107231706380844,0.25132471323013306,0.25132471323013306,0.22017118334770203,0.11778420209884644,1.1234530210494995,0.0,0.03115352988243103,0.03115352988243103,0.4937123656272888,0.4937123656272888,0.17894123494625092,1.7378519773483276,0.4395981431007385,0.0,0.3147711306810379,0.3147711306810379,0.14387616515159607,0.14387616515159607,0.21944132447242737,-1.9396164417266846,0.18495424091815948,0.0,-0.0755651593208313,-0.0755651593208313,-0.05528748035430908,-0.05528748035430908,-0.018624430522322655,0.922493040561676,0.7124708890914917,0.0,-0.03666304983198643,-0.03666304983198643
540,18.0,24,0,0,,4,uneven rough,9,0.0,79.14324951171875,37.24675750732422,0.26882776618003845,1.8496723175048828,-0.1849236637353897,1.8496723175048828,-0.1849236637353897,9.739446640014648,0.4789749085903168,0.06960311532020569,-0.32886818051338196,0.2171180546283722,0.9248361587524414,-0.09246183186769485,0.5305794477462769,0.040988411754369736,-0.16443632543087006,-0.17717263102531433,0.30005714297294617,-0.3583560585975647,0.37140560150146484,0.37140560150146484,0.09813996404409409,1.8667445182800293,0.08389633893966675,0.0,0.27326563745737076,0.27326563745737076,0.020494205877184868,0.020494205877184868,0.03619295358657837,-1.2861948013305664,-1.266344428062439,0.0,-0.0156987477093935,-0.0156987477093935,-0.08221816271543503,-0.08221816271543503,-0.06126994639635086,-0.160221666097641,-0.531920850276947,0.0,-0.020948216319084167,-0.020948216319084167,-0.12402083724737167,-0.12402083724737167,-0.0835813656449318,-1.9620028734207153,-0.7741107940673828,0.0,-0.04043947160243988,-0.04043947160243988,0.15002857148647308,0.15002857148647308,0.1264650672674179,1.5739606618881226,0.42471733689308167,0.0,0.023563504219055176,0.023563504219055176,-0.17917802929878235,-0.17917802929878235,0.07032182812690735,0.3443053364753723,1.595456600189209,0.0,-0.2494998574256897,-0.2494998574256897
541,18.03333333333333,4,0,0,,4,uneven rough,5,0.0,53.36186981201172,30.484052658081055,0.29689329862594604,1.2682721614837646,-0.4333253502845764,1.2682721614837646,-0.4333253502845764,1.7330560684204102,1.276163935661316,0.3333333432674408,0.8591996431350708,0.12528999149799347,0.6341360807418823,-0.2166626751422882,0.3973968029022217,0.25669658184051514,0.18126098811626434,0.0842818170785904,0.30328407883644104,-0.6843423843383789,0.27817776799201965,0.27817776799201965,0.27516254782676697,1.6765646934509277,0.40502896904945374,0.0,0.0030152201652526855,0.0030152201652526855,0.12834829092025757,0.12834829092025757,0.08637836575508118,1.8250353336334229,0.7080694437026978,0.0,0.04196992516517639,0.04196992516517639,0.09063049405813217,0.09063049405813217,0.1770123839378357,-2.000002861022949,0.783761203289032,0.0,-0.08638188987970352,-0.08638188987970352,0.058997269719839096,0.058997269719839096,0.2608870267868042,-1.864153504371643,-1.3445802927017212,0.0,-0.2018897570669651,-0.2018897570669651,0.15164203941822052,0.15164203941822052,-0.0013435736764222383,2.003619909286499,-1.6352120637893677,0.0,0.15298561309464276,0.15298561309464276,-0.34217119216918945,-0.34217119216918945,-0.034245070070028305,-0.9315353631973267,-0.28587695956230164,0.0,-0.30792612209916115,-0.30792612209916115
541,18.03333333333333,14,0,0,,4,uneven rough,5,0.0,54.01936721801758,32.55319595336914,0.17917285859584808,1.0790101289749146,0.26939481496810913,1.0790101289749146,0.26939481496810913,3.850555419921875,0.9810367822647095,0.3333333432674408,0.48126086592674255,0.08545194566249847,0.5395050644874573,0.13469740748405457,0.10148661583662033,0.2521374821662903,0.3921715319156647,0.6636987924575806,0.06674595922231674,-0.14841170608997345,0.07104063034057617,0.07104063034057617,0.4119083881378174,-1.9993195533752441,-0.11479715257883072,0.0,-0.3408677577972412,-0.3408677577972412,0.12606874108314514,0.12606874108314514,0.012695493176579475,2.0001325607299805,0.9027244448661804,0.0,0.11337324790656567,0.11337324790656567,0.19608576595783234,0.19608576595783234,0.16380900144577026,-1.2585651874542236,0.5548460483551025,0.0,0.03227676451206207,0.03227676451206207,0.4645891487598419,0.4645891487598419,0.2478044033050537,1.7702229022979736,1.1736332178115845,0.0,0.2167847454547882,0.2167847454547882,0.03337297961115837,0.03337297961115837,0.16731056571006775,-0.88091641664505,-1.0162818431854248,0.0,-0.13393758609890938,-0.13393758609890938,-0.07420585304498672,-0.07420585304498672,-0.04388114809989929,-0.28902092576026917,0.8312177658081055,0.0,-0.030324704945087433,-0.030324704945087433
541,18.03333333333333,24,0,0,,4,uneven rough,9,0.0,79.18995666503906,37.21427536010742,0.26616209745407104,1.8972432613372803,-0.8691977858543396,1.7749465703964233,-0.8691977858543396,8.847649574279785,4.625024318695068,0.5,-0.20694994926452637,0.18383610248565674,0.9486216306686401,-0.4345988929271698,0.4123985469341278,-0.04515184834599495,-0.0006849205819889903,-0.15026116371154785,0.21853534877300262,-0.3579224646091461,0.28867897391319275,0.28867897391319275,0.1632065773010254,1.7980073690414429,1.0919219255447388,0.0,0.12547239661216736,0.12547239661216736,-0.07224296033382416,-0.07224296033382416,-0.03010706417262554,-1.9937355518341064,-1.2775678634643555,0.0,-0.042135896161198616,-0.042135896161198616,-0.00034246029099449515,-0.00034246029099449515,-0.018882237374782562,1.6532940864562988,-0.32176145911216736,0.0,0.018539777083788067,0.018539777083788067,-0.10518281161785126,-0.10518281161785126,-0.11908315122127533,0.09084343165159225,-1.4457471370697021,0.0,0.013900339603424072,0.013900339603424072,0.10926767438650131,0.10926767438650131,0.12073000520467758,-0.6840256452560425,1.074501633644104,0.0,-0.01146233081817627,-0.01146233081817627,-0.17896123230457306,-0.17896123230457306,0.03545043244957924,-1.125653862953186,0.8880534172058105,0.0,-0.2144116647541523,-0.2144116647541523
542,18.066666666666666,4,0,0,,4,uneven rough,5,0.0,53.417850494384766,30.47861671447754,0.2777048647403717,0.22440704703330994,0.5754532814025879,0.22440704703330994,0.5754532814025879,1.92011296749115,0.5905660390853882,0.1666666716337204,1.11257004737854,0.13277803361415863,0.11220352351665497,0.28772664070129395,0.7074291706085205,0.17580658197402954,0.21553872525691986,0.41806191205978394,0.47185632586479187,-0.4663686454296112,0.49520042538642883,0.49520042538642883,0.33409884572029114,0.9045498371124268,1.1239575147628784,0.0,0.1611015796661377,0.1611015796661377,0.08790329098701477,0.08790329098701477,0.10116738080978394,-0.7146749496459961,1.3396039009094238,0.0,-0.013264089822769165,-0.013264089822769165,0.10776936262845993,0.10776936262845993,0.11193189024925232,-2.182870626449585,-0.7901840209960938,0.0,-0.004162527620792389,-0.004162527620792389,0.29264333844184875,0.29264333844184875,0.2528367340564728,1.4288889169692993,-1.6383479833602905,0.0,0.03980660438537598,0.03980660438537598,0.23592816293239594,0.23592816293239594,0.054988760501146317,2.253528594970703,0.4221900701522827,0.0,0.18093940243124962,0.18093940243124962,-0.2331843227148056,-0.2331843227148056,-0.09284374862909317,-0.4872211217880249,-0.6509333848953247,0.0,-0.14034057408571243,-0.14034057408571243
542,18.066666666666666,14,0,0,,4,uneven rough,5,0.0,54.04521942138672,32.56928634643555,0.17992177605628967,1.2526330947875977,0.2940123677253723,1.2526330947875977,0.2940123677253723,6.371694087982178,3.407496213912964,0.3333333432674408,0.4503251016139984,0.11411702632904053,0.6263165473937988,0.14700618386268616,0.5500560998916626,-0.14990079402923584,0.17548036575317383,0.6587669849395752,0.4071856439113617,-0.0818646028637886,0.3850392699241638,0.3850392699241638,0.35552021861076355,-0.8029082417488098,-1.180309534072876,0.0,0.02951905131340027,0.02951905131340027,-0.2398412674665451,-0.2398412674665451,-0.013030782341957092,0.5963241457939148,1.5232009887695312,0.0,-0.226810485124588,-0.226810485124588,0.08774018287658691,0.08774018287658691,0.11040786653757095,-1.647403597831726,-0.470459908246994,0.0,-0.02266768366098404,-0.02266768366098404,0.4611368775367737,0.4611368775367737,0.305774986743927,1.478348970413208,1.5109460353851318,0.0,0.15536189079284668,0.15536189079284668,0.20359282195568085,0.20359282195568085,0.14862126111984253,2.0001566410064697,-0.9397459626197815,0.0,0.05497156083583832,0.05497156083583832,-0.0409323014318943,-0.0409323014318943,-0.0013084558304399252,0.6774638295173645,0.19783280789852142,0.0,-0.03962384560145438,-0.03962384560145438
542,18.066666666666666,24,0,0,,4,uneven rough,9,0.0,79.24304962158203,37.18492889404297,0.2637158930301666,1.889267921447754,-0.73947674036026,1.7961399555206299,-0.73947674036026,9.423377990722656,0.7410457134246826,0.1666666716337204,-0.014759215526282787,0.3176161050796509,0.944633960723877,-0.36973837018013,0.00579976849257946,0.05187731236219406,0.10252776741981506,0.007725055329501629,0.30010920763015747,-0.12184853106737137,0.00405983766540885,0.00405983766540885,0.11053607612848282,-1.9964401721954346,1.4911439418792725,0.0,-0.10647623846307397,-0.10647623846307397,0.02593865618109703,0.02593865618109703,0.009988128207623959,0.5945812463760376,-1.682490348815918,0.0,0.015950527973473072,0.015950527973473072,0.05126388370990753,0.05126388370990753,0.03855554386973381,0.9447664022445679,0.7949385046958923,0.0,0.012708339840173721,0.012708339840173721,0.00540753873065114,0.00540753873065114,-0.0505903922021389,2.000948667526245,-0.576956033706665,0.0,0.05599793093279004,0.05599793093279004,0.15005460381507874,0.15005460381507874,0.16233278810977936,0.09532777965068817,0.08022716641426086,0.0,-0.012278184294700623,-0.012278184294700623,-0.060924265533685684,-0.060924265533685684,-0.018174871802330017,-1.7590938806533813,-0.25050029158592224,0.0,-0.04274939373135567,-0.04274939373135567
543,18.1,4,0,0,,4,uneven rough,5,0.0,53.468360900878906,30.47580337524414,0.2733997702598572,1.0785560607910156,0.4985297918319702,1.0785560607910156,0.4985297918319702,1.4706367254257202,1.8692007064819336,0.3333333432674408,1.0208301544189453,0.23289072513580322,0.5392780303955078,0.2492648959159851,0.3732316493988037,0.15657804906368256,0.4031537175178528,0.6177055239677429,0.336559534072876,0.2396814525127411,0.2612621486186981,0.2612621486186981,0.28797563910484314,-1.981940507888794,0.9999040365219116,0.0,-0.02671349048614502,-0.02671349048614502,0.07828902453184128,0.07828902453184128,0.1335054337978363,1.0412980318069458,0.17811094224452972,0.0,-0.055216409265995026,-0.055216409265995026,0.2015768587589264,0.2015768587589264,0.13209028542041779,1.7977021932601929,-1.5776115655899048,0.0,0.0694865733385086,0.0694865733385086,0.4323938488960266,0.4323938488960266,0.31868407130241394,1.6876407861709595,0.09587327390909195,0.0,0.11370977759361267,0.11370977759361267,0.168279767036438,0.168279767036438,0.10270427167415619,0.7870790362358093,1.4576321840286255,0.0,0.0655754953622818,0.0655754953622818,0.11984072625637054,0.11984072625637054,-0.04291488975286484,0.841821551322937,-0.5583701729774475,0.0,0.16275561600923538,0.16275561600923538
543,18.1,14,0,0,,4,uneven rough,5,0.0,54.0731086730957,32.58606719970703,0.18631261587142944,1.326507806777954,1.269121527671814,1.326507806777954,1.269121527671814,7.407186031341553,5.3708038330078125,0.3333333432674408,0.18698188662528992,0.04214445874094963,0.663253903388977,0.634560763835907,0.4256877899169922,0.22243466973304749,0.05647449567914009,0.6671411991119385,0.21787194907665253,0.26289334893226624,0.2979814410209656,0.2979814410209656,0.3019106388092041,-1.339755892753601,-0.9669262170791626,0.0,-0.003929197788238525,-0.003929197788238525,0.11121733486652374,0.11121733486652374,0.049434006214141846,2.000001907348633,0.999143123626709,0.0,0.0617833286523819,0.0617833286523819,0.028237247839570045,0.028237247839570045,0.04408496618270874,-1.9463356733322144,-1.1359059810638428,0.0,-0.015847718343138695,-0.015847718343138695,0.4669988453388214,0.4669988453388214,0.3740140199661255,1.9395676851272583,1.4925155639648438,0.0,0.09298482537269592,0.09298482537269592,0.10893597453832626,0.10893597453832626,0.1342926025390625,-1.9868333339691162,0.7224802374839783,0.0,-0.025356628000736237,-0.025356628000736237,0.13144667446613312,0.13144667446613312,0.06190308555960655,2.000004291534424,0.46901705861091614,0.0,0.06954358890652657,0.06954358890652657
543,18.1,24,0,0,,4,uneven rough,9,0.0,79.29810333251953,37.1599006652832,0.2651737332344055,1.9193307161331177,-0.47034984827041626,1.8632420301437378,-0.47034984827041626,9.377738952636719,0.052430808544158936,0.1666666716337204,-0.02514129877090454,0.32494044303894043,0.9596653580665588,-0.23517492413520813,0.07366947084665298,0.44917264580726624,-0.40951913595199585,0.12611979246139526,0.13080914318561554,0.3448968231678009,0.05156862735748291,0.05156862735748291,0.046214643865823746,-1.5792176723480225,-0.4807423949241638,0.0,0.005353983491659164,0.005353983491659164,0.22458632290363312,0.22458632290363312,0.06304577738046646,1.9535590410232544,-0.39503002166748047,0.0,0.16154054552316666,0.16154054552316666,-0.20475956797599792,-0.20475956797599792,-0.018197497352957726,-1.9999845027923584,0.8796514868736267,0.0,-0.1865620706230402,-0.1865620706230402,0.08828385174274445,0.08828385174274445,0.014504391700029373,1.9293811321258545,0.8805959224700928,0.0,0.07377946004271507,0.07377946004271507,0.06540457159280777,0.06540457159280777,0.11127499490976334,-2.0000007152557373,0.08876507729291916,0.0,-0.045870423316955566,-0.045870423316955566,0.17244841158390045,0.17244841158390045,0.02622651308774948,1.9873205423355103,-1.1034618616104126,0.0,0.14622189849615097,0.14622189849615097
544,18.133333333333333,4,0,0,,4,uneven rough,5,0.0,53.51460266113281,30.476686477661133,0.27767544984817505,1.5239125490188599,0.9215444326400757,1.5239125490188599,0.9215444326400757,6.450647354125977,5.368072509765625,0.6666666865348816,0.6705554723739624,0.08210532367229462,0.7619562745094299,0.46077221632003784,0.706454873085022,0.14150984585285187,-0.29634445905685425,0.32737091183662415,0.0577755831182003,0.1498623639345169,0.4945183992385864,0.4945183992385864,0.34124213457107544,1.78780198097229,-0.686036229133606,0.0,0.153276264667511,0.153276264667511,0.07075492292642593,0.07075492292642593,0.07631433755159378,-1.1410775184631348,0.6661584973335266,0.0,-0.005559414625167847,-0.005559414625167847,-0.14817222952842712,-0.14817222952842712,0.08500565588474274,-0.6786640882492065,0.33079686760902405,0.0,-0.23317788541316986,-0.23317788541316986,0.2291596382856369,0.2291596382856369,0.2576123774051666,-1.9979710578918457,0.9958614706993103,0.0,-0.028452739119529724,-0.028452739119529724,0.02888779155910015,0.02888779155910015,0.03584146872162819,-1.5527772903442383,1.0785002708435059,0.0,-0.006953677162528038,-0.006953677162528038,0.07493118196725845,0.07493118196725845,0.005276515614241362,1.6576521396636963,0.23330073058605194,0.0,0.06965466635301709,0.06965466635301709
544,18.133333333333333,14,0,0,,4,uneven rough,5,0.0,54.10114669799805,32.60517120361328,0.19004367291927338,1.381549596786499,0.5931614637374878,1.381549596786499,0.5931614637374878,6.887635707855225,0.0,0.0,0.16368544101715088,0.08758115768432617,0.6907747983932495,0.2965807318687439,0.09520376473665237,0.3876769542694092,0.4204975962638855,0.613052487373352,-0.075613833963871,-0.143693208694458,0.0666426345705986,0.0666426345705986,0.2400670200586319,-1.650088906288147,-1.177724838256836,0.0,-0.1734243854880333,-0.1734243854880333,0.1938384771347046,0.1938384771347046,0.11779070645570755,1.996042013168335,1.5650304555892944,0.0,0.07604777067899704,0.07604777067899704,0.21024879813194275,0.21024879813194275,0.06235816702246666,-1.3275090456008911,-1.594124436378479,0.0,0.1478906311094761,0.1478906311094761,0.429136723279953,0.429136723279953,0.4427262246608734,1.693645715713501,1.7452796697616577,0.0,-0.01358950138092041,-0.01358950138092041,-0.12098213285207748,-0.12098213285207748,0.08644130825996399,-0.6096356511116028,-0.8093705177307129,0.0,-0.20742344111204147,-0.20742344111204147,-0.071846604347229,-0.071846604347229,0.05486257001757622,-0.577058732509613,1.3346400260925293,0.0,-0.12670917436480522,-0.12670917436480522
544,18.133333333333333,24,0,0,,4,uneven rough,9,0.0,79.35820007324219,37.13902282714844,0.25127190351486206,1.8141508102416992,-0.11821267008781433,1.8141508102416992,-0.11821267008781433,9.52446174621582,0.0,0.0,-0.39442116022109985,0.3886851668357849,0.9070754051208496,-0.059106335043907166,-0.17633205652236938,0.28767216205596924,-0.2690674662590027,-0.14495103061199188,0.30086401104927063,0.08792845904827118,-0.12343243509531021,-0.12343243509531021,-0.020159101113677025,-1.9709962606430054,-1.1018222570419312,0.0,-0.10327333398163319,-0.10327333398163319,0.14383608102798462,0.14383608102798462,0.13001708686351776,2.000013589859009,0.9328664541244507,0.0,0.013818994164466858,0.013818994164466858,-0.13453373312950134,-0.13453373312950134,-0.0858677327632904,-2.000042200088501,-0.748499870300293,0.0,-0.04866600036621094,-0.04866600036621094,-0.10146571695804596,-0.10146571695804596,-0.00012097653234377503,-1.8924434185028076,1.4735809564590454,0.0,-0.10134474042570218,-0.10134474042570218,0.15043200552463531,0.15043200552463531,0.12852773070335388,0.7874696254730225,-1.0922268629074097,0.0,0.021904274821281433,0.021904274821281433,0.04396422952413559,0.04396422952413559,0.028544235974550247,-0.49099311232566833,0.6440720558166504,0.0,0.015419993549585342,0.015419993549585342
545,18.166666666666668,4,0,0,,4,uneven rough,5,0.0,53.563331604003906,30.484859466552734,0.2780598998069763,1.4924731254577637,-0.614217221736908,1.4924731254577637,-0.614217221736908,2.4866108894348145,5.036453723907471,0.5,0.8098725080490112,0.03995690867304802,0.7462365627288818,-0.307108610868454,0.17106850445270538,0.21468625962734222,0.43153420090675354,0.0970170646905899,0.20354698598384857,-0.24277248978614807,0.11974795162677765,0.11974795162677765,0.32092034816741943,-1.7118104696273804,0.7126763463020325,0.0,-0.20117239654064178,-0.20117239654064178,0.10734312981367111,0.10734312981367111,0.13017404079437256,0.49716299772262573,-0.3556559681892395,0.0,-0.022830910980701447,-0.022830910980701447,0.21576710045337677,0.21576710045337677,0.138600155711174,1.985382080078125,-0.2399541735649109,0.0,0.07716694474220276,0.07716694474220276,0.06791194528341293,0.06791194528341293,0.20205384492874146,-1.950636625289917,-0.6968567967414856,0.0,-0.13414189964532852,-0.13414189964532852,0.10177349299192429,0.10177349299192429,0.07729452848434448,0.30367380380630493,-0.40922877192497253,0.0,0.024478964507579803,0.024478964507579803,-0.12138624489307404,-0.12138624489307404,-0.049413956701755524,-1.9437758922576904,1.038631558418274,0.0,-0.07197228819131851,-0.07197228819131851
545,18.166666666666668,14,0,0,,4,uneven rough,5,0.0,54.12745666503906,32.62991714477539,0.18783193826675415,1.1544338464736938,1.3345165252685547,1.1544338464736938,1.3345165252685547,6.639367580413818,1.6475633382797241,0.3333333432674408,0.11174684762954712,0.050849549472332,0.5772169232368469,0.6672582626342773,0.21718686819076538,0.19475458562374115,-0.06728540360927582,0.6592223644256592,0.1652487963438034,-0.13115914165973663,0.152030810713768,0.152030810713768,0.17576317489147186,-1.4654018878936768,-1.4448003768920898,0.0,-0.023732364177703857,-0.023732364177703857,0.09737729281187057,0.09737729281187057,0.12701967358589172,-0.22175870835781097,1.8087252378463745,0.0,-0.02964238077402115,-0.02964238077402115,-0.03364270180463791,-0.03364270180463791,0.0003311619511805475,-1.8099762201309204,-1.4433796405792236,0.0,-0.033973863755818456,-0.033973863755818456,0.46145564317703247,0.46145564317703247,0.4944516122341156,0.5656142830848694,1.71608567237854,0.0,-0.03299596905708313,-0.03299596905708313,0.0826243981719017,0.0826243981719017,0.06526097655296326,-0.11042313277721405,-0.6964400410652161,0.0,0.017363421618938446,0.017363421618938446,-0.06557957082986832,-0.06557957082986832,0.021206071600317955,-1.053418755531311,0.2537621259689331,0.0,-0.08678564243018627,-0.08678564243018627
545,18.166666666666668,24,0,0,,4,uneven rough,9,0.0,79.41172790527344,37.11307144165039,0.23017649352550507,1.9129879474639893,-0.6377694606781006,1.8772825002670288,-0.6377694606781006,9.704986572265625,2.886235237121582,0.1666666716337204,-0.2548137605190277,0.3925326466560364,0.9564939737319946,-0.3188847303390503,0.07266269624233246,-0.041018255054950714,-0.3462338149547577,-0.34015652537345886,0.3811038136482239,-0.2683384120464325,0.05086388811469078,0.05086388811469078,0.004258661065250635,1.8924925327301025,-1.593254804611206,0.0,0.046605227049440145,0.046605227049440145,-0.06562920659780502,-0.06562920659780502,0.10198351740837097,0.8085047602653503,1.5362333059310913,0.0,-0.167612724006176,-0.167612724006176,-0.17311690747737885,-0.17311690747737885,-0.11050207912921906,0.4460597038269043,-1.456124186515808,0.0,-0.06261482834815979,-0.06261482834815979,-0.2381095588207245,-0.2381095588207245,-0.07020073384046555,-1.7562837600708008,-0.42957523465156555,0.0,-0.16790882498025894,-0.16790882498025894,0.19055190682411194,0.19055190682411194,0.1388494372367859,1.042693018913269,-0.02944309078156948,0.0,0.05170246958732605,0.05170246958732605,-0.13416920602321625,-0.13416920602321625,-0.023522771894931793,-1.4600276947021484,0.002304175402969122,0.0,-0.11064643412828445,-0.11064643412828445
546,18.2,4,0,0,,4,uneven rough,5,0.0,53.60874557495117,30.487485885620117,0.27901211380958557,1.0985937118530273,0.4478703737258911,1.0985937118530273,0.4478703737258911,5.635650634765625,0.02991117164492607,0.1666666716337204,0.46308407187461853,0.3177991807460785,0.5492968559265137,0.22393518686294556,0.8930985331535339,-0.30405014753341675,0.43880435824394226,0.29747873544692993,0.12346873432397842,-0.2529461979866028,0.6251689791679382,0.6251689791679382,0.3307707607746124,0.703559398651123,-0.6581328511238098,0.0,0.2943982183933258,0.2943982183933258,-0.4864802360534668,-0.4864802360534668,0.11043071746826172,0.8853052258491516,0.12652939558029175,0.0,-0.5969109535217285,-0.5969109535217285,0.21940217912197113,0.21940217912197113,0.16563275456428528,1.1646947860717773,1.0182548761367798,0.0,0.05376942455768585,0.05376942455768585,0.20823511481285095,0.20823511481285095,0.15600667893886566,-0.08195675164461136,-1.4057462215423584,0.0,0.05222843587398529,0.05222843587398529,0.06173436716198921,0.06173436716198921,0.043677423149347305,0.33882126212120056,-0.006152384448796511,0.0,0.018056944012641907,0.018056944012641907,-0.1264730989933014,-0.1264730989933014,-0.11380890756845474,-1.9424947500228882,-0.6476269960403442,0.0,-0.01266419142484665,-0.01266419142484665
546,18.2,14,0,0,,4,uneven rough,5,0.0,54.15676498413086,32.65630340576172,0.186656653881073,1.4989192485809326,0.6812492609024048,1.4989192485809326,0.6812492609024048,5.537009239196777,1.8897579908370972,0.3333333432674408,0.12496630847454071,0.07495684921741486,0.7494596242904663,0.3406246304512024,0.4476017653942108,-0.13365282118320465,0.4708609879016876,0.08427712321281433,-0.10964325070381165,-0.28456366062164307,0.31332123279571533,0.31332123279571533,0.23910613358020782,1.8292847871780396,-1.4564484357833862,0.0,0.07421509921550751,0.07421509921550751,-0.21384452283382416,-0.21384452283382416,0.06848043203353882,-1.6957201957702637,0.6606859564781189,0.0,-0.282324954867363,-0.282324954867363,0.2354304939508438,0.2354304939508438,-0.007842869497835636,0.5739184021949768,-1.6506539583206177,0.0,0.24327336344867945,0.24327336344867945,0.05899398401379585,0.05899398401379585,0.43818002939224243,-1.7885239124298096,1.0656070709228516,0.0,-0.3791860453784466,-0.3791860453784466,-0.17542921006679535,-0.17542921006679535,0.026938458904623985,-0.8318198919296265,-0.3651050329208374,0.0,-0.20236766897141933,-0.20236766897141933,-0.14228183031082153,-0.14228183031082153,0.0018181937048211694,0.10015217959880829,-0.4853202998638153,0.0,-0.1441000240156427,-0.1441000240156427
546,18.2,24,0,0,,4,uneven rough,9,0.0,79.45890808105469,37.07432174682617,0.21737447381019592,1.8260656595230103,0.19497229158878326,1.8053009510040283,0.19497229158878326,9.240008354187012,2.8381004333496094,0.3333333432674408,-0.08036518096923828,0.04349666088819504,0.9130328297615051,0.09748614579439163,0.05405101180076599,-0.09456304460763931,-0.02398764155805111,-0.44055742025375366,0.3028604984283447,-0.6267211437225342,0.037835706025362015,0.037835706025362015,0.05205436423420906,0.4801679253578186,0.3775930106639862,0.0,-0.014218658208847046,-0.014218658208847046,-0.15130087733268738,-0.15130087733268738,0.058757536113262177,0.8318285942077637,1.1247743368148804,0.0,-0.21005841344594955,-0.21005841344594955,-0.011993820779025555,-0.011993820779025555,-0.05729053169488907,0.23240651190280914,-0.38062599301338196,0.0,0.045296710915863514,0.045296710915863514,-0.30839020013809204,-0.30839020013809204,-0.1320987194776535,-1.1556895971298218,-1.1796985864639282,0.0,-0.17629148066043854,-0.17629148066043854,0.15143024921417236,0.15143024921417236,0.12732702493667603,0.03905663266777992,0.5767446160316467,0.0,0.024103224277496338,0.024103224277496338,-0.3133605718612671,-0.3133605718612671,-0.05026738718152046,0.19433940947055817,-0.8245008587837219,0.0,-0.26309318467974663,-0.26309318467974663
547,18.233333333333334,4,0,0,,4,uneven rough,5,0.0,53.65644454956055,30.481687545776367,0.2742703855037689,1.2078731060028076,-0.3329521119594574,1.2078731060028076,-0.3329521119594574,4.539456367492676,1.4265474081039429,0.3333333432674408,0.32188424468040466,0.14381194114685059,0.6039365530014038,-0.1664760559797287,0.7658145427703857,-0.21897928416728973,0.23617874085903168,0.42032021284103394,0.2667597234249115,-0.2096364051103592,0.5360701680183411,0.5360701680183411,0.3832835853099823,1.9849495887756348,0.111770398914814,0.0,0.15278658270835876,0.15278658270835876,-0.35036686062812805,-0.35036686062812805,0.11273758858442307,1.7065585851669312,0.5555425882339478,0.0,-0.4631044492125511,-0.4631044492125511,0.11808937042951584,0.11808937042951584,0.13078859448432922,-0.5655786991119385,1.1010522842407227,0.0,-0.012699224054813385,-0.012699224054813385,0.2942241430282593,0.2942241430282593,0.19710169732570648,1.692086935043335,-0.6572732925415039,0.0,0.0971224457025528,0.0971224457025528,0.13337986171245575,0.13337986171245575,0.06363487243652344,1.8636748790740967,0.1888963282108307,0.0,0.06974498927593231,0.06974498927593231,-0.1048182025551796,-0.1048182025551796,-0.12006854265928268,1.5693734884262085,-1.3797475099563599,0.0,0.015250340104103088,0.015250340104103088
547,18.233333333333334,14,0,0,,4,uneven rough,5,0.0,54.1866340637207,32.687679290771484,0.17771446704864502,1.6573476791381836,-0.6644343137741089,1.6573476791381836,-0.6644343137741089,2.587113380432129,7.968369483947754,0.5,0.1867009401321411,0.09244902431964874,0.8286738395690918,-0.33221715688705444,0.2436114400625229,-0.1604161411523819,0.421776682138443,0.24720308184623718,0.547681450843811,-0.6545960903167725,0.17052800953388214,0.17052800953388214,0.22495611011981964,-1.9926680326461792,0.4013110399246216,0.0,-0.0544281005859375,-0.0544281005859375,-0.25666582584381104,-0.25666582584381104,0.006603758316487074,-1.9892817735671997,-0.671630322933197,0.0,-0.2632695841602981,-0.2632695841602981,0.2108883410692215,0.2108883410692215,0.05455460771918297,1.9983423948287964,-0.3928767442703247,0.0,0.15633373335003853,0.15633373335003853,0.1730421483516693,0.1730421483516693,0.3948929011821747,-1.2582415342330933,-0.5481237173080444,0.0,-0.22185075283050537,-0.22185075283050537,0.2738407254219055,0.2738407254219055,0.09214077889919281,1.7548497915267944,-0.6289864182472229,0.0,0.1816999465227127,0.1816999465227127,-0.32729804515838623,-0.32729804515838623,-0.0051930807530879974,0.19836223125457764,-0.15429311990737915,0.0,-0.32210496440529823,-0.32210496440529823
547,18.233333333333334,24,0,0,,4,uneven rough,9,0.0,79.50927734375,37.02949142456055,0.21548578143119812,1.9414823055267334,-0.07828787714242935,1.8512914180755615,-0.07828787714242935,9.991504669189453,8.102776527404785,0.5,0.14870476722717285,0.10929103940725327,0.9707411527633667,-0.039143938571214676,0.1354864090681076,0.03383636474609375,-0.1546154022216797,0.1762465387582779,0.4306783676147461,-0.20258036255836487,0.09484048187732697,0.09484048187732697,0.06394436210393906,1.4519823789596558,0.4355890452861786,0.0,0.03089611977338791,0.03089611977338791,0.016918182373046875,0.016918182373046875,0.07901968061923981,-0.7136707305908203,0.95914226770401,0.0,-0.06210149824619293,-0.06210149824619293,-0.07730770111083984,-0.07730770111083984,-0.06278279423713684,0.6760112047195435,-0.034016311168670654,0.0,-0.014524906873703003,-0.014524906873703003,0.12337257713079453,0.12337257713079453,-0.08867839723825455,1.340232491493225,-1.166123867034912,0.0,0.21205097436904907,0.21205097436904907,0.21533918380737305,0.21533918380737305,0.15517160296440125,1.3768153190612793,0.2727348506450653,0.0,0.0601675808429718,0.0601675808429718,-0.10129018127918243,-0.10129018127918243,-0.07021953910589218,-0.448090523481369,-0.2484467327594757,0.0,-0.031070642173290253,-0.031070642173290253
548,18.266666666666666,4,0,0,,4,uneven rough,5,0.0,53.70533752441406,30.483991622924805,0.2715609073638916,1.3093271255493164,0.8746011853218079,1.3093271255493164,0.8746011853218079,6.549521446228027,1.9008015394210815,0.3333333432674408,0.48322853446006775,0.1992243230342865,0.6546635627746582,0.43730059266090393,0.1741982102394104,0.38462746143341064,0.31268343329429626,0.7803348898887634,0.4127080738544464,0.11596474796533585,0.12193874269723892,0.12193874269723892,0.35594865679740906,-1.6563496589660645,1.17086923122406,0.0,-0.23400991410017014,-0.23400991410017014,0.19231373071670532,0.19231373071670532,0.1831015944480896,1.9619914293289185,1.206329107284546,0.0,0.009212136268615723,0.009212136268615723,0.15634171664714813,0.15634171664714813,0.14369791746139526,0.2236488163471222,0.15873613953590393,0.0,0.012643799185752869,0.012643799185752869,0.5462344288825989,0.5462344288825989,0.2686917781829834,1.965614914894104,0.6710591912269592,0.0,0.2775426506996155,0.2775426506996155,0.2063540369272232,0.2063540369272232,0.11990851908922195,0.5503409504890442,1.1358190774917603,0.0,0.08644551783800125,0.08644551783800125,0.05798237398266792,0.05798237398266792,-0.05671488493680954,1.9385021924972534,0.28769081830978394,0.0,0.11469725891947746,0.11469725891947746
548,18.266666666666666,14,0,0,,4,uneven rough,5,0.0,54.22092056274414,32.721763610839844,0.1855822205543518,1.3213560581207275,0.7792040705680847,1.3213560581207275,0.7792040705680847,2.587517738342285,1.0235368013381958,0.3333333432674408,0.04971570894122124,0.14734870195388794,0.6606780290603638,0.38960203528404236,0.8890290856361389,0.18004876375198364,0.24818100035190582,0.15592557191848755,0.29215195775032043,-0.3590919077396393,0.6223203539848328,0.6223203539848328,0.26791077852249146,1.9676454067230225,-0.9522489905357361,0.0,0.3544095754623413,0.3544095754623413,0.09002438187599182,0.09002438187599182,0.06442880630493164,1.968065857887268,-1.4166327714920044,0.0,0.02559557557106018,0.02559557557106018,0.12409050017595291,0.12409050017595291,0.10770939290523529,1.6459753513336182,0.9591228365898132,0.0,0.01638110727071762,0.01638110727071762,0.10914789885282516,0.10914789885282516,0.3266238868236542,-1.9557158946990967,-0.9496256113052368,0.0,-0.217475987970829,-0.217475987970829,0.14607597887516022,0.14607597887516022,0.14499667286872864,0.579045832157135,0.7188388109207153,0.0,0.0010793060064315796,0.0010793060064315796,-0.17954595386981964,-0.17954595386981964,-0.024756653234362602,-0.7477068901062012,0.04509884491562843,0.0,-0.15478930063545704,-0.15478930063545704
548,18.266666666666666,24,0,0,,4,uneven rough,9,0.0,79.5622329711914,36.98812484741211,0.21631065011024475,1.9425653219223022,-0.0355694405734539,1.8413324356079102,-0.0355694405734539,8.420195579528809,0.8429676294326782,0.5,0.15893203020095825,0.1522129774093628,0.9712826609611511,-0.01778472028672695,-0.2009013593196869,-0.2831759750843048,0.4608314335346222,-0.2112910896539688,0.43545296788215637,0.3121315538883209,-0.14063094556331635,-0.14063094556331635,0.05099731311202049,-1.2165989875793457,1.0102596282958984,0.0,-0.19162825867533684,-0.19162825867533684,-0.45308157801628113,-0.45308157801628113,0.06018613651394844,1.7548805475234985,0.013330796733498573,0.0,-0.5132677145302296,-0.5132677145302296,0.2304157167673111,0.2304157167673111,-0.014716126956045628,1.313111424446106,0.3674345314502716,0.0,0.24513184372335672,0.24513184372335672,-0.14790375530719757,-0.14790375530719757,-0.07455286383628845,-0.019990159198641777,0.25097450613975525,0.0,-0.07335089147090912,-0.07335089147090912,0.21772648394107819,0.21772648394107819,0.1672312319278717,1.2677010297775269,0.8969839215278625,0.0,0.05049525201320648,0.05049525201320648,0.15606577694416046,0.15606577694416046,-0.021926390007138252,1.6134498119354248,-0.3613256812095642,0.0,0.1779921669512987,0.1779921669512987
549,18.3,4,0,0,,4,uneven rough,5,0.0,53.751190185546875,30.490264892578125,0.2646227180957794,1.383352518081665,0.9146316051483154,1.383352518081665,0.9146316051483154,6.8410186767578125,3.3333334922790527,0.1666666716337204,0.39216992259025574,0.02565092407166958,0.6916762590408325,0.4573158025741577,0.3941776752471924,-0.042946718633174896,0.3614414632320404,0.7248969078063965,0.32054170966148376,0.26730209589004517,0.27592435479164124,0.27592435479164124,0.29435762763023376,-1.6368513107299805,-0.42764538526535034,0.0,-0.01843327283859253,-0.01843327283859253,-0.06871475279331207,-0.06871475279331207,0.1726432889699936,0.44612327218055725,1.6335818767547607,0.0,-0.24135804176330566,-0.24135804176330566,0.1807207316160202,0.1807207316160202,0.16982553899288177,1.1530405282974243,0.19543787837028503,0.0,0.010895192623138428,0.010895192623138428,0.5074278116226196,0.5074278116226196,0.33384883403778076,2.0003950595855713,1.4030033349990845,0.0,0.17357897758483887,0.17357897758483887,0.16027085483074188,0.16027085483074188,0.11153321713209152,1.1947922706604004,0.8047887086868286,0.0,0.04873763769865036,0.04873763769865036,0.13365104794502258,0.13365104794502258,-0.018729163333773613,-0.41812968254089355,1.2210625410079956,0.0,0.1523802112787962,0.1523802112787962
549,18.3,14,0,0,,4,uneven rough,5,0.0,54.252197265625,32.752105712890625,0.19006860256195068,1.688688039779663,0.31083768606185913,1.688688039779663,0.31083768606185913,3.11979079246521,1.9662561416625977,0.3333333432674408,0.14710143208503723,0.05714559555053711,0.8443440198898315,0.15541884303092957,0.4668544828891754,0.00724759278818965,0.16766615211963654,0.07964499294757843,0.5122909545898438,-0.6655582189559937,0.32679814100265503,0.32679814100265503,0.3247342109680176,1.2325063943862915,0.6986645460128784,0.0,0.002063930034637451,0.002063930034637451,0.003623796394094825,0.003623796394094825,0.05348675698041916,-1.5722616910934448,0.4970818758010864,0.0,-0.049862960586324334,-0.049862960586324334,0.08383307605981827,0.08383307605981827,0.11428380012512207,-0.9579455256462097,1.3474705219268799,0.0,-0.030450724065303802,-0.030450724065303802,0.0557514950633049,0.0557514950633049,0.260983943939209,-1.877778172492981,-1.5184708833694458,0.0,-0.20523244887590408,-0.20523244887590408,0.2561454772949219,0.2561454772949219,0.1788887083530426,1.6573761701583862,0.6397995948791504,0.0,0.07725676894187927,0.07725676894187927,-0.3327791094779968,-0.3327791094779968,-0.03936430439352989,-0.522942066192627,-0.4031549394130707,0.0,-0.29341480508446693,-0.29341480508446693
549,18.3,24,0,0,,4,uneven rough,9,0.0,79.6138916015625,36.9474983215332,0.2094091773033142,1.874593734741211,-0.2311858981847763,1.8408678770065308,-0.2311858981847763,9.452081680297852,0.15779826045036316,0.1666666716337204,0.3879844546318054,0.18782222270965576,0.9372968673706055,-0.11559294909238815,0.43213748931884766,-0.2948615252971649,-0.4019733667373657,-0.0259686391800642,0.6996639966964722,-0.21947284042835236,0.3024962246417999,0.3024962246417999,0.0910022109746933,1.6064109802246094,-0.24881023168563843,0.0,0.21149401366710663,0.21149401366710663,-0.4717784523963928,-0.4717784523963928,0.035055000334978104,-0.7876483798027039,0.9980061650276184,0.0,-0.5068334527313709,-0.5068334527313709,-0.20098668336868286,-0.20098668336868286,-0.06550142168998718,1.6176812648773193,0.9021219611167908,0.0,-0.13548526167869568,-0.13548526167869568,-0.018178047612309456,-0.018178047612309456,-0.051794081926345825,1.3477318286895752,0.09777060151100159,0.0,0.03361603431403637,0.03361603431403637,0.3498319983482361,0.3498319983482361,0.2174016237258911,1.0163012742996216,1.1065880060195923,0.0,0.13243037462234497,0.13243037462234497,-0.10973642021417618,-0.10973642021417618,-0.07097598910331726,1.2937054634094238,0.7552159428596497,0.0,-0.03876043111085892,-0.03876043111085892
550,18.333333333333332,4,0,0,,4,uneven rough,5,0.0,53.7974853515625,30.491098403930664,0.2584623396396637,1.4401099681854248,0.7632975578308105,1.4401099681854248,0.7632975578308105,7.837767601013184,6.2826738357543945,0.3333333432674408,0.4443901479244232,0.06224709004163742,0.7200549840927124,0.3816487789154053,0.4591527581214905,-0.29178962111473083,0.16377562284469604,0.6387820243835449,0.12310852110385895,0.45455271005630493,0.32140693068504333,0.32140693068504333,0.28476282954216003,1.131360650062561,-1.1113325357437134,0.0,0.0366441011428833,0.0366441011428833,-0.46686339378356934,-0.46686339378356934,0.11436524987220764,0.4364749491214752,0.9621906280517578,0.0,-0.581228643655777,-0.581228643655777,0.08188781142234802,0.08188781142234802,0.11813589930534363,-1.9938527345657349,0.736868143081665,0.0,-0.036248087882995605,-0.036248087882995605,0.447147399187088,0.447147399187088,0.3882739841938019,1.1098607778549194,1.7407697439193726,0.0,0.05887341499328613,0.05887341499328613,0.061554260551929474,0.061554260551929474,0.05046676844358444,-0.9768125414848328,1.0252974033355713,0.0,0.011087492108345032,0.011087492108345032,0.22727635502815247,0.22727635502815247,-0.006200019270181656,-0.36274150013923645,0.29426032304763794,0.0,0.23347637429833412,0.23347637429833412
550,18.333333333333332,14,0,0,,4,uneven rough,5,0.0,54.280250549316406,32.78251647949219,0.19445981085300446,1.5061132907867432,0.7126345038414001,1.5061132907867432,0.7126345038414001,3.261331081390381,1.2279412746429443,0.3333333432674408,0.11738674342632294,0.13701948523521423,0.7530566453933716,0.3563172519207001,0.574273943901062,0.045838162302970886,0.22104983031749725,0.06704188138246536,0.3766414523124695,-0.39358192682266235,0.40199175477027893,0.40199175477027893,0.3907604217529297,1.9094362258911133,1.0004997253417969,0.0,0.011231333017349243,0.011231333017349243,0.022919081151485443,0.022919081151485443,0.026472413912415504,-0.17584563791751862,-0.6729286909103394,0.0,-0.0035533327609300613,-0.0035533327609300613,0.11052491515874863,0.11052491515874863,0.0939401313662529,0.23512686789035797,0.043984126299619675,0.0,0.016584783792495728,0.016584783792495728,0.046929314732551575,0.046929314732551575,0.1978478580713272,-1.7433112859725952,-1.7216238975524902,0.0,-0.15091854333877563,-0.15091854333877563,0.18832072615623474,0.18832072615623474,0.19206096231937408,0.07776184380054474,1.2151392698287964,0.0,-0.0037402361631393433,-0.0037402361631393433,-0.19679096341133118,-0.19679096341133118,-0.06670799106359482,-0.8045164346694946,-0.4708828032016754,0.0,-0.13008297234773636,-0.13008297234773636
550,18.333333333333332,24,0,0,,4,uneven rough,9,0.0,79.66084289550781,36.90103530883789,0.21640507876873016,1.9169399738311768,0.7366939783096313,1.8420053720474243,0.7366939783096313,9.582883834838867,0.5500249266624451,0.1666666716337204,0.31776943802833557,0.2177385538816452,0.9584699869155884,0.3683469891548157,-0.14456696808338165,0.363616019487381,-0.22785454988479614,0.041899289935827255,0.1880321055650711,0.06291836500167847,-0.10119687765836716,-0.10119687765836716,0.05237053334712982,-1.6523007154464722,0.8001351952552795,0.0,-0.15356741100549698,-0.15356741100549698,0.1818080097436905,0.1818080097436905,0.08299976587295532,1.969361662864685,-0.01160610094666481,0.0,0.09880824387073517,0.09880824387073517,-0.11392727494239807,-0.11392727494239807,-0.02880910038948059,1.6605467796325684,1.3067004680633545,0.0,-0.08511817455291748,-0.08511817455291748,0.02932950295507908,0.02932950295507908,0.018245045095682144,1.7078889608383179,0.804500937461853,0.0,0.011084457859396935,0.011084457859396935,0.09401605278253555,0.09401605278253555,0.20914530754089355,-1.4482916593551636,1.0555397272109985,0.0,-0.115129254758358,-0.115129254758358,0.03145918250083923,0.03145918250083923,-0.06028895080089569,0.25531062483787537,1.0596789121627808,0.0,0.09174813330173492,0.09174813330173492
551,18.366666666666667,4,0,0,,4,uneven rough,5,0.0,53.846187591552734,30.498218536376953,0.2467011958360672,1.503292441368103,0.05436531454324722,1.503292441368103,0.05436531454324722,6.802947998046875,0.8065695762634277,0.3333333432674408,0.6683071851730347,0.1513955444097519,0.7516462206840515,0.02718265727162361,-0.348890095949173,-0.05813249945640564,0.5112915635108948,0.5200307965278625,0.1213221326470375,0.0076864673756062984,-0.24422305822372437,-0.24422305822372437,0.25104278326034546,-1.285532832145691,0.15669019520282745,0.0,-0.4952658414840698,-0.4952658414840698,-0.0930119976401329,-0.0930119976401329,0.07669611275196075,0.3265533745288849,0.6649500131607056,0.0,-0.16970811039209366,-0.16970811039209366,0.2556457817554474,0.2556457817554474,0.15640534460544586,-0.24378737807273865,-0.8070863485336304,0.0,0.09924043715000153,0.09924043715000153,0.36402153968811035,0.36402153968811035,0.4094099998474121,-0.5688667297363281,1.3840526342391968,0.0,-0.04538846015930176,-0.04538846015930176,0.06066106632351875,0.06066106632351875,0.03365146741271019,0.9067643880844116,-0.10669916123151779,0.0,0.027009598910808563,0.027009598910808563,0.0038432336878031492,0.0038432336878031492,0.00033868043101392686,-1.233609676361084,-0.07720968127250671,0.0,0.0035045532567892224,0.0035045532567892224
551,18.366666666666667,14,0,0,,4,uneven rough,5,0.0,54.30248260498047,32.81730651855469,0.19649086892604828,1.4668662548065186,0.01751522719860077,1.4668662548065186,0.01751522719860077,3.78975248336792,2.2216060161590576,0.3333333432674408,0.08760932087898254,0.19431167840957642,0.7334331274032593,0.008757613599300385,0.48312124609947205,0.01852554827928543,0.6115123629570007,0.12498942017555237,0.3978922665119171,-0.5238398313522339,0.3381848633289337,0.3381848633289337,0.39387059211730957,-1.1970572471618652,1.5144140720367432,0.0,-0.055685728788375854,-0.055685728788375854,0.009262774139642715,0.009262774139642715,0.013486149720847607,-0.26101839542388916,-0.39187705516815186,0.0,-0.004223375581204891,-0.004223375581204891,0.30575618147850037,0.30575618147850037,0.16170983016490936,2.0000007152557373,0.15205657482147217,0.0,0.144046351313591,0.144046351313591,0.08749259263277054,0.08749259263277054,0.1450851559638977,-1.6592190265655518,-1.7338860034942627,0.0,-0.05759256333112717,-0.05759256333112717,0.19894613325595856,0.19894613325595856,0.1932203471660614,-0.049474164843559265,0.5720640420913696,0.0,0.005725786089897156,0.005725786089897156,-0.26191991567611694,-0.26191991567611694,-0.10014646500349045,-1.1014646291732788,-0.6595198512077332,0.0,-0.1617734506726265,-0.1617734506726265
551,18.366666666666667,24,0,0,,4,uneven rough,9,0.0,79.71803283691406,36.867042541503906,0.2298855483531952,1.9086942672729492,0.0739399641752243,1.8502678871154785,0.0739399641752243,10.074959754943848,2.447206497192383,0.3333333432674408,0.6785056591033936,0.09050362557172775,0.9543471336364746,0.03696998208761215,-0.09923087805509567,0.5331261157989502,-0.21478787064552307,-0.025118349120020866,0.1861083060503006,-0.16820397973060608,-0.06946161389350891,-0.06946161389350891,-0.011608731932938099,-1.777588129043579,-0.5864764451980591,0.0,-0.05785288196057081,-0.05785288196057081,0.2665630578994751,0.2665630578994751,0.14634427428245544,1.7628766298294067,1.1084365844726562,0.0,0.12021878361701965,0.12021878361701965,-0.10739393532276154,-0.10739393532276154,-0.05066394433379173,0.20408210158348083,1.5067658424377441,0.0,-0.0567299909889698,-0.0567299909889698,-0.01758284494280815,-0.01758284494280815,0.020660270005464554,-1.6690685749053955,1.315278172492981,0.0,-0.038243114948272705,-0.038243114948272705,0.0930541530251503,0.0930541530251503,0.15017689764499664,-1.9345636367797852,-0.36013102531433105,0.0,-0.057122744619846344,-0.057122744619846344,-0.08410198986530304,-0.08410198986530304,-0.11617109179496765,-0.9828521609306335,0.6048876047134399,0.0,0.03206910192966461,0.03206910192966461
552,18.4,4,0,0,,4,uneven rough,5,0.0,53.89616012573242,30.510568618774414,0.2327260673046112,1.1539545059204102,0.4244745969772339,1.1539545059204102,0.4244745969772339,5.334120750427246,1.8781970739364624,0.3333333432674408,0.6906042098999023,0.1920272558927536,0.5769772529602051,0.21223729848861694,0.5807064771652222,0.03653948754072189,0.3068438768386841,0.4152621328830719,0.2608654201030731,-0.15922904014587402,0.40649452805519104,0.40649452805519104,0.30333009362220764,1.9979594945907593,-0.658745288848877,0.0,0.1031644344329834,0.1031644344329834,0.018269743770360947,0.018269743770360947,0.04561281204223633,-0.5711604356765747,0.4736199378967285,0.0,-0.02734306827187538,-0.02734306827187538,0.15342193841934204,0.15342193841934204,0.11546657979488373,-1.241094946861267,-0.488596111536026,0.0,0.03795535862445831,0.03795535862445831,0.29068347811698914,0.29068347811698914,0.34602785110473633,-1.7092963457107544,0.2798685133457184,0.0,-0.05534437298774719,-0.05534437298774719,0.13043271005153656,0.13043271005153656,0.09798993915319443,1.3652323484420776,0.4663149416446686,0.0,0.03244277089834213,0.03244277089834213,-0.07961452007293701,-0.07961452007293701,-0.05509011447429657,-1.632468342781067,-0.7310402989387512,0.0,-0.024524405598640442,-0.024524405598640442
552,18.4,14,0,0,,4,uneven rough,5,0.0,54.32835388183594,32.85137176513672,0.20516717433929443,1.735353708267212,0.19080756604671478,1.735353708267212,0.19080756604671478,5.905345916748047,3.8481318950653076,0.3333333432674408,-0.0157727412879467,0.3165213465690613,0.867676854133606,0.09540378302335739,0.819283664226532,0.1579189896583557,0.49453404545783997,0.2544686198234558,0.15154404938220978,-0.45091545581817627,0.573498547077179,0.573498547077179,0.42381808161735535,1.1344135999679565,-0.018656672909855843,0.0,0.1496804654598236,0.1496804654598236,0.07895949482917786,0.07895949482917786,0.06205820292234421,1.2522878646850586,-0.31788933277130127,0.0,0.01690129190683365,0.01690129190683365,0.24726702272891998,0.24726702272891998,0.19850048422813416,-1.260278344154358,1.196887493133545,0.0,0.04876653850078583,0.04876653850078583,0.17812803387641907,0.17812803387641907,0.12809735536575317,1.0788840055465698,-1.6916691064834595,0.0,0.050030678510665894,0.050030678510665894,0.07577202469110489,0.07577202469110489,0.1381574124097824,-1.5352927446365356,0.2206452190876007,0.0,-0.06238538771867752,-0.06238538771867752,-0.22545772790908813,-0.22545772790908813,-0.16021010279655457,-1.652988076210022,-0.909396231174469,0.0,-0.06524762511253357,-0.06524762511253357
552,18.4,24,0,0,,4,uneven rough,9,0.0,79.77293395996094,36.830177307128906,0.2395462989807129,1.9357534646987915,-0.8246456384658813,1.82235848903656,-0.8246456384658813,9.44514274597168,3.3333334922790527,0.1666666716337204,0.8112971782684326,0.1972247064113617,0.9678767323493958,-0.4123228192329407,0.3026959300041199,0.4679892361164093,-0.02331685833632946,-0.36593252420425415,0.05380149930715561,-0.6603997945785522,0.2118871510028839,0.2118871510028839,0.023717597126960754,1.7783113718032837,-1.2599331140518188,0.0,0.18816955387592316,0.18816955387592316,0.23399461805820465,0.23399461805820465,0.20656567811965942,1.3517721891403198,1.4784581661224365,0.0,0.027428939938545227,0.027428939938545227,-0.01165842916816473,-0.01165842916816473,-0.015478819608688354,0.3505082428455353,0.7702261209487915,0.0,0.0038203904405236244,0.0038203904405236244,-0.2561527490615845,-0.2561527490615845,-0.049754153937101364,-1.9477964639663696,-0.3720768094062805,0.0,-0.2063985951244831,-0.2063985951244831,0.026900749653577805,0.026900749653577805,0.09040060639381409,-1.898072361946106,-1.2503180503845215,0.0,-0.06349985674023628,-0.06349985674023628,-0.3301998972892761,-0.3301998972892761,-0.1687750369310379,-1.365842342376709,-0.29282331466674805,0.0,-0.16142486035823822,-0.16142486035823822
553,18.433333333333334,4,0,0,,4,uneven rough,5,0.0,53.93701171875,30.526321411132812,0.23211456835269928,1.5302952527999878,0.027910446748137474,1.5302952527999878,0.027910446748137474,0.8290356397628784,7.7827677726745605,0.6666666865348816,0.4977377653121948,0.08133876323699951,0.7651476263999939,0.013955223374068737,0.3747120201587677,0.09815222024917603,0.6510509252548218,0.41738492250442505,0.25182709097862244,-0.3474763333797455,0.2622984051704407,0.2622984051704407,0.2841729521751404,-1.4252358675003052,0.8433603644371033,0.0,-0.021874547004699707,-0.021874547004699707,0.04907611012458801,0.04907611012458801,0.04173419997096062,-0.5579085946083069,-0.11710076034069061,0.0,0.007341910153627396,0.007341910153627396,0.3255254626274109,0.3255254626274109,0.13620245456695557,0.10647749155759811,-0.9140602946281433,0.0,0.18932300806045532,0.18932300806045532,0.292169451713562,0.292169451713562,0.32583028078079224,-1.0644569396972656,-0.8448088765144348,0.0,-0.033660829067230225,-0.033660829067230225,0.12591354548931122,0.12591354548931122,0.16809439659118652,0.6415660381317139,0.9745644330978394,0.0,-0.042180851101875305,-0.042180851101875305,-0.17373816668987274,-0.17373816668987274,-0.10447761416435242,-1.3359482288360596,-1.2407093048095703,0.0,-0.06926055252552032,-0.06926055252552032
553,18.433333333333334,14,0,0,,4,uneven rough,5,0.0,54.36063766479492,32.88092041015625,0.20671001076698303,1.4606335163116455,0.7453528642654419,1.4606335163116455,0.7453528642654419,2.6537718772888184,1.5306204557418823,0.3333333432674408,-0.13615602254867554,0.21464626491069794,0.7303167581558228,0.37267643213272095,-0.03702082484960556,0.20450381934642792,0.39378198981285095,0.7291420698165894,0.32764118909835815,0.043251972645521164,-0.025914577767252922,-0.025914577767252922,0.3700571656227112,-2.000000476837158,0.6332913041114807,0.0,-0.3959717433899641,-0.3959717433899641,0.10225190967321396,0.10225190967321396,0.1050882637500763,0.3971593976020813,0.5698916912078857,0.0,-0.002836354076862335,-0.002836354076862335,0.19689099490642548,0.19689099490642548,0.20103850960731506,-0.3002135753631592,-0.19239848852157593,0.0,-0.004147514700889587,-0.004147514700889587,0.5103994607925415,0.5103994607925415,0.19717803597450256,1.9947375059127808,-0.12519340217113495,0.0,0.31322142481803894,0.31322142481803894,0.16382059454917908,0.16382059454917908,0.1550901085138321,0.2917579710483551,-0.7721652388572693,0.0,0.008730486035346985,0.008730486035346985,0.021625986322760582,0.021625986322760582,-0.10000189393758774,2.0,-1.329824447631836,0.0,0.12162788026034832,0.12162788026034832
553,18.433333333333334,24,0,0,,4,uneven rough,9,0.0,79.82396697998047,36.790653228759766,0.2478797882795334,1.684265375137329,-1.015211582183838,1.684265375137329,-1.015211582183838,9.183891296386719,3.3333334922790527,0.1666666716337204,0.7502555847167969,0.06439747661352158,0.8421326875686646,-0.507605791091919,0.07226347923278809,0.5705617070198059,0.16994056105613708,-0.2930561900138855,0.21324355900287628,-0.6458715200424194,0.05058443546295166,0.05058443546295166,0.05204518884420395,-0.0653444230556488,0.45789575576782227,0.0,-0.0014607533812522888,-0.0014607533812522888,0.28528085350990295,0.28528085350990295,0.26956549286842346,1.682459831237793,1.4068297147750854,0.0,0.015715360641479492,0.015715360641479492,0.08497028052806854,0.08497028052806854,0.003943155985325575,-0.5493509769439697,0.5329168438911438,0.0,0.08102712454274297,0.08102712454274297,-0.20513932406902313,-0.20513932406902313,-0.11327365785837173,-1.957454800605774,-1.2629915475845337,0.0,-0.0918656662106514,-0.0918656662106514,0.10662177950143814,0.10662177950143814,0.10225099325180054,1.276625394821167,-1.6165595054626465,0.0,0.004370786249637604,0.004370786249637604,-0.3229357600212097,-0.3229357600212097,-0.1916956752538681,0.4830039143562317,-0.8995102047920227,0.0,-0.1312400847673416,-0.1312400847673416
554,18.466666666666665,4,0,0,,4,uneven rough,5,0.0,53.97087478637695,30.54281234741211,0.23713764548301697,0.964910089969635,0.5268725752830505,0.964910089969635,0.5268725752830505,1.4680112600326538,1.1523685455322266,0.3333333432674408,0.4199109971523285,0.1569933295249939,0.4824550449848175,0.26343628764152527,0.8572314977645874,-0.05341353267431259,0.5916041135787964,0.28212305903434753,0.2022208869457245,-0.39254990220069885,0.6000620126724243,0.6000620126724243,0.3168858289718628,1.4907877445220947,-0.4393080174922943,0.0,0.2831761837005615,0.2831761837005615,-0.08546165376901627,-0.08546165376901627,-0.02161439321935177,-1.9980261325836182,-0.36633428931236267,0.0,-0.0638472605496645,-0.0638472605496645,0.2958020567893982,0.2958020567893982,0.13402557373046875,-0.14955401420593262,-0.33704638481140137,0.0,0.16177648305892944,0.16177648305892944,0.19748613238334656,0.19748613238334656,0.25437772274017334,-1.9291023015975952,-0.9689983129501343,0.0,-0.05689159035682678,-0.05689159035682678,0.10111044347286224,0.10111044347286224,0.1349184513092041,-1.3787579536437988,0.7862865328788757,0.0,-0.03380800783634186,-0.03380800783634186,-0.19627495110034943,-0.19627495110034943,-0.14339230954647064,-1.4025477170944214,-1.2945575714111328,0.0,-0.052882641553878784,-0.052882641553878784
554,18.466666666666665,14,0,0,,4,uneven rough,5,0.0,54.39108657836914,32.91390609741211,0.20962172746658325,1.2235045433044434,1.5054347515106201,1.2235045433044434,1.5054347515106201,6.31610631942749,0.0,0.0,-0.1386640965938568,0.28283172845840454,0.6117522716522217,0.7527173757553101,0.34388747811317444,0.4594953656196594,0.4632887840270996,0.5233232975006104,0.060555197298526764,0.12919765710830688,0.2407212257385254,0.2407212257385254,0.3042779862880707,-1.989552617073059,-0.8555765748023987,0.0,-0.06355676054954529,-0.06355676054954529,0.2297476828098297,0.2297476828098297,0.166366845369339,2.0000133514404297,0.4722285568714142,0.0,0.06338083744049072,0.06338083744049072,0.2316443920135498,0.2316443920135498,0.20071126520633698,0.277542382478714,-0.25335732102394104,0.0,0.03093312680721283,0.03093312680721283,0.36632630228996277,0.36632630228996277,0.26446059346199036,2.0000345706939697,1.0734193325042725,0.0,0.10186570882797241,0.10186570882797241,0.030277598649263382,0.030277598649263382,0.11531482636928558,-1.816461205482483,-0.17062115669250488,0.0,-0.0850372277200222,-0.0850372277200222,0.06459882855415344,0.06459882855415344,-0.034089744091033936,2.0000009536743164,0.5528642535209656,0.0,0.09868857264518738,0.09868857264518738
554,18.466666666666665,24,0,0,,4,uneven rough,9,0.0,79.8665771484375,36.752628326416016,0.24613168835639954,1.8511794805526733,-0.4274967908859253,1.846980333328247,-0.4274967908859253,10.036627769470215,2.451573133468628,0.3333333432674408,0.5209377408027649,0.17908768355846405,0.9255897402763367,-0.21374839544296265,0.7226899266242981,0.2626320421695709,-0.31909945607185364,-0.183103546500206,0.7204806804656982,-0.338951975107193,0.5058829188346863,0.5058829188346863,0.10524316877126694,1.5045433044433594,0.16205482184886932,0.0,0.40063975006341934,0.40063975006341934,0.13131602108478546,0.13131602108478546,0.21563634276390076,-2.000023126602173,1.562671422958374,0.0,-0.0843203216791153,-0.0843203216791153,-0.15954972803592682,-0.15954972803592682,-0.060781948268413544,-1.9141958951950073,-0.07899931818246841,0.0,-0.09876777976751328,-0.09876777976751328,-0.12817248702049255,-0.12817248702049255,-0.15997174382209778,0.06875865161418915,-1.6556422710418701,0.0,0.031799256801605225,0.031799256801605225,0.3602403402328491,0.3602403402328491,0.1387336552143097,2.032015800476074,0.019252417609095573,0.0,0.22150668501853943,0.22150668501853943,-0.1694759875535965,-0.1694759875535965,-0.1934371441602707,-0.587145209312439,-0.11783424764871597,0.0,0.023961156606674194,0.023961156606674194
555,18.5,4,0,0,,4,uneven rough,5,0.0,54.00395584106445,30.554649353027344,0.24105152487754822,1.396308422088623,-0.7501303553581238,1.396308422088623,-0.7501303553581238,1.6059415340423584,0.4037904739379883,0.3333333432674408,0.2653459310531616,0.11155891418457031,0.6981542110443115,-0.3750651776790619,0.6058812141418457,-0.07216499745845795,0.8701707124710083,0.2539138197898865,0.18686993420124054,-0.515505850315094,0.424116849899292,0.424116849899292,0.3806232810020447,1.8794703483581543,0.6519715785980225,0.0,0.043493568897247314,0.043493568897247314,-0.1154639944434166,-0.1154639944434166,-0.08551384508609772,-1.915541410446167,-1.2888957262039185,0.0,-0.029950149357318878,-0.029950149357318878,0.43508535623550415,0.43508535623550415,0.13784117996692657,-0.5700960159301758,-0.23103787004947662,0.0,0.2972441762685776,0.2972441762685776,0.17773966491222382,0.17773966491222382,0.18756498396396637,-1.714035153388977,-1.5118428468704224,0.0,-0.009825319051742554,-0.009825319051742554,0.09343496710062027,0.09343496710062027,0.11060135066509247,-0.5962619781494141,-0.4378335177898407,0.0,-0.0171663835644722,-0.0171663835644722,-0.257752925157547,-0.257752925157547,-0.1926189363002777,-2.010343074798584,-1.3556153774261475,0.0,-0.06513398885726929,-0.06513398885726929
555,18.5,14,0,0,,4,uneven rough,5,0.0,54.41929626464844,32.94902801513672,0.21297937631607056,1.5732983350753784,1.1978769302368164,1.5732983350753784,1.1978769302368164,8.299457550048828,2.7110965251922607,0.1666666716337204,-0.3239730894565582,0.2307600975036621,0.7866491675376892,0.5989384651184082,0.3809155225753784,0.4839010238647461,0.0008646582718938589,0.3949391543865204,0.13396109640598297,-0.1920052021741867,0.26664087176322937,0.26664087176322937,0.26124507188796997,-0.29954269528388977,-1.4967286586761475,0.0,0.005395799875259399,0.005395799875259399,0.24195051193237305,0.24195051193237305,0.2259032279253006,1.3858559131622314,1.3360408544540405,0.0,0.01604728400707245,0.01604728400707245,0.00043232913594692945,0.00043232913594692945,0.13283146917819977,-1.990494966506958,0.04681432247161865,0.0,-0.13239914004225284,-0.13239914004225284,0.27645739912986755,0.27645739912986755,0.27792707085609436,-0.6057825684547424,1.5973292589187622,0.0,-0.0014696717262268066,-0.0014696717262268066,0.06698054820299149,0.06698054820299149,0.08663246035575867,0.07063324749469757,-1.1011821031570435,0.0,-0.01965191215276718,-0.01965191215276718,-0.09600260108709335,-0.09600260108709335,-0.04706338793039322,-0.48094645142555237,1.3710778951644897,0.0,-0.048939213156700134,-0.048939213156700134
555,18.5,24,0,0,,4,uneven rough,9,0.0,79.900390625,36.701995849609375,0.24823597073554993,1.8284183740615845,0.5351338982582092,1.8284183740615845,0.5351338982582092,9.121542930603027,3.3333334922790527,0.1666666716337204,0.6521252989768982,0.08463593572378159,0.9142091870307922,0.2675669491291046,0.46499010920524597,0.4896619915962219,-0.07372533529996872,0.612855076789856,0.16558147966861725,0.2886921763420105,0.32549306750297546,0.32549306750297546,0.1686219573020935,1.8981683254241943,0.9211001992225647,0.0,0.15687111020088196,0.15687111020088196,0.24483099579811096,0.24483099579811096,0.20445387065410614,1.472965121269226,-0.4516824781894684,0.0,0.04037712514400482,0.04037712514400482,-0.03686266764998436,-0.03686266764998436,-0.021823110058903694,0.5908449292182922,-1.116622805595398,0.0,-0.015039557591080666,-0.015039557591080666,0.42899855971336365,0.42899855971336365,-0.12423104047775269,1.570029616355896,-0.6806629300117493,0.0,0.5532296001911163,0.5532296001911163,0.08279073983430862,0.08279073983430862,0.11887425184249878,-1.3354147672653198,1.157272458076477,0.0,-0.036083512008190155,-0.036083512008190155,0.14434608817100525,0.14434608817100525,-0.1524931937456131,0.8111928701400757,-0.3831835091114044,0.0,0.29683928191661835,0.29683928191661835
556,18.53333333333333,4,0,0,,4,uneven rough,5,0.0,54.04206848144531,30.558156967163086,0.24399752914905548,1.049399495124817,-0.3392878770828247,1.049399495124817,-0.3392878770828247,1.97959303855896,4.089183330535889,0.3333333432674408,0.15497919917106628,0.14242592453956604,0.5246997475624084,-0.16964393854141235,0.6009047031402588,0.03546437993645668,0.9198194742202759,0.393070250749588,0.39002683758735657,-0.3851265609264374,0.4206332862377167,0.4206332862377167,0.3994971513748169,0.746540904045105,1.3460016250610352,0.0,0.02113613486289978,0.02113613486289978,0.01773218996822834,0.01773218996822834,-0.03037506900727749,1.683516502380371,-1.643202304840088,0.0,0.04810725897550583,0.04810725897550583,0.45990973711013794,0.45990973711013794,0.1896076202392578,1.32160222530365,-0.42274194955825806,0.0,0.2703021168708801,0.2703021168708801,0.2751491665840149,0.2751491665840149,0.22482603788375854,1.813854455947876,-1.6261627674102783,0.0,0.05032312870025635,0.05032312870025635,0.19501341879367828,0.19501341879367828,0.1914658546447754,1.9508711099624634,-0.5274092555046082,0.0,0.003547564148902893,0.003547564148902893,-0.1925632804632187,-0.1925632804632187,-0.19991254806518555,0.9483996629714966,-1.725799560546875,0.0,0.007349267601966858,0.007349267601966858
556,18.53333333333333,14,0,0,,4,uneven rough,5,0.0,54.453590393066406,32.979644775390625,0.1986682415008545,1.4938193559646606,-0.14436112344264984,1.4938193559646606,-0.14436112344264984,6.002723217010498,2.9593608379364014,0.3333333432674408,-0.11194237321615219,0.08147376775741577,0.7469096779823303,-0.07218056172132492,0.6373106241226196,-0.20710523426532745,-0.0008265374344773591,0.4387775957584381,0.4014618694782257,-0.32122039794921875,0.44611743092536926,0.44611743092536926,0.3162880539894104,2.008371114730835,-0.8198375701904297,0.0,0.12982937693595886,0.12982937693595886,-0.3313683867454529,-0.3313683867454529,0.20334120094776154,-1.998673677444458,1.3642064332962036,0.0,-0.5347095876932144,-0.5347095876932144,-0.00041326871723867953,-0.00041326871723867953,0.06320200115442276,-2.025088310241699,-1.10508394241333,0.0,-0.06361526987166144,-0.06361526987166144,0.30714431405067444,0.30714431405067444,0.27122485637664795,0.6856393814086914,0.35168585181236267,0.0,0.03591945767402649,0.03591945767402649,0.20073093473911285,0.20073093473911285,0.1381012499332428,2.1417410373687744,-0.43863561749458313,0.0,0.06262968480587006,0.06262968480587006,-0.16061019897460938,-0.16061019897460938,-0.09709451347589493,-1.1084167957305908,0.3239400088787079,0.0,-0.06351568549871445,-0.06351568549871445
556,18.53333333333333,24,0,0,,4,uneven rough,9,0.0,79.94351959228516,36.657737731933594,0.26002609729766846,1.8084970712661743,-0.24985931813716888,1.807757019996643,-0.24985931813716888,8.38554573059082,3.3333334922790527,0.1666666716337204,0.3441005349159241,0.1790778487920761,0.9042485356330872,-0.12492965906858444,-0.49103352427482605,0.6250864267349243,-0.2529783546924591,0.16908106207847595,0.1344318687915802,0.5649584531784058,-0.34372347593307495,-0.34372347593307495,0.13069504499435425,-1.5956226587295532,1.4735362529754639,0.0,-0.4744185209274292,-0.4744185209274292,0.31254321336746216,0.31254321336746216,0.2704232931137085,1.8565324544906616,0.6365166902542114,0.0,0.04211992025375366,0.04211992025375366,-0.12648917734622955,-0.12648917734622955,-0.04671083390712738,0.17783229053020477,-0.1512174904346466,0.0,-0.07977834343910217,-0.07977834343910217,0.11835674196481705,0.11835674196481705,-0.05632418394088745,1.7034214735031128,0.5918826460838318,0.0,0.1746809259057045,0.1746809259057045,0.0672159343957901,0.0672159343957901,0.07117537409067154,-1.096299171447754,-0.25209736824035645,0.0,-0.003959439694881439,-0.003959439694881439,0.2824792265892029,0.2824792265892029,-0.14046964049339294,-0.8350298404693604,0.29211902618408203,0.0,0.4229488670825958,0.4229488670825958
557,18.566666666666666,4,0,0,,4,uneven rough,5,0.0,54.0764274597168,30.554458618164062,0.24822282791137695,1.253241777420044,1.001720905303955,1.253241777420044,1.001720905303955,2.1066741943359375,2.328031539916992,0.3333333432674408,0.2288030982017517,0.21473202109336853,0.626620888710022,0.5008604526519775,0.5213234424591064,0.545539379119873,0.4567253589630127,0.730362057685852,0.6374266743659973,-0.018128886818885803,0.36492639780044556,0.36492639780044556,0.3745570778846741,-1.098118543624878,1.0070654153823853,0.0,-0.009630680084228516,-0.009630680084228516,0.2727696895599365,0.2727696895599365,0.009647831320762634,1.2675920724868774,0.2377304583787918,0.0,0.2631218582391739,0.2631218582391739,0.22836267948150635,0.22836267948150635,0.2468334287405014,0.6615532636642456,0.5635133981704712,0.0,-0.018470749258995056,-0.018470749258995056,0.5112534165382385,0.5112534165382385,0.29136502742767334,1.8645451068878174,0.31882911920547485,0.0,0.21988838911056519,0.21988838911056519,0.31871333718299866,0.31871333718299866,0.2654983401298523,1.9236085414886475,0.8738148808479309,0.0,0.05321499705314636,0.05321499705314636,-0.009064443409442902,-0.009064443409442902,-0.15831969678401947,1.4511780738830566,-0.2138025164604187,0.0,0.14925525337457657,0.14925525337457657
557,18.566666666666666,14,0,0,,4,uneven rough,5,0.0,54.487144470214844,33.00718307495117,0.19174529612064362,1.637871503829956,0.08572965860366821,1.637871503829956,0.08572965860366821,3.8106446266174316,3.8514204025268555,0.3333333432674408,0.27642178535461426,0.1671527922153473,0.818935751914978,0.042864829301834106,0.16240496933460236,-0.20431748032569885,0.7209683060646057,0.5155795216560364,0.215651735663414,0.3241432011127472,0.11368347704410553,0.11368347704410553,0.2733936011791229,-1.9382835626602173,0.7792366743087769,0.0,-0.1597101241350174,-0.1597101241350174,-0.3269079625606537,-0.3269079625606537,0.15829594433307648,-0.1784960925579071,-0.5371720194816589,0.0,-0.48520390689373016,-0.48520390689373016,0.36048415303230286,0.36048415303230286,0.05188816413283348,0.9482590556144714,-1.625256061553955,0.0,0.3085959888994694,0.3085959888994694,0.36090564727783203,0.36090564727783203,0.3399544358253479,1.7205212116241455,0.5405037999153137,0.0,0.02095121145248413,0.02095121145248413,0.107825867831707,0.107825867831707,0.12057268619537354,-1.842918872833252,1.0203139781951904,0.0,-0.012746818363666534,-0.012746818363666534,0.1620716005563736,0.1620716005563736,-0.05262336879968643,2.165916919708252,-0.4859170913696289,0.0,0.21469496935606003,0.21469496935606003
557,18.566666666666666,24,0,0,,4,uneven rough,9,0.0,79.9933853149414,36.620201110839844,0.25540754199028015,1.914416790008545,0.367171049118042,1.8494685888290405,0.367171049118042,8.40656566619873,3.6684303283691406,0.3333333432674408,0.03696781396865845,0.1795780062675476,0.9572083950042725,0.183585524559021,0.02634011209011078,0.40091997385025024,-0.44761595129966736,0.1518995612859726,0.3131350576877594,0.2249334752559662,0.018438078463077545,0.018438078463077545,0.06330303102731705,-1.9180383682250977,-0.26177167892456055,0.0,-0.0448649525642395,-0.0448649525642395,0.20045998692512512,0.20045998692512512,0.23214800655841827,-1.9966199398040771,1.3263157606124878,0.0,-0.03168801963329315,-0.03168801963329315,-0.22380797564983368,-0.22380797564983368,-0.07397011667490005,-1.110732913017273,0.03482784330844879,0.0,-0.14983785897493362,-0.14983785897493362,0.10632969439029694,0.10632969439029694,0.006258612964302301,1.7925218343734741,1.2203487157821655,0.0,0.10007108142599463,0.10007108142599463,0.1565675288438797,0.1565675288438797,0.10202333331108093,2.0213539600372314,-0.7294105887413025,0.0,0.05454419553279877,0.05454419553279877,0.1124667376279831,0.1124667376279831,-0.1167059987783432,0.5410051345825195,-0.3451729714870453,0.0,0.2291727364063263,0.2291727364063263
558,18.6,4,0,0,,4,uneven rough,5,0.0,54.10895538330078,30.548498153686523,0.260195255279541,1.4938805103302002,0.7332842946052551,1.4938805103302002,0.7332842946052551,7.375835418701172,2.0002849102020264,0.1666666716337204,0.3079319894313812,0.20056316256523132,0.7469402551651001,0.36664214730262756,0.559292197227478,0.5643091201782227,0.11921446770429611,0.7513868808746338,0.3294855058193207,0.2493690401315689,0.39150452613830566,0.39150452613830566,0.3726854622364044,0.4474602937698364,-0.1832093596458435,0.0,0.018819063901901245,0.018819063901901245,0.28215456008911133,0.28215456008911133,0.05730343982577324,1.7717256546020508,0.820016086101532,0.0,0.2248511202633381,0.2248511202633381,0.059607233852148056,0.059607233852148056,0.18203561007976532,-1.9964230060577393,0.618945300579071,0.0,-0.12242837622761726,-0.12242837622761726,0.5259708166122437,0.5259708166122437,0.34998974204063416,1.7417261600494385,1.1927796602249146,0.0,0.1759810745716095,0.1759810745716095,0.16474275290966034,0.16474275290966034,0.21734368801116943,-1.998870611190796,1.4673701524734497,0.0,-0.052600935101509094,-0.052600935101509094,0.12468452006578445,0.12468452006578445,-0.12954571843147278,1.3538531064987183,0.7275804877281189,0.0,0.25423023849725723,0.25423023849725723
558,18.6,14,0,0,,4,uneven rough,5,0.0,54.51251220703125,33.040992736816406,0.20421066880226135,1.7687839269638062,0.1954152137041092,1.7687839269638062,0.1954152137041092,7.829054832458496,5.929844856262207,0.5,0.04237274453043938,0.1385769098997116,0.8843919634819031,0.0977076068520546,0.07959344983100891,0.3962167203426361,0.5826406478881836,0.4040623605251312,0.27698078751564026,0.12598420679569244,0.0557154156267643,0.0557154156267643,0.21483872830867767,-1.4742330312728882,-0.7572541236877441,0.0,-0.15912331268191338,-0.15912331268191338,0.19810836017131805,0.19810836017131805,0.19714944064617157,0.43019628524780273,-0.3343760073184967,0.0,0.0009589195251464844,0.0009589195251464844,0.2913203239440918,0.2913203239440918,0.10471822321414948,1.880427360534668,-0.17018602788448334,0.0,0.18660210072994232,0.18660210072994232,0.2828436493873596,0.2828436493873596,0.34114471077919006,-1.7796164751052856,1.2076877355575562,0.0,-0.058301061391830444,-0.058301061391830444,0.13849039375782013,0.13849039375782013,0.1334906965494156,-0.37847864627838135,-0.598563015460968,0.0,0.004999697208404541,0.004999697208404541,0.06299210339784622,0.06299210339784622,-0.03396344184875488,1.0180867910385132,1.013434648513794,0.0,0.0969555452466011,0.0969555452466011
558,18.6,24,0,0,,4,uneven rough,9,0.0,80.04181671142578,36.57646179199219,0.24124056100845337,1.8900630474090576,0.6172266006469727,1.8741732835769653,0.6172266006469727,10.359292984008789,6.214263916015625,0.3333333432674408,-0.16349512338638306,0.14029604196548462,0.9450315237045288,0.30861330032348633,0.29775795340538025,0.07601150870323181,-0.3832574784755707,0.08100779354572296,0.40656545758247375,0.37110698223114014,0.20843055844306946,0.20843055844306946,0.09963836520910263,1.419895052909851,-1.198227882385254,0.0,0.10879219323396683,0.10879219323396683,0.038005754351615906,0.038005754351615906,0.16546127200126648,-2.0016493797302246,-0.552478015422821,0.0,-0.12745551764965057,-0.12745551764965057,-0.19162873923778534,-0.19162873923778534,-0.12368439882993698,-1.142257571220398,-0.6128742694854736,0.0,-0.06794434040784836,-0.06794434040784836,0.05670545622706413,0.05670545622706413,0.015272197313606739,0.35596486926078796,1.5438563823699951,0.0,0.041433258913457394,0.041433258913457394,0.20328272879123688,0.20328272879123688,0.16907067596912384,2.0881922245025635,0.8258765935897827,0.0,0.03421205282211304,0.03421205282211304,0.18555349111557007,0.18555349111557007,-0.0865318700671196,-1.2179033756256104,0.15587371587753296,0.0,0.27208536118268967,0.27208536118268967
559,18.633333333333333,4,0,0,,4,uneven rough,5,0.0,54.141170501708984,30.54291534423828,0.2729610800743103,1.2488434314727783,0.10368862748146057,1.2488434314727783,0.10368862748146057,6.302939414978027,0.7466170787811279,0.1666666716337204,0.33638590574264526,0.3070162832736969,0.6244217157363892,0.051844313740730286,-0.42425453662872314,0.7616567015647888,0.770429253578186,0.7035167813301086,-0.1613500714302063,0.16391310095787048,-0.2969781756401062,-0.2969781756401062,0.3262149393558502,-1.7289317846298218,0.17337238788604736,0.0,-0.6231931149959564,-0.6231931149959564,0.3808283507823944,0.3808283507823944,0.12418299168348312,1.9730613231658936,1.3581143617630005,0.0,0.2566453590989113,0.2566453590989113,0.385214626789093,0.385214626789093,0.2394646853208542,1.7320637702941895,-0.8597886562347412,0.0,0.14574994146823883,0.14574994146823883,0.4924617409706116,0.4924617409706116,0.4183523654937744,1.8058488368988037,1.503154993057251,0.0,0.07410937547683716,0.07410937547683716,-0.2581601142883301,-0.2581601142883301,0.1770491600036621,-1.3883591890335083,-0.492448627948761,0.0,-0.4352092742919922,-0.4352092742919922,0.08195655047893524,0.08195655047893524,-0.060499489307403564,1.9403849840164185,1.0816761255264282,0.0,0.1424560397863388,0.1424560397863388
559,18.633333333333333,14,0,0,,4,uneven rough,5,0.0,54.53546905517578,33.072792053222656,0.21335723996162415,1.771488070487976,0.2940884530544281,1.771488070487976,0.2940884530544281,5.284545421600342,4.334929466247559,0.3333333432674408,0.01895790360867977,0.15158222615718842,0.885744035243988,0.14704422652721405,0.5991302728652954,0.1628599464893341,0.3225748538970947,0.11100994795560837,0.2917276620864868,-0.3645433485507965,0.4193911850452423,0.4193911850452423,0.2556459605693817,1.9378830194473267,-1.162635326385498,0.0,0.1637452244758606,0.1637452244758606,0.08142997324466705,0.08142997324466705,0.14368171989917755,-1.1516412496566772,0.09791453927755356,0.0,-0.0622517466545105,-0.0622517466545105,0.16128742694854736,0.16128742694854736,0.1491207629442215,1.2584693431854248,0.989234447479248,0.0,0.012166664004325867,0.012166664004325867,0.0777069628238678,0.0777069628238678,0.2708418369293213,-1.8153581619262695,-0.48133939504623413,0.0,-0.1931348741054535,-0.1931348741054535,0.1458638310432434,0.1458638310432434,0.08260683715343475,-0.46210917830467224,-0.4741269052028656,0.0,0.06325699388980865,0.06325699388980865,-0.18227167427539825,-0.18227167427539825,-0.0889316201210022,-1.96689772605896,1.016065001487732,0.0,-0.09334005415439606,-0.09334005415439606
559,18.633333333333333,24,0,0,,4,uneven rough,9,0.0,80.09547424316406,36.53585433959961,0.22688081860542297,1.908306360244751,0.13484343886375427,1.8610650300979614,0.13484343886375427,8.991680145263672,2.50948429107666,0.3333333432674408,-0.29094016551971436,0.06757029891014099,0.9541531801223755,0.06742171943187714,-0.08546334505081177,-0.13105812668800354,0.21980087459087372,-0.0903986245393753,0.3549683094024658,-0.152211993932724,-0.05982434004545212,-0.05982434004545212,0.08046112954616547,-1.7343331575393677,0.2820635437965393,0.0,-0.14028546959161758,-0.14028546959161758,-0.20969299972057343,-0.20969299972057343,0.09887734055519104,-2.0000007152557373,-1.3718421459197998,0.0,-0.30857034027576447,-0.30857034027576447,0.10990043729543686,0.10990043729543686,-0.058650076389312744,2.000000238418579,-0.9121885299682617,0.0,0.1685505136847496,0.1685505136847496,-0.06327903270721436,-0.06327903270721436,-0.01851608045399189,-1.985980749130249,0.8722203969955444,0.0,-0.044762952253222466,-0.044762952253222466,0.1774841547012329,0.1774841547012329,0.18734110891819,-0.4650789499282837,1.5395921468734741,0.0,-0.009856954216957092,-0.009856954216957092,-0.076105996966362,-0.076105996966362,-0.07866816222667694,0.11539632081985474,-0.6208623051643372,0.0,0.0025621652603149414,0.0025621652603149414
560,18.666666666666668,4,0,0,,4,uneven rough,5,0.0,54.171573638916016,30.5560245513916,0.28511855006217957,1.0783109664916992,0.3621397316455841,1.0783109664916992,0.3621397316455841,6.3230719566345215,2.8968372344970703,0.3333333432674408,0.335480660200119,0.20837140083312988,0.5391554832458496,0.18106986582279205,-0.22165878117084503,0.7394980192184448,0.6094937324523926,0.466637521982193,-0.07481720298528671,-0.34014034271240234,-0.15516114234924316,-0.15516114234924316,0.28514301776885986,-0.8407765626907349,-0.9021937847137451,0.0,-0.440304160118103,-0.440304160118103,0.3697490096092224,0.3697490096092224,0.18490947782993317,1.9663796424865723,1.7058064937591553,0.0,0.18483953177928925,0.18483953177928925,0.3047468662261963,0.3047468662261963,0.24804174900054932,0.795540452003479,0.6056493520736694,0.0,0.05670511722564697,0.05670511722564697,0.32664626836776733,0.32664626836776733,0.4149554669857025,-1.9761466979980469,1.674298644065857,0.0,-0.08830919861793518,-0.08830919861793518,-0.11970752477645874,-0.11970752477645874,0.14292855560779572,-0.9181260466575623,-0.9989980459213257,0.0,-0.26263608038425446,-0.26263608038425446,-0.17007017135620117,-0.17007017135620117,-0.04392322897911072,0.07281137257814407,1.5671916007995605,0.0,-0.12614694237709045,-0.12614694237709045
560,18.666666666666668,14,0,0,,4,uneven rough,5,0.0,54.55608367919922,33.107906341552734,0.21345320343971252,1.681891679763794,-1.260878324508667,1.681891679763794,-1.260878324508667,8.69019889831543,2.7244346141815186,0.1666666716337204,0.3764822483062744,0.030861428007483482,0.840945839881897,-0.6304391622543335,0.2959444522857666,0.18752016127109528,0.43881845474243164,-0.02081829495728016,0.2483852207660675,-0.7014386653900146,0.20716111361980438,0.20716111361980438,0.24965006113052368,-1.432160496711731,0.5904033184051514,0.0,-0.0424889475107193,-0.0424889475107193,0.09376008063554764,0.09376008063554764,0.11273298412561417,-1.1516565084457397,-0.6085865497589111,0.0,-0.01897290349006653,-0.01897290349006653,0.21940922737121582,0.21940922737121582,0.18846310675144196,0.9026507139205933,1.1414602994918823,0.0,0.030946120619773865,0.030946120619773865,-0.014572806656360626,-0.014572806656360626,0.21893441677093506,-1.4634584188461304,-1.235595941543579,0.0,-0.23350722342729568,-0.23350722342729568,0.12419261038303375,0.12419261038303375,0.11936482787132263,0.5898718237876892,-0.46733206510543823,0.0,0.004827782511711121,0.004827782511711121,-0.3507193326950073,-0.3507193326950073,-0.13628093898296356,-1.3518248796463013,-0.6705074906349182,0.0,-0.21443839371204376,-0.21443839371204376
560,18.666666666666668,24,0,0,,4,uneven rough,9,0.0,80.1490478515625,36.49652862548828,0.21614304184913635,1.9080287218093872,0.39565762877464294,1.8817473649978638,0.39565762877464294,9.931952476501465,0.0,0.0,-0.3095840811729431,0.24199125170707703,0.9540143609046936,0.19782881438732147,0.6081472635269165,0.16678349673748016,-0.15215320885181427,0.05319400504231453,0.13068519532680511,-0.4703991413116455,0.4257030785083771,0.4257030785083771,0.09153065085411072,1.0357022285461426,-0.8580107688903809,0.0,0.33417242765426636,0.33417242765426636,0.08339174836874008,0.08339174836874008,0.05593770742416382,-0.1222345307469368,-1.727004051208496,0.0,0.027454040944576263,0.027454040944576263,-0.07607660442590714,-0.07607660442590714,-0.06571415811777115,0.27065908908843994,0.7343682050704956,0.0,-0.010362446308135986,-0.010362446308135986,0.0372358039021492,0.0372358039021492,-0.02416376583278179,1.3861252069473267,-0.7438116669654846,0.0,0.06139956973493099,0.06139956973493099,0.06534259766340256,0.06534259766340256,0.13353654742240906,-1.6778956651687622,0.4061475098133087,0.0,-0.0681939497590065,-0.0681939497590065,-0.23519957065582275,-0.23519957065582275,-0.13003802299499512,-2.00000262260437,-0.20458035171031952,0.0,-0.10516154766082764,-0.10516154766082764
561,18.7,4,0,0,,4,uneven rough,5,0.0,54.20044708251953,30.57093620300293,0.2876228988170624,1.3761261701583862,0.3662649691104889,1.3761261701583862,0.3662649691104889,4.004840850830078,1.985517978668213,0.3333333432674408,0.0246267132461071,0.14372070133686066,0.6880630850791931,0.18313248455524445,0.5606390237808228,0.0014601339353248477,0.5540890097618103,-0.040297891944646835,0.08302187919616699,-0.6346386671066284,0.3924473226070404,0.3924473226070404,0.3282405436038971,1.995310664176941,-0.8674683570861816,0.0,0.06420677900314331,0.06420677900314331,0.0007300669676624238,0.0007300669676624238,0.12924319505691528,-1.9809924364089966,1.8531349897384644,0.0,-0.12851312808925286,-0.12851312808925286,0.27704450488090515,0.27704450488090515,0.23413825035095215,-0.1988244503736496,0.7130141258239746,0.0,0.042906254529953,0.042906254529953,-0.028208523988723755,-0.028208523988723755,0.34574446082115173,-1.8708670139312744,-0.3896696865558624,0.0,-0.3739529848098755,-0.3739529848098755,0.041510939598083496,0.041510939598083496,0.07688292860984802,-1.605873703956604,-0.9532728791236877,0.0,-0.035371989011764526,-0.035371989011764526,-0.3173193335533142,-0.3173193335533142,-0.06624026596546173,-0.9889255166053772,0.7222663164138794,0.0,-0.2510790675878525,-0.2510790675878525
561,18.7,14,0,0,,4,uneven rough,5,0.0,54.580963134765625,33.13950729370117,0.21976783871650696,1.3311684131622314,-0.042523033916950226,1.3311684131622314,-0.042523033916950226,3.3935694694519043,1.8504304885864258,0.3333333432674408,0.41917121410369873,0.21064667403697968,0.6655842065811157,-0.021261516958475113,0.890697181224823,0.16423827409744263,0.27323466539382935,0.25547027587890625,0.1344696283340454,-0.4174042344093323,0.6234880089759827,0.6234880089759827,0.2939157485961914,1.539249062538147,-0.5531578660011292,0.0,0.32957226037979126,0.32957226037979126,0.08211913704872131,0.08211913704872131,0.08407443761825562,0.36271408200263977,-0.9156392812728882,0.0,-0.0019553005695343018,-0.0019553005695343018,0.13661733269691467,0.13661733269691467,0.1462058126926422,-1.6391040086746216,1.0064369440078735,0.0,-0.009588479995727539,-0.009588479995727539,0.17882919311523438,0.17882919311523438,0.16032074391841888,-0.8365325331687927,-1.3644298315048218,0.0,0.01850844919681549,0.01850844919681549,0.0672348141670227,0.0672348141670227,0.06950882822275162,-0.7476499676704407,0.13041290640830994,0.0,-0.0022740140557289124,-0.0022740140557289124,-0.20870211720466614,-0.20870211720466614,-0.18673351407051086,-0.9588397741317749,-1.0557255744934082,0.0,-0.021968603134155273,-0.021968603134155273
561,18.7,24,0,0,,4,uneven rough,9,0.0,80.1966781616211,36.448246002197266,0.2164595127105713,1.814948558807373,0.15569286048412323,1.814948558807373,0.15569286048412323,9.1412935256958,0.3851334750652313,0.1666666716337204,-0.4635072648525238,0.16477271914482117,0.9074742794036865,0.07784643024206161,-0.28808829188346863,0.3973466753959656,0.07859554886817932,0.15293723344802856,0.21674267947673798,0.032910656183958054,-0.20166179537773132,-0.20166179537773132,0.03835282102227211,-1.4301470518112183,0.21269796788692474,0.0,-0.24001461640000343,-0.24001461640000343,0.1986733376979828,0.1986733376979828,0.1173885390162468,1.9317795038223267,-0.8196645379066467,0.0,0.08128479868173599,0.08128479868173599,0.03929777443408966,0.03929777443408966,0.0055793533101677895,1.7146437168121338,0.47218623757362366,0.0,0.03371842112392187,0.03371842112392187,0.10705605894327164,0.10705605894327164,0.03894592821598053,1.8063843250274658,0.4604584574699402,0.0,0.06811013072729111,0.06811013072729111,0.10837133973836899,0.10837133973836899,0.1677805483341217,1.078850269317627,-0.7721742391586304,0.0,-0.059409208595752716,-0.059409208595752716,0.016455328091979027,0.016455328091979027,-0.10440397262573242,-0.7938053011894226,-1.2197153568267822,0.0,0.12085930071771145,0.12085930071771145
562,18.733333333333334,4,0,0,,4,uneven rough,5,0.0,54.228633880615234,30.588760375976562,0.2794802784919739,1.2864845991134644,-1.0740251541137695,1.2864845991134644,-1.0740251541137695,1.5898628234863281,1.77716064453125,0.3333333432674408,-0.17467956244945526,0.056013476103544235,0.6432422995567322,-0.5370125770568848,0.26200610399246216,0.04176344722509384,0.7350842952728271,-0.03497149050235748,0.17416958510875702,-0.6312559843063354,0.18340426683425903,0.18340426683425903,0.3013182282447815,-1.8143284320831299,0.7511520385742188,0.0,-0.11791396141052246,-0.11791396141052246,0.02088172361254692,0.02088172361254692,0.06566916406154633,-1.9981110095977783,-0.3146875500679016,0.0,-0.044787440448999405,-0.044787440448999405,0.3675421476364136,0.3675421476364136,0.2682473361492157,1.3808939456939697,0.19745895266532898,0.0,0.09929481148719788,0.09929481148719788,-0.024480042979121208,-0.024480042979121208,0.30628296732902527,-1.5676969289779663,-1.227141261100769,0.0,-0.3307630103081465,-0.3307630103081465,0.08708479255437851,0.08708479255437851,0.09958647936582565,1.211427927017212,-1.3222545385360718,0.0,-0.012501686811447144,-0.012501686811447144,-0.3156279921531677,-0.3156279921531677,-0.08166801184415817,-0.28104346990585327,-0.24524462223052979,0.0,-0.23395998030900955,-0.23395998030900955
562,18.733333333333334,14,0,0,,4,uneven rough,5,0.0,54.609169006347656,33.170223236083984,0.21974366903305054,1.332477331161499,-0.8081980347633362,1.332477331161499,-0.8081980347633362,4.345996379852295,0.5710750818252563,0.2545420527458191,0.37198328971862793,0.15832200646400452,0.6662386655807495,-0.4040990173816681,0.3073329031467438,0.28646618127822876,0.3421856760978699,0.37057167291641235,0.341602087020874,-0.48410534858703613,0.21513302624225616,0.21513302624225616,0.2379172146320343,-1.9755635261535645,0.6298927664756775,0.0,-0.022784188389778137,-0.022784188389778137,0.14323309063911438,0.14323309063911438,0.14838531613349915,1.2772529125213623,-0.19285598397254944,0.0,-0.005152225494384766,-0.005152225494384766,0.17109283804893494,0.17109283804893494,0.15682663023471832,-0.007091819774359465,-0.48935666680336,0.0,0.014266207814216614,0.014266207814216614,0.2594001591205597,0.2594001591205597,0.22316765785217285,1.9741512537002563,-1.0659557580947876,0.0,0.03623250126838684,0.03623250126838684,0.170801043510437,0.170801043510437,0.13263840973377228,1.8337630033493042,-0.36604541540145874,0.0,0.038162633776664734,0.038162633776664734,-0.24205267429351807,-0.24205267429351807,-0.21078763902187347,-0.315070778131485,-1.0009461641311646,0.0,-0.03126503527164459,-0.03126503527164459
562,18.733333333333334,24,0,0,,4,uneven rough,9,0.0,80.239013671875,36.400142669677734,0.2357558012008667,1.8912138938903809,-0.3497203588485718,1.8912138938903809,-0.3497203588485718,10.33954906463623,4.171948432922363,0.3333333432674408,-0.5650230646133423,0.24254167079925537,0.9456069469451904,-0.1748601794242859,0.2075859010219574,0.4592495560646057,-0.03370964899659157,-0.18806518614292145,0.2071523219347,0.1705622524023056,0.14531013369560242,0.14531013369560242,0.10027534514665604,1.865957260131836,-0.716169536113739,0.0,0.04503478854894638,0.04503478854894638,0.22962477803230286,0.22962477803230286,0.18118980526924133,1.972558617591858,0.7360068559646606,0.0,0.04843497276306152,0.04843497276306152,-0.016854824498295784,-0.016854824498295784,0.04635491967201233,0.5119258165359497,1.1746739149093628,0.0,-0.06320974417030811,-0.06320974417030811,-0.13164563477039337,-0.13164563477039337,-0.025524083524942398,-1.9732435941696167,1.2214473485946655,0.0,-0.10612155124545097,-0.10612155124545097,0.10357616096735,0.10357616096735,0.12558364868164062,-1.5358600616455078,0.2743983268737793,0.0,-0.02200748771429062,-0.02200748771429062,0.0852811262011528,0.0852811262011528,-0.08682895451784134,-1.3111538887023926,-0.9789050221443176,0.0,0.17211008071899414,0.17211008071899414
563,18.766666666666666,4,0,0,,4,uneven rough,5,0.0,54.25821304321289,30.60765266418457,0.27263227105140686,1.404214859008789,0.4888553321361542,1.404214859008789,0.4888553321361542,2.616751194000244,1.4040178060531616,0.3333333432674408,-0.12027308344841003,0.2315996140241623,0.7021074295043945,0.2444276660680771,0.8479183316230774,0.1396331936120987,0.2548840045928955,0.131206676363945,0.08891887217760086,-0.054089561104774475,0.5935428142547607,0.5935428142547607,0.335398405790329,2.000000238418579,-0.6993752121925354,0.0,0.25814440846443176,0.25814440846443176,0.06981659680604935,0.06981659680604935,0.04261811450123787,1.0776101350784302,-1.2664982080459595,0.0,0.027198482304811478,0.027198482304811478,0.12744200229644775,0.12744200229644775,0.20836563408374786,-2.0000007152557373,0.8665752410888672,0.0,-0.08092363178730011,-0.08092363178730011,0.09184467047452927,0.09184467047452927,0.2343379706144333,-1.9987225532531738,-1.419692039489746,0.0,-0.14249330013990402,-0.14249330013990402,0.04445943608880043,0.04445943608880043,0.06841011345386505,-0.8659871220588684,0.11029406636953354,0.0,-0.02395067736506462,-0.02395067736506462,-0.027044780552387238,-0.027044780552387238,-0.04737290367484093,1.8116973638534546,-0.26548534631729126,0.0,0.02032812312245369,0.02032812312245369
563,18.766666666666666,14,0,0,,4,uneven rough,5,0.0,54.64271926879883,33.19713592529297,0.21323390305042267,1.289971113204956,1.1509449481964111,1.289971113204956,1.1509449481964111,6.245507717132568,3.027709484100342,0.4859698712825775,0.38238081336021423,0.12031643092632294,0.644985556602478,0.5754724740982056,0.824742317199707,0.37133222818374634,-0.4279799461364746,0.552538275718689,0.4726214110851288,0.18498028814792633,0.5773196220397949,0.5773196220397949,0.25563329458236694,1.6228598356246948,-0.8432368636131287,0.0,0.321686327457428,0.321686327457428,0.18566611409187317,0.18566611409187317,0.1950521171092987,0.35117393732070923,0.6383461952209473,0.0,-0.009386003017425537,-0.009386003017425537,-0.2139899730682373,-0.2139899730682373,0.09561363607645035,-1.9981673955917358,-0.2166832536458969,0.0,-0.30960360914468765,-0.30960360914468765,0.38677677512168884,0.38677677512168884,0.2798197567462921,1.9822579622268677,0.6529262065887451,0.0,0.10695701837539673,0.10695701837539673,0.2363107055425644,0.2363107055425644,0.19659478962421417,1.9120888710021973,0.8777301907539368,0.0,0.03971591591835022,0.03971591591835022,0.09249014407396317,0.09249014407396317,-0.15839432179927826,-1.3775078058242798,-0.6131510138511658,0.0,0.2508844658732414,0.2508844658732414
563,18.766666666666666,24,0,0,,4,uneven rough,9,0.0,80.28934478759766,36.36201095581055,0.24903449416160583,1.7500977516174316,-0.5592086315155029,1.7500977516174316,-0.5592086315155029,8.422781944274902,3.679215908050537,0.3333333432674408,-0.552592933177948,0.17405998706817627,0.8750488758087158,-0.27960431575775146,-0.2057027518749237,0.3636532425880432,-0.23391257226467133,-0.05415903404355049,0.22173413634300232,-0.3737260401248932,-0.14399191737174988,-0.14399191737174988,0.05402557551860809,-1.465851068496704,0.7437695860862732,0.0,-0.19801749289035797,-0.19801749289035797,0.1818266212940216,0.1818266212940216,0.1977206915616989,-0.12297587096691132,1.4351553916931152,0.0,-0.015894070267677307,-0.015894070267677307,-0.11695628613233566,-0.11695628613233566,0.006003199610859156,-0.6198837757110596,0.7999549508094788,0.0,-0.12295948574319482,-0.12295948574319482,-0.037911321967840195,-0.037911321967840195,-0.032261788845062256,-0.5111576318740845,-0.5848366022109985,0.0,-0.005649533122777939,-0.005649533122777939,0.11086706817150116,0.11086706817150116,0.08596940338611603,0.3339841365814209,-0.7491250038146973,0.0,0.024897664785385132,0.024897664785385132,-0.1868630200624466,-0.1868630200624466,-0.16447456181049347,-2.0105319023132324,-1.1667591333389282,0.0,-0.022388458251953125,-0.022388458251953125
564,18.8,4,0,0,,4,uneven rough,5,0.0,54.28928756713867,30.631301879882812,0.25718846917152405,0.8214101791381836,-0.4317671060562134,0.8214101791381836,-0.4317671060562134,4.195194244384766,0.0,0.0,-0.004364321939647198,0.2546865940093994,0.4107050895690918,-0.2158835530281067,0.2401079684495926,0.4770511984825134,0.45168864727020264,0.2444005161523819,0.2905755341053009,-0.4808846414089203,0.1680755764245987,0.1680755764245987,0.3053070604801178,-1.711287498474121,0.8268564939498901,0.0,-0.1372314840555191,-0.1372314840555191,0.2385255992412567,0.2385255992412567,0.1026216670870781,1.2010971307754517,0.058864861726760864,0.0,0.13590393215417862,0.13590393215417862,0.22584432363510132,0.22584432363510132,0.1818733662366867,-1.0518454313278198,-0.7541919350624084,0.0,0.04397095739841461,0.04397095739841461,0.17108036577701569,0.17108036577701569,0.20554636418819427,-0.9276342988014221,-1.7470769882202148,0.0,-0.03446599841117859,-0.03446599841117859,0.14528776705265045,0.14528776705265045,0.13439437747001648,1.9975115060806274,-0.44169706106185913,0.0,0.010893389582633972,0.010893389582633972,-0.24044232070446014,-0.24044232070446014,-0.0863664522767067,-1.0405755043029785,0.9089574813842773,0.0,-0.15407586842775345,-0.15407586842775345
564,18.8,14,0,0,,4,uneven rough,5,0.0,54.6665153503418,33.226417541503906,0.20781293511390686,1.851820707321167,1.4127976894378662,1.851820707321167,1.4127976894378662,9.076650619506836,3.3333334922790527,0.1666666716337204,0.21854540705680847,0.28861284255981445,0.9259103536605835,0.7063988447189331,-0.0815923884510994,0.12486711144447327,0.17944714426994324,0.6136196255683899,0.41915810108184814,0.10973281413316727,-0.05711467191576958,-0.05711467191576958,0.21429261565208435,-1.9417216777801514,0.551098644733429,0.0,-0.2714072875678539,-0.2714072875678539,0.06243355572223663,0.06243355572223663,0.14282745122909546,-1.8209866285324097,0.4759784936904907,0.0,-0.08039389550685883,-0.08039389550685883,0.08972357213497162,0.08972357213497162,0.06368982046842575,0.3281286954879761,-1.2239376306533813,0.0,0.026033751666545868,0.026033751666545868,0.4295337200164795,0.4295337200164795,0.3418523073196411,1.8842931985855103,1.404532790184021,0.0,0.08768141269683838,0.08768141269683838,0.20957905054092407,0.20957905054092407,0.1539190411567688,-1.1816847324371338,1.4625585079193115,0.0,0.05566000938415527,0.05566000938415527,0.05486640706658363,0.05486640706658363,-0.16421273350715637,0.8700327277183533,-1.045319676399231,0.0,0.21907914057374,0.21907914057374
564,18.8,24,0,0,,4,uneven rough,9,0.0,80.33728790283203,36.31899642944336,0.24459514021873474,1.8925402164459229,0.49660953879356384,1.8925402164459229,0.49660953879356384,9.986730575561523,0.8505064845085144,0.3333333432674408,-0.3959369361400604,0.20894955098628998,0.9462701082229614,0.24830476939678192,0.42052140831947327,0.33999624848365784,-0.0075484756380319595,-0.034636106342077255,0.308531254529953,-0.34389957785606384,0.2943649888038635,0.2943649888038635,0.09985481947660446,1.295780062675476,-0.5055539011955261,0.0,0.19451016932725906,0.19451016932725906,0.16999812424182892,0.16999812424182892,0.1805541068315506,-1.199808120727539,0.554185152053833,0.0,-0.01055598258972168,-0.01055598258972168,-0.0037742378190159798,-0.0037742378190159798,0.015407584607601166,0.32872891426086426,-0.0028244061395525932,0.0,-0.019181822426617146,-0.019181822426617146,-0.02424527332186699,-0.02424527332186699,-0.0645313411951065,0.6528650522232056,-0.543178379535675,0.0,0.04028606787323952,0.04028606787323952,0.1542656272649765,0.1542656272649765,0.1414046436548233,1.7234547138214111,-0.13673314452171326,0.0,0.012860983610153198,0.012860983610153198,-0.17194978892803192,-0.17194978892803192,-0.18549475073814392,-0.28296422958374023,-1.6438298225402832,0.0,0.013544961810112,0.013544961810112
565,18.833333333333332,4,0,0,,4,uneven rough,5,0.0,54.32162857055664,30.646596908569336,0.23375022411346436,0.8071528077125549,0.6673542857170105,0.8071528077125549,0.6673542857170105,1.9291566610336304,1.230654239654541,0.3333333432674408,-0.1121010109782219,0.20350806415081024,0.40357640385627747,0.33367714285850525,0.9082260727882385,0.011472411453723907,0.166237011551857,0.4088593125343323,0.3558347821235657,0.03767617791891098,0.6357582211494446,0.6357582211494446,0.31283706426620483,0.9444206357002258,-0.6082146763801575,0.0,0.32292115688323975,0.32292115688323975,0.005736205726861954,0.005736205726861954,0.03805503621697426,-1.9622981548309326,0.7046850323677063,0.0,-0.032318830490112305,-0.032318830490112305,0.0831185057759285,0.0831185057759285,0.1169409230351448,-1.9926477670669556,-0.9224857687950134,0.0,-0.03382241725921631,-0.03382241725921631,0.28620150685310364,0.28620150685310364,0.19393384456634521,0.842337429523468,-1.2837625741958618,0.0,0.09226766228675842,0.09226766228675842,0.17791739106178284,0.17791739106178284,0.17673712968826294,1.7080931663513184,0.9374358057975769,0.0,0.0011802613735198975,0.0011802613735198975,0.01883808895945549,0.01883808895945549,-0.03421569615602493,1.8403936624526978,-0.19331195950508118,0.0,0.05305378511548042,0.05305378511548042
565,18.833333333333332,14,0,0,,4,uneven rough,5,0.0,54.68256759643555,33.265621185302734,0.20787806808948517,1.7603154182434082,-0.04728759825229645,1.7603154182434082,-0.04728759825229645,8.37582015991211,6.6666669845581055,0.3333333432674408,0.4180622696876526,0.12818986177444458,0.8801577091217041,-0.023643799126148224,-0.009830428287386894,0.1280888319015503,0.5212511420249939,0.10066396743059158,-0.000939137942623347,0.32419291138648987,-0.006881299894303083,-0.006881299894303083,0.15535974502563477,-1.5363949537277222,-0.8583464622497559,0.0,-0.16224104491993785,-0.16224104491993785,0.06404441595077515,0.06404441595077515,0.08262313157320023,-0.3991584777832031,-0.8227297067642212,0.0,-0.01857871562242508,-0.01857871562242508,0.26062557101249695,0.26062557101249695,0.11050228029489517,0.993705689907074,-0.3463965356349945,0.0,0.15012329071760178,0.15012329071760178,0.07046477496623993,0.07046477496623993,0.3082474172115326,-1.989970326423645,1.6757901906967163,0.0,-0.23778264224529266,-0.23778264224529266,-0.001502620754763484,-0.001502620754763484,0.09366516023874283,-1.9929733276367188,-0.03250136226415634,0.0,-0.09516778099350631,-0.09516778099350631,0.16209645569324493,0.16209645569324493,-0.11431743204593658,0.7015079259872437,0.03762400895357132,0.0,0.2764138877391815,0.2764138877391815
565,18.833333333333332,24,0,0,,4,uneven rough,9,0.0,80.37688446044922,36.27006149291992,0.23593628406524658,1.8375948667526245,0.4890788495540619,1.8375948667526245,0.4890788495540619,9.57264518737793,0.0,0.0,-0.7127871513366699,0.15857692062854767,0.9187974333763123,0.24453942477703094,0.28675252199172974,0.2071405053138733,0.06896711885929108,0.2939131557941437,0.42336344718933105,0.0616392120718956,0.20072676241397858,0.20072676241397858,0.15555284917354584,1.9842108488082886,0.512923538684845,0.0,0.04517391324043274,0.04517391324043274,0.10357025265693665,0.10357025265693665,0.13843461871147156,-0.8796606063842773,-0.43752577900886536,0.0,-0.03486436605453491,-0.03486436605453491,0.03448355942964554,0.03448355942964554,0.02297643944621086,-0.5032256841659546,0.1846364289522171,0.0,0.011507119983434677,0.011507119983434677,0.20573920011520386,0.20573920011520386,-0.01777445338666439,1.3879684209823608,0.13306672871112823,0.0,0.22351365350186825,0.22351365350186825,0.21168172359466553,0.21168172359466553,0.17910657823085785,0.6632606387138367,0.9150204062461853,0.0,0.03257514536380768,0.03257514536380768,0.0308196060359478,0.0308196060359478,-0.17411893606185913,0.7202678918838501,-0.8743939399719238,0.0,0.20493854209780693,0.20493854209780693
566,18.866666666666667,4,0,0,,4,uneven rough,5,0.0,54.3570671081543,30.65587615966797,0.2215786874294281,1.334223985671997,-0.7547999620437622,1.334223985671997,-0.7547999620437622,5.603532314300537,3.3333334922790527,0.1666666716337204,-0.011650314554572105,0.07037026435136795,0.6671119928359985,-0.3773999810218811,0.516252338886261,-0.12714944779872894,0.8048560619354248,0.6305184960365295,0.35769128799438477,-0.12961210310459137,0.36137664318084717,0.36137664318084717,0.3318670094013214,0.9903659224510193,0.26964810490608215,0.0,0.029509633779525757,0.029509633779525757,-0.2034391164779663,-0.2034391164779663,0.004511413164436817,1.3183012008666992,-0.8032320141792297,0.0,-0.20795052964240313,-0.20795052964240313,0.4024280309677124,0.4024280309677124,0.12311725318431854,-0.09072966873645782,-1.5275572538375854,0.0,0.27931077778339386,0.27931077778339386,0.4413629472255707,0.4413629472255707,0.246847465634346,1.130439043045044,-0.08166184276342392,0.0,0.19451548159122467,0.19451548159122467,0.17884564399719238,0.17884564399719238,0.14906428754329681,-0.1206173226237297,1.373166799545288,0.0,0.02978135645389557,0.02978135645389557,-0.06480605155229568,-0.06480605155229568,-0.045230016112327576,-0.3211454749107361,0.9565488696098328,0.0,-0.01957603543996811,-0.01957603543996811
566,18.866666666666667,14,0,0,,4,uneven rough,5,0.0,54.705528259277344,33.308380126953125,0.2191390097141266,1.8043922185897827,0.017899518832564354,1.8043922185897827,0.017899518832564354,6.186200141906738,1.4820888042449951,0.5,0.3950223922729492,0.17382881045341492,0.9021961092948914,0.008949759416282177,0.5577073097229004,0.3461315631866455,0.4079476296901703,-0.08252778649330139,-0.08139818906784058,-0.44408971071243286,0.3903951048851013,0.3903951048851013,0.1925506442785263,1.9069429636001587,-1.2417162656784058,0.0,0.197844460606575,0.197844460606575,0.17306578159332275,0.17306578159332275,0.13983061909675598,1.9886517524719238,-0.5832417607307434,0.0,0.03323516249656677,0.03323516249656677,0.20397381484508514,0.20397381484508514,0.13485246896743774,0.48897579312324524,0.4112996757030487,0.0,0.0691213458776474,0.0691213458776474,-0.057769451290369034,-0.057769451290369034,0.23514175415039062,-2.000394821166992,-0.39683741331100464,0.0,-0.29291120544075966,-0.29291120544075966,-0.13023710250854492,-0.13023710250854492,0.07233960181474686,-0.022733021527528763,-1.1409556865692139,0.0,-0.20257670432329178,-0.20257670432329178,-0.22204485535621643,-0.22204485535621643,-0.12474500387907028,-0.24945469200611115,0.4129851758480072,0.0,-0.09729985147714615,-0.09729985147714615
566,18.866666666666667,24,0,0,,4,uneven rough,9,0.0,80.41891479492188,36.22588348388672,0.2358303666114807,1.9109718799591064,0.10867395251989365,1.888918161392212,0.10867395251989365,9.91811752319336,5.059747219085693,0.3333333432674408,-0.5422425866127014,0.22462981939315796,0.9554859399795532,0.05433697625994682,-0.3446008265018463,-0.0629076212644577,0.24273276329040527,0.17123053967952728,0.6439551115036011,0.20395807921886444,-0.24122057855129242,-0.24122057855129242,0.12077764421701431,-1.1743379831314087,1.3447920083999634,0.0,-0.36199822276830673,-0.36199822276830673,-0.10065219551324844,-0.10065219551324844,0.11824239045381546,1.0580856800079346,-0.6875095963478088,0.0,-0.2188945859670639,-0.2188945859670639,0.12136638164520264,0.12136638164520264,0.07403679192066193,0.35420265793800354,-0.20428204536437988,0.0,0.04732958972454071,0.04732958972454071,0.11986137926578522,0.11986137926578522,0.047885578125715256,1.8166269063949585,0.8425903916358948,0.0,0.07197580114006996,0.07197580114006996,0.32197755575180054,0.32197755575180054,0.21716009080410004,1.3520411252975464,0.7726749777793884,0.0,0.1048174649477005,0.1048174649477005,0.10197903960943222,0.10197903960943222,-0.12255571037530899,0.434734046459198,0.027230719104409218,0.0,0.2245347499847412,0.2245347499847412
567,18.9,4,0,0,,4,uneven rough,5,0.0,54.393611907958984,30.673036575317383,0.22541387379169464,1.2854998111724854,-0.16356441378593445,1.2854998111724854,-0.16356441378593445,3.207568645477295,4.3497138023376465,0.6666666865348816,-0.3326583802700043,0.14017659425735474,0.6427499055862427,-0.08178220689296722,-0.10924193263053894,0.4115370810031891,0.7473552227020264,0.5660044550895691,0.30448275804519653,0.2457423061132431,-0.07646935433149338,-0.07646935433149338,0.2830742597579956,-1.7625563144683838,0.6771432757377625,0.0,-0.359543614089489,-0.359543614089489,0.20576854050159454,0.20576854050159454,0.07064631581306458,1.347829818725586,0.39628666639328003,0.0,0.13512222468852997,0.13512222468852997,0.3736776113510132,0.3736776113510132,0.15082266926765442,0.5125262141227722,-0.7151724100112915,0.0,0.22285494208335876,0.22285494208335876,0.39620310068130493,0.39620310068130493,0.3128412067890167,1.7923787832260132,0.6036621928215027,0.0,0.08336189389228821,0.08336189389228821,0.15224137902259827,0.15224137902259827,0.15782590210437775,-0.0980776771903038,0.5285785794258118,0.0,-0.00558452308177948,-0.00558452308177948,0.12287115305662155,0.12287115305662155,0.009219062514603138,0.6049612760543823,0.23413819074630737,0.0,0.11365209054201841,0.11365209054201841
567,18.9,14,0,0,,4,uneven rough,5,0.0,54.728702545166016,33.35015106201172,0.2190045714378357,1.5551025867462158,-0.6311834454536438,1.5551025867462158,-0.6311834454536438,3.355341672897339,1.0986546277999878,0.3333333432674408,0.41167157888412476,0.01255132257938385,0.7775512933731079,-0.3155917227268219,0.5485482215881348,0.3535422086715698,0.10714337229728699,0.035397738218307495,0.5790483355522156,-0.6420124769210815,0.3839837610721588,0.3839837610721588,0.25664952397346497,1.9282981157302856,0.538541316986084,0.0,0.12733423709869385,0.12733423709869385,0.1767711043357849,0.1767711043357849,0.18862544000148773,0.10659068822860718,0.8709114789962769,0.0,-0.01185433566570282,-0.01185433566570282,0.053571686148643494,0.053571686148643494,0.08180876076221466,-1.8558502197265625,0.4552178978919983,0.0,-0.028237074613571167,-0.028237074613571167,0.024778416380286217,0.024778416380286217,0.16981561481952667,-1.9124996662139893,-1.3034915924072266,0.0,-0.14503719843924046,-0.14503719843924046,0.2895241677761078,0.2895241677761078,0.12020757049322128,1.1715539693832397,-0.5087105631828308,0.0,0.1693165972828865,0.1693165972828865,-0.32100623846054077,-0.32100623846054077,-0.18898828327655792,-1.6194630861282349,0.03844049572944641,0.0,-0.13201795518398285,-0.13201795518398285
567,18.9,24,0,0,,4,uneven rough,9,0.0,80.45899200439453,36.181129455566406,0.2444506585597992,1.8337368965148926,0.190705806016922,1.8337368965148926,0.190705806016922,8.958915710449219,3.465902090072632,0.3333333432674408,-0.13432979583740234,0.1794767826795578,0.9168684482574463,0.095352903008461,0.22875908017158508,-0.0864604264497757,-0.35581398010253906,0.1402808576822281,0.5151939392089844,0.12665094435214996,0.16013135015964508,0.16013135015964508,0.14453019201755524,1.7801460027694702,-0.0795285776257515,0.0,0.015601158142089844,0.015601158142089844,-0.1383366882801056,-0.1383366882801056,0.09581012278795242,0.7284567952156067,0.29945310950279236,0.0,-0.23414681106805801,-0.23414681106805801,-0.17790699005126953,-0.17790699005126953,0.028671162202954292,0.4561578333377838,0.11148620396852493,0.0,-0.20657815225422382,-0.20657815225422382,0.0981965959072113,0.0981965959072113,0.07939006388187408,0.5159581303596497,1.3933124542236328,0.0,0.01880653202533722,0.01880653202533722,0.2575969696044922,0.2575969696044922,0.2120676338672638,1.341284155845642,1.1002496480941772,0.0,0.045529335737228394,0.045529335737228394,0.06332547217607498,0.06332547217607498,-0.07111615687608719,1.212367057800293,0.25763383507728577,0.0,0.13444162905216217,0.13444162905216217
568,18.933333333333334,4,0,0,,4,uneven rough,5,0.0,54.43218231201172,30.693775177001953,0.2290797233581543,1.260005235671997,0.4834449291229248,1.260005235671997,0.4834449291229248,6.151934623718262,2.978433609008789,0.5,-0.2881898880004883,0.09877177327871323,0.6300026178359985,0.2417224645614624,0.5444458723068237,0.17842499911785126,-0.15127252042293549,0.37237969040870667,0.2005871683359146,0.038803353905677795,0.38111209869384766,0.38111209869384766,0.33728155493736267,1.980093240737915,-0.7022672295570374,0.0,0.043830543756484985,0.043830543756484985,0.08921249955892563,0.08921249955892563,0.08951646089553833,0.4521116614341736,0.934290885925293,0.0,-0.0003039613366127014,-0.0003039613366127014,-0.07563626021146774,-0.07563626021146774,0.08567917346954346,-1.9934414625167847,-0.021029412746429443,0.0,-0.1613154336810112,-0.1613154336810112,0.26066577434539795,0.26066577434539795,0.26513218879699707,-1.5089999437332153,1.2757647037506104,0.0,-0.004466414451599121,-0.004466414451599121,0.1002935841679573,0.1002935841679573,0.10537323355674744,-1.0517635345458984,0.1742659956216812,0.0,-0.005079649388790131,-0.005079649388790131,0.019401676952838898,0.019401676952838898,0.020624438300728798,0.18310952186584473,0.44380223751068115,0.0,-0.0012227613478899002,-0.0012227613478899002
568,18.933333333333334,14,0,0,,4,uneven rough,5,0.0,54.75050354003906,33.388057708740234,0.2181425392627716,0.8019880056381226,-0.6998711824417114,0.8019880056381226,-0.6998711824417114,1.732794165611267,3.287972927093506,0.3458242416381836,0.21468304097652435,0.05239282175898552,0.4009940028190613,-0.3499355912208557,0.7050626277923584,0.4176652133464813,0.6029914617538452,0.2078426629304886,0.22639651596546173,-0.556925892829895,0.4935438334941864,0.4935438334941864,0.3174888789653778,1.5350788831710815,1.3243123292922974,0.0,0.1760549545288086,0.1760549545288086,0.20883260667324066,0.20883260667324066,0.20160292088985443,-0.4351722300052643,0.4387631118297577,0.0,0.0072296857833862305,0.0072296857833862305,0.3014957308769226,0.3014957308769226,0.06310738623142242,-0.6823229193687439,-0.8514641523361206,0.0,0.23838834464550018,0.23838834464550018,0.1454898566007614,0.1454898566007614,0.12232715636491776,-0.45785388350486755,-1.647825837135315,0.0,0.02316270023584366,0.02316270023584366,0.11319825798273087,0.11319825798273087,0.15354406833648682,-0.8171668648719788,0.4413140118122101,0.0,-0.04034581035375595,-0.04034581035375595,-0.2784629464149475,-0.2784629464149475,-0.22164052724838257,-1.382204532623291,-0.898941159248352,0.0,-0.05682241916656494,-0.05682241916656494
568,18.933333333333334,24,0,0,,4,uneven rough,9,0.0,80.50604248046875,36.142704010009766,0.2602788209915161,1.8847756385803223,-0.05042462423443794,1.8714466094970703,-0.05042462423443794,8.15246868133545,5.141599655151367,0.5,0.07276501506567001,0.22228765487670898,0.9423878192901611,-0.02521231211721897,-0.11271148175001144,0.3320781886577606,-0.49137377738952637,-0.14018166065216064,0.4532405138015747,-0.25891342759132385,-0.07889803498983383,-0.07889803498983383,0.1238197386264801,-1.9752362966537476,0.9719347357749939,0.0,-0.20271777361631393,-0.20271777361631393,0.1660390943288803,0.1660390943288803,0.1466219127178192,1.2261159420013428,0.5420125722885132,0.0,0.019417181611061096,0.019417181611061096,-0.24568688869476318,-0.24568688869476318,0.004852789454162121,-0.09408193081617355,0.30636414885520935,0.0,-0.2505396781489253,-0.2505396781489253,-0.09812716394662857,-0.09812716394662857,0.08131709694862366,-0.7225033640861511,0.8972547650337219,0.0,-0.17944426089525223,-0.17944426089525223,0.22662025690078735,0.22662025690078735,0.23906004428863525,-0.3679237365722656,1.2365310192108154,0.0,-0.0124397873878479,-0.0124397873878479,-0.12945671379566193,-0.12945671379566193,-0.11367306113243103,-0.8326190114021301,0.7974417209625244,0.0,-0.015783652663230896,-0.015783652663230896
569,18.966666666666665,4,0,0,,4,uneven rough,5,0.0,54.46590805053711,30.720001220703125,0.2207864224910736,1.061933994293213,-0.18256394565105438,1.061933994293213,-0.18256394565105438,2.5804193019866943,3.886651039123535,0.3333333432674408,-0.2982226014137268,0.04229435324668884,0.5309669971466064,-0.09128197282552719,0.1778002232313156,0.04459574073553085,0.5942633152008057,0.16963186860084534,0.1807851791381836,-0.3577573001384735,0.12446015328168869,0.12446015328168869,0.3316090703010559,-1.188432216644287,0.8143441677093506,0.0,-0.20714891701936722,-0.20714891701936722,0.022297870367765427,0.022297870367765427,0.04122135788202286,-1.669508457183838,0.6616659164428711,0.0,-0.01892348751425743,-0.01892348751425743,0.29713165760040283,0.29713165760040283,0.09868365526199341,0.0340397022664547,-1.1362347602844238,0.0,0.19844800233840942,0.19844800233840942,0.11874230951070786,0.11874230951070786,0.21309274435043335,-1.9954079389572144,-0.298746258020401,0.0,-0.0943504348397255,-0.0943504348397255,0.0903925895690918,0.0903925895690918,0.08572880178689957,0.9827715158462524,-0.5189332962036133,0.0,0.00466378778219223,0.00466378778219223,-0.17887865006923676,-0.17887865006923676,0.03278173878788948,0.6310455799102783,0.2964061200618744,0.0,-0.21166038885712624,-0.21166038885712624
569,18.966666666666665,14,0,0,,4,uneven rough,5,0.0,54.77178955078125,33.421138763427734,0.20478004217147827,1.0767849683761597,-1.0765920877456665,1.0767849683761597,-1.0765920877456665,1.6676987409591675,3.1165931224823,0.3333333432674408,0.2877749800682068,0.017366772517561913,0.5383924841880798,-0.5382960438728333,0.3272487223148346,0.11799756437540054,0.7189850807189941,0.2280430644750595,0.5410367250442505,-0.4580572843551636,0.22907410562038422,0.22907410562038422,0.2716658115386963,-1.9799367189407349,1.443480134010315,0.0,-0.04259170591831207,-0.04259170591831207,0.05899878218770027,0.05899878218770027,0.13854579627513885,-1.9900174140930176,-0.05536149814724922,0.0,-0.07954701408743858,-0.07954701408743858,0.35949254035949707,0.35949254035949707,0.11060725152492523,0.67125004529953,-0.7558314204216003,0.0,0.24888528883457184,0.24888528883457184,0.15963014960289001,0.15963014960289001,0.17483267188072205,1.2470991611480713,-0.9750136137008667,0.0,-0.015202522277832031,-0.015202522277832031,0.27051836252212524,0.27051836252212524,0.2148379683494568,2.0005671977996826,-0.2702333331108093,0.0,0.05568039417266846,0.05568039417266846,-0.2290286421775818,-0.2290286421775818,-0.20504191517829895,0.253181129693985,-1.172179102897644,0.0,-0.023986726999282837,-0.023986726999282837
569,18.966666666666665,24,0,0,,4,uneven rough,9,0.0,80.54690551757812,36.10222244262695,0.27025026082992554,1.9074418544769287,0.7752367854118347,1.8931456804275513,0.7752367854118347,9.561079978942871,0.3333534598350525,0.3333333432674408,0.3154696524143219,0.23890438675880432,0.9537209272384644,0.38761839270591736,0.4719378352165222,0.013251799158751965,-0.20542661845684052,-0.12191413342952728,0.42368176579475403,-0.4525372385978699,0.3303564786911011,0.3303564786911011,0.16941457986831665,1.761073112487793,-0.6944010257720947,0.0,0.16094189882278442,0.16094189882278442,0.006625899579375982,0.006625899579375982,0.08680111169815063,-1.9765766859054565,0.9288058280944824,0.0,-0.08017521211877465,-0.08017521211877465,-0.10271330922842026,-0.10271330922842026,-0.04855134338140488,-0.5529250502586365,0.079951211810112,0.0,-0.05416196584701538,-0.05416196584701538,-0.08533988893032074,-0.08533988893032074,0.014097061939537525,-1.902449369430542,-0.018559398129582405,0.0,-0.09943695086985826,-0.09943695086985826,0.21184088289737701,0.21184088289737701,0.17453651130199432,-1.1705098152160645,0.3293694257736206,0.0,0.03730437159538269,0.03730437159538269,-0.22626861929893494,-0.22626861929893494,-0.17753548920154572,-2.0003769397735596,-0.12419754266738892,0.0,-0.04873313009738922,-0.04873313009738922
570,19.0,4,0,0,,4,uneven rough,5,0.0,54.502445220947266,30.746837615966797,0.2061132788658142,1.5091769695281982,0.25488099455833435,1.5091769695281982,0.25488099455833435,3.582986831665039,3.4868972301483154,0.3333333432674408,-0.3296757936477661,0.2115117609500885,0.7545884847640991,0.12744049727916718,0.8845022916793823,-0.07936286926269531,0.21077044308185577,0.2077905386686325,0.40800541639328003,-0.31324201822280884,0.6191515922546387,0.6191515922546387,0.3726091980934143,1.5824710130691528,-0.3180291950702667,0.0,0.24654239416122437,0.24654239416122437,-0.12698058784008026,-0.12698058784008026,-0.011604891158640385,0.9273689389228821,-0.6563842296600342,0.0,-0.11537569668143988,-0.11537569668143988,0.10538522154092789,0.10538522154092789,0.08523274213075638,0.7899906039237976,-0.474559485912323,0.0,0.02015247941017151,0.02015247941017151,0.14545337855815887,0.14545337855815887,0.15094120800495148,-1.0475996732711792,-1.2580418586730957,0.0,-0.0054878294467926025,-0.0054878294467926025,0.20400270819664001,0.20400270819664001,0.1294676959514618,0.9122959971427917,0.3301332890987396,0.0,0.07453501224517822,0.07453501224517822,-0.15662100911140442,-0.15662100911140442,0.008783171884715557,-0.7972589135169983,0.4856118857860565,0.0,-0.16540418099611998,-0.16540418099611998
570,19.0,14,0,0,,4,uneven rough,5,0.0,54.79661560058594,33.4520263671875,0.19369688630104065,1.3548758029937744,0.7648271322250366,1.3548758029937744,0.7648271322250366,5.411944389343262,2.5727999210357666,0.3333333432674408,0.3425259590148926,0.07561271637678146,0.6774379014968872,0.3824135661125183,0.8834496736526489,0.21996361017227173,0.16773289442062378,0.4416669011116028,0.43131253123283386,0.36942625045776367,0.6184147596359253,0.6184147596359253,0.28176161646842957,1.2047226428985596,-0.49212589859962463,0.0,0.3366531431674957,0.3366531431674957,0.10998180508613586,0.10998180508613586,0.0931706428527832,-0.03799240663647652,-1.1492193937301636,0.0,0.01681116223335266,0.01681116223335266,0.08386644721031189,0.08386644721031189,0.08257292956113815,-0.7299675345420837,0.05104299262166023,0.0,0.0012935176491737366,0.0012935176491737366,0.309166818857193,0.309166818857193,0.2231389284133911,1.9991567134857178,0.28137293457984924,0.0,0.08602789044380188,0.08602789044380188,0.21565626561641693,0.21565626561641693,0.24270303547382355,-0.6344612836837769,1.013681411743164,0.0,-0.027046769857406616,-0.027046769857406616,0.18471312522888184,0.18471312522888184,-0.14146393537521362,1.823061227798462,-0.36627787351608276,0.0,0.32617706060409546,0.32617706060409546
570,19.0,24,0,0,,4,uneven rough,9,0.0,80.58306121826172,36.058536529541016,0.2867635488510132,1.910690188407898,-0.15204866230487823,1.869624137878418,-0.15204866230487823,7.735276222229004,0.6485533714294434,0.3333333432674408,0.36504921317100525,0.13553157448768616,0.955345094203949,-0.07602433115243912,0.24086233973503113,0.4641590416431427,-0.0033650605473667383,-0.0554494634270668,0.09237278997898102,-0.1647099405527115,0.16860362887382507,0.16860362887382507,0.1782478541135788,-0.9823338389396667,0.6939284801483154,0.0,-0.009644225239753723,-0.009644225239753723,0.23207952082157135,0.23207952082157135,0.1255119889974594,1.8641676902770996,-0.7139026522636414,0.0,0.10656753182411194,0.10656753182411194,-0.0016825302736833692,-0.0016825302736833692,-0.011213821358978748,0.09642258286476135,-0.27787816524505615,0.0,0.00953129108529538,0.00953129108529538,-0.03881462290883064,-0.03881462290883064,-0.03822915256023407,-1.0330828428268433,-1.0837141275405884,0.0,-0.0005854703485965729,-0.0005854703485965729,0.04618639498949051,0.04618639498949051,0.12881316244602203,-1.9818259477615356,-0.5186650156974792,0.0,-0.08262676745653152,-0.08262676745653152,-0.08235497027635574,-0.08235497027635574,-0.11676107347011566,2.0004959106445312,-1.184992790222168,0.0,0.03440610319375992,0.03440610319375992
571,19.03333333333333,4,0,0,,4,uneven rough,5,0.0,54.54254150390625,30.765254974365234,0.22074070572853088,1.44960618019104,0.5610635876655579,1.44960618019104,0.5610635876655579,5.5380353927612305,4.916996002197266,0.5,-0.13589179515838623,0.03438376635313034,0.72480309009552,0.28053179383277893,0.5408868789672852,0.16712647676467896,0.16069312393665314,0.40434691309928894,0.14671622216701508,-0.055655647069215775,0.37862080335617065,0.37862080335617065,0.37406498193740845,-0.12790609896183014,0.7565170526504517,0.0,0.004555821418762207,0.004555821418762207,0.08356323838233948,0.08356323838233948,0.05556809529662132,2.000466823577881,0.23907263576984406,0.0,0.027995143085718155,0.027995143085718155,0.08034656196832657,0.08034656196832657,0.07953197509050369,-0.23478665947914124,0.240419402718544,0.0,0.000814586877822876,0.000814586877822876,0.283042848110199,0.283042848110199,0.2056882530450821,2.0004661083221436,-1.1390575170516968,0.0,0.07735459506511688,0.07735459506511688,0.07335811108350754,0.07335811108350754,0.07908643782138824,-1.8964431285858154,0.6592891216278076,0.0,-0.005728326737880707,-0.005728326737880707,-0.027827823534607887,-0.027827823534607887,-0.017036156728863716,-0.07749082893133163,-0.23972555994987488,0.0,-0.010791666805744171,-0.010791666805744171
571,19.03333333333333,14,0,0,,4,uneven rough,5,0.0,54.82033157348633,33.480384826660156,0.20272904634475708,1.2689132690429688,-0.5146137475967407,1.2689132690429688,-0.5146137475967407,6.798713684082031,0.26329267024993896,0.1666666716337204,0.05536870285868645,0.1878434121608734,0.6344566345214844,-0.25730687379837036,-0.40273770689964294,0.3386324942111969,0.631677508354187,0.5822885036468506,0.19549506902694702,0.3850748836994171,-0.28191637992858887,-0.28191637992858887,0.24646347761154175,-1.3696234226226807,0.4672752916812897,0.0,-0.5283798575401306,-0.5283798575401306,0.16931624710559845,0.16931624710559845,0.13254353404045105,1.0355125665664673,-0.5209296345710754,0.0,0.0367727130651474,0.0367727130651474,0.3158387541770935,0.3158387541770935,0.1068587601184845,-0.2566758692264557,-0.39054176211357117,0.0,0.208979994058609,0.208979994058609,0.4076019525527954,0.4076019525527954,0.2906379997730255,1.4144865274429321,1.2526109218597412,0.0,0.1169639527797699,0.1169639527797699,0.09774753451347351,0.09774753451347351,0.20438186824321747,-1.0588736534118652,0.0818185806274414,0.0,-0.10663433372974396,-0.10663433372974396,0.19253744184970856,0.19253744184970856,-0.07206101715564728,1.49774169921875,0.8715783953666687,0.0,0.26459845900535583,0.26459845900535583
571,19.03333333333333,24,0,0,,4,uneven rough,9,0.0,80.61811828613281,36.01669692993164,0.2913834750652313,1.8673124313354492,-0.5863245129585266,1.8673124313354492,-0.5863245129585266,9.744215965270996,0.6141433715820312,0.03985082730650902,0.6017360687255859,0.2695454955101013,0.9336562156677246,-0.2931622564792633,-0.003195621306076646,0.3603852093219757,0.28179869055747986,0.08118584752082825,0.5624954104423523,-0.2672117352485657,-0.002236934844404459,-0.002236934844404459,0.11304598301649094,-1.9400453567504883,-0.25383323431015015,0.0,-0.1152829178608954,-0.1152829178608954,0.18019260466098785,0.18019260466098785,0.1846729815006256,0.9469470381736755,0.7437429428100586,0.0,-0.004480376839637756,-0.004480376839637756,0.14089934527873993,0.14089934527873993,0.04796452820301056,1.8523051738739014,-0.0662478506565094,0.0,0.09293481707572937,0.09293481707572937,0.05683009326457977,0.05683009326457977,0.01153588481247425,2.004800319671631,-1.0550870895385742,0.0,0.04529420845210552,0.04529420845210552,0.28124770522117615,0.28124770522117615,0.1748412698507309,1.7552403211593628,-1.345938801765442,0.0,0.10640643537044525,0.10640643537044525,-0.13360586762428284,-0.13360586762428284,-0.08147881925106049,-0.7320325970649719,0.6160882115364075,0.0,-0.05212704837322235,-0.05212704837322235
572,19.066666666666666,4,0,0,,4,uneven rough,5,0.0,54.581207275390625,30.784448623657227,0.23294486105442047,1.1586692333221436,0.7717433571815491,1.1586692333221436,0.7717433571815491,3.322448492050171,2.7026748657226562,0.5,-0.03789544105529785,0.09453248977661133,0.5793346166610718,0.38587167859077454,-0.10049436241388321,0.1858425885438919,0.4663063883781433,0.6576871871948242,-0.1317494511604309,0.05577515438199043,-0.07034604996442795,-0.07034604996442795,0.3158649504184723,-1.9157921075820923,0.25646260380744934,0.0,-0.38621100038290024,-0.38621100038290024,0.09292129427194595,0.09292129427194595,0.09216473251581192,0.5678161382675171,1.2349680662155151,0.0,0.0007565617561340332,0.0007565617561340332,0.23315319418907166,0.23315319418907166,0.13904595375061035,1.8941811323165894,-0.02826295793056488,0.0,0.0941072404384613,0.0941072404384613,0.46038103103637695,0.46038103103637695,0.27545666694641113,1.9801025390625,0.6360347867012024,0.0,0.18492436408996582,0.18492436408996582,-0.21079912781715393,-0.21079912781715393,0.029534820467233658,-1.7017083168029785,-0.7857264876365662,0.0,-0.2403339482843876,-0.2403339482843876,0.027887577190995216,0.027887577190995216,0.03958918899297714,0.9357935786247253,-0.14799775183200836,0.0,-0.011701611801981926,-0.011701611801981926
572,19.066666666666666,14,0,0,,4,uneven rough,5,0.0,54.844966888427734,33.50880432128906,0.21450525522232056,1.2801413536071777,-0.13657744228839874,1.2801413536071777,-0.13657744228839874,6.61572790145874,8.37052059173584,0.5,0.1471259891986847,0.1511077731847763,0.6400706768035889,-0.06828872114419937,-0.04707864299416542,0.30517446994781494,0.41066059470176697,0.5320672392845154,0.45406579971313477,0.10438552498817444,-0.032955050468444824,-0.032955050468444824,0.18422427773475647,-1.7441906929016113,-0.5713105201721191,0.0,-0.2171793282032013,-0.2171793282032013,0.15258723497390747,0.15258723497390747,0.15559177100658417,0.24466852843761444,0.3590855896472931,0.0,-0.0030045360326766968,-0.0030045360326766968,0.20533029735088348,0.20533029735088348,0.1580023616552353,1.9691903591156006,-0.3148537576198578,0.0,0.04732793569564819,0.04732793569564819,0.37244707345962524,0.37244707345962524,0.35693657398223877,1.8647633790969849,1.3441356420516968,0.0,0.015510499477386475,0.015510499477386475,0.22703289985656738,0.22703289985656738,0.20934651792049408,0.7706673741340637,-0.5631308555603027,0.0,0.017686381936073303,0.017686381936073303,0.05219276249408722,0.05219276249408722,0.00162695802282542,1.9997663497924805,1.2256122827529907,0.0,0.0505658044712618,0.0505658044712618
572,19.066666666666666,24,0,0,,4,uneven rough,9,0.0,80.64488983154297,35.97113037109375,0.29478883743286133,1.7798924446105957,0.38862478733062744,1.7798924446105957,0.38862478733062744,9.295605659484863,0.25614720582962036,0.1666666716337204,0.4790305495262146,0.1915067881345749,0.8899462223052979,0.19431239366531372,0.5871390104293823,0.5909134149551392,-0.1824358105659485,0.5698021054267883,0.2670648694038391,0.5473059415817261,0.41099730134010315,0.41099730134010315,0.14231112599372864,2.0301270484924316,-1.2072205543518066,0.0,0.2686861753463745,0.2686861753463745,0.2954567074775696,0.2954567074775696,0.24433359503746033,2.0040042400360107,0.858634889125824,0.0,0.05112311244010925,0.05112311244010925,-0.09121790528297424,-0.09121790528297424,0.008372906595468521,-2.0685126781463623,1.0185054540634155,0.0,-0.09959081187844276,-0.09959081187844276,0.39886146783828735,0.39886146783828735,0.05541449785232544,1.7793220281600952,0.6749787330627441,0.0,0.3434469699859619,0.3434469699859619,0.13353243470191956,0.13353243470191956,0.17342621088027954,0.46938127279281616,0.40747344493865967,0.0,-0.039893776178359985,-0.039893776178359985,0.27365297079086304,0.27365297079086304,-0.07375150173902512,1.577632188796997,-0.14614170789718628,0.0,0.34740447252988815,0.34740447252988815
573,19.1,4,0,0,,4,uneven rough,5,0.0,54.613182067871094,30.814111709594727,0.2411331832408905,0.9928305745124817,1.0471092462539673,0.9928305745124817,1.0471092462539673,5.211379528045654,0.10755424946546555,0.1666666716337204,0.06599712371826172,0.04766280949115753,0.49641528725624084,0.5235546231269836,0.09284757077693939,0.1534479707479477,0.43938902020454407,0.28023695945739746,-0.15582992136478424,0.05160248279571533,0.06499329954385757,0.06499329954385757,0.26344990730285645,-1.2158751487731934,-0.9717341065406799,0.0,-0.19845660775899887,-0.19845660775899887,0.07672398537397385,0.07672398537397385,0.09754276275634766,-0.1406051367521286,0.8577591776847839,0.0,-0.02081877738237381,-0.02081877738237381,0.21969451010227203,0.21969451010227203,0.17212054133415222,0.8376457095146179,1.0586904287338257,0.0,0.04757396876811981,0.04757396876811981,0.19616587460041046,0.19616587460041046,0.26455846428871155,-1.993638277053833,1.3959730863571167,0.0,-0.06839258968830109,-0.06839258968830109,-0.2493278831243515,-0.2493278831243515,-0.03705635294318199,-1.9753340482711792,-1.3036242723464966,0.0,-0.2122715301811695,-0.2122715301811695,0.025801241397857666,0.025801241397857666,0.07372884452342987,0.47910991311073303,0.464779794216156,0.0,-0.047927603125572205,-0.047927603125572205
573,19.1,14,0,0,,4,uneven rough,5,0.0,54.86791229248047,33.54153060913086,0.22805161774158478,1.14902925491333,0.45391109585762024,1.14902925491333,0.45391109585762024,6.575131893157959,1.387690782546997,0.1666666716337204,0.263772189617157,0.16099734604358673,0.574514627456665,0.22695554792881012,-0.08889613300561905,0.5786753296852112,0.3430427610874176,0.576488733291626,-0.06057257950305939,0.20696984231472015,-0.062227293848991394,-0.062227293848991394,0.12307331711053848,-1.4435924291610718,-1.2344590425491333,0.0,-0.18530061095952988,-0.18530061095952988,0.2893376648426056,0.2893376648426056,0.21098974347114563,1.9830154180526733,0.29439398646354675,0.0,0.07834792137145996,0.07834792137145996,0.1715213805437088,0.1715213805437088,0.16261549293994904,-0.5685316324234009,0.9765489101409912,0.0,0.008905887603759766,0.008905887603759766,0.40354210138320923,0.40354210138320923,0.416422575712204,1.1163115501403809,1.6384994983673096,0.0,-0.012880474328994751,-0.012880474328994751,-0.09691613167524338,-0.09691613167524338,0.19137609004974365,-0.5138322114944458,0.1910010576248169,0.0,-0.28829222172498703,-0.28829222172498703,0.10348492115736008,0.10348492115736008,0.06375263631343842,1.2136027812957764,1.6633204221725464,0.0,0.03973228484392166,0.03973228484392166
573,19.1,24,0,0,,4,uneven rough,9,0.0,80.66989135742188,35.92515182495117,0.3043052554130554,1.9506258964538574,1.078018307685852,1.8843748569488525,1.078018307685852,8.433113098144531,4.697354316711426,0.3333333432674408,0.69029700756073,0.3671806752681732,0.9753129482269287,0.539009153842926,-0.9259657859802246,0.7387247085571289,0.01176308561116457,0.6964908838272095,0.5619094371795654,0.6332978010177612,-0.6481760144233704,-0.6481760144233704,0.1105000376701355,-1.785092830657959,0.6231815814971924,0.0,-0.7586760520935059,-0.7586760520935059,0.36936235427856445,0.36936235427856445,0.30942168831825256,1.998856782913208,1.5062288045883179,0.0,0.05994066596031189,0.05994066596031189,0.005881542805582285,0.005881542805582285,0.03125936537981033,0.8250370025634766,-0.7269001603126526,0.0,-0.02537782257422805,-0.02537782257422805,0.48754361271858215,0.48754361271858215,0.12717528641223907,1.9988925457000732,1.299376368522644,0.0,0.3603683263063431,0.3603683263063431,0.2809547185897827,0.2809547185897827,0.2401285171508789,1.9881337881088257,0.4424762427806854,0.0,0.04082620143890381,0.04082620143890381,0.3166489005088806,0.3166489005088806,-0.023212408646941185,1.2586785554885864,0.8284831643104553,0.0,0.3398613091558218,0.3398613091558218
574,19.133333333333333,4,0,0,,4,uneven rough,5,0.0,54.64561080932617,30.845335006713867,0.2439732849597931,1.5825388431549072,0.05243063345551491,1.5825388431549072,0.05243063345551491,6.181985855102539,2.7935328483581543,0.5,0.24305562674999237,0.18117952346801758,0.7912694215774536,0.026215316727757454,0.6166270971298218,0.14847637712955475,0.34879809617996216,0.11917593330144882,-0.34169527888298035,-0.3273588716983795,0.4316389560699463,0.4316389560699463,0.30016833543777466,1.850675344467163,-1.1097718477249146,0.0,0.13147062063217163,0.13147062063217163,0.07423818856477737,0.07423818856477737,0.08430369198322296,-0.5527560710906982,0.2932821810245514,0.0,-0.010065503418445587,-0.010065503418445587,0.17439904808998108,0.17439904808998108,0.1412147432565689,-0.6128838658332825,0.9337113499641418,0.0,0.03318430483341217,0.03318430483341217,0.08342315256595612,0.08342315256595612,0.19485688209533691,-1.8737642765045166,-0.5205192565917969,0.0,-0.1114337295293808,-0.1114337295293808,-0.5467124581336975,-0.5467124581336975,-0.10060308128595352,-1.097845435142517,-1.6834101676940918,0.0,-0.446109376847744,-0.446109376847744,-0.16367943584918976,-0.16367943584918976,0.03207658976316452,-0.8602755665779114,0.47288206219673157,0.0,-0.19575602561235428,-0.19575602561235428
574,19.133333333333333,14,0,0,,4,uneven rough,5,0.0,54.87709045410156,33.58069610595703,0.23309117555618286,1.4031414985656738,0.5766612887382507,1.4031414985656738,0.5766612887382507,7.102128505706787,2.7869060039520264,0.3333333432674408,0.009955525398254395,0.14346908032894135,0.7015707492828369,0.28833064436912537,-0.018602481111884117,0.3575911223888397,0.06329705566167831,0.4038181006908417,0.24115146696567535,-0.2180759459733963,-0.013021736405789852,-0.013021736405789852,0.060439713299274445,-1.9464328289031982,-1.3527034521102905,0.0,-0.0734614497050643,-0.0734614497050643,0.17879556119441986,0.17879556119441986,0.18599633872509003,-1.0052438974380493,1.2491436004638672,0.0,-0.007200777530670166,-0.007200777530670166,0.03164852783083916,0.03164852783083916,0.09628041833639145,-2.0019145011901855,0.10295760631561279,0.0,-0.06463189050555229,-0.06463189050555229,0.2826726734638214,0.2826726734638214,0.41028934717178345,-1.4845832586288452,1.343253493309021,0.0,-0.12761667370796204,-0.12761667370796204,0.12057573348283768,0.12057573348283768,0.1289816051721573,-0.7884355187416077,-0.20751294493675232,0.0,-0.00840587168931961,-0.00840587168931961,-0.10903797298669815,-0.10903797298669815,0.029605988413095474,-1.3772501945495605,1.4090492725372314,0.0,-0.13864396139979362,-0.13864396139979362
574,19.133333333333333,24,0,0,,4,uneven rough,9,0.0,80.7029037475586,35.894813537597656,0.3122187852859497,1.9208321571350098,-0.4066355228424072,1.8419873714447021,-0.4066355228424072,9.406294822692871,3.062309980392456,0.1666666716337204,0.37528884410858154,0.2295452356338501,0.9604160785675049,-0.2033177614212036,-0.5669237971305847,0.5433605909347534,-0.4437890946865082,0.13186585903167725,0.36370593309402466,0.4481070637702942,-0.3968466520309448,-0.3968466520309448,0.048056889325380325,-1.8152161836624146,-0.7384610772132874,0.0,-0.44490354135632515,-0.44490354135632515,0.2716802954673767,0.2716802954673767,0.25401487946510315,-0.7899739742279053,1.7847615480422974,0.0,0.01766541600227356,0.01766541600227356,-0.2218945473432541,-0.2218945473432541,-0.0003107803640887141,-0.322043240070343,0.150567889213562,0.0,-0.22158376697916538,-0.22158376697916538,0.09230609983205795,0.09230609983205795,0.12180791795253754,-1.4706308841705322,1.6948840618133545,0.0,-0.029501818120479584,-0.029501818120479584,0.18185296654701233,0.18185296654701233,0.19590462744235992,-0.27937373518943787,1.3163937330245972,0.0,-0.014051660895347595,-0.014051660895347595,0.2240535318851471,0.2240535318851471,0.02505055069923401,1.3958141803741455,1.0717164278030396,0.0,0.19900298118591309,0.19900298118591309
575,19.166666666666668,4,0,0,,4,uneven rough,5,0.0,54.67928695678711,30.87340545654297,0.23361462354660034,1.3702311515808105,-0.11680129170417786,1.3702311515808105,-0.11680129170417786,2.413813591003418,2.1188745498657227,0.3333333432674408,0.27090924978256226,0.0932752937078476,0.6851155757904053,-0.05840064585208893,0.3747604191303253,0.029984375461935997,0.4054625630378723,0.26788589358329773,0.23876801133155823,-0.31337302923202515,0.2623322904109955,0.2623322904109955,0.27311673760414124,-1.5731455087661743,0.5640703439712524,0.0,-0.010784447193145752,-0.010784447193145752,0.014992187730967999,0.014992187730967999,0.04265158623456955,-1.9456970691680908,-0.18506936728954315,0.0,-0.02765939850360155,-0.02765939850360155,0.20273128151893616,0.20273128151893616,0.16107097268104553,0.7361385226249695,0.059263650327920914,0.0,0.041660308837890625,0.041660308837890625,0.1875201165676117,0.1875201165676117,0.19247354567050934,0.12824779748916626,-1.2856464385986328,0.0,-0.004953429102897644,-0.004953429102897644,0.11938400566577911,0.11938400566577911,-0.053383685648441315,1.980927586555481,-1.3523308038711548,0.0,0.17276769131422043,0.17276769131422043,-0.15668651461601257,-0.15668651461601257,0.004180208779871464,-1.170918583869934,-0.280887633562088,0.0,-0.16086672339588404,-0.16086672339588404
575,19.166666666666668,14,0,0,,4,uneven rough,5,0.0,54.88823699951172,33.620304107666016,0.2315724790096283,1.3991801738739014,-0.22526322305202484,1.3991801738739014,-0.22526322305202484,3.8705155849456787,2.2876312732696533,0.3333333432674408,0.07477545738220215,0.161301851272583,0.6995900869369507,-0.11263161152601242,0.5840164422988892,-0.01664929836988449,0.21507389843463898,-0.29322361946105957,-0.04818101227283478,-0.604621410369873,0.4088115096092224,0.4088115096092224,0.09421879798173904,1.831139087677002,-1.688399076461792,0.0,0.31459271162748337,0.31459271162748337,-0.026638878509402275,-0.026638878509402275,0.12345714122056961,-1.8774343729019165,-0.02549111284315586,0.0,-0.15009601972997189,-0.15009601972997189,0.10753694921731949,0.10753694921731949,0.05430645868182182,-0.6843392848968506,-1.0871407985687256,0.0,0.053230490535497665,0.053230490535497665,-0.20525653660297394,-0.20525653660297394,0.3434324860572815,-1.9145265817642212,-0.25561046600341797,0.0,-0.5486890226602554,-0.5486890226602554,-0.07708962261676788,-0.07708962261676788,0.07790244370698929,-1.2967873811721802,-0.5359675884246826,0.0,-0.15499206632375717,-0.15499206632375717,-0.3023107051849365,-0.3023107051849365,0.010221459902822971,0.36048761010169983,-0.16632941365242004,0.0,-0.3125321650877595,-0.3125321650877595
575,19.166666666666668,24,0,0,,4,uneven rough,9,0.0,80.73617553710938,35.8626708984375,0.31524673104286194,1.8946781158447266,-0.6276150345802307,1.8725155591964722,-0.6276150345802307,9.426372528076172,3.4915385246276855,0.3333333432674408,0.06720481812953949,0.22292029857635498,0.9473390579223633,-0.31380751729011536,0.21746514737606049,0.37682971358299255,-0.20179978013038635,-0.37037962675094604,0.4531518220901489,-0.33317482471466064,0.15222559869289398,0.15222559869289398,0.08303280174732208,1.7380867004394531,-1.3472603559494019,0.0,0.0691927969455719,0.0691927969455719,0.18841485679149628,0.18841485679149628,0.21436375379562378,-0.3731236755847931,0.3290014863014221,0.0,-0.025948897004127502,-0.025948897004127502,-0.10089989006519318,-0.10089989006519318,-0.04119451716542244,0.6832282543182373,-0.11664728820323944,0.0,-0.05970537289977074,-0.05970537289977074,-0.2592657208442688,-0.2592657208442688,0.05144383758306503,-1.9087923765182495,-0.09490373730659485,0.0,-0.31070955842733383,-0.31070955842733383,0.22657591104507446,0.22657591104507446,0.18911558389663696,-0.0998290628194809,0.41414394974708557,0.0,0.0374603271484375,0.0374603271484375,-0.16658741235733032,-0.16658741235733032,-0.020527878776192665,-1.97023344039917,1.2549618482589722,0.0,-0.14605953358113766,-0.14605953358113766
576,19.2,4,0,0,,4,uneven rough,5,0.0,54.71775817871094,30.895557403564453,0.21724441647529602,1.053349256515503,0.8824917078018188,1.053349256515503,0.8824917078018188,3.6633787155151367,1.3210289478302002,0.3333333432674408,0.34567126631736755,0.13923925161361694,0.5266746282577515,0.4412458539009094,0.8526363968849182,0.09406115859746933,-0.07030388712882996,0.4254819452762604,0.03440774232149124,0.18153420090675354,0.5968454480171204,0.5968454480171204,0.28908175230026245,1.4136806726455688,-0.6443153023719788,0.0,0.3077636957168579,0.3077636957168579,0.047030579298734665,0.047030579298734665,0.03196708485484123,0.49420005083084106,-1.18053138256073,0.0,0.015063494443893433,0.015063494443893433,-0.03515194356441498,-0.03515194356441498,0.10300706326961517,-2.000000238418579,0.44196993112564087,0.0,-0.13815900683403015,-0.13815900683403015,0.29783734679222107,0.29783734679222107,0.22988739609718323,2.000000476837158,-0.4862281382083893,0.0,0.06794995069503784,0.06794995069503784,0.01720387116074562,0.01720387116074562,0.015938494354486465,1.6547472476959229,0.5322994589805603,0.0,0.0012653768062591553,0.0012653768062591553,0.09076710045337677,0.09076710045337677,0.04664406180381775,1.9917616844177246,-0.7841127514839172,0.0,0.04412303864955902,0.04412303864955902
576,19.2,14,0,0,,4,uneven rough,5,0.0,54.90580749511719,33.66140365600586,0.2272781878709793,1.6090084314346313,-0.5750069618225098,1.6090084314346313,-0.5750069618225098,3.0676870346069336,1.9808844327926636,0.3333333432674408,-0.07523801177740097,0.06429050862789154,0.8045042157173157,-0.2875034809112549,0.3136279582977295,0.23983417451381683,0.3911406099796295,-0.13836519420146942,0.30038243532180786,-0.6686158180236816,0.2195395678281784,0.2195395678281784,0.16042132675647736,1.9964656829833984,0.3015541136264801,0.0,0.05911824107170105,0.05911824107170105,0.11991708725690842,0.11991708725690842,0.12363240122795105,-0.8542813062667847,-1.0725831985473633,0.0,-0.003715313971042633,-0.003715313971042633,0.19557030498981476,0.19557030498981476,0.07861798256635666,1.3415957689285278,-0.8593961000442505,0.0,0.1169523224234581,0.1169523224234581,-0.09685563296079636,-0.09685563296079636,0.2833068370819092,-1.801973819732666,-1.1935646533966064,0.0,-0.38016247004270554,-0.38016247004270554,0.15019121766090393,0.15019121766090393,0.14534558355808258,1.794088363647461,-0.9661364555358887,0.0,0.00484563410282135,0.00484563410282135,-0.3343079090118408,-0.3343079090118408,0.013922704383730888,0.44402796030044556,0.13153387606143951,0.0,-0.3482306133955717,-0.3482306133955717
576,19.2,24,0,0,,4,uneven rough,9,0.0,80.77083587646484,35.83449935913086,0.3272014558315277,1.8572314977645874,0.30892813205718994,1.8440039157867432,0.30892813205718994,8.888420104980469,4.381608486175537,0.3333333432674408,-0.03623182699084282,0.2165822684764862,0.9286157488822937,0.15446406602859497,-0.13704913854599,0.47548753023147583,-0.08707356452941895,-0.3113304674625397,0.09394129365682602,-0.21957801282405853,-0.09593439847230911,-0.09593439847230911,0.041400328278541565,-1.9881242513656616,0.39720040559768677,0.0,-0.13733472675085068,-0.13733472675085068,0.23774376511573792,0.23774376511573792,0.21542660892009735,0.8264497518539429,-0.06798133999109268,0.0,0.022317156195640564,0.022317156195640564,-0.04353678226470947,-0.04353678226470947,-0.047110315412282944,-0.17020513117313385,0.3356037735939026,0.0,0.003573533147573471,0.003573533147573471,-0.21793133020401,-0.21793133020401,0.0013087925035506487,-1.9709125757217407,-1.1204795837402344,0.0,-0.21924012270756066,-0.21924012270756066,0.04697064682841301,0.04697064682841301,0.1350354105234146,-1.8815903663635254,0.12354269623756409,0.0,-0.0880647636950016,-0.0880647636950016,-0.10978900641202927,-0.10978900641202927,-0.08872438967227936,-1.9523040056228638,-0.5685693025588989,0.0,-0.02106461673974991,-0.02106461673974991
577,19.233333333333334,4,0,0,,4,uneven rough,5,0.0,54.75613021850586,30.920026779174805,0.206308513879776,1.3791428804397583,0.8807510137557983,1.3791428804397583,0.8807510137557983,7.027926445007324,0.0,0.0,0.2986268997192383,0.28611060976982117,0.6895714402198792,0.44037550687789917,0.1298188716173172,0.2353750616312027,0.4060747027397156,0.7705099582672119,0.42835861444473267,0.0027443845756351948,0.09087321162223816,0.09087321162223816,0.24889467656612396,-1.8803315162658691,0.5192793011665344,0.0,-0.1580214649438858,-0.1580214649438858,0.11768753081560135,0.11768753081560135,0.09849654138088226,1.361464023590088,-0.23363521695137024,0.0,0.019190989434719086,0.019190989434719086,0.2030373513698578,0.2030373513698578,0.13787774741649628,0.3279944062232971,-0.9387243986129761,0.0,0.06515960395336151,0.06515960395336151,0.5393569469451904,0.5393569469451904,0.2982293665409088,1.7068581581115723,0.9194899797439575,0.0,0.24112758040428162,0.24112758040428162,0.21417930722236633,0.21417930722236633,0.0868605375289917,2.00600004196167,1.1669334173202515,0.0,0.12731876969337463,0.12731876969337463,0.0013721922878175974,0.0013721922878175974,0.039803359657526016,0.3650575876235962,0.7853716015815735,0.0,-0.03843116736970842,-0.03843116736970842
577,19.233333333333334,14,0,0,,4,uneven rough,5,0.0,54.91964340209961,33.70648193359375,0.22690314054489136,1.5731340646743774,0.3797203004360199,1.5731340646743774,0.3797203004360199,2.2009987831115723,2.0622260570526123,0.3333333432674408,0.024196883663535118,0.09787731617689133,0.7865670323371887,0.18986015021800995,0.6356939077377319,0.3977672755718231,0.1996530145406723,0.1735638529062271,0.6290107369422913,-0.5467008352279663,0.4449857175350189,0.4449857175350189,0.22811022400856018,1.9568979740142822,1.2598601579666138,0.0,0.21687549352645874,0.21687549352645874,0.19888363778591156,0.19888363778591156,0.18261215090751648,1.5800912380218506,-0.9491549134254456,0.0,0.01627148687839508,0.01627148687839508,0.09982650727033615,0.09982650727033615,0.07030482590198517,0.08595147728919983,0.38504865765571594,0.0,0.029521681368350983,0.029521681368350983,0.12149469554424286,0.12149469554424286,0.22055678069591522,-1.9372960329055786,-1.537560224533081,0.0,-0.09906208515167236,-0.09906208515167236,0.31450536847114563,0.31450536847114563,0.219915971159935,2.00166916847229,0.5944995880126953,0.0,0.09458939731121063,0.09458939731121063,-0.27335041761398315,-0.27335041761398315,-0.035571616142988205,-1.1292591094970703,0.3082185983657837,0.0,-0.23777880147099495,-0.23777880147099495
577,19.233333333333334,24,0,0,,4,uneven rough,9,0.0,80.79888916015625,35.799468994140625,0.3234381377696991,1.7609978914260864,-0.1504075676202774,1.7609978914260864,-0.1504075676202774,9.19120979309082,0.0,0.0,-0.02063586376607418,0.36003535985946655,0.8804989457130432,-0.0752037838101387,0.33262622356414795,0.32302847504615784,0.10475455224514008,0.07815830409526825,0.17147767543792725,-0.4834562838077545,0.23283834755420685,0.23283834755420685,0.05297968164086342,0.6623824238777161,-0.95146644115448,0.0,0.17985866591334343,0.17985866591334343,0.16151423752307892,0.16151423752307892,0.1727813482284546,-0.8299638032913208,0.4377315938472748,0.0,-0.011267110705375671,-0.011267110705375671,0.05237727612257004,0.05237727612257004,0.0005853342008776963,0.41339805722236633,0.049618516117334366,0.0,0.05179194192169234,0.05179194192169234,0.054710812866687775,0.054710812866687775,-0.019310573115944862,1.8896372318267822,-1.601315975189209,0.0,0.07402138598263264,0.07402138598263264,0.08573883771896362,0.08573883771896362,0.07964189350605011,0.6975868940353394,-1.0101631879806519,0.0,0.006096944212913513,0.006096944212913513,-0.24172814190387726,-0.24172814190387726,-0.1287248581647873,0.9747600555419922,-1.3509353399276733,0.0,-0.11300328373908997,-0.11300328373908997
578,19.266666666666666,4,0,0,,4,uneven rough,5,0.0,54.79353713989258,30.943578720092773,0.19797515869140625,1.4411516189575195,1.2524632215499878,1.4411516189575195,1.2524632215499878,7.38124942779541,5.693929195404053,0.6077965497970581,0.6052441596984863,0.10595433413982391,0.7205758094787598,0.6262316107749939,0.44912272691726685,0.10479509830474854,-0.3331816494464874,0.4965745210647583,0.3168385922908783,0.19622491300106049,0.31438589096069336,0.31438589096069336,0.2757784426212311,1.59701406955719,-0.8374649882316589,0.0,0.03860744833946228,0.03860744833946228,0.05239754915237427,0.05239754915237427,0.07808225601911545,-0.5969907641410828,0.6682367324829102,0.0,-0.02568470686674118,-0.02568470686674118,-0.1665908247232437,-0.1665908247232437,0.10289961844682693,0.8986773490905762,-0.22251932322978973,0.0,-0.26949044317007065,-0.26949044317007065,0.34760215878486633,0.34760215878486633,0.3102538287639618,0.3493247628211975,1.3646693229675293,0.0,0.03734833002090454,0.03734833002090454,0.15841929614543915,0.15841929614543915,0.10709455609321594,1.6629520654678345,1.6413432359695435,0.0,0.051324740052223206,0.051324740052223206,0.09811245650053024,0.09811245650053024,0.07597561180591583,1.48317551612854,0.5477253198623657,0.0,0.02213684469461441,0.02213684469461441
578,19.266666666666666,14,0,0,,4,uneven rough,5,0.0,54.93645477294922,33.7490234375,0.22453516721725464,1.3340511322021484,0.5008075833320618,1.3340511322021484,0.5008075833320618,1.7596814632415771,1.9976439476013184,0.3333333432674408,0.24173836410045624,0.1082756370306015,0.6670255661010742,0.2504037916660309,0.6440597772598267,-0.13193213939666748,0.47960004210472107,0.14644160866737366,0.6780189275741577,-0.535759687423706,0.45084184408187866,0.45084184408187866,0.2964085638523102,1.9849783182144165,1.6539665460586548,0.0,0.15443328022956848,0.15443328022956848,-0.21109142899513245,-0.21109142899513245,0.17471887171268463,1.2943371534347534,0.48088538646698,0.0,-0.3858103007078171,-0.3858103007078171,0.23980002105236053,0.23980002105236053,0.11679811030626297,1.4576319456100464,0.21593856811523438,0.0,0.12300191074609756,0.12300191074609756,0.10250912606716156,0.10250912606716156,0.16086216270923615,-1.7544379234313965,-1.7635716199874878,0.0,-0.058353036642074585,-0.058353036642074585,0.33900946378707886,0.33900946378707886,0.257894366979599,1.9849045276641846,1.3901158571243286,0.0,0.08111509680747986,0.08111509680747986,-0.267879843711853,-0.267879843711853,-0.09585373103618622,-1.5743398666381836,-0.5045338869094849,0.0,-0.1720261126756668,-0.1720261126756668
578,19.266666666666666,24,0,0,,4,uneven rough,9,0.0,80.83279418945312,35.76205825805664,0.3175605833530426,1.7838481664657593,-0.5502539873123169,1.7838481664657593,-0.5502539873123169,9.262701988220215,3.003080129623413,0.3333333432674408,-0.044622085988521576,0.27715855836868286,0.8919240832328796,-0.27512699365615845,-0.29223138093948364,0.6797735691070557,-0.19185668230056763,0.2980668544769287,0.5202959775924683,0.26245421171188354,-0.2045619636774063,-0.2045619636774063,-0.00015971918764989823,-0.8138941526412964,-0.03899340331554413,0.0,-0.2044022444897564,-0.2044022444897564,0.33988678455352783,0.33988678455352783,0.2321118265390396,0.6942232251167297,-0.2790256440639496,0.0,0.10777495801448822,0.10777495801448822,-0.09592834115028381,-0.09592834115028381,-0.04709527641534805,-1.6280744075775146,0.2553001344203949,0.0,-0.04883306473493576,-0.04883306473493576,0.20864678919315338,0.20864678919315338,0.0468861423432827,0.2462490051984787,0.3724752366542816,0.0,0.16176064684987068,0.16176064684987068,0.26014798879623413,0.26014798879623413,0.1607034057378769,2.0262227058410645,-0.04459824040532112,0.0,0.09944458305835724,0.09944458305835724,0.13122710585594177,0.13122710585594177,-0.0776979923248291,-1.7834337949752808,-0.03598301485180855,0.0,0.20892509818077087,0.20892509818077087
579,19.3,4,0,0,,4,uneven rough,5,0.0,54.82712936401367,30.975492477416992,0.20611795783042908,1.5495411157608032,0.4877570867538452,1.5495411157608032,0.4877570867538452,4.84002161026001,0.22420227527618408,0.3333333432674408,0.6357916593551636,0.19216983020305634,0.7747705578804016,0.2438785433769226,0.33954012393951416,0.5064460635185242,-0.13927388191223145,0.2835169732570648,-0.01669338159263134,-0.06590788066387177,0.23767808079719543,0.23767808079719543,0.2915956974029541,-0.5886080861091614,0.5389938354492188,0.0,-0.05391761660575867,-0.05391761660575867,0.2532230317592621,0.2532230317592621,0.1334032267332077,1.9854819774627686,-0.04712516441941261,0.0,0.11981980502605438,0.11981980502605438,-0.06963694095611572,-0.06963694095611572,0.05602822080254555,-1.856476902961731,0.4114072918891907,0.0,-0.12566516175866127,-0.12566516175866127,0.1984618753194809,0.1984618753194809,0.2827829122543335,-1.83277428150177,0.7905917167663574,0.0,-0.0843210369348526,-0.0843210369348526,-0.026709411293268204,-0.026709411293268204,0.06583345681428909,-1.9666073322296143,1.6535608768463135,0.0,-0.0925428681075573,-0.0925428681075573,-0.03295394033193588,-0.03295394033193588,0.027934996411204338,-1.4629398584365845,1.0766305923461914,0.0,-0.06088893674314022,-0.06088893674314022
579,19.3,14,0,0,,4,uneven rough,5,0.0,54.96090316772461,33.78730010986328,0.2207237035036087,1.853365421295166,-0.4447052776813507,1.853365421295166,-0.4447052776813507,2.4235236644744873,4.274502754211426,0.5,0.4010147750377655,0.14139297604560852,0.926682710647583,-0.22235263884067535,0.5920225381851196,-0.04149569943547249,0.5462169647216797,0.3212057948112488,0.5804620385169983,-0.5544052720069885,0.41441577672958374,0.41441577672958374,0.3631986081600189,1.9999955892562866,1.8411211967468262,0.0,0.05121716856956482,0.05121716856956482,-0.06639312207698822,-0.06639312207698822,0.13157424330711365,-0.538106381893158,0.9408124685287476,0.0,-0.19796736538410187,-0.19796736538410187,0.27310848236083984,0.27310848236083984,0.17027434706687927,1.9319932460784912,0.9179942011833191,0.0,0.10283413529396057,0.10283413529396057,0.2248440533876419,0.2248440533876419,0.1757364422082901,1.8785572052001953,-1.7584073543548584,0.0,0.04910761117935181,0.04910761117935181,0.29023101925849915,0.29023101925849915,0.26475176215171814,0.7699864506721497,1.7264103889465332,0.0,0.025479257106781006,0.025479257106781006,-0.27720263600349426,-0.27720263600349426,-0.15941207110881805,-1.970656156539917,-1.1094040870666504,0.0,-0.11779056489467621,-0.11779056489467621
579,19.3,24,0,0,,4,uneven rough,9,0.0,80.8548583984375,35.71835708618164,0.3164939880371094,1.9422047138214111,-0.7950568199157715,1.8984159231185913,-0.7950568199157715,9.58076286315918,4.311125755310059,0.5,-0.14787688851356506,0.28784650564193726,0.9711023569107056,-0.39752840995788574,0.5774128437042236,0.060908567160367966,0.2864641845226288,0.11988367140293121,0.20518705248832703,-0.014394685626029968,0.40418899059295654,0.40418899059295654,0.05648857355117798,1.6118834018707275,-0.4771236777305603,0.0,0.34770041704177856,0.34770041704177856,0.030454283580183983,0.030454283580183983,0.16502343118190765,-1.9442464113235474,0.27125102281570435,0.0,-0.13456914760172367,-0.13456914760172367,0.1432320922613144,0.1432320922613144,0.017000548541545868,0.9803626537322998,-0.8095632195472717,0.0,0.12623154371976852,0.12623154371976852,0.08391857147216797,0.08391857147216797,0.059595007449388504,1.9064420461654663,0.30110669136047363,0.0,0.024323564022779465,0.024323564022779465,0.10259352624416351,0.10259352624416351,0.11388096213340759,-1.0895965099334717,1.1262476444244385,0.0,-0.01128743588924408,-0.01128743588924408,-0.007197342813014984,-0.007197342813014984,-0.024405591189861298,1.6996840238571167,-1.02399480342865,0.0,0.017208248376846313,0.017208248376846313
580,19.333333333333332,4,0,0,,4,uneven rough,5,0.0,54.85586929321289,31.01025390625,0.20988298952579498,1.3403968811035156,-0.22649969160556793,1.3403968811035156,-0.22649969160556793,2.948507308959961,4.570276260375977,0.5,0.8301028609275818,0.19268319010734558,0.6701984405517578,-0.11324984580278397,0.3515087366104126,0.21243242919445038,0.6427351236343384,-0.0025886388029903173,-0.17453601956367493,-0.5729570388793945,0.24605610966682434,0.24605610966682434,0.26021045446395874,-0.9029267430305481,-0.09855432063341141,0.0,-0.0141543447971344,-0.0141543447971344,0.10621621459722519,0.10621621459722519,0.12208201736211777,-1.5504204034805298,1.1021145582199097,0.0,-0.015865802764892578,-0.015865802764892578,0.3213675618171692,0.3213675618171692,0.09536735713481903,0.5306105017662048,-0.8708584904670715,0.0,0.22600020468235016,0.22600020468235016,-0.001812047092244029,-0.001812047092244029,0.2232147753238678,-1.6648671627044678,-0.6926640868186951,0.0,-0.22502682241611183,-0.22502682241611183,-0.2792576253414154,-0.2792576253414154,0.0007547682034783065,-1.3165637254714966,-0.3932887017726898,0.0,-0.2800123935448937,-0.2800123935448937,-0.28647851943969727,-0.28647851943969727,0.004547267220914364,-1.0560914278030396,-0.359247088432312,0.0,-0.29102578666061163,-0.29102578666061163
580,19.333333333333332,14,0,0,,4,uneven rough,5,0.0,54.98179244995117,33.82420349121094,0.22062523663043976,1.691864013671875,0.22994527220726013,1.691864013671875,0.22994527220726013,8.440733909606934,1.03428053855896,0.1666666716337204,0.49324578046798706,0.19273921847343445,0.8459320068359375,0.11497263610363007,0.18586917221546173,0.062237322330474854,0.5465167164802551,0.6396263241767883,0.43585991859436035,-0.03057478927075863,0.13010841608047485,0.13010841608047485,0.33863040804862976,-1.9370105266571045,1.930949091911316,0.0,-0.2085219919681549,-0.2085219919681549,0.031118661165237427,0.031118661165237427,0.07435572892427444,-1.279130458831787,0.10462909191846848,0.0,-0.04323706775903702,-0.04323706775903702,0.27325835824012756,0.27325835824012756,0.23255778849124908,2.008610248565674,1.4913110733032227,0.0,0.04070056974887848,0.04070056974887848,0.4477384090423584,0.4477384090423584,0.2360323816537857,1.6957931518554688,0.29793891310691833,0.0,0.2117060273885727,0.2117060273885727,0.21792995929718018,0.21792995929718018,0.20486575365066528,-1.9812875986099243,1.1856465339660645,0.0,0.013064205646514893,0.013064205646514893,-0.015287394635379314,-0.015287394635379314,-0.10634507238864899,2.0037448406219482,-1.5963575839996338,0.0,0.09105767775326967,0.09105767775326967
580,19.333333333333332,24,0,0,,4,uneven rough,9,0.0,80.88391876220703,35.67577362060547,0.3175716996192932,1.7343261241912842,-0.2300884872674942,1.7343261241912842,-0.2300884872674942,9.979063987731934,5.407192230224609,0.3333333432674408,-0.6377549171447754,0.3524410128593445,0.8671630620956421,-0.1150442436337471,-0.4387095868587494,0.37363165616989136,0.3325120210647583,0.46018511056900024,0.4408920407295227,0.2376202940940857,-0.3070967197418213,-0.3070967197418213,0.026836052536964417,-1.591282844543457,0.7040046453475952,0.0,-0.3339327722787857,-0.3339327722787857,0.18681582808494568,0.18681582808494568,0.18664994835853577,1.24521803855896,-0.9813951849937439,0.0,0.0001658797264099121,0.0001658797264099121,0.16625601053237915,0.16625601053237915,0.06661281734704971,0.9999407529830933,0.20246408879756927,0.0,0.09964319318532944,0.09964319318532944,0.32212957739830017,0.32212957739830017,0.12753811478614807,1.579572081565857,1.208766222000122,0.0,0.1945914626121521,0.1945914626121521,0.22044602036476135,0.22044602036476135,0.1740027368068695,1.6475499868392944,-0.12659461796283722,0.0,0.046443283557891846,0.046443283557891846,0.11881014704704285,0.11881014704704285,0.03965713456273079,1.7528104782104492,0.5159780979156494,0.0,0.07915301248431206,0.07915301248431206
581,19.366666666666667,4,0,0,,4,uneven rough,5,0.0,54.893714904785156,31.041812896728516,0.19830270111560822,1.6232922077178955,0.06547809392213821,1.6232922077178955,0.06547809392213821,7.310388088226318,2.9876465797424316,0.1666666716337204,0.7093086242675781,0.1777363419532776,0.8116461038589478,0.03273904696106911,0.7152072787284851,0.10946277529001236,0.5091794729232788,0.15693530440330505,0.08421799540519714,-0.5169230103492737,0.500645101070404,0.500645101070404,0.31613343954086304,1.989096760749817,-0.5533479452133179,0.0,0.18451166152954102,0.18451166152954102,0.05473138764500618,0.05473138764500618,0.05858854576945305,-1.9948233366012573,-0.39763346314430237,0.0,-0.003857158124446869,-0.003857158124446869,0.2545897364616394,0.2545897364616394,0.14986670017242432,1.3066186904907227,-0.07846542447805405,0.0,0.10472303628921509,0.10472303628921509,0.10985471308231354,0.10985471308231354,0.15376237034797668,-2.0047640800476074,-1.2423495054244995,0.0,-0.04390765726566315,-0.04390765726566315,0.04210899770259857,0.04210899770259857,0.051837820559740067,1.7686506509780884,-0.9153100252151489,0.0,-0.009728822857141495,-0.009728822857141495,-0.25846150517463684,-0.25846150517463684,0.0016924196388572454,-0.30069851875305176,-0.7532441020011902,0.0,-0.2601539248134941,-0.2601539248134941
581,19.366666666666667,14,0,0,,4,uneven rough,5,0.0,54.99970245361328,33.86282730102539,0.2314346581697464,1.5051473379135132,0.023848185315728188,1.5051473379135132,0.023848185315728188,7.747287273406982,1.5040111541748047,0.3333333432674408,0.5280567407608032,0.1435185670852661,0.7525736689567566,0.011924092657864094,0.1917135864496231,0.5187140107154846,0.417874813079834,0.41960784792900085,-0.18135122954845428,0.22966405749320984,0.13419951498508453,0.13419951498508453,0.2722506523132324,-1.953963041305542,-0.25600218772888184,0.0,-0.1380511373281479,-0.1380511373281479,0.2593570053577423,0.2593570053577423,0.13643042743206024,1.981091022491455,-0.6777510643005371,0.0,0.12292657792568207,0.12292657792568207,0.208937406539917,0.208937406539917,0.23194296658039093,-0.5565480589866638,1.7837929725646973,0.0,-0.023005560040473938,-0.023005560040473938,0.29372549057006836,0.29372549057006836,0.2939135730266571,1.1749211549758911,1.0882881879806519,0.0,-0.00018808245658874512,-0.00018808245658874512,-0.29016196727752686,-0.29016196727752686,0.16493581235408783,-0.8431791663169861,-0.6049437522888184,0.0,-0.4550977796316147,-0.4550977796316147,0.11483202874660492,0.11483202874660492,-0.07787105441093445,-0.29584985971450806,0.4391467571258545,0.0,0.19270308315753937,0.19270308315753937
581,19.366666666666667,24,0,0,,4,uneven rough,9,0.0,80.92174530029297,35.64216613769531,0.3221973776817322,1.8015997409820557,0.15057265758514404,1.8015997409820557,0.15057265758514404,9.322592735290527,4.844414710998535,0.3333333432674408,-0.6611555814743042,0.24045345187187195,0.9007998704910278,0.07528632879257202,-0.20455050468444824,0.43261316418647766,-0.3010466992855072,0.2105710804462433,0.4709782898426056,0.26750028133392334,-0.1431853473186493,-0.1431853473186493,-0.03882833197712898,-1.6693676710128784,-0.5937550067901611,0.0,-0.10435701534152031,-0.10435701534152031,0.21630658209323883,0.21630658209323883,0.21100720763206482,-0.3410216271877289,0.27753591537475586,0.0,0.005299374461174011,0.005299374461174011,-0.1505233496427536,-0.1505233496427536,0.02178041823208332,-0.9689152240753174,0.6533588171005249,0.0,-0.17230376787483692,-0.17230376787483692,0.14739975333213806,0.14739975333213806,0.15656612813472748,0.3508757948875427,1.4184205532073975,0.0,-0.009166374802589417,-0.009166374802589417,0.2354891449213028,0.2354891449213028,0.23599576950073242,1.2698715925216675,0.8765099048614502,0.0,-0.0005066245794296265,-0.0005066245794296265,0.13375014066696167,0.13375014066696167,0.06215306371450424,-0.2576872408390045,1.215285301208496,0.0,0.07159707695245743,0.07159707695245743
582,19.4,4,0,0,,4,uneven rough,5,0.0,54.9387321472168,31.069656372070312,0.19625836610794067,1.4610546827316284,-0.05191522464156151,1.4610546827316284,-0.05191522464156151,2.1574180126190186,2.113074779510498,0.3333333432674408,0.5517095327377319,0.09153181314468384,0.7305273413658142,-0.025957612320780754,0.742354154586792,0.24722471833229065,0.5785315036773682,0.43572428822517395,0.35221725702285767,-0.27470552921295166,0.5196478962898254,0.5196478962898254,0.3823683559894562,1.468766450881958,0.8841548562049866,0.0,0.13727954030036926,0.13727954030036926,0.12361235916614532,0.12361235916614532,0.11118531227111816,1.5877630710601807,-1.3006874322891235,0.0,0.01242704689502716,0.01242704689502716,0.2892657518386841,0.2892657518386841,0.1898539513349533,-0.7562284469604492,0.7046636343002319,0.0,0.09941180050373077,0.09941180050373077,0.3050070106983185,0.3050070106983185,0.1641942411661148,1.818284511566162,-1.6734200716018677,0.0,0.14081276953220367,0.14081276953220367,0.17610862851142883,0.17610862851142883,0.13326962292194366,2.011420965194702,0.6022061705589294,0.0,0.04283900558948517,0.04283900558948517,-0.13735276460647583,-0.13735276460647583,-0.03596343845129013,-0.4028737246990204,-0.497374027967453,0.0,-0.1013893261551857,-0.1013893261551857
582,19.4,14,0,0,,4,uneven rough,5,0.0,55.027400970458984,33.89798355102539,0.23796868324279785,1.425548791885376,1.0627166032791138,1.425548791885376,1.0627166032791138,7.056694030761719,3.3333334922790527,0.1666666716337204,0.14820823073387146,0.1665745973587036,0.712774395942688,0.5313583016395569,0.5216419100761414,0.2723083794116974,-0.2575492262840271,0.5671901106834412,0.3890314996242523,0.1890808343887329,0.3651493191719055,0.3651493191719055,0.28107234835624695,1.9993733167648315,-1.2160322666168213,0.0,0.08407697081565857,0.08407697081565857,0.1361541897058487,0.1361541897058487,0.1575160175561905,1.2865914106369019,0.8255630135536194,0.0,-0.021361827850341797,-0.021361827850341797,-0.12877461314201355,-0.12877461314201355,0.1791565865278244,-1.9378248453140259,0.4605599343776703,0.0,-0.30793119966983795,-0.30793119966983795,0.39703306555747986,0.39703306555747986,0.33665263652801514,1.2588558197021484,1.1372705698013306,0.0,0.06038042902946472,0.06038042902946472,0.19451574981212616,0.19451574981212616,0.15674810111522675,-0.14948005974292755,-0.7396425008773804,0.0,0.037767648696899414,0.037767648696899414,0.09454041719436646,0.09454041719436646,-0.03461703658103943,0.40226200222969055,0.023578347638249397,0.0,0.12915745377540588,0.12915745377540588
582,19.4,24,0,0,,4,uneven rough,9,0.0,80.95845031738281,35.61095428466797,0.3231385350227356,1.78110933303833,0.4161731004714966,1.78110933303833,0.4161731004714966,8.660151481628418,7.640476226806641,0.5,-0.46509355306625366,0.15906524658203125,0.890554666519165,0.2080865502357483,0.0450054332613945,0.3377852141857147,0.07546927779912949,0.012617272324860096,0.5011758804321289,0.1261228322982788,0.03150380402803421,0.03150380402803421,0.015097128227353096,1.9716205596923828,-1.2019083499908447,0.0,0.016406675800681114,0.016406675800681114,0.16889260709285736,0.16889260709285736,0.16557857394218445,-1.0897440910339355,-0.07219762355089188,0.0,0.0033140331506729126,0.0033140331506729126,0.03773463889956474,0.03773463889956474,0.030187172815203667,1.0628371238708496,-0.26387783885002136,0.0,0.007547466084361076,0.007547466084361076,0.00883209053426981,0.00883209053426981,0.08921821415424347,-1.9717590808868408,0.8148288130760193,0.0,-0.08038612361997366,-0.08038612361997366,0.25058794021606445,0.25058794021606445,0.25624361634254456,0.7645179033279419,1.0989172458648682,0.0,-0.0056556761264801025,-0.0056556761264801025,0.0630614161491394,0.0630614161491394,0.05112879350781441,-0.8048552870750427,0.3824639916419983,0.0,0.011932622641324997,0.011932622641324997
583,19.433333333333334,4,0,0,,4,uneven rough,5,0.0,54.97915267944336,31.097076416015625,0.19614696502685547,1.4531614780426025,0.7902681231498718,1.4531614780426025,0.7902681231498718,2.3590853214263916,1.936324954032898,0.3333333432674408,0.29802536964416504,0.19884416460990906,0.7265807390213013,0.3951340615749359,-0.11383217573165894,0.5618163347244263,-0.1427421122789383,0.8577128648757935,0.658349871635437,0.4186944365501404,-0.07968252152204514,-0.07968252152204514,0.3427885174751282,-1.930615782737732,1.2146953344345093,0.0,-0.4224710389971733,-0.4224710389971733,0.28090816736221313,0.28090816736221313,0.17675380408763885,1.99469792842865,0.3324476480484009,0.0,0.10415436327457428,0.10415436327457428,-0.07137105613946915,-0.07137105613946915,0.12331131845712662,-2.0,-0.12132735550403595,0.0,-0.19468237459659576,-0.19468237459659576,0.6003990173339844,0.6003990173339844,0.23516371846199036,1.9998500347137451,0.3007959723472595,0.0,0.365235298871994,0.365235298871994,0.3291749358177185,0.3291749358177185,0.20198984444141388,2.000000476837158,1.3989787101745605,0.0,0.12718509137630463,0.12718509137630463,0.2093472182750702,0.2093472182750702,0.023546306416392326,1.993159294128418,-0.4439433813095093,0.0,0.18580091185867786,0.18580091185867786
583,19.433333333333334,14,0,0,,4,uneven rough,5,0.0,55.0521240234375,33.933963775634766,0.24893757700920105,1.469563364982605,0.877922534942627,1.469563364982605,0.877922534942627,7.00726318359375,1.607973337173462,0.3333333432674408,0.2256740778684616,0.3622705936431885,0.7347816824913025,0.4389612674713135,-0.41137197613716125,0.5401759147644043,0.18822582066059113,0.606650710105896,0.19302310049533844,0.021934570744633675,-0.28796038031578064,-0.28796038031578064,0.24490542709827423,-1.7745238542556763,0.6019638180732727,0.0,-0.5328658074140549,-0.5328658074140549,0.27008795738220215,0.27008795738220215,0.22160939872264862,1.956540822982788,1.0862293243408203,0.0,0.04847855865955353,0.04847855865955353,0.09411291033029556,0.09411291033029556,0.1133616715669632,-1.7715792655944824,-0.8954911231994629,0.0,-0.019248761236667633,-0.019248761236667633,0.4246554970741272,0.4246554970741272,0.40619003772735596,1.8686425685882568,1.2060151100158691,0.0,0.01846545934677124,0.01846545934677124,0.09651155024766922,0.09651155024766922,0.10885319858789444,-1.634146809577942,-0.40596359968185425,0.0,-0.01234164834022522,-0.01234164834022522,0.010967285372316837,0.010967285372316837,-0.016736363992094994,1.1282193660736084,0.23768676817417145,0.0,0.02770364936441183,0.02770364936441183
583,19.433333333333334,24,0,0,,4,uneven rough,9,0.0,80.99324798583984,35.582489013671875,0.3347253203392029,1.8829137086868286,0.4719088673591614,1.8391772508621216,0.4719088673591614,8.771181106567383,0.08688219636678696,0.1666666716337204,-0.32198238372802734,0.20095881819725037,0.9414568543434143,0.2359544336795807,-0.002160221803933382,0.25157690048217773,-0.16543664038181305,-0.15005998313426971,0.558330774307251,-0.373888224363327,-0.0015121552860364318,-0.0015121552860364318,0.019224105402827263,-0.9196431040763855,0.5924105644226074,0.0,-0.020736260688863695,-0.020736260688863695,0.12578845024108887,0.12578845024108887,0.1622418463230133,0.5968164801597595,-0.6475202441215515,0.0,-0.03645339608192444,-0.03645339608192444,-0.08271832019090652,-0.08271832019090652,-0.019500743597745895,-1.5631849765777588,0.486249178647995,0.0,-0.06321757659316063,-0.06321757659316063,-0.1050419881939888,-0.1050419881939888,0.03217480331659317,-1.8650027513504028,-0.7607129812240601,0.0,-0.13721679151058197,-0.13721679151058197,0.2791653871536255,0.2791653871536255,0.23638156056404114,-0.6911947131156921,0.9098472595214844,0.0,0.04278382658958435,0.04278382658958435,-0.1869441121816635,-0.1869441121816635,-0.013237183913588524,-1.9492805004119873,-0.2888484597206116,0.0,-0.173706928268075,-0.173706928268075
584,19.466666666666665,4,0,0,,4,uneven rough,5,0.0,55.015228271484375,31.121400833129883,0.18983668088912964,1.5298103094100952,0.33192458748817444,1.5298103094100952,0.33192458748817444,7.5169525146484375,0.0,0.0,0.49039459228515625,0.176643967628479,0.7649051547050476,0.16596229374408722,0.4793958365917206,0.25426873564720154,0.04598017409443855,0.4807860255241394,0.3435184955596924,0.14259307086467743,0.3355770707130432,0.3355770707130432,0.30626851320266724,-0.24795451760292053,-0.5636692047119141,0.0,0.029308557510375977,0.029308557510375977,0.12713436782360077,0.12713436782360077,0.13975556194782257,0.8177394866943359,1.2722868919372559,0.0,-0.012621194124221802,-0.012621194124221802,0.022990087047219276,0.022990087047219276,0.051886796951293945,-2.111865997314453,-1.1835322380065918,0.0,-0.02889670990407467,-0.02889670990407467,0.33655020594596863,0.33655020594596863,0.2994421422481537,1.9688721895217896,1.2614442110061646,0.0,0.03710806369781494,0.03710806369781494,0.1717592477798462,0.1717592477798462,0.16619232296943665,0.5685782432556152,1.7387975454330444,0.0,0.005566924810409546,0.005566924810409546,0.07129653543233871,0.07129653543233871,0.02954784221947193,-1.1368558406829834,0.9339988231658936,0.0,0.04174869321286678,0.04174869321286678
584,19.466666666666665,14,0,0,,4,uneven rough,5,0.0,55.065704345703125,33.974185943603516,0.25251150131225586,1.3405613899230957,0.7010900974273682,1.3405613899230957,0.7010900974273682,6.838683128356934,1.4978530406951904,0.1666666716337204,-0.1461057960987091,0.24760261178016663,0.6702806949615479,0.3505450487136841,-0.040606539696455,0.3967039883136749,0.3584209978580475,0.47313201427459717,0.08800938725471497,-0.21143272519111633,-0.0284245777875185,-0.0284245777875185,0.1948518604040146,-1.263775110244751,-0.7417066097259521,0.0,-0.2232764381915331,-0.2232764381915331,0.19835199415683746,0.19835199415683746,0.24362875521183014,-0.6907421946525574,1.5783050060272217,0.0,-0.045276761054992676,-0.045276761054992676,0.17921049892902374,0.17921049892902374,0.12867498397827148,1.9978065490722656,-1.3908329010009766,0.0,0.05053551495075226,0.05053551495075226,0.33119240403175354,0.33119240403175354,0.39206352829933167,-1.9674677848815918,1.5806658267974854,0.0,-0.060871124267578125,-0.060871124267578125,0.04400469362735748,0.04400469362735748,0.033541493117809296,-1.8751872777938843,-1.100380539894104,0.0,0.010463200509548187,0.010463200509548187,-0.10571636259555817,-0.10571636259555817,-0.02593357488512993,0.5307302474975586,0.7411954998970032,0.0,-0.07978278771042824,-0.07978278771042824
584,19.466666666666665,24,0,0,,4,uneven rough,9,0.0,81.02127838134766,35.550411224365234,0.34764474630355835,1.716244101524353,0.3829965591430664,1.716244101524353,0.3829965591430664,8.895472526550293,4.682628631591797,0.3333333432674408,0.31375059485435486,0.2982550859451294,0.8581220507621765,0.1914982795715332,0.1844852715730667,0.320359468460083,-0.026026111096143723,-0.2634001672267914,0.29942718148231506,-0.36661669611930847,0.12913969159126282,0.12913969159126282,0.06580671668052673,1.7968605756759644,-0.26250728964805603,0.0,0.06333297491073608,0.06333297491073608,0.1601797342300415,0.1601797342300415,0.15501558780670166,0.04751364141702652,0.056029967963695526,0.0,0.005164146423339844,0.005164146423339844,-0.013013055548071861,-0.013013055548071861,-0.007509139366447926,1.4344027042388916,-0.6725045442581177,0.0,-0.005503916181623936,-0.005503916181623936,-0.18438011407852173,-0.18438011407852173,-0.03869551047682762,-1.889365553855896,-1.385080337524414,0.0,-0.1456846036016941,-0.1456846036016941,0.14971359074115753,0.14971359074115753,0.17336679995059967,-1.988591194152832,0.004615258425474167,0.0,-0.02365320920944214,-0.02365320920944214,-0.18330834805965424,-0.18330834805965424,-0.0785156860947609,-1.9909641742706299,-1.2276597023010254,0.0,-0.10479266196489334,-0.10479266196489334
585,19.5,4,0,0,,4,uneven rough,5,0.0,55.044525146484375,31.14806365966797,0.20443300902843475,1.536030888557434,1.2516024112701416,1.536030888557434,1.2516024112701416,6.154416561126709,8.04166030883789,0.5,-0.060895245522260666,0.10224775969982147,0.768015444278717,0.6258012056350708,-0.15782320499420166,0.22522398829460144,0.3083416819572449,0.7005124092102051,0.14494512975215912,0.2721904218196869,-0.11047624051570892,-0.11047624051570892,0.24785684049129486,-1.789366364479065,-0.3851635456085205,0.0,-0.3583330810070038,-0.3583330810070038,0.11261199414730072,0.11261199414730072,0.10536866635084152,0.3241459131240845,1.0152848958969116,0.0,0.007243327796459198,0.007243327796459198,0.15417084097862244,0.15417084097862244,0.059654951095581055,1.0312952995300293,-1.70841383934021,0.0,0.09451588988304138,0.09451588988304138,0.4903586804866791,0.4903586804866791,0.3657912313938141,1.7215224504470825,1.661425232887268,0.0,0.12456744909286499,0.12456744909286499,0.07247256487607956,0.07247256487607956,0.10625799745321274,-1.5564680099487305,1.0771534442901611,0.0,-0.03378543257713318,-0.03378543257713318,0.13609521090984344,0.13609521090984344,0.062795490026474,1.2699811458587646,-0.23686611652374268,0.0,0.07329972088336945,0.07329972088336945
585,19.5,14,0,0,,4,uneven rough,5,0.0,55.07490539550781,34.01459503173828,0.23843562602996826,1.3998311758041382,-0.25316593050956726,1.3998311758041382,-0.25316593050956726,3.4779279232025146,0.5574045777320862,0.1666666716337204,0.2797793745994568,0.1828712671995163,0.6999155879020691,-0.12658296525478363,0.31429868936538696,0.17072683572769165,0.5891761183738708,0.09112612903118134,-0.11903412640094757,-0.46378156542778015,0.22000907361507416,0.22000907361507416,0.19185593724250793,0.11825157701969147,-1.0368850231170654,0.0,0.028153136372566223,0.028153136372566223,0.08536341786384583,0.08536341786384583,0.17893086373806,-1.3618608713150024,0.295381635427475,0.0,-0.09356744587421417,-0.09356744587421417,0.2945880591869354,0.2945880591869354,0.17867839336395264,0.08360174298286438,0.5251098871231079,0.0,0.11590966582298279,0.11590966582298279,0.0637882873415947,0.0637882873415947,0.32255351543426514,-1.292914867401123,-0.425455242395401,0.0,-0.25876522809267044,-0.25876522809267044,-0.1904546022415161,-0.1904546022415161,-0.022388365119695663,2.122494697570801,-1.5384576320648193,0.0,-0.16806623712182045,-0.16806623712182045,-0.23189078271389008,-0.23189078271389008,-0.04493383318185806,1.006081223487854,0.6221981048583984,0.0,-0.186956949532032,-0.186956949532032
585,19.5,24,0,0,,4,uneven rough,9,0.0,81.0571517944336,35.52312088012695,0.35736432671546936,1.78933846950531,-0.7864912748336792,1.78933846950531,-0.7864912748336792,8.787439346313477,0.4549241065979004,0.1666666716337204,0.3240622878074646,0.3123795688152313,0.894669234752655,-0.3932456374168396,-0.29717907309532166,0.5852676033973694,-0.24104249477386475,-0.4921344816684723,0.5078205466270447,-0.5798638463020325,-0.20802535116672516,-0.20802535116672516,0.01631527952849865,-1.993606686592102,0.9018629789352417,0.0,-0.2243406306952238,-0.2243406306952238,0.2926338016986847,0.2926338016986847,0.22102876007556915,1.9575092792510986,0.05121482163667679,0.0,0.07160504162311554,0.07160504162311554,-0.12052124738693237,-0.12052124738693237,-0.05162784829735756,-1.6631324291229248,0.5187445878982544,0.0,-0.06889339908957481,-0.06889339908957481,-0.34449413418769836,-0.34449413418769836,-0.08214035630226135,-1.7833417654037476,-1.6702041625976562,0.0,-0.262353777885437,-0.262353777885437,0.25391027331352234,0.25391027331352234,0.20916888117790222,1.7062325477600098,-1.1223472356796265,0.0,0.04474139213562012,0.04474139213562012,-0.28993192315101624,-0.28993192315101624,-0.14724761247634888,-1.9998877048492432,-1.6592334508895874,0.0,-0.14268431067466736,-0.14268431067466736
586,19.53333333333333,4,0,0,,4,uneven rough,5,0.0,55.069183349609375,31.18590545654297,0.2222214639186859,1.5964609384536743,0.5703815817832947,1.5964609384536743,0.5703815817832947,8.097800254821777,6.592076778411865,0.5,-0.4409167766571045,0.11948947608470917,0.7982304692268372,0.28519079089164734,0.08000091463327408,0.18165212869644165,0.531378448009491,0.269011914730072,-0.12400807440280914,-0.23803946375846863,0.056000638753175735,0.056000638753175735,0.1851794421672821,-1.954919695854187,-1.1791023015975952,0.0,-0.12917880341410637,-0.12917880341410637,0.09082606434822083,0.09082606434822083,0.10504576563835144,0.04277530312538147,0.6245136857032776,0.0,-0.014219701290130615,-0.014219701290130615,0.2656892240047455,0.2656892240047455,0.10239053517580032,0.9875189661979675,-0.15937739610671997,0.0,0.16329868882894516,0.16329868882894516,0.18830834329128265,0.18830834329128265,0.3490828275680542,-1.796004295349121,1.695404291152954,0.0,-0.16077448427677155,-0.16077448427677155,-0.1984129250049591,-0.1984129250049591,0.045082490891218185,-1.9549318552017212,-0.4119008481502533,0.0,-0.2434954158961773,-0.2434954158961773,-0.11901973187923431,-0.11901973187923431,0.03292881324887276,-0.8350775837898254,0.6151080131530762,0.0,-0.15194854512810707,-0.15194854512810707
586,19.53333333333333,14,0,0,,4,uneven rough,5,0.0,55.08910369873047,34.05471420288086,0.23016232252120972,1.712611198425293,-0.33612263202667236,1.712611198425293,-0.33612263202667236,4.402054786682129,1.0297133922576904,0.3333333432674408,0.19411329925060272,0.18653123080730438,0.8563055992126465,-0.16806131601333618,0.12419799715280533,0.4307839274406433,-0.40560585260391235,0.5746008157730103,0.7494711875915527,0.2279302030801773,0.08693859726190567,0.08693859726190567,0.12823493778705597,-2.0026354789733887,-0.3837687075138092,0.0,-0.0412963405251503,-0.0412963405251503,0.21539196372032166,0.21539196372032166,0.20231446623802185,0.19032132625579834,-0.641626238822937,0.0,0.013077497482299805,0.013077497482299805,-0.20280292630195618,-0.20280292630195618,0.12276056408882141,-0.786592423915863,0.27548038959503174,0.0,-0.3255634903907776,-0.3255634903907776,0.40222057700157166,0.40222057700157166,0.36948657035827637,1.9907832145690918,-0.9159184694290161,0.0,0.03273400664329529,0.03273400664329529,0.37473559379577637,0.37473559379577637,0.04487922787666321,1.9878250360488892,0.531451404094696,0.0,0.32985636591911316,0.32985636591911316,0.11396510154008865,0.11396510154008865,-0.018785780295729637,0.23845691978931427,0.8392463326454163,0.0,0.1327508818358183,0.1327508818358183
586,19.53333333333333,24,0,0,,4,uneven rough,9,0.0,81.08678436279297,35.4890022277832,0.351731538772583,1.694944143295288,1.198261022567749,1.694944143295288,1.198261022567749,8.74573802947998,2.0000956058502197,0.3333333432674408,0.3168402314186096,0.4248974025249481,0.847472071647644,0.5991305112838745,0.674701452255249,-0.06355222314596176,-0.07834974676370621,-0.15714366734027863,0.577756404876709,-0.24311991035938263,0.4722910225391388,0.4722910225391388,0.04664069414138794,0.7089125514030457,-0.7352407574653625,0.0,0.42565032839775085,0.42565032839775085,-0.10168355703353882,-0.10168355703353882,0.1891203075647354,0.0838162750005722,1.1290371417999268,0.0,-0.29080386459827423,-0.29080386459827423,-0.039174873381853104,-0.039174873381853104,-0.04122844710946083,0.6937276721000671,-0.714892566204071,0.0,0.002053573727607727,0.002053573727607727,-0.11000056564807892,-0.11000056564807892,-0.13698890805244446,-0.2545596659183502,-1.7341723442077637,0.0,0.02698834240436554,0.02698834240436554,0.2888782024383545,0.2888782024383545,0.2506794035434723,1.8270553350448608,0.47693681716918945,0.0,0.0381987988948822,0.0381987988948822,-0.12155995517969131,-0.12155995517969131,-0.11211654543876648,0.9213078618049622,-1.8518400192260742,0.0,-0.009443409740924835,-0.009443409740924835
587,19.566666666666666,4,0,0,,4,uneven rough,5,0.0,55.096580505371094,31.223087310791016,0.231260746717453,1.7081869840621948,-0.24082426726818085,1.7081869840621948,-0.24082426726818085,6.122489929199219,4.2501912117004395,0.3333333432674408,-0.854393482208252,0.17530684173107147,0.8540934920310974,-0.12041213363409042,0.6013060808181763,-0.16025274991989136,0.5416847467422485,-0.2344672977924347,-0.14729906618595123,-0.7088733315467834,0.42091426253318787,0.42091426253318787,0.21519730985164642,1.911601185798645,-1.617750883102417,0.0,0.20571695268154144,0.20571695268154144,-0.25640439987182617,-0.25640439987182617,0.04680970311164856,-1.9960081577301025,0.29559776186943054,0.0,-0.30321410298347473,-0.30321410298347473,0.27084237337112427,0.27084237337112427,0.15756003558635712,0.4456052780151367,0.48907986283302307,0.0,0.11328233778476715,0.11328233778476715,-0.16412711143493652,-0.16412711143493652,0.2811986207962036,-1.7382206916809082,-0.2786443531513214,0.0,-0.44532573223114014,-0.44532573223114014,-0.2356785088777542,-0.2356785088777542,-0.01697673089802265,-1.744789719581604,-1.284333348274231,0.0,-0.21870177797973156,-0.21870177797973156,-0.3544366657733917,-0.3544366657733917,0.032606545835733414,-0.8983870148658752,-0.20482952892780304,0.0,-0.38704321160912514,-0.38704321160912514
587,19.566666666666666,14,0,0,,4,uneven rough,5,0.0,55.10225296020508,34.09162521362305,0.23168328404426575,1.2774516344070435,-0.17833468317985535,1.2774516344070435,-0.17833468317985535,6.133322715759277,7.880410194396973,0.5,0.14863647520542145,0.14422087371349335,0.6387258172035217,-0.08916734158992767,0.6784851551055908,0.18611827492713928,-0.4602600932121277,0.28789222240448,-0.0959085151553154,0.1433851271867752,0.47493961453437805,0.47493961453437805,0.18086107075214386,1.6267672777175903,-1.2990789413452148,0.0,0.2940785437822342,0.2940785437822342,0.09305913746356964,0.09305913746356964,0.1344713717699051,-1.9388542175292969,-0.17124158143997192,0.0,-0.04141223430633545,-0.04141223430633545,-0.23013004660606384,-0.23013004660606384,0.08409605175256729,-0.7551340460777283,-0.3250174820423126,0.0,-0.31422609835863113,-0.31422609835863113,0.201524555683136,0.201524555683136,0.3067982494831085,-1.9787967205047607,0.7275358438491821,0.0,-0.10527369379997253,-0.10527369379997253,-0.15345363318920135,-0.15345363318920135,0.004761350341141224,-1.327388048171997,1.3548877239227295,0.0,-0.15821498353034258,-0.15821498353034258,0.0716925635933876,0.0716925635933876,0.01145352516323328,1.3153772354125977,0.4995589256286621,0.0,0.060239038430154324,0.060239038430154324
587,19.566666666666666,24,0,0,,4,uneven rough,9,0.0,81.11585235595703,35.44837951660156,0.3515061140060425,1.937575340270996,0.5985701084136963,1.937575340270996,0.5985701084136963,9.910163879394531,1.5643892288208008,0.1666666716337204,0.5274007320404053,0.3528255820274353,0.968787670135498,0.29928505420684814,0.175829216837883,0.34971532225608826,-0.49401795864105225,0.1591852605342865,0.697172999382019,0.3408752381801605,0.12308044731616974,0.12308044731616974,0.08132652193307877,1.707375168800354,0.08128612488508224,0.0,0.04175392538309097,0.04175392538309097,0.17485766112804413,0.17485766112804413,0.21383030712604523,0.3309274911880493,0.5380674004554749,0.0,-0.0389726459980011,-0.0389726459980011,-0.24700897932052612,-0.24700897932052612,-0.09545070677995682,-1.351347804069519,0.08154384046792984,0.0,-0.1515582725405693,-0.1515582725405693,0.11142968386411667,0.11142968386411667,-0.09400377422571182,1.3405426740646362,-0.8975966572761536,0.0,0.2054334580898285,0.2054334580898285,0.3485864996910095,0.3485864996910095,0.30140188336372375,0.6491262316703796,1.2402962446212769,0.0,0.04718461632728577,0.04718461632728577,0.17043761909008026,0.17043761909008026,-0.05465690419077873,1.9555848836898804,-0.2838972210884094,0.0,0.225094523280859,0.225094523280859
588,19.6,4,0,0,,4,uneven rough,5,0.0,55.12873077392578,31.260507583618164,0.22062870860099792,1.657778263092041,-0.7112950086593628,1.657778263092041,-0.7112950086593628,3.4147109985351562,1.2437021732330322,0.3333333432674408,-0.799602210521698,0.1062101349234581,0.8288891315460205,-0.3556475043296814,0.4216676354408264,-0.02006416767835617,0.3046342730522156,-0.05614626035094261,0.11084548383951187,-0.5733618140220642,0.29516732692718506,0.29516732692718506,0.28099456429481506,1.871674656867981,0.37775108218193054,0.0,0.014172762632369995,0.014172762632369995,-0.03210267052054405,-0.03210267052054405,-0.012429170310497284,-1.9633055925369263,-1.0000803470611572,0.0,-0.019673500210046768,-0.019673500210046768,0.1523171365261078,0.1523171365261078,0.1564161628484726,-0.3305574655532837,0.46449926495552063,0.0,-0.004099026322364807,-0.004099026322364807,-0.03930238261818886,-0.03930238261818886,0.21843495965003967,-1.7901827096939087,-1.1038914918899536,0.0,-0.25773734226822853,-0.25773734226822853,0.055422741919755936,0.055422741919755936,0.021924136206507683,1.999453067779541,-1.5446761846542358,0.0,0.03349860571324825,0.03349860571324825,-0.2866809070110321,-0.2866809070110321,-0.022268299013376236,-1.6948633193969727,-0.5969681739807129,0.0,-0.26441260799765587,-0.26441260799765587
588,19.6,14,0,0,,4,uneven rough,5,0.0,55.117149353027344,34.13184356689453,0.22642284631729126,1.5088921785354614,-0.6844564080238342,1.5088921785354614,-0.6844564080238342,3.406064987182617,3.5615158081054688,0.3333333432674408,0.11048446595668793,0.14122557640075684,0.7544460892677307,-0.3422282040119171,0.35393497347831726,0.1871570348739624,0.31080859899520874,0.20945130288600922,0.011571926064789295,-0.3243923485279083,0.24775448441505432,0.24775448441505432,0.24712423980236053,1.56493079662323,0.3551997244358063,0.0,0.0006302446126937866,0.0006302446126937866,0.0935785174369812,0.0935785174369812,0.09126541018486023,-0.4793955683708191,-1.170652985572815,0.0,0.0023131072521209717,0.0023131072521209717,0.15540429949760437,0.15540429949760437,0.1198328509926796,1.693336009979248,-0.5682061314582825,0.0,0.035571448504924774,0.035571448504924774,0.1466159075498581,0.1466159075498581,0.2396051585674286,-2.0001049041748047,-0.8026294112205505,0.0,-0.0929892510175705,-0.0929892510175705,0.005785963032394648,0.005785963032394648,0.012493571266531944,0.5411845445632935,-0.16167579591274261,0.0,-0.006707608234137297,-0.006707608234137297,-0.16219617426395416,-0.16219617426395416,-0.03432769328355789,0.5777767300605774,0.9608240723609924,0.0,-0.12786848098039627,-0.12786848098039627
588,19.6,24,0,0,,4,uneven rough,9,0.0,81.14520263671875,35.414337158203125,0.36682799458503723,1.8830450773239136,-0.03226961940526962,1.8830450773239136,-0.03226961940526962,8.22372055053711,2.0908164978027344,0.3333333432674408,0.5681778192520142,0.24086301028728485,0.9415225386619568,-0.01613480970263481,-0.563088059425354,0.6117753386497498,0.3454769551753998,0.26535680890083313,0.4595147669315338,0.428100049495697,-0.3941616415977478,-0.3941616415977478,0.04753461852669716,-1.8827108144760132,1.0006797313690186,0.0,-0.44169626012444496,-0.44169626012444496,0.3058876693248749,0.3058876693248749,0.26525479555130005,2.0001280307769775,0.42095011472702026,0.0,0.04063287377357483,0.04063287377357483,0.1727384775876999,0.1727384775876999,-0.0447484515607357,1.4053725004196167,-0.7286156415939331,0.0,0.2174869291484356,0.2174869291484356,0.18574976921081543,0.18574976921081543,-0.023082666099071503,1.9938148260116577,0.3678513467311859,0.0,0.20883243530988693,0.20883243530988693,0.2297573834657669,0.2297573834657669,0.27401474118232727,-2.0154049396514893,0.9060477018356323,0.0,-0.044257357716560364,-0.044257357716560364,0.2140500247478485,0.2140500247478485,-0.009979529306292534,1.2247960567474365,0.9823099970817566,0.0,0.22402955405414104,0.22402955405414104
589,19.633333333333333,4,0,0,,4,uneven rough,5,0.0,55.163230895996094,31.297771453857422,0.19797109067440033,1.1132892370224,0.7769431471824646,1.1132892370224,0.7769431471824646,2.7354724407196045,0.2912152409553528,0.1666666716337204,-0.5417598485946655,0.10205388069152832,0.5566446185112,0.3884715735912323,0.7481637001037598,-0.14091384410858154,0.25831350684165955,0.2914998233318329,0.3245900273323059,-0.18530087172985077,0.5237146019935608,0.5237146019935608,0.3458962142467499,1.7965967655181885,1.222418189048767,0.0,0.1778183877468109,0.1778183877468109,-0.2254621535539627,-0.2254621535539627,-0.07061979919672012,-1.3084179162979126,-1.544689655303955,0.0,-0.15484235435724258,-0.15484235435724258,0.12915675342082977,0.12915675342082977,0.12111345678567886,-0.7145047187805176,0.014972762204706669,0.0,0.00804329663515091,0.00804329663515091,0.20404987037181854,0.20404987037181854,0.18717148900032043,0.219636008143425,-1.4919217824935913,0.0,0.016878381371498108,0.016878381371498108,0.16229501366615295,0.16229501366615295,0.08187343180179596,2.0000064373016357,0.4591808319091797,0.0,0.080421581864357,0.080421581864357,-0.09265043586492538,-0.09265043586492538,-0.08535364270210266,-1.8006377220153809,-1.2177200317382812,0.0,-0.007296793162822723,-0.007296793162822723
589,19.633333333333333,14,0,0,,4,uneven rough,5,0.0,55.13213348388672,34.17289733886719,0.22394660115242004,0.8615866303443909,0.09369121491909027,0.8615866303443909,0.09369121491909027,1.7282098531723022,0.8368179202079773,0.3333333432674408,0.1740070879459381,0.15708449482917786,0.43079331517219543,0.046845607459545135,0.7048825025558472,0.10812012851238251,0.22994796931743622,0.22537076473236084,0.1122419536113739,0.021193917840719223,0.49341773986816406,0.49341773986816406,0.3094358444213867,1.7342625856399536,1.0391838550567627,0.0,0.18398189544677734,0.18398189544677734,0.054060064256191254,0.054060064256191254,0.07327686250209808,0.0662575364112854,-0.7798147797584534,0.0,-0.01921679824590683,-0.01921679824590683,0.11497398465871811,0.11497398465871811,0.1353672295808792,-1.00910222530365,0.7104738354682922,0.0,-0.020393244922161102,-0.020393244922161102,0.15775953233242035,0.15775953233242035,0.16967028379440308,-1.990281343460083,-1.4796842336654663,0.0,-0.011910751461982727,-0.011910751461982727,0.05612097680568695,0.05612097680568695,0.032765135169029236,0.14871884882450104,0.23572270572185516,0.0,0.023355841636657715,0.023355841636657715,0.010596958920359612,0.010596958920359612,0.023581862449645996,1.4736158847808838,0.7442483901977539,0.0,-0.012984903529286385,-0.012984903529286385
589,19.633333333333333,24,0,0,,4,uneven rough,9,0.0,81.17845916748047,35.38715744018555,0.3847849369049072,1.7385575771331787,0.4640582203865051,1.7385575771331787,0.4640582203865051,8.648673057556152,5.979248046875,0.3333333432674408,0.5215480923652649,0.0801856592297554,0.8692787885665894,0.23202911019325256,-0.24009497463703156,0.5894376039505005,0.16348357498645782,0.03810601308941841,0.2522362470626831,0.19681520760059357,-0.16806648671627045,-0.16806648671627045,-0.01676616631448269,-1.6859796047210693,-0.6295944452285767,0.0,-0.15130032040178776,-0.15130032040178776,0.29471880197525024,0.29471880197525024,0.32480955123901367,1.508457899093628,1.3138201236724854,0.0,-0.030090749263763428,-0.030090749263763428,0.08174178749322891,0.08174178749322891,0.01355088409036398,0.8309701085090637,0.47794508934020996,0.0,0.06819090340286493,0.06819090340286493,0.026674209162592888,0.026674209162592888,0.022789552807807922,0.3079455494880676,1.2871739864349365,0.0,0.0038846563547849655,0.0038846563547849655,0.12611812353134155,0.12611812353134155,0.20049037039279938,-1.9802594184875488,-0.7457468509674072,0.0,-0.07437224686145782,-0.07437224686145782,0.09840760380029678,0.09840760380029678,0.041329409927129745,0.30843088030815125,1.1194120645523071,0.0,0.05707819387316704,0.05707819387316704
590,19.666666666666668,4,0,0,,4,uneven rough,5,0.0,55.20329666137695,31.331098556518555,0.1797764003276825,1.4525716304779053,-0.13388022780418396,1.4525716304779053,-0.13388022780418396,7.414657115936279,1.051769495010376,0.1666666716337204,-0.33094918727874756,0.12099231779575348,0.7262858152389526,-0.06694011390209198,0.39076587557792664,-0.22880519926548004,0.5764375925064087,0.313827782869339,0.5899633169174194,-0.25395527482032776,0.2735361158847809,0.2735361158847809,0.33461248874664307,-1.1395559310913086,1.5470597743988037,0.0,-0.06107637286186218,-0.06107637286186218,-0.366088330745697,-0.366088330745697,-0.08659517765045166,-0.004789231810718775,-1.411101222038269,0.0,-0.27949315309524536,-0.27949315309524536,0.28821879625320435,0.28821879625320435,0.17377229034900665,1.9952291250228882,-0.39747512340545654,0.0,0.11444650590419769,0.11444650590419769,0.21967944502830505,0.21967944502830505,0.25509345531463623,1.7014648914337158,-0.5242039561271667,0.0,-0.03541401028633118,-0.03541401028633118,0.2949816584587097,0.2949816584587097,0.12984797358512878,1.6013704538345337,1.3303663730621338,0.0,0.16513368487358093,0.16513368487358093,-0.12697763741016388,-0.12697763741016388,-0.13673429191112518,-0.7515526413917542,-1.5473027229309082,0.0,0.009756654500961304,0.009756654500961304
590,19.666666666666668,14,0,0,,4,uneven rough,5,0.0,55.140655517578125,34.21330642700195,0.22757184505462646,1.1409341096878052,-0.4432442784309387,1.1409341096878052,-0.4432442784309387,3.1505839824676514,1.210862159729004,0.3333333432674408,0.059703074395656586,0.10899178683757782,0.5704670548439026,-0.22162213921546936,0.47645339369773865,0.19650554656982422,0.23877567052841187,0.2892133891582489,0.1828550547361374,-0.14013133943080902,0.3335173726081848,0.3335173726081848,0.3161100149154663,-0.06966371834278107,1.4321825504302979,0.0,0.017407357692718506,0.017407357692718506,0.09825277328491211,0.09825277328491211,0.12283629924058914,0.4901812672615051,-0.30144399404525757,0.0,-0.024583525955677032,-0.024583525955677032,0.11938783526420593,0.11938783526420593,0.11871307343244553,0.24265703558921814,-0.2617775499820709,0.0,0.0006747618317604065,0.0006747618317604065,0.20244936645030975,0.20244936645030975,0.17479778826236725,1.0989774465560913,-1.7683768272399902,0.0,0.027651578187942505,0.027651578187942505,0.0914275273680687,0.0914275273680687,0.06722743064165115,-0.0364578440785408,0.18653056025505066,0.0,0.02420009672641754,0.02420009672641754,-0.07006566971540451,-0.07006566971540451,0.02572319284081459,-0.3029126822948456,1.1566340923309326,0.0,-0.0957888625562191,-0.0957888625562191
590,19.666666666666668,24,0,0,,4,uneven rough,9,0.0,81.22122192382812,35.372840881347656,0.38292133808135986,1.85159170627594,-0.20415645837783813,1.85159170627594,-0.20415645837783813,9.600528717041016,5.265162467956543,0.3333333432674408,0.47880685329437256,0.06962500512599945,0.92579585313797,-0.10207822918891907,-0.1314230114221573,0.37575623393058777,0.029298705980181694,-0.18869082629680634,0.442326158285141,-0.3050973117351532,-0.09199610352516174,-0.09199610352516174,-0.07730991393327713,-1.2548505067825317,-1.2268764972686768,0.0,-0.014686189591884613,-0.014686189591884613,0.18787811696529388,0.18787811696529388,0.2876570224761963,-0.4440757930278778,1.4238686561584473,0.0,-0.0997789055109024,-0.0997789055109024,0.014649352990090847,0.014649352990090847,0.003181584645062685,-1.183944582939148,0.6775460839271545,0.0,0.011467768345028162,0.011467768345028162,-0.13208357989788055,-0.13208357989788055,-0.02854304015636444,-2.0826809406280518,0.7335164546966553,0.0,-0.10354053974151611,-0.10354053974151611,0.2211630791425705,0.2211630791425705,0.17119626700878143,0.5198147296905518,-1.4437425136566162,0.0,0.04996681213378906,0.04996681213378906,-0.1525486558675766,-0.1525486558675766,-0.021225057542324066,-2.2420809268951416,0.6608818769454956,0.0,-0.13132359832525253,-0.13132359832525253
591,19.7,4,0,0,,4,uneven rough,5,0.0,55.24934768676758,31.36336898803711,0.1620318442583084,1.366005778312683,0.20193597674369812,1.366005778312683,0.20193597674369812,6.899317741394043,1.4505013227462769,0.1666666716337204,-0.3698902130126953,0.20073387026786804,0.6830028891563416,0.10096798837184906,0.7408515214920044,0.1846550703048706,0.2133423388004303,0.6117954254150391,0.3521990478038788,0.2219148874282837,0.5185960531234741,0.5185960531234741,0.37722402811050415,1.9593570232391357,0.028042426332831383,0.0,0.14137202501296997,0.14137202501296997,0.0923275351524353,0.0923275351524353,-0.021753475069999695,2.0088212490081787,-0.6159698963165283,0.0,0.114081010222435,0.114081010222435,0.10667116940021515,0.10667116940021515,0.13138647377490997,-2.022167444229126,0.9553641676902771,0.0,-0.024715304374694824,-0.024715304374694824,0.4282567799091339,0.4282567799091339,0.31579726934432983,2.0046370029449463,0.7341932058334351,0.0,0.11245951056480408,0.11245951056480408,0.1760995239019394,0.1760995239019394,0.1811588555574417,1.7704461812973022,1.4835925102233887,0.0,-0.005059331655502319,-0.005059331655502319,0.11095744371414185,0.11095744371414185,-0.09049597382545471,2.0298752784729004,-1.0973842144012451,0.0,0.20145341753959656,0.20145341753959656
591,19.7,14,0,0,,4,uneven rough,5,0.0,55.15091323852539,34.24977111816406,0.2315768301486969,1.0035364627838135,0.19593383371829987,1.0035364627838135,0.19593383371829987,4.411008834838867,1.4316562414169312,0.3333333432674408,0.15008625388145447,0.08215835690498352,0.5017682313919067,0.09796691685914993,0.5182999968528748,0.20057030022144318,0.12036769837141037,0.32726919651031494,-0.07686187326908112,-0.021789776161313057,0.3628099858760834,0.3628099858760834,0.336284339427948,1.2555006742477417,0.583035945892334,0.0,0.026525646448135376,0.026525646448135376,0.10028515011072159,0.10028515011072159,0.09782945364713669,-0.2987983524799347,0.14614234864711761,0.0,0.0024556964635849,0.0024556964635849,0.060183849185705185,0.060183849185705185,0.08083345741033554,-0.9595636129379272,0.02343066595494747,0.0,-0.020649608224630356,-0.020649608224630356,0.2290884405374527,0.2290884405374527,0.21627692878246307,0.8247858285903931,-0.1471695899963379,0.0,0.012811511754989624,0.012811511754989624,-0.12297900021076202,-0.12297900021076202,-8.383805834455416e-06,-1.8191908597946167,0.06045251712203026,0.0,-0.12297061640492757,-0.12297061640492757,-0.010894888080656528,-0.010894888080656528,0.00047999044181779027,-0.5756080150604248,0.3314037621021271,0.0,-0.011374878522474319,-0.011374878522474319
591,19.7,24,0,0,,4,uneven rough,9,0.0,81.25580596923828,35.34695816040039,0.38311535120010376,1.8764920234680176,-1.0492390394210815,1.8764920234680176,-1.0492390394210815,9.893092155456543,5.60329532623291,0.3333333432674408,0.23789706826210022,0.22503487765789032,0.9382460117340088,-0.5246195197105408,0.3182632029056549,0.5410439968109131,0.4179132580757141,-0.05783461406826973,0.12366699427366257,-0.2965293526649475,0.22278423607349396,0.22278423607349396,-0.031526852399110794,1.4071259498596191,-1.2426930665969849,0.0,0.25431108847260475,0.25431108847260475,0.27052199840545654,0.27052199840545654,0.23960065841674805,-0.6802226901054382,0.367729514837265,0.0,0.030921339988708496,0.030921339988708496,0.20895662903785706,0.20895662903785706,-0.0011354426387697458,-1.276686668395996,-0.3749440610408783,0.0,0.2100920716766268,0.2100920716766268,-0.0404842309653759,-0.0404842309653759,-0.06741288304328918,0.49609115719795227,-0.8587666153907776,0.0,0.026928652077913284,0.026928652077913284,0.061833497136831284,0.061833497136831284,0.11487873643636703,-1.6401077508926392,-0.33354371786117554,0.0,-0.05304523929953575,-0.05304523929953575,-0.14826467633247375,-0.14826467633247375,-0.04276028648018837,0.35652199387550354,-0.9804584980010986,0.0,-0.10550438985228539,-0.10550438985228539
592,19.733333333333334,4,0,0,,4,uneven rough,5,0.0,55.29346466064453,31.39664077758789,0.14895276725292206,1.7489235401153564,1.2490748167037964,1.7489235401153564,1.2490748167037964,3.2506394386291504,0.3088136315345764,0.1666666716337204,0.11501967906951904,0.4276360869407654,0.8744617700576782,0.6245374083518982,-0.5149309635162354,0.5263070464134216,0.19643983244895935,0.854962944984436,0.7555074691772461,0.3189145028591156,-0.36045166850090027,-0.36045166850090027,0.34809014201164246,-0.5860011577606201,1.1200112104415894,0.0,-0.7085418105125427,-0.7085418105125427,0.2631535232067108,0.2631535232067108,0.031405482441186905,2.0261733531951904,0.8680917024612427,0.0,0.2317480407655239,0.2317480407655239,0.09821991622447968,0.09821991622447968,0.11206067353487015,-2.024289131164551,-0.7281375527381897,0.0,-0.013840757310390472,-0.013840757310390472,0.5984740257263184,0.5984740257263184,0.3830852806568146,1.8363604545593262,1.4525043964385986,0.0,0.21538874506950378,0.21538874506950378,0.37775373458862305,0.37775373458862305,0.24940626323223114,1.085310935974121,1.645780086517334,0.0,0.1283474713563919,0.1283474713563919,0.1594572514295578,0.1594572514295578,-0.06894199550151825,-1.708142876625061,0.6707739233970642,0.0,0.22839924693107605,0.22839924693107605
592,19.733333333333334,14,0,0,,4,uneven rough,5,0.0,55.154911041259766,34.28486251831055,0.22811442613601685,0.8879886865615845,-0.4754713773727417,0.8879886865615845,-0.4754713773727417,1.5581525564193726,2.8049581050872803,0.5,0.04503919929265976,0.09053820371627808,0.44399434328079224,-0.23773568868637085,-0.04200517013669014,-0.0014726024819537997,0.6708407402038574,0.296970009803772,-0.04823608696460724,-0.21845711767673492,-0.029403619468212128,-0.029403619468212128,0.29310789704322815,-1.498172402381897,0.9632487297058105,0.0,-0.3225115165114403,-0.3225115165114403,-0.002356163924559951,-0.002356163924559951,0.036151837557554245,-1.991929531097412,-0.10542792081832886,0.0,-0.038508001482114196,-0.038508001482114196,0.3354203701019287,0.3354203701019287,0.10167720913887024,-0.8082034587860107,-0.5323560833930969,0.0,0.23374316096305847,0.23374316096305847,0.20787900686264038,0.20787900686264038,0.2428026646375656,-0.659653902053833,0.402375727891922,0.0,-0.03492365777492523,-0.03492365777492523,-0.0771777406334877,-0.0771777406334877,-0.04310482740402222,-0.4005870521068573,-1.0023012161254883,0.0,-0.034072913229465485,-0.034072913229465485,-0.10922855883836746,-0.10922855883836746,-0.005122472066432238,0.007069438695907593,-0.18142232298851013,0.0,-0.10410608677193522,-0.10410608677193522
592,19.733333333333334,24,0,0,,4,uneven rough,9,0.0,81.29318237304688,35.31245422363281,0.38747355341911316,1.8974348306655884,-0.33132708072662354,1.8974348306655884,-0.33132708072662354,9.907249450683594,3.0703020095825195,0.3333333432674408,0.0038625202141702175,0.13393282890319824,0.9487174153327942,-0.16566354036331177,-0.6363000869750977,0.686253547668457,0.34756454825401306,0.45105239748954773,0.6096129417419434,0.414603054523468,-0.4454100430011749,-0.4454100430011749,-0.07571779936552048,-1.8318581581115723,0.2555193305015564,0.0,-0.36969224363565445,-0.36969224363565445,0.3431267738342285,0.3431267738342285,0.3047778606414795,1.6392744779586792,-0.22478455305099487,0.0,0.03834891319274902,0.03834891319274902,0.17378227412700653,0.17378227412700653,0.0018707119161263108,-0.4911264479160309,-0.8847909569740295,0.0,0.17191156221088022,0.17191156221088022,0.31573668122291565,0.31573668122291565,-0.0027987260837107897,1.5388240814208984,-0.09272758662700653,0.0,0.31853540730662644,0.31853540730662644,0.3048064708709717,0.3048064708709717,0.17368794977664948,1.9967422485351562,-1.072277307510376,0.0,0.1311185210943222,0.1311185210943222,0.207301527261734,0.207301527261734,0.014718066900968552,1.9542731046676636,-0.22452732920646667,0.0,0.19258346036076546,0.19258346036076546
593,19.766666666666666,4,0,0,,4,uneven rough,5,0.0,55.32546615600586,31.433137893676758,0.15891483426094055,1.7926729917526245,1.7480695247650146,1.7926729917526245,1.7480695247650146,5.4565043449401855,4.199665069580078,0.5,0.3133118152618408,0.15248703956604004,0.8963364958763123,0.8740347623825073,-0.3039940595626831,0.3092562258243561,-0.08000973612070084,0.7141544222831726,0.18248692154884338,0.5686395168304443,-0.21279583871364594,-0.21279583871364594,0.2886596918106079,-1.8935402631759644,0.15542875230312347,0.0,-0.5014555305242538,-0.5014555305242538,0.15462811291217804,0.15462811291217804,0.08591949939727783,1.9973127841949463,1.5228731632232666,0.0,0.06870861351490021,0.06870861351490021,-0.04000486806035042,-0.04000486806035042,0.04604598507285118,-1.9997973442077637,-1.4609839916229248,0.0,-0.0860508531332016,-0.0860508531332016,0.49990808963775635,0.49990808963775635,0.44895222783088684,2.0000743865966797,1.6695373058319092,0.0,0.05095586180686951,0.05095586180686951,0.09124346077442169,0.09124346077442169,0.22753828763961792,-1.5586241483688354,1.3288898468017578,0.0,-0.13629482686519623,-0.13629482686519623,0.28431975841522217,0.28431975841522217,-0.049449373036623,0.7157456874847412,-0.6742699146270752,0.0,0.33376913145184517,0.33376913145184517
593,19.766666666666666,14,0,0,,4,uneven rough,5,0.0,55.15757751464844,34.32271194458008,0.2225664108991623,0.963315486907959,0.2411303073167801,0.963315486907959,0.2411303073167801,3.1022696495056152,0.7454618811607361,0.3333333432674408,0.20955491065979004,0.1872590035200119,0.4816577434539795,0.12056515365839005,0.5570317506790161,0.03929205983877182,0.470468670129776,0.1582825779914856,0.2465554028749466,-0.23495018482208252,0.38992223143577576,0.38992223143577576,0.3373222351074219,1.9660166501998901,-0.42844319343566895,0.0,0.05259999632835388,0.05259999632835388,0.01964602991938591,0.01964602991938591,0.016354139894247055,-0.7805331349372864,-1.1720592975616455,0.0,0.003291890025138855,0.003291890025138855,0.235234335064888,0.235234335064888,0.11178625375032425,0.09807877987623215,-0.6883206963539124,0.0,0.12344808131456375,0.12344808131456375,0.11079780012369156,0.11079780012369156,0.17255344986915588,-2.0003561973571777,-0.19809772074222565,0.0,-0.061755649745464325,-0.061755649745464325,0.1232777014374733,0.1232777014374733,0.03346344828605652,2.000108480453491,-0.6620909571647644,0.0,0.08981425315141678,0.08981425315141678,-0.11747509241104126,-0.11747509241104126,-0.008309202268719673,-0.46523621678352356,-0.07484874129295349,0.0,-0.10916589014232159,-0.10916589014232159
593,19.766666666666666,24,0,0,,4,uneven rough,9,0.0,81.33218383789062,35.28535461425781,0.38538363575935364,1.907421588897705,0.0817958414554596,1.8958029747009277,0.0817958414554596,8.890398979187012,3.616940975189209,0.3333333432674408,0.07525092363357544,0.12077538669109344,0.9537107944488525,0.0408979207277298,-0.13665316998958588,0.36338892579078674,-0.38021042943000793,-0.1024574264883995,0.6226391196250916,0.29685506224632263,-0.09565721452236176,-0.09565721452236176,-0.07046521455049515,0.4658863842487335,-0.9246876239776611,0.0,-0.025191999971866608,-0.025191999971866608,0.18169446289539337,0.18169446289539337,0.2698640823364258,-1.7039263248443604,0.8291577696800232,0.0,-0.08816961944103241,-0.08816961944103241,-0.19010521471500397,-0.19010521471500397,-0.06732559949159622,-1.9636808633804321,-0.6622123718261719,0.0,-0.12277961522340775,-0.12277961522340775,-0.0717201977968216,-0.0717201977968216,-0.04299363121390343,-1.7576069831848145,0.829754650592804,0.0,-0.028726566582918167,-0.028726566582918167,0.3113195598125458,0.3113195598125458,0.21114249527454376,0.875265896320343,0.6629518270492554,0.0,0.10017706453800201,0.10017706453800201,0.14842753112316132,0.14842753112316132,0.065653495490551,0.43246990442276,1.0073703527450562,0.0,0.08277403563261032,0.08277403563261032
594,19.8,4,0,0,,4,uneven rough,5,0.0,55.3507194519043,31.473291397094727,0.1737302541732788,1.651556134223938,0.7654805779457092,1.651556134223938,0.7654805779457092,7.357450485229492,0.3753368854522705,0.1666666716337204,0.4634789824485779,0.09037855267524719,0.825778067111969,0.3827402889728546,-0.012300340458750725,0.2545009255409241,0.21478572487831116,0.3818747401237488,-0.09849805384874344,-0.014931168407201767,-0.008610238321125507,-0.008610238321125507,0.22704492509365082,-1.9875893592834473,-1.0030620098114014,0.0,-0.23565516341477633,-0.23565516341477633,0.12725046277046204,0.12725046277046204,0.12711143493652344,1.2671066522598267,1.7911221981048584,0.0,0.00013902783393859863,0.00013902783393859863,0.10739286243915558,0.10739286243915558,0.0596889890730381,0.4041668474674225,-1.7656300067901611,0.0,0.04770387336611748,0.04770387336611748,0.26731231808662415,0.26731231808662415,0.45002037286758423,-0.9265560507774353,1.8564234972000122,0.0,-0.18270805478096008,-0.18270805478096008,-0.1575968861579895,-0.1575968861579895,0.1994239240884781,-0.5552472472190857,-0.3037157654762268,0.0,-0.3570208102464676,-0.3570208102464676,-0.0074655842036008835,-0.0074655842036008835,0.023392116650938988,1.9697610139846802,0.11164740473031998,0.0,-0.03085770085453987,-0.03085770085453987
594,19.8,14,0,0,,4,uneven rough,5,0.0,55.160640716552734,34.35599136352539,0.21456971764564514,1.2343894243240356,-0.1050516739487648,1.2343894243240356,-0.1050516739487648,1.4273570775985718,0.6261755228042603,0.3333333432674408,0.044219158589839935,0.04159241542220116,0.6171947121620178,-0.0525258369743824,0.5391265153884888,-0.0830182284116745,0.4878499209880829,0.17265011370182037,0.5925276279449463,-0.4088197648525238,0.3773885667324066,0.3773885667324066,0.37598663568496704,0.1650153398513794,0.9253886938095093,0.0,0.0014019310474395752,0.0014019310474395752,-0.13282917439937592,-0.13282917439937592,-0.04702330753207207,-1.9999045133590698,-0.9506896734237671,0.0,-0.08580586686730385,-0.08580586686730385,0.24392496049404144,0.24392496049404144,0.14698080718517303,1.6472079753875732,-0.24368901550769806,0.0,0.09694415330886841,0.09694415330886841,0.12085507810115814,0.12085507810115814,0.11837998032569885,-0.8286202549934387,-1.2170978784561157,0.0,0.0024750977754592896,0.0024750977754592896,0.29626381397247314,0.29626381397247314,0.10438535362482071,2.023505210876465,0.8431214094161987,0.0,0.19187846034765244,0.19187846034765244,-0.2044098824262619,-0.2044098824262619,-0.010713052935898304,0.13103294372558594,-0.29557451605796814,0.0,-0.1936968294903636,-0.1936968294903636
594,19.8,24,0,0,,4,uneven rough,9,0.0,81.36304473876953,35.24846649169922,0.3856157958507538,1.9410922527313232,-0.2506394386291504,1.9005497694015503,-0.2506394386291504,9.902106285095215,4.511484146118164,0.3333333432674408,-0.23963162302970886,0.33548682928085327,0.9705461263656616,-0.1253197193145752,0.0973578467965126,0.2891610562801361,0.2821904420852661,0.02654530666768551,0.5184694528579712,-0.06775400787591934,0.06815049052238464,0.06815049052238464,-0.00942991767078638,1.9414271116256714,-0.1384546011686325,0.0,0.07758040819317102,0.07758040819317102,0.14458052814006805,0.14458052814006805,0.20949624478816986,-1.535037875175476,-0.6030524969100952,0.0,-0.0649157166481018,-0.0649157166481018,0.14109522104263306,0.14109522104263306,-0.02528293989598751,2.0000054836273193,-1.3980649709701538,0.0,0.16637816093862057,0.16637816093862057,0.01858171448111534,0.01858171448111534,-0.045477721840143204,1.3630434274673462,-0.6331442594528198,0.0,0.06405943632125854,0.06405943632125854,0.2592347264289856,0.2592347264289856,0.21541258692741394,-1.2653748989105225,0.7829945683479309,0.0,0.043822139501571655,0.043822139501571655,-0.03387700393795967,-0.03387700393795967,0.011825352907180786,-1.898242473602295,0.6823205947875977,0.0,-0.04570235684514046,-0.04570235684514046
595,19.833333333333332,4,0,0,,4,uneven rough,5,0.0,55.36894989013672,31.515546798706055,0.1735631823539734,1.7747983932495117,0.868144154548645,1.7747983932495117,0.868144154548645,6.0572614669799805,0.24061523377895355,0.3333333432674408,0.4017309844493866,0.22340703010559082,0.8873991966247559,0.4340720772743225,0.6012904644012451,-0.03348585590720177,0.051510151475667953,0.023650065064430237,0.23334814608097076,-0.7147750854492188,0.4209033250808716,0.4209033250808716,0.2748487889766693,1.9963676929473877,-1.5597155094146729,0.0,0.14605453610420227,0.14605453610420227,-0.05357737094163895,-0.05357737094163895,0.06796962022781372,-1.8527425527572632,1.4948428869247437,0.0,-0.12154699116945267,-0.12154699116945267,0.025755075737833977,0.025755075737833977,0.013980421237647533,-0.7891810536384583,-0.5388230085372925,0.0,0.011774654500186443,0.011774654500186443,0.016555044800043106,0.016555044800043106,0.3801021873950958,-1.999976396560669,0.2829218804836273,0.0,-0.3635471425950527,-0.3635471425950527,0.11667407304048538,0.11667407304048538,0.1285458207130432,-1.5013513565063477,-0.4459321200847626,0.0,-0.01187174767255783,-0.01187174767255783,-0.3573875427246094,-0.3573875427246094,0.006110969930887222,-1.127241611480713,1.1622282266616821,0.0,-0.3634985126554966,-0.3634985126554966
595,19.833333333333332,14,0,0,,4,uneven rough,5,0.0,55.171714782714844,34.389312744140625,0.2156219482421875,1.1744778156280518,0.4626728892326355,1.1744778156280518,0.4626728892326355,1.7767608165740967,1.3255119323730469,0.5,0.093613401055336,0.1093817800283432,0.5872389078140259,0.23133644461631775,0.8073068261146545,0.30054283142089844,0.3306385576725006,0.3668765127658844,0.4987504482269287,-0.19787071645259857,0.5651147961616516,0.5651147961616516,0.4266718626022339,1.9775803089141846,0.4954722225666046,0.0,0.13844293355941772,0.13844293355941772,0.15027141571044922,0.15027141571044922,0.009804988279938698,1.915342092514038,-1.5439176559448242,0.0,0.14046642743051052,0.14046642743051052,0.1653192788362503,0.1653192788362503,0.1474902629852295,-0.1054949164390564,0.8254275321960449,0.0,0.017829015851020813,0.017829015851020813,0.25681355595588684,0.25681355595588684,0.15312044322490692,1.987730622291565,-0.997451901435852,0.0,0.10369311273097992,0.10369311273097992,0.24937522411346436,0.24937522411346436,0.18063011765480042,1.9984220266342163,1.5105124711990356,0.0,0.06874510645866394,0.06874510645866394,-0.09893535822629929,-0.09893535822629929,-0.05956133455038071,-1.641990303993225,-0.05436990037560463,0.0,-0.03937402367591858,-0.03937402367591858
595,19.833333333333332,24,0,0,,4,uneven rough,9,0.0,81.39262390136719,35.210472106933594,0.39221131801605225,1.763046145439148,0.5786946415901184,1.763046145439148,0.5786946415901184,9.26180648803711,2.3708369731903076,0.1666666716337204,-0.21359746158123016,0.3213917911052704,0.881523072719574,0.2893473207950592,-0.5098457932472229,0.3488715887069702,0.6207586526870728,0.19351831078529358,0.40208959579467773,0.5682423114776611,-0.35689204931259155,-0.35689204931259155,-0.055911917239427567,-1.9912422895431519,1.0375142097473145,0.0,-0.300980132073164,-0.300980132073164,0.1744357943534851,0.1744357943534851,0.18417730927467346,-0.46521520614624023,-1.1299986839294434,0.0,-0.009741514921188354,-0.009741514921188354,0.3103793263435364,0.3103793263435364,0.041288767009973526,1.9564875364303589,0.5232101678848267,0.0,0.26909055933356285,0.26909055933356285,0.13546282052993774,0.13546282052993774,0.023845436051487923,1.9361652135849,0.49550384283065796,0.0,0.11161738447844982,0.11161738447844982,0.20104479789733887,0.20104479789733887,0.19580504298210144,0.09456803649663925,-0.3751572072505951,0.0,0.005239754915237427,0.005239754915237427,0.28412115573883057,0.28412115573883057,0.05141192674636841,1.3871405124664307,-0.7767344117164612,0.0,0.23270922899246216,0.23270922899246216
596,19.866666666666667,4,0,0,,4,uneven rough,5,0.0,55.38270950317383,31.560396194458008,0.1561804711818695,1.6359505653381348,-1.185423493385315,1.6359505653381348,-1.185423493385315,2.9360251426696777,0.8256309032440186,0.1666666716337204,0.46839532256126404,0.17485098540782928,0.8179752826690674,-0.5927117466926575,0.3041774034500122,-0.3375006318092346,0.5929743051528931,-0.2796861529350281,0.374586820602417,-0.8077296018600464,0.21292418241500854,0.21292418241500854,0.25618812441825867,-1.5520318746566772,0.45090028643608093,0.0,-0.04326394200325012,-0.04326394200325012,-0.5400010347366333,-0.5400010347366333,0.033512186259031296,-1.991870403289795,-0.3978879153728485,0.0,-0.5735132209956646,-0.5735132209956646,0.29648715257644653,0.29648715257644653,0.07605994492769241,1.811803936958313,-0.680375874042511,0.0,0.22042720764875412,0.22042720764875412,-0.19578030705451965,-0.19578030705451965,0.3404149115085602,-1.5435518026351929,-1.0078328847885132,0.0,-0.5361952185630798,-0.5361952185630798,0.1872934103012085,0.1872934103012085,0.17438049614429474,1.208354115486145,-1.042668104171753,0.0,0.012912914156913757,0.012912914156913757,-0.4038648009300232,-0.4038648009300232,-0.02017153799533844,0.5681988596916199,-0.13224215805530548,0.0,-0.38369326293468475,-0.38369326293468475
596,19.866666666666667,14,0,0,,4,uneven rough,5,0.0,55.182437896728516,34.41886520385742,0.20729827880859375,1.426369071006775,0.863943874835968,1.426369071006775,0.863943874835968,2.354520797729492,2.8683743476867676,0.47436782717704773,-0.16803386807441711,0.17760556936264038,0.7131845355033875,0.431971937417984,0.041016586124897,0.008095012977719307,0.2717112600803375,0.7085874080657959,0.5201544761657715,0.11685225367546082,0.028711609542369843,0.028711609542369843,0.3969285786151886,-1.893040657043457,1.3334587812423706,0.0,-0.36821696907281876,-0.36821696907281876,0.0040475064888596535,0.0040475064888596535,0.001131821540184319,-0.4656164348125458,0.41195401549339294,0.0,0.0029156849486753345,0.0029156849486753345,0.13585563004016876,0.13585563004016876,0.14638295769691467,-0.6806066036224365,0.29908230900764465,0.0,-0.01052732765674591,-0.01052732765674591,0.4960111677646637,0.4960111677646637,0.22265300154685974,2.000000238418579,0.6903756260871887,0.0,0.27335816621780396,0.27335816621780396,0.26007723808288574,0.26007723808288574,0.24526232481002808,2.0,1.7863774299621582,0.0,0.014814913272857666,0.014814913272857666,0.05842612683773041,0.05842612683773041,-0.0006588516989722848,1.9729005098342896,-0.9520133137702942,0.0,0.05908497853670269,0.05908497853670269
596,19.866666666666667,24,0,0,,4,uneven rough,9,0.0,81.422607421875,35.171669006347656,0.4009575843811035,1.8868449926376343,0.6938457489013672,1.8868449926376343,0.6938457489013672,9.9920015335083,6.011061668395996,0.3333333432674408,-0.23087668418884277,0.2597387433052063,0.9434224963188171,0.3469228744506836,-0.48555973172187805,0.536914050579071,0.30312344431877136,0.23446214199066162,0.6162015199661255,0.24810808897018433,-0.33989182114601135,-0.33989182114601135,-0.12281762063503265,-1.9946835041046143,-0.6749501824378967,0.0,-0.2170742005109787,-0.2170742005109787,0.2684570252895355,0.2684570252895355,0.24964533746242523,1.955527663230896,-0.7541289329528809,0.0,0.01881168782711029,0.01881168782711029,0.15156172215938568,0.15156172215938568,0.1079840436577797,1.999884843826294,1.3335877656936646,0.0,0.04357767850160599,0.04357767850160599,0.16412349045276642,0.16412349045276642,0.08904857188463211,1.9903664588928223,1.3100563287734985,0.0,0.07507491856813431,0.07507491856813431,0.30810075998306274,0.30810075998306274,0.25836658477783203,1.9887142181396484,-0.10957371443510056,0.0,0.04973417520523071,0.04973417520523071,0.12405404448509216,0.12405404448509216,0.10969813913106918,1.375677227973938,0.4467243552207947,0.0,0.01435590535402298,0.01435590535402298
597,19.9,4,0,0,,4,uneven rough,5,0.0,55.40218734741211,31.601835250854492,0.15710881352424622,1.790223479270935,0.39903831481933594,1.790223479270935,0.39903831481933594,3.8994140625,2.711446523666382,0.5,0.24314820766448975,0.25399982929229736,0.8951117396354675,0.19951915740966797,0.8937629461288452,-0.05219350755214691,-0.05373310670256615,0.03883778303861618,0.5446354150772095,-0.629001259803772,0.6256340742111206,0.6256340742111206,0.3086870312690735,1.9177082777023315,-0.6815611124038696,0.0,0.3169470429420471,0.3169470429420471,-0.08350961655378342,-0.08350961655378342,0.033111438155174255,1.8445372581481934,-1.2991284132003784,0.0,-0.11662105470895767,-0.11662105470895767,-0.026866553351283073,-0.026866553351283073,0.04891480877995491,-1.9975181818008423,0.7287070155143738,0.0,-0.07578136213123798,-0.07578136213123798,0.027186447754502296,0.027186447754502296,0.2664242386817932,-1.812815546989441,-1.3107293844223022,0.0,-0.23923779092729092,-0.23923779092729092,0.27231770753860474,0.27231770753860474,0.19941507279872894,1.743530511856079,0.23006390035152435,0.0,0.0729026347398758,0.0729026347398758,-0.314500629901886,-0.314500629901886,-0.014000514522194862,-0.8977707028388977,0.26378846168518066,0.0,-0.3005001153796911,-0.3005001153796911
597,19.9,14,0,0,,4,uneven rough,5,0.0,55.18873977661133,34.44678497314453,0.20654746890068054,1.458946943283081,0.18312518298625946,1.458946943283081,0.18312518298625946,7.221532344818115,0.0,0.0,0.21587011218070984,0.14163759350776672,0.7294734716415405,0.09156259149312973,0.32983657717704773,0.03438960388302803,0.49804726243019104,0.5780631303787231,0.2829402685165405,0.10336890816688538,0.2308855950832367,0.2308855950832367,0.333688884973526,-2.012610673904419,-0.4908097982406616,0.0,-0.1028032898902893,-0.1028032898902893,0.017194801941514015,0.017194801941514015,-0.011383195407688618,0.024353234097361565,-0.08422589302062988,0.0,0.028577997349202633,0.028577997349202633,0.24902363121509552,0.24902363121509552,0.15732665359973907,1.2677181959152222,-0.2548355460166931,0.0,0.09169697761535645,0.09169697761535645,0.4046441912651062,0.4046441912651062,0.29231497645378113,1.8103652000427246,1.4308397769927979,0.0,0.11232921481132507,0.11232921481132507,0.14147013425827026,0.14147013425827026,0.21130312979221344,-1.8531839847564697,1.9071600437164307,0.0,-0.06983299553394318,-0.06983299553394318,0.05168445408344269,0.05168445408344269,0.02041785791516304,0.08311854302883148,0.701738178730011,0.0,0.03126659616827965,0.03126659616827965
597,19.9,24,0,0,,4,uneven rough,9,0.0,81.4583511352539,35.142398834228516,0.40632325410842896,1.804834246635437,-0.07264266908168793,1.804834246635437,-0.07264266908168793,9.418928146362305,0.1344681680202484,0.08061741292476654,-0.20885983109474182,0.28882211446762085,0.9024171233177185,-0.036321334540843964,-0.4180181622505188,0.7601481676101685,-0.36187276244163513,0.04766117408871651,0.5491455793380737,0.17107658088207245,-0.2926127016544342,-0.2926127016544342,-0.18400058150291443,-1.9186915159225464,-1.4211297035217285,0.0,-0.10861212015151978,-0.10861212015151978,0.38007408380508423,0.38007408380508423,0.31586581468582153,1.9971216917037964,0.7779157757759094,0.0,0.0642082691192627,0.0642082691192627,-0.18093638122081757,-0.18093638122081757,0.04678349569439888,-1.6976468563079834,1.710313320159912,0.0,-0.22771987691521645,-0.22771987691521645,0.033362820744514465,0.033362820744514465,0.0767148807644844,-1.999999761581421,1.6947048902511597,0.0,-0.04335206001996994,-0.04335206001996994,0.27457278966903687,0.27457278966903687,0.2984234690666199,0.20394091308116913,1.0768020153045654,0.0,-0.023850679397583008,-0.023850679397583008,0.08553829044103622,0.08553829044103622,0.08228492736816406,-0.7363154888153076,0.9719559550285339,0.0,0.003253363072872162,0.003253363072872162
598,19.933333333333334,4,0,0,,4,uneven rough,5,0.0,55.413963317871094,31.644676208496094,0.15953847765922546,1.8286769390106201,0.16500546038150787,1.8286769390106201,0.16500546038150787,4.389078140258789,4.549242973327637,0.5,0.2675933241844177,0.0904291421175003,0.9143384695053101,0.08250273019075394,0.27721133828163147,0.05809107795357704,0.14836829900741577,0.2241504043340683,0.506696343421936,-0.33899542689323425,0.1940479278564453,0.1940479278564453,0.29584887623786926,-1.6766037940979004,0.7880704402923584,0.0,-0.10180094838142395,-0.10180094838142395,0.02904553897678852,0.02904553897678852,0.05483733117580414,-0.6691615581512451,0.4783058166503906,0.0,-0.025791792199015617,-0.025791792199015617,0.07418414950370789,0.07418414950370789,0.049161240458488464,1.8098342418670654,-0.8127055764198303,0.0,0.02502290904521942,0.02502290904521942,0.15690527856349945,0.15690527856349945,0.21320569515228271,-1.8275856971740723,-1.5946097373962402,0.0,-0.056300416588783264,-0.056300416588783264,0.253348171710968,0.253348171710968,0.24231761693954468,0.5276321172714233,1.0857806205749512,0.0,0.01103055477142334,0.01103055477142334,-0.16949771344661713,-0.16949771344661713,-0.05398782342672348,-0.9923036098480225,-0.3929591774940491,0.0,-0.11550989001989365,-0.11550989001989365
598,19.933333333333334,14,0,0,,4,uneven rough,5,0.0,55.181461334228516,34.47684860229492,0.2230668067932129,1.2638733386993408,0.5973789691925049,1.2638733386993408,0.5973789691925049,7.077567100524902,8.138819694519043,0.5,0.2717464864253998,0.06340418756008148,0.6319366693496704,0.29868948459625244,0.004541768226772547,0.10236629843711853,0.4391964375972748,0.20236094295978546,0.07717093825340271,-0.23802702128887177,0.003179237712174654,0.003179237712174654,0.2901330292224884,-1.2699724435806274,-1.35123872756958,0.0,-0.28695379151031375,-0.28695379151031375,0.051183149218559265,0.051183149218559265,0.034367166459560394,1.300656795501709,-0.022835060954093933,0.0,0.01681598275899887,0.01681598275899887,0.2195982187986374,0.2195982187986374,0.16695605218410492,0.23173701763153076,0.6060190796852112,0.0,0.05264216661453247,0.05264216661453247,0.1416526585817337,0.1416526585817337,0.26698365807533264,-1.9978944063186646,1.6454241275787354,0.0,-0.12533099949359894,-0.12533099949359894,0.038585469126701355,0.038585469126701355,0.17308419942855835,-1.2394717931747437,-0.2189451903104782,0.0,-0.134498730301857,-0.134498730301857,-0.11901351064443588,-0.11901351064443588,-0.005199133418500423,-1.14700186252594,0.35196954011917114,0.0,-0.11381437722593546,-0.11381437722593546
598,19.933333333333334,24,0,0,,4,uneven rough,9,0.0,81.48875427246094,35.114437103271484,0.4045926630496979,1.6840060949325562,0.15577936172485352,1.6840060949325562,0.15577936172485352,8.365301132202148,0.0,0.0,0.1145043671131134,0.33852919936180115,0.8420030474662781,0.07788968086242676,0.34558141231536865,0.33157792687416077,-0.3198373019695282,-0.43531426787376404,0.6296958923339844,-0.41820165514945984,0.24190698564052582,0.24190698564052582,-0.16953180730342865,1.2840808629989624,-1.7024520635604858,0.0,0.41143879294395447,0.41143879294395447,0.16578896343708038,0.16578896343708038,0.28195303678512573,-0.5295587778091431,1.467257022857666,0.0,-0.11616407334804535,-0.11616407334804535,-0.1599186509847641,-0.1599186509847641,-0.012963811866939068,-2.000002384185791,-0.2165534496307373,0.0,-0.14695483911782503,-0.14695483911782503,-0.3047199845314026,-0.3047199845314026,0.005672384053468704,-2.000091314315796,-0.39428773522377014,0.0,-0.3103923685848713,-0.3103923685848713,0.3148479461669922,0.3148479461669922,0.2501489520072937,0.2290114164352417,0.5832847952842712,0.0,0.06469899415969849,0.06469899415969849,-0.20910082757472992,-0.20910082757472992,0.02601500228047371,-1.6331470012664795,0.006096212193369865,0.0,-0.23511582985520363,-0.23511582985520363
599,19.966666666666665,4,0,0,,4,uneven rough,5,0.0,55.427162170410156,31.685466766357422,0.16384296119213104,1.825941801071167,-0.5467948913574219,1.825941801071167,-0.5467948913574219,4.729539394378662,5.373823165893555,0.6666666865348816,0.06907565891742706,0.24051257967948914,0.9129709005355835,-0.27339744567871094,0.914790689945221,0.03526877239346504,-0.07377196103334427,0.09545799344778061,0.28215205669403076,-0.2866831123828888,0.6403535008430481,0.6403535008430481,0.33513304591178894,1.9551351070404053,-0.6054607629776001,0.0,0.30522045493125916,0.30522045493125916,0.01763438619673252,0.01763438619673252,0.009091260842978954,-0.45435619354248047,-0.17047429084777832,0.0,0.008543125353753567,0.008543125353753567,-0.036885980516672134,-0.036885980516672134,0.0015401000855490565,-1.8600744009017944,0.6700831651687622,0.0,-0.03842608060222119,-0.03842608060222119,0.06682059168815613,0.06682059168815613,0.14274516701698303,-1.8447824716567993,-1.726334810256958,0.0,-0.0759245753288269,-0.0759245753288269,0.14107602834701538,0.14107602834701538,0.17802482843399048,-1.8470432758331299,0.7702024579048157,0.0,-0.0369488000869751,-0.0369488000869751,-0.1433415561914444,-0.1433415561914444,-0.1155521497130394,-0.25655969977378845,-0.7318295836448669,0.0,-0.027789406478405,-0.027789406478405
599,19.966666666666665,14,0,0,,4,uneven rough,5,0.0,55.169429779052734,34.50849533081055,0.2341061234474182,1.6004796028137207,-0.01022079586982727,1.6004796028137207,-0.01022079586982727,6.03375244140625,5.981563091278076,0.3333333432674408,0.07898478209972382,0.20021669566631317,0.8002398014068604,-0.005110397934913635,0.3504556119441986,0.008195358328521252,0.63923579454422,0.003738668980076909,-0.011699373833835125,-0.5027621388435364,0.2453189194202423,0.2453189194202423,0.2463364154100418,-0.682645320892334,-1.3052905797958374,0.0,-0.0010174959897994995,-0.0010174959897994995,0.004097679164260626,0.004097679164260626,-0.009712973609566689,-0.872178852558136,0.7254695892333984,0.0,0.013810652773827314,0.013810652773827314,0.31961789727211,0.31961789727211,0.20302756130695343,1.4207006692886353,0.39439934492111206,0.0,0.11659033596515656,0.11659033596515656,0.0026170683559030294,0.0026170683559030294,0.2027265727519989,-2.010753631591797,-0.4145146906375885,0.0,-0.20010950439609587,-0.20010950439609587,-0.01871899887919426,-0.01871899887919426,0.11865680664777756,-0.7490030527114868,-0.7959527373313904,0.0,-0.13737580552697182,-0.13737580552697182,-0.2513810694217682,-0.2513810694217682,-0.028342919424176216,-0.7790797352790833,-0.49555158615112305,0.0,-0.22303814999759197,-0.22303814999759197
599,19.966666666666665,24,0,0,,4,uneven rough,9,0.0,81.5165786743164,35.08417892456055,0.40035101771354675,1.8493897914886475,0.08328887820243835,1.8493897914886475,0.08328887820243835,9.40140151977539,3.206346035003662,0.1666666716337204,0.3426567018032074,0.33711522817611694,0.9246948957443237,0.04164443910121918,-0.06017759442329407,0.3207146227359772,-0.2041497826576233,-0.30056697130203247,0.3371872901916504,-0.045921243727207184,-0.04212431609630585,-0.04212431609630585,-0.10579122602939606,1.9739149808883667,-0.013860967010259628,0.0,0.06366690993309021,0.06366690993309021,0.1603573113679886,0.1603573113679886,0.21765635907649994,-1.9662967920303345,0.33825382590293884,0.0,-0.05729904770851135,-0.05729904770851135,-0.10207489132881165,-0.10207489132881165,-0.019648423418402672,0.9076592922210693,-1.2249187231063843,0.0,-0.08242646791040897,-0.08242646791040897,-0.210396870970726,-0.210396870970726,-0.06316957622766495,-1.9986358880996704,-1.3022119998931885,0.0,-0.14722729474306107,-0.14722729474306107,0.1685936450958252,0.1685936450958252,0.18289469182491302,-1.9957565069198608,0.38297799229621887,0.0,-0.01430104672908783,-0.01430104672908783,-0.022960621863603592,-0.022960621863603592,-0.0336214154958725,-1.3607157468795776,-0.9207348227500916,0.0,0.010660793632268906,0.010660793632268906
600,20.0,4,0,0,,4,uneven rough,5,0.0,55.44934844970703,31.72404670715332,0.17136834561824799,1.4695937633514404,-0.8879047632217407,1.4695937633514404,-0.8879047632217407,4.382043838500977,3.471926212310791,0.2290165275335312,0.11420389264822006,0.105507493019104,0.7347968816757202,-0.44395238161087036,0.3397440016269684,0.2845698297023773,0.7688449025154114,0.4491559863090515,0.3206551969051361,-0.18822605907917023,0.2378208041191101,0.2378208041191101,0.27633702754974365,-1.7981600761413574,0.8423047661781311,0.0,-0.038516223430633545,-0.038516223430633545,0.14228491485118866,0.14228491485118866,0.0748872309923172,1.954087495803833,-0.33098164200782776,0.0,0.06739768385887146,0.06739768385887146,0.3844224512577057,0.3844224512577057,0.054175570607185364,1.361610770225525,-0.7604724764823914,0.0,0.3302468806505203,0.3302468806505203,0.31440919637680054,0.31440919637680054,0.2003023326396942,2.0013949871063232,-1.7933053970336914,0.0,0.11410686373710632,0.11410686373710632,0.16032759845256805,0.16032759845256805,0.18084891140460968,0.17569947242736816,-0.7095929980278015,0.0,-0.020521312952041626,-0.020521312952041626,-0.09411302953958511,-0.09411302953958511,-0.0876309871673584,0.5451207756996155,-0.46311113238334656,0.0,-0.006482042372226715,-0.006482042372226715
600,20.0,14,0,0,,4,uneven rough,5,0.0,55.164207458496094,34.54609298706055,0.2472456842660904,1.7924212217330933,-0.5896111130714417,1.7924212217330933,-0.5896111130714417,6.073912620544434,5.74724006652832,0.3333333432674408,0.05330411717295647,0.17769762873649597,0.8962106108665466,-0.2948055565357208,0.48783180117607117,0.318452388048172,0.36497586965560913,0.08383487164974213,0.14141052961349487,-0.15961609780788422,0.3414822518825531,0.3414822518825531,0.29789695143699646,1.9858834743499756,-0.9532458186149597,0.0,0.04358530044555664,0.04358530044555664,0.159226194024086,0.159226194024086,0.04556557536125183,1.852463722229004,-0.17784371972084045,0.0,0.11366061866283417,0.11366061866283417,0.18248793482780457,0.18248793482780457,0.1762923300266266,-0.2742021977901459,0.9746719598770142,0.0,0.0061956048011779785,0.0061956048011779785,0.05868440866470337,0.05868440866470337,0.13344968855381012,-1.9998478889465332,-1.3170310258865356,0.0,-0.07476527988910675,-0.07476527988910675,0.07070526480674744,0.07070526480674744,0.09223616868257523,-1.3106356859207153,-0.769407331943512,0.0,-0.02153090387582779,-0.02153090387582779,-0.07980804890394211,-0.07980804890394211,-0.07980920374393463,-0.5078533291816711,-0.6558589339256287,0.0,1.1548399925231934e-06,1.1548399925231934e-06
600,20.0,24,0,0,,4,uneven rough,9,0.0,81.55350494384766,35.05766677856445,0.405116468667984,1.7529042959213257,-0.09720894694328308,1.7529042959213257,-0.09720894694328308,9.626633644104004,3.7863261699676514,0.3333333432674408,0.2835114300251007,0.1965341866016388,0.8764521479606628,-0.04860447347164154,-0.11884396523237228,0.45396387577056885,-0.2520807385444641,-0.43261438608169556,0.2189285010099411,0.06328006088733673,-0.08319077640771866,-0.08319077640771866,-0.07897555083036423,-0.0741022601723671,1.1100311279296875,0.0,-0.004215225577354431,-0.004215225577354431,0.22698193788528442,0.22698193788528442,0.21027033030986786,0.9756710529327393,-0.9647432565689087,0.0,0.016711607575416565,0.016711607575416565,-0.12604036927223206,-0.12604036927223206,-0.025419112294912338,-1.1874864101409912,-0.019155308604240417,0.0,-0.10062125697731972,-0.10062125697731972,-0.3028300702571869,-0.3028300702571869,-0.12440679222345352,-1.658646583557129,-1.6959713697433472,0.0,-0.17842327803373337,-0.17842327803373337,0.10946425050497055,0.10946425050497055,0.1315155327320099,-1.5249278545379639,-0.9619627594947815,0.0,-0.022051282227039337,-0.022051282227039337,0.031640030443668365,0.031640030443668365,0.003148742951452732,1.7791845798492432,-1.1695008277893066,0.0,0.028491287492215633,0.028491287492215633
601,20.03333333333333,4,0,0,,4,uneven rough,5,0.0,55.47754669189453,31.760276794433594,0.17249810695648193,1.1546472311019897,1.0697822570800781,1.1546472311019897,1.0697822570800781,5.1909379959106445,0.3872185945510864,0.1666666716337204,0.19855180382728577,0.0760004073381424,0.5773236155509949,0.5348911285400391,0.6837126016616821,0.278078556060791,-0.2257697433233261,0.5246495008468628,0.4148453176021576,0.2041856050491333,0.47859880328178406,0.47859880328178406,0.30797216296195984,1.9763566255569458,-0.6506187915802002,0.0,0.17062664031982422,0.17062664031982422,0.1390392780303955,0.1390392780303955,0.1354880928993225,1.3483065366744995,0.9610005617141724,0.0,0.003551185131072998,0.003551185131072998,-0.11288487166166306,-0.11288487166166306,0.013703369535505772,-2.0000054836273193,0.439357191324234,0.0,-0.12658824119716883,-0.12658824119716883,0.3672546446323395,0.3672546446323395,0.26148006319999695,1.98691987991333,0.3522249758243561,0.0,0.10577458143234253,0.10577458143234253,0.2074226588010788,0.2074226588010788,0.1958758682012558,0.3856106400489807,-0.20904704928398132,0.0,0.011546790599822998,0.011546790599822998,0.10209280252456665,0.10209280252456665,-0.02924039587378502,2.002295970916748,0.1069449931383133,0.0,0.13133319839835167,0.13133319839835167
601,20.03333333333333,14,0,0,,4,uneven rough,5,0.0,55.164886474609375,34.58296585083008,0.25038406252861023,0.9992032051086426,0.07323607057332993,0.9992032051086426,0.07323607057332993,2.8459715843200684,3.3333334922790527,0.1666666716337204,0.08351267874240875,0.12690633535385132,0.4996016025543213,0.03661803528666496,-0.1703624278306961,0.6048590540885925,0.23714888095855713,0.2391710877418518,0.35609742999076843,-0.009209994226694107,-0.11925369501113892,-0.11925369501113892,0.24253621697425842,-1.8853870630264282,0.7085431814193726,0.0,-0.36178991198539734,-0.36178991198539734,0.30242952704429626,0.30242952704429626,0.10485048592090607,1.4269131422042847,0.9700957536697388,0.0,0.1975790411233902,0.1975790411233902,0.11857444047927856,0.11857444047927856,0.14766013622283936,-0.9283265471458435,0.26855626702308655,0.0,-0.02908569574356079,-0.02908569574356079,0.16741976141929626,0.16741976141929626,0.162725031375885,0.940792441368103,-1.7030969858169556,0.0,0.004694730043411255,0.004694730043411255,0.17804871499538422,0.17804871499538422,0.13967743515968323,1.9302020072937012,-1.0754188299179077,0.0,0.03837127983570099,0.03837127983570099,-0.0046049971133470535,-0.0046049971133470535,-0.07155119627714157,1.6595367193222046,-0.5721762776374817,0.0,0.06694619916379452,0.06694619916379452
601,20.03333333333333,24,0,0,,4,uneven rough,9,0.0,81.59005737304688,35.0299072265625,0.4112359583377838,1.7248033285140991,-0.7234522700309753,1.7248033285140991,-0.7234522700309753,9.021461486816406,3.4414432048797607,0.3333333432674408,-0.05722276493906975,0.15286432206630707,0.8624016642570496,-0.36172613501548767,0.2847363352775574,0.23120345175266266,-0.054273571819067,-0.5037406086921692,0.6800833344459534,-0.46186354756355286,0.19931542873382568,0.19931542873382568,-0.019796574488282204,1.773327112197876,0.44051995873451233,0.0,0.2191120032221079,0.2191120032221079,0.11560172587633133,0.11560172587633133,0.19865548610687256,-1.9452087879180908,0.1323704570531845,0.0,-0.08305376023054123,-0.08305376023054123,-0.0271367859095335,-0.0271367859095335,-0.024611707776784897,0.46859031915664673,-0.6797317862510681,0.0,-0.002525078132748604,-0.002525078132748604,-0.35261842608451843,-0.35261842608451843,-0.19058960676193237,-1.9459784030914307,-1.674867868423462,0.0,-0.16202881932258606,-0.16202881932258606,0.3400416672229767,0.3400416672229767,0.09978087991476059,-1.606369137763977,-1.2802642583847046,0.0,0.2402607873082161,0.2402607873082161,-0.23093177378177643,-0.23093177378177643,0.008153213188052177,-0.20163871347904205,0.49769115447998047,0.0,-0.2390849869698286,-0.2390849869698286
602,20.066666666666666,4,0,0,,4,uneven rough,5,0.0,55.5014533996582,31.797653198242188,0.16016939282417297,1.663523554801941,0.4220328629016876,1.663523554801941,0.4220328629016876,4.041782379150391,3.3333334922790527,0.1666666716337204,0.011871060356497765,0.24361026287078857,0.8317617774009705,0.2110164314508438,-0.06820297241210938,0.3703926205635071,0.32541289925575256,0.6413218975067139,0.4767593741416931,-0.0737832710146904,-0.0477420799434185,-0.0477420799434185,0.28920650482177734,-1.732967495918274,0.8346778154373169,0.0,-0.33694858476519585,-0.33694858476519585,0.18519631028175354,0.18519631028175354,0.1709430068731308,-0.04185608774423599,1.1799840927124023,0.0,0.014253303408622742,0.014253303408622742,0.16270644962787628,0.16270644962787628,0.06590869277715683,-0.15486356616020203,-0.939862847328186,0.0,0.09679775685071945,0.09679775685071945,0.44892531633377075,0.44892531633377075,0.334303081035614,2.0013961791992188,1.2764843702316284,0.0,0.11462223529815674,0.11462223529815674,0.23837968707084656,0.23837968707084656,0.24894817173480988,0.9558409452438354,0.12717348337173462,0.0,-0.010568484663963318,-0.010568484663963318,-0.0368916355073452,-0.0368916355073452,-0.03366843983530998,-1.6262588500976562,1.1785798072814941,0.0,-0.0032231956720352173,-0.0032231956720352173
602,20.066666666666666,14,0,0,,4,uneven rough,5,0.0,55.18024826049805,34.61995315551758,0.247482031583786,1.2692983150482178,1.1378600597381592,1.2692983150482178,1.1378600597381592,5.7863688468933105,2.6586289405822754,0.1666666716337204,0.22404275834560394,0.11358185112476349,0.6346491575241089,0.5689300298690796,0.6984083652496338,0.3166079819202423,-0.5935452580451965,0.46208128333091736,0.609476625919342,0.19362212717533112,0.4888858497142792,0.4888858497142792,0.25387340784072876,1.6466712951660156,-0.758069634437561,0.0,0.23501244187355042,0.23501244187355042,0.15830399096012115,0.15830399096012115,0.1624671369791031,0.7131801843643188,1.2283811569213867,0.0,-0.004163146018981934,-0.004163146018981934,-0.29677262902259827,-0.29677262902259827,0.08709389716386795,-1.5126134157180786,-0.4081634283065796,0.0,-0.3838665261864662,-0.3838665261864662,0.32345688343048096,0.32345688343048096,0.20859020948410034,1.759744644165039,-0.2082371711730957,0.0,0.11486667394638062,0.11486667394638062,0.304738312959671,0.304738312959671,0.2051621973514557,1.7802613973617554,0.6239645481109619,0.0,0.09957611560821533,0.09957611560821533,0.09681106358766556,0.09681106358766556,-0.011305294930934906,1.7076061964035034,0.6896382570266724,0.0,0.10811635851860046,0.10811635851860046
602,20.066666666666666,24,0,0,,4,uneven rough,9,0.0,81.61968994140625,34.994449615478516,0.41564518213272095,1.8682302236557007,-0.6937578320503235,1.8682302236557007,-0.6937578320503235,10.519775390625,6.657784938812256,0.3333333432674408,-0.17368942499160767,0.096674345433712,0.9341151118278503,-0.34687891602516174,0.0700351670384407,0.3583541512489319,0.366909921169281,0.2666809856891632,0.009561791084706783,0.37093493342399597,0.049024615436792374,0.049024615436792374,0.02536938153207302,1.6433274745941162,1.194091558456421,0.0,0.023655233904719353,0.023655233904719353,0.17917707562446594,0.17917707562446594,0.16733574867248535,-0.30604836344718933,-1.0422965288162231,0.0,0.01184132695198059,0.01184132695198059,0.1834549605846405,0.1834549605846405,0.04126704856753349,1.9926140308380127,-0.03046840988099575,0.0,0.142187912017107,0.142187912017107,0.18667668104171753,0.18667668104171753,-0.15854135155677795,1.767011284828186,-1.82815420627594,0.0,0.3452180325984955,0.3452180325984955,0.004780895542353392,0.004780895542353392,0.035933975130319595,-1.809755563735962,-1.4646445512771606,0.0,-0.031153079587966204,-0.031153079587966204,0.18546746671199799,0.18546746671199799,0.07749808579683304,2.0000009536743164,0.10228879749774933,0.0,0.10796938091516495,0.10796938091516495
603,20.1,4,0,0,,4,uneven rough,5,0.0,55.52487564086914,31.835411071777344,0.15873849391937256,1.5831148624420166,1.3476206064224243,1.5831148624420166,1.3476206064224243,7.064202785491943,6.753238677978516,0.6666666865348816,-0.07642929255962372,0.15997269749641418,0.7915574312210083,0.6738103032112122,0.7259927988052368,0.12522119283676147,0.03655156493186951,0.48804011940956116,0.05700678005814552,0.28345033526420593,0.5081949234008789,0.5081949234008789,0.3379901349544525,1.5797927379608154,-0.6170734167098999,0.0,0.1702047884464264,0.1702047884464264,0.06261059641838074,0.06261059641838074,0.11128100752830505,-1.7682013511657715,0.4891534745693207,0.0,-0.048670411109924316,-0.048670411109924316,0.018275782465934753,0.018275782465934753,0.01729751192033291,-0.9567928910255432,-0.4960228502750397,0.0,0.0009782705456018448,0.0009782705456018448,0.3416280746459961,0.3416280746459961,0.31487199664115906,-0.6819018721580505,1.6863508224487305,0.0,0.026756078004837036,0.026756078004837036,0.02850339002907276,0.02850339002907276,0.17233482003211975,-1.9918410778045654,0.5957035422325134,0.0,-0.143831430003047,-0.143831430003047,0.14172516763210297,0.14172516763210297,-0.0410684272646904,0.24277202785015106,-0.40728098154067993,0.0,0.18279359489679337,0.18279359489679337
603,20.1,14,0,0,,4,uneven rough,5,0.0,55.1899528503418,34.65888977050781,0.24918821454048157,1.6961486339569092,0.8413985967636108,1.6961486339569092,0.8413985967636108,8.588187217712402,2.9942145347595215,0.1666666716337204,0.03206819295883179,0.26569804549217224,0.8480743169784546,0.4206992983818054,-0.28123360872268677,0.4956047832965851,-0.04644385352730751,0.685810923576355,0.4664243757724762,0.19704505801200867,-0.19686351716518402,-0.19686351716518402,0.23511730134487152,-1.2864974737167358,0.6015751957893372,0.0,-0.43198081851005554,-0.43198081851005554,0.24780239164829254,0.24780239164829254,0.22998549044132233,1.1912585496902466,0.9370855689048767,0.0,0.017816901206970215,0.017816901206970215,-0.023221926763653755,-0.023221926763653755,0.03961314260959625,1.0980448722839355,-1.0326213836669922,0.0,-0.06283506937325001,-0.06283506937325001,0.480067640542984,0.480067640542984,0.2635791003704071,1.4380786418914795,0.9044632911682129,0.0,0.2164885401725769,0.2164885401725769,0.2332121878862381,0.2332121878862381,0.21826492249965668,0.3597610890865326,1.2777369022369385,0.0,0.014947265386581421,0.014947265386581421,0.09852252900600433,0.09852252900600433,0.006629749666899443,0.30133795738220215,1.2651991844177246,0.0,0.09189277933910489,0.09189277933910489
603,20.1,24,0,0,,4,uneven rough,9,0.0,81.65940856933594,34.965965270996094,0.4171377420425415,1.3905982971191406,-0.49585962295532227,1.3905982971191406,-0.49585962295532227,7.3823561668396,0.0,0.0,-0.25983259081840515,0.19257104396820068,0.6952991485595703,-0.24792981147766113,-0.7569460272789001,0.6789987087249756,0.09588844329118729,-0.3256742060184479,0.5831859707832336,-0.443723201751709,-0.5298622250556946,-0.5298622250556946,0.011198218911886215,-0.4574772119522095,1.4480903148651123,0.0,-0.5410604439675808,-0.5410604439675808,0.3394993543624878,0.3394993543624878,0.2328348010778427,1.9909403324127197,-0.6260204911231995,0.0,0.10666455328464508,0.10666455328464508,0.04794422164559364,0.04794422164559364,0.048183027654886246,1.0366257429122925,1.1133860349655151,0.0,-0.00023880600929260254,-0.00023880600929260254,-0.22797194123268127,-0.22797194123268127,-0.14443397521972656,-1.2207417488098145,0.20455877482891083,0.0,-0.08353796601295471,-0.08353796601295471,0.2915929853916168,0.2915929853916168,0.08740730583667755,1.2707562446594238,-1.6597709655761719,0.0,0.20418567955493927,0.20418567955493927,-0.2218616008758545,-0.2218616008758545,0.06516783684492111,0.8461827039718628,1.1752586364746094,0.0,-0.2870294377207756,-0.2870294377207756
604,20.133333333333333,4,0,0,,4,uneven rough,5,0.0,55.541725158691406,31.87681007385254,0.15539920330047607,1.786180019378662,-0.0899563655257225,1.786180019378662,-0.0899563655257225,6.624881744384766,1.1412047147750854,0.3333333432674408,-0.1912534534931183,0.18542873859405518,0.893090009689331,-0.04497818276286125,-0.12184727936983109,-0.03776199370622635,0.7537000179290771,0.3722235858440399,0.2831783890724182,-0.2062317430973053,-0.08529309183359146,-0.08529309183359146,0.3118530213832855,-0.7541561722755432,0.6250386238098145,0.0,-0.397146113216877,-0.397146113216877,-0.06041919067502022,-0.06041919067502022,0.049326974898576736,-1.8585330247879028,-0.7871589660644531,0.0,-0.10974616557359695,-0.10974616557359695,0.3768500089645386,0.3768500089645386,0.03958989679813385,2.1639699935913086,-0.7565430402755737,0.0,0.3372601121664047,0.3372601121664047,0.26055651903152466,0.26055651903152466,0.2981047034263611,-2.009226083755493,0.3473365306854248,0.0,-0.037548184394836426,-0.037548184394836426,0.1415891945362091,0.1415891945362091,0.13920442759990692,-1.0628223419189453,-0.8672988414764404,0.0,0.002384766936302185,0.002384766936302185,-0.10311587154865265,-0.10311587154865265,-0.07218622416257858,1.9420894384384155,-0.039739836007356644,0.0,-0.030929647386074066,-0.030929647386074066
604,20.133333333333333,14,0,0,,4,uneven rough,5,0.0,55.188228607177734,34.69633102416992,0.25525110960006714,1.643596887588501,-0.5337003469467163,1.643596887588501,-0.5337003469467163,7.359400749206543,6.144322872161865,0.39050158858299255,0.18784891068935394,0.11169763654470444,0.8217984437942505,-0.26685017347335815,0.08466625213623047,0.44788143038749695,0.16127988696098328,-0.009571796283125877,0.10629478842020035,0.34793347120285034,0.05926637724041939,0.05926637724041939,0.17670932412147522,-1.9686086177825928,-0.46594446897506714,0.0,-0.11744294688105583,-0.11744294688105583,0.22394071519374847,0.22394071519374847,0.20054538547992706,-0.18520024418830872,1.080795407295227,0.0,0.02339532971382141,0.02339532971382141,0.08063994348049164,0.08063994348049164,0.10663429647684097,1.7520873546600342,0.17206113040447235,0.0,-0.025994352996349335,-0.025994352996349335,-0.006700257305055857,-0.006700257305055857,0.22837916016578674,-1.9609853029251099,1.2061703205108643,0.0,-0.2350794174708426,-0.2350794174708426,0.053147394210100174,0.053147394210100174,0.15980839729309082,-1.5425975322723389,0.7587116956710815,0.0,-0.10666100308299065,-0.10666100308299065,0.17396673560142517,0.17396673560142517,0.05441746115684509,0.7957602739334106,0.7202303409576416,0.0,0.11954927444458008,0.11954927444458008
604,20.133333333333333,24,0,0,,4,uneven rough,9,0.0,81.69470977783203,34.93782043457031,0.41857805848121643,1.6356970071792603,-0.4974381625652313,1.6356970071792603,-0.4974381625652313,8.150668144226074,4.681039333343506,0.3333333432674408,-0.2139434516429901,0.18234875798225403,0.8178485035896301,-0.24871908128261566,0.40839052200317383,0.19848863780498505,-0.2852552831172943,-0.355434775352478,0.6046633720397949,-0.3362134099006653,0.2858733534812927,0.2858733534812927,0.07058914005756378,1.8356163501739502,0.37067899107933044,0.0,0.21528421342372894,0.21528421342372894,0.09924431890249252,0.09924431890249252,0.2137841284275055,-1.9108915328979492,0.8536138534545898,0.0,-0.11453980952501297,-0.11453980952501297,-0.14262764155864716,-0.14262764155864716,-0.004320378415286541,0.5499293804168701,1.0699856281280518,0.0,-0.13830726314336061,-0.13830726314336061,-0.24880434572696686,-0.24880434572696686,-0.211053267121315,-1.779477834701538,-0.6013087034225464,0.0,-0.037751078605651855,-0.037751078605651855,0.30233168601989746,0.30233168601989746,0.07197422534227371,-0.39511293172836304,-0.002845645183697343,0.0,0.23035746067762375,0.23035746067762375,-0.16810670495033264,-0.16810670495033264,0.02858317643404007,-1.2879538536071777,0.9891985058784485,0.0,-0.1966898813843727,-0.1966898813843727
605,20.166666666666668,4,0,0,,4,uneven rough,5,0.0,55.56131362915039,31.92040252685547,0.16782382130622864,1.6731473207473755,0.24159453809261322,1.6731473207473755,0.24159453809261322,4.233342170715332,2.9888854026794434,0.568560779094696,-0.07792654633522034,0.16900090873241425,0.8365736603736877,0.12079726904630661,0.7100126147270203,0.4467393755912781,0.6117575168609619,0.06474591046571732,0.22085407376289368,-0.25665751099586487,0.4970088303089142,0.4970088303089142,0.36545276641845703,1.987101674079895,-0.15476059913635254,0.0,0.13155606389045715,0.13155606389045715,0.22336968779563904,0.22336968779563904,0.11154758930206299,1.9902167320251465,-1.3929157257080078,0.0,0.11182209849357605,0.11182209849357605,0.30587875843048096,0.30587875843048096,0.07836811244487762,0.572869598865509,0.8947202563285828,0.0,0.22751064598560333,0.22751064598560333,0.04532213509082794,0.04532213509082794,0.23120011389255524,-1.9671401977539062,-0.9850682020187378,0.0,-0.1858779788017273,-0.1858779788017273,0.11042703688144684,0.11042703688144684,0.12554185092449188,-1.438123345375061,-0.9778481721878052,0.0,-0.015114814043045044,-0.015114814043045044,-0.12832875549793243,-0.12832875549793243,-0.06257706135511398,-0.1265137791633606,1.0807900428771973,0.0,-0.06575169414281845,-0.06575169414281845
605,20.166666666666668,14,0,0,,4,uneven rough,5,0.0,55.181617736816406,34.73539733886719,0.2582927942276001,1.777984619140625,0.2354172319173813,1.777984619140625,0.2354172319173813,7.587026119232178,1.0894688367843628,0.3333333432674408,0.3542463183403015,0.23735761642456055,0.8889923095703125,0.11770861595869064,0.5982265472412109,0.38053908944129944,0.030235828831791878,0.026234440505504608,0.06269080936908722,-0.3509158194065094,0.4187585711479187,0.4187585711479187,0.19468437135219574,1.9020956754684448,-1.3155534267425537,0.0,0.22407419979572296,0.22407419979572296,0.19026954472064972,0.19026954472064972,0.17716854810714722,-1.3570512533187866,0.3649992048740387,0.0,0.013100996613502502,0.013100996613502502,0.015117914415895939,0.015117914415895939,0.06306618452072144,-1.0827242136001587,1.0654107332229614,0.0,-0.0479482701048255,-0.0479482701048255,0.018364107236266136,0.018364107236266136,0.15727724134922028,-1.8893204927444458,-0.5845451354980469,0.0,-0.13891313411295414,-0.13891313411295414,0.03134540468454361,0.03134540468454361,0.09369812905788422,-1.8166533708572388,-0.5424526929855347,0.0,-0.06235272437334061,-0.06235272437334061,-0.1754579097032547,-0.1754579097032547,-0.018618514761328697,-2.0022644996643066,0.7629351019859314,0.0,-0.156839394941926,-0.156839394941926
605,20.166666666666668,24,0,0,,4,uneven rough,9,0.0,81.72669219970703,34.901798248291016,0.42589375376701355,1.8738062381744385,-0.7522696256637573,1.8738062381744385,-0.7522696256637573,9.309612274169922,5.380709648132324,0.5,-0.5837132334709167,0.1421351283788681,0.9369031190872192,-0.37613481283187866,0.3440776765346527,0.4387683570384979,0.003159255487844348,0.020352518185973167,0.04188887029886246,-0.035882946103811264,0.24085436761379242,0.24085436761379242,0.1264759749174118,2.0000100135803223,1.1989572048187256,0.0,0.11437839269638062,0.11437839269638062,0.21938417851924896,0.21938417851924896,0.19610527157783508,0.28281256556510925,-0.7094424366950989,0.0,0.02327890694141388,0.02327890694141388,0.001579627743922174,0.001579627743922174,-0.012884913943707943,-0.32075026631355286,0.7759448885917664,0.0,0.014464541687630117,0.014464541687630117,0.014246762730181217,0.014246762730181217,-0.1782284379005432,2.0038912296295166,-1.267447590827942,0.0,0.19247520063072443,0.19247520063072443,0.02094443514943123,0.02094443514943123,0.05041677504777908,-1.118599534034729,-0.22463427484035492,0.0,-0.029472339898347855,-0.029472339898347855,-0.017941473051905632,-0.017941473051905632,0.01038940530270338,0.7208361029624939,-0.29830750823020935,0.0,-0.028330878354609013,-0.028330878354609013
606,20.2,4,0,0,,4,uneven rough,5,0.0,55.576087951660156,31.961782455444336,0.17712247371673584,1.6247676610946655,-0.06400006264448166,1.6247676610946655,-0.06400006264448166,1.745788812637329,4.761610507965088,0.5,-0.3059862554073334,0.06038782745599747,0.8123838305473328,-0.03200003132224083,0.2909363806247711,0.47256016731262207,0.6418217420578003,0.31534695625305176,0.4687391519546509,-0.4535692632198334,0.20365546643733978,0.20365546643733978,0.327858030796051,-1.4120562076568604,1.056252121925354,0.0,-0.12420256435871124,-0.12420256435871124,0.23628008365631104,0.23628008365631104,0.17644371092319489,1.7487783432006836,0.5199134349822998,0.0,0.05983637273311615,0.05983637273311615,0.32091087102890015,0.32091087102890015,0.14342182874679565,1.1454999446868896,0.7127453088760376,0.0,0.1774890422821045,0.1774890422821045,0.220742866396904,0.220742866396904,0.23720040917396545,-0.04243087023496628,-1.5403335094451904,0.0,-0.016457542777061462,-0.016457542777061462,0.23436957597732544,0.23436957597732544,0.17907999455928802,1.999147653579712,-1.238088607788086,0.0,0.055289581418037415,0.055289581418037415,-0.2267846316099167,-0.2267846316099167,-0.06360571831464767,0.2145620435476303,0.3981783092021942,0.0,-0.163178913295269,-0.163178913295269
606,20.2,14,0,0,,4,uneven rough,5,0.0,55.1901741027832,34.77124786376953,0.2533324658870697,1.571868658065796,0.16641709208488464,1.571868658065796,0.16641709208488464,4.335938453674316,0.3317779004573822,0.3333333432674408,0.23553036153316498,0.09767454862594604,0.785934329032898,0.08320854604244232,0.3392881453037262,0.19950367510318756,0.672156810760498,0.4806971251964569,-0.06590069830417633,-0.3151421844959259,0.23750169575214386,0.23750169575214386,0.21980991959571838,0.7894112467765808,0.5037111639976501,0.0,0.017691776156425476,0.017691776156425476,0.09975183755159378,0.09975183755159378,0.1116369366645813,-1.7320597171783447,-0.6086512207984924,0.0,-0.011885099112987518,-0.011885099112987518,0.336078405380249,0.336078405380249,0.1255965381860733,1.9999991655349731,-0.1491486132144928,0.0,0.21048186719417572,0.21048186719417572,0.3364879786968231,0.3364879786968231,0.19578731060028076,1.8715217113494873,-1.3222674131393433,0.0,0.14070066809654236,0.14070066809654236,-0.10544111579656601,-0.10544111579656601,0.027299754321575165,-1.820069432258606,-1.2628880739212036,0.0,-0.13274087011814117,-0.13274087011814117,-0.15757109224796295,-0.15757109224796295,-0.08247306942939758,-2.000042200088501,-0.8005136847496033,0.0,-0.07509802281856537,-0.07509802281856537
606,20.2,24,0,0,,4,uneven rough,9,0.0,81.76242065429688,34.86399841308594,0.43367236852645874,1.4826769828796387,0.39820998907089233,1.4826769828796387,0.39820998907089233,5.893993377685547,3.3333334922790527,0.1666666716337204,-0.24118506908416748,0.13450829684734344,0.7413384914398193,0.19910499453544617,-0.717507004737854,0.7062909007072449,0.2577272653579712,0.7485878467559814,0.4527600109577179,0.579799234867096,-0.5022549033164978,-0.5022549033164978,0.11400147527456284,-1.4066112041473389,1.6518738269805908,0.0,-0.6162563785910606,-0.6162563785910606,0.35314545035362244,0.35314545035362244,0.2621520459651947,1.992304801940918,-0.14841966331005096,0.0,0.09099340438842773,0.09099340438842773,0.1288636326789856,0.1288636326789856,0.04457671567797661,1.9999966621398926,0.1558714658021927,0.0,0.08428691700100899,0.08428691700100899,0.524011492729187,0.524011492729187,-0.1067948192358017,1.9999288320541382,0.5821732878684998,0.0,0.6308063119649887,0.6308063119649887,0.22638000547885895,0.22638000547885895,0.11382202059030533,2.0000016689300537,-0.7300838232040405,0.0,0.11255798488855362,0.11255798488855362,0.289899617433548,0.289899617433548,0.08070626854896545,1.9994715452194214,0.27791813015937805,0.0,0.20919334888458252,0.20919334888458252
607,20.233333333333334,4,0,0,,4,uneven rough,5,0.0,55.59004592895508,31.999492645263672,0.18121692538261414,1.7007060050964355,0.8813229203224182,1.7007060050964355,0.8813229203224182,4.957929611206055,2.965667247772217,0.5,-0.21031849086284637,0.11420993506908417,0.8503530025482178,0.4406614601612091,0.8651671409606934,0.138035386800766,-0.1659759134054184,0.38203808665275574,0.6433287858963013,-0.3125428855419159,0.6056169867515564,0.6056169867515564,0.35918405652046204,1.2102258205413818,-0.33933383226394653,0.0,0.24643293023109436,0.24643293023109436,0.069017693400383,0.069017693400383,0.1422685980796814,-2.0123307704925537,1.214715838432312,0.0,-0.0732509046792984,-0.0732509046792984,-0.0829879567027092,-0.0829879567027092,0.09041193872690201,-1.8482352495193481,0.9574255347251892,0.0,-0.1733998954296112,-0.1733998954296112,0.26742666959762573,0.26742666959762573,0.21569634974002838,0.1710270643234253,-0.6934167146682739,0.0,0.05173031985759735,0.05173031985759735,0.32166439294815063,0.32166439294815063,0.21424849331378937,1.3401931524276733,0.5922505855560303,0.0,0.10741589963436127,0.10741589963436127,-0.15627144277095795,-0.15627144277095795,-0.08791853487491608,-1.2435847520828247,0.29436132311820984,0.0,-0.06835290789604187,-0.06835290789604187
607,20.233333333333334,14,0,0,,4,uneven rough,5,0.0,55.19823455810547,34.811458587646484,0.23348060250282288,1.2905761003494263,1.3393199443817139,1.2905761003494263,1.3393199443817139,6.898242473602295,0.0,0.0,0.26148220896720886,0.20060472190380096,0.6452880501747131,0.6696599721908569,0.0684996247291565,0.19881442189216614,0.6828444004058838,0.6603906154632568,0.3908176124095917,0.32238730788230896,0.04794973507523537,0.04794973507523537,0.17838841676712036,-1.6062415838241577,0.6652464866638184,0.0,-0.130438681691885,-0.130438681691885,0.09940721094608307,0.09940721094608307,0.08767560124397278,-1.999523401260376,-1.2438284158706665,0.0,0.01173160970211029,0.01173160970211029,0.3414222002029419,0.3414222002029419,0.1850699931383133,1.2911475896835327,1.0659834146499634,0.0,0.1563522070646286,0.1563522070646286,0.46227341890335083,0.46227341890335083,0.265757292509079,2.0033204555511475,0.4835066795349121,0.0,0.19651612639427185,0.19651612639427185,0.19540880620479584,0.19540880620479584,0.08944687992334366,2.015681266784668,-1.577919363975525,0.0,0.10596192628145218,0.10596192628145218,0.16119365394115448,0.16119365394115448,-0.03617994487285614,1.0777416229248047,-1.478729248046875,0.0,0.19737359881401062,0.19737359881401062
607,20.233333333333334,24,0,0,,4,uneven rough,9,0.0,81.80084228515625,34.83771514892578,0.43254703283309937,1.7165305614471436,0.19561809301376343,1.7165305614471436,0.19561809301376343,8.74360179901123,0.0,0.0,0.13342267274856567,0.06653383374214172,0.8582652807235718,0.09780904650688171,-0.3183874487876892,0.5054222345352173,-0.5244444012641907,0.11974580585956573,0.30796319246292114,0.19512423872947693,-0.22287121415138245,-0.22287121415138245,0.05356843024492264,-1.8717857599258423,-0.07739908993244171,0.0,-0.2764396443963051,-0.2764396443963051,0.25271111726760864,0.25271111726760864,0.25794070959091187,-1.0318793058395386,1.0619497299194336,0.0,-0.005229592323303223,-0.005229592323303223,-0.26222220063209534,-0.26222220063209534,0.0023235525004565716,-1.3953975439071655,1.1985431909561157,0.0,-0.2645457531325519,-0.2645457531325519,0.08382206410169601,0.08382206410169601,-0.042179595679044724,1.9240354299545288,1.383774757385254,0.0,0.12600165978074074,0.12600165978074074,0.15398159623146057,0.15398159623146057,0.15310294926166534,0.6576721668243408,0.8135114312171936,0.0,0.000878646969795227,0.000878646969795227,0.09756211936473846,0.09756211936473846,0.0805405005812645,0.4154728055000305,1.2512874603271484,0.0,0.01702161878347397,0.01702161878347397
608,20.266666666666666,4,0,0,,4,uneven rough,5,0.0,55.59920883178711,32.0357666015625,0.19249960780143738,1.812179446220398,0.27664491534233093,1.812179446220398,0.27664491534233093,7.031008720397949,3.0584640502929688,0.3333333432674408,-0.2906797528266907,0.1424209475517273,0.906089723110199,0.13832245767116547,0.2876894474029541,0.29427453875541687,0.31237930059432983,0.20577868819236755,0.21262037754058838,0.18574945628643036,0.2013826072216034,0.2013826072216034,0.3388531506061554,-1.661653995513916,0.5367899537086487,0.0,-0.137470543384552,-0.137470543384552,0.14713726937770844,0.14713726937770844,0.11712764203548431,0.9007092714309692,-0.6098620891571045,0.0,0.03000962734222412,0.03000962734222412,0.15618965029716492,0.15618965029716492,0.13968129456043243,1.6162569522857666,-0.6289001107215881,0.0,0.016508355736732483,0.016508355736732483,0.14404508471488953,0.14404508471488953,0.1909053921699524,-1.0630990266799927,-0.204658642411232,0.0,-0.046860307455062866,-0.046860307455062866,0.10631018877029419,0.10631018877029419,0.18138977885246277,-1.8259122371673584,1.0151386260986328,0.0,-0.07507959008216858,-0.07507959008216858,0.09287472814321518,0.09287472814321518,-0.025464624166488647,1.9515866041183472,-0.5751961469650269,0.0,0.11833935230970383,0.11833935230970383
608,20.266666666666666,14,0,0,,4,uneven rough,5,0.0,55.20065689086914,34.85375213623047,0.2290729582309723,1.7175087928771973,0.8180863261222839,1.7175087928771973,0.8180863261222839,8.105350494384766,6.308646202087402,0.5,0.3406082093715668,0.09534372389316559,0.8587543964385986,0.40904316306114197,0.23818005621433258,0.5082834959030151,-0.39478355646133423,0.486404150724411,0.0695568397641182,0.5745573043823242,0.1667260378599167,0.1667260378599167,0.14678135514259338,-0.08295774459838867,-0.6190569400787354,0.0,0.019944682717323303,0.019944682717323303,0.25414174795150757,0.25414174795150757,0.06399183720350266,-0.5836937427520752,-1.6710997819900513,0.0,0.1901499107480049,0.1901499107480049,-0.19739177823066711,-0.19739177823066711,0.15541455149650574,-1.3320622444152832,1.1932916641235352,0.0,-0.35280632972717285,-0.35280632972717285,0.3404828906059265,0.3404828906059265,0.3180074095726013,1.018441081047058,1.3428120613098145,0.0,0.022475481033325195,0.022475481033325195,0.0347784198820591,0.0347784198820591,0.08895326405763626,-1.7805657386779785,0.45390889048576355,0.0,-0.054174844175577164,-0.054174844175577164,0.2872786521911621,0.2872786521911621,-0.05289997532963753,-0.749695360660553,-0.03329606354236603,0.0,0.34017862752079964,0.34017862752079964
608,20.266666666666666,24,0,0,,4,uneven rough,9,0.0,81.83765411376953,34.81450271606445,0.42130348086357117,1.3906588554382324,0.08653301745653152,1.3906588554382324,0.08653301745653152,7.494296073913574,0.5751232504844666,0.1666666716337204,0.3109879493713379,0.050888657569885254,0.6953294277191162,0.04326650872826576,-0.11213178187608719,0.29942581057548523,-0.18223848938941956,0.16575205326080322,0.30356574058532715,0.28361186385154724,-0.07849224656820297,-0.07849224656820297,-0.014050835743546486,-1.953999400138855,-1.0919485092163086,0.0,-0.06444141082465649,-0.06444141082465649,0.14971290528774261,0.14971290528774261,0.19085288047790527,-1.906388759613037,-0.12190496176481247,0.0,-0.04113997519016266,-0.04113997519016266,-0.09111924469470978,-0.09111924469470978,-0.04978986456990242,-0.42515745759010315,-0.2680755853652954,0.0,-0.04132938012480736,-0.04132938012480736,0.11602643877267838,0.11602643877267838,0.025253165513277054,1.8994477987289429,1.6892391443252563,0.0,0.09077327325940132,0.09077327325940132,0.15178287029266357,0.15178287029266357,0.16406162083148956,1.5272228717803955,0.7253996133804321,0.0,-0.012278750538825989,-0.012278750538825989,0.14180593192577362,0.14180593192577362,0.10297124832868576,-1.272031545639038,0.7787163257598877,0.0,0.03883468359708786,0.03883468359708786
609,20.3,4,0,0,,4,uneven rough,5,0.0,55.60371780395508,32.07261276245117,0.19703468680381775,1.7077568769454956,0.2356400340795517,1.7077568769454956,0.2356400340795517,8.741449356079102,0.0,0.0,-0.3343370854854584,0.22279326617717743,0.8538784384727478,0.11782001703977585,0.3619535565376282,0.1749090701341629,0.29937949776649475,0.28146085143089294,-0.1091255396604538,-0.022756660357117653,0.25336748361587524,0.25336748361587524,0.2721109092235565,-1.9857017993927002,-0.706214189529419,0.0,-0.018743425607681274,-0.018743425607681274,0.08745453506708145,0.08745453506708145,0.09893877804279327,-0.9521306753158569,0.2442176789045334,0.0,-0.011484242975711823,-0.011484242975711823,0.14968974888324738,0.14968974888324738,0.1473689079284668,-0.6196060180664062,0.6405157446861267,0.0,0.0023208409547805786,0.0023208409547805786,0.19702258706092834,0.19702258706092834,0.1935586929321289,0.5054798126220703,-0.690022349357605,0.0,0.0034638941287994385,0.0034638941287994385,-0.17460086941719055,-0.17460086941719055,0.10956209897994995,-1.9129520654678345,-0.591196596622467,0.0,-0.2841629683971405,-0.2841629683971405,-0.011378330178558826,-0.011378330178558826,0.008782165125012398,0.2157839983701706,0.8534513711929321,0.0,-0.020160495303571224,-0.020160495303571224
609,20.3,14,0,0,,4,uneven rough,5,0.0,55.197601318359375,34.89772415161133,0.23345908522605896,1.429215669631958,0.551360011100769,1.429215669631958,0.551360011100769,6.590280532836914,3.252209424972534,0.3333333432674408,0.06948801130056381,0.08018005639314651,0.714607834815979,0.2756800055503845,0.021187087520956993,0.12435868382453918,0.25747761130332947,0.3834962248802185,0.06971387565135956,0.35776978731155396,0.014830960892140865,0.014830960892140865,0.09224902093410492,-1.9849920272827148,-0.31594547629356384,0.0,-0.07741806004196405,-0.07741806004196405,0.06217934191226959,0.06217934191226959,0.03379307687282562,0.41827893257141113,-1.0562784671783447,0.0,0.02838626503944397,0.02838626503944397,0.12873880565166473,0.12873880565166473,0.14645595848560333,0.010623343288898468,-0.2345479428768158,0.0,-0.0177171528339386,-0.0177171528339386,0.2684473395347595,0.2684473395347595,0.3100154399871826,-1.508216381072998,1.159412145614624,0.0,-0.041568100452423096,-0.041568100452423096,0.03485693782567978,0.03485693782567978,0.04968002438545227,0.0917414203286171,-0.809467077255249,0.0,-0.014823086559772491,-0.014823086559772491,0.17888489365577698,0.17888489365577698,-0.006161493714898825,1.6066054105758667,-0.43834951519966125,0.0,0.1850463873706758,0.1850463873706758
609,20.3,24,0,0,,4,uneven rough,9,0.0,81.86607360839844,34.78541564941406,0.41518664360046387,1.6632391214370728,1.135019302368164,1.6632391214370728,1.135019302368164,8.676202774047852,4.9296674728393555,0.3333333432674408,0.27524206042289734,0.11542624235153198,0.8316195607185364,0.567509651184082,0.04587935656309128,0.12191595137119293,0.25822800397872925,0.3872234523296356,0.3605528473854065,0.31696251034736633,0.032115548849105835,0.032115548849105835,-0.0016115084290504456,1.3371832370758057,-1.5793535709381104,0.0,0.03372705727815628,0.03372705727815628,0.060957975685596466,0.060957975685596466,0.1257072240114212,-1.9963228702545166,-1.1308553218841553,0.0,-0.06474924832582474,-0.06474924832582474,0.12911400198936462,0.12911400198936462,0.0007755993283353746,1.8315818309783936,-0.3568899631500244,0.0,0.12833840266102925,0.12833840266102925,0.2710564136505127,0.2710564136505127,0.07232318073511124,1.1045746803283691,1.8080915212631226,0.0,0.19873323291540146,0.19873323291540146,0.18027642369270325,0.18027642369270325,0.17057916522026062,-1.0893685817718506,1.1787519454956055,0.0,0.009697258472442627,0.009697258472442627,0.15848125517368317,0.15848125517368317,0.1010000929236412,-0.37467312812805176,-0.3807802200317383,0.0,0.05748116225004196,0.05748116225004196
610,20.333333333333332,4,0,0,,4,uneven rough,5,0.0,55.62236785888672,32.104957580566406,0.19578048586845398,1.425858736038208,0.14839419722557068,1.425858736038208,0.14839419722557068,6.492654323577881,3.3333334922790527,0.1666666716337204,-0.24050717055797577,0.11838507652282715,0.712929368019104,0.07419709861278534,0.5498448014259338,0.1611403375864029,0.49273642897605896,0.4246872067451477,-0.02887847274541855,0.1206369623541832,0.3848913609981537,0.3848913609981537,0.27841219305992126,1.8411808013916016,-1.4296387434005737,0.0,0.10647916793823242,0.10647916793823242,0.08057016879320145,0.08057016879320145,0.06343867629766464,-0.6480441689491272,-0.4321998357772827,0.0,0.017131492495536804,0.017131492495536804,0.24636821448802948,0.24636821448802948,0.21063730120658875,2.0000014305114746,-0.07195936888456345,0.0,0.035730913281440735,0.035730913281440735,0.29728102684020996,0.29728102684020996,0.23772655427455902,2.00022029876709,-0.01408327929675579,0.0,0.05955447256565094,0.05955447256565094,-0.0462055578827858,-0.0462055578827858,0.04938611760735512,-1.7589244842529297,-1.3385194540023804,0.0,-0.09559167549014091,-0.09559167549014091,0.0603184811770916,0.0603184811770916,0.04336937516927719,1.3587615489959717,0.4929130971431732,0.0,0.016949106007814407,0.016949106007814407
610,20.333333333333332,14,0,0,,4,uneven rough,5,0.0,55.190921783447266,34.94557189941406,0.23546774685382843,1.4720525741577148,0.5121535658836365,1.4720525741577148,0.5121535658836365,5.383350372314453,3.579251766204834,0.3333333432674408,-0.17265474796295166,0.15957191586494446,0.7360262870788574,0.25607678294181824,0.7561962604522705,0.09661442041397095,-0.21612730622291565,-0.03626066818833351,0.0926475003361702,0.03250189498066902,0.5293373465538025,0.5293373465538025,0.11438197642564774,1.0300743579864502,-1.259627342224121,0.0,0.41495537012815475,0.41495537012815475,0.048307210206985474,0.048307210206985474,0.034655727446079254,-0.4894540011882782,-0.2225610762834549,0.0,0.01365148276090622,0.01365148276090622,-0.10806365311145782,-0.10806365311145782,0.09211304783821106,-1.2044992446899414,-0.0959276556968689,0.0,-0.20017670094966888,-0.20017670094966888,-0.02538246661424637,-0.02538246661424637,0.24234499037265778,-1.655788540840149,-0.34886983036994934,0.0,-0.26772745698690414,-0.26772745698690414,0.0463237501680851,0.0463237501680851,0.05821038410067558,0.5660726428031921,-0.2999221682548523,0.0,-0.011886633932590485,-0.011886633932590485,0.01625094749033451,0.01625094749033451,0.0045836507342755795,-0.5298250317573547,0.7178716659545898,0.0,0.011667296756058931,0.011667296756058931
610,20.333333333333332,24,0,0,,4,uneven rough,9,0.0,81.90119934082031,34.76332473754883,0.4110904932022095,1.6755049228668213,0.2649357318878174,1.6755049228668213,0.2649357318878174,9.323383331298828,5.3999834060668945,0.3333333432674408,-0.007452349178493023,0.19700758159160614,0.8377524614334106,0.1324678659439087,-0.5466374158859253,0.1505311280488968,0.04070432111620903,0.09298207610845566,0.4160401225090027,-0.23576636612415314,-0.3826461732387543,-0.3826461732387543,-0.038654737174510956,-0.4695679843425751,0.06966153532266617,0.0,-0.3439914360642433,-0.3439914360642433,0.0752655640244484,0.0752655640244484,0.09092758595943451,-0.49394384026527405,-1.6201921701431274,0.0,-0.015662021934986115,-0.015662021934986115,0.020352160558104515,0.020352160558104515,9.380290430271998e-05,-0.04006741940975189,0.8804758787155151,0.0,0.020258357653801795,0.020258357653801795,0.0650874525308609,0.0650874525308609,0.1065705344080925,-0.9164057970046997,1.410321831703186,0.0,-0.0414830818772316,-0.0414830818772316,0.20802006125450134,0.20802006125450134,0.188307523727417,0.6307053565979004,-0.10364744812250137,0.0,0.01971253752708435,0.01971253752708435,-0.11788318306207657,-0.11788318306207657,0.03426454961299896,-2.0305004119873047,-0.3773272633552551,0.0,-0.15214773267507553,-0.15214773267507553
611,20.366666666666667,4,0,0,,4,uneven rough,5,0.0,55.63923263549805,32.143043518066406,0.2007058709859848,0.9763169288635254,0.4939947724342346,0.9763169288635254,0.4939947724342346,6.8342742919921875,1.7317824363708496,0.3333333432674408,-0.2670646905899048,0.23286303877830505,0.4881584644317627,0.2469973862171173,-0.4965389668941498,0.5036298632621765,0.47897928953170776,0.6746137142181396,-0.12380137294530869,-0.01271964143961668,-0.3475772738456726,-0.3475772738456726,0.26588204503059387,-1.180928349494934,0.41968846321105957,0.0,-0.6134593188762665,-0.6134593188762665,0.25181493163108826,0.25181493163108826,0.1285400688648224,1.9926763772964478,-0.5542386174201965,0.0,0.12327486276626587,0.12327486276626587,0.23948964476585388,0.23948964476585388,0.19794172048568726,-0.5154213309288025,1.0995309352874756,0.0,0.041547924280166626,0.041547924280166626,0.47222959995269775,0.47222959995269775,0.30964601039886475,1.9725157022476196,1.124807596206665,0.0,0.162583589553833,0.162583589553833,-0.19808219373226166,-0.19808219373226166,0.016596658155322075,-0.5037612318992615,-1.5762171745300293,0.0,-0.21467885188758373,-0.21467885188758373,-0.00635982071980834,-0.00635982071980834,0.018808916211128235,-0.3325120806694031,0.982465386390686,0.0,-0.025168736930936575,-0.025168736930936575
611,20.366666666666667,14,0,0,,4,uneven rough,5,0.0,55.18596649169922,34.99452590942383,0.2426978349685669,1.8096743822097778,-0.4686671793460846,1.8096743822097778,-0.4686671793460846,4.979731559753418,1.1840256452560425,0.5,-0.3734058141708374,0.08731871843338013,0.9048371911048889,-0.2343335896730423,0.6718836426734924,0.34947341680526733,-0.6244377493858337,-0.05266774818301201,0.021283946931362152,-0.3345628082752228,0.4703185558319092,0.4703185558319092,0.1804182231426239,1.971555233001709,0.0349741205573082,0.0,0.2899003326892853,0.2899003326892853,0.17473670840263367,0.17473670840263367,0.09312465786933899,1.9998583793640137,-0.37346282601356506,0.0,0.08161205053329468,0.08161205053329468,-0.31221887469291687,-0.31221887469291687,0.026172004640102386,-1.9107651710510254,-0.7227160334587097,0.0,-0.33839087933301926,-0.33839087933301926,-0.036867424845695496,-0.036867424845695496,0.1750422865152359,-1.9298232793807983,-1.0878039598464966,0.0,-0.2119097113609314,-0.2119097113609314,0.010641973465681076,0.010641973465681076,0.04010790213942528,-0.9379817843437195,0.18971283733844757,0.0,-0.0294659286737442,-0.0294659286737442,-0.1672814041376114,-0.1672814041376114,-0.06467805802822113,-1.9284535646438599,0.012421708554029465,0.0,-0.10260334610939026,-0.10260334610939026
611,20.366666666666667,24,0,0,,4,uneven rough,9,0.0,81.93466186523438,34.73110580444336,0.4197991192340851,1.610305666923523,-0.08237338811159134,1.610305666923523,-0.08237338811159134,7.828017234802246,7.544972896575928,0.5,-0.016494452953338623,0.10517911612987518,0.8051528334617615,-0.04118669405579567,0.41773155331611633,0.31217944622039795,0.19937622547149658,0.019323725253343582,0.10836181044578552,-0.3257090449333191,0.29241207242012024,0.29241207242012024,0.02791457436978817,1.9951449632644653,-0.235219806432724,0.0,0.26449749805033207,0.26449749805033207,0.15608972311019897,0.15608972311019897,0.10669615864753723,1.8103792667388916,-0.9834093451499939,0.0,0.04939356446266174,0.04939356446266174,0.09968811273574829,0.09968811273574829,0.05262211337685585,1.751868724822998,0.35999903082847595,0.0,0.04706599935889244,0.04706599935889244,0.013526607304811478,0.013526607304811478,0.039412278681993484,-1.8657199144363403,0.09478584676980972,0.0,-0.025885671377182007,-0.025885671377182007,0.05418090522289276,0.05418090522289276,0.1523212194442749,-1.340545415878296,0.31155693531036377,0.0,-0.09814031422138214,-0.09814031422138214,-0.16285452246665955,-0.16285452246665955,-0.022373812273144722,-1.5900905132293701,-1.3120343685150146,0.0,-0.14048071019351482,-0.14048071019351482
612,20.4,4,0,0,,4,uneven rough,5,0.0,55.643104553222656,32.18657684326172,0.19186773896217346,1.3519542217254639,0.8978475332260132,1.3519542217254639,0.8978475332260132,7.629073143005371,3.9103646278381348,0.5,-0.14620167016983032,0.056290026754140854,0.6759771108627319,0.4489237666130066,0.17929843068122864,0.24755072593688965,-0.12649379670619965,0.4076504409313202,0.11815501749515533,-0.14737817645072937,0.12550890445709229,0.12550890445709229,0.20198801159858704,-1.9814882278442383,-0.48530313372612,0.0,-0.07647910714149475,-0.07647910714149475,0.12377536296844482,0.12377536296844482,0.13812361657619476,-0.9865403175354004,0.8857916593551636,0.0,-0.014348253607749939,-0.014348253607749939,-0.06324689835309982,-0.06324689835309982,0.13016337156295776,-1.9997992515563965,0.18643401563167572,0.0,-0.1934102699160576,-0.1934102699160576,0.2853552997112274,0.2853552997112274,0.32201629877090454,-0.8756481409072876,1.6041033267974854,0.0,-0.036660999059677124,-0.036660999059677124,0.05907750874757767,0.05907750874757767,0.041964780539274216,1.5899617671966553,-0.9698486924171448,0.0,0.01711272820830345,0.01711272820830345,-0.07368908822536469,-0.07368908822536469,-0.026618443429470062,-1.3923516273498535,0.23897476494312286,0.0,-0.04707064479589462,-0.04707064479589462
612,20.4,14,0,0,,4,uneven rough,5,0.0,55.18281936645508,35.04304504394531,0.2538323402404785,1.605728268623352,-0.14042621850967407,1.605728268623352,-0.14042621850967407,2.960993528366089,4.038121700286865,0.3333333432674408,-0.3772249221801758,0.07311317324638367,0.802864134311676,-0.07021310925483704,0.44960957765579224,0.4289170205593109,-0.3154793977737427,0.15464788675308228,0.04942965507507324,-0.46673786640167236,0.31472671031951904,0.31472671031951904,0.24574926495552063,1.9974501132965088,1.1299206018447876,0.0,0.06897744536399841,0.06897744536399841,0.21445851027965546,0.21445851027965546,0.15849226713180542,1.9937623739242554,0.968417227268219,0.0,0.05596624314785004,0.05596624314785004,-0.15773969888687134,-0.15773969888687134,-0.023800717666745186,-0.8999448418617249,-1.3944411277770996,0.0,-0.13393898122012615,-0.13393898122012615,0.10825351625680923,0.10825351625680923,0.10982705652713776,-1.7543644905090332,-1.5638831853866577,0.0,-0.0015735402703285217,-0.0015735402703285217,0.02471482753753662,0.02471482753753662,0.016919933259487152,-0.2338957041501999,-0.44788771867752075,0.0,0.007794894278049469,0.007794894278049469,-0.23336893320083618,-0.23336893320083618,-0.09905760735273361,-0.28766486048698425,-1.0849525928497314,0.0,-0.13431132584810257,-0.13431132584810257
612,20.4,24,0,0,,4,uneven rough,9,0.0,81.97611236572266,34.7069091796875,0.43248358368873596,1.243069052696228,-0.16388799250125885,1.243069052696228,-0.16388799250125885,6.337996482849121,0.9559957385063171,0.1666666716337204,0.16622857749462128,0.20129966735839844,0.621534526348114,-0.08194399625062943,-0.449374258518219,0.5721235275268555,-0.1391822099685669,-0.29619380831718445,0.073643758893013,-0.32752248644828796,-0.31456196308135986,-0.31456196308135986,-0.003556101117283106,-1.8322265148162842,1.0258324146270752,0.0,-0.31100586196407676,-0.31100586196407676,0.28606176376342773,0.28606176376342773,0.16820889711380005,1.3433847427368164,0.5962037444114685,0.0,0.11785286664962769,0.11785286664962769,-0.06959110498428345,-0.06959110498428345,-0.0001660315174376592,-1.4742406606674194,1.1469646692276,0.0,-0.06942507346684579,-0.06942507346684579,-0.2073356658220291,-0.2073356658220291,-0.011116296984255314,-1.6969101428985596,-1.0136876106262207,0.0,-0.1962193688377738,-0.1962193688377738,0.0368218794465065,0.0368218794465065,0.09508001059293747,-1.965050458908081,-0.6225447058677673,0.0,-0.05825813114643097,-0.05825813114643097,-0.16376124322414398,-0.16376124322414398,-0.07432633638381958,-1.4848769903182983,-1.469247817993164,0.0,-0.0894349068403244,-0.0894349068403244
613,20.433333333333334,4,0,0,,4,uneven rough,5,0.0,55.64838790893555,32.23011016845703,0.17718032002449036,1.4494380950927734,0.009124848991632462,1.4494380950927734,0.009124848991632462,5.164174556732178,0.6249189376831055,0.1666666716337204,0.022839169949293137,0.16240325570106506,0.7247190475463867,0.004562424495816231,0.7726296186447144,0.06281492859125137,0.2732328474521637,0.041402023285627365,-0.19815048575401306,-0.2047513872385025,0.540840744972229,0.540840744972229,0.24840226769447327,1.601378083229065,-1.3312488794326782,0.0,0.29243847727775574,0.29243847727775574,0.03140746429562569,0.03140746429562569,0.07192438840866089,-1.7989670038223267,-0.17282821238040924,0.0,-0.0405169241130352,-0.0405169241130352,0.13661642372608185,0.13661642372608185,0.07894252240657806,0.5139604210853577,-1.049666166305542,0.0,0.057673901319503784,0.057673901319503784,0.028981415554881096,0.028981415554881096,0.25234395265579224,-1.9622882604599,0.2020474225282669,0.0,-0.22336253710091114,-0.22336253710091114,-0.3170407712459564,-0.3170407712459564,0.023906338959932327,0.867075502872467,0.477472722530365,0.0,-0.34094711020588875,-0.34094711020588875,-0.10237569361925125,-0.10237569361925125,-0.056335948407649994,-0.09944389760494232,-0.683380126953125,0.0,-0.04603974521160126,-0.04603974521160126
613,20.433333333333334,14,0,0,,4,uneven rough,5,0.0,55.17988967895508,35.089599609375,0.2573933005332947,1.685307264328003,-0.941760778427124,1.685307264328003,-0.941760778427124,2.8310601711273193,3.7771434783935547,0.5,-0.3905799090862274,0.13101713359355927,0.8426536321640015,-0.470880389213562,0.3001305162906647,0.25110408663749695,0.12567943334579468,0.12529879808425903,0.328084260225296,-0.5978182554244995,0.21009135246276855,0.21009135246276855,0.23482604324817657,-1.2842755317687988,1.6204233169555664,0.0,-0.02473469078540802,-0.02473469078540802,0.12555204331874847,0.12555204331874847,0.15873906016349792,-1.6838183403015137,1.5481492280960083,0.0,-0.03318701684474945,-0.03318701684474945,0.06283971667289734,0.06283971667289734,0.012343136593699455,1.343408226966858,-1.1148520708084106,0.0,0.050496580079197884,0.050496580079197884,0.08770915865898132,0.08770915865898132,0.09762625396251678,-0.09036354720592499,-1.6715816259384155,0.0,-0.009917095303535461,-0.009917095303535461,0.164042130112648,0.164042130112648,0.06215586140751839,1.8369590044021606,-0.3268962502479553,0.0,0.10188626870512962,0.10188626870512962,-0.29890912771224976,-0.29890912771224976,-0.11510955542325974,-0.47182658314704895,-0.6341646909713745,0.0,-0.18379957228899002,-0.18379957228899002
613,20.433333333333334,24,0,0,,4,uneven rough,9,0.0,82.01814270019531,34.679115295410156,0.43305671215057373,1.4538002014160156,-0.3812057077884674,1.4538002014160156,-0.3812057077884674,7.660386562347412,5.002279281616211,0.3333333432674408,-0.06925410777330399,0.2613341510295868,0.7269001007080078,-0.1906028538942337,0.24839472770690918,0.33197444677352905,0.4245204031467438,-0.5273738503456116,0.2898230254650116,-0.7012704014778137,0.1738763004541397,0.1738763004541397,0.037729956209659576,1.73191499710083,-0.5901192426681519,0.0,0.13614634424448013,0.13614634424448013,0.16598722338676453,0.16598722338676453,0.18584556877613068,-1.0227233171463013,1.0186612606048584,0.0,-0.01985834538936615,-0.01985834538936615,0.2122602015733719,0.2122602015733719,0.03534463793039322,1.1109874248504639,-0.33506953716278076,0.0,0.17691556364297867,0.17691556364297867,-0.3691616952419281,-0.3691616952419281,-0.07470310479402542,-0.5849391222000122,-1.3999828100204468,0.0,-0.2944585904479027,-0.2944585904479027,0.1449115127325058,0.1449115127325058,0.11030084639787674,1.9182053804397583,-1.3815999031066895,0.0,0.03461066633462906,0.03461066633462906,-0.35063520073890686,-0.35063520073890686,-0.09776224941015244,0.21270619332790375,-1.4780845642089844,0.0,-0.2528729513287544,-0.2528729513287544
614,20.466666666666665,4,0,0,,4,uneven rough,5,0.0,55.65614700317383,32.27637481689453,0.17044642567634583,1.7494051456451416,-1.1391701698303223,1.7494051456451416,-1.1391701698303223,3.0377376079559326,3.363917112350464,0.5,0.39911627769470215,0.036649852991104126,0.8747025728225708,-0.5695850849151611,0.7170653343200684,0.15929947793483734,0.055254727602005005,0.19381505250930786,0.09654097259044647,-0.34891945123672485,0.5019457340240479,0.5019457340240479,0.31486666202545166,1.8187018632888794,0.3268636465072632,0.0,0.1870790719985962,0.1870790719985962,0.07964973896741867,0.07964973896741867,0.07945824414491653,0.9702235460281372,-1.0922499895095825,0.0,0.00019149482250213623,0.00019149482250213623,0.027627363801002502,0.027627363801002502,0.02747211419045925,0.2525247037410736,-0.16558890044689178,0.0,0.00015524961054325104,0.00015524961054325104,0.1356705278158188,0.1356705278158188,0.18708643317222595,-1.4917181730270386,-1.0216718912124634,0.0,-0.051415905356407166,-0.051415905356407166,0.048270486295223236,0.048270486295223236,0.04265659302473068,-0.9973782300949097,0.6977548599243164,0.0,0.005613893270492554,0.005613893270492554,-0.17445972561836243,-0.17445972561836243,-0.11788143217563629,-0.22318221628665924,-0.3532215356826782,0.0,-0.056578293442726135,-0.056578293442726135
614,20.466666666666665,14,0,0,,4,uneven rough,5,0.0,55.18575668334961,35.135902404785156,0.24858711659908295,1.523472785949707,0.16107487678527832,1.523472785949707,0.16107487678527832,5.510171413421631,4.9422502517700195,0.3333333432674408,-0.3448549211025238,0.20656073093414307,0.7617363929748535,0.08053743839263916,0.8938772678375244,0.06944946944713593,0.26896414160728455,0.43057015538215637,0.355383038520813,-0.18264326453208923,0.6257140636444092,0.6257140636444092,0.2396121472120285,1.1186848878860474,-0.02189863659441471,0.0,0.3861019164323807,0.3861019164323807,0.03472473472356796,0.03472473472356796,0.09353826195001602,-1.8010244369506836,-0.27921101450920105,0.0,-0.05881352722644806,-0.05881352722644806,0.13448207080364227,0.13448207080364227,0.07895231992006302,2.0000128746032715,0.2750526964664459,0.0,0.055529750883579254,0.055529750883579254,0.3013991117477417,0.3013991117477417,0.13385741412639618,1.9614609479904175,-0.7775580883026123,0.0,0.16754169762134552,0.16754169762134552,0.1776915192604065,0.1776915192604065,0.12434030324220657,1.7545359134674072,0.8965513706207275,0.0,0.05335121601819992,0.05335121601819992,-0.09132163226604462,-0.09132163226604462,-0.0874432772397995,0.17740459740161896,-0.5423784255981445,0.0,-0.003878355026245117,-0.003878355026245117
614,20.466666666666665,24,0,0,,4,uneven rough,9,0.0,82.05500030517578,34.637939453125,0.43330076336860657,1.5863378047943115,-0.3229338824748993,1.5863378047943115,-0.3229338824748993,8.705599784851074,1.850881814956665,0.5,0.09244853258132935,0.08120592683553696,0.7931689023971558,-0.16146694123744965,0.49674874544143677,0.6118660569190979,-0.5547760128974915,0.22637036442756653,0.6383429765701294,0.16618400812149048,0.3477241098880768,0.3477241098880768,0.09438522160053253,1.9435842037200928,0.7227630615234375,0.0,0.25333888828754425,0.25333888828754425,0.30593302845954895,0.30593302845954895,0.24012598395347595,1.8536474704742432,-0.13554126024246216,0.0,0.065807044506073,0.065807044506073,-0.2773880064487457,-0.2773880064487457,0.04165780916810036,0.3937166631221771,0.48253366351127625,0.0,-0.3190458156168461,-0.3190458156168461,0.15845924615859985,0.15845924615859985,-0.029876643791794777,1.7235167026519775,-0.939155638217926,0.0,0.18833588995039463,0.18833588995039463,0.3191714882850647,0.3191714882850647,0.19048766791820526,1.9486337900161743,0.4841158986091614,0.0,0.12868382036685944,0.12868382036685944,0.08309200406074524,0.08309200406074524,-0.07647475600242615,0.6958468556404114,-0.5221084356307983,0.0,0.1595667600631714,0.1595667600631714
615,20.5,4,0,0,,4,uneven rough,5,0.0,55.66913986206055,32.31494903564453,0.18611381947994232,1.625349521636963,-0.2303030788898468,1.625349521636963,-0.2303030788898468,8.339259147644043,2.2882680892944336,0.3333333432674408,0.541174054145813,0.15945738554000854,0.8126747608184814,-0.1151515394449234,0.28309643268585205,0.5114288330078125,0.631871223449707,0.6075419187545776,-0.05271771177649498,-0.37950360774993896,0.19816750288009644,0.19816750288009644,0.2549387216567993,-1.9773856401443481,1.1703516244888306,0.0,-0.05677121877670288,-0.05677121877670288,0.25571441650390625,0.25571441650390625,0.14528711140155792,1.9999781847000122,0.07387623190879822,0.0,0.11042730510234833,0.11042730510234833,0.3159356117248535,0.3159356117248535,0.012363073416054249,-1.6927765607833862,0.07081328332424164,0.0,0.30357253830879927,0.30357253830879927,0.4252793490886688,0.4252793490886688,0.24789421260356903,1.9074205160140991,-1.2874369621276855,0.0,0.1773851364850998,0.1773851364850998,-0.08434834331274033,-0.08434834331274033,-0.0038678275886923075,-2.001291513442993,-0.26067641377449036,0.0,-0.08048051572404802,-0.08048051572404802,-0.18975180387496948,-0.18975180387496948,-0.11442923545837402,-1.0144026279449463,-0.27969709038734436,0.0,-0.07532256841659546,-0.07532256841659546
615,20.5,14,0,0,,4,uneven rough,5,0.0,55.18874740600586,35.18352127075195,0.2464994192123413,1.666114091873169,0.632087230682373,1.666114091873169,0.632087230682373,8.637651443481445,2.4505717754364014,0.1666666716337204,-0.298184335231781,0.3092793822288513,0.8330570459365845,0.3160436153411865,0.24748240411281586,0.4406989514827728,0.10554498434066772,0.5920333862304688,0.2680746912956238,0.43665453791618347,0.17323768138885498,0.17323768138885498,0.20042787492275238,-1.9506334066390991,0.6229893565177917,0.0,-0.0271901935338974,-0.0271901935338974,0.2203494757413864,0.2203494757413864,0.14520929753780365,1.9802733659744263,-1.1396470069885254,0.0,0.07514017820358276,0.07514017820358276,0.05277249217033386,0.05277249217033386,0.06177496910095215,-1.3080084323883057,1.2503483295440674,0.0,-0.009002476930618286,-0.009002476930618286,0.4144233763217926,0.4144233763217926,0.20382195711135864,1.8910566568374634,0.771088182926178,0.0,0.21060141921043396,0.21060141921043396,0.1340373456478119,0.1340373456478119,0.15425227582454681,-1.1172574758529663,1.381657361984253,0.0,-0.020214930176734924,-0.020214930176734924,0.21832726895809174,0.21832726895809174,-0.03920399025082588,1.660184383392334,-0.1354118138551712,0.0,0.2575312592089176,0.2575312592089176
615,20.5,24,0,0,,4,uneven rough,9,0.0,82.09527587890625,34.605072021484375,0.4358295202255249,1.732882022857666,0.39351916313171387,1.732882022857666,0.39351916313171387,7.499768257141113,2.746943950653076,0.3333333432674408,0.08439040184020996,0.15544524788856506,0.866441011428833,0.19675958156585693,-0.316491961479187,0.5640836954116821,-0.3849000930786133,0.527852475643158,0.4468606412410736,0.034381166100502014,-0.22154437005519867,-0.22154437005519867,0.05507641285657883,-1.823799967765808,1.4130175113677979,0.0,-0.2766207829117775,-0.2766207829117775,0.28204184770584106,0.28204184770584106,0.2621105909347534,-0.05890288203954697,0.9891496300697327,0.0,0.019931256771087646,0.019931256771087646,-0.19245004653930664,-0.19245004653930664,0.024465063586831093,-0.0718817189335823,0.4323163628578186,0.0,-0.21691511012613773,-0.21691511012613773,0.36949673295021057,0.36949673295021057,0.03481804579496384,1.4153940677642822,0.5663240551948547,0.0,0.33467868715524673,0.33467868715524673,0.2234303206205368,0.2234303206205368,0.23505356907844543,0.6198145151138306,1.3121569156646729,0.0,-0.01162324845790863,-0.01162324845790863,0.017190583050251007,0.017190583050251007,-0.04497482255101204,1.581957221031189,0.1665256768465042,0.0,0.062165405601263046,0.062165405601263046
616,20.53333333333333,4,0,0,,4,uneven rough,5,0.0,55.69185256958008,32.35365295410156,0.19147588312625885,1.6240181922912598,0.2248457968235016,1.6240181922912598,0.2248457968235016,6.166380882263184,1.335458755493164,0.3333333432674408,0.5382468700408936,0.07790680974721909,0.8120090961456299,0.1124228984117508,0.4489606022834778,0.5180985927581787,0.3499259352684021,0.5513731241226196,0.25557664036750793,-0.10402156412601471,0.314272403717041,0.314272403717041,0.2712024748325348,1.2535667419433594,-0.6093846559524536,0.0,0.043069928884506226,0.043069928884506226,0.25904929637908936,0.25904929637908936,0.2126445770263672,1.8435659408569336,1.1628977060317993,0.0,0.04640471935272217,0.04640471935272217,0.17496296763420105,0.17496296763420105,0.07014720886945724,-0.37262463569641113,-0.9263235926628113,0.0,0.1048157587647438,0.1048157587647438,0.3859611749649048,0.3859611749649048,0.30718204379081726,1.8299039602279663,0.5189411640167236,0.0,0.07877913117408752,0.07877913117408752,0.12778832018375397,0.12778832018375397,0.05587949603796005,1.818560242652893,-1.2448233366012573,0.0,0.07190882414579391,0.07190882414579391,-0.052010782063007355,-0.052010782063007355,-0.053176846355199814,1.518146276473999,-0.6951009035110474,0.0,0.001166064292192459,0.001166064292192459
616,20.53333333333333,14,0,0,,4,uneven rough,5,0.0,55.19057846069336,35.23057174682617,0.25332897901535034,1.3848429918289185,0.042379047721624374,1.3848429918289185,0.042379047721624374,7.885531902313232,1.6104841232299805,0.1666666716337204,-0.2457844465970993,0.23146048188209534,0.6924214959144592,0.021189523860812187,0.32548826932907104,0.5431391596794128,-0.050919946283102036,0.46929654479026794,0.1740565299987793,0.38900941610336304,0.22784177958965302,0.22784177958965302,0.19373056292533875,0.5137147307395935,-0.8321415781974792,0.0,0.03411121666431427,0.03411121666431427,0.2715695798397064,0.2715695798397064,0.2081443816423416,2.005122661590576,0.6243615746498108,0.0,0.06342519819736481,0.06342519819736481,-0.025459973141551018,-0.025459973141551018,0.031050045043230057,-0.6328532099723816,-0.19615115225315094,0.0,-0.056510018184781075,-0.056510018184781075,0.32850757241249084,0.32850757241249084,0.26613399386405945,1.9530575275421143,1.4043203592300415,0.0,0.062373578548431396,0.062373578548431396,0.08702826499938965,0.08702826499938965,0.11383608728647232,-1.2344331741333008,-0.031233545392751694,0.0,-0.026807822287082672,-0.026807822287082672,0.19450470805168152,0.19450470805168152,-0.03484165668487549,-0.8797094821929932,0.8798214793205261,0.0,0.229346364736557,0.229346364736557
616,20.53333333333333,24,0,0,,4,uneven rough,9,0.0,82.138671875,34.58165740966797,0.4388217628002167,1.6404259204864502,-0.06986173242330551,1.6404259204864502,-0.06986173242330551,8.764777183532715,2.8488688468933105,0.3333333432674408,0.1581127941608429,0.10583826899528503,0.8202129602432251,-0.034930866211652756,0.09308677911758423,0.37094494700431824,-0.5296871662139893,-0.05884528532624245,0.25119611620903015,0.10347986966371536,0.06516074389219284,0.06516074389219284,0.05958439037203789,0.28240951895713806,-0.4170849323272705,0.0,0.005576353520154953,0.005576353520154953,0.18547247350215912,0.18547247350215912,0.19480036199092865,-1.9464560747146606,0.396578848361969,0.0,-0.009327888488769531,-0.009327888488769531,-0.26484358310699463,-0.26484358310699463,-0.004307680297642946,-0.7193360924720764,0.14724186062812805,0.0,-0.2605359028093517,-0.2605359028093517,-0.0411917008459568,-0.0411917008459568,-0.01736246608197689,-1.9964841604232788,1.0463898181915283,0.0,-0.023829234763979912,-0.023829234763979912,0.12559805810451508,0.12559805810451508,0.17705479264259338,-1.8507245779037476,0.9207053184509277,0.0,-0.05145673453807831,-0.05145673453807831,0.05173993483185768,0.05173993483185768,0.006591398734599352,1.4846775531768799,0.9668132066726685,0.0,0.04514853609725833,0.04514853609725833
617,20.566666666666666,4,0,0,,4,uneven rough,5,0.0,55.70956039428711,32.39236068725586,0.18904738128185272,1.7102186679840088,1.1892081499099731,1.7102186679840088,1.1892081499099731,5.4106268882751465,0.39945125579833984,0.1666666716337204,0.7200667262077332,0.2365325391292572,0.8551093339920044,0.5946040749549866,-0.15156389772891998,0.7998680472373962,0.0732990950345993,0.7454337477684021,0.3680022656917572,0.014083433896303177,-0.10609472543001175,-0.10609472543001175,0.22824883460998535,-1.8377443552017212,0.4439314007759094,0.0,-0.3343435600399971,-0.3343435600399971,0.3999340236186981,0.3999340236186981,0.278889924287796,1.9489227533340454,1.5477488040924072,0.0,0.1210440993309021,0.1210440993309021,0.03664954751729965,0.03664954751729965,0.026349728927016258,0.22003911435604095,-0.6132612228393555,0.0,0.010299818590283394,0.010299818590283394,0.521803617477417,0.521803617477417,0.3754161298274994,1.7701925039291382,1.2601618766784668,0.0,0.1463874876499176,0.1463874876499176,0.1840011328458786,0.1840011328458786,0.12127169966697693,1.650766372680664,0.4872192442417145,0.0,0.06272943317890167,0.06272943317890167,0.0070417169481515884,0.0070417169481515884,-0.02167363092303276,-1.2521156072616577,0.5562730431556702,0.0,0.02871534787118435,0.02871534787118435
617,20.566666666666666,14,0,0,,4,uneven rough,5,0.0,55.190799713134766,35.27621841430664,0.26411595940589905,1.570481777191162,0.19622738659381866,1.570481777191162,0.19622738659381866,7.577198028564453,4.00622034072876,0.3333333432674408,-0.010918180458247662,0.1668780893087387,0.785240888595581,0.09811369329690933,0.021542903035879135,0.5262423753738403,0.20731186866760254,0.45617544651031494,0.05395810678601265,0.07225749641656876,0.01508003193885088,0.01508003193885088,0.13847830891609192,-1.8516820669174194,-0.07119201868772507,0.0,-0.12339827697724104,-0.12339827697724104,0.26312118768692017,0.26312118768692017,0.23412981629371643,0.7670866250991821,1.4050463438034058,0.0,0.028991371393203735,0.028991371393203735,0.10365593433380127,0.10365593433380127,0.095808245241642,2.0000317096710205,-0.44306328892707825,0.0,0.007847689092159271,0.007847689092159271,0.319322794675827,0.319322794675827,0.32660722732543945,0.9254149198532104,1.714577317237854,0.0,-0.007284432649612427,-0.007284432649612427,0.026979053393006325,0.026979053393006325,0.05592820420861244,-1.699769139289856,-0.7115247845649719,0.0,-0.028949150815606117,-0.028949150815606117,0.03612874820828438,0.03612874820828438,-0.005021264310926199,0.8286892175674438,-0.11502048373222351,0.0,0.04115001251921058,0.04115001251921058
617,20.566666666666666,24,0,0,,4,uneven rough,9,0.0,82.18492889404297,34.55595016479492,0.4350799024105072,1.7259883880615234,-0.6850116848945618,1.7259883880615234,-0.6850116848945618,9.035099983215332,3.188511610031128,0.3333333432674408,0.558724582195282,0.15629854798316956,0.8629941940307617,-0.3425058424472809,0.01309392973780632,0.33758068084716797,0.07623475044965744,-0.013993126340210438,0.4237537980079651,-0.18627633154392242,0.009165750816464424,0.009165750816464424,0.006014220416545868,-1.3577030897140503,-0.021589523181319237,0.0,0.003151530399918556,0.003151530399918556,0.16879034042358398,0.16879034042358398,0.17543745040893555,-0.40562963485717773,-0.9281772971153259,0.0,-0.0066471099853515625,-0.0066471099853515625,0.03811737522482872,0.03811737522482872,0.008565070107579231,0.5452074408531189,-0.3427228629589081,0.0,0.02955230511724949,0.02955230511724949,-0.00979518797248602,-0.00979518797248602,-0.011772050522267818,0.07060464471578598,-0.6740565896034241,0.0,0.0019768625497817993,0.0019768625497817993,0.21187689900398254,0.21187689900398254,0.20486360788345337,1.0953692197799683,-0.6462661027908325,0.0,0.007013291120529175,0.007013291120529175,-0.09313816577196121,-0.09313816577196121,-0.039672788232564926,-1.904004693031311,1.2596145868301392,0.0,-0.053465377539396286,-0.053465377539396286
618,20.6,4,0,0,,4,uneven rough,5,0.0,55.718727111816406,32.43421173095703,0.18560141324996948,1.838487982749939,0.4818043112754822,1.838487982749939,0.4818043112754822,7.658013343811035,3.9463539123535156,0.5,0.6137843132019043,0.14987772703170776,0.9192439913749695,0.2409021556377411,0.5314208269119263,0.06812803447246552,0.03883083909749985,0.18855762481689453,0.39557239413261414,-0.2949170172214508,0.37199458479881287,0.37199458479881287,0.2897137999534607,1.9924167394638062,-0.8461321592330933,0.0,0.08228078484535217,0.08228078484535217,0.03406401723623276,0.03406401723623276,0.2546314299106598,0.5233113169670105,1.7745732069015503,0.0,-0.22056741267442703,-0.22056741267442703,0.019415419548749924,0.019415419548749924,0.02990282140672207,-0.13069693744182587,-0.14211171865463257,0.0,-0.010487401857972145,-0.010487401857972145,0.13199032843112946,0.13199032843112946,0.3146907687187195,-1.9819620847702026,1.5485341548919678,0.0,-0.18270044028759003,-0.18270044028759003,0.19778619706630707,0.19778619706630707,0.14433708786964417,1.986883282661438,1.1450908184051514,0.0,0.0534491091966629,0.0534491091966629,-0.1474585086107254,-0.1474585086107254,-0.05353681743144989,-1.417265772819519,-0.46619313955307007,0.0,-0.09392169117927551,-0.09392169117927551
618,20.6,14,0,0,,4,uneven rough,5,0.0,55.180992126464844,35.325347900390625,0.27531564235687256,1.4456617832183838,0.5113278031349182,1.4456617832183838,0.5113278031349182,7.689702033996582,3.005497455596924,0.3333333432674408,0.06179618835449219,0.19025544822216034,0.7228308916091919,0.2556639015674591,0.2564425468444824,0.6373642086982727,-0.1668621450662613,0.19282568991184235,-0.024757301434874535,-0.12828713655471802,0.17950977385044098,0.17950977385044098,0.1670692265033722,1.5176392793655396,-1.077884316444397,0.0,0.012440547347068787,0.012440547347068787,0.31868210434913635,0.31868210434913635,0.29076826572418213,1.4477572441101074,1.0443427562713623,0.0,0.027913838624954224,0.027913838624954224,-0.08343107253313065,-0.08343107253313065,0.05286441370844841,-1.9442824125289917,0.9382669925689697,0.0,-0.13629548624157906,-0.13629548624157906,0.13497798144817352,0.13497798144817352,0.2646937072277069,-1.9827312231063843,1.268383502960205,0.0,-0.1297157257795334,-0.1297157257795334,-0.039611682295799255,-0.039611682295799255,-0.004554114770144224,-1.9058928489685059,-1.270279884338379,0.0,-0.03505756752565503,-0.03505756752565503,-0.06414356827735901,-0.06414356827735901,-0.0640745684504509,-1.148669958114624,0.4185546636581421,0.0,-6.899982690811157e-05,-6.899982690811157e-05
618,20.6,24,0,0,,4,uneven rough,9,0.0,82.22261810302734,34.523406982421875,0.4382885694503784,1.4286906719207764,0.7096944451332092,1.4286906719207764,0.7096944451332092,7.481436729431152,0.16732482612133026,0.1666666716337204,0.6415765285491943,0.17894050478935242,0.7143453359603882,0.3548472225666046,0.5916789174079895,0.16112805902957916,-0.41485315561294556,0.11467090994119644,0.1353367567062378,0.37439173460006714,0.41417524218559265,0.41417524218559265,0.021860426291823387,0.37048080563545227,-0.7770305275917053,0.0,0.39231481589376926,0.39231481589376926,0.08056402951478958,0.08056402951478958,0.12382706254720688,-0.49140727519989014,-0.6327279210090637,0.0,-0.0432630330324173,-0.0432630330324173,-0.20742657780647278,-0.20742657780647278,-0.05282321572303772,-1.088457703590393,0.15931451320648193,0.0,-0.15460336208343506,-0.15460336208343506,0.08026963472366333,0.08026963472366333,0.015454818494617939,1.9926791191101074,-0.25302377343177795,0.0,0.06481481622904539,0.06481481622904539,0.0676683783531189,0.0676683783531189,0.1367691308259964,-1.9937976598739624,0.3384576439857483,0.0,-0.0691007524728775,-0.0691007524728775,0.18719586730003357,0.18719586730003357,0.009977172128856182,0.6619547605514526,-0.5291014313697815,0.0,0.1772186951711774,0.1772186951711774
619,20.633333333333333,4,0,0,,4,uneven rough,5,0.0,55.72337341308594,32.476070404052734,0.18514138460159302,1.511528491973877,0.815566897392273,1.511528491973877,0.815566897392273,4.355240821838379,2.223574161529541,0.3333333432674408,0.556797206401825,0.10995352268218994,0.7557642459869385,0.4077834486961365,0.47310736775398254,0.1551128327846527,0.05576052889227867,-0.14380818605422974,0.2988935708999634,-0.44694310426712036,0.33117514848709106,0.33117514848709106,0.3471270203590393,1.0044623613357544,0.7587884664535522,0.0,-0.015951871871948242,-0.015951871871948242,0.07755641639232635,0.07755641639232635,0.19222578406333923,-1.8428924083709717,1.0671075582504272,0.0,-0.11466936767101288,-0.11466936767101288,0.027880264446139336,0.027880264446139336,0.02510700188577175,0.12748897075653076,-0.13565778732299805,0.0,0.0027732625603675842,0.0027732625603675842,-0.10066572576761246,-0.10066572576761246,0.25901085138320923,-1.198051929473877,-0.44761475920677185,0.0,-0.3596765771508217,-0.3596765771508217,0.1494467854499817,0.1494467854499817,0.13961517810821533,0.1069822832942009,1.6210417747497559,0.0,0.009831607341766357,0.009831607341766357,-0.22347155213356018,-0.22347155213356018,-0.08973118662834167,-0.5648444890975952,-1.0039312839508057,0.0,-0.1337403655052185,-0.1337403655052185
619,20.633333333333333,14,0,0,,4,uneven rough,5,0.0,55.164249420166016,35.374061584472656,0.2685025632381439,1.430626392364502,-0.13505978882312775,1.430626392364502,-0.13505978882312775,7.332099437713623,0.0,0.0,0.36696141958236694,0.1547817885875702,0.715313196182251,-0.06752989441156387,0.10854590684175491,0.5491389036178589,0.024096490815281868,-0.12150631099939346,0.1998649388551712,-0.7013371586799622,0.07598213106393814,0.07598213106393814,0.1284860521554947,-1.683524250984192,0.38962939381599426,0.0,-0.05250392109155655,-0.05250392109155655,0.27456945180892944,0.27456945180892944,0.3100528419017792,-1.9737423658370972,1.2724339962005615,0.0,-0.03548339009284973,-0.03548339009284973,0.012048245407640934,0.012048245407640934,-0.001780700171366334,-1.3714474439620972,-0.6915315985679626,0.0,0.013828945579007268,0.013828945579007268,-0.0850544199347496,-0.0850544199347496,0.2230030596256256,-1.330269455909729,-0.5698025822639465,0.0,-0.3080574795603752,-0.3080574795603752,0.0999324694275856,0.0999324694275856,0.03306908905506134,2.0037176609039307,-1.6296565532684326,0.0,0.06686338037252426,0.06686338037252426,-0.3506685793399811,-0.3506685793399811,-0.11262452602386475,-1.3420230150222778,-0.4675569534301758,0.0,-0.23804405331611633,-0.23804405331611633
619,20.633333333333333,24,0,0,,4,uneven rough,9,0.0,82.26457977294922,34.4952507019043,0.45366108417510986,1.8517751693725586,-0.3686508238315582,1.8517751693725586,-0.3686508238315582,9.800215721130371,5.024130821228027,0.5,0.7878934741020203,0.15732187032699585,0.9258875846862793,-0.1843254119157791,-0.46603116393089294,0.49228405952453613,0.30166110396385193,0.10105337202548981,0.12075831741094589,0.1406397670507431,-0.3262218236923218,-0.3262218236923218,-0.03161720559000969,-1.7250581979751587,-0.12822556495666504,0.0,-0.2946046181023121,-0.2946046181023121,0.24614202976226807,0.24614202976226807,0.18898752331733704,2.0000007152557373,-0.5528249740600586,0.0,0.05715450644493103,0.05715450644493103,0.15083055198192596,0.15083055198192596,0.0041065397672355175,1.7735989093780518,-0.5461781620979309,0.0,0.14672401221469045,0.14672401221469045,0.07073736190795898,0.07073736190795898,0.07871770858764648,1.0660629272460938,1.0167006254196167,0.0,-0.0079803466796875,-0.0079803466796875,0.060379158705472946,0.060379158705472946,0.08303017914295197,-1.3810842037200928,-0.9802036881446838,0.0,-0.02265102043747902,-0.02265102043747902,0.07031988352537155,0.07031988352537155,0.0709252879023552,1.722690463066101,0.14432387053966522,0.0,-0.0006054043769836426,-0.0006054043769836426
620,20.666666666666668,4,0,0,,4,uneven rough,5,0.0,55.72386169433594,32.517539978027344,0.18689405918121338,1.590721607208252,-0.08540476858615875,1.590721607208252,-0.08540476858615875,4.54561710357666,0.5437521934509277,0.3333333432674408,0.5531293153762817,0.20066669583320618,0.795360803604126,-0.042702384293079376,0.5236400365829468,0.06642463058233261,0.49162083864212036,-0.018319040536880493,0.16133375465869904,-0.3683939576148987,0.3665480315685272,0.3665480315685272,0.3893738090991974,0.4060741662979126,0.8976929187774658,0.0,-0.022825777530670166,-0.022825777530670166,0.033212315291166306,0.033212315291166306,0.12703606486320496,-2.0020580291748047,-0.5782116651535034,0.0,-0.09382374957203865,-0.09382374957203865,0.24581041932106018,0.24581041932106018,0.07702438533306122,0.7227379679679871,0.013125861994922161,0.0,0.16878603398799896,0.16878603398799896,-0.012823328375816345,-0.012823328375816345,0.20256701111793518,-1.1188939809799194,-0.8719132542610168,0.0,-0.21539033949375153,-0.21539033949375153,0.08066687732934952,0.08066687732934952,0.10083241015672684,-0.8787025809288025,0.7649898529052734,0.0,-0.02016553282737732,-0.02016553282737732,-0.18419697880744934,-0.18419697880744934,-0.12281310558319092,-1.2888695001602173,-0.7556708455085754,0.0,-0.06138387322425842,-0.06138387322425842
620,20.666666666666668,14,0,0,,4,uneven rough,5,0.0,55.155738830566406,35.422691345214844,0.25487345457077026,1.5849502086639404,0.49517810344696045,1.5849502086639404,0.49517810344696045,3.341378688812256,2.411877393722534,0.5,0.22032785415649414,0.22252123057842255,0.7924751043319702,0.24758905172348022,0.8905313014984131,0.18678046762943268,0.006439004559069872,0.28629133105278015,0.30331671237945557,0.14445152878761292,0.6233718991279602,0.6233718991279602,0.17175860702991486,0.8622572422027588,-0.7825353741645813,0.0,0.45161329209804535,0.45161329209804535,0.09339023381471634,0.09339023381471634,0.24785475432872772,-1.1284606456756592,-0.5629599690437317,0.0,-0.15446452051401138,-0.15446452051401138,0.003219502279534936,0.003219502279534936,0.016428837552666664,-1.8304306268692017,-1.075957179069519,0.0,-0.013209335273131728,-0.013209335273131728,0.20040392875671387,0.20040392875671387,0.17493346333503723,-0.8038221597671509,-0.9997718930244446,0.0,0.025470465421676636,0.025470465421676636,0.15165835618972778,0.15165835618972778,0.10221706330776215,1.3595598936080933,0.42465972900390625,0.0,0.04944129288196564,0.04944129288196564,0.07222576439380646,0.07222576439380646,-0.08149883151054382,-1.0610692501068115,-0.9619816541671753,0.0,0.15372459590435028,0.15372459590435028
620,20.666666666666668,24,0,0,,4,uneven rough,9,0.0,82.31681823730469,34.480804443359375,0.45664721727371216,1.6687368154525757,-0.3402698040008545,1.6687368154525757,-0.3402698040008545,9.216680526733398,0.0625113695859909,0.1666666716337204,1.0382477045059204,0.1416832059621811,0.8343684077262878,-0.17013490200042725,-0.3548310101032257,0.6302355527877808,-0.1715468466281891,-0.2248440831899643,0.2754374146461487,-0.3694666028022766,-0.24838170409202576,-0.24838170409202576,-0.09878477454185486,-1.9930497407913208,-1.0310776233673096,0.0,-0.1495969295501709,-0.1495969295501709,0.3151177763938904,0.3151177763938904,0.2556037902832031,1.9688688516616821,0.8905472755432129,0.0,0.059513986110687256,0.059513986110687256,-0.08577342331409454,-0.08577342331409454,-0.04959612712264061,-1.4037556648254395,0.7654279470443726,0.0,-0.036177296191453934,-0.036177296191453934,-0.15739086270332336,-0.15739086270332336,0.042922019958496094,-1.5537219047546387,1.0446101427078247,0.0,-0.20031288266181946,-0.20031288266181946,0.13771870732307434,0.13771870732307434,0.11867415904998779,1.1787679195404053,-1.206862211227417,0.0,0.019044548273086548,0.019044548273086548,-0.1847333014011383,-0.1847333014011383,0.023579712957143784,0.06888852268457413,1.0367351770401,0.0,-0.2083130143582821,-0.2083130143582821
621,20.7,4,0,0,,4,uneven rough,5,0.0,55.7217903137207,32.56278610229492,0.1884206384420395,1.8511470556259155,-0.35740014910697937,1.8511470556259155,-0.35740014910697937,3.0135765075683594,1.4330394268035889,0.3333333432674408,0.4821920394897461,0.2675541639328003,0.9255735278129578,-0.17870007455348969,0.599151611328125,0.30132099986076355,0.5735931396484375,0.1910291314125061,0.4357053339481354,-0.35716527700424194,0.41940611600875854,0.41940611600875854,0.4251113831996918,0.48126769065856934,0.6197307705879211,0.0,-0.0057052671909332275,-0.0057052671909332275,0.15066049993038177,0.15066049993038177,0.149600088596344,0.10209144651889801,-1.3832569122314453,0.0,0.0010604113340377808,0.0010604113340377808,0.28679656982421875,0.28679656982421875,0.13306577503681183,1.90687894821167,0.4143418073654175,0.0,0.15373079478740692,0.15373079478740692,0.13372038304805756,0.13372038304805756,0.13990169763565063,-1.5168838500976562,-1.011556625366211,0.0,-0.006181314587593079,-0.006181314587593079,0.2178526669740677,0.2178526669740677,0.1723230481147766,1.9520821571350098,-0.16435681283473969,0.0,0.04552961885929108,0.04552961885929108,-0.17858263850212097,-0.17858263850212097,-0.15736909210681915,-0.3792445659637451,-1.0571422576904297,0.0,-0.02121354639530182,-0.02121354639530182
621,20.7,14,0,0,,4,uneven rough,5,0.0,55.15291213989258,35.468994140625,0.2578355669975281,1.8567756414413452,0.822046160697937,1.8567756414413452,0.822046160697937,4.823641777038574,8.748534202575684,0.6666666865348816,0.28783926367759705,0.0929608941078186,0.9283878207206726,0.4110230803489685,0.5465207099914551,0.14379441738128662,0.5389642715454102,0.6173025369644165,0.25504669547080994,0.21729721128940582,0.3825644850730896,0.3825644850730896,0.2298525869846344,1.8475244045257568,0.147433340549469,0.0,0.1527118980884552,0.1527118980884552,0.07189720869064331,0.07189720869064331,0.19000986218452454,-1.5596569776535034,-0.8826950788497925,0.0,-0.11811265349388123,-0.11811265349388123,0.2694821357727051,0.2694821357727051,0.028789613395929337,0.13765934109687805,-1.5025378465652466,0.0,0.24069252237677574,0.24069252237677574,0.4321117699146271,0.4321117699146271,0.20055080950260162,1.2120593786239624,-0.8889815807342529,0.0,0.23156096041202545,0.23156096041202545,0.12752334773540497,0.12752334773540497,0.1116064190864563,-0.4702170491218567,0.9532539248466492,0.0,0.01591692864894867,0.01591692864894867,0.10864860564470291,0.10864860564470291,-0.06256178766489029,1.483304500579834,-1.0180059671401978,0.0,0.1712103933095932,0.1712103933095932
621,20.7,24,0,0,,4,uneven rough,9,0.0,82.3609390258789,34.457820892333984,0.4525431990623474,1.629291296005249,0.393821656703949,1.629291296005249,0.393821656703949,6.944514751434326,2.4770069122314453,0.5,0.8564039468765259,0.20925137400627136,0.8146456480026245,0.1969108283519745,0.4711197018623352,0.14177750051021576,-0.40540969371795654,-0.5317546129226685,0.6595637798309326,-0.4460011422634125,0.3297837972640991,0.3297837972640991,-0.06876128166913986,1.4894604682922363,-1.5749783515930176,0.0,0.398545078933239,0.398545078933239,0.07088875025510788,0.07088875025510788,0.22704948484897614,-1.6594969034194946,1.500232219696045,0.0,-0.15616073459386826,-0.15616073459386826,-0.20270484685897827,-0.20270484685897827,-0.1144077479839325,-1.9985424280166626,-0.46103236079216003,0.0,-0.08829709887504578,-0.08829709887504578,-0.3722282350063324,-0.3722282350063324,-0.021862652152776718,-2.0000245571136475,-0.4244914650917053,0.0,-0.3503655828535557,-0.3503655828535557,0.3297818899154663,0.3297818899154663,0.1292809247970581,-0.629723846912384,0.14197736978530884,0.0,0.2005009651184082,0.2005009651184082,-0.22300057113170624,-0.22300057113170624,-0.001704618101939559,-1.0110102891921997,0.48951295018196106,0.0,-0.22129595302976668,-0.22129595302976668
622,20.733333333333334,4,0,0,,4,uneven rough,5,0.0,55.72660446166992,32.60584259033203,0.18730710446834564,1.8453431129455566,0.7754570841789246,1.8453431129455566,0.7754570841789246,3.1802568435668945,0.23761487007141113,0.3333333432674408,0.4278685748577118,0.2715325951576233,0.9226715564727783,0.3877285420894623,0.8521396517753601,0.3548228144645691,0.19562408328056335,0.24378502368927002,0.6290000677108765,-0.19302701950073242,0.5964977741241455,0.5964977741241455,0.48223647475242615,1.74684476852417,0.5414434671401978,0.0,0.11426129937171936,0.11426129937171936,0.17741140723228455,0.17741140723228455,0.1797976940870285,1.7550623416900635,-0.5434383153915405,0.0,-0.0023862868547439575,-0.0023862868547439575,0.09781204164028168,0.09781204164028168,0.12172859162092209,-1.245067834854126,1.2582249641418457,0.0,-0.02391654998064041,-0.02391654998064041,0.17064951360225677,0.17064951360225677,0.12117137014865875,0.7032284736633301,-1.297269582748413,0.0,0.04947814345359802,0.04947814345359802,0.31450003385543823,0.31450003385543823,0.23604819178581238,1.5097137689590454,1.032281517982483,0.0,0.07845184206962585,0.07845184206962585,-0.09651350975036621,-0.09651350975036621,-0.11123595386743546,2.011782646179199,-0.6738576889038086,0.0,0.014722444117069244,0.014722444117069244
622,20.733333333333334,14,0,0,,4,uneven rough,5,0.0,55.14873123168945,35.51539611816406,0.27710583806037903,1.7825757265090942,0.40649715065956116,1.7825757265090942,0.40649715065956116,5.403138160705566,2.520608425140381,0.5795340538024902,0.44781970977783203,0.2068398892879486,0.8912878632545471,0.20324857532978058,-0.16853950917720795,0.5799993276596069,0.5713545680046082,0.39994072914123535,0.13589444756507874,0.556267499923706,-0.11797765642404556,-0.11797765642404556,0.19292980432510376,-1.7936080694198608,1.1086678504943848,0.0,-0.3109074607491493,-0.3109074607491493,0.28999966382980347,0.28999966382980347,0.2392226755619049,2.0000009536743164,-1.2654505968093872,0.0,0.05077698826789856,0.05077698826789856,0.2856772840023041,0.2856772840023041,0.09039609134197235,1.9057846069335938,-0.5751674175262451,0.0,0.19528119266033173,0.19528119266033173,0.2799585163593292,0.2799585163593292,0.271279513835907,1.8863741159439087,0.29895076155662537,0.0,0.008679002523422241,0.008679002523422241,0.06794722378253937,0.06794722378253937,0.10214116424322128,-1.5786712169647217,0.14842088520526886,0.0,-0.034193940460681915,-0.034193940460681915,0.278133749961853,0.278133749961853,-0.019237760454416275,1.0886905193328857,0.39623942971229553,0.0,0.2973715104162693,0.2973715104162693
622,20.733333333333334,24,0,0,,4,uneven rough,9,0.0,82.40790557861328,34.439022064208984,0.45625871419906616,1.9197179079055786,-0.2583145499229431,1.880096435546875,-0.2583145499229431,10.039237022399902,3.148001194000244,0.3333333432674408,0.42375636100769043,0.09284520149230957,0.9598589539527893,-0.12915727496147156,-0.22902023792266846,0.5326420068740845,-0.1403239369392395,-0.48565876483917236,0.2247168868780136,-0.3041120767593384,-0.1603141576051712,-0.1603141576051712,-0.10328682512044907,-1.9675697088241577,0.15766087174415588,0.0,-0.05702733248472214,-0.05702733248472214,0.26632100343704224,0.26632100343704224,0.24756096303462982,0.9020013213157654,-0.28628429770469666,0.0,0.018760040402412415,0.018760040402412415,-0.07016196846961975,-0.07016196846961975,-0.10706233233213425,1.3460520505905151,-1.3303433656692505,0.0,0.036900363862514496,0.036900363862514496,-0.33996114134788513,-0.33996114134788513,-0.06018846109509468,-1.374741792678833,-1.315300703048706,0.0,-0.27977268025279045,-0.27977268025279045,0.1123584434390068,0.1123584434390068,0.12697160243988037,-0.6566029787063599,-0.29434388875961304,0.0,-0.014613159000873566,-0.014613159000873566,-0.1520560383796692,-0.1520560383796692,-0.034224823117256165,-0.6973984241485596,-0.35888558626174927,0.0,-0.11783121526241302,-0.11783121526241302
623,20.766666666666666,4,0,0,,4,uneven rough,5,0.0,55.7275505065918,32.64656448364258,0.18755072355270386,1.8079030513763428,0.9047338366508484,1.8079030513763428,0.9047338366508484,8.967764854431152,1.5506505966186523,0.1666666716337204,0.47166335582733154,0.2740447521209717,0.9039515256881714,0.4523669183254242,0.11371617019176483,0.5921831727027893,0.0038010182324796915,0.6203159689903259,0.5005070567131042,0.14149603247642517,0.07960131764411926,0.07960131764411926,0.43597179651260376,-1.999952793121338,1.2229795455932617,0.0,-0.3563704788684845,-0.3563704788684845,0.29609158635139465,0.29609158635139465,0.24588316679000854,1.955657720565796,0.7561380863189697,0.0,0.05020841956138611,0.05020841956138611,0.0019005091162398458,0.0019005091162398458,0.07333191484212875,-0.26101720333099365,-0.1571412831544876,0.0,-0.07143140572588891,-0.07143140572588891,0.43422117829322815,0.43422117829322815,0.19232864677906036,1.961601734161377,-0.16618439555168152,0.0,0.24189253151416779,0.24189253151416779,0.2502535283565521,0.2502535283565521,0.2635021507740021,-0.2950643002986908,1.3022226095199585,0.0,-0.013248622417449951,-0.013248622417449951,0.07074801623821259,0.07074801623821259,-0.04894305020570755,1.371526837348938,0.8446081876754761,0.0,0.11969106644392014,0.11969106644392014
623,20.766666666666666,14,0,0,,4,uneven rough,5,0.0,55.129066467285156,35.557151794433594,0.296555757522583,1.492884874343872,0.6081690192222595,1.492884874343872,0.6081690192222595,7.80194616317749,1.8673286437988281,0.1666666716337204,0.5340474843978882,0.08391280472278595,0.746442437171936,0.30408450961112976,-0.06457933783531189,0.6610115170478821,0.1443282663822174,0.04916658252477646,-0.11546958982944489,-0.052976496517658234,-0.04520553722977638,-0.04520553722977638,0.1271246373653412,-2.0000076293945312,-0.532284140586853,0.0,-0.17233017459511757,-0.17233017459511757,0.33050575852394104,0.33050575852394104,0.3047545850276947,1.6906393766403198,0.5808415412902832,0.0,0.025751173496246338,0.025751173496246338,0.0721641331911087,0.0721641331911087,0.07029183208942413,-1.1064592599868774,0.8275672793388367,0.0,0.0018723011016845703,0.0018723011016845703,0.03441660851240158,0.03441660851240158,0.2502201199531555,-1.7245489358901978,1.19648277759552,0.0,-0.21580351144075394,-0.21580351144075394,-0.18475134670734406,-0.18475134670734406,0.03820714354515076,-1.3566954135894775,-0.8280800580978394,0.0,-0.2229584902524948,-0.2229584902524948,-0.026488248258829117,-0.026488248258829117,-0.017863817512989044,-0.014689909294247627,0.7877525091171265,0.0,-0.008624430745840073,-0.008624430745840073
623,20.766666666666666,24,0,0,,4,uneven rough,9,0.0,82.45419311523438,34.416053771972656,0.4506397545337677,1.7136543989181519,0.43233543634414673,1.7136543989181519,0.43233543634414673,9.333963394165039,0.6254793405532837,0.1666666716337204,0.6461119651794434,0.24383863806724548,0.8568271994590759,0.21616771817207336,0.3059128522872925,0.4316369891166687,0.20807494223117828,-0.4600912034511566,0.3882385492324829,-0.5503368377685547,0.21413899958133698,0.21413899958133698,-0.057911649346351624,1.9458932876586914,-1.0439482927322388,0.0,0.2720506489276886,0.2720506489276886,0.21581849455833435,0.21581849455833435,0.23206812143325806,-0.7871502041816711,0.3855745196342468,0.0,-0.016249626874923706,-0.016249626874923706,0.10403747111558914,0.10403747111558914,-0.08109329640865326,1.3940370082855225,0.18289542198181152,0.0,0.1851307675242424,0.1851307675242424,-0.3220638334751129,-0.3220638334751129,-0.12843549251556396,-1.879037618637085,-1.34890878200531,0.0,-0.19362834095954895,-0.19362834095954895,0.19411927461624146,0.19411927461624146,0.16631419956684113,1.6147748231887817,-0.4991658329963684,0.0,0.02780507504940033,0.02780507504940033,-0.27516841888427734,-0.27516841888427734,-0.06470498442649841,-0.6096300482749939,-0.5502813458442688,0.0,-0.21046343445777893,-0.21046343445777893
624,20.8,4,0,0,,4,uneven rough,5,0.0,55.71873474121094,32.68556594848633,0.18014100193977356,1.7847929000854492,0.6155061721801758,1.7847929000854492,0.6155061721801758,5.735324859619141,0.2897961735725403,0.1666666716337204,0.45904970169067383,0.3235512673854828,0.8923964500427246,0.3077530860900879,0.5194321870803833,0.18338879942893982,0.014620636589825153,0.17797312140464783,0.0056944843381643295,-0.07744156569242477,0.36360251903533936,0.36360251903533936,0.38534772396087646,-0.8965060710906982,-0.5992721915245056,0.0,-0.02174520492553711,-0.02174520492553711,0.09169439971446991,0.09169439971446991,0.1903546005487442,-1.664206624031067,1.4343485832214355,0.0,-0.09866020083427429,-0.09866020083427429,0.007310318294912577,0.007310318294912577,0.04593970254063606,-1.5933963060379028,-0.21587291359901428,0.0,-0.038629384245723486,-0.038629384245723486,0.12458118051290512,0.12458118051290512,0.18566584587097168,-1.964002013206482,1.0368696451187134,0.0,-0.06108466535806656,-0.06108466535806656,0.0028472421690821648,0.0028472421690821648,0.18137986958026886,-1.7993268966674805,0.3991137146949768,0.0,-0.1785326274111867,-0.1785326274111867,-0.03872078284621239,-0.03872078284621239,-0.023168539628386497,0.3176884055137634,1.1425288915634155,0.0,-0.01555224321782589,-0.01555224321782589
624,20.8,14,0,0,,4,uneven rough,5,0.0,55.11265563964844,35.59738540649414,0.3003954291343689,1.7691593170166016,0.18812036514282227,1.7691593170166016,0.18812036514282227,4.7252631187438965,0.7645959258079529,0.3333333432674408,0.31110846996307373,0.20171552896499634,0.8845796585083008,0.09406018257141113,0.5267994999885559,0.3249623477458954,0.25279271602630615,-0.28469836711883545,0.08764027804136276,-0.7343244552612305,0.3687596321105957,0.3687596321105957,0.16950172185897827,1.9036082029342651,-1.3621376752853394,0.0,0.19925791025161743,0.19925791025161743,0.1624811738729477,0.1624811738729477,0.25615057349205017,-1.9851919412612915,1.2083232402801514,0.0,-0.09366939961910248,-0.09366939961910248,0.12639635801315308,0.12639635801315308,0.08392905443906784,0.8228364586830139,-0.2659347951412201,0.0,0.042467303574085236,0.042467303574085236,-0.19928885996341705,-0.19928885996341705,0.17998553812503815,-1.9409438371658325,-0.4550738036632538,0.0,-0.3792743980884552,-0.3792743980884552,0.04382013902068138,0.04382013902068138,0.03881492465734482,1.3367542028427124,-1.1269601583480835,0.0,0.005005214363336563,0.005005214363336563,-0.36716222763061523,-0.36716222763061523,-0.01115433406084776,0.14665944874286652,0.33405011892318726,0.0,-0.3560078935697675,-0.3560078935697675
624,20.8,24,0,0,,4,uneven rough,9,0.0,82.49974060058594,34.386287689208984,0.45358559489250183,1.0974206924438477,-0.3038806915283203,1.0974206924438477,-0.3038806915283203,6.843229293823242,1.0351146459579468,0.3333333432674408,0.04522448778152466,0.06629312038421631,0.5487103462219238,-0.15194034576416016,0.3028509020805359,0.4488791823387146,0.23880118131637573,-0.25933772325515747,0.43952345848083496,-0.24927306175231934,0.21199563145637512,0.21199563145637512,0.0037333692889660597,1.6047883033752441,0.6465134620666504,0.0,0.20826226216740906,0.20826226216740906,0.2244395911693573,0.2244395911693573,0.23512911796569824,0.03650430589914322,-0.2774861454963684,0.0,-0.010689526796340942,-0.010689526796340942,0.11940059065818787,0.11940059065818787,-0.049756284803152084,0.5420280694961548,0.8676770329475403,0.0,0.16915687546133995,0.16915687546133995,-0.18153640627861023,-0.18153640627861023,-0.1811351776123047,-1.1045777797698975,-1.6486445665359497,0.0,-0.000401228666305542,-0.000401228666305542,0.21976172924041748,0.21976172924041748,0.20175610482692719,0.663633406162262,0.6960600018501282,0.0,0.018005624413490295,0.018005624413490295,-0.12463653087615967,-0.12463653087615967,-0.1024252399802208,-0.9687799215316772,-0.5838372111320496,0.0,-0.022211290895938873,-0.022211290895938873
625,20.833333333333332,4,0,0,,4,uneven rough,5,0.0,55.71674346923828,32.724082946777344,0.18020643293857574,1.848312258720398,-0.9259509444236755,1.848312258720398,-0.9259509444236755,5.818702697753906,9.156671524047852,0.6666666865348816,0.37608450651168823,0.2446281611919403,0.924156129360199,-0.46297547221183777,0.592460036277771,0.429074227809906,0.6029924154281616,0.3329981565475464,-0.02953401766717434,-0.10150954872369766,0.4147220253944397,0.4147220253944397,0.3654167652130127,0.19413220882415771,-0.7673287391662598,0.0,0.049305260181427,0.049305260181427,0.214537113904953,0.214537113904953,0.1945074051618576,0.8737272620201111,-0.31758007407188416,0.0,0.020029708743095398,0.020029708743095398,0.3014962077140808,0.3014962077140808,0.09645582735538483,1.8039004802703857,-0.9947271347045898,0.0,0.20504038035869598,0.20504038035869598,0.23309870064258575,0.23309870064258575,0.18985791504383087,1.088980793952942,-0.6598285436630249,0.0,0.04324078559875488,0.04324078559875488,-0.04725442826747894,-0.04725442826747894,0.14345912635326385,-1.1784168481826782,-0.843888521194458,0.0,-0.1907135546207428,-0.1907135546207428,-0.05075477436184883,-0.05075477436184883,-0.029930509626865387,-0.7542251944541931,0.676162600517273,0.0,-0.020824264734983444,-0.020824264734983444
625,20.833333333333332,14,0,0,,4,uneven rough,5,0.0,55.0952033996582,35.637046813964844,0.29024752974510193,1.6463661193847656,-0.1666160672903061,1.6463661193847656,-0.1666160672903061,4.799931526184082,0.9759246706962585,0.3333333432674408,0.09285026788711548,0.07456551492214203,0.8231830596923828,-0.08330803364515305,0.6821649074554443,0.20762428641319275,0.2058594673871994,0.10515712946653366,0.35864752531051636,-0.4000183939933777,0.47751542925834656,0.47751542925834656,0.2364872843027115,1.9792717695236206,0.48432087898254395,0.0,0.24102814495563507,0.24102814495563507,0.10381214320659637,0.10381214320659637,0.19025485217571259,-2.001314163208008,-0.5972959995269775,0.0,-0.08644270896911621,-0.08644270896911621,0.1029297336935997,0.1029297336935997,0.07414476573467255,-0.4379872679710388,0.34965842962265015,0.0,0.028784967958927155,0.028784967958927155,0.07360999286174774,0.07360999286174774,0.11316996067762375,-1.99406099319458,-1.2951873540878296,0.0,-0.03955996781587601,-0.03955996781587601,0.17932376265525818,0.17932376265525818,0.10566046833992004,2.041128396987915,0.26602837443351746,0.0,0.07366329431533813,0.07366329431533813,-0.20000919699668884,-0.20000919699668884,-0.060283344238996506,-1.5009671449661255,0.22809910774230957,0.0,-0.13972585275769234,-0.13972585275769234
625,20.833333333333332,24,0,0,,4,uneven rough,9,0.0,82.54225158691406,34.35697937011719,0.45864737033843994,0.9343781471252441,-0.2994600534439087,0.9343781471252441,-0.2994600534439087,5.637312889099121,4.317311763763428,0.5,0.045997362583875656,0.10656565427780151,0.46718907356262207,-0.14973002672195435,0.004090316127985716,0.13863937556743622,0.5592398643493652,-0.1496957689523697,0.47570300102233887,-0.14717362821102142,0.00286322133615613,0.00286322133615613,-0.015454161912202835,-0.8319870829582214,1.188323736190796,0.0,0.018317383248358965,0.018317383248358965,0.06931968778371811,0.06931968778371811,0.1932741105556488,-0.2720199525356293,-0.09995537996292114,0.0,-0.1239544227719307,-0.1239544227719307,0.2796199321746826,0.2796199321746826,0.007540846709161997,2.000000238418579,0.6835545301437378,0.0,0.2720790854655206,0.2720790854655206,-0.10478703677654266,-0.10478703677654266,-0.14462266862392426,1.0782533884048462,-1.3410282135009766,0.0,0.03983563184738159,0.03983563184738159,0.23785150051116943,0.23785150051116943,0.18352019786834717,-0.35749688744544983,0.6777259111404419,0.0,0.054331302642822266,0.054331302642822266,-0.07358681410551071,-0.07358681410551071,-0.07785122096538544,1.2101041078567505,-0.8014845252037048,0.0,0.004264406859874725,0.004264406859874725
626,20.866666666666667,4,0,0,,4,uneven rough,5,0.0,55.72368621826172,32.76245880126953,0.17751339077949524,1.5725489854812622,-0.06564150750637054,1.5725489854812622,-0.06564150750637054,7.119915008544922,3.3333334922790527,0.1666666716337204,0.39521169662475586,0.06825979053974152,0.7862744927406311,-0.03282075375318527,0.45435309410095215,0.28387731313705444,0.6043746471405029,0.6358685493469238,0.5089197158813477,-0.04721662402153015,0.3180471658706665,0.3180471658706665,0.33448097109794617,-0.9887011647224426,-0.22371700406074524,0.0,-0.016433805227279663,-0.016433805227279663,0.14193865656852722,0.14193865656852722,0.20326770842075348,-0.6462971568107605,0.35598722100257874,0.0,-0.06132905185222626,-0.06132905185222626,0.30218732357025146,0.30218732357025146,0.1275056004524231,0.7489187121391296,0.5876219272613525,0.0,0.17468172311782837,0.17468172311782837,0.44510796666145325,0.44510796666145325,0.256358802318573,1.9706121683120728,0.3289513885974884,0.0,0.18874916434288025,0.18874916434288025,0.25445985794067383,0.25445985794067383,0.15377835929393768,0.3358810842037201,-1.0330314636230469,0.0,0.10068149864673615,0.10068149864673615,-0.023608312010765076,-0.023608312010765076,-0.015174356289207935,1.1804200410842896,-0.1325812190771103,0.0,-0.00843395572155714,-0.00843395572155714
626,20.866666666666667,14,0,0,,4,uneven rough,5,0.0,55.09170913696289,35.67787170410156,0.28836512565612793,1.437636137008667,0.11671856790781021,1.437636137008667,0.11671856790781021,2.4245147705078125,0.5582761168479919,0.3333333432674408,-0.06600141525268555,0.11252152919769287,0.7188180685043335,0.058359283953905106,0.7228273153305054,0.16389329731464386,0.5068469643592834,0.40875470638275146,0.05802164599299431,-0.05952604487538338,0.5059791207313538,0.5059791207313538,0.2937033772468567,1.5615700483322144,1.3295687437057495,0.0,0.21227574348449707,0.21227574348449707,0.08194664865732193,0.08194664865732193,0.12566818296909332,-1.9841936826705933,-1.3911303281784058,0.0,-0.04372153431177139,-0.04372153431177139,0.2534234821796417,0.2534234821796417,0.11036509275436401,0.6471036672592163,-0.09567786008119583,0.0,0.1430583894252777,0.1430583894252777,0.28612828254699707,0.28612828254699707,0.13122165203094482,2.0015180110931396,-1.6903318166732788,0.0,0.15490663051605225,0.15490663051605225,0.029010822996497154,0.029010822996497154,0.09755024313926697,-1.9022045135498047,1.2696731090545654,0.0,-0.06853942014276981,-0.06853942014276981,-0.02976302243769169,-0.02976302243769169,-0.010122522711753845,1.7080174684524536,-0.7495180368423462,0.0,-0.019640499725937843,-0.019640499725937843
626,20.866666666666667,24,0,0,,4,uneven rough,9,0.0,82.58663940429688,34.3265495300293,0.46934595704078674,1.4771504402160645,0.04921705275774002,1.4771504402160645,0.04921705275774002,7.66693115234375,2.5027780532836914,0.1666666716337204,-0.09298551082611084,0.10079481452703476,0.7385752201080322,0.02460852637887001,0.04745294153690338,0.6857150793075562,-0.06961033493280411,-0.1496913731098175,0.4337116777896881,-0.13445590436458588,0.03321705758571625,0.03321705758571625,0.008189696818590164,1.54433012008667,0.046036384999752045,0.0,0.025027360767126083,0.025027360767126083,0.3428575396537781,0.3428575396537781,0.2594556510448456,2.0,-0.19724099338054657,0.0,0.0834018886089325,0.0834018886089325,-0.034805167466402054,-0.034805167466402054,-0.018395261839032173,-1.3665356636047363,1.427875280380249,0.0,-0.01640990562736988,-0.01640990562736988,-0.10478395968675613,-0.10478395968675613,-0.11795225739479065,0.6571606993675232,0.026837963610887527,0.0,0.013168297708034515,0.013168297708034515,0.21685583889484406,0.21685583889484406,0.22015483677387238,0.11618781089782715,0.09240908920764923,0.0,-0.0032989978790283203,-0.0032989978790283203,-0.06722795218229294,-0.06722795218229294,-0.06627555191516876,0.3196980357170105,0.33587130904197693,0.0,-0.000952400267124176,-0.000952400267124176
627,20.9,4,0,0,,4,uneven rough,5,0.0,55.73084259033203,32.79984664916992,0.1771661639213562,1.6905046701431274,-0.09226831793785095,1.6905046701431274,-0.09226831793785095,7.31524658203125,4.050655364990234,0.5,-0.026248296722769737,0.09465625882148743,0.8452523350715637,-0.046134158968925476,0.2660232186317444,0.252391517162323,0.5211648941040039,0.7294979095458984,0.28913572430610657,0.24831092357635498,0.18621625006198883,0.18621625006198883,0.2708566188812256,-1.9855568408966064,-0.6562404036521912,0.0,-0.08464036881923676,-0.08464036881923676,0.1261957585811615,0.1261957585811615,0.14357826113700867,-1.6458905935287476,-0.21070615947246552,0.0,-0.017382502555847168,-0.017382502555847168,0.26058244705200195,0.26058244705200195,0.1784602701663971,1.853238582611084,0.6788194179534912,0.0,0.08212217688560486,0.08212217688560486,0.5106485486030579,0.5106485486030579,0.31739792227745056,1.6138249635696411,1.257149338722229,0.0,0.1932506263256073,0.1932506263256073,0.14456786215305328,0.14456786215305328,0.1356847584247589,-0.03332935646176338,-0.25904586911201477,0.0,0.008883103728294373,0.008883103728294373,0.12415546178817749,0.12415546178817749,0.03378494456410408,1.1774601936340332,0.6097920536994934,0.0,0.09037051722407341,0.09037051722407341
627,20.9,14,0,0,,4,uneven rough,5,0.0,55.08673858642578,35.71736145019531,0.3005596995353699,1.2830568552017212,-0.24881643056869507,1.2830568552017212,-0.24881643056869507,2.6320877075195312,2.209441900253296,0.3333333432674408,0.007026791572570801,0.2053283452987671,0.6415284276008606,-0.12440821528434753,-0.582329273223877,0.5653274059295654,0.6531765460968018,0.5392982959747314,0.04139228165149689,0.3084985613822937,-0.40763047337532043,-0.40763047337532043,0.26503196358680725,-1.5362170934677124,1.460742712020874,0.0,-0.6726624369621277,-0.6726624369621277,0.2826637029647827,0.2826637029647827,0.17276357114315033,1.3026618957519531,-1.7264493703842163,0.0,0.10990013182163239,0.10990013182163239,0.3265882730484009,0.3265882730484009,0.15806546807289124,1.0674299001693726,0.3242921531200409,0.0,0.16852280497550964,0.16852280497550964,0.3775087893009186,0.3775087893009186,0.20010600984096527,1.0029758214950562,0.39704665541648865,0.0,0.1774027794599533,0.1774027794599533,0.020696140825748444,0.020696140825748444,0.07133466005325317,-1.833338975906372,-0.5237122178077698,0.0,-0.05063851922750473,-0.05063851922750473,0.15424928069114685,0.15424928069114685,0.05920284241437912,1.7079625129699707,0.6399769186973572,0.0,0.09504643827676773,0.09504643827676773
627,20.9,24,0,0,,4,uneven rough,9,0.0,82.63298797607422,34.299110412597656,0.47131600975990295,1.2686518430709839,0.09930051118135452,1.2686518430709839,0.09930051118135452,6.455944061279297,0.0,0.0,0.18037354946136475,0.10003264993429184,0.6343259215354919,0.04965025559067726,-0.5046201944351196,0.6172470450401306,-0.26596319675445557,-0.030871320515871048,0.5225620269775391,-0.09757181257009506,-0.3532341420650482,-0.3532341420650482,-0.04360418766736984,-1.6035417318344116,0.8931743502616882,0.0,-0.3096299543976784,-0.3096299543976784,0.3086235225200653,0.3086235225200653,0.31676140427589417,1.5407036542892456,1.0450830459594727,0.0,-0.008137881755828857,-0.008137881755828857,-0.13298159837722778,-0.13298159837722778,-0.07595302909612656,0.7232368588447571,-0.1520896553993225,0.0,-0.05702856928110123,-0.05702856928110123,-0.021609924733638763,-0.021609924733638763,-0.04887375235557556,1.8809505701065063,0.3832235634326935,0.0,0.027263827621936798,0.027263827621936798,0.26128101348876953,0.26128101348876953,0.2526676058769226,0.1326592117547989,0.1058536171913147,0.0,0.008613407611846924,0.008613407611846924,-0.04878590628504753,-0.04878590628504753,-0.047141436487436295,1.0888878107070923,0.32672691345214844,0.0,-0.0016444697976112366,-0.0016444697976112366
628,20.933333333333334,4,0,0,,4,uneven rough,5,0.0,55.74095153808594,32.8397216796875,0.18195301294326782,1.6767715215682983,0.34064045548439026,1.6767715215682983,0.34064045548439026,8.649410247802734,7.763727188110352,0.5,-0.2579593062400818,0.11184465140104294,0.8383857607841492,0.17032022774219513,0.26563766598701477,0.08939583599567413,0.6352538466453552,0.6167758703231812,-0.003578397911041975,0.18489192426204681,0.18594636023044586,0.18594636023044586,0.2065642774105072,-1.8851771354675293,-1.4078383445739746,0.0,-0.02061791718006134,-0.02061791718006134,0.04469791799783707,0.04469791799783707,0.07697715610265732,-1.6907404661178589,-1.0221619606018066,0.0,-0.03227923810482025,-0.03227923810482025,0.3176269233226776,0.3176269233226776,0.23915652930736542,1.650266170501709,1.342838168144226,0.0,0.0784703940153122,0.0784703940153122,0.4317431151866913,0.4317431151866913,0.3819999396800995,1.9765210151672363,1.4588143825531006,0.0,0.0497431755065918,0.0497431755065918,-0.005725436843931675,-0.005725436843931675,0.07855682820081711,-1.9088799953460693,-0.13142535090446472,0.0,-0.08428226504474878,-0.08428226504474878,0.09244596213102341,0.09244596213102341,0.07305913418531418,0.3942834138870239,0.9307526350021362,0.0,0.01938682794570923,0.01938682794570923
628,20.933333333333334,14,0,0,,4,uneven rough,5,0.0,55.068443298339844,35.75241470336914,0.30544108152389526,1.1974040269851685,-0.11236777901649475,1.1974040269851685,-0.11236777901649475,5.806293487548828,2.7139101028442383,0.3333333432674408,-0.23689746856689453,0.08719174563884735,0.5987020134925842,-0.056183889508247375,-0.11057155579328537,0.49928349256515503,0.3723106384277344,0.2544623017311096,0.15812095999717712,-0.27777740359306335,-0.0774000883102417,-0.0774000883102417,0.21064667403697968,-1.359067678451538,-0.23374375700950623,0.0,-0.2880467623472214,-0.2880467623472214,0.24964174628257751,0.24964174628257751,0.23658783733844757,1.0963003635406494,-0.013784420676529408,0.0,0.013053908944129944,0.013053908944129944,0.1861553192138672,0.1861553192138672,0.14351148903369904,-0.6653950214385986,0.7444635629653931,0.0,0.04264383018016815,0.04264383018016815,0.1781236082315445,0.1781236082315445,0.20046675205230713,-1.1129698753356934,0.7396400570869446,0.0,-0.022343143820762634,-0.022343143820762634,0.07906047999858856,0.07906047999858856,0.08528073132038116,0.8812159299850464,-1.2641775608062744,0.0,-0.0062202513217926025,-0.0062202513217926025,-0.13888870179653168,-0.13888870179653168,0.037764593958854675,-0.9000852108001709,1.243817925453186,0.0,-0.17665329575538635,-0.17665329575538635
628,20.933333333333334,24,0,0,,4,uneven rough,9,0.0,82.67689514160156,34.277259826660156,0.47172811627388,1.8349460363388062,0.46560394763946533,1.8349460363388062,0.46560394763946533,9.209630012512207,4.116457939147949,0.3333333432674408,0.011913280002772808,0.12616300582885742,0.9174730181694031,0.23280197381973267,-0.03620045632123947,0.4326218366622925,-0.2278580218553543,-0.4564983546733856,0.55060213804245,-0.1020938903093338,-0.02534031867980957,-0.02534031867980957,-0.023439178243279457,0.5602959394454956,-0.5184733867645264,0.0,-0.0019011404365301132,-0.0019011404365301132,0.21631091833114624,0.21631091833114624,0.27247607707977295,-1.5801079273223877,1.325307846069336,0.0,-0.05616515874862671,-0.05616515874862671,-0.11392901092767715,-0.11392901092767715,-0.06345879286527634,-0.2383853793144226,0.34282153844833374,0.0,-0.05047021806240082,-0.05047021806240082,-0.3195488452911377,-0.3195488452911377,-0.09469395130872726,-1.4369088411331177,1.2300411462783813,0.0,-0.22485489398241043,-0.22485489398241043,0.275301069021225,0.275301069021225,0.21663358807563782,0.46425244212150574,0.12100955098867416,0.0,0.05866748094558716,0.05866748094558716,-0.0510469451546669,-0.0510469451546669,-0.014491905458271503,1.632814645767212,0.757654070854187,0.0,-0.0365550396963954,-0.0365550396963954
629,20.966666666666665,4,0,0,,4,uneven rough,5,0.0,55.7413215637207,32.88655090332031,0.19572028517723083,1.4341356754302979,0.5347761511802673,1.4341356754302979,0.5347761511802673,8.067760467529297,4.480015754699707,0.3333333432674408,-0.41541382670402527,0.1251722127199173,0.7170678377151489,0.26738807559013367,-0.03925183415412903,0.36156943440437317,0.3095138967037201,0.4689280390739441,-0.02581591159105301,0.2512916326522827,-0.02747628279030323,-0.02747628279030323,0.1521785855293274,-1.5441166162490845,-1.6777265071868896,0.0,-0.17965486831963062,-0.17965486831963062,0.18078471720218658,0.18078471720218658,0.12784655392169952,1.9947038888931274,-1.4001774787902832,0.0,0.05293816328048706,0.05293816328048706,0.15475694835186005,0.15475694835186005,0.18845951557159424,-1.9186702966690063,1.5166585445404053,0.0,-0.03370256721973419,-0.03370256721973419,0.32824963331222534,0.32824963331222534,0.3740754723548889,-1.799697756767273,1.7515265941619873,0.0,-0.045825839042663574,-0.045825839042663574,-0.041305460035800934,-0.041305460035800934,0.020383911207318306,-1.868949294090271,-1.1364014148712158,0.0,-0.06168937124311924,-0.06168937124311924,0.12564581632614136,0.12564581632614136,0.07027736306190491,1.0626866817474365,0.6274319887161255,0.0,0.05536845326423645,0.05536845326423645
629,20.966666666666665,14,0,0,,4,uneven rough,5,0.0,55.05046844482422,35.787471771240234,0.2882693111896515,1.2894587516784668,-0.10192509740591049,1.2894587516784668,-0.10192509740591049,5.541833400726318,2.025996685028076,0.3333333432674408,-0.3518475890159607,0.1725788712501526,0.6447293758392334,-0.050962548702955246,0.8011189103126526,-0.10732614248991013,0.14260417222976685,0.018008386716246605,0.39162811636924744,-0.5410840511322021,0.5607832074165344,0.5607832074165344,0.2604263126850128,1.9998263120651245,-0.8700039386749268,0.0,0.3003568947315216,0.3003568947315216,-0.17172183096408844,-0.17172183096408844,0.19111348688602448,-1.9762777090072632,0.6138595342636108,0.0,-0.3628353178501129,-0.3628353178501129,0.07130208611488342,0.07130208611488342,0.07894771546125412,-1.683850884437561,-0.05267300084233284,0.0,-0.007645629346370697,-0.007645629346370697,0.012605870142579079,0.012605870142579079,0.13107632100582123,-1.9378068447113037,-0.3078289330005646,0.0,-0.11847045086324215,-0.11847045086324215,0.19581405818462372,0.19581405818462372,0.13740716874599457,1.9993177652359009,-0.05116826295852661,0.0,0.05840688943862915,0.05840688943862915,-0.2705420255661011,-0.2705420255661011,-0.02091541700065136,-1.567484736442566,0.03165122866630554,0.0,-0.24962660856544971,-0.24962660856544971
629,20.966666666666665,24,0,0,,4,uneven rough,9,0.0,82.72246551513672,34.26025390625,0.47384220361709595,1.6618720293045044,-0.47043082118034363,1.6618720293045044,-0.47043082118034363,8.304744720458984,5.444891929626465,0.5,-0.03263550251722336,0.09329357743263245,0.8309360146522522,-0.23521541059017181,-0.06703726202249527,0.4386777877807617,-0.1346283107995987,-0.326800137758255,0.4175264239311218,-0.26592323184013367,-0.04692608118057251,-0.04692608118057251,-0.02443552203476429,-0.5279810428619385,0.09146472066640854,0.0,-0.02249055914580822,-0.02249055914580822,0.21933889389038086,0.21933889389038086,0.21328651905059814,-0.8968726992607117,-0.3174194097518921,0.0,0.006052374839782715,0.006052374839782715,-0.06731415539979935,-0.06731415539979935,-0.0888904556632042,-0.5398682355880737,0.0142061123624444,0.0,0.021576300263404846,0.021576300263404846,-0.22876009345054626,-0.22876009345054626,-0.1552889198064804,-2.0012190341949463,-0.2778571546077728,0.0,-0.07347117364406586,-0.07347117364406586,0.2087632119655609,0.2087632119655609,0.20799294114112854,0.46498170495033264,0.3150796890258789,0.0,0.000770270824432373,0.000770270824432373,-0.13296161592006683,-0.13296161592006683,-0.015011688694357872,-0.5603534579277039,1.2524714469909668,0.0,-0.11794992722570896,-0.11794992722570896
630,21.0,4,0,0,,4,uneven rough,5,0.0,55.73660659790039,32.93505859375,0.19775627553462982,1.2531362771987915,0.7803577184677124,1.2531362771987915,0.7803577184677124,4.180951118469238,3.3333334922790527,0.1666666716337204,-0.5740292072296143,0.2256389856338501,0.6265681385993958,0.3901788592338562,0.1176726222038269,0.08819179236888885,0.6639100909233093,0.03175489977002144,0.11558622866868973,-0.09573519974946976,0.0823708325624466,0.0823708325624466,0.09314173460006714,-1.6682265996932983,-1.602183222770691,0.0,-0.010770902037620544,-0.010770902037620544,0.04409589618444443,0.04409589618444443,0.11421072483062744,-1.2162387371063232,0.5192945599555969,0.0,-0.07011482864618301,-0.07011482864618301,0.33195504546165466,0.33195504546165466,0.20024505257606506,-1.4306397438049316,-0.42568254470825195,0.0,0.1317099928855896,0.1317099928855896,0.022228429093956947,0.022228429093956947,0.3147004246711731,-1.1279196739196777,-0.2563420236110687,0.0,-0.29247199557721615,-0.29247199557721615,0.057793114334344864,0.057793114334344864,0.003268582047894597,-0.8181445002555847,-1.5505852699279785,0.0,0.05452453228645027,0.05452453228645027,-0.04786759987473488,-0.04786759987473488,0.04138350486755371,-2.038593292236328,0.8735257983207703,0.0,-0.08925110474228859,-0.08925110474228859
630,21.0,14,0,0,,4,uneven rough,5,0.0,55.04486083984375,35.82501983642578,0.2686390280723572,1.1078822612762451,-0.514245331287384,1.1078822612762451,-0.514245331287384,3.8373188972473145,0.9309920072555542,0.1666666716337204,-0.20135252177715302,0.11166004836559296,0.5539411306381226,-0.257122665643692,0.6366262435913086,-0.12669821083545685,0.814142107963562,0.29009532928466797,0.22976626455783844,-0.28304025530815125,0.44563835859298706,0.44563835859298706,0.3226623237133026,1.5493706464767456,0.7526032328605652,0.0,0.12297603487968445,0.12297603487968445,-0.2027171403169632,-0.2027171403169632,0.1251230537891388,-1.834303617477417,-0.8506087064743042,0.0,-0.327840194106102,-0.327840194106102,0.407071053981781,0.407071053981781,0.08279519528150558,-2.0193536281585693,-0.9749438762664795,0.0,0.3242758587002754,0.3242758587002754,0.20306672155857086,0.20306672155857086,0.15377169847488403,2.0052616596221924,-1.2294213771820068,0.0,0.04929502308368683,0.04929502308368683,0.11488313227891922,0.11488313227891922,0.15585671365261078,-0.8703221678733826,1.1081801652908325,0.0,-0.04097358137369156,-0.04097358137369156,-0.14152012765407562,-0.14152012765407562,-0.07027239352464676,-2.1197922229766846,-0.8725031018257141,0.0,-0.07124773412942886,-0.07124773412942886
630,21.0,24,0,0,,4,uneven rough,9,0.0,82.76183319091797,34.2340202331543,0.474174439907074,1.5997329950332642,-0.566333532333374,1.5997329950332642,-0.566333532333374,8.75806999206543,3.568676710128784,0.3333333432674408,-0.47391313314437866,0.1998477429151535,0.7998664975166321,-0.283166766166687,0.6703773736953735,0.15248219668865204,0.33018726110458374,-0.0405268594622612,0.42878615856170654,-0.3243064880371094,0.4692641496658325,0.4692641496658325,0.012385421432554722,1.5526403188705444,-0.25877103209495544,0.0,0.4568787282332778,0.4568787282332778,0.07624109834432602,0.07624109834432602,0.14730921387672424,-1.931814193725586,-0.6450433731079102,0.0,-0.07106811553239822,-0.07106811553239822,0.16509363055229187,0.16509363055229187,-0.02885175123810768,2.0000159740448,-0.29906851053237915,0.0,0.19394538179039955,0.19394538179039955,-0.02836880087852478,-0.02836880087852478,-0.13969732820987701,1.8391757011413574,-1.252249002456665,0.0,0.11132852733135223,0.11132852733135223,0.21439307928085327,0.21439307928085327,0.1829773336648941,-1.2341493368148804,0.3998345732688904,0.0,0.03141574561595917,0.03141574561595917,-0.1621532440185547,-0.1621532440185547,-0.063112773001194,-1.7158937454223633,0.22749698162078857,0.0,-0.09904047101736069,-0.09904047101736069
631,21.03333333333333,4,0,0,,4,uneven rough,5,0.0,55.73253631591797,32.986331939697266,0.20378398895263672,1.705686092376709,-0.6456851959228516,1.705686092376709,-0.6456851959228516,5.112100601196289,2.1346588134765625,0.5,-0.39075255393981934,0.12059974670410156,0.8528430461883545,-0.3228425979614258,0.5204238295555115,0.30695733428001404,0.24722667038440704,0.25659260153770447,-0.2552838921546936,-0.38376855850219727,0.36429667472839355,0.36429667472839355,0.14020279049873352,1.971656084060669,-1.639524221420288,0.0,0.22409388422966003,0.22409388422966003,0.15347866714000702,0.15347866714000702,0.14037171006202698,0.8483307361602783,-0.46197909116744995,0.0,0.013106957077980042,0.013106957077980042,0.12361333519220352,0.12361333519220352,0.13436982035636902,-1.6097517013549805,-0.9938871264457703,0.0,-0.010756485164165497,-0.010756485164165497,0.1796148121356964,0.1796148121356964,0.2445361316204071,-1.9665786027908325,-0.7491335868835449,0.0,-0.0649213194847107,-0.0649213194847107,-0.4084542393684387,-0.4084542393684387,-0.026763731613755226,-1.4962743520736694,-1.1364619731903076,0.0,-0.3816905077546835,-0.3816905077546835,-0.19188427925109863,-0.19188427925109863,-0.024510448798537254,-1.9440191984176636,-0.7729915380477905,0.0,-0.16737383045256138,-0.16737383045256138
631,21.03333333333333,14,0,0,,4,uneven rough,5,0.0,55.0403938293457,35.8659782409668,0.2675670385360718,1.662663459777832,0.3024035692214966,1.662663459777832,0.3024035692214966,3.3223304748535156,2.60756254196167,0.5,-0.0048692128621041775,0.2756135165691376,0.831331729888916,0.1512017846107483,0.003685442730784416,0.40049415826797485,0.778334379196167,0.8797309398651123,0.3880232870578766,0.6446638107299805,0.0025798098649829626,0.0025798098649829626,0.28935617208480835,-1.9120824337005615,1.2030969858169556,0.0,-0.2867763622198254,-0.2867763622198254,0.20024707913398743,0.20024707913398743,0.18607407808303833,1.3727569580078125,-1.4067915678024292,0.0,0.014173001050949097,0.014173001050949097,0.3891671895980835,0.3891671895980835,0.10821214318275452,1.545174479484558,-1.5654549598693848,0.0,0.280955046415329,0.280955046415329,0.6158116459846497,0.6158116459846497,0.22273066639900208,1.9267239570617676,0.5994741916656494,0.0,0.3930809795856476,0.3930809795856476,0.1940116435289383,0.1940116435289383,0.20810566842556,0.10399281233549118,-0.010468614287674427,0.0,-0.014094024896621704,-0.014094024896621704,0.32233190536499023,0.32233190536499023,-0.019133707508444786,1.8931890726089478,-1.5777225494384766,0.0,0.341465612873435,0.341465612873435
631,21.03333333333333,24,0,0,,4,uneven rough,9,0.0,82.80125427246094,34.20295333862305,0.47544586658477783,1.7405126094818115,0.7926933765411377,1.7405126094818115,0.7926933765411377,9.252891540527344,2.716423749923706,0.1666666716337204,-0.6244552135467529,0.15881606936454773,0.8702563047409058,0.39634668827056885,-0.4478014409542084,0.32784631848335266,0.4732402563095093,0.4133121371269226,0.2456347644329071,0.4567211866378784,-0.3134610056877136,-0.3134610056877136,-0.03179166093468666,-1.9708203077316284,0.7654041647911072,0.0,-0.28166934475302696,-0.28166934475302696,0.16392315924167633,0.16392315924167633,0.15312235057353973,0.8615654110908508,-1.3725858926773071,0.0,0.010800808668136597,0.010800808668136597,0.23662012815475464,0.23662012815475464,0.03783506155014038,2.000000476837158,1.000838041305542,0.0,0.19878506660461426,0.19878506660461426,0.2893185019493103,0.2893185019493103,-0.06927289813756943,1.9980323314666748,0.4956480860710144,0.0,0.35859140008687973,0.35859140008687973,0.12281738221645355,0.12281738221645355,0.14165809750556946,-1.5024371147155762,-0.5240228772163391,0.0,-0.018840715289115906,-0.018840715289115906,0.2283605933189392,0.2283605933189392,-0.005322414916008711,1.9960625171661377,-0.8712996244430542,0.0,0.23368300823494792,0.23368300823494792
632,21.066666666666666,4,0,0,,4,uneven rough,5,0.0,55.72927474975586,33.03748321533203,0.210569828748703,1.3859617710113525,-0.5078580975532532,1.3859617710113525,-0.5078580975532532,6.408598899841309,0.720986545085907,0.1666666716337204,-0.41652029752731323,0.02276451699435711,0.6929808855056763,-0.2539290487766266,0.3047543466091156,0.4171745777130127,0.0019411382963880897,-0.04325506463646889,-0.17190021276474,-0.497688889503479,0.2133280336856842,0.2133280336856842,0.2055944949388504,1.567050576210022,0.40224358439445496,0.0,0.007733538746833801,0.007733538746833801,0.20858728885650635,0.20858728885650635,0.19542062282562256,1.398545265197754,0.27887243032455444,0.0,0.013166666030883789,0.013166666030883789,0.0009705691481940448,0.0009705691481940448,0.06716568022966385,-1.9754667282104492,-1.3420981168746948,0.0,-0.0661951110814698,-0.0661951110814698,-0.03027854487299919,-0.03027854487299919,0.18107111752033234,-1.132159948348999,-1.4374791383743286,0.0,-0.21134966239333153,-0.21134966239333153,-0.2750403583049774,-0.2750403583049774,-0.07665630429983139,-1.9388638734817505,-1.3399004936218262,0.0,-0.19838405400514603,-0.19838405400514603,-0.2488444447517395,-0.2488444447517395,-0.08723555505275726,-0.808421790599823,-1.4350926876068115,0.0,-0.16160888969898224,-0.16160888969898224
632,21.066666666666666,14,0,0,,4,uneven rough,5,0.0,55.03838348388672,35.90696716308594,0.27607622742652893,1.651232123374939,0.49959009885787964,1.651232123374939,0.49959009885787964,7.013970851898193,3.9649553298950195,0.3333333432674408,-0.017537683248519897,0.2537496089935303,0.8256160616874695,0.24979504942893982,0.1624303013086319,0.5170958042144775,0.47606953978538513,0.534051775932312,0.2619355022907257,0.33953171968460083,0.11370120942592621,0.11370120942592621,0.2278260737657547,-1.5682350397109985,-0.5582310557365417,0.0,-0.11412486433982849,-0.11412486433982849,0.25854790210723877,0.25854790210723877,0.2174554020166397,1.1345921754837036,0.16477014124393463,0.0,0.04109250009059906,0.04109250009059906,0.23803476989269257,0.23803476989269257,0.16767427325248718,1.852005958557129,0.1933005005121231,0.0,0.07036049664020538,0.07036049664020538,0.3738362491130829,0.3738362491130829,0.28973472118377686,1.8734281063079834,1.3499035835266113,0.0,0.08410152792930603,0.08410152792930603,0.13096775114536285,0.13096775114536285,0.16613219678401947,-1.047353744506836,0.054248079657554626,0.0,-0.035164445638656616,-0.035164445638656616,0.16976585984230042,0.16976585984230042,0.03837190568447113,1.569702386856079,0.384737104177475,0.0,0.13139395415782928,0.13139395415782928
632,21.066666666666666,24,0,0,,4,uneven rough,9,0.0,82.84400939941406,34.1748046875,0.4768482446670532,1.239100694656372,0.36271095275878906,1.239100694656372,0.36271095275878906,6.565757751464844,0.0,0.0,-0.6473530530929565,0.03385887295007706,0.619550347328186,0.18135547637939453,-0.2678218483924866,0.6827528476715088,-0.1913665235042572,0.05627670884132385,0.00633163470774889,0.22958461940288544,-0.1874752938747406,-0.1874752938747406,-0.09897323697805405,-1.9993724822998047,-0.7816620469093323,0.0,-0.08850205689668655,-0.08850205689668655,0.3413764238357544,0.3413764238357544,0.21637827157974243,1.951626181602478,-0.10939271748065948,0.0,0.12499815225601196,0.12499815225601196,-0.0956832617521286,-0.0956832617521286,-0.014268414117395878,-1.9999995231628418,1.5657663345336914,0.0,-0.08141484763473272,-0.08141484763473272,0.039393696933984756,0.039393696933984756,-0.002456988673657179,1.9999769926071167,1.345098853111267,0.0,0.041850685607641935,0.041850685607641935,0.003165817353874445,0.003165817353874445,0.08260035514831543,-2.0000016689300537,-1.07722008228302,0.0,-0.07943453779444098,-0.07943453779444098,0.11479230970144272,0.11479230970144272,0.060586392879486084,2.000000238418579,0.7499120831489563,0.0,0.054205916821956635,0.054205916821956635
633,21.1,4,0,0,,4,uneven rough,5,0.0,55.723167419433594,33.09291076660156,0.20946088433265686,1.1795711517333984,-0.6324662566184998,1.1795711517333984,-0.6324662566184998,3.3100171089172363,0.597125232219696,0.1666666716337204,-0.2628518044948578,0.03696637600660324,0.5897855758666992,-0.3162331283092499,0.27586454153060913,0.5874257683753967,0.22111165523529053,-0.08574932813644409,-0.032159969210624695,-0.6138874292373657,0.19310517609119415,0.19310517609119415,0.2311059981584549,-0.40117165446281433,1.0608274936676025,0.0,-0.03800082206726074,-0.03800082206726074,0.29371288418769836,0.29371288418769836,0.26118913292884827,1.3892860412597656,0.9119374752044678,0.0,0.0325237512588501,0.0325237512588501,0.11055582761764526,0.11055582761764526,0.06915491074323654,0.7332701683044434,-1.7002058029174805,0.0,0.04140091687440872,0.04140091687440872,-0.060024529695510864,-0.060024529695510864,0.13309939205646515,-0.8133266568183899,-1.2648510932922363,0.0,-0.193123921751976,-0.193123921751976,-0.05145595222711563,-0.05145595222711563,-0.04624161869287491,1.8901803493499756,-1.6785554885864258,0.0,-0.005214333534240723,-0.005214333534240723,-0.30694371461868286,-0.30694371461868286,-0.12655112147331238,-1.406341314315796,-1.080771803855896,0.0,-0.18039259314537048,-0.18039259314537048
633,21.1,14,0,0,,4,uneven rough,5,0.0,55.019744873046875,35.943756103515625,0.28097063302993774,1.5101065635681152,0.08870244026184082,1.5101065635681152,0.08870244026184082,9.018547058105469,7.266207695007324,0.4929714798927307,0.10148732364177704,0.22390316426753998,0.7550532817840576,0.04435122013092041,-0.19598306715488434,0.4816139340400696,0.278654545545578,0.2524837851524353,0.4137708246707916,-0.31756824254989624,-0.1371881514787674,-0.1371881514787674,0.17983289062976837,-1.1971648931503296,-1.129289150238037,0.0,-0.31702104210853577,-0.31702104210853577,0.2408069670200348,0.2408069670200348,0.25402048230171204,-0.5047177672386169,0.7131092548370361,0.0,-0.013213515281677246,-0.013213515281677246,0.139327272772789,0.139327272772789,0.127740278840065,-0.2131684273481369,1.1311355829238892,0.0,0.011586993932723999,0.011586993932723999,0.1767386496067047,0.1767386496067047,0.26811185479164124,-1.9998242855072021,1.6459052562713623,0.0,-0.09137320518493652,-0.09137320518493652,0.2068854123353958,0.2068854123353958,0.18407149612903595,1.1670610904693604,-0.5685995817184448,0.0,0.022813916206359863,0.022813916206359863,-0.15878412127494812,-0.15878412127494812,0.007923402823507786,-1.9472041130065918,1.0547186136245728,0.0,-0.1667075240984559,-0.1667075240984559
633,21.1,24,0,0,,4,uneven rough,9,0.0,82.8908920288086,34.154022216796875,0.47137197852134705,1.4383517503738403,-0.3067242503166199,1.4383517503738403,-0.3067242503166199,7.536313533782959,0.0,0.0,-0.5975692868232727,0.0656653568148613,0.7191758751869202,-0.15336212515830994,-0.3354041874408722,0.586867094039917,-0.1210808977484703,-0.3700054883956909,0.48541155457496643,-0.16457468271255493,-0.23478293418884277,-0.23478293418884277,-0.15913327038288116,-1.8608169555664062,-1.4701577425003052,0.0,-0.07564966380596161,-0.07564966380596161,0.2934335470199585,0.2934335470199585,0.2754474878311157,1.2295640707015991,1.0559110641479492,0.0,0.017986059188842773,0.017986059188842773,-0.06054044887423515,-0.06054044887423515,-0.039028722792863846,0.5464888215065002,-0.45032408833503723,0.0,-0.021511726081371307,-0.021511726081371307,-0.2590038478374481,-0.2590038478374481,-0.02025757171213627,-1.8008123636245728,1.7153681516647339,0.0,-0.23874627612531185,-0.23874627612531185,0.24270577728748322,0.24270577728748322,0.1406421661376953,2.0032660961151123,-1.598962426185608,0.0,0.1020636111497879,0.1020636111497879,-0.08228734135627747,-0.08228734135627747,0.0020509776659309864,-2.0190329551696777,1.456714153289795,0.0,-0.08433831902220845,-0.08433831902220845
634,21.133333333333333,4,0,0,,4,uneven rough,5,0.0,55.72425842285156,33.14462661743164,0.19888778030872345,1.6969033479690552,1.3478376865386963,1.6969033479690552,1.3478376865386963,4.380360126495361,4.568543910980225,0.5,0.14473526179790497,0.19298145174980164,0.8484516739845276,0.6739188432693481,0.8347882628440857,0.19299939274787903,-0.3227922320365906,0.4097477197647095,0.379291832447052,-0.19339622557163239,0.5843517780303955,0.5843517780303955,0.26797667145729065,1.636693000793457,0.2342105656862259,0.0,0.31637510657310486,0.31637510657310486,0.09649969637393951,0.09649969637393951,0.19795413315296173,-1.9286954402923584,1.1818312406539917,0.0,-0.10145443677902222,-0.10145443677902222,-0.1613961160182953,-0.1613961160182953,0.047556549310684204,0.11850720643997192,-0.3243141174316406,0.0,-0.2089526653289795,-0.2089526653289795,0.2868233919143677,0.2868233919143677,0.15544091165065765,1.4178078174591064,-1.0095583200454712,0.0,0.13138248026371002,0.13138248026371002,0.189645916223526,0.189645916223526,-0.008313631638884544,0.3509395122528076,0.33921417593955994,0.0,0.19795954786241055,0.19795954786241055,-0.09669811278581619,-0.09669811278581619,-0.12812572717666626,1.1052979230880737,-1.2648494243621826,0.0,0.03142761439085007,0.03142761439085007
634,21.133333333333333,14,0,0,,4,uneven rough,5,0.0,55.00635528564453,35.979557037353516,0.2855015993118286,1.5804383754730225,0.33912235498428345,1.5804383754730225,0.33912235498428345,3.7032299041748047,2.1760125160217285,0.3333333432674408,0.40682682394981384,0.24075822532176971,0.7902191877365112,0.16956117749214172,0.7897437810897827,0.03297200798988342,0.30151405930519104,0.12172314524650574,0.0661572813987732,-0.4075913727283478,0.55282062292099,0.55282062292099,0.22784312069416046,1.9608421325683594,-1.1676661968231201,0.0,0.32497750222682953,0.32497750222682953,0.01648600399494171,0.01648600399494171,0.19328060746192932,-1.6466623544692993,0.02454765886068344,0.0,-0.1767946034669876,-0.1767946034669876,0.15075702965259552,0.15075702965259552,0.13312825560569763,0.4213133454322815,0.3710636794567108,0.0,0.017628774046897888,0.017628774046897888,0.08520620316267014,0.08520620316267014,0.19868557155132294,-1.8592100143432617,-0.4153967499732971,0.0,-0.1134793683886528,-0.1134793683886528,0.0330786406993866,0.0330786406993866,0.1221204474568367,-1.9449907541275024,0.4127460718154907,0.0,-0.0890418067574501,-0.0890418067574501,-0.2037956863641739,-0.2037956863641739,-0.02808721736073494,-0.9954195618629456,-0.642573893070221,0.0,-0.17570846900343895,-0.17570846900343895
634,21.133333333333333,24,0,0,,4,uneven rough,9,0.0,82.92909240722656,34.13141632080078,0.46882063150405884,1.5709646940231323,0.5423150062561035,1.5709646940231323,0.5423150062561035,5.515925407409668,4.960756301879883,0.3333333432674408,-0.3377833366394043,0.217699334025383,0.7854823470115662,0.27115750312805176,0.7060695886611938,0.19171041250228882,0.017979376018047333,-0.18326513469219208,0.3782796561717987,-0.5251976847648621,0.49424871802330017,0.49424871802330017,-0.1376177966594696,1.2835774421691895,-1.6910371780395508,0.0,0.6318665146827698,0.6318665146827698,0.09585520625114441,0.09585520625114441,0.22715598344802856,-0.8138619661331177,1.1540948152542114,0.0,-0.13130077719688416,-0.13130077719688416,0.008989688009023666,0.008989688009023666,-0.011738317087292671,1.9589927196502686,0.11327571421861649,0.0,0.020728005096316338,0.020728005096316338,-0.12828558683395386,-0.12828558683395386,-0.09049057960510254,-1.9337120056152344,-0.272686630487442,0.0,-0.03779500722885132,-0.03779500722885132,0.18913982808589935,0.18913982808589935,0.14092883467674255,0.8650549650192261,0.4377440810203552,0.0,0.0482109934091568,0.0482109934091568,-0.26259884238243103,-0.26259884238243103,-0.037298835813999176,-0.004415400326251984,-0.5084794759750366,0.0,-0.22530000656843185,-0.22530000656843185
635,21.166666666666668,4,0,0,,4,uneven rough,5,0.0,55.72971725463867,33.193389892578125,0.2046571969985962,1.9331551790237427,-0.06266342848539352,1.8856874704360962,-0.06266342848539352,5.582425117492676,5.206790924072266,0.5,0.37820738554000854,0.2140347808599472,0.9665775895118713,-0.03133171424269676,0.3123074769973755,0.34693992137908936,0.2623624801635742,0.31748315691947937,-0.10678184777498245,0.17036697268486023,0.21861523389816284,0.21861523389816284,0.2526688277721405,-1.3441331386566162,1.0271766185760498,0.0,-0.03405359387397766,-0.03405359387397766,0.17346996068954468,0.17346996068954468,0.15369024872779846,-0.6135905385017395,-0.576866090297699,0.0,0.019779711961746216,0.019779711961746216,0.1311812400817871,0.1311812400817871,0.11272207647562027,1.7711905241012573,-0.0739421397447586,0.0,0.01845916360616684,0.01845916360616684,0.2222382128238678,0.2222382128238678,0.22297358512878418,1.9402122497558594,0.36287885904312134,0.0,-0.0007353723049163818,-0.0007353723049163818,-0.1708509624004364,-0.1708509624004364,-0.05714164301753044,-1.431138277053833,0.34584370255470276,0.0,-0.11370931938290596,-0.11370931938290596,0.08518348634243011,0.08518348634243011,-0.07833247631788254,2.007507801055908,0.07523615658283234,0.0,0.16351596266031265,0.16351596266031265
635,21.166666666666668,14,0,0,,4,uneven rough,5,0.0,54.986717224121094,36.0121955871582,0.29599377512931824,1.7260024547576904,-0.4599962532520294,1.7260024547576904,-0.4599962532520294,5.624508857727051,5.561358451843262,0.3333333432674408,0.32614952325820923,0.11255781352519989,0.8630012273788452,-0.2299981266260147,0.06571432948112488,0.22147168219089508,0.43102604150772095,0.0579904280602932,0.09235179424285889,-0.3288711607456207,0.046000029891729355,0.046000029891729355,0.21576270461082458,-1.460448145866394,0.6011980175971985,0.0,-0.16976267471909523,-0.16976267471909523,0.11073584109544754,0.11073584109544754,0.12893979251384735,-1.5425293445587158,-0.9203574657440186,0.0,-0.01820395141839981,-0.01820395141839981,0.21551302075386047,0.21551302075386047,0.16691012680530548,0.8189808130264282,0.39947494864463806,0.0,0.04860289394855499,0.04860289394855499,0.04059330001473427,0.04059330001473427,0.14877356588840485,-1.6844464540481567,-1.2317314147949219,0.0,-0.10818026587367058,-0.10818026587367058,0.04617589712142944,0.04617589712142944,0.0602077879011631,-0.927198052406311,-0.9203225374221802,0.0,-0.014031890779733658,-0.014031890779733658,-0.16443558037281036,-0.16443558037281036,-0.06403019279241562,-0.7135628461837769,-0.8420735001564026,0.0,-0.10040538758039474,-0.10040538758039474
635,21.166666666666668,24,0,0,,4,uneven rough,9,0.0,82.96747589111328,34.10258865356445,0.4791635274887085,1.6357717514038086,-0.1369437724351883,1.6357717514038086,-0.1369437724351883,8.026328086853027,4.223700523376465,0.5,-0.20013746619224548,0.036207206547260284,0.8178858757019043,-0.06847188621759415,0.3767506182193756,0.7953307628631592,-0.3180640935897827,-0.3172011971473694,0.14177305996418,0.12065593153238297,0.2637254297733307,0.2637254297733307,-0.08047451078891754,1.881622552871704,-0.009184766560792923,0.0,0.34419994056224823,0.34419994056224823,0.3976653814315796,0.3976653814315796,0.274101585149765,0.6201522350311279,0.04140852764248848,0.0,0.12356379628181458,0.12356379628181458,-0.15903204679489136,-0.15903204679489136,-0.02813214436173439,-0.19394059479236603,1.156847357749939,0.0,-0.13089990243315697,-0.13089990243315697,-0.2220408320426941,-0.2220408320426941,-0.1559101641178131,-1.2494641542434692,-1.2118333578109741,0.0,-0.06613066792488098,-0.06613066792488098,0.07088652998209,0.07088652998209,0.12297998368740082,-1.3916653394699097,0.6793464422225952,0.0,-0.05209345370531082,-0.05209345370531082,0.06032796576619148,0.06032796576619148,0.003723908681422472,-0.24635732173919678,-0.22348074615001678,0.0,0.05660405708476901,0.05660405708476901
636,21.2,4,0,0,,4,uneven rough,5,0.0,55.72831726074219,33.2437629699707,0.22182665765285492,1.7519679069519043,-0.7835235595703125,1.7519679069519043,-0.7835235595703125,8.2946138381958,3.864551305770874,0.5,0.3383632302284241,0.12253548949956894,0.8759839534759521,-0.39176177978515625,0.2241872251033783,0.7144948244094849,-0.042713940143585205,0.43642082810401917,-0.202758327126503,0.0503440722823143,0.1569310575723648,0.1569310575723648,0.1859404444694519,-1.9927703142166138,-0.3135661780834198,0.0,-0.029009386897087097,-0.029009386897087097,0.35724741220474243,0.35724741220474243,0.21031813323497772,1.527862548828125,-0.5976301431655884,0.0,0.1469292789697647,0.1469292789697647,-0.021356970071792603,-0.021356970071792603,0.10137952864170074,-0.7059392929077148,0.9692991971969604,0.0,-0.12273649871349335,-0.12273649871349335,0.3054945766925812,0.3054945766925812,0.28411665558815,1.477223515510559,1.2547060251235962,0.0,0.021377921104431152,0.021377921104431152,-0.32441332936286926,-0.32441332936286926,-0.10728122293949127,-1.9554283618927002,-0.6588650941848755,0.0,-0.217132106423378,-0.217132106423378,0.02517203614115715,0.02517203614115715,-0.052827801555395126,0.6552417874336243,1.1677460670471191,0.0,0.07799983769655228,0.07799983769655228
636,21.2,14,0,0,,4,uneven rough,5,0.0,54.965057373046875,36.04867935180664,0.30857518315315247,1.5567635297775269,-0.0447995588183403,1.5567635297775269,-0.0447995588183403,5.3454999923706055,3.6625173091888428,0.3333333432674408,0.3011195659637451,0.20640665292739868,0.7783817648887634,-0.02239977940917015,0.7671982049942017,0.25814878940582275,0.20191116631031036,0.08828137814998627,0.0630812868475914,-0.3288896083831787,0.5370387434959412,0.5370387434959412,0.256234735250473,1.9890034198760986,-0.5644603967666626,0.0,0.28080400824546814,0.28080400824546814,0.12907439470291138,0.12907439470291138,0.1314122974872589,1.1299924850463867,-1.27213454246521,0.0,-0.002337902784347534,-0.002337902784347534,0.10095558315515518,0.10095558315515518,0.11774774640798569,-1.6013455390930176,0.6366643309593201,0.0,-0.016792163252830505,-0.016792163252830505,0.06179696321487427,0.06179696321487427,0.08064449578523636,-1.9357678890228271,-1.4876972436904907,0.0,-0.01884753257036209,-0.01884753257036209,0.0315406434237957,0.0315406434237957,0.020464550703763962,-0.7776110768318176,-0.9242099523544312,0.0,0.011076092720031738,0.011076092720031738,-0.16444480419158936,-0.16444480419158936,-0.12294266372919083,-1.9773017168045044,-0.7694133520126343,0.0,-0.04150214046239853,-0.04150214046239853
636,21.2,24,0,0,,4,uneven rough,9,0.0,82.99700164794922,34.06619644165039,0.4775373637676239,1.8362295627593994,0.28271037340164185,1.8362295627593994,0.28271037340164185,10.336912155151367,5.409641265869141,0.5,0.12986557185649872,0.039494454860687256,0.9181147813796997,0.14135518670082092,0.19613288342952728,0.18978004157543182,0.2277141660451889,0.2540898621082306,0.7675491571426392,0.25592750310897827,0.1372930109500885,0.1372930109500885,-0.014407183974981308,1.9995341300964355,1.0598810911178589,0.0,0.1517001949250698,0.1517001949250698,0.09489002078771591,0.09489002078771591,0.22034788131713867,-1.9999916553497314,0.3686312437057495,0.0,-0.12545786052942276,-0.12545786052942276,0.11385708302259445,0.11385708302259445,0.037542592734098434,2.0000014305114746,0.39310944080352783,0.0,0.07631449028849602,0.07631449028849602,0.17786289751529694,0.17786289751529694,-0.11968829482793808,1.8772320747375488,-1.233109951019287,0.0,0.297551192343235,0.297551192343235,0.3837745785713196,0.3837745785713196,0.11840854585170746,1.4711970090866089,-0.49160730838775635,0.0,0.2653660327196121,0.2653660327196121,0.12796375155448914,0.12796375155448914,0.0660112276673317,1.9999024868011475,-0.23641520738601685,0.0,0.06195252388715744,0.06195252388715744
637,21.233333333333334,4,0,0,,4,uneven rough,5,0.0,55.7239875793457,33.300594329833984,0.23033306002616882,1.5783207416534424,-0.5445626974105835,1.5783207416534424,-0.5445626974105835,8.64419937133789,5.195799827575684,0.3333333432674408,0.37659311294555664,0.10205179452896118,0.7891603708267212,-0.27228134870529175,0.29413166642189026,0.6816489696502686,-0.13824380934238434,0.22766800224781036,0.10098271816968918,-0.006330364383757114,0.2058921605348587,0.2058921605348587,0.2031213790178299,0.813777506351471,-1.262991189956665,0.0,0.0027707815170288086,0.0027707815170288086,0.3408244848251343,0.3408244848251343,0.2758808732032776,1.944333791732788,0.6041272282600403,0.0,0.06494361162185669,0.06494361162185669,-0.06912190467119217,-0.06912190467119217,0.05621812492609024,-1.1911026239395142,0.022116366773843765,0.0,-0.1253400295972824,-0.1253400295972824,0.1593676060438156,0.1593676060438156,0.22906427085399628,-1.972735047340393,1.380517840385437,0.0,-0.06969666481018066,-0.06969666481018066,0.05049135908484459,0.05049135908484459,-0.06965836137533188,1.981884241104126,-1.3919442892074585,0.0,0.12014972046017647,0.12014972046017647,-0.003165182191878557,-0.003165182191878557,-0.03576570004224777,1.1666313409805298,0.8779752254486084,0.0,0.032600517850369215,0.032600517850369215
637,21.233333333333334,14,0,0,,4,uneven rough,5,0.0,54.95358657836914,36.088905334472656,0.32069674134254456,1.1734652519226074,-0.3128218352794647,1.1734652519226074,-0.3128218352794647,6.09326171875,0.0,0.0,0.14835813641548157,0.12950974702835083,0.5867326259613037,-0.15641091763973236,0.3404787480831146,0.32866936922073364,0.3823493421077728,0.24852806329727173,-0.049038734287023544,-0.3966180086135864,0.23833511769771576,0.23833511769771576,0.23516401648521423,-0.8633028864860535,0.8792726397514343,0.0,0.003171101212501526,0.003171101212501526,0.16433468461036682,0.16433468461036682,0.15456782281398773,0.2314530313014984,0.08603236079216003,0.0,0.00976686179637909,0.00976686179637909,0.1911746710538864,0.1911746710538864,0.1329602152109146,0.6736493110656738,-0.6287104487419128,0.0,0.0582144558429718,0.0582144558429718,0.17396964132785797,0.17396964132785797,0.12955091893672943,1.985969066619873,-1.741037130355835,0.0,0.04441872239112854,0.04441872239112854,-0.07846197485923767,-0.07846197485923767,-0.03567316383123398,-1.6383702754974365,-0.8413227200508118,0.0,-0.04278881102800369,-0.04278881102800369,-0.1983090043067932,-0.1983090043067932,-0.14416684210300446,0.4808320105075836,-1.4523556232452393,0.0,-0.05414216220378876,-0.05414216220378876
637,21.233333333333334,24,0,0,,4,uneven rough,9,0.0,83.03218078613281,34.03154754638672,0.47261857986450195,1.4471213817596436,1.1234796047210693,1.4471213817596436,1.1234796047210693,7.582762718200684,0.0,0.0,0.39559516310691833,0.23685678839683533,0.7235606908798218,0.5617398023605347,-0.7569953799247742,0.8217872381210327,0.1384696364402771,0.587598979473114,0.2967352867126465,0.40301504731178284,-0.5298967361450195,-0.5298967361450195,-0.04678025841712952,-1.9612540006637573,1.5911625623703003,0.0,-0.48311647772789,-0.48311647772789,0.41089361906051636,0.41089361906051636,0.2622484564781189,0.9902027249336243,-0.9705923795700073,0.0,0.14864516258239746,0.14864516258239746,0.06923481822013855,0.06923481822013855,0.08654507249593735,0.10568619519472122,1.3016490936279297,0.0,-0.017310254275798798,-0.017310254275798798,0.4113192856311798,0.4113192856311798,-0.04852917045354843,1.971837043762207,0.5254830121994019,0.0,0.45984845608472824,0.45984845608472824,0.14836764335632324,0.14836764335632324,0.18058951199054718,-0.07459060102701187,0.6181657910346985,0.0,-0.03222186863422394,-0.03222186863422394,0.20150752365589142,0.20150752365589142,0.1250663548707962,1.3201948404312134,1.0280028581619263,0.0,0.07644116878509521,0.07644116878509521
638,21.266666666666666,4,0,0,,4,uneven rough,5,0.0,55.72035217285156,33.35487365722656,0.2179463505744934,1.5474750995635986,0.22088992595672607,1.5474750995635986,0.22088992595672607,6.652667999267578,3.3333334922790527,0.1666666716337204,0.5825394988059998,0.1379299759864807,0.7737375497817993,0.11044496297836304,0.79414302110672,0.4145916998386383,-0.3455917537212372,0.19401338696479797,0.5647757053375244,-0.4197232127189636,0.5559000968933105,0.5559000968933105,0.26745831966400146,1.9996246099472046,-0.0887824296951294,0.0,0.2884417772293091,0.2884417772293091,0.20729584991931915,0.20729584991931915,0.22979524731636047,-2.0000061988830566,1.3618824481964111,0.0,-0.02249939739704132,-0.02249939739704132,-0.1727958768606186,-0.1727958768606186,-0.010188995860517025,-1.8972095251083374,-0.6638398170471191,0.0,-0.16260688100010157,-0.16260688100010157,0.13580936193466187,0.13580936193466187,0.16091212630271912,-2.0032711029052734,-0.5154173374176025,0.0,-0.02510276436805725,-0.02510276436805725,0.2823878526687622,0.2823878526687622,-0.03342420235276222,1.553651213645935,0.5156244039535522,0.0,0.31581205502152443,0.31581205502152443,-0.2098616063594818,-0.2098616063594818,-0.09174761921167374,-2.01138973236084,1.0411819219589233,0.0,-0.11811398714780807,-0.11811398714780807
638,21.266666666666666,14,0,0,,4,uneven rough,5,0.0,54.93832015991211,36.1302375793457,0.32360926270484924,1.3303625583648682,0.06721970438957214,1.3303625583648682,0.06721970438957214,5.684008598327637,0.35190463066101074,0.3333333432674408,-0.19930683076381683,0.0810769647359848,0.6651812791824341,0.03360985219478607,0.21321676671504974,0.5543062090873718,0.1676170378923416,0.5297186374664307,0.17205464839935303,-0.04150296002626419,0.14925172924995422,0.14925172924995422,0.17155799269676208,-1.9840278625488281,-0.10598267614841461,0.0,-0.02230626344680786,-0.02230626344680786,0.2771531045436859,0.2771531045436859,0.2207360714673996,1.993976354598999,0.16825346648693085,0.0,0.056417033076286316,0.056417033076286316,0.0838085189461708,0.0838085189461708,0.09247604012489319,-1.7817634344100952,0.10764610767364502,0.0,-0.008667521178722382,-0.008667521178722382,0.37080302834510803,0.37080302834510803,0.19803108274936676,1.9981633424758911,0.36621883511543274,0.0,0.17277194559574127,0.17277194559574127,0.08602732419967651,0.08602732419967651,0.022190626710653305,2.0000007152557373,-1.2919747829437256,0.0,0.06383669748902321,0.06383669748902321,-0.020751480013132095,-0.020751480013132095,-0.08163657039403915,1.9999996423721313,-0.35932785272598267,0.0,0.06088509038090706,0.06088509038090706
638,21.266666666666666,24,0,0,,4,uneven rough,9,0.0,83.07284545898438,34.00720977783203,0.47936302423477173,1.3546438217163086,-0.25397002696990967,1.3546438217163086,-0.25397002696990967,6.039994716644287,2.475024700164795,0.3333333432674408,0.6547014713287354,0.10223755240440369,0.6773219108581543,-0.12698501348495483,-0.4257662296295166,0.5700833797454834,-0.16664589941501617,0.006719853263348341,-0.05450829491019249,0.3208640515804291,-0.2980363667011261,-0.2980363667011261,-0.11474169045686722,-1.8008612394332886,-0.41738012433052063,0.0,-0.18329467624425888,-0.18329467624425888,0.2850416898727417,0.2850416898727417,0.2736395299434662,0.45865750312805176,0.13804467022418976,0.0,0.011402159929275513,0.011402159929275513,-0.08332294970750809,-0.08332294970750809,0.04957104101777077,-0.4316224455833435,0.625449538230896,0.0,-0.13289399072527885,-0.13289399072527885,0.004703897051513195,0.004703897051513195,0.0051827505230903625,0.8778090476989746,1.3432542085647583,0.0,-0.0004788534715771675,-0.0004788534715771675,-0.08721327036619186,-0.08721327036619186,0.131717249751091,-1.1543391942977905,0.22648009657859802,0.0,-0.21893052011728287,-0.21893052011728287,0.16043202579021454,0.16043202579021454,0.09800846129655838,-0.09469668567180634,1.1932086944580078,0.0,0.06242356449365616,0.06242356449365616
639,21.3,4,0,0,,4,uneven rough,5,0.0,55.725135803222656,33.41029739379883,0.19149084389209747,1.4220690727233887,-0.12456490844488144,1.4220690727233887,-0.12456490844488144,4.942836761474609,3.2951877117156982,0.1666666716337204,0.612978458404541,0.26874202489852905,0.7110345363616943,-0.06228245422244072,0.6935978531837463,0.40140801668167114,0.6130169034004211,0.3029279112815857,0.03224659711122513,-0.27633076906204224,0.4855184853076935,0.4855184853076935,0.3261887729167938,1.9795361757278442,1.0920066833496094,0.0,0.15932971239089966,0.15932971239089966,0.20070400834083557,0.20070400834083557,0.17624294757843018,-1.864829659461975,-0.5389354228973389,0.0,0.024461060762405396,0.024461060762405396,0.30650845170021057,0.30650845170021057,0.04783519729971886,1.787901520729065,-1.3611892461776733,0.0,0.2586732544004917,0.2586732544004917,0.21204952895641327,0.21204952895641327,0.18130621314048767,1.9139684438705444,-1.3566524982452393,0.0,0.030743315815925598,0.030743315815925598,0.016123298555612564,0.016123298555612564,0.03783506900072098,1.9793989658355713,1.1025266647338867,0.0,-0.021711770445108414,-0.021711770445108414,-0.13816538453102112,-0.13816538453102112,-0.1436118334531784,-0.3085848391056061,-0.684747576713562,0.0,0.005446448922157288,0.005446448922157288
639,21.3,14,0,0,,4,uneven rough,5,0.0,54.932559967041016,36.173805236816406,0.3084576427936554,1.3876590728759766,1.0300782918930054,1.3876590728759766,1.0300782918930054,7.029384613037109,0.0,0.0,-0.2991519570350647,0.14367303252220154,0.6938295364379883,0.5150391459465027,0.6852508187294006,0.40982478857040405,-0.18708959221839905,0.5913221836090088,0.4029758870601654,0.10740002244710922,0.4796755611896515,0.4796755611896515,0.19894954562187195,1.8530813455581665,-1.1678327322006226,0.0,0.28072601556777954,0.28072601556777954,0.20491239428520203,0.20491239428520203,0.20710156857967377,-1.3312430381774902,1.2005205154418945,0.0,-0.0021891742944717407,-0.0021891742944717407,-0.09354479610919952,-0.09354479610919952,0.029583824798464775,-1.8950581550598145,-0.960629403591156,0.0,-0.1231286209076643,-0.1231286209076643,0.41392552852630615,0.41392552852630615,0.2581579089164734,1.9630430936813354,1.2889231443405151,0.0,0.15576761960983276,0.15576761960983276,0.2014879435300827,0.2014879435300827,0.07875175774097443,1.9993175268173218,0.5693140625953674,0.0,0.12273618578910828,0.12273618578910828,0.05370001122355461,0.05370001122355461,-0.02642013691365719,1.9617795944213867,0.9746401309967041,0.0,0.0801201481372118,0.0801201481372118
639,21.3,24,0,0,,4,uneven rough,9,0.0,83.11466979980469,33.98384094238281,0.48501989245414734,1.531769037246704,0.09334249049425125,1.531769037246704,0.09334249049425125,6.112346649169922,1.9034746885299683,0.3333333432674408,0.8240026235580444,0.04827431961894035,0.765884518623352,0.046671245247125626,-0.035526346415281296,0.5435696840286255,-0.18259811401367188,-0.30143213272094727,0.16726575791835785,-0.16124184429645538,-0.024868441745638847,-0.024868441745638847,-0.06161967292428017,1.9229273796081543,-1.1996028423309326,0.0,0.03675123117864132,0.03675123117864132,0.27178484201431274,0.27178484201431274,0.27017441391944885,0.14282892644405365,0.3193197548389435,0.0,0.0016104280948638916,0.0016104280948638916,-0.09129905700683594,-0.09129905700683594,-0.007683987729251385,-1.4799681901931763,0.02777913026511669,0.0,-0.08361506927758455,-0.08361506927758455,-0.21100248396396637,-0.21100248396396637,-0.06102459877729416,-1.900971531867981,1.0800906419754028,0.0,-0.1499778851866722,-0.1499778851866722,0.08363287895917892,0.08363287895917892,0.08355933427810669,-0.18787024915218353,-0.5542376041412354,0.0,7.354468107223511e-05,7.354468107223511e-05,-0.08062092214822769,-0.08062092214822769,0.026628687977790833,-2.005399703979492,0.4650246798992157,0.0,-0.10724961012601852,-0.10724961012601852
640,21.333333333333332,4,0,0,,4,uneven rough,5,0.0,55.73627471923828,33.46309280395508,0.1690647304058075,1.90693199634552,0.48913586139678955,1.90693199634552,0.48913586139678955,8.980582237243652,1.9035499095916748,0.3333333432674408,0.6555346846580505,0.2451677769422531,0.95346599817276,0.24456793069839478,0.5278730392456055,0.1285603791475296,0.39939647912979126,0.6781337261199951,0.6823676824569702,0.08325641602277756,0.36951112747192383,0.36951112747192383,0.37648922204971313,0.9185769557952881,1.5938174724578857,0.0,-0.006978094577789307,-0.006978094577789307,0.0642801895737648,0.0642801895737648,0.11230066418647766,-2.0061352252960205,-1.2885984182357788,0.0,-0.04802047461271286,-0.04802047461271286,0.19969823956489563,0.19969823956489563,0.08892405778169632,0.007907209917902946,0.41931235790252686,0.0,0.11077418178319931,0.11077418178319931,0.4746935963630676,0.4746935963630676,0.24805757403373718,1.8383617401123047,0.492562472820282,0.0,0.22663602232933044,0.22663602232933044,0.3411838412284851,0.3411838412284851,0.11816295981407166,2.0205490589141846,1.5983117818832397,0.0,0.22302088141441345,0.22302088141441345,0.04162820801138878,0.04162820801138878,-0.09842660278081894,1.8195059299468994,-0.4720644950866699,0.0,0.14005481079220772,0.14005481079220772
640,21.333333333333332,14,0,0,,4,uneven rough,5,0.0,54.92850112915039,36.21579360961914,0.29368552565574646,1.7015984058380127,0.7868871092796326,1.7015984058380127,0.7868871092796326,9.648910522460938,3.131011962890625,0.1666666716337204,-0.23598065972328186,0.34514492750167847,0.8507992029190063,0.3934435546398163,-0.3585262894630432,0.4422602951526642,0.47366681694984436,0.6833257675170898,0.10555323958396912,0.02880007214844227,-0.25096839666366577,-0.25096839666366577,0.17524462938308716,-1.1355451345443726,0.540197491645813,0.0,-0.42621302604675293,-0.42621302604675293,0.2211301475763321,0.2211301475763321,0.19299888610839844,1.172149658203125,-0.23094312846660614,0.0,0.028131261467933655,0.028131261467933655,0.23683340847492218,0.23683340847492218,0.07240130007266998,-0.11557453125715256,-1.488957166671753,0.0,0.1644321084022522,0.1644321084022522,0.47832801938056946,0.47832801938056946,0.32869595289230347,0.966709554195404,1.6700717210769653,0.0,0.149632066488266,0.149632066488266,0.05277661979198456,0.05277661979198456,0.08343110978603363,-0.23696660995483398,1.3778406381607056,0.0,-0.030654489994049072,-0.030654489994049072,0.014400036074221134,0.014400036074221134,0.02785417065024376,0.8387152552604675,1.5327705144882202,0.0,-0.013454134576022625,-0.013454134576022625
640,21.333333333333332,24,0,0,,4,uneven rough,9,0.0,83.15723419189453,33.96320724487305,0.48730966448783875,1.622060775756836,-0.31868940591812134,1.622060775756836,-0.31868940591812134,8.79507064819336,3.0266435146331787,0.3333333432674408,0.7627779245376587,0.05693063139915466,0.811030387878418,-0.15934470295906067,-0.11122721433639526,0.4893134832382202,-0.07494106143712997,-0.3728322684764862,-0.12500961124897003,-0.5650526285171509,-0.0778590515255928,-0.0778590515255928,-0.0460265576839447,-0.37969863414764404,0.5658813118934631,0.0,-0.0318324938416481,-0.0318324938416481,0.2446567416191101,0.2446567416191101,0.23525336384773254,0.4475562274456024,0.21953152120113373,0.0,0.009403377771377563,0.009403377771377563,-0.03747053071856499,-0.03747053071856499,-0.03263629227876663,-0.7632841467857361,-0.8247039318084717,0.0,-0.004834238439798355,-0.004834238439798355,-0.26098257303237915,-0.26098257303237915,-0.12086445093154907,-1.9789808988571167,-0.6054072976112366,0.0,-0.14011812210083008,-0.14011812210083008,-0.2000153809785843,-0.2000153809785843,0.03175310045480728,0.41790011525154114,-0.3470928370952606,0.0,-0.23176848143339157,-0.23176848143339157,-0.28252631425857544,-0.28252631425857544,-0.04104065150022507,-1.9817227125167847,-0.9317576885223389,0.0,-0.24148566275835037,-0.24148566275835037
641,21.366666666666667,4,0,0,,4,uneven rough,5,0.0,55.73524856567383,33.51005172729492,0.16661536693572998,1.7002263069152832,0.031008940190076828,1.7002263069152832,0.031008940190076828,4.739503860473633,1.6499719619750977,0.5,0.6476189494132996,0.1993437260389328,0.8501131534576416,0.015504470095038414,-0.05929405987262726,0.46761247515678406,-0.11854530870914459,0.7361077070236206,0.6499665379524231,0.37924250960350037,-0.0415058396756649,-0.0415058396756649,0.32827386260032654,-1.7709635496139526,1.2120352983474731,0.0,-0.36977970227599144,-0.36977970227599144,0.23380623757839203,0.23380623757839203,0.1575983315706253,1.337734580039978,-1.6942949295043945,0.0,0.07620790600776672,0.07620790600776672,-0.059272654354572296,-0.059272654354572296,0.03400135412812233,-0.8646737933158875,0.1867031455039978,0.0,-0.09327400848269463,-0.09327400848269463,0.5152753591537476,0.5152753591537476,0.32065293192863464,1.820136308670044,1.2534798383712769,0.0,0.19462242722511292,0.19462242722511292,0.32498326897621155,0.32498326897621155,0.20099781453609467,1.8986331224441528,1.837045431137085,0.0,0.12398545444011688,0.12398545444011688,0.18962125480175018,0.18962125480175018,-0.077804796397686,0.13856598734855652,0.8235935568809509,0.0,0.2674260511994362,0.2674260511994362
641,21.366666666666667,14,0,0,,4,uneven rough,5,0.0,54.9091682434082,36.25471878051758,0.29380518198013306,1.1727092266082764,0.4243185520172119,1.1727092266082764,0.4243185520172119,6.622054576873779,0.8103747367858887,0.3333333432674408,-0.1779802441596985,0.19351504743099213,0.5863546133041382,0.21215927600860596,-0.07480472326278687,0.543236494064331,0.024812689051032066,0.509364664554596,-0.07203240692615509,0.060626402497291565,-0.052363306283950806,-0.052363306283950806,0.11193092167377472,-1.707099437713623,-0.4072704017162323,0.0,-0.16429422795772552,-0.16429422795772552,0.2716182470321655,0.2716182470321655,0.23839375376701355,1.502996563911438,0.5623680353164673,0.0,0.03322449326515198,0.03322449326515198,0.012406344525516033,0.012406344525516033,0.03893139585852623,-1.1319897174835205,-0.7124441862106323,0.0,-0.026525051333010197,-0.026525051333010197,0.3565552532672882,0.3565552532672882,0.3598642945289612,0.5280836224555969,1.272389531135559,0.0,-0.0033090412616729736,-0.0033090412616729736,-0.11525185406208038,-0.11525185406208038,0.04171886667609215,-0.6407963633537292,0.46482574939727783,0.0,-0.15697072073817253,-0.15697072073817253,0.030313201248645782,0.030313201248645782,0.004067813977599144,-1.4588122367858887,1.1403504610061646,0.0,0.02624538727104664,0.02624538727104664
641,21.366666666666667,24,0,0,,4,uneven rough,9,0.0,83.2000961303711,33.93547821044922,0.494663804769516,1.6184232234954834,-0.8554838299751282,1.6184232234954834,-0.8554838299751282,8.217937469482422,3.4282779693603516,0.3333333432674408,0.5620105266571045,0.17762041091918945,0.8092116117477417,-0.4277419149875641,0.3696341812610626,0.6577372550964355,-0.21365045011043549,-0.3754446506500244,-0.008548468351364136,-0.3258741497993469,0.25874391198158264,0.25874391198158264,0.009090780280530453,1.948385238647461,0.031248711049556732,0.0,0.2496531317010522,0.2496531317010522,0.3288686275482178,0.3288686275482178,0.2868652641773224,1.9526565074920654,0.34845709800720215,0.0,0.042003363370895386,0.042003363370895386,-0.10682522505521774,-0.10682522505521774,-0.08829990029335022,-0.91185462474823,-0.7899770736694336,0.0,-0.018525324761867523,-0.018525324761867523,-0.26281124353408813,-0.26281124353408813,-0.1912156641483307,-1.99309504032135,-1.382028341293335,0.0,-0.07159557938575745,-0.07159557938575745,-0.013677549548447132,-0.013677549548447132,0.020564276725053787,-1.2787586450576782,0.08543554693460464,0.0,-0.03424182627350092,-0.03424182627350092,-0.16293707489967346,-0.16293707489967346,-0.10834948718547821,-1.9996775388717651,-1.5254098176956177,0.0,-0.05458758771419525,-0.05458758771419525
642,21.4,4,0,0,,4,uneven rough,5,0.0,55.73199462890625,33.55026626586914,0.17747975885868073,1.6110116243362427,0.859950065612793,1.6110116243362427,0.859950065612793,5.462676048278809,4.763266086578369,0.5,0.3263147473335266,0.0280817411839962,0.8055058121681213,0.4299750328063965,0.45423048734664917,-0.04444761574268341,0.2118893563747406,0.3988148272037506,0.07065104693174362,0.19894473254680634,0.31796133518218994,0.31796133518218994,0.3287055492401123,0.27720651030540466,-0.4745576083660126,0.0,-0.010744214057922363,-0.010744214057922363,-0.07111618667840958,-0.07111618667840958,0.09425243735313416,-1.9094232320785522,0.02001998759806156,0.0,-0.16536862403154373,-0.16536862403154373,0.1059446781873703,0.1059446781873703,0.06885117292404175,1.8012292385101318,-0.4077472686767578,0.0,0.03709350526332855,0.03709350526332855,0.27917036414146423,0.27917036414146423,0.2978430390357971,-1.3135279417037964,1.5738683938980103,0.0,-0.018672674894332886,-0.018672674894332886,0.03532552346587181,0.03532552346587181,0.16337163746356964,-1.5627278089523315,1.871867299079895,0.0,-0.12804611399769783,-0.12804611399769783,0.09947236627340317,0.09947236627340317,-0.011093693785369396,1.9998515844345093,0.43627771735191345,0.0,0.11056606005877256,0.11056606005877256
642,21.4,14,0,0,,4,uneven rough,5,0.0,54.89342498779297,36.29465103149414,0.2963930368423462,1.243817687034607,0.645272970199585,1.243817687034607,0.645272970199585,5.99744987487793,2.609450578689575,0.5784956216812134,-0.09881196916103363,0.21319088339805603,0.6219088435173035,0.3226364850997925,0.3602600395679474,0.3844541907310486,0.14852391183376312,0.16092057526111603,-0.10405295342206955,-0.321787029504776,0.2521820366382599,0.2521820366382599,0.16985318064689636,2.000230550765991,-1.1421960592269897,0.0,0.08232885599136353,0.08232885599136353,0.1922270953655243,0.1922270953655243,0.18840618431568146,-1.0648661851882935,1.0942010879516602,0.0,0.0038209110498428345,0.0038209110498428345,0.07426195591688156,0.07426195591688156,0.016038784757256508,-0.24786393344402313,-0.9496560096740723,0.0,0.05822317115962505,0.05822317115962505,0.11264440417289734,0.11264440417289734,0.2938152849674225,-1.8581188917160034,0.8515576720237732,0.0,-0.18117088079452515,-0.18117088079452515,-0.16648472845554352,-0.16648472845554352,-0.009040018543601036,-0.2146960198879242,-0.16029497981071472,0.0,-0.15744470991194248,-0.15744470991194248,-0.160893514752388,-0.160893514752388,-0.021407349035143852,-0.5733427405357361,-0.32922080159187317,0.0,-0.13948616571724415,-0.13948616571724415
642,21.4,24,0,0,,4,uneven rough,9,0.0,83.24254608154297,33.90381622314453,0.5036845207214355,1.0400487184524536,-1.18291437625885,1.0400487184524536,-1.18291437625885,4.848435401916504,1.4852155447006226,0.1666666716337204,0.29894888401031494,0.05957452580332756,0.5200243592262268,-0.591457188129425,-0.24179400503635406,0.679725706577301,-0.053983353078365326,-0.22760817408561707,-0.17329201102256775,-0.35047978162765503,-0.1692558079957962,-0.1692558079957962,-0.03686542063951492,-1.6535359621047974,1.1152011156082153,0.0,-0.13239038735628128,-0.13239038735628128,0.3398628532886505,0.3398628532886505,0.32178452610969543,0.6932379603385925,1.255474328994751,0.0,0.018078327178955078,0.018078327178955078,-0.026991676539182663,-0.026991676539182663,-0.07483159750699997,0.6355007290840149,-0.8588868975639343,0.0,0.047839920967817307,0.047839920967817307,-0.1593257188796997,-0.1593257188796997,-0.14820857346057892,1.2873318195343018,-1.7275265455245972,0.0,-0.011117145419120789,-0.011117145419120789,-0.2772672176361084,-0.2772672176361084,-0.030590170994400978,-1.2482261657714844,-0.6858822703361511,0.0,-0.24667704664170742,-0.24667704664170742,-0.17523989081382751,-0.17523989081382751,-0.14155402779579163,-0.5761724710464478,-1.7935616970062256,0.0,-0.03368586301803589,-0.03368586301803589
643,21.433333333333334,4,0,0,,4,uneven rough,5,0.0,55.71324920654297,33.59107971191406,0.1934017539024353,1.491623044013977,0.3811835050582886,1.491623044013977,0.3811835050582886,5.172336101531982,1.2476880550384521,0.1666666716337204,0.3176601827144623,0.06702439486980438,0.7458115220069885,0.1905917525291443,0.12435454875230789,0.581191897392273,0.5752426385879517,0.029397806152701378,-0.14983560144901276,-0.1284787505865097,0.08704818040132523,0.08704818040132523,0.278028279542923,-1.9845529794692993,-0.04950883239507675,0.0,-0.19098009914159775,-0.19098009914159775,0.2905959486961365,0.2905959486961365,0.15740881860256195,1.9905601739883423,-1.0708906650543213,0.0,0.13318713009357452,0.13318713009357452,0.28762131929397583,0.28762131929397583,0.10393067449331284,0.12290413677692413,0.8412120342254639,0.0,0.183690644800663,0.183690644800663,0.02057846449315548,0.02057846449315548,0.2539948523044586,-1.5695724487304688,-0.05867068096995354,0.0,-0.23341638781130314,-0.23341638781130314,-0.23973695933818817,-0.23973695933818817,0.15216214954853058,-0.889218807220459,-0.0700589269399643,0.0,-0.39189910888671875,-0.39189910888671875,-0.06423937529325485,-0.06423937529325485,0.013363159261643887,-0.010518079623579979,1.3203251361846924,0.0,-0.07760253455489874,-0.07760253455489874
643,21.433333333333334,14,0,0,,4,uneven rough,5,0.0,54.8753547668457,36.335060119628906,0.29269832372665405,1.5235399007797241,-0.6638456583023071,1.5235399007797241,-0.6638456583023071,3.234321117401123,3.2476911544799805,0.3333333432674408,0.13863471150398254,0.1849830597639084,0.7617699503898621,-0.33192282915115356,0.27841705083847046,0.27758750319480896,0.467720627784729,0.204670712351799,0.45277225971221924,-0.41385793685913086,0.19489192962646484,0.19489192962646484,0.21430203318595886,0.4093483090400696,0.6345375776290894,0.0,-0.01941010355949402,-0.01941010355949402,0.13879375159740448,0.13879375159740448,0.15302853286266327,-1.6046229600906372,-0.126539409160614,0.0,-0.014234781265258789,-0.014234781265258789,0.2338603138923645,0.2338603138923645,0.04772249609231949,0.4781348705291748,-0.5528615117073059,0.0,0.186137817800045,0.186137817800045,0.14326949417591095,0.14326949417591095,0.2323300987482071,-1.8625352382659912,-0.6804983019828796,0.0,-0.08906060457229614,-0.08906060457229614,0.22638612985610962,0.22638612985610962,0.05163141340017319,1.770524501800537,-0.19105342030525208,0.0,0.17475471645593643,0.17475471645593643,-0.20692896842956543,-0.20692896842956543,-0.04980219528079033,-1.3748270273208618,-0.46724778413772583,0.0,-0.1571267731487751,-0.1571267731487751
643,21.433333333333334,24,0,0,,4,uneven rough,9,0.0,83.27776336669922,33.864219665527344,0.48881298303604126,1.4791666269302368,0.8343290090560913,1.4791666269302368,0.8343290090560913,7.649879455566406,2.0579185485839844,0.1666666716337204,-0.036561112850904465,0.0647139772772789,0.7395833134651184,0.41716450452804565,0.4878711402416229,0.34581252932548523,0.01924806460738182,-0.07864324748516083,0.4977528750896454,-0.04221368208527565,0.34150978922843933,0.34150978922843933,0.0031025458592921495,1.4373724460601807,-0.45024779438972473,0.0,0.3384072433691472,0.3384072433691472,0.17290626466274261,0.17290626466274261,0.2726661264896393,-2.003582239151001,0.9375848770141602,0.0,-0.09975986182689667,-0.09975986182689667,0.00962403230369091,0.00962403230369091,-0.006857468280941248,1.7583513259887695,-0.013957468792796135,0.0,0.01648150058463216,0.01648150058463216,-0.05505027249455452,-0.05505027249455452,-0.09605727344751358,1.9974167346954346,-0.022920208051800728,0.0,0.04100700095295906,0.04100700095295906,0.2488764375448227,0.2488764375448227,-0.0067440662533044815,2.0933802127838135,-1.0038325786590576,0.0,0.2556205037981272,0.2556205037981272,-0.021106841042637825,-0.021106841042637825,-0.07777407765388489,1.3947688341140747,-1.1052476167678833,0.0,0.05666723661124706,0.05666723661124706
644,21.466666666666665,4,0,0,,4,uneven rough,5,0.0,55.694313049316406,33.63227462768555,0.1901315301656723,1.813856601715088,0.05572178214788437,1.813856601715088,0.05572178214788437,6.254889488220215,2.8762898445129395,0.3333333432674408,0.09584596008062363,0.21148726344108582,0.906928300857544,0.027860891073942184,0.7416360378265381,-0.02931814454495907,0.24195154011249542,-0.048516687005758286,0.3851790130138397,-0.7413243055343628,0.5191451907157898,0.5191451907157898,0.3122204840183258,1.9988681077957153,-1.143586277961731,0.0,0.206924706697464,0.206924706697464,-0.04690903052687645,-0.04690903052687645,0.11916917562484741,-1.7835581302642822,0.6600591540336609,0.0,-0.16607820615172386,-0.16607820615172386,0.12097577005624771,0.12097577005624771,0.09630260616540909,0.5067359805107117,0.4350794553756714,0.0,0.024673163890838623,0.024673163890838623,-0.03396167978644371,-0.03396167978644371,0.18385927379131317,-1.9932316541671753,-0.9129372239112854,0.0,-0.21782095357775688,-0.21782095357775688,0.19258950650691986,0.19258950650691986,0.1632271111011505,1.9962493181228638,-0.5332133769989014,0.0,0.029362395405769348,0.029362395405769348,-0.3706621527671814,-0.3706621527671814,-0.007831878028810024,-0.3383994996547699,0.5678640007972717,0.0,-0.36283027473837137,-0.36283027473837137
644,21.466666666666665,14,0,0,,4,uneven rough,5,0.0,54.85860061645508,36.37671661376953,0.28369492292404175,1.0602353811264038,0.34779834747314453,1.0602353811264038,0.34779834747314453,1.3641352653503418,4.612596035003662,0.3333333432674408,0.07710254192352295,0.17542517185211182,0.5301176905632019,0.17389917373657227,0.8411239981651306,0.0025192631874233484,0.5524905920028687,0.30859237909317017,0.36339572072029114,-0.3844454884529114,0.588786780834198,0.588786780834198,0.2761138081550598,1.4582018852233887,0.5072152018547058,0.0,0.3126729726791382,0.3126729726791382,0.0012596315937116742,0.0012596315937116742,0.08671388030052185,-1.8330036401748657,-0.9622504711151123,0.0,-0.08545424870681018,-0.08545424870681018,0.2762452960014343,0.2762452960014343,0.09420195966959,1.3163541555404663,0.030065687373280525,0.0,0.18204333633184433,0.18204333633184433,0.21601466834545135,0.21601466834545135,0.19436195492744446,-0.15916307270526886,-1.348824143409729,0.0,0.021652713418006897,0.021652713418006897,0.18169786036014557,0.18169786036014557,0.12318197637796402,1.5550405979156494,0.9180262684822083,0.0,0.05851588398218155,0.05851588398218155,-0.1922227442264557,-0.1922227442264557,-0.07861001044511795,-0.6065087914466858,-0.980394721031189,0.0,-0.11361273378133774,-0.11361273378133774
644,21.466666666666665,24,0,0,,4,uneven rough,9,0.0,83.31752014160156,33.825592041015625,0.4691551923751831,1.4062650203704834,0.5535004138946533,1.4062650203704834,0.5535004138946533,7.305334091186523,0.09220521152019501,0.1666666716337204,-0.4004739224910736,0.18332891166210175,0.7031325101852417,0.27675020694732666,-0.22428247332572937,0.6134778261184692,0.11574718356132507,0.1927495300769806,0.4170188903808594,0.1267968714237213,-0.15699772536754608,-0.15699772536754608,-0.039977338165044785,-1.9775207042694092,0.617016077041626,0.0,-0.1170203872025013,-0.1170203872025013,0.3067389130592346,0.3067389130592346,0.2718316912651062,-0.0984712690114975,-0.7253562808036804,0.0,0.03490722179412842,0.03490722179412842,0.05787359178066254,0.05787359178066254,0.06091407686471939,1.9698232412338257,0.9881091117858887,0.0,-0.0030404850840568542,-0.0030404850840568542,0.13492466509342194,0.13492466509342194,-0.026536809280514717,1.7034482955932617,1.1193819046020508,0.0,0.16146147437393665,0.16146147437393665,0.2085094451904297,0.2085094451904297,0.07380987703800201,1.8470240831375122,0.7473371028900146,0.0,0.13469956815242767,0.13469956815242767,0.06339843571186066,0.06339843571186066,-0.01698557287454605,1.338712453842163,0.30826616287231445,0.0,0.08038400858640671,0.08038400858640671
645,21.5,4,0,0,,4,uneven rough,5,0.0,55.68343734741211,33.677398681640625,0.17418064177036285,1.6975460052490234,-0.5633940696716309,1.6975460052490234,-0.5633940696716309,5.453127861022949,1.5883421897888184,0.1666666716337204,0.04394982382655144,0.058054566383361816,0.8487730026245117,-0.28169703483581543,0.7868998646736145,0.12397648394107819,0.29552942514419556,0.27665990591049194,0.49587833881378174,-0.4542013704776764,0.5508298873901367,0.5508298873901367,0.37619826197624207,2.0031018257141113,0.6331630945205688,0.0,0.17463162541389465,0.17463162541389465,0.06198824197053909,0.06198824197053909,0.06747442483901978,0.8528617024421692,-0.7215664386749268,0.0,-0.005486182868480682,-0.005486182868480682,0.14776471257209778,0.14776471257209778,0.1110282689332962,0.03088160790503025,0.4755941927433014,0.0,0.036736443638801575,0.036736443638801575,0.19366192817687988,0.19366192817687988,0.17656515538692474,1.7471624612808228,-1.5237376689910889,0.0,0.01709677278995514,0.01709677278995514,0.24793916940689087,0.24793916940689087,0.2265186458826065,0.01729186251759529,0.8969493508338928,0.0,0.021420523524284363,0.021420523524284363,-0.2271006852388382,-0.2271006852388382,-0.05538114905357361,-1.956943154335022,0.055460989475250244,0.0,-0.1717195361852646,-0.1717195361852646
645,21.5,14,0,0,,4,uneven rough,5,0.0,54.845664978027344,36.425758361816406,0.28415292501449585,1.7162768840789795,0.05625671520829201,1.7162768840789795,0.05625671520829201,3.4977118968963623,3.4443273544311523,0.5,0.1963600218296051,0.14307764172554016,0.8581384420394897,0.028128357604146004,0.4980204999446869,0.4704262912273407,0.20880737900733948,0.31832730770111084,0.5149844884872437,-0.030269980430603027,0.34861433506011963,0.34861433506011963,0.337408185005188,1.4826096296310425,1.0449048280715942,0.0,0.01120615005493164,0.01120615005493164,0.23521314561367035,0.23521314561367035,0.13910482823848724,1.9911572933197021,-1.4545758962631226,0.0,0.0961083173751831,0.0961083173751831,0.10440368950366974,0.10440368950366974,0.12114173918962479,-0.49373912811279297,0.7573354840278625,0.0,-0.016738049685955048,-0.016738049685955048,0.22282911837100983,0.22282911837100983,0.206915020942688,1.2070645093917847,-0.6761876344680786,0.0,0.01591409742832184,0.01591409742832184,0.2574922442436218,0.2574922442436218,0.19759510457515717,1.9388062953948975,1.2781952619552612,0.0,0.05989713966846466,0.05989713966846466,-0.015134990215301514,-0.015134990215301514,-0.03264599293470383,1.6616395711898804,-0.768998920917511,0.0,0.017511002719402313,0.017511002719402313
645,21.5,24,0,0,,4,uneven rough,9,0.0,83.35895538330078,33.788719177246094,0.4575379192829132,1.5557067394256592,-0.6165285110473633,1.5557067394256592,-0.6165285110473633,6.720036506652832,3.0054640769958496,0.5,-0.6191463470458984,0.11126101016998291,0.7778533697128296,-0.30826425552368164,0.29496559500694275,0.6052417159080505,-0.2045130431652069,-0.08259866386651993,0.3136189877986908,0.02874346449971199,0.20647591352462769,0.20647591352462769,0.005915979389101267,1.744557499885559,-0.8499396443367004,0.0,0.20055993413552642,0.20055993413552642,0.30262085795402527,0.30262085795402527,0.28098368644714355,-0.42357850074768066,-0.37091436982154846,0.0,0.021637171506881714,0.021637171506881714,-0.10225652158260345,-0.10225652158260345,0.047393448650836945,-0.5554945468902588,1.543172001838684,0.0,-0.1496499702334404,-0.1496499702334404,-0.05781906470656395,-0.05781906470656395,-0.06862008571624756,-0.7041763067245483,1.4496140480041504,0.0,0.010801021009683609,0.010801021009683609,0.1568094938993454,0.1568094938993454,0.14634443819522858,2.0171658992767334,1.369102120399475,0.0,0.010465055704116821,0.010465055704116821,0.014371732249855995,0.014371732249855995,-0.02313806116580963,-1.1033363342285156,0.8908823132514954,0.0,0.037509793415665627,0.037509793415665627
646,21.53333333333333,4,0,0,,4,uneven rough,5,0.0,55.67878723144531,33.721893310546875,0.1802663505077362,1.9138206243515015,-0.6897245645523071,1.9138206243515015,-0.6897245645523071,3.807086944580078,1.0643779039382935,0.3333333432674408,-0.055716484785079956,0.13844427466392517,0.9569103121757507,-0.34486228227615356,-0.22759674489498138,0.48316335678100586,0.6417938470840454,0.7603951096534729,0.4719465970993042,0.16386102139949799,-0.1593177169561386,-0.1593177169561386,0.34552639722824097,-1.8554481267929077,1.407728910446167,0.0,-0.5048441141843796,-0.5048441141843796,0.24158167839050293,0.24158167839050293,0.1313381940126419,1.8460376262664795,0.16861805319786072,0.0,0.11024348437786102,0.11024348437786102,0.3208969235420227,0.3208969235420227,0.16295543313026428,1.202729344367981,0.22415289282798767,0.0,0.15794149041175842,0.15794149041175842,0.5322765707969666,0.5322765707969666,0.23815815150737762,1.630771517753601,0.3256351053714752,0.0,0.29411841928958893,0.29411841928958893,0.2359732985496521,0.2359732985496521,0.2435016930103302,-0.2134823203086853,0.3995894491672516,0.0,-0.007528394460678101,-0.007528394460678101,0.08193051069974899,0.08193051069974899,-0.014844413846731186,1.701582908630371,-1.0823559761047363,0.0,0.09677492454648018,0.09677492454648018
646,21.53333333333333,14,0,0,,4,uneven rough,5,0.0,54.82910919189453,36.467586517333984,0.2796711325645447,1.2190120220184326,1.336803674697876,1.2190120220184326,1.336803674697876,6.083946228027344,0.0,0.0,0.38486695289611816,0.2867687940597534,0.6095060110092163,0.668401837348938,0.1986062079668045,0.7375006675720215,-0.00989843625575304,0.8312830924987793,0.518718421459198,-0.04422800987958908,0.13902434706687927,0.13902434706687927,0.29289668798446655,-1.959357738494873,1.2923839092254639,0.0,-0.15387234091758728,-0.15387234091758728,0.36875033378601074,0.36875033378601074,0.18951907753944397,1.1007016897201538,0.49364784359931946,0.0,0.17923125624656677,0.17923125624656677,-0.00494921812787652,-0.00494921812787652,0.05577654391527176,-1.991789698600769,0.04997565224766731,0.0,-0.06072576204314828,-0.06072576204314828,0.5818981528282166,0.5818981528282166,0.2792094349861145,1.8961565494537354,0.3886064887046814,0.0,0.30268871784210205,0.30268871784210205,0.259359210729599,0.259359210729599,0.26556357741355896,1.277449369430542,1.6517058610916138,0.0,-0.006204366683959961,-0.006204366683959961,-0.02211400493979454,-0.02211400493979454,-0.04210309311747551,0.07917923480272293,0.6052884459495544,0.0,0.01998908817768097,0.01998908817768097
646,21.53333333333333,24,0,0,,4,uneven rough,9,0.0,83.39215087890625,33.7476692199707,0.44676971435546875,1.5442641973495483,0.03053617849946022,1.5442641973495483,0.03053617849946022,7.364075660705566,3.020524024963379,0.5,-0.6778507232666016,0.12452619522809982,0.7721320986747742,0.01526808924973011,0.22248320281505585,0.17647990584373474,0.1904141902923584,0.27457764744758606,0.3570365011692047,-0.08231500536203384,0.1557382345199585,0.1557382345199585,0.07010316848754883,1.9951053857803345,0.6169937252998352,0.0,0.08563506603240967,0.08563506603240967,0.08823995292186737,0.08823995292186737,0.22472330927848816,-1.1648626327514648,-0.4006907641887665,0.0,-0.1364833563566208,-0.1364833563566208,0.0952070951461792,0.0952070951461792,0.07922691851854324,1.3680464029312134,0.3565821647644043,0.0,0.015980176627635956,0.015980176627635956,0.19220435619354248,0.19220435619354248,-0.022838260978460312,1.8138458728790283,0.2318570911884308,0.0,0.2150426171720028,0.2150426171720028,0.17851825058460236,0.17851825058460236,0.14707793295383453,0.5219946503639221,1.7355185747146606,0.0,0.03144031763076782,0.03144031763076782,-0.04115750268101692,-0.04115750268101692,-0.0607021190226078,-1.6577132940292358,-0.23665247857570648,0.0,0.01954461634159088,0.01954461634159088
647,21.566666666666666,4,0,0,,4,uneven rough,5,0.0,55.67201614379883,33.763431549072266,0.18178078532218933,1.4611201286315918,-0.2890883982181549,1.4611201286315918,-0.2890883982181549,6.268065452575684,6.419827938079834,0.5,-0.19075661897659302,0.20116183161735535,0.7305600643157959,-0.14454419910907745,0.4516904652118683,0.023389240726828575,0.317716509103775,0.5973153114318848,0.5966031551361084,0.08815379440784454,0.31618332862854004,0.31618332862854004,0.29504814743995667,-0.8591207265853882,-0.43727725744247437,0.0,0.021135181188583374,0.021135181188583374,0.011694620363414288,0.011694620363414288,0.11746924370527267,-1.404407262802124,1.1170340776443481,0.0,-0.10577462334185839,-0.10577462334185839,0.1588582545518875,0.1588582545518875,0.15208405256271362,-0.33608269691467285,0.7774417996406555,0.0,0.006774201989173889,0.006774201989173889,0.41812071204185486,0.41812071204185486,0.29818588495254517,2.0000298023223877,1.0635615587234497,0.0,0.11993482708930969,0.11993482708930969,0.2983015775680542,0.2983015775680542,0.19657042622566223,-0.5446661710739136,0.05295757204294205,0.0,0.10173115134239197,0.10173115134239197,0.04407689720392227,0.04407689720392227,0.034833915531635284,-1.742433786392212,0.491688072681427,0.0,0.009242981672286987,0.009242981672286987
647,21.566666666666666,14,0,0,,4,uneven rough,5,0.0,54.82854461669922,36.51351547241211,0.2750922441482544,1.532543659210205,1.0993058681488037,1.532543659210205,1.0993058681488037,7.607693672180176,3.150559902191162,0.1666666716337204,0.38837409019470215,0.2563466727733612,0.7662718296051025,0.5496529340744019,0.5989224314689636,0.2049131691455841,0.3134257197380066,0.6022584438323975,0.10642963647842407,0.23864708840847015,0.4192456901073456,0.4192456901073456,0.31713923811912537,1.951995849609375,-0.546156644821167,0.0,0.10210645198822021,0.10210645198822021,0.10245658457279205,0.10245658457279205,0.12316622585058212,-1.9964954853057861,0.836877167224884,0.0,-0.02070964127779007,-0.02070964127779007,0.1567128598690033,0.1567128598690033,0.11161843687295914,1.9998056888580322,-1.1044421195983887,0.0,0.04509442299604416,0.04509442299604416,0.4215809106826782,0.4215809106826782,0.33003801107406616,1.8956040143966675,1.2409780025482178,0.0,0.09154289960861206,0.09154289960861206,0.053214818239212036,0.053214818239212036,0.2068537473678589,-1.804351568222046,1.4401005506515503,0.0,-0.15363892912864685,-0.15363892912864685,0.11932354420423508,0.11932354420423508,0.023462114855647087,1.5672686100006104,0.30782535672187805,0.0,0.09586142934858799,0.09586142934858799
647,21.566666666666666,24,0,0,,4,uneven rough,9,0.0,83.43067169189453,33.71108627319336,0.43641406297683716,1.672851800918579,0.3393150568008423,1.672851800918579,0.3393150568008423,8.55339527130127,3.1011595726013184,0.3333333432674408,-0.9343907237052917,0.19408771395683289,0.8364259004592896,0.16965752840042114,-0.3647652864456177,0.15227021276950836,0.4815230071544647,0.44828641414642334,0.4306052327156067,0.2413795292377472,-0.2553356885910034,-0.2553356885910034,0.038921572268009186,-1.3581997156143188,1.396180510520935,0.0,-0.2942572608590126,-0.2942572608590126,0.07613510638475418,0.07613510638475418,0.16984502971172333,-1.599363923072815,-0.832754909992218,0.0,-0.09370992332696915,-0.09370992332696915,0.24076150357723236,0.24076150357723236,0.1262960135936737,-0.31113842129707336,0.9284658432006836,0.0,0.11446548998355865,0.11446548998355865,0.31380048394203186,0.31380048394203186,0.03762231394648552,1.318052053451538,1.1263164281845093,0.0,0.27617816999554634,0.27617816999554634,0.21530261635780334,0.21530261635780334,0.15910163521766663,0.8420076370239258,1.0493899583816528,0.0,0.05620098114013672,0.05620098114013672,0.1206897646188736,0.1206897646188736,-0.05897102504968643,0.8311000466346741,-1.0401228666305542,0.0,0.17966078966856003,0.17966078966856003
648,21.6,4,0,0,,4,uneven rough,5,0.0,55.665794372558594,33.80377197265625,0.1827833354473114,1.836015224456787,-0.3528045117855072,1.836015224456787,-0.3528045117855072,8.860251426696777,5.437369346618652,0.3333333432674408,-0.49829158186912537,0.30346325039863586,0.9180076122283936,-0.1764022558927536,-0.03370864689350128,-0.14107297360897064,0.6225954294204712,0.8257864117622375,0.4570341110229492,0.16786755621433258,-0.023596052080392838,-0.023596052080392838,0.23214465379714966,-1.902899146080017,-0.6757883429527283,0.0,-0.2557407058775425,-0.2557407058775425,-0.2257167547941208,-0.2257167547941208,0.08200383931398392,-0.41645151376724243,-0.30859339237213135,0.0,-0.3077205941081047,-0.3077205941081047,0.3112977147102356,0.3112977147102356,0.2165697067975998,1.9975543022155762,0.1478530466556549,0.0,0.0947280079126358,0.0947280079126358,0.5780504941940308,0.5780504941940308,0.35684558749198914,1.5220825672149658,1.5930423736572266,0.0,0.22120490670204163,0.22120490670204163,0.2285170555114746,0.2285170555114746,0.19059477746486664,0.7111702561378479,-0.2849399745464325,0.0,0.03792227804660797,0.03792227804660797,0.08393377810716629,0.08393377810716629,0.02639203891158104,1.1121869087219238,-0.7714884281158447,0.0,0.05754173919558525,0.05754173919558525
648,21.6,14,0,0,,4,uneven rough,5,0.0,54.824607849121094,36.55957794189453,0.285719633102417,1.6724331378936768,0.8357656598091125,1.6724331378936768,0.8357656598091125,8.718244552612305,3.3333334922790527,0.1666666716337204,0.352089524269104,0.4374386966228485,0.8362165689468384,0.4178828299045563,-0.5961533188819885,0.7177509069442749,0.31085827946662903,0.6187832951545715,0.15021248161792755,0.11394626647233963,-0.4173073172569275,-0.4173073172569275,0.3099305331707001,-1.0204883813858032,0.8663032650947571,0.0,-0.7272378504276276,-0.7272378504276276,0.35887545347213745,0.35887545347213745,0.1475527435541153,1.5770020484924316,-0.765116810798645,0.0,0.21132270991802216,0.21132270991802216,0.15542913973331451,0.15542913973331451,0.11465451121330261,-0.23999229073524475,0.6507051587104797,0.0,0.0407746285200119,0.0407746285200119,0.4331482946872711,0.4331482946872711,0.4032684862613678,1.9914021492004395,1.6111047267913818,0.0,0.02987980842590332,0.02987980842590332,0.07510624080896378,0.07510624080896378,0.17589446902275085,-1.4510236978530884,-0.39431852102279663,0.0,-0.10078822821378708,-0.10078822821378708,0.056973133236169815,0.056973133236169815,0.06725426763296127,1.7008476257324219,1.0199167728424072,0.0,-0.010281134396791458,-0.010281134396791458
648,21.6,24,0,0,,4,uneven rough,9,0.0,83.47327423095703,33.670433044433594,0.4343210458755493,1.5382895469665527,0.12386458367109299,1.5382895469665527,0.12386458367109299,8.433598518371582,2.6939125061035156,0.5,-0.5924012064933777,0.10310189425945282,0.7691447734832764,0.061932291835546494,-0.2242087870836258,0.43959149718284607,-0.09070315212011337,0.19149835407733917,0.35235631465911865,0.539158821105957,-0.15694615244865417,-0.15694615244865417,-0.02822403609752655,-1.982842206954956,-0.1611510068178177,0.0,-0.12872211635112762,-0.12872211635112762,0.21979574859142303,0.21979574859142303,0.20183034241199493,0.6910063028335571,-1.2661970853805542,0.0,0.0179654061794281,0.0179654061794281,-0.045351576060056686,-0.045351576060056686,0.06410972774028778,-1.6693129539489746,0.2275913655757904,0.0,-0.10946130380034447,-0.10946130380034447,0.13404884934425354,0.13404884934425354,0.1029316782951355,1.8521777391433716,1.2347240447998047,0.0,0.031117171049118042,0.031117171049118042,0.17617815732955933,0.17617815732955933,0.19802919030189514,-0.52955561876297,0.9321356415748596,0.0,-0.021851032972335815,-0.021851032972335815,0.2695794105529785,0.2695794105529785,-0.020066089928150177,0.8388484120368958,0.01786991022527218,0.0,0.2896455004811287,0.2896455004811287
649,21.633333333333333,4,0,0,,4,uneven rough,5,0.0,55.6591682434082,33.84115219116211,0.18239101767539978,1.4582550525665283,-0.17347216606140137,1.4582550525665283,-0.17347216606140137,7.430850982666016,2.518010139465332,0.1666666716337204,-0.7366530299186707,0.18533474206924438,0.7291275262832642,-0.08673608303070068,0.16565614938735962,0.09693840891122818,0.27044913172721863,0.5874183773994446,0.3106097877025604,0.25129270553588867,0.1159593015909195,0.1159593015909195,0.16573062539100647,-1.7104393243789673,-1.3695989847183228,0.0,-0.049771323800086975,-0.049771323800086975,0.04846920445561409,0.04846920445561409,0.033092185854911804,0.27428656816482544,-0.3695765733718872,0.0,0.015377018600702286,0.015377018600702286,0.13522456586360931,0.13522456586360931,0.1719822734594345,-2.0000007152557373,1.1936774253845215,0.0,-0.036757707595825195,-0.036757707595825195,0.4111928641796112,0.4111928641796112,0.4161045253276825,1.2747950553894043,1.5529215335845947,0.0,-0.004911661148071289,-0.004911661148071289,0.1553048938512802,0.1553048938512802,0.16813024878501892,-0.08178146928548813,0.27826252579689026,0.0,-0.012825354933738708,-0.012825354933738708,0.12564635276794434,0.12564635276794434,0.06468057632446289,1.0446290969848633,0.2935449779033661,0.0,0.060965776443481445,0.060965776443481445
649,21.633333333333333,14,0,0,,4,uneven rough,5,0.0,54.80324172973633,36.59544372558594,0.3070759177207947,1.5675904750823975,0.7900082468986511,1.5675904750823975,0.7900082468986511,6.817563056945801,5.036707878112793,0.3333333432674408,0.5565201640129089,0.22275182604789734,0.7837952375411987,0.39500412344932556,-0.5293720364570618,0.6865048408508301,0.33052265644073486,0.47345036268234253,0.08746594935655594,-0.08394604921340942,-0.3705604076385498,-0.3705604076385498,0.2778756618499756,-0.3338685929775238,-0.20049211382865906,0.0,-0.6484360694885254,-0.6484360694885254,0.34325242042541504,0.34325242042541504,0.21091730892658234,1.5346180200576782,0.5591213703155518,0.0,0.1323351114988327,0.1323351114988327,0.16526132822036743,0.16526132822036743,0.10586654394865036,0.199238121509552,0.1471032351255417,0.0,0.05939478427171707,0.05939478427171707,0.33141523599624634,0.33141523599624634,0.40530848503112793,-1.980581283569336,1.8261255025863647,0.0,-0.07389324903488159,-0.07389324903488159,0.04373297467827797,0.04373297467827797,0.1256026327610016,-1.8496649265289307,-0.9917815327644348,0.0,-0.08186965808272362,-0.08186965808272362,-0.04197302460670471,-0.04197302460670471,0.062162529677152634,-0.7205119729042053,1.4049162864685059,0.0,-0.10413555428385735,-0.10413555428385735
649,21.633333333333333,24,0,0,,4,uneven rough,9,0.0,83.52162170410156,33.633567810058594,0.4441952407360077,1.5854990482330322,0.3828025460243225,1.5854990482330322,0.3828025460243225,9.111000061035156,3.9061086177825928,0.3333333432674408,-0.4636844992637634,0.15841954946517944,0.7927495241165161,0.19140127301216125,-0.2545764744281769,0.6756072640419006,-0.4147297739982605,-0.06853096932172775,0.23119263350963593,0.3297732174396515,-0.1782035231590271,-0.1782035231590271,-0.09401807188987732,-1.9879913330078125,-1.191138505935669,0.0,-0.08418545126914978,-0.08418545126914978,0.3378036320209503,0.3378036320209503,0.2633868455886841,1.9942493438720703,-0.15959081053733826,0.0,0.07441678643226624,0.07441678643226624,-0.20736488699913025,-0.20736488699913025,0.05858508124947548,0.6251895427703857,-0.8449217081069946,0.0,-0.26594996824860573,-0.26594996824860573,-0.04797167703509331,-0.04797167703509331,0.08506506681442261,-1.8406612873077393,1.5838334560394287,0.0,-0.13303674384951591,-0.13303674384951591,0.11559631675481796,0.11559631675481796,0.15402159094810486,-1.7375397682189941,0.1056927889585495,0.0,-0.038425274193286896,-0.038425274193286896,0.16488660871982574,0.16488660871982574,0.018037687987089157,0.8153386116027832,0.48205262422561646,0.0,0.1468489207327366,0.1468489207327366
650,21.666666666666668,4,0,0,,4,uneven rough,5,0.0,55.6541633605957,33.88117599487305,0.19246958196163177,1.3361492156982422,0.4028450846672058,1.3361492156982422,0.4028450846672058,6.4781293869018555,4.191457748413086,0.3333333432674408,-0.7605406641960144,0.2576248049736023,0.6680746078491211,0.2014225423336029,-0.1436157524585724,0.11103112250566483,0.47738000750541687,0.657202959060669,0.2032567262649536,0.22727395594120026,-0.10053102672100067,-0.10053102672100067,0.10175521671772003,-1.841576099395752,-1.5623106956481934,0.0,-0.2022862434387207,-0.2022862434387207,0.05551556125283241,0.05551556125283241,0.04092862457036972,1.0194199085235596,-0.00553520442917943,0.0,0.014586936682462692,0.014586936682462692,0.23869000375270844,0.23869000375270844,0.1852557212114334,1.6989039182662964,-0.6120339035987854,0.0,0.053434282541275024,0.053434282541275024,0.4600420594215393,0.4600420594215393,0.47058409452438354,1.255847454071045,1.3956682682037354,0.0,-0.010542035102844238,-0.010542035102844238,0.1016283631324768,0.1016283631324768,0.13306298851966858,-1.328192949295044,0.07469300180673599,0.0,-0.03143462538719177,-0.03143462538719177,0.11363697797060013,0.11363697797060013,0.12329919636249542,1.2216004133224487,0.7182092666625977,0.0,-0.009662218391895294,-0.009662218391895294
650,21.666666666666668,14,0,0,,4,uneven rough,5,0.0,54.77565383911133,36.62448501586914,0.314505934715271,1.606782078742981,-0.2434035688638687,1.606782078742981,-0.2434035688638687,4.032136917114258,1.0866634845733643,0.3333333432674408,0.258067786693573,0.1254543960094452,0.8033910393714905,-0.12170178443193436,0.07288473099470139,0.06443081796169281,0.4491821527481079,-0.31909888982772827,0.15315967798233032,-0.7736496925354004,0.05101931095123291,0.05101931095123291,0.2146984487771988,-1.9503121376037598,-0.2759034037590027,0.0,-0.16367913782596588,-0.16367913782596588,0.032215408980846405,0.032215408980846405,0.15401120483875275,-1.7846758365631104,1.1106688976287842,0.0,-0.12179579585790634,-0.12179579585790634,0.22459107637405396,0.22459107637405396,0.16091953217983246,1.9881818294525146,0.17658039927482605,0.0,0.0636715441942215,0.0636715441942215,-0.22336922585964203,-0.22336922585964203,0.35946813225746155,-1.6427029371261597,-0.32619330286979675,0.0,-0.5828373581171036,-0.5828373581171036,0.07657983899116516,0.07657983899116516,0.07101200520992279,-0.466995507478714,-1.4768303632736206,0.0,0.005567833781242371,0.005567833781242371,-0.3868248462677002,-0.3868248462677002,0.058600228279829025,-0.49351808428764343,0.20319536328315735,0.0,-0.4454250745475292,-0.4454250745475292
650,21.666666666666668,24,0,0,,4,uneven rough,9,0.0,83.57244873046875,33.59990692138672,0.44646796584129333,1.685578465461731,-0.03835676237940788,1.685578465461731,-0.03835676237940788,6.475816249847412,3.156224012374878,0.3333333432674408,0.06399985402822495,0.14562511444091797,0.8427892327308655,-0.01917838118970394,0.2280738651752472,0.49244534969329834,-0.4051855206489563,-0.3651755750179291,0.30341774225234985,-0.5371593236923218,0.15965169668197632,0.15965169668197632,-0.07637534290552139,1.4129512310028076,-1.6416804790496826,0.0,0.2360270395874977,0.2360270395874977,0.24622267484664917,0.24622267484664917,0.2707306444644928,0.18071617186069489,1.0581942796707153,0.0,-0.024507969617843628,-0.024507969617843628,-0.20259276032447815,-0.20259276032447815,0.023672377690672874,0.7981951832771301,-0.013718158937990665,0.0,-0.22626513801515102,-0.22626513801515102,-0.25562289357185364,-0.25562289357185364,0.014548681676387787,-1.8008716106414795,-0.35238200426101685,0.0,-0.2701715752482414,-0.2701715752482414,0.15170887112617493,0.15170887112617493,0.1311386674642563,0.20143026113510132,-0.9364742040634155,0.0,0.02057020366191864,0.02057020366191864,-0.2685796618461609,-0.2685796618461609,-0.04153966158628464,-0.8908273577690125,0.6704931259155273,0.0,-0.22704000025987625,-0.22704000025987625
651,21.7,4,0,0,,4,uneven rough,5,0.0,55.64512252807617,33.923770904541016,0.21040210127830505,1.1644361019134521,0.6832718849182129,1.1644361019134521,0.6832718849182129,6.745845794677734,1.8702847957611084,0.1666666716337204,-0.6440351009368896,0.26632726192474365,0.5822180509567261,0.34163594245910645,-0.5350919365882874,0.43700912594795227,0.5858385562896729,0.6514975428581238,-0.048709720373153687,-0.07840041071176529,-0.37456434965133667,-0.37456434965133667,0.047769926488399506,-1.6034400463104248,-1.7202078104019165,0.0,-0.4223342761397362,-0.4223342761397362,0.21850456297397614,0.21850456297397614,0.10767184942960739,1.9998068809509277,0.5739762783050537,0.0,0.11083271354436874,0.11083271354436874,0.2929192781448364,0.2929192781448364,0.2238490879535675,1.9960014820098877,0.6945744752883911,0.0,0.06907019019126892,0.06907019019126892,0.45604828000068665,0.45604828000068665,0.4816726744174957,-0.5132259130477905,1.3166133165359497,0.0,-0.025624394416809082,-0.025624394416809082,-0.07793555408716202,-0.07793555408716202,0.09742342680692673,-1.2857528924942017,-0.7185012102127075,0.0,-0.17535898089408875,-0.17535898089408875,-0.039200205355882645,-0.039200205355882645,0.06984477490186691,-1.8408598899841309,1.002827525138855,0.0,-0.10904498025774956,-0.10904498025774956
651,21.7,14,0,0,,4,uneven rough,5,0.0,54.74761199951172,36.65751647949219,0.3019646108150482,1.642180323600769,-0.5411843657493591,1.642180323600769,-0.5411843657493591,4.284894943237305,1.5632981061935425,0.3333333432674408,0.08409212529659271,0.19016115367412567,0.8210901618003845,-0.27059218287467957,0.7365055084228516,0.007919585332274437,0.26718172430992126,0.01668831706047058,0.23726144433021545,-0.6978814601898193,0.5155538320541382,0.5155538320541382,0.24507470428943634,1.9460160732269287,-1.2226171493530273,0.0,0.27047912776470184,0.27047912776470184,0.0039597926661372185,0.0039597926661372185,0.0904226154088974,-1.9990434646606445,-0.5263642072677612,0.0,-0.08646282274276018,-0.08646282274276018,0.13359086215496063,0.13359086215496063,0.14323899149894714,-1.055794358253479,1.2008631229400635,0.0,-0.009648129343986511,-0.009648129343986511,0.011681822128593922,0.011681822128593922,0.2888318598270416,-1.9727977514266968,-1.0705502033233643,0.0,-0.2771500376984477,-0.2771500376984477,0.11863072216510773,0.11863072216510773,0.09844063222408295,1.5913368463516235,-0.9058679342269897,0.0,0.02019008994102478,0.02019008994102478,-0.34894073009490967,-0.34894073009490967,-0.000727456237655133,-1.8052124977111816,-0.19072766602039337,0.0,-0.34821327385725453,-0.34821327385725453
651,21.7,24,0,0,,4,uneven rough,9,0.0,83.62074279785156,33.558963775634766,0.4474722743034363,1.8635947704315186,0.21102087199687958,1.8635947704315186,0.21102087199687958,9.338799476623535,4.735994338989258,0.3333333432674408,0.5024697780609131,0.05533512681722641,0.9317973852157593,0.10551043599843979,0.22349180281162262,0.5020544528961182,-0.4477396309375763,-0.3698205351829529,0.22833895683288574,-0.34494006633758545,0.1564442664384842,0.1564442664384842,-0.016505299136042595,1.905503273010254,0.08541374653577805,0.0,0.1729495655745268,0.1729495655745268,0.2510272264480591,0.2510272264480591,0.2572017312049866,0.06551248580217361,0.5620665550231934,0.0,-0.00617450475692749,-0.00617450475692749,-0.22386981546878815,-0.22386981546878815,0.0013837988954037428,-0.25182193517684937,0.4453391134738922,0.0,-0.2252536143641919,-0.2252536143641919,-0.2588743567466736,-0.2588743567466736,-0.05197438225150108,-1.9143415689468384,-1.1713606119155884,0.0,-0.2068999744951725,-0.2068999744951725,0.11416947841644287,0.11416947841644287,0.10369378328323364,-0.010795521549880505,-0.2931009829044342,0.0,0.010475695133209229,0.010475695133209229,-0.17247003316879272,-0.17247003316879272,-0.11151117831468582,-2.000089406967163,-0.2122802883386612,0.0,-0.0609588548541069,-0.0609588548541069
652,21.733333333333334,4,0,0,,4,uneven rough,5,0.0,55.62590026855469,33.959686279296875,0.21525722742080688,1.2232840061187744,0.09601689130067825,1.2232840061187744,0.09601689130067825,6.472265243530273,3.3333334922790527,0.1666666716337204,-0.19155429303646088,0.3619786202907562,0.6116420030593872,0.04800844565033913,-0.07063664495944977,0.1157907024025917,0.15847814083099365,-0.01470617763698101,-0.06767535209655762,-0.5088186860084534,-0.04944565147161484,-0.04944565147161484,-0.01653803512454033,-1.9918824434280396,-1.6541870832443237,0.0,-0.03290761634707451,-0.03290761634707451,0.05789535120129585,0.05789535120129585,0.06134245917201042,-1.3715580701828003,1.380143404006958,0.0,-0.003447107970714569,-0.003447107970714569,0.07923907041549683,0.07923907041549683,0.16951438784599304,-1.982743740081787,1.4304035902023315,0.0,-0.09027531743049622,-0.09027531743049622,-0.010294323787093163,-0.010294323787093163,0.42389410734176636,-1.953969120979309,0.2820189297199249,0.0,-0.4341884311288595,-0.4341884311288595,-0.10828056186437607,-0.10828056186437607,0.026502421125769615,-1.590406060218811,-1.0392262935638428,0.0,-0.13478298299014568,-0.13478298299014568,-0.2544093430042267,-0.2544093430042267,0.0025492573622614145,-1.9999995231628418,-0.6049984097480774,0.0,-0.2569586003664881,-0.2569586003664881
652,21.733333333333334,14,0,0,,4,uneven rough,5,0.0,54.72611999511719,36.693199157714844,0.2875875234603882,1.191967487335205,0.2785561680793762,1.191967487335205,0.2785561680793762,3.9802446365356445,0.10750645399093628,0.06773277372121811,0.18155406415462494,0.12279172986745834,0.5959837436676025,0.1392780840396881,0.5590232610702515,0.025782529264688492,0.5664207935333252,0.40946006774902344,0.07542365044355392,-0.35235780477523804,0.3913162648677826,0.3913162648677826,0.31196853518486023,1.9814172983169556,0.5689337849617004,0.0,0.07934772968292236,0.07934772968292236,0.012891264632344246,0.012891264632344246,0.02485203742980957,-1.9673019647598267,-1.3590196371078491,0.0,-0.011960772797465324,-0.011960772797465324,0.2832103967666626,0.2832103967666626,0.16776956617832184,-0.9178457856178284,-0.07505505532026291,0.0,0.11544083058834076,0.11544083058834076,0.2866220474243164,0.2866220474243164,0.2593914270401001,-0.006584310904145241,-1.580682635307312,0.0,0.02723062038421631,0.02723062038421631,0.03771182522177696,0.03771182522177696,0.08223224431276321,-0.7277422547340393,0.5060561299324036,0.0,-0.04452041909098625,-0.04452041909098625,-0.17617890238761902,-0.17617890238761902,-0.04690846800804138,-1.9976868629455566,-1.1035603284835815,0.0,-0.12927043437957764,-0.12927043437957764
652,21.733333333333334,24,0,0,,4,uneven rough,10,0.0,83.6679916381836,33.51413345336914,0.43168121576309204,1.562419056892395,0.3653821051120758,1.562419056892395,0.3653821051120758,8.24488639831543,2.157438278198242,0.3333333432674408,1.0230457782745361,0.04966966435313225,0.7812095284461975,0.1826910525560379,0.1926218718290329,-0.08643293380737305,0.2076425403356552,-0.11891481280326843,0.4969416558742523,0.007032326888293028,0.13483530282974243,0.13483530282974243,0.049452777951955795,1.9972655773162842,1.1144956350326538,0.0,0.08538252487778664,0.08538252487778664,-0.13829270005226135,-0.13829270005226135,0.22721198201179504,1.0631262063980103,0.2813139855861664,0.0,-0.3655046820640564,-0.3655046820640564,0.1038212701678276,0.1038212701678276,0.053730905055999756,-0.17660944163799286,0.05116301029920578,0.0,0.05009036511182785,0.05009036511182785,-0.08324036747217178,-0.08324036747217178,-0.1067509800195694,-0.30618876218795776,-1.591443419456482,0.0,0.023510612547397614,0.023510612547397614,0.24847082793712616,0.24847082793712616,0.1516045778989792,0.048608340322971344,-0.13348497450351715,0.0,0.09686625003814697,0.09686625003814697,0.003516163444146514,0.003516163444146514,-0.06425635516643524,0.02313970774412155,-1.2231107950210571,0.0,0.06777251861058176,0.06777251861058176
653,21.766666666666666,4,0,0,,4,uneven rough,5,0.0,55.61162185668945,33.99998092651367,0.21268196403980255,1.1580986976623535,0.4214092791080475,1.1580986976623535,0.4214092791080475,5.963098049163818,0.0,0.0,0.1129060611128807,0.3122764527797699,0.5790493488311768,0.21070463955402374,0.566969633102417,0.15795642137527466,-0.005268934648483992,-0.08918555080890656,-0.22803455591201782,-0.2912793457508087,0.39687874913215637,0.39687874913215637,0.01646731235086918,1.8046863079071045,-1.8451206684112549,0.0,0.3804114367812872,0.3804114367812872,0.07897821068763733,0.07897821068763733,0.0655740275979042,0.038474541157484055,-0.17567352950572968,0.0,0.013404183089733124,0.013404183089733124,-0.002634467324241996,-0.002634467324241996,0.10329046100378036,-2.000002861022949,-0.49939605593681335,0.0,-0.10592492832802236,-0.10592492832802236,-0.06242988631129265,-0.06242988631129265,0.35719555616378784,-0.6881385445594788,-0.9822127223014832,0.0,-0.4196254424750805,-0.4196254424750805,-0.3648552894592285,-0.3648552894592285,-0.016987187787890434,-0.43462488055229187,-1.350864291191101,0.0,-0.3478681016713381,-0.3478681016713381,-0.14563967287540436,-0.14563967287540436,-0.054165277630090714,0.6249709129333496,-1.3937345743179321,0.0,-0.09147439524531364,-0.09147439524531364
653,21.766666666666666,14,0,0,,4,uneven rough,5,0.0,54.70924377441406,36.73011016845703,0.2716064453125,1.5882822275161743,0.0275321863591671,1.5882822275161743,0.0275321863591671,1.1291682720184326,2.585245132446289,0.5,0.10992202162742615,0.19230976700782776,0.7941411137580872,0.01376609317958355,0.10393031686544418,-0.09239722043275833,0.6432216763496399,0.6063867807388306,0.4265182316303253,0.04913065582513809,0.07275122404098511,0.07275122404098511,0.2603641748428345,-1.7334187030792236,1.3675545454025269,0.0,-0.18761295080184937,-0.18761295080184937,-0.14783555269241333,-0.14783555269241333,-0.03455839678645134,0.34228837490081787,-1.7029435634613037,0.0,-0.11327715590596199,-0.11327715590596199,0.32161083817481995,0.32161083817481995,0.2147403210401535,-0.7914354801177979,-0.5515704154968262,0.0,0.10687051713466644,0.10687051713466644,0.4244707524776459,0.4244707524776459,0.327637255191803,1.7125625610351562,-0.6906846165657043,0.0,0.0968334972858429,0.0968334972858429,0.21325911581516266,0.21325911581516266,0.1431349217891693,0.9263453483581543,-0.19153569638729095,0.0,0.07012419402599335,0.07012419402599335,0.024565327912569046,0.024565327912569046,-0.00973143707960844,-0.7388432025909424,-1.6091010570526123,0.0,0.034296764992177486,0.034296764992177486
653,21.766666666666666,24,0,0,,4,uneven rough,10,0.0,83.7116928100586,33.46207046508789,0.4238423705101013,1.9790984392166138,-0.27154603600502014,1.8316127061843872,-0.27154603600502014,9.416913986206055,0.25784337520599365,0.1666666716337204,1.5641931295394897,0.11581537127494812,0.9895492196083069,-0.13577301800251007,0.21017703413963318,0.4250767230987549,-0.1444871723651886,0.5158912539482117,0.6177407503128052,0.05150124803185463,0.14712391793727875,0.14712391793727875,0.10208430141210556,1.7526404857635498,1.6136153936386108,0.0,0.04503961652517319,0.04503961652517319,0.21253836154937744,0.21253836154937744,0.25204917788505554,-0.9794597029685974,0.7233520150184631,0.0,-0.0395108163356781,-0.0395108163356781,-0.0722435861825943,-0.0722435861825943,-0.013027677312493324,-1.6021971702575684,-0.07761994004249573,0.0,-0.059215908870100975,-0.059215908870100975,0.36112385988235474,0.36112385988235474,-0.0601440891623497,0.8540910482406616,-0.8647581338882446,0.0,0.42126794904470444,0.42126794904470444,0.3088703751564026,0.3088703751564026,0.1948331594467163,0.39467737078666687,-0.03052908554673195,0.0,0.11403721570968628,0.11403721570968628,0.025750624015927315,0.025750624015927315,-0.013244213536381721,2.0000064373016357,-0.518478512763977,0.0,0.038994837552309036,0.038994837552309036
654,21.8,4,0,0,,4,uneven rough,5,0.0,55.5897102355957,34.039371490478516,0.20484215021133423,1.9259576797485352,-0.3963058590888977,1.9169807434082031,-0.3963058590888977,2.1964311599731445,1.3007327318191528,0.3333333432674408,0.2727259397506714,0.2024497240781784,0.9629788398742676,-0.19815292954444885,0.20455381274223328,0.2596646845340729,-0.29063400626182556,0.17498654127120972,0.6866035461425781,-0.3217911124229431,0.14318767189979553,0.14318767189979553,0.08335939049720764,2.0000007152557373,0.2184867262840271,0.0,0.05982828140258789,0.05982828140258789,0.12983234226703644,0.12983234226703644,0.12878800928592682,1.2369680404663086,-0.054593827575445175,0.0,0.0010443329811096191,0.0010443329811096191,-0.14531700313091278,-0.14531700313091278,0.03660227730870247,-1.9999288320541382,-1.3478418588638306,0.0,-0.18191928043961525,-0.18191928043961525,0.12249057739973068,0.12249057739973068,0.29448601603507996,-1.9455927610397339,-0.815942645072937,0.0,-0.17199543863534927,-0.17199543863534927,0.34330177307128906,0.34330177307128906,0.04857207089662552,1.575745701789856,-0.8328208923339844,0.0,0.29472970217466354,0.29472970217466354,-0.16089555621147156,-0.16089555621147156,-0.09867332130670547,-1.9404581785202026,-0.2523548901081085,0.0,-0.06222223490476608,-0.06222223490476608
654,21.8,14,0,0,,4,uneven rough,5,0.0,54.689414978027344,36.76496124267578,0.27596205472946167,1.56741464138031,0.3011656403541565,1.56741464138031,0.3011656403541565,5.201019287109375,7.034633636474609,0.6666666865348816,-0.07273797690868378,0.1064610704779625,0.783707320690155,0.15058282017707825,0.023050114512443542,-0.004207876976579428,0.530809223651886,0.5688393115997314,0.2704402506351471,0.38948243856430054,0.01613507978618145,0.01613507978618145,0.1971738338470459,-1.6473065614700317,-0.38574129343032837,0.0,-0.18103875406086445,-0.18103875406086445,-0.006732603069394827,-0.006732603069394827,-0.021265603601932526,0.31718432903289795,-0.5465657711029053,0.0,0.014533000532537699,0.014533000532537699,0.265404611825943,0.265404611825943,0.23529566824436188,0.9701991677284241,-0.6871905326843262,0.0,0.030108943581581116,0.030108943581581116,0.398187518119812,0.398187518119812,0.38454487919807434,1.3141249418258667,0.6681156158447266,0.0,0.013642638921737671,0.013642638921737671,0.13522012531757355,0.13522012531757355,0.14435537159442902,-0.19902050495147705,0.44051626324653625,0.0,-0.009135246276855469,-0.009135246276855469,0.19474121928215027,0.19474121928215027,0.03150308132171631,1.691429615020752,-1.1170557737350464,0.0,0.16323813796043396,0.16323813796043396
654,21.8,24,0,0,,4,uneven rough,10,0.0,83.74749755859375,33.40847396850586,0.4158807396888733,1.9194154739379883,1.1106541156768799,1.7737703323364258,1.1106541156768799,9.242063522338867,0.14267206192016602,0.1666666716337204,1.396775245666504,0.19390946626663208,0.9597077369689941,0.5553270578384399,0.6198829412460327,0.47055453062057495,0.4688010811805725,0.6208771467208862,0.44763365387916565,0.2330319881439209,0.4339180588722229,0.4339180588722229,0.16369816660881042,1.8332761526107788,1.6922204494476318,0.0,0.2702198922634125,0.2702198922634125,0.23527726531028748,0.23527726531028748,0.23420080542564392,-0.389543741941452,-0.23942077159881592,0.0,0.0010764598846435547,0.0010764598846435547,0.23440054059028625,0.23440054059028625,0.02740495279431343,1.3547242879867554,-0.9396186470985413,0.0,0.20699558779597282,0.20699558779597282,0.43461400270462036,0.43461400270462036,-0.0009208539850078523,1.8632856607437134,0.10708227753639221,0.0,0.4355348566896282,0.4355348566896282,0.22381682693958282,0.22381682693958282,0.22315756976604462,0.5832228660583496,0.2098834067583084,0.0,0.000659257173538208,0.000659257173538208,0.11651599407196045,0.11651599407196045,0.00749110896140337,0.8187358379364014,0.9054774045944214,0.0,0.10902488511055708,0.10902488511055708
655,21.833333333333332,4,0,0,,4,uneven rough,5,0.0,55.568931579589844,34.079376220703125,0.19481796026229858,1.0176905393600464,0.009619079530239105,1.0176905393600464,0.009619079530239105,1.6128044128417969,1.1016297340393066,0.1666666716337204,0.31490442156791687,0.15012404322624207,0.5088452696800232,0.004809539765119553,0.423781156539917,0.7039062976837158,0.16165800392627716,0.023623477667570114,0.18483969569206238,-0.270488440990448,0.2966468036174774,0.2966468036174774,0.15014666318893433,1.7279415130615234,1.2257579565048218,0.0,0.1465001404285431,0.1465001404285431,0.3519531488418579,0.3519531488418579,0.18479026854038239,1.5978621244430542,0.6756575703620911,0.0,0.16716288030147552,0.16716288030147552,0.08082900196313858,0.08082900196313858,0.04907359182834625,0.9117236733436584,-1.7165329456329346,0.0,0.03175541013479233,0.03175541013479233,0.01653643324971199,0.01653643324971199,0.23099566996097565,-2.000997304916382,-1.4546488523483276,0.0,-0.21445923671126366,-0.21445923671126366,0.09241984784603119,0.09241984784603119,0.10773021727800369,0.3418782949447632,0.5289869904518127,0.0,-0.015310369431972504,-0.015310369431972504,-0.135244220495224,-0.135244220495224,-0.09973540902137756,1.9335440397262573,-1.206811547279358,0.0,-0.035508811473846436,-0.035508811473846436
655,21.833333333333332,14,0,0,,4,uneven rough,5,0.0,54.66139602661133,36.799537658691406,0.28461897373199463,1.3635934591293335,0.03672633320093155,1.3635934591293335,0.03672633320093155,6.309676170349121,5.967022895812988,0.5,-0.23677095770835876,0.17584654688835144,0.6817967295646667,0.018363166600465775,-0.15698610246181488,0.3340744078159332,0.4880525469779968,0.484554260969162,0.10766831040382385,-0.07356750220060349,-0.10989026725292206,-0.10989026725292206,0.1472049504518509,-1.2215794324874878,-1.0990325212478638,0.0,-0.25709521770477295,-0.25709521770477295,0.1670372039079666,0.1670372039079666,0.03335518017411232,1.2265245914459229,-0.058199916034936905,0.0,0.1336820237338543,0.1336820237338543,0.2440262734889984,0.2440262734889984,0.21858905255794525,-0.056697551161050797,0.24990056455135345,0.0,0.02543722093105316,0.02543722093105316,0.33918797969818115,0.33918797969818115,0.3806297183036804,-1.6242589950561523,1.0333704948425293,0.0,-0.04144173860549927,-0.04144173860549927,0.053834155201911926,0.053834155201911926,0.1000593975186348,-1.9414597749710083,0.07892102003097534,0.0,-0.04622524231672287,-0.04622524231672287,-0.03678375110030174,-0.03678375110030174,-0.018001995980739594,-1.2065320014953613,0.4708668887615204,0.0,-0.01878175511956215,-0.01878175511956215
655,21.833333333333332,24,0,0,,4,uneven rough,10,0.0,83.78913879394531,33.36336135864258,0.40859776735305786,1.9455795288085938,0.9743203520774841,1.866332769393921,0.9743203520774841,9.632535934448242,3.7692134380340576,0.3333333432674408,1.1786301136016846,0.25807175040245056,0.9727897644042969,0.48716017603874207,0.12649552524089813,0.34919506311416626,0.28022879362106323,0.6807618737220764,0.6093801856040955,0.5452277660369873,0.08854686468839645,0.08854686468839645,0.13182979822158813,-1.641956090927124,1.7719736099243164,0.0,-0.04328293353319168,-0.04328293353319168,0.17459753155708313,0.17459753155708313,0.21446530520915985,-0.5196468830108643,-0.3243005573749542,0.0,-0.03986777365207672,-0.03986777365207672,0.14011439681053162,0.14011439681053162,0.07880483567714691,1.7284877300262451,0.35760697722435,0.0,0.061309561133384705,0.061309561133384705,0.47653329372406006,0.47653329372406006,0.06412214785814285,1.4721412658691406,1.1000428199768066,0.0,0.4124111458659172,0.4124111458659172,0.30469009280204773,0.30469009280204773,0.2560579776763916,0.9239404201507568,0.42097020149230957,0.0,0.04863211512565613,0.04863211512565613,0.27261388301849365,0.27261388301849365,0.032648488879203796,0.7378886342048645,0.8564335703849792,0.0,0.23996539413928986,0.23996539413928986
656,21.866666666666667,4,0,0,,4,uneven rough,5,0.0,55.54583740234375,34.1152458190918,0.19830475747585297,1.8196871280670166,0.4940449297428131,1.8196871280670166,0.4940449297428131,3.1961867809295654,2.294862747192383,0.5,0.5673587322235107,0.08859118819236755,0.9098435640335083,0.24702246487140656,0.2807121276855469,0.4593489170074463,-0.3335117995738983,0.12457621842622757,0.3437483608722687,-0.18103407323360443,0.19649848341941833,0.19649848341941833,0.19918566942214966,1.0891095399856567,1.5096935033798218,0.0,-0.0026871860027313232,-0.0026871860027313232,0.22967445850372314,0.22967445850372314,0.24828307330608368,1.597206950187683,1.1970736980438232,0.0,-0.018608614802360535,-0.018608614802360535,-0.16675589978694916,-0.16675589978694916,-0.005971231497824192,-1.8094333410263062,-0.23051193356513977,0.0,-0.16078466828912497,-0.16078466828912497,0.08720335364341736,0.08720335364341736,0.16435030102729797,-1.9464142322540283,-1.7635552883148193,0.0,-0.07714694738388062,-0.07714694738388062,0.17187418043613434,0.17187418043613434,0.13284288346767426,0.9496580362319946,0.42319539189338684,0.0,0.03903129696846008,0.03903129696846008,-0.09051703661680222,-0.09051703661680222,-0.06470804661512375,0.8133226633071899,0.5687511563301086,0.0,-0.025808990001678467,-0.025808990001678467
656,21.866666666666667,14,0,0,,4,uneven rough,5,0.0,54.63215637207031,36.8326416015625,0.2855581045150757,0.5063525438308716,-0.12605249881744385,0.5063525438308716,-0.12605249881744385,3.735482931137085,1.4292634725570679,0.1666666716337204,-0.2906394600868225,0.2212762087583542,0.2531762719154358,-0.06302624940872192,0.28790903091430664,-0.06102824583649635,0.36688685417175293,-0.12718185782432556,0.07879669964313507,-0.34072574973106384,0.20153631269931793,0.20153631269931793,0.16965435445308685,1.5384633541107178,-1.1683207750320435,0.0,0.03188195824623108,0.03188195824623108,-0.09764519333839417,-0.09764519333839417,-0.01731373555958271,-2.0004522800445557,0.6681856513023376,0.0,-0.08033145777881145,-0.08033145777881145,0.18344342708587646,0.18344342708587646,0.1756078600883484,-0.5791524648666382,0.07654944062232971,0.0,0.007835566997528076,0.007835566997528076,-0.0890273004770279,-0.0890273004770279,0.3140910565853119,-2.0023176670074463,-0.46925798058509827,0.0,-0.4031183570623398,-0.4031183570623398,0.039398349821567535,0.039398349821567535,0.030899768695235252,-1.3086459636688232,-1.0634058713912964,0.0,0.008498581126332283,0.008498581126332283,-0.17036287486553192,-0.17036287486553192,-0.018498532474040985,0.1016465574502945,-0.47753745317459106,0.0,-0.15186434239149094,-0.15186434239149094
656,21.866666666666667,24,0,0,,4,uneven rough,10,0.0,83.829345703125,33.31707000732422,0.39414846897125244,1.9686903953552246,0.5334528088569641,1.822575569152832,0.5334528088569641,9.834775924682617,2.690387725830078,0.3333333432674408,1.003314733505249,0.11418759822845459,0.9843451976776123,0.26672640442848206,0.5922299027442932,0.15009331703186035,0.02760198526084423,0.5567410588264465,0.5733181238174438,0.5414119958877563,0.4145609140396118,0.4145609140396118,0.16383837163448334,1.9693108797073364,-0.15826837718486786,0.0,0.2507225424051285,0.2507225424051285,0.07504665851593018,0.07504665851593018,0.1493804156780243,-1.9906712770462036,-0.4347497224807739,0.0,-0.07433375716209412,-0.07433375716209412,0.013800992630422115,0.013800992630422115,0.04173855483531952,-1.9992812871932983,1.1327054500579834,0.0,-0.027937562204897404,-0.027937562204897404,0.3897187411785126,0.3897187411785126,0.10569509118795395,1.4488685131072998,1.3104279041290283,0.0,0.2840236499905586,0.2840236499905586,0.2866590619087219,0.2866590619087219,0.26557475328445435,0.4393899440765381,0.7053504586219788,0.0,0.021084308624267578,0.021084308624267578,0.2707059979438782,0.2707059979438782,0.07384123653173447,0.12148372083902359,0.7894080281257629,0.0,0.1968647614121437,0.1968647614121437
657,21.9,4,0,0,,4,uneven rough,5,0.0,55.52195358276367,34.14610290527344,0.19857394695281982,1.6520648002624512,0.627712070941925,1.6520648002624512,0.627712070941925,5.383325099945068,2.379323959350586,0.3333333432674408,0.5248536467552185,0.0884895920753479,0.8260324001312256,0.3138560354709625,0.43887171149253845,0.04084194079041481,-0.17605772614479065,-0.035933736711740494,0.4525417685508728,-0.27457934617996216,0.30721020698547363,0.30721020698547363,0.26558244228363037,1.9709745645523071,1.2718945741653442,0.0,0.04162776470184326,0.04162776470184326,0.020420970395207405,0.020420970395207405,0.23502598702907562,1.5753471851348877,1.4233098030090332,0.0,-0.21460501663386822,-0.21460501663386822,-0.08802886307239532,-0.08802886307239532,-0.036723438650369644,-0.4734819233417511,-1.123236894607544,0.0,-0.05130542442202568,-0.05130542442202568,-0.025153614580631256,-0.025153614580631256,0.09710358083248138,-1.523684024810791,-1.8669440746307373,0.0,-0.12225719541311264,-0.12225719541311264,0.2262708842754364,0.2262708842754364,0.14704737067222595,1.8409970998764038,0.7208583354949951,0.0,0.07922351360321045,0.07922351360321045,-0.13728967308998108,-0.13728967308998108,-0.061278391629457474,-1.595621109008789,0.707032322883606,0.0,-0.0760112814605236,-0.0760112814605236
657,21.9,14,0,0,,4,uneven rough,5,0.0,54.59663391113281,36.86209487915039,0.28294190764427185,0.888312578201294,-0.035535842180252075,0.888312578201294,-0.035535842180252075,1.2425867319107056,5.377854347229004,0.5,0.12813261151313782,0.11044995486736298,0.444156289100647,-0.017767921090126038,0.11560890078544617,0.0003904215700458735,0.4909479320049286,0.3034311532974243,0.06313251703977585,-0.06841056793928146,0.08092623203992844,0.08092623203992844,0.13830216228961945,-1.956967830657959,0.36209985613822937,0.0,-0.05737593024969101,-0.05737593024969101,0.00019521078502293676,0.00019521078502293676,-0.019660141319036484,-0.4372553527355194,-0.8406670093536377,0.0,0.01985535210405942,0.01985535210405942,0.2454739660024643,0.2454739660024643,0.2085721790790558,0.24058860540390015,-0.2941855788230896,0.0,0.03690178692340851,0.03690178692340851,0.21240180730819702,0.21240180730819702,0.2548842132091522,-2.00667142868042,-1.336052656173706,0.0,-0.0424824059009552,-0.0424824059009552,0.031566258519887924,0.031566258519887924,0.07293481379747391,0.19899842143058777,-1.202065110206604,0.0,-0.04136855527758598,-0.04136855527758598,-0.03420528396964073,-0.03420528396964073,0.008715860545635223,0.3030911684036255,-0.15006577968597412,0.0,-0.042921144515275955,-0.042921144515275955
657,21.9,24,0,0,,4,uneven rough,10,0.0,83.86537170410156,33.262786865234375,0.38444942235946655,1.854299783706665,1.5135247707366943,1.809913158416748,1.5135247707366943,10.057662963867188,1.2172679901123047,0.1666666716337204,0.5427583456039429,0.34670495986938477,0.9271498918533325,0.7567623853683472,0.4154561758041382,0.1501079499721527,0.7887919545173645,0.6798996925354004,0.3544006049633026,0.33052679896354675,0.29081931710243225,0.29081931710243225,0.22954581677913666,1.9990330934524536,1.0446687936782837,0.0,0.06127350032329559,0.06127350032329559,0.07505397498607635,0.07505397498607635,0.09484534710645676,-0.7391573190689087,-1.3144705295562744,0.0,-0.0197913721203804,-0.0197913721203804,0.39439597725868225,0.39439597725868225,0.072072833776474,1.0386167764663696,-0.638125479221344,0.0,0.32232314348220825,0.32232314348220825,0.47592976689338684,0.47592976689338684,0.15947741270065308,1.1702518463134766,1.3887025117874146,0.0,0.31645235419273376,0.31645235419273376,0.1772003024816513,0.1772003024816513,0.20711180567741394,-1.9597147703170776,0.5549759268760681,0.0,-0.029911503195762634,-0.029911503195762634,0.16526339948177338,0.16526339948177338,0.11548419296741486,1.0258393287658691,0.41176241636276245,0.0,0.04977920651435852,0.04977920651435852
658,21.933333333333334,4,0,0,,4,uneven rough,5,0.0,55.4944953918457,34.17174530029297,0.2035938799381256,1.7847869396209717,0.02341792918741703,1.7847869396209717,0.02341792918741703,2.4509377479553223,4.899892330169678,0.6666666865348816,0.3300459384918213,0.10714904963970184,0.8923934698104858,0.011708964593708515,0.1662874072790146,0.1423168182373047,0.2648085653781891,-0.020565196871757507,0.3492743968963623,-0.3861042559146881,0.11640118062496185,0.11640118062496185,0.2714977264404297,-0.9437226057052612,1.6671556234359741,0.0,-0.15509654581546783,-0.15509654581546783,0.07115840911865234,0.07115840911865234,0.18023082613945007,-0.864158034324646,1.5092719793319702,0.0,-0.10907241702079773,-0.10907241702079773,0.13240428268909454,0.13240428268909454,0.024620847776532173,1.9980387687683105,-0.7558642625808716,0.0,0.10778343491256237,0.10778343491256237,-0.014395637437701225,-0.014395637437701225,0.04443151503801346,-1.5962047576904297,-1.6728641986846924,0.0,-0.058827152475714684,-0.058827152475714684,0.17463719844818115,0.17463719844818115,0.12651823461055756,0.03948844224214554,1.354186773300171,0.0,0.048118963837623596,0.048118963837623596,-0.19305212795734406,-0.19305212795734406,-0.10903661698102951,-1.9739488363265991,-0.5948920845985413,0.0,-0.08401551097631454,-0.08401551097631454
658,21.933333333333334,14,0,0,,4,uneven rough,5,0.0,54.563392639160156,36.889923095703125,0.2792869806289673,1.3641676902770996,-0.18110160529613495,1.3641676902770996,-0.18110160529613495,3.306706428527832,2.1898880004882812,0.3333333432674408,-0.06549260020256042,0.23255100846290588,0.6820838451385498,-0.09055080264806747,0.8478308916091919,-0.11484300345182419,-0.03344147652387619,-0.12071182578802109,0.30581170320510864,-0.4522922933101654,0.5934816002845764,0.5934816002845764,0.1645478457212448,1.5277925729751587,-0.9491052031517029,0.0,0.4289337545633316,0.4289337545633316,-0.18374881148338318,-0.18374881148338318,-0.05659674108028412,-0.5398563742637634,-0.6125773191452026,0.0,-0.12715207040309906,-0.12715207040309906,-0.016720738261938095,-0.016720738261938095,0.17023757100105286,-1.2176196575164795,0.00817669928073883,0.0,-0.18695830926299095,-0.18695830926299095,-0.08449827879667282,-0.08449827879667282,0.1832423061132431,-1.895770788192749,-1.7152217626571655,0.0,-0.2677405849099159,-0.2677405849099159,0.15290585160255432,0.15290585160255432,0.08897726982831955,1.9858019351959229,-0.4099012613296509,0.0,0.06392858177423477,0.06392858177423477,-0.2261461466550827,-0.2261461466550827,-0.009280677884817123,-0.4959958791732788,0.10614997148513794,0.0,-0.21686546877026558,-0.21686546877026558
658,21.933333333333334,24,0,0,,4,uneven rough,10,0.0,83.91248321533203,33.211402893066406,0.3790702819824219,1.9506908655166626,0.9962082505226135,1.8626614809036255,0.9962082505226135,6.178422451019287,7.719804286956787,0.6666666865348816,0.10598596185445786,0.3552817106246948,0.9753454327583313,0.49810412526130676,-0.36795908212661743,0.26222965121269226,0.7650744915008545,0.4925232529640198,0.5489630103111267,0.01867998205125332,-0.25757133960723877,-0.25757133960723877,0.19638653099536896,-1.910538673400879,1.5842680931091309,0.0,-0.4539578706026077,-0.4539578706026077,0.13111482560634613,0.13111482560634613,0.1343022584915161,0.1739078015089035,-0.9891874194145203,0.0,-0.003187432885169983,-0.003187432885169983,0.38253724575042725,0.38253724575042725,0.12446725368499756,1.466475486755371,0.30990758538246155,0.0,0.2580699920654297,0.2580699920654297,0.3447662591934204,0.3447662591934204,0.23139867186546326,1.9320852756500244,1.2651901245117188,0.0,0.11336758732795715,0.11336758732795715,0.27448150515556335,0.27448150515556335,0.26084253191947937,1.0997161865234375,-0.8668347001075745,0.0,0.013638973236083984,0.013638973236083984,0.00933999102562666,0.00933999102562666,0.05926922336220741,-1.9684573411941528,0.7589625716209412,0.0,-0.04992923233658075,-0.04992923233658075
659,21.966666666666665,4,0,0,,4,uneven rough,5,0.0,55.47523498535156,34.20240783691406,0.20847654342651367,1.8677904605865479,-0.7513646483421326,1.8677904605865479,-0.7513646483421326,9.47868824005127,5.036332130432129,0.3333333432674408,0.2550734877586365,0.22856900095939636,0.9338952302932739,-0.3756823241710663,0.6476777791976929,0.1099705621600151,0.5596569776535034,0.3082197904586792,0.18857096135616302,-0.30869901180267334,0.453374445438385,0.453374445438385,0.30059605836868286,0.7143176794052124,0.19096040725708008,0.0,0.15277838706970215,0.15277838706970215,0.05498528108000755,0.05498528108000755,0.11983051896095276,-1.3851081132888794,0.16733038425445557,0.0,-0.0648452378809452,-0.0648452378809452,0.2798284888267517,0.2798284888267517,0.07403939217329025,-1.8989224433898926,0.8011974692344666,0.0,0.20578909665346146,0.20578909665346146,0.21575385332107544,0.21575385332107544,0.04168451577425003,1.2753231525421143,-1.6295207738876343,0.0,0.1740693375468254,0.1740693375468254,0.09428548067808151,0.09428548067808151,0.07770255953073502,-0.6682962775230408,0.6108539700508118,0.0,0.016582921147346497,0.016582921147346497,-0.15434950590133667,-0.15434950590133667,-0.16156575083732605,-0.7353869080543518,-1.3746132850646973,0.0,0.00721624493598938,0.00721624493598938
659,21.966666666666665,14,0,0,,4,uneven rough,5,0.0,54.53672409057617,36.92071533203125,0.28402233123779297,1.2768831253051758,0.4757421910762787,1.2768831253051758,0.4757421910762787,3.4660096168518066,0.9896392226219177,0.3333333432674408,0.1525256335735321,0.019357070326805115,0.6384415626525879,0.23787109553813934,0.48710566759109497,-0.03307516500353813,-0.38042744994163513,0.30684277415275574,0.06750313192605972,-0.18679401278495789,0.34097397327423096,0.34097397327423096,0.22636781632900238,1.7839754819869995,0.45133721828460693,0.0,0.11460615694522858,0.11460615694522858,-0.05292026326060295,-0.05292026326060295,-0.061830874532461166,1.1155016422271729,-0.5714607834815979,0.0,0.008910611271858215,0.008910611271858215,-0.19021372497081757,-0.19021372497081757,0.10777431726455688,-1.9737037420272827,-0.6848907470703125,0.0,-0.29798804223537445,-0.29798804223537445,0.21478994190692902,0.21478994190692902,0.17745253443717957,0.8851420879364014,-1.8173044919967651,0.0,0.03733740746974945,0.03733740746974945,0.03375156596302986,0.03375156596302986,0.05184921622276306,-1.4980000257492065,0.9446336030960083,0.0,-0.0180976502597332,-0.0180976502597332,-0.09339700639247894,-0.09339700639247894,-0.048793405294418335,-0.5698241591453552,-0.23430436849594116,0.0,-0.04460360109806061,-0.04460360109806061
659,21.966666666666665,24,0,0,,4,uneven rough,10,0.0,83.95887756347656,33.16057586669922,0.3674001097679138,1.923758625984192,1.147346019744873,1.8646330833435059,1.147346019744873,9.499902725219727,0.5150002241134644,0.1666666716337204,-0.08326368033885956,0.13487164676189423,0.961879312992096,0.5736730098724365,0.6179754137992859,0.11138059198856354,-0.10956166684627533,0.5870203971862793,0.5200518369674683,0.2837303876876831,0.4325827956199646,0.4325827956199646,0.21025483310222626,1.452495813369751,-0.39170190691947937,0.0,0.22232796251773834,0.22232796251773834,0.05569029599428177,0.05569029599428177,0.08726253360509872,0.17561207711696625,-0.3315712809562683,0.0,-0.031572237610816956,-0.031572237610816956,-0.054780833423137665,-0.054780833423137665,0.06538252532482147,-2.0164084434509277,0.9638331532478333,0.0,-0.12016335874795914,-0.12016335874795914,0.41091427206993103,0.41091427206993103,0.2873138189315796,1.928792119026184,1.6422537565231323,0.0,0.12360045313835144,0.12360045313835144,0.26002591848373413,0.26002591848373413,0.22898852825164795,-0.7945536375045776,0.24505668878555298,0.0,0.03103739023208618,0.03103739023208618,0.14186519384384155,0.14186519384384155,0.08272894471883774,1.1348437070846558,-0.7831255793571472,0.0,0.059136249125003815,0.059136249125003815
660,22.0,4,0,0,,4,uneven rough,5,0.0,55.45329284667969,34.237159729003906,0.21913838386535645,1.6581122875213623,0.21344208717346191,1.6581122875213623,0.21344208717346191,5.05341911315918,4.018036842346191,0.3333333432674408,0.21477210521697998,0.13010774552822113,0.8290561437606812,0.10672104358673096,-0.1206078976392746,0.5915874242782593,0.5956114530563354,0.8024427890777588,0.299928218126297,0.5298493504524231,-0.08442552387714386,-0.08442552387714386,0.24538664519786835,-1.9575620889663696,0.4868675470352173,0.0,-0.3298121690750122,-0.3298121690750122,0.29579371213912964,0.29579371213912964,0.18511812388896942,1.6433849334716797,-0.7104211449623108,0.0,0.11067558825016022,0.11067558825016022,0.2978057265281677,0.2978057265281677,0.11012312769889832,0.6889804005622864,-0.7254551649093628,0.0,0.1876825988292694,0.1876825988292694,0.5617099404335022,0.5617099404335022,0.10861435532569885,1.9561225175857544,0.012883190996944904,0.0,0.45309558510780334,0.45309558510780334,0.1499641090631485,0.1499641090631485,0.14477719366550446,1.721642017364502,-0.11237986385822296,0.0,0.005186915397644043,0.005186915397644043,0.26492467522621155,0.26492467522621155,-0.09384163469076157,1.989615559577942,-1.0131936073303223,0.0,0.3587663099169731,0.3587663099169731
660,22.0,14,0,0,,4,uneven rough,5,0.0,54.50992965698242,36.94664764404297,0.29572275280952454,1.370032787322998,0.10026901215314865,1.370032787322998,0.10026901215314865,5.706625938415527,1.5452501773834229,0.3333333432674408,-0.016674241051077843,0.15220674872398376,0.685016393661499,0.050134506076574326,-0.2678107023239136,0.15313199162483215,0.12217869609594345,0.38974031805992126,-0.015084433369338512,-0.19090168178081512,-0.18746748566627502,-0.18746748566627502,0.18037687242031097,-1.9220422506332397,1.2048132419586182,0.0,-0.367844358086586,-0.367844358086586,0.07656599581241608,0.07656599581241608,0.004688253626227379,1.9943199157714844,0.3823508024215698,0.0,0.0718777421861887,0.0718777421861887,0.061089348047971725,0.061089348047971725,0.06053592637181282,-0.6186176538467407,-1.4135879278182983,0.0,0.000553421676158905,0.000553421676158905,0.2728182077407837,0.2728182077407837,0.24681012332439423,1.7680329084396362,-0.28933632373809814,0.0,0.026008084416389465,0.026008084416389465,-0.02413509413599968,-0.02413509413599968,-0.009502597153186798,-2.0010197162628174,-0.4364358186721802,0.0,-0.014632496982812881,-0.014632496982812881,-0.09545084089040756,-0.09545084089040756,-0.06673889607191086,0.2045474797487259,-0.4240078628063202,0.0,-0.028711944818496704,-0.028711944818496704
660,22.0,24,0,0,,4,uneven rough,10,0.0,84.00711059570312,33.11567687988281,0.35969483852386475,1.8808228969573975,0.5287249684333801,1.8808228969573975,0.5287249684333801,9.58928394317627,0.67584627866745,0.1666666716337204,-0.8194108009338379,0.35152000188827515,0.9404114484786987,0.26436248421669006,-0.3862099349498749,-0.1219382956624031,0.5734940767288208,0.5722194910049438,0.47460976243019104,0.2395748794078827,-0.2703469395637512,-0.2703469395637512,0.16108478605747223,-1.9737205505371094,0.6510108113288879,0.0,-0.43143172562122345,-0.43143172562122345,-0.1951012760400772,-0.1951012760400772,0.04737899452447891,-0.9988162517547607,-0.04480889439582825,0.0,-0.24248027056455612,-0.24248027056455612,0.2867470383644104,0.2867470383644104,0.0841679498553276,0.49250897765159607,-0.7212007641792297,0.0,0.2025790885090828,0.2025790885090828,0.4005536437034607,0.4005536437034607,0.3571622371673584,1.9081603288650513,1.8042631149291992,0.0,0.043391406536102295,0.043391406536102295,0.23730488121509552,0.23730488121509552,0.21125319600105286,0.9355477094650269,-0.34274086356163025,0.0,0.026051685214042664,0.026051685214042664,0.11978743970394135,0.11978743970394135,0.08146478235721588,0.8156630396842957,0.30129769444465637,0.0,0.038322657346725464,0.038322657346725464
661,22.03333333333333,4,0,0,,4,uneven rough,5,0.0,55.43280029296875,34.2722053527832,0.2199290692806244,1.7607673406600952,0.7382997274398804,1.7607673406600952,0.7382997274398804,8.415499687194824,4.816234588623047,0.3333333432674408,0.1762477159500122,0.06916648149490356,0.8803836703300476,0.3691498637199402,0.41240930557250977,0.36510637402534485,-0.33477458357810974,0.3789534866809845,0.39380040764808655,0.44765129685401917,0.28868651390075684,0.28868651390075684,0.2554101049900055,1.72696852684021,-0.8952173590660095,0.0,0.03327640891075134,0.03327640891075134,0.18255318701267242,0.18255318701267242,0.1944437474012375,-0.7132623791694641,0.6204250454902649,0.0,-0.011890560388565063,-0.011890560388565063,-0.16738729178905487,-0.16738729178905487,0.05087004229426384,-1.9039143323898315,0.07426924258470535,0.0,-0.2182573340833187,-0.2182573340833187,0.26526743173599243,0.26526743173599243,0.1662045121192932,1.8871926069259644,1.1115942001342773,0.0,0.09906291961669922,0.09906291961669922,0.19690020382404327,0.19690020382404327,0.19011850655078888,0.5860162377357483,0.924579381942749,0.0,0.0067816972732543945,0.0067816972732543945,0.22382564842700958,0.22382564842700958,-0.040722236037254333,1.7999653816223145,0.6846001148223877,0.0,0.2645478844642639,0.2645478844642639
661,22.03333333333333,14,0,0,,4,uneven rough,5,0.0,54.480712890625,36.97316360473633,0.30574047565460205,1.2057781219482422,1.0908522605895996,1.2057781219482422,1.0908522605895996,6.348455429077148,2.6393775939941406,0.3333333432674408,-0.0384613573551178,0.01669917069375515,0.6028890609741211,0.5454261302947998,0.37292635440826416,0.23435719311237335,0.10512744635343552,0.0994575172662735,-0.07414164394140244,-0.30278313159942627,0.26104843616485596,0.26104843616485596,0.23780815303325653,1.8970108032226562,-0.5631164312362671,0.0,0.023240283131599426,0.023240283131599426,0.11717859655618668,0.11717859655618668,0.0721869096159935,1.9655022621154785,1.2937610149383545,0.0,0.044991686940193176,0.044991686940193176,0.05256372317671776,0.05256372317671776,0.04484212026000023,0.20698484778404236,-0.9641103148460388,0.0,0.007721602916717529,0.007721602916717529,0.06962025910615921,0.06962025910615921,0.18871866166591644,-1.8769601583480835,0.8739039301872253,0.0,-0.11909840255975723,-0.11909840255975723,-0.11862663179636002,-0.11862663179636002,-0.0774945616722107,-1.967068076133728,-1.3210543394088745,0.0,-0.04113207012414932,-0.04113207012414932,-0.15139156579971313,-0.15139156579971313,-0.09363552927970886,-0.4491472840309143,-0.06862155348062515,0.0,-0.05775603652000427,-0.05775603652000427
661,22.03333333333333,24,0,0,,4,uneven rough,10,0.0,84.05752563476562,33.07295608520508,0.35085374116897583,1.8694225549697876,0.8995184898376465,1.8694225549697876,0.8995184898376465,9.088802337646484,1.9526056051254272,0.3333333432674408,-0.7239456176757812,0.17852620780467987,0.9347112774848938,0.44975924491882324,-0.011048239655792713,0.02541966363787651,0.13098037242889404,0.5105639696121216,0.462337464094162,0.29715606570243835,-0.007733767852187157,-0.007733767852187157,0.0957922637462616,-1.7725379467010498,-0.8330169916152954,0.0,-0.10352603159844875,-0.10352603159844875,0.012709831818938255,0.012709831818938255,0.006298363674432039,0.9029251337051392,-0.5842063426971436,0.0,0.006411468144506216,0.006411468144506216,0.06549018621444702,0.06549018621444702,0.08249954879283905,0.6056957840919495,-0.0349670872092247,0.0,-0.01700936257839203,-0.01700936257839203,0.3573947846889496,0.3573947846889496,0.37696462869644165,-1.2320445775985718,1.863006830215454,0.0,-0.019569844007492065,-0.019569844007492065,0.231168732047081,0.231168732047081,0.23987537622451782,1.0527284145355225,0.38000577688217163,0.0,-0.008706644177436829,-0.008706644177436829,0.14857803285121918,0.14857803285121918,0.1374991238117218,2.0002009868621826,0.5921207666397095,0.0,0.011078909039497375,0.011078909039497375
662,22.066666666666666,4,0,0,,4,uneven rough,5,0.0,55.41054153442383,34.30379104614258,0.212707057595253,1.600900411605835,0.08269226551055908,1.600900411605835,0.08269226551055908,5.1875786781311035,1.7067821025848389,0.22325170040130615,0.13679257035255432,0.23555073142051697,0.8004502058029175,0.04134613275527954,-0.10948611050844193,0.2826915383338928,0.15613415837287903,0.305059552192688,0.45525699853897095,0.20470263063907623,-0.07664027810096741,-0.07664027810096741,0.23304054141044617,-1.26869797706604,0.5873712301254272,0.0,-0.3096808195114136,-0.3096808195114136,0.1413457691669464,0.1413457691669464,0.1575101912021637,-0.543268084526062,-0.1336442083120346,0.0,-0.016164422035217285,-0.016164422035217285,0.07806707918643951,0.07806707918643951,0.057623282074928284,1.2226479053497314,-1.0441993474960327,0.0,0.02044379711151123,0.02044379711151123,0.2135416865348816,0.2135416865348816,0.23175987601280212,1.27837073802948,1.5501189231872559,0.0,-0.018218189477920532,-0.018218189477920532,0.22762849926948547,0.22762849926948547,0.20841489732265472,0.6014239192008972,0.7331551909446716,0.0,0.01921360194683075,0.01921360194683075,0.10235131531953812,0.10235131531953812,0.028240544721484184,2.0000014305114746,1.3152296543121338,0.0,0.07411077059805393,0.07411077059805393
662,22.066666666666666,14,0,0,,4,uneven rough,5,0.0,54.447471618652344,36.996761322021484,0.30443593859672546,1.4284908771514893,0.048758380115032196,1.4284908771514893,0.048758380115032196,5.299895286560059,2.6281166076660156,0.3333333432674408,-0.08642224967479706,0.06039747595787048,0.7142454385757446,0.024379190057516098,-0.06389248371124268,0.026518410071730614,0.422041118144989,0.0634278655052185,0.06069117411971092,-0.6200482845306396,-0.044724736362695694,-0.044724736362695694,0.21758441627025604,-1.643286943435669,0.8278439044952393,0.0,-0.26230915263295174,-0.26230915263295174,0.013259205035865307,0.013259205035865307,0.0880855843424797,-1.7143895626068115,1.6735647916793823,0.0,-0.0748263793066144,-0.0748263793066144,0.2110205590724945,0.2110205590724945,0.09751278907060623,2.029538631439209,-0.3019710183143616,0.0,0.11350777000188828,0.11350777000188828,0.044399503618478775,0.044399503618478775,0.13488194346427917,-1.9730273485183716,-0.6814395785331726,0.0,-0.0904824398458004,-0.0904824398458004,0.03034558705985546,0.03034558705985546,-0.04932210594415665,1.2912143468856812,-1.6863117218017578,0.0,0.07966769300401211,0.07966769300401211,-0.3100241422653198,-0.3100241422653198,-0.0808989405632019,1.0368576049804688,-0.28377148509025574,0.0,-0.22912520170211792,-0.22912520170211792
662,22.066666666666666,24,0,0,,4,uneven rough,10,0.0,84.10802459716797,33.031375885009766,0.3553883135318756,1.8801124095916748,1.3135039806365967,1.862742304801941,1.3135039806365967,9.227362632751465,1.5723896026611328,0.1666666716337204,-0.4291205108165741,0.2142300307750702,0.9400562047958374,0.6567519903182983,0.4580549895763397,-0.2241646945476532,-0.21037031710147858,0.03764626383781433,0.4691597521305084,0.12971822917461395,0.3206384778022766,0.3206384778022766,0.11674655973911285,0.3701004981994629,-1.364223837852478,0.0,0.20389191806316376,0.20389191806316376,-0.35866352915763855,-0.35866352915763855,-0.012567723169922829,1.0941557884216309,0.25662046670913696,0.0,-0.3460958059877157,-0.3460958059877157,-0.10518515855073929,-0.10518515855073929,0.0209422055631876,-1.7585238218307495,0.32726484537124634,0.0,-0.1261273641139269,-0.1261273641139269,0.02635238505899906,0.02635238505899906,0.30557987093925476,-1.9999998807907104,0.11305920779705048,0.0,-0.2792274858802557,-0.2792274858802557,0.2345798760652542,0.2345798760652542,0.1965017467737198,0.4927990138530731,0.7603643536567688,0.0,0.038078129291534424,0.038078129291534424,0.06485911458730698,0.06485911458730698,0.1026807427406311,-2.0000011920928955,1.3882519006729126,0.0,-0.03782162815332413,-0.03782162815332413
663,22.1,4,0,0,,4,uneven rough,5,0.0,55.38869857788086,34.337486267089844,0.2166323959827423,1.6878265142440796,0.5134902000427246,1.6878265142440796,0.5134902000427246,8.600397109985352,2.4461703300476074,0.1666666716337204,0.10121236741542816,0.11362965404987335,0.8439132571220398,0.2567451000213623,0.47373586893081665,0.2800310254096985,0.018918044865131378,0.3565753996372223,0.3103579580783844,-0.04279565438628197,0.3316150903701782,0.3316150903701782,0.27745509147644043,1.9833321571350098,-0.4620536267757416,0.0,0.05415999889373779,0.05415999889373779,0.14001551270484924,0.14001551270484924,0.15944555401802063,0.5634749531745911,-0.3652462959289551,0.0,-0.019430041313171387,-0.019430041313171387,0.009459022432565689,0.009459022432565689,0.037299994379282,-1.4110174179077148,0.23748014867305756,0.0,-0.02784097194671631,-0.02784097194671631,0.2496027797460556,0.2496027797460556,0.2290063351392746,-0.28314805030822754,1.3964720964431763,0.0,0.020596444606781006,0.020596444606781006,0.1551789790391922,0.1551789790391922,0.14913809299468994,-1.9713401794433594,0.6586740612983704,0.0,0.006040886044502258,0.006040886044502258,-0.021397827193140984,-0.021397827193140984,0.0028982048388570547,-1.69757878780365,1.702400803565979,0.0,-0.02429603203199804,-0.02429603203199804
663,22.1,14,0,0,,4,uneven rough,5,0.0,54.41619873046875,37.021697998046875,0.30373257398605347,1.5691087245941162,0.41646188497543335,1.5691087245941162,0.41646188497543335,6.036555290222168,5.63812255859375,0.5,0.1466912031173706,0.2690655589103699,0.7845543622970581,0.20823094248771667,0.9266495704650879,-0.11051234602928162,-0.22067494690418243,-0.10339919477701187,0.3688831329345703,-0.28305763006210327,0.6486546993255615,0.6486546993255615,0.25522056221961975,1.8867543935775757,-0.5693379044532776,0.0,0.3934341371059418,0.3934341371059418,-0.17681975662708282,-0.17681975662708282,0.03868511691689491,-1.4398200511932373,-0.24199068546295166,0.0,-0.21550487354397774,-0.21550487354397774,-0.11033747345209122,-0.11033747345209122,0.04820481687784195,-0.6873406171798706,1.0162687301635742,0.0,-0.15854229032993317,-0.15854229032993317,-0.07237943261861801,-0.07237943261861801,0.06986847519874573,-1.5886294841766357,-1.4117056131362915,0.0,-0.14224790781736374,-0.14224790781736374,0.18444156646728516,0.18444156646728516,-0.02030145563185215,1.511815071105957,-0.0028131690341979265,0.0,0.2047430220991373,0.2047430220991373,-0.14152881503105164,-0.14152881503105164,-0.11382181942462921,-1.1452503204345703,0.4629145860671997,0.0,-0.027706995606422424,-0.027706995606422424
663,22.1,24,0,0,,4,uneven rough,10,0.0,84.15689086914062,32.9913444519043,0.35268089175224304,1.809842586517334,0.9388813972473145,1.809842586517334,0.9388813972473145,9.122068405151367,0.0,0.0,-0.10756753385066986,0.04663652181625366,0.904921293258667,0.4694406986236572,0.3477749824523926,-0.32532742619514465,0.18382783234119415,0.09955638647079468,0.08174014836549759,-0.6701802015304565,0.24344249069690704,0.24344249069690704,0.17693358659744263,2.0,-0.3836337625980377,0.0,0.06650890409946442,0.06650890409946442,-0.5205239057540894,-0.5205239057540894,-0.0769474059343338,-1.9932781457901,0.7301644682884216,0.0,-0.44357649981975555,-0.44357649981975555,0.09191391617059708,0.09191391617059708,0.06648246943950653,2.0000014305114746,-0.8520438075065613,0.0,0.025431446731090546,0.025431446731090546,0.06968946754932404,0.06968946754932404,0.23609080910682678,-1.9998602867126465,-1.0816681385040283,0.0,-0.16640134155750275,-0.16640134155750275,0.040870074182748795,0.040870074182748795,0.1309075504541397,-1.9999998807907104,0.6090824007987976,0.0,-0.09003747627139091,-0.09003747627139091,-0.33509010076522827,-0.33509010076522827,0.046867191791534424,-1.9994508028030396,-0.5274724364280701,0.0,-0.3819572925567627,-0.3819572925567627
664,22.133333333333333,4,0,0,,4,uneven rough,5,0.0,55.36159896850586,34.36790466308594,0.23035107553005219,1.6174981594085693,0.19613146781921387,1.6174981594085693,0.19613146781921387,8.316606521606445,2.1670382022857666,0.1666666716337204,-0.23208454251289368,0.17663072049617767,0.8087490797042847,0.09806573390960693,-0.30951136350631714,0.5140781998634338,0.17505256831645966,0.07240163534879684,0.10451488196849823,-0.24837006628513336,-0.21665795147418976,-0.21665795147418976,0.2763606905937195,-0.7599462866783142,0.9205718636512756,0.0,-0.49301864206790924,-0.49301864206790924,0.2570390999317169,0.2570390999317169,0.22646412253379822,1.8635507822036743,0.15985436737537384,0.0,0.0305749773979187,0.0305749773979187,0.08752628415822983,0.08752628415822983,0.01969332993030548,-0.97780442237854,-0.6945833563804626,0.0,0.06783295422792435,0.06783295422792435,0.05068114399909973,0.05068114399909973,0.19804568588733673,-1.6977226734161377,0.44681185483932495,0.0,-0.147364541888237,-0.147364541888237,0.052257440984249115,0.052257440984249115,0.10006602108478546,-1.5949056148529053,-0.8283407092094421,0.0,-0.047808580100536346,-0.047808580100536346,-0.12418503314256668,-0.12418503314256668,-0.024376142770051956,-1.0963364839553833,-0.2199537307024002,0.0,-0.09980889037251472,-0.09980889037251472
664,22.133333333333333,14,0,0,,4,uneven rough,5,0.0,54.392845153808594,37.05582046508789,0.30431249737739563,1.3927786350250244,-1.1225367784500122,1.3927786350250244,-1.1225367784500122,2.687041997909546,8.284431457519531,0.8333333730697632,0.1551281213760376,0.08209389448165894,0.6963893175125122,-0.5612683892250061,0.7570761442184448,-0.011373062618076801,0.21851542592048645,0.304763525724411,0.2642465829849243,-0.392471581697464,0.5299533009529114,0.5299533009529114,0.30745425820350647,1.5397253036499023,0.8193410634994507,0.0,0.2224990427494049,0.2224990427494049,-0.01819690130650997,-0.01819690130650997,0.008308337070047855,-1.300169825553894,-0.9192455410957336,0.0,-0.026505238376557827,-0.026505238376557827,0.10925771296024323,0.10925771296024323,0.05821263790130615,0.13132697343826294,0.05304495245218277,0.0,0.05104507505893707,0.05104507505893707,0.21333447098731995,0.21333447098731995,0.10039807856082916,1.9792641401290894,-1.511738657951355,0.0,0.11293639242649078,0.11293639242649078,0.13212329149246216,0.13212329149246216,0.03800161927938461,1.9314918518066406,0.8535603284835815,0.0,0.09412167221307755,0.09412167221307755,-0.196235790848732,-0.196235790848732,-0.1455909013748169,0.5927578210830688,-0.4463447332382202,0.0,-0.0506448894739151,-0.0506448894739151
664,22.133333333333333,24,0,0,,4,uneven rough,10,0.0,84.20912170410156,32.958168029785156,0.3400776982307434,1.8265836238861084,0.2788591682910919,1.8265836238861084,0.2788591682910919,9.556510925292969,0.0,0.0,-0.09420627355575562,0.1722579002380371,0.9132918119430542,0.13942958414554596,0.03198207542300224,-0.19615237414836884,0.5860012769699097,0.04414212331175804,0.09505412727594376,-0.6727458238601685,0.02238745242357254,0.02238745242357254,0.14695172011852264,-1.5090436935424805,0.9640770554542542,0.0,-0.1245642676949501,-0.1245642676949501,-0.31384381651878357,-0.31384381651878357,-0.14411765336990356,-1.9460358619689941,-0.809674859046936,0.0,-0.16972616314888,-0.16972616314888,0.29300063848495483,0.29300063848495483,0.12802909314632416,0.2595478594303131,0.7605077028274536,0.0,0.16497154533863068,0.16497154533863068,0.03089948557317257,0.03089948557317257,0.18199259042739868,-1.9084162712097168,-1.6008156538009644,0.0,-0.1510931048542261,-0.1510931048542261,0.04752706363797188,0.04752706363797188,0.06569965928792953,-1.2138758897781372,-0.8660973906517029,0.0,-0.018172595649957657,-0.018172595649957657,-0.33637291193008423,-0.33637291193008423,-0.01849387213587761,-2.00007963180542,-1.359731674194336,0.0,-0.3178790397942066,-0.3178790397942066
665,22.166666666666668,4,0,0,,4,uneven rough,5,0.0,55.32862091064453,34.39460372924805,0.23276105523109436,1.5210025310516357,0.5958442091941833,1.5210025310516357,0.5958442091941833,3.94419527053833,4.815070152282715,0.3333333432674408,-0.23800775408744812,0.18400061130523682,0.7605012655258179,0.2979221045970917,0.28911522030830383,-0.38002556562423706,0.5045183300971985,-0.05766286700963974,0.5331916213035583,-0.6707485318183899,0.20238065719604492,0.20238065719604492,0.22974129021167755,-1.7079278230667114,-0.029596099629998207,0.0,-0.02736063301563263,-0.02736063301563263,-0.6080409288406372,-0.6080409288406372,0.21889880299568176,-1.5093128681182861,1.1231273412704468,0.0,-0.826939731836319,-0.826939731836319,0.25225916504859924,0.25225916504859924,0.061640433967113495,1.561827301979065,-0.8547170758247375,0.0,0.19061873108148575,0.19061873108148575,-0.04036400467157364,-0.04036400467157364,0.1444862186908722,-1.3545536994934082,-0.765711784362793,0.0,-0.18485022336244583,-0.18485022336244583,0.2665958106517792,0.2665958106517792,0.14273102581501007,1.9966461658477783,-1.2617578506469727,0.0,0.1238647848367691,0.1238647848367691,-0.33537426590919495,-0.33537426590919495,-0.031827762722969055,0.7950301766395569,-0.7154620885848999,0.0,-0.3035465031862259,-0.3035465031862259
665,22.166666666666668,14,0,0,,4,uneven rough,5,0.0,54.368743896484375,37.08781814575195,0.30877792835235596,1.4463331699371338,0.14255140721797943,1.4463331699371338,0.14255140721797943,3.246821880340576,1.796400785446167,0.3333333432674408,0.03644979000091553,0.2252434492111206,0.7231665849685669,0.07127570360898972,-0.4349917471408844,0.42396271228790283,0.18314111232757568,0.4793774485588074,0.6171404719352722,-0.2303566038608551,-0.3044942319393158,-0.3044942319393158,0.27404356002807617,-1.7996734380722046,1.2266476154327393,0.0,-0.578537791967392,-0.578537791967392,0.21198135614395142,0.21198135614395142,0.06474686414003372,1.9455571174621582,-1.1346207857131958,0.0,0.1472344920039177,0.1472344920039177,0.09157055616378784,0.09157055616378784,0.08209580183029175,0.1349554806947708,0.09730574488639832,0.0,0.009474754333496094,0.009474754333496094,0.33556419610977173,0.33556419610977173,0.1712750643491745,1.998850703239441,0.46208056807518005,0.0,0.16428913176059723,0.16428913176059723,0.3085702359676361,0.3085702359676361,0.11732178926467896,2.0004782676696777,1.4630247354507446,0.0,0.19124844670295715,0.19124844670295715,-0.11517830193042755,-0.11517830193042755,-0.11086958646774292,0.5512272119522095,0.14116571843624115,0.0,-0.004308715462684631,-0.004308715462684631
665,22.166666666666668,24,0,0,,4,uneven rough,10,0.0,84.26587677001953,32.92812728881836,0.32108527421951294,1.8428058624267578,1.0507258176803589,1.830308198928833,1.0507258176803589,8.7071533203125,0.4587549567222595,0.1666666716337204,0.2548115849494934,0.27351245284080505,0.9214029312133789,0.5253629088401794,0.6712721586227417,-0.13867300748825073,-0.09428025782108307,0.1455988734960556,0.06899521499872208,-0.2990485727787018,0.4698905050754547,0.4698905050754547,0.1885652244091034,1.2926045656204224,-0.43422985076904297,0.0,0.2813252806663513,0.2813252806663513,-0.2218768149614334,-0.2218768149614334,-0.1954827755689621,-1.4997516870498657,-1.4521753787994385,0.0,-0.026394039392471313,-0.026394039392471313,-0.047140128910541534,-0.047140128910541534,0.0556378997862339,-1.966665267944336,0.4772641062736511,0.0,-0.10277802869677544,-0.10277802869677544,0.10191921144723892,0.10191921144723892,0.11206606775522232,-1.6544479131698608,-1.774733543395996,0.0,-0.010146856307983398,-0.010146856307983398,0.03449760749936104,0.03449760749936104,0.02504054084420204,0.8437690734863281,-1.0627319812774658,0.0,0.009457066655158997,0.009457066655158997,-0.1495242863893509,-0.1495242863893509,-0.04831719771027565,0.579882800579071,-1.721785545349121,0.0,-0.10120708867907524,-0.10120708867907524
666,22.2,4,0,0,,4,uneven rough,5,0.0,55.2974739074707,34.425113677978516,0.22815914452075958,1.8524473905563354,0.022192692384123802,1.8524473905563354,0.022192692384123802,7.492190361022949,4.968886852264404,0.3333333432674408,-0.28491073846817017,0.1928151547908783,0.9262236952781677,0.011096346192061901,0.9255183935165405,0.11016357690095901,-0.32848063111305237,0.14852547645568848,0.6149212718009949,-0.32197535037994385,0.6478628516197205,0.6478628516197205,0.2589186728000641,1.1962652206420898,-0.978527843952179,0.0,0.38894417881965637,0.38894417881965637,0.05508178845047951,0.05508178845047951,0.15642154216766357,-1.8821706771850586,-0.365259051322937,0.0,-0.10133975371718407,-0.10133975371718407,-0.16424031555652618,-0.16424031555652618,0.02336040511727333,-1.8626246452331543,0.511601448059082,0.0,-0.18760072067379951,-0.18760072067379951,0.1039678305387497,0.1039678305387497,0.080518439412117,-1.1834263801574707,-1.0986440181732178,0.0,0.02344939112663269,0.02344939112663269,0.30746063590049744,0.30746063590049744,0.18523798882961273,0.7038958668708801,0.5805495977401733,0.0,0.1222226470708847,0.1222226470708847,-0.16098767518997192,-0.16098767518997192,-0.05192450061440468,-0.8073791861534119,0.13857294619083405,0.0,-0.10906317457556725,-0.10906317457556725
666,22.2,14,0,0,,4,uneven rough,5,0.0,54.34150695800781,37.11257553100586,0.30508819222450256,1.1350758075714111,1.6041566133499146,1.1350758075714111,1.6041566133499146,4.6788835525512695,1.1652381420135498,0.1666666716337204,0.16996511816978455,0.1541188806295395,0.5675379037857056,0.8020783066749573,0.28488293290138245,0.21563446521759033,-0.16512051224708557,0.6046838760375977,0.3988419771194458,0.230573832988739,0.1994180530309677,0.1994180530309677,0.2160162776708603,-1.3537613153457642,-0.4844397008419037,0.0,-0.016598224639892578,-0.016598224639892578,0.10781723260879517,0.10781723260879517,0.10839372873306274,0.5202752947807312,0.6069173216819763,0.0,-0.0005764961242675781,-0.0005764961242675781,-0.08256025612354279,-0.08256025612354279,0.04165355861186981,-1.9798961877822876,0.11859297752380371,0.0,-0.1242138147354126,-0.1242138147354126,0.42327871918678284,0.42327871918678284,0.23911605775356293,1.9773222208023071,1.3309731483459473,0.0,0.1841626614332199,0.1841626614332199,0.1994209885597229,0.1994209885597229,0.17535482347011566,1.8812514543533325,1.7669018507003784,0.0,0.02406616508960724,0.02406616508960724,0.1152869164943695,0.1152869164943695,-0.06117161735892296,1.418718695640564,0.37301522493362427,0.0,0.17645853385329247,0.17645853385329247
666,22.2,24,0,0,,4,uneven rough,10,0.0,84.32162475585938,32.88999938964844,0.297885537147522,1.8800654411315918,0.24567730724811554,1.8512115478515625,0.24567730724811554,5.496181488037109,3.2837600708007812,0.3333333432674408,0.153840571641922,0.13456198573112488,0.9400327205657959,0.12283865362405777,0.5093797445297241,-0.0931193083524704,-0.06637459248304367,0.480745792388916,0.6301436424255371,-0.009893619455397129,0.35656580328941345,0.35656580328941345,0.2526106834411621,1.987600564956665,0.542125403881073,0.0,0.10395511984825134,0.10395511984825134,-0.14899089932441711,-0.14899089932441711,-0.14578773081302643,1.068212866783142,-1.4790750741958618,0.0,-0.003203168511390686,-0.003203168511390686,-0.033187296241521835,-0.033187296241521835,-0.011036991141736507,-2.000000476837158,-0.9045379161834717,0.0,-0.022150305099785328,-0.022150305099785328,0.33652204275131226,0.33652204275131226,0.1350165605545044,1.961708903312683,-1.7067238092422485,0.0,0.20150548219680786,0.20150548219680786,0.31507182121276855,0.31507182121276855,0.0907616838812828,1.0491024255752563,0.015207144431769848,0.0,0.22431013733148575,0.22431013733148575,-0.0049468097276985645,-0.0049468097276985645,-0.004344718065112829,1.1971232891082764,-0.4204181730747223,0.0,-0.0006020916625857353,-0.0006020916625857353
667,22.233333333333334,4,0,0,,4,uneven rough,5,0.0,55.27973175048828,34.46551513671875,0.23625418543815613,1.8638489246368408,0.37498196959495544,1.8624743223190308,0.37498196959495544,8.56087875366211,4.63800573348999,0.3333333432674408,-0.19425120949745178,0.14756853878498077,0.9319244623184204,0.18749098479747772,0.5108305215835571,0.31019750237464905,0.12512780725955963,0.21589255332946777,0.05305789038538933,0.3314594626426697,0.35758134722709656,0.35758134722709656,0.3217199742794037,2.000058174133301,0.25110405683517456,0.0,0.03586137294769287,0.03586137294769287,0.15509875118732452,0.15509875118732452,0.13402102887630463,0.34549465775489807,-1.2229236364364624,0.0,0.021077722311019897,0.021077722311019897,0.06256390362977982,0.06256390362977982,0.05938950926065445,0.7117688655853271,-0.8307902216911316,0.0,0.003174394369125366,0.003174394369125366,0.15112479031085968,0.15112479031085968,0.09738773852586746,2.0430874824523926,-1.1465801000595093,0.0,0.05373705178499222,0.05373705178499222,0.026528945192694664,0.026528945192694664,0.14263001084327698,-1.4351023435592651,0.65028977394104,0.0,-0.11610106565058231,-0.11610106565058231,0.16572973132133484,0.16572973132133484,0.012857688590884209,2.0130555629730225,-0.39627009630203247,0.0,0.15287204273045063,0.15287204273045063
667,22.233333333333334,14,0,0,,4,uneven rough,5,0.0,54.31630325317383,37.13600158691406,0.2911456823348999,1.386138916015625,0.3790578246116638,1.386138916015625,0.3790578246116638,6.627799034118652,1.3416517972946167,0.3333333432674408,-0.026792049407958984,0.0973438248038292,0.6930694580078125,0.1895289123058319,0.4096270203590393,0.037983592599630356,-0.029528014361858368,0.3576655685901642,0.29736489057540894,0.11323101818561554,0.28673890233039856,0.28673890233039856,0.2648288905620575,1.8951207399368286,-0.9759557247161865,0.0,0.021910011768341064,0.021910011768341064,0.018991796299815178,0.018991796299815178,0.04303055256605148,-1.9540742635726929,0.5579297542572021,0.0,-0.024038756266236305,-0.024038756266236305,-0.014764007180929184,-0.014764007180929184,-0.020274030044674873,-1.3999005556106567,-1.0678966045379639,0.0,0.005510022863745689,0.005510022863745689,0.25036588311195374,0.25036588311195374,0.24148669838905334,0.09789183735847473,1.6964200735092163,0.0,0.00887918472290039,0.00887918472290039,0.14868244528770447,0.14868244528770447,0.15506428480148315,-0.5104948282241821,1.8315552473068237,0.0,-0.0063818395137786865,-0.0063818395137786865,0.05661550909280777,0.05661550909280777,0.006510310806334019,2.000070810317993,0.9642578363418579,0.0,0.05010519828647375,0.05010519828647375
667,22.233333333333334,24,0,0,,4,uneven rough,10,0.0,84.37767791748047,32.854286193847656,0.2759552299976349,1.80078125,1.2292169332504272,1.80078125,1.2292169332504272,9.326277732849121,0.0,0.0,0.13433235883712769,0.21465419232845306,0.900390625,0.6146084666252136,-0.24275003373622894,-0.06146465986967087,0.3712383508682251,0.7458463907241821,0.5391216278076172,0.01775568723678589,-0.1699250191450119,-0.1699250191450119,0.2204807698726654,-1.964837670326233,1.359399676322937,0.0,-0.3904057890176773,-0.3904057890176773,-0.09834345430135727,-0.09834345430135727,-0.08340984582901001,1.416846752166748,-0.03883390128612518,0.0,-0.01493360847234726,-0.01493360847234726,0.18561917543411255,0.18561917543411255,0.02799879014492035,2.12385630607605,-1.5239144563674927,0.0,0.1576203852891922,0.1576203852891922,0.5220924615859985,0.5220924615859985,0.20501430332660675,1.4593795537948608,0.3674146234989166,0.0,0.3170781582593918,0.3170781582593918,0.2695608139038086,0.2695608139038086,0.1493045687675476,0.0047900862991809845,0.5997734069824219,0.0,0.12025624513626099,0.12025624513626099,0.008877843618392944,0.008877843618392944,0.03372480347752571,1.900396466255188,0.49414268136024475,0.0,-0.024846959859132767,-0.024846959859132767
668,22.266666666666666,4,0,0,,4,uneven rough,5,0.0,55.25707244873047,34.504737854003906,0.2404782772064209,1.6237093210220337,-0.4035329818725586,1.6237093210220337,-0.4035329818725586,8.514323234558105,0.7713979482650757,0.1666666716337204,-0.37511444091796875,0.21636007726192474,0.8118546605110168,-0.2017664909362793,-0.49187251925468445,0.6385655403137207,0.10559824109077454,0.4895961880683899,0.32762449979782104,0.0993499755859375,-0.3443107604980469,-0.3443107604980469,0.299838662147522,-1.3835783004760742,1.239965796470642,0.0,-0.6441494226455688,-0.6441494226455688,0.31928277015686035,0.31928277015686035,0.1999969780445099,1.5638870000839233,-0.33613714575767517,0.0,0.11928579211235046,0.11928579211235046,0.05279912054538727,0.05279912054538727,0.051617253571748734,-0.6262583136558533,0.04137545824050903,0.0,0.0011818669736385345,0.0011818669736385345,0.34271731972694397,0.34271731972694397,0.16938337683677673,1.734920859336853,0.6568636894226074,0.0,0.17333394289016724,0.17333394289016724,0.16381224989891052,0.16381224989891052,0.1577102541923523,0.7603856921195984,-0.5287946462631226,0.0,0.0061019957065582275,0.0061019957065582275,0.04967498779296875,0.04967498779296875,0.05090935528278351,-1.830119252204895,0.9659669399261475,0.0,-0.0012343674898147583,-0.0012343674898147583
668,22.266666666666666,14,0,0,,4,uneven rough,5,0.0,54.290245056152344,37.160614013671875,0.2792702317237854,1.5356906652450562,0.05647101253271103,1.5356906652450562,0.05647101253271103,4.650585651397705,0.8628592491149902,0.1666666716337204,0.008646568283438683,0.1753992736339569,0.7678453326225281,0.028235506266355515,0.016852611675858498,0.17335245013237,0.5983385443687439,0.49505528807640076,0.39792755246162415,-0.30570995807647705,0.011796828359365463,0.011796828359365463,0.2131304293870926,-1.8598344326019287,0.6473560333251953,0.0,-0.20133360102772713,-0.20133360102772713,0.086676225066185,0.086676225066185,0.07740814983844757,-0.3188556134700775,-0.8623618483543396,0.0,0.009268075227737427,0.009268075227737427,0.29916927218437195,0.29916927218437195,0.009163484908640385,1.7406169176101685,-1.2556122541427612,0.0,0.29000578727573156,0.29000578727573156,0.3465386927127838,0.3465386927127838,0.3107619285583496,1.9618476629257202,0.7926093339920044,0.0,0.035776764154434204,0.035776764154434204,0.19896377623081207,0.19896377623081207,0.2120465189218521,0.4721108078956604,0.5073559284210205,0.0,-0.013082742691040039,-0.013082742691040039,-0.15285497903823853,-0.15285497903823853,-0.03941531479358673,-2.003926992416382,1.5499083995819092,0.0,-0.1134396642446518,-0.1134396642446518
668,22.266666666666666,24,0,0,,4,uneven rough,10,0.0,84.43787384033203,32.82267379760742,0.2761695086956024,1.9346143007278442,1.1011605262756348,1.8544584512710571,1.1011605262756348,9.489534378051758,3.157989501953125,0.3333333432674408,0.6645203828811646,0.19572153687477112,0.9673071503639221,0.5505802631378174,0.34615620970726013,0.1466454416513443,-0.07097015529870987,0.16550074517726898,0.34677475690841675,0.22274331748485565,0.2423093467950821,0.2423093467950821,0.25088590383529663,0.8718072772026062,-0.5201300978660583,0.0,-0.008576557040214539,-0.008576557040214539,0.07332272082567215,0.07332272082567215,-0.01808641292154789,1.9558446407318115,0.7842105627059937,0.0,0.09140913374722004,0.09140913374722004,-0.035485077649354935,-0.035485077649354935,0.026843629777431488,-0.8050360083580017,0.5385416746139526,0.0,-0.06232870742678642,-0.06232870742678642,0.1158505231142044,0.1158505231142044,0.1509799361228943,-1.8075227737426758,0.9848135709762573,0.0,-0.03512941300868988,-0.03512941300868988,0.17338737845420837,0.17338737845420837,0.13746096193790436,-0.3986667990684509,0.26336875557899475,0.0,0.035926416516304016,0.035926416516304016,0.11137165874242783,0.11137165874242783,0.09576548635959625,1.8996250629425049,1.289241075515747,0.0,0.015606172382831573,0.015606172382831573
669,22.3,4,0,0,,4,uneven rough,5,0.0,55.236122131347656,34.538387298583984,0.23540642857551575,1.4647533893585205,1.5699623823165894,1.4647533893585205,1.5699623823165894,8.204631805419922,3.3333334922790527,0.1666666716337204,-0.08129560947418213,0.07027427852153778,0.7323766946792603,0.7849811911582947,0.43891724944114685,0.13628771901130676,-0.0989333912730217,0.46516188979148865,0.27945372462272644,0.2128036618232727,0.3072420656681061,0.3072420656681061,0.2807912230491638,-0.043365247547626495,-0.243390753865242,0.0,0.02645084261894226,0.02645084261894226,0.06814385950565338,0.06814385950565338,0.13287392258644104,-1.9770879745483398,0.7381399273872375,0.0,-0.06473006308078766,-0.06473006308078766,-0.04946669563651085,-0.04946669563651085,0.017244165763258934,0.05212573707103729,-0.3361058831214905,0.0,-0.06671086139976978,-0.06671086139976978,0.3256133198738098,0.3256133198738098,0.2326560765504837,1.768646240234375,1.2663991451263428,0.0,0.09295724332332611,0.09295724332332611,0.13972686231136322,0.13972686231136322,0.12283405661582947,-0.08431029319763184,0.20011022686958313,0.0,0.016892805695533752,0.016892805695533752,0.10640183091163635,0.10640183091163635,0.06052173301577568,-0.9115598201751709,-0.6149452328681946,0.0,0.04588009789586067,0.04588009789586067
669,22.3,14,0,0,,4,uneven rough,5,0.0,54.26713562011719,37.18511962890625,0.28184276819229126,1.0978080034255981,1.5779037475585938,1.0978080034255981,1.5779037475585938,6.083700180053711,4.327210426330566,0.3333333432674408,0.08732877671718597,0.13877615332603455,0.5489040017127991,0.7889518737792969,0.5461072325706482,0.12897391617298126,0.0043005864135921,0.0871003270149231,0.07021233439445496,0.1645227074623108,0.3822750449180603,0.3822750449180603,0.27350765466690063,1.929402470588684,-0.7702139616012573,0.0,0.10876739025115967,0.10876739025115967,0.06448695808649063,0.06448695808649063,0.03858022764325142,-0.41277027130126953,-0.555062472820282,0.0,0.025906730443239212,0.025906730443239212,0.00215029320679605,0.00215029320679605,0.034418296068906784,1.076492428779602,0.4384610950946808,0.0,-0.032268002862110734,-0.032268002862110734,0.06097022816538811,0.06097022816538811,0.24818938970565796,-1.8812565803527832,1.453698754310608,0.0,-0.18721916154026985,-0.18721916154026985,0.03510616719722748,0.03510616719722748,0.16273991763591766,-1.225188970565796,0.4874282777309418,0.0,-0.12763375043869019,-0.12763375043869019,0.0822613537311554,0.0822613537311554,-0.027031434699892998,0.19351501762866974,-0.45943647623062134,0.0,0.1092927884310484,0.1092927884310484
669,22.3,24,0,0,,4,uneven rough,10,0.0,84.4965591430664,32.797054290771484,0.2713741064071655,1.9272979497909546,0.10527753084897995,1.8623204231262207,0.10527753084897995,6.869917869567871,0.9281482100486755,0.3333333432674408,0.9963129758834839,0.20770475268363953,0.9636489748954773,0.052638765424489975,0.3168932795524597,-0.31951412558555603,-0.038459450006484985,0.13106605410575867,0.7781171798706055,-0.6216990351676941,0.22182528674602509,0.22182528674602509,0.2422666847705841,-1.2670137882232666,0.2668738067150116,0.0,-0.02044139802455902,-0.02044139802455902,-0.5112226009368896,-0.5112226009368896,-0.016539737582206726,0.03705157712101936,1.4466545581817627,0.0,-0.4946828633546829,-0.4946828633546829,-0.019229725003242493,-0.019229725003242493,-0.011688686907291412,-0.916297972202301,-0.22111955285072327,0.0,-0.00754103809595108,-0.00754103809595108,0.09174623340368271,0.09174623340368271,0.1004418209195137,-1.1254370212554932,-0.5939784049987793,0.0,-0.008695587515830994,-0.008695587515830994,0.38905858993530273,0.38905858993530273,0.16162589192390442,1.813621997833252,-0.11094733327627182,0.0,0.22743269801139832,0.22743269801139832,-0.31084951758384705,-0.31084951758384705,0.10733088105916977,-0.26778116822242737,1.6343532800674438,0.0,-0.4181803986430168,-0.4181803986430168
670,22.333333333333332,4,0,0,,4,uneven rough,5,0.0,55.20610046386719,34.56874465942383,0.22310543060302734,1.7068885564804077,-0.1713859587907791,1.7068885564804077,-0.1713859587907791,7.147395133972168,3.7175793647766113,0.3333333432674408,0.05501276254653931,0.19261935353279114,0.8534442782402039,-0.08569297939538956,-0.44762635231018066,-0.07286962866783142,0.3151446282863617,0.05750306323170662,0.30298173427581787,0.02426830492913723,-0.31333842873573303,-0.31333842873573303,0.2466815561056137,-0.8454307913780212,-0.13029597699642181,0.0,-0.5600199848413467,-0.5600199848413467,-0.11659140884876251,-0.11659140884876251,0.0730566680431366,-1.986016869544983,-0.7970548272132874,0.0,-0.1896480768918991,-0.1896480768918991,0.15757231414318085,0.15757231414318085,0.06134076789021492,0.31991061568260193,-0.11659903079271317,0.0,0.09623154625296593,0.09623154625296593,0.04025214537978172,0.04025214537978172,0.230231374502182,-1.7612662315368652,1.5503705739974976,0.0,-0.18997922912240028,-0.18997922912240028,0.15149086713790894,0.15149086713790894,0.15740975737571716,1.969409704208374,0.03929835185408592,0.0,-0.0059188902378082275,-0.0059188902378082275,0.012134152464568615,0.012134152464568615,0.04381633922457695,0.5519384145736694,-0.7826516628265381,0.0,-0.031682186760008335,-0.031682186760008335
670,22.333333333333332,14,0,0,,4,uneven rough,5,0.0,54.235740661621094,37.203697204589844,0.2885690927505493,1.4780254364013672,-0.3268910050392151,1.4780254364013672,-0.3268910050392151,3.2150866985321045,3.1090312004089355,0.3333333432674408,0.24150797724723816,0.10424166172742844,0.7390127182006836,-0.16344550251960754,0.07999550551176071,0.15404847264289856,0.29809290170669556,-0.14710399508476257,0.2764662802219391,-0.4196731150150299,0.0559968538582325,0.0559968538582325,0.25200480222702026,-1.7919089794158936,0.7561540007591248,0.0,-0.19600794836878777,-0.19600794836878777,0.07702423632144928,0.07702423632144928,0.06049826741218567,0.2839094400405884,-0.47461020946502686,0.0,0.01652596890926361,0.01652596890926361,0.14904645085334778,0.14904645085334778,0.08027029037475586,1.8079954385757446,0.7992051839828491,0.0,0.06877616047859192,0.06877616047859192,-0.10297279804944992,-0.10297279804944992,0.20994748175144196,-1.2974380254745483,-0.43189093470573425,0.0,-0.3129202798008919,-0.3129202798008919,0.13823314011096954,0.13823314011096954,0.16457073390483856,-0.12451715767383575,-0.48088857531547546,0.0,-0.02633759379386902,-0.02633759379386902,-0.20983655750751495,-0.20983655750751495,-0.06180797517299652,-0.9207431077957153,-0.09025653451681137,0.0,-0.14802858233451843,-0.14802858233451843
670,22.333333333333332,24,0,0,,4,uneven rough,10,0.0,84.55103302001953,32.76581573486328,0.26596570014953613,1.9200795888900757,1.04392409324646,1.8683195114135742,1.04392409324646,8.843059539794922,3.4736058712005615,0.3333333432674408,0.8073212504386902,0.32233768701553345,0.9600397944450378,0.52196204662323,0.7713496088981628,-0.6248962879180908,-0.15886624157428741,0.3578434884548187,0.7334915399551392,-0.4893692433834076,0.5399447083473206,0.5399447083473206,0.2557326853275299,1.4791104793548584,-0.6003890037536621,0.0,0.28421202301979065,0.28421202301979065,-0.9998340606689453,-0.9998340606689453,-0.02464786358177662,-0.3530307412147522,0.6496624946594238,0.0,-0.9751861970871687,-0.9751861970871687,-0.07943312078714371,-0.07943312078714371,-0.06273625791072845,-1.0683332681655884,-0.6141746640205383,0.0,-0.016696862876415253,-0.016696862876415253,0.2504904270172119,0.2504904270172119,0.13266468048095703,1.9572473764419556,-0.8944661021232605,0.0,0.11782574653625488,0.11782574653625488,0.3667457699775696,0.3667457699775696,0.21571053564548492,1.9797784090042114,0.977207601070404,0.0,0.15103523433208466,0.15103523433208466,-0.2446846216917038,-0.2446846216917038,0.05788329243659973,-1.1021661758422852,0.5588830709457397,0.0,-0.30256791412830353,-0.30256791412830353
671,22.366666666666667,4,0,0,,4,uneven rough,5,0.0,55.17354202270508,34.59592056274414,0.22007229924201965,1.6526492834091187,0.5684743523597717,1.6526492834091187,0.5684743523597717,5.692789077758789,2.248443603515625,0.3333333432674408,0.459086149930954,0.1783512830734253,0.8263246417045593,0.28423717617988586,0.7219452857971191,0.10001198202371597,-0.22702984511852264,-0.003914000932127237,0.17517319321632385,-0.16203279793262482,0.5053616762161255,0.5053616762161255,0.2977807819843292,1.8023377656936646,-0.5346344709396362,0.0,0.20758089423179626,0.20758089423179626,0.050005991011857986,0.050005991011857986,0.024325218051671982,-0.1771872490644455,-1.4692960977554321,0.0,0.025680772960186005,0.025680772960186005,-0.11351492255926132,-0.11351492255926132,-0.009531168267130852,-2.0292863845825195,0.13020430505275726,0.0,-0.10398375429213047,-0.10398375429213047,-0.0027398006059229374,-0.0027398006059229374,0.16474862396717072,-1.7114545106887817,-0.3220348358154297,0.0,-0.16748842457309365,-0.16748842457309365,0.08758659660816193,0.08758659660816193,0.1366383135318756,-0.7534566521644592,1.1305867433547974,0.0,-0.049051716923713684,-0.049051716923713684,-0.08101639896631241,-0.08101639896631241,-0.006277705077081919,-1.6877508163452148,-0.02807203307747841,0.0,-0.07473869388923049,-0.07473869388923049
671,22.366666666666667,14,0,0,,4,uneven rough,5,0.0,54.20619201660156,37.226871490478516,0.29952722787857056,1.455751657485962,-0.002750551560893655,1.455751657485962,-0.002750551560893655,4.88597297668457,2.0962626934051514,0.3333333432674408,0.07022052258253098,0.23085159063339233,0.727875828742981,-0.0013752757804468274,0.7876978516578674,0.1505756378173828,0.33902010321617126,0.07297264039516449,0.16359825432300568,-0.5150724649429321,0.5513885021209717,0.5513885021209717,0.2955947816371918,1.9950538873672485,-0.6845253705978394,0.0,0.2557937204837799,0.2557937204837799,0.0752878189086914,0.0752878189086914,0.060495976358652115,0.46375200152397156,-0.045741841197013855,0.0,0.014791842550039291,0.014791842550039291,0.16951005160808563,0.16951005160808563,0.11274565756320953,1.1611329317092896,1.3695770502090454,0.0,0.0567643940448761,0.0567643940448761,0.0510808490216732,0.0510808490216732,0.14085663855075836,-1.9995800256729126,-0.9212728142738342,0.0,-0.08977578952908516,-0.08977578952908516,0.08179912716150284,0.08179912716150284,0.11326172947883606,-1.3878177404403687,-0.27939555048942566,0.0,-0.03146260231733322,-0.03146260231733322,-0.25753623247146606,-0.25753623247146606,-0.09929566830396652,-1.0221995115280151,-0.5598151087760925,0.0,-0.15824056416749954,-0.15824056416749954
671,22.366666666666667,24,0,0,,4,uneven rough,10,0.0,84.60476684570312,32.739898681640625,0.2626238465309143,1.9661144018173218,1.0025542974472046,1.8839019536972046,1.0025542974472046,6.100750923156738,6.6666669845581055,0.3333333432674408,0.8934985995292664,0.19538894295692444,0.9830572009086609,0.5012771487236023,-0.13687185943126678,-0.3323236405849457,0.05849612504243851,0.49215587973594666,0.5402517318725586,0.01417878270149231,-0.09581030160188675,-0.09581030160188675,0.21473322808742523,-1.9998981952667236,0.5753637552261353,0.0,-0.310543529689312,-0.310543529689312,-0.531717836856842,-0.531717836856842,-0.05938679724931717,-0.24946501851081848,0.08273795247077942,0.0,-0.47233103960752487,-0.47233103960752487,0.029248062521219254,0.029248062521219254,-0.01467956230044365,1.9632983207702637,-0.8709567189216614,0.0,0.0439276248216629,0.0439276248216629,0.3445091247558594,0.3445091247558594,0.20268812775611877,1.980498194694519,0.7178978323936462,0.0,0.1418209969997406,0.1418209969997406,0.2701258659362793,0.2701258659362793,0.24852938950061798,0.5502879619598389,1.5440629720687866,0.0,0.021596476435661316,0.021596476435661316,0.007089391350746155,0.007089391350746155,0.008717779070138931,-1.4644254446029663,-0.380277156829834,0.0,-0.0016283877193927765,-0.0016283877193927765
672,22.4,4,0,0,,4,uneven rough,5,0.0,55.138023376464844,34.61849594116211,0.21988245844841003,1.5485390424728394,-0.3416469097137451,1.5485390424728394,-0.3416469097137451,2.7345871925354004,2.9846744537353516,0.3333333432674408,0.3195577561855316,0.06530594825744629,0.7742695212364197,-0.17082345485687256,0.27020230889320374,-0.0006479060975834727,0.4421372711658478,0.06234971806406975,0.3230780363082886,-0.41734743118286133,0.18914161622524261,0.18914161622524261,0.27247560024261475,-1.9951452016830444,0.786693811416626,0.0,-0.08333398401737213,-0.08333398401737213,-0.001036649802699685,-0.001036649802699685,0.007463805843144655,-1.3763611316680908,-0.7387354373931885,0.0,-0.00850045564584434,-0.00850045564584434,0.2210686355829239,0.2210686355829239,0.008342416025698185,0.9949935078620911,-1.0907756090164185,0.0,0.2127262195572257,0.2127262195572257,0.043644800782203674,0.043644800782203674,0.10610763728618622,-1.9785470962524414,-1.1076152324676514,0.0,-0.062462836503982544,-0.062462836503982544,0.1615390181541443,0.1615390181541443,0.16895903646945953,0.6872357726097107,0.06534523516893387,0.0,-0.007420018315315247,-0.007420018315315247,-0.20867371559143066,-0.20867371559143066,-0.015287388116121292,-0.17067617177963257,-0.9664573669433594,0.0,-0.19338632747530937,-0.19338632747530937
672,22.4,14,0,0,,4,uneven rough,5,0.0,54.172828674316406,37.25151443481445,0.31050631403923035,1.3852245807647705,-1.0767565965652466,1.3852245807647705,-1.0767565965652466,2.7932326793670654,2.581770896911621,0.3333333432674408,0.13486401736736298,0.1589219868183136,0.6926122903823853,-0.5383782982826233,0.3152139484882355,0.40265530347824097,0.5566911101341248,0.019713545218110085,0.2957867383956909,-0.5056968331336975,0.22064976394176483,0.22064976394176483,0.28967541456222534,-1.5147278308868408,0.8305135369300842,0.0,-0.06902565062046051,-0.06902565062046051,0.20132765173912048,0.20132765173912048,0.12812520563602448,1.9905003309249878,0.24232688546180725,0.0,0.07320244610309601,0.07320244610309601,0.2783455550670624,0.2783455550670624,0.17161673307418823,1.7205411195755005,1.2517223358154297,0.0,0.10672882199287415,0.10672882199287415,0.013799481093883514,0.013799481093883514,0.08460889011621475,-1.8316951990127563,-1.530949592590332,0.0,-0.07080940902233124,-0.07080940902233124,0.14789336919784546,0.14789336919784546,0.15768715739250183,1.1479820013046265,-0.9060994386672974,0.0,-0.009793788194656372,-0.009793788194656372,-0.25284841656684875,-0.25284841656684875,-0.12739703059196472,-0.37863868474960327,-0.8212480545043945,0.0,-0.12545138597488403,-0.12545138597488403
672,22.4,24,0,0,,4,uneven rough,10,0.0,84.6622314453125,32.71556854248047,0.27199262380599976,1.924756407737732,-0.06810356676578522,1.885765790939331,-0.06810356676578522,9.60732650756836,1.4824249744415283,0.1840827316045761,0.6592986583709717,0.10816445201635361,0.962378203868866,-0.03405178338289261,0.45210063457489014,0.09503605216741562,-0.10926029086112976,0.24569600820541382,0.3615797460079193,0.16231213510036469,0.3164704442024231,0.3164704442024231,0.2670522928237915,1.8638979196548462,-0.8806939721107483,0.0,0.04941815137863159,0.04941815137863159,0.04751802608370781,0.04751802608370781,-0.004750497173517942,1.9051560163497925,-0.1050902009010315,0.0,0.05226852325722575,0.05226852325722575,-0.05463014543056488,-0.05463014543056488,-0.035661645233631134,-1.5201712846755981,0.7315361499786377,0.0,-0.018968500196933746,-0.018968500196933746,0.17198720574378967,0.17198720574378967,0.16097813844680786,-1.23302161693573,1.431774377822876,0.0,0.011009067296981812,0.011009067296981812,0.18078987300395966,0.18078987300395966,0.21041947603225708,-1.9554858207702637,0.9821807742118835,0.0,-0.029629603028297424,-0.029629603028297424,0.08115606755018234,0.08115606755018234,0.04853633791208267,0.8265237808227539,-0.9932565093040466,0.0,0.03261972963809967,0.03261972963809967
673,22.433333333333334,4,0,0,,4,uneven rough,5,0.0,55.109073638916016,34.64501190185547,0.22242645919322968,1.8356040716171265,0.2009977549314499,1.8356040716171265,0.2009977549314499,6.891208171844482,3.70790958404541,0.3333333432674408,0.41990432143211365,0.26450127363204956,0.9178020358085632,0.10049887746572495,0.8732932806015015,-0.012143622152507305,0.1660173237323761,0.4264307916164398,0.3159257471561432,-0.16932503879070282,0.611305296421051,0.611305296421051,0.259960412979126,0.8663667440414429,-0.7861629724502563,0.0,0.35134488344192505,0.35134488344192505,-0.019429795444011688,-0.019429795444011688,-0.022153759375214577,0.7475408911705017,-1.0992501974105835,0.0,0.0027239639312028885,0.0027239639312028885,0.08300866186618805,0.08300866186618805,0.021532872691750526,0.9289495348930359,0.08852199465036392,0.0,0.06147578917443752,0.06147578917443752,0.29850155115127563,0.29850155115127563,0.12072329223155975,1.842233657836914,-1.6000416278839111,0.0,0.17777825891971588,0.17777825891971588,0.1579628735780716,0.1579628735780716,0.16269858181476593,-0.5624646544456482,0.41696324944496155,0.0,-0.004735708236694336,-0.004735708236694336,-0.08466251939535141,-0.08466251939535141,-0.048980239778757095,-1.5889755487442017,-0.5165212750434875,0.0,-0.035682279616594315,-0.035682279616594315
673,22.433333333333334,14,0,0,,4,uneven rough,5,0.0,54.14534378051758,37.279605865478516,0.31455984711647034,1.356140375137329,-0.06542205065488815,1.356140375137329,-0.06542205065488815,5.24660587310791,4.090780258178711,0.5,0.03724160045385361,0.2790089547634125,0.6780701875686646,-0.03271102532744408,0.9219979643821716,0.14516329765319824,0.21355199813842773,0.18862409889698029,0.49630212783813477,-0.29695191979408264,0.6453985571861267,0.6453985571861267,0.2917492091655731,0.1820656657218933,-0.495490163564682,0.0,0.3536493480205536,0.3536493480205536,0.07258164882659912,0.07258164882659912,0.1166195347905159,-0.8084232807159424,1.2307473421096802,0.0,-0.04403788596391678,-0.04403788596391678,0.10677599906921387,0.10677599906921387,0.1464911550283432,-1.9288493394851685,1.5167932510375977,0.0,-0.039715155959129333,-0.039715155959129333,0.13203686475753784,0.13203686475753784,0.06497910618782043,1.2311303615570068,-1.7009916305541992,0.0,0.06705775856971741,0.06705775856971741,0.24815106391906738,0.24815106391906738,0.18253210186958313,1.6509358882904053,0.25528186559677124,0.0,0.06561896204948425,0.06561896204948425,-0.14847595989704132,-0.14847595989704132,-0.1260247379541397,-0.21678638458251953,-0.5709959268569946,0.0,-0.02245122194290161,-0.02245122194290161
673,22.433333333333334,24,0,0,,4,uneven rough,10,0.0,84.717529296875,32.690956115722656,0.2752663493156433,1.8537781238555908,0.6217054724693298,1.8537781238555908,0.6217054724693298,8.643892288208008,1.4940955638885498,0.1666666716337204,0.7584285140037537,0.1771756112575531,0.9268890619277954,0.3108527362346649,-0.266781210899353,0.2604316174983978,0.6466001868247986,0.42046046257019043,0.38461393117904663,-0.2491627335548401,-0.18674685060977936,-0.18674685060977936,0.20738273859024048,-1.998810887336731,0.6711032390594482,0.0,-0.39412958920001984,-0.39412958920001984,0.1302158087491989,0.1302158087491989,0.06267449259757996,1.9975318908691406,1.0315066576004028,0.0,0.06754131615161896,0.06754131615161896,0.3233000934123993,0.3233000934123993,0.01673564314842224,2.0000016689300537,-0.5415832996368408,0.0,0.30656445026397705,0.30656445026397705,0.29432231187820435,0.29432231187820435,0.2266155630350113,1.9936593770980835,-0.07490606606006622,0.0,0.06770674884319305,0.06770674884319305,0.19230696558952332,0.19230696558952332,0.17332467436790466,-0.25499433279037476,-0.6787811517715454,0.0,0.018982291221618652,0.018982291221618652,-0.12458136677742004,-0.12458136677742004,-0.006909646559506655,-1.9697089195251465,0.03565052151679993,0.0,-0.11767172021791339,-0.11767172021791339
674,22.466666666666665,4,0,0,,4,uneven rough,5,0.0,55.08708572387695,34.67515563964844,0.2413259744644165,1.548943042755127,-0.22377581894397736,1.548943042755127,-0.22377581894397736,6.003228187561035,0.4940975606441498,0.1666666716337204,0.2022486925125122,0.12034876644611359,0.7744715213775635,-0.11188790947198868,0.19692333042621613,0.3887806236743927,0.25988319516181946,0.5773029327392578,0.17065775394439697,0.0814032182097435,0.13784633576869965,0.13784633576869965,0.20782335102558136,-1.979329228401184,0.1481802761554718,0.0,-0.06997701525688171,-0.06997701525688171,0.19439031183719635,0.19439031183719635,0.03987690061330795,2.0016024112701416,-0.05507119372487068,0.0,0.1545134112238884,0.1545134112238884,0.12994159758090973,0.12994159758090973,0.08073684573173523,1.8798025846481323,0.5637012124061584,0.0,0.0492047518491745,0.0492047518491745,0.4041120409965515,0.4041120409965515,0.18855735659599304,1.9162968397140503,0.3462270200252533,0.0,0.21555468440055847,0.21555468440055847,0.08532887697219849,0.08532887697219849,0.10765155404806137,-2.0087082386016846,-0.13680703938007355,0.0,-0.022322677075862885,-0.022322677075862885,0.04070160910487175,0.04070160910487175,0.005356695968657732,1.9998501539230347,-1.1228888034820557,0.0,0.03534491313621402,0.03534491313621402
674,22.466666666666665,14,0,0,,4,uneven rough,5,0.0,54.130027770996094,37.319190979003906,0.32480913400650024,1.4424822330474854,0.8531015515327454,1.4424822330474854,0.8531015515327454,7.421706199645996,1.2171144485473633,0.1666666716337204,-0.05189394950866699,0.2687050700187683,0.7212411165237427,0.4265507757663727,0.5829677581787109,0.4765690267086029,-0.14371110498905182,0.6136069297790527,0.12415741384029388,0.32892951369285583,0.4080774188041687,0.4080774188041687,0.34886065125465393,1.9959849119186401,-0.11239888519048691,0.0,0.05921676754951477,0.05921676754951477,0.23828451335430145,0.23828451335430145,0.1462986022233963,1.98876953125,0.07779660820960999,0.0,0.09198591113090515,0.09198591113090515,-0.07185555249452591,-0.07185555249452591,0.079847052693367,-1.9999935626983643,-0.4313792586326599,0.0,-0.1517026051878929,-0.1517026051878929,0.42952483892440796,0.42952483892440796,0.10813585668802261,1.4035695791244507,-0.04316460341215134,0.0,0.32138898223638535,0.32138898223638535,0.06207870692014694,0.06207870692014694,0.1757129728794098,-1.332773208618164,1.0443871021270752,0.0,-0.11363426595926285,-0.11363426595926285,0.16446475684642792,0.16446475684642792,-0.07504739612340927,1.469157338142395,-0.37072521448135376,0.0,0.2395121529698372,0.2395121529698372
674,22.466666666666665,24,0,0,,4,uneven rough,10,0.0,84.77313995361328,32.66745376586914,0.2694460451602936,1.8771369457244873,0.6642924547195435,1.8771369457244873,0.6642924547195435,9.580869674682617,0.0,0.0,0.33123689889907837,0.23406943678855896,0.9385684728622437,0.33214622735977173,0.20102080702781677,0.32265207171440125,0.05232389271259308,0.3919932246208191,0.3050534427165985,-0.03657812625169754,0.14071455597877502,0.14071455597877502,0.1436503678560257,-1.4064524173736572,-0.838470995426178,0.0,-0.0029358118772506714,-0.0029358118772506714,0.16132603585720062,0.16132603585720062,0.1289122998714447,1.988987922668457,1.577699065208435,0.0,0.03241373598575592,0.03241373598575592,0.02616194635629654,0.02616194635629654,0.05178753659129143,-0.1377106010913849,0.8954334259033203,0.0,-0.02562559023499489,-0.02562559023499489,0.27439525723457336,0.27439525723457336,0.2772127687931061,0.6211193203926086,1.0946645736694336,0.0,-0.002817511558532715,-0.002817511558532715,0.15252672135829926,0.15252672135829926,0.1395152360200882,-0.9990637302398682,-0.43917131423950195,0.0,0.01301148533821106,0.01301148533821106,-0.01828906312584877,-0.01828906312584877,-0.027311844751238823,0.29941046237945557,-1.098183274269104,0.0,0.009022781625390053,0.009022781625390053
675,22.5,4,0,0,,4,uneven rough,5,0.0,55.06201934814453,34.70295333862305,0.2562621533870697,1.2555956840515137,0.9457496404647827,1.2555956840515137,0.9457496404647827,6.956812858581543,2.73909330368042,0.3333333432674408,0.21412990987300873,0.06705471873283386,0.6277978420257568,0.47287482023239136,0.21066297590732574,0.6600387096405029,0.24563880264759064,0.3146085739135742,-0.028780043125152588,-0.05687940865755081,0.1474640816450119,0.1474640816450119,0.1553160399198532,-0.6545214056968689,-1.0547174215316772,0.0,-0.007851958274841309,-0.007851958274841309,0.33001935482025146,0.33001935482025146,0.09828197211027145,1.5087112188339233,1.1077758073806763,0.0,0.23173738270998,0.23173738270998,0.12281940132379532,0.12281940132379532,0.0862852931022644,-0.34874972701072693,1.3078272342681885,0.0,0.036534108221530914,0.036534108221530914,0.2202260047197342,0.2202260047197342,0.23938387632369995,0.3510083556175232,1.2339472770690918,0.0,-0.01915787160396576,-0.01915787160396576,-0.04604807123541832,-0.04604807123541832,0.04718700051307678,-1.877929449081421,-1.195183277130127,0.0,-0.0932350717484951,-0.0932350717484951,-0.028439704328775406,-0.028439704328775406,0.009096588008105755,-0.30031126737594604,0.6427134275436401,0.0,-0.03753629233688116,-0.03753629233688116
675,22.5,14,0,0,,4,uneven rough,5,0.0,54.11494827270508,37.3552360534668,0.332878440618515,1.6331661939620972,0.038671642541885376,1.6331661939620972,0.038671642541885376,8.590283393859863,5.263633728027344,0.3333333432674408,-0.10867279767990112,0.35064586997032166,0.8165830969810486,0.019335821270942688,-0.6347126960754395,0.5596208572387695,0.36194443702697754,0.3373907506465912,0.49202942848205566,-0.24125631153583527,-0.4442988932132721,-0.4442988932132721,0.3285709023475647,-1.1000992059707642,1.079685091972351,0.0,-0.7728697955608368,-0.7728697955608368,0.27981042861938477,0.27981042861938477,0.21413645148277283,1.9871107339859009,1.15826416015625,0.0,0.06567397713661194,0.06567397713661194,0.18097221851348877,0.18097221851348877,0.126151442527771,1.9969395399093628,-1.3182766437530518,0.0,0.05482077598571777,0.05482077598571777,0.23617352545261383,0.23617352545261383,0.1817910224199295,1.9384009838104248,0.7748215198516846,0.0,0.054382503032684326,0.054382503032684326,0.24601471424102783,0.24601471424102783,0.21279357373714447,1.8574455976486206,-0.29966357350349426,0.0,0.03322114050388336,0.03322114050388336,-0.12062815576791763,-0.12062815576791763,-0.049913227558135986,-0.8313587307929993,0.6695476770401001,0.0,-0.07071492820978165,-0.07071492820978165
675,22.5,24,0,0,,4,uneven rough,10,0.0,84.8313217163086,32.658477783203125,0.25823503732681274,1.783121109008789,0.6746006011962891,1.783121109008789,0.6746006011962891,9.064554214477539,0.0,0.0,0.015949439257383347,0.25804585218429565,0.8915605545043945,0.33730030059814453,0.04541848599910736,0.2062137871980667,0.0493764691054821,0.15553991496562958,0.1278013437986374,-0.0952315479516983,0.03179293870925903,0.03179293870925903,0.08142762631177902,-1.9927023649215698,-1.1596087217330933,0.0,-0.04963468760251999,-0.04963468760251999,0.10310689359903336,0.10310689359903336,0.10803023725748062,-0.38493338227272034,1.8102425336837769,0.0,-0.004923343658447266,-0.004923343658447266,0.02468823455274105,0.02468823455274105,0.03259716555476189,-1.356658697128296,0.3112919330596924,0.0,-0.007908931002020836,-0.007908931002020836,0.10887794196605682,0.10887794196605682,0.23353515565395355,-1.8893580436706543,0.8269212245941162,0.0,-0.12465721368789673,-0.12465721368789673,0.0639006718993187,0.0639006718993187,0.07276012748479843,-1.2840850353240967,-0.7557355165481567,0.0,-0.008859455585479736,-0.008859455585479736,-0.04761577397584915,-0.04761577397584915,-0.012178937904536724,-0.45976686477661133,-0.3079812824726105,0.0,-0.03543683607131243,-0.03543683607131243
676,22.53333333333333,4,0,0,,4,uneven rough,5,0.0,55.02470779418945,34.72477340698242,0.2595234811306,1.3764705657958984,0.20391042530536652,1.3764705657958984,0.20391042530536652,7.105752468109131,2.751258373260498,0.3333333432674408,0.04758354276418686,0.028166841715574265,0.6882352828979492,0.10195521265268326,0.07702567428350449,0.3223634362220764,0.0484517440199852,-0.0237821564078331,0.170401930809021,-0.4815143048763275,0.05391797050833702,0.05391797050833702,0.10365743935108185,-1.752044916152954,-0.8284459114074707,0.0,-0.04973946884274483,-0.04973946884274483,0.1611817181110382,0.1611817181110382,0.1607109010219574,1.1084355115890503,1.3344653844833374,0.0,0.00047081708908081055,0.00047081708908081055,0.0242258720099926,0.0242258720099926,0.02204015664756298,-1.8097504377365112,0.37119561433792114,0.0,0.002185715362429619,0.002185715362429619,-0.01664750836789608,-0.01664750836789608,0.20442263782024384,-1.6339746713638306,0.7347320318222046,0.0,-0.22107014618813992,-0.22107014618813992,0.0852009654045105,0.0852009654045105,0.05973872169852257,1.3429392576217651,-1.5812091827392578,0.0,0.02546224370598793,0.02546224370598793,-0.24075715243816376,-0.24075715243816376,-0.042569372802972794,-1.2246860265731812,0.10952559113502502,0.0,-0.19818777963519096,-0.19818777963519096
676,22.53333333333333,14,0,0,,4,uneven rough,5,0.0,54.091819763183594,37.38260269165039,0.32563337683677673,1.1989898681640625,0.6745244860649109,1.1989898681640625,0.6745244860649109,6.890727996826172,3.0304391384124756,0.1666666716337204,0.42572760581970215,0.2806846797466278,0.5994949340820312,0.33726224303245544,0.4572877287864685,0.4682649075984955,-0.010526376776397228,0.2711554169654846,0.5592525005340576,-0.4135214388370514,0.32010141015052795,0.32010141015052795,0.3210112154483795,0.6101354956626892,-0.15276886522769928,0.0,-0.0009098052978515625,-0.0009098052978515625,0.23413245379924774,0.23413245379924774,0.25131955742836,-0.1293323040008545,1.626895546913147,0.0,-0.017187103629112244,-0.017187103629112244,-0.005263188388198614,-0.005263188388198614,0.07081358879804611,-1.999999761581421,0.5561525225639343,0.0,-0.07607677718624473,-0.07607677718624473,0.18980878591537476,0.18980878591537476,0.20649583637714386,-0.3127916753292084,1.4327114820480347,0.0,-0.016687050461769104,-0.016687050461769104,0.2796262502670288,0.2796262502670288,0.2554919421672821,0.8862685561180115,0.9199697971343994,0.0,0.024134308099746704,0.024134308099746704,-0.2067607194185257,-0.2067607194185257,-0.11523259431123734,-1.9808911085128784,-0.17906750738620758,0.0,-0.09152812510728836,-0.09152812510728836
676,22.53333333333333,24,0,0,,4,uneven rough,10,0.0,84.89082336425781,32.64558029174805,0.24671052396297455,1.8588566780090332,-0.31214639544487,1.8588566780090332,-0.31214639544487,6.461724758148193,0.6434169411659241,0.1666666716337204,-0.24014365673065186,0.2507854104042053,0.9294283390045166,-0.156073197722435,0.4508165419101715,0.048405203968286514,-0.06697217375040054,0.00014945119619369507,0.10175392776727676,-0.5630753636360168,0.3155715763568878,0.3155715763568878,0.11267480999231339,1.7158153057098389,-1.6306413412094116,0.0,0.20289676636457443,0.20289676636457443,0.024202601984143257,0.024202601984143257,0.05681790038943291,-0.9932388663291931,0.5690861344337463,0.0,-0.03261529840528965,-0.03261529840528965,-0.03348608687520027,-0.03348608687520027,-0.006571562495082617,-0.3221895098686218,-0.6317703723907471,0.0,-0.026914524380117655,-0.026914524380117655,0.00010461583588039503,0.00010461583588039503,0.1670854687690735,-1.993050217628479,-0.7088679671287537,0.0,-0.1669808529331931,-0.1669808529331931,0.05087696388363838,0.05087696388363838,0.020832937210798264,-0.5873706936836243,-1.0544652938842773,0.0,0.03004402667284012,0.03004402667284012,-0.2815376818180084,-0.2815376818180084,-0.020251993089914322,-0.5342161655426025,-0.39380112290382385,0.0,-0.2612856887280941,-0.2612856887280941
677,22.566666666666666,4,0,0,,4,uneven rough,5,0.0,54.98998260498047,34.751060485839844,0.24767354130744934,1.4862349033355713,0.5061169266700745,1.4862349033355713,0.5061169266700745,6.001177787780762,2.3220601081848145,0.3333333432674408,-0.14030176401138306,0.2018584907054901,0.7431174516677856,0.25305846333503723,0.8285285234451294,0.22519750893115997,-0.3091557025909424,0.16599851846694946,0.35770365595817566,-0.15635132789611816,0.5799699425697327,0.5799699425697327,0.1445760577917099,1.4468978643417358,-1.350650429725647,0.0,0.43539388477802277,0.43539388477802277,0.11259875446557999,0.11259875446557999,0.12579838931560516,-0.36459073424339294,1.2066676616668701,0.0,-0.013199634850025177,-0.013199634850025177,-0.1545778512954712,-0.1545778512954712,-0.029391717165708542,-1.668002963066101,-0.8619151711463928,0.0,-0.12518613412976265,-0.12518613412976265,0.11619896441698074,0.11619896441698074,0.13364005088806152,-1.9468486309051514,-0.6045389771461487,0.0,-0.01744108647108078,-0.01744108647108078,0.17885182797908783,0.17885182797908783,0.1168215349316597,1.9130321741104126,0.07210960984230042,0.0,0.06203029304742813,0.06203029304742813,-0.07817566394805908,-0.07817566394805908,-0.061881646513938904,0.7508792281150818,-0.6448400616645813,0.0,-0.016294017434120178,-0.016294017434120178
677,22.566666666666666,14,0,0,,4,uneven rough,5,0.0,54.0802116394043,37.419185638427734,0.30911505222320557,1.2174763679504395,0.6891739368438721,1.2174763679504395,0.6891739368438721,6.044055461883545,0.0,0.0,0.45637935400009155,0.32522401213645935,0.6087381839752197,0.34458696842193604,0.6349122524261475,0.2721073627471924,0.5781915783882141,0.6067020893096924,-0.08460494875907898,-0.015207679010927677,0.4444385766983032,0.4444385766983032,0.3813841640949249,1.9753700494766235,0.27857863903045654,0.0,0.0630544126033783,0.0630544126033783,0.1360536813735962,0.1360536813735962,0.18485942482948303,-1.9301552772521973,0.633921205997467,0.0,-0.04880574345588684,-0.04880574345588684,0.28909578919410706,0.28909578919410706,0.1332930326461792,1.9942768812179565,-0.8891005516052246,0.0,0.15580275654792786,0.15580275654792786,0.42469146847724915,0.42469146847724915,0.2364932894706726,1.7158129215240479,0.44580087065696716,0.0,0.18819817900657654,0.18819817900657654,-0.13536791503429413,-0.13536791503429413,0.204300194978714,-1.515228509902954,0.9009150862693787,0.0,-0.3396681100130081,-0.3396681100130081,-0.007603839505463839,-0.007603839505463839,-0.05918990820646286,0.5528620481491089,-1.197821855545044,0.0,0.05158606870099902,0.05158606870099902
677,22.566666666666666,24,0,0,,4,uneven rough,10,0.0,84.9529800415039,32.631656646728516,0.24510061740875244,1.9659178256988525,-0.34125372767448425,1.9242641925811768,-0.34125372767448425,4.246293544769287,4.35289192199707,0.6666666865348816,-0.38102322816848755,0.1368536651134491,0.9829589128494263,-0.17062686383724213,0.15110184252262115,0.07282061129808426,-0.17660564184188843,0.1574276238679886,0.36021342873573303,-0.5055230259895325,0.10577128827571869,0.10577128827571869,0.12569020688533783,-0.598541259765625,0.26145127415657043,0.0,-0.01991891860961914,-0.01991891860961914,0.03641030564904213,0.03641030564904213,0.06894613057374954,0.6790754199028015,-0.3142552375793457,0.0,-0.03253582492470741,-0.03253582492470741,-0.08830282092094421,-0.08830282092094421,-0.038999222218990326,-0.8882042169570923,-0.45673277974128723,0.0,-0.04930359870195389,-0.04930359870195389,0.11019933223724365,0.11019933223724365,0.12369776517152786,-1.4615843296051025,-1.434946894645691,0.0,-0.01349843293428421,-0.01349843293428421,0.18010671436786652,0.18010671436786652,0.06820925325155258,0.44103947281837463,-0.7903691530227661,0.0,0.11189746111631393,0.11189746111631393,-0.25276151299476624,-0.25276151299476624,-0.06747578829526901,-0.602751612663269,-0.473192036151886,0.0,-0.18528572469949722,-0.18528572469949722
678,22.6,4,0,0,,4,uneven rough,5,0.0,54.967159271240234,34.78603744506836,0.2488049864768982,1.7462007999420166,0.9161357879638672,1.7462007999420166,0.9161357879638672,8.983378410339355,2.9731249809265137,0.1666666716337204,-0.5832782983779907,0.053842782974243164,0.8731003999710083,0.4580678939819336,0.36839723587036133,0.29708972573280334,-0.13683919608592987,0.2649608254432678,0.04435068741440773,0.02589152567088604,0.25787806510925293,0.25787806510925293,0.20985901355743408,1.9706416130065918,0.23108841478824615,0.0,0.04801905155181885,0.04801905155181885,0.14854486286640167,0.14854486286640167,0.1209820806980133,0.9909002780914307,0.3182753622531891,0.0,0.027562782168388367,0.027562782168388367,-0.06841959804296494,-0.06841959804296494,-0.08202081173658371,-0.4126690924167633,-1.317678689956665,0.0,0.013601213693618774,0.013601213693618774,0.18547257781028748,0.18547257781028748,0.13414409756660461,1.6087437868118286,-1.3634833097457886,0.0,0.05132848024368286,0.05132848024368286,0.022175343707203865,0.022175343707203865,0.07798336446285248,-1.7953150272369385,1.1129704713821411,0.0,-0.05580802075564861,-0.05580802075564861,0.01294576283544302,0.01294576283544302,-0.01368735358119011,0.9283481240272522,0.1443021148443222,0.0,0.02663311641663313,0.02663311641663313
678,22.6,14,0,0,,4,uneven rough,5,0.0,54.0638542175293,37.45069885253906,0.29933393001556396,1.7642215490341187,1.0792756080627441,1.7642215490341187,1.0792756080627441,8.802848815917969,1.6600059270858765,0.1666666716337204,0.40238627791404724,0.44153985381126404,0.8821107745170593,0.5396378040313721,-0.34909313917160034,0.24431443214416504,0.5452619194984436,0.7139800786972046,0.3203098773956299,-0.08350515365600586,-0.24436520040035248,-0.24436520040035248,0.36493584513664246,-1.3283510208129883,1.2379475831985474,0.0,-0.6093010455369949,-0.6093010455369949,0.12215721607208252,0.12215721607208252,0.14310890436172485,-0.9506612420082092,-0.8158122301101685,0.0,-0.020951688289642334,-0.020951688289642334,0.2726309597492218,0.2726309597492218,0.12093638628721237,-0.8736570477485657,0.7411662340164185,0.0,0.15169457346200943,0.15169457346200943,0.49978604912757874,0.49978604912757874,0.3088626563549042,1.8731162548065186,1.1638679504394531,0.0,0.19092339277267456,0.19092339277267456,0.16015493869781494,0.16015493869781494,0.16980496048927307,-1.5877081155776978,-0.4651768207550049,0.0,-0.00965002179145813,-0.00965002179145813,-0.04175257682800293,-0.04175257682800293,-0.05375860631465912,-0.16435803472995758,-0.20798203349113464,0.0,0.012006029486656189,0.012006029486656189
678,22.6,24,0,0,,4,uneven rough,10,0.0,85.01351928710938,32.61891555786133,0.24598613381385803,1.9544597864151,1.422513484954834,1.8976213932037354,1.422513484954834,7.978819847106934,2.6137712001800537,0.3333333432674408,-0.5868207812309265,0.2031109631061554,0.97722989320755,0.711256742477417,0.24252210557460785,-0.3079822361469269,-0.2335163950920105,0.040560148656368256,0.5761333703994751,0.19150562584400177,0.16976547241210938,0.16976547241210938,0.15143898129463196,1.0616145133972168,-0.2247900515794754,0.0,0.018326491117477417,0.018326491117477417,-0.49277159571647644,-0.49277159571647644,0.05339904502034187,0.3851855993270874,0.2473756968975067,0.0,-0.5461706407368183,-0.5461706407368183,-0.11675819754600525,-0.11675819754600525,-0.07646550238132477,-1.3633254766464233,-0.7006875276565552,0.0,-0.04029269516468048,-0.04029269516468048,0.02839210443198681,0.02839210443198681,0.055105749517679214,-1.9974784851074219,-1.4500077962875366,0.0,-0.026713645085692406,-0.026713645085692406,0.28806668519973755,0.28806668519973755,0.11616244167089462,1.7280707359313965,-0.09412850439548492,0.0,0.17190424352884293,0.17190424352884293,0.09575281292200089,0.09575281292200089,-0.011846790090203285,0.5438762307167053,-0.5464452505111694,0.0,0.10759960301220417,0.10759960301220417
679,22.633333333333333,4,0,0,,4,uneven rough,5,0.0,54.94172286987305,34.82086181640625,0.2625883221626282,1.5090217590332031,0.15704230964183807,1.5090217590332031,0.15704230964183807,7.418981075286865,3.174804210662842,0.3333333432674408,-0.25180166959762573,0.2155381143093109,0.7545108795166016,0.07852115482091904,-0.518591582775116,0.40936264395713806,0.5250099301338196,0.5772579908370972,0.103212870657444,0.1004684790968895,-0.3630141019821167,-0.3630141019821167,0.18944582343101501,-0.902709424495697,1.214634895324707,0.0,-0.5524599254131317,-0.5524599254131317,0.20468132197856903,0.20468132197856903,0.18501268327236176,1.5971670150756836,0.6985787153244019,0.0,0.019668638706207275,0.019668638706207275,0.2625049650669098,0.2625049650669098,-0.02505424991250038,1.6653317213058472,-0.8059846758842468,0.0,0.28755921497941017,0.28755921497941017,0.4040805995464325,0.4040805995464325,0.19986766576766968,1.530215859413147,0.3170192241668701,0.0,0.20421293377876282,0.20421293377876282,0.051606435328722,0.051606435328722,0.05693015083670616,-0.3223545551300049,-0.5313793420791626,0.0,-0.005323715507984161,-0.005323715507984161,0.05023423954844475,0.05023423954844475,0.010844822973012924,0.06404557824134827,0.5876031517982483,0.0,0.039389416575431824,0.039389416575431824
679,22.633333333333333,14,0,0,,4,uneven rough,5,0.0,54.03875732421875,37.474979400634766,0.3140808939933777,1.4822684526443481,0.5150112509727478,1.4822684526443481,0.5150112509727478,5.567221641540527,5.365694999694824,0.5,0.13566027581691742,0.09366019815206528,0.7411342263221741,0.2575056254863739,-0.11654011160135269,0.3777024447917938,0.49281883239746094,0.4998239576816559,-0.1869509518146515,0.28530067205429077,-0.0815780758857727,-0.0815780758857727,0.30503788590431213,-1.5771068334579468,-0.2130422294139862,0.0,-0.38661596179008484,-0.38661596179008484,0.1888512223958969,0.1888512223958969,0.17602168023586273,1.242812156677246,-0.8920561075210571,0.0,0.01282954216003418,0.01282954216003418,0.24640941619873047,0.24640941619873047,0.15898621082305908,1.4358830451965332,-0.17185774445533752,0.0,0.08742320537567139,0.08742320537567139,0.3498767614364624,0.3498767614364624,0.35500749945640564,0.7429789900779724,1.564878225326538,0.0,-0.005130738019943237,-0.005130738019943237,-0.29912152886390686,-0.29912152886390686,0.1365671306848526,-1.5474048852920532,-1.099858045578003,0.0,-0.43568865954875946,-0.43568865954875946,0.14265033602714539,0.14265033602714539,-0.01022542454302311,1.282808780670166,-0.18331694602966309,0.0,0.1528757605701685,0.1528757605701685
679,22.633333333333333,24,0,0,,4,uneven rough,10,0.0,85.07525634765625,32.60544204711914,0.2469066083431244,1.926792025566101,-0.5487065315246582,1.9253020286560059,-0.5487065315246582,8.251091003417969,2.611522674560547,0.3333333432674408,-0.6231500506401062,0.14640375971794128,0.9633960127830505,-0.2743532657623291,0.6235383749008179,-0.4518018066883087,-0.39457350969314575,-0.12628360092639923,0.6877803802490234,-0.6304323673248291,0.43647685647010803,0.43647685647010803,0.21675589680671692,1.649506688117981,0.5025454163551331,0.0,0.2197209596633911,0.2197209596633911,-0.7228829264640808,-0.7228829264640808,0.046347275376319885,0.24466799199581146,0.3252936601638794,0.0,-0.7692302018404007,-0.7692302018404007,-0.19728675484657288,-0.19728675484657288,-0.13643550872802734,-1.4061650037765503,-1.075344204902649,0.0,-0.06085124611854553,-0.06085124611854553,-0.0883985161781311,-0.0883985161781311,-0.011387431062757969,-2.0000100135803223,-1.7595486640930176,0.0,-0.07701108511537313,-0.07701108511537313,0.3438901901245117,0.3438901901245117,0.1639227718114853,1.4419351816177368,0.9361461997032166,0.0,0.17996741831302643,0.17996741831302643,-0.31521618366241455,-0.31521618366241455,-0.06320285052061081,-1.093010663986206,0.07002446800470352,0.0,-0.25201333314180374,-0.25201333314180374
680,22.666666666666668,4,0,0,,4,uneven rough,5,0.0,54.9047966003418,34.84492111206055,0.2701887786388397,1.6345903873443604,0.6585140824317932,1.6345903873443604,0.6585140824317932,6.3557353019714355,7.314785957336426,0.6666666865348816,-0.41119012236595154,0.07259505987167358,0.8172951936721802,0.3292570412158966,0.011557159014046192,0.38073405623435974,0.09200352430343628,-0.07235497981309891,0.09999118000268936,-0.3370917737483978,0.008090010844171047,0.008090010844171047,0.1365901082754135,-1.760921835899353,0.0174846388399601,0.0,-0.12850009743124247,-0.12850009743124247,0.19036702811717987,0.19036702811717987,0.1921084225177765,-0.15408861637115479,1.2066421508789062,0.0,-0.0017413944005966187,-0.0017413944005966187,0.04600176215171814,0.04600176215171814,0.00685650622472167,0.7389622330665588,0.5913020372390747,0.0,0.03914525592699647,0.03914525592699647,-0.050648484379053116,-0.050648484379053116,0.1948680877685547,-1.1916887760162354,1.0029628276824951,0.0,-0.2455165721476078,-0.2455165721476078,0.04999559000134468,0.04999559000134468,0.045586198568344116,0.3356993794441223,-0.4131963551044464,0.0,0.004409391433000565,0.004409391433000565,-0.1685458868741989,-0.1685458868741989,-0.025220530107617378,-1.3093050718307495,0.29158276319503784,0.0,-0.14332535676658154,-0.14332535676658154
680,22.666666666666668,14,0,0,,4,uneven rough,5,0.0,54.00474166870117,37.49091339111328,0.32397231459617615,1.2960054874420166,0.5412129163742065,1.2960054874420166,0.5412129163742065,6.245238780975342,5.6374921798706055,0.5,-0.023534080013632774,0.05209740996360779,0.6480027437210083,0.27060645818710327,0.08763417601585388,0.34665921330451965,0.3734115660190582,0.22630812227725983,-0.026406221091747284,-0.15295930206775665,0.06134392321109772,0.06134392321109772,0.24218018352985382,-1.71071195602417,-0.9842867851257324,0.0,-0.1808362603187561,-0.1808362603187561,0.17332960665225983,0.17332960665225983,0.18375641107559204,-0.6129767894744873,0.3150022327899933,0.0,-0.010426804423332214,-0.010426804423332214,0.1867057830095291,0.1867057830095291,0.16276052594184875,-0.7044644355773926,0.7371617555618286,0.0,0.02394525706768036,0.02394525706768036,0.15841569006443024,0.15841569006443024,0.32336387038230896,-1.7812825441360474,1.100174903869629,0.0,-0.16494818031787872,-0.16494818031787872,-0.042249955236911774,-0.042249955236911774,0.066612109541893,-1.8474761247634888,-1.352901816368103,0.0,-0.10886206477880478,-0.10886206477880478,-0.07647965103387833,-0.07647965103387833,-0.031259261071681976,-0.2090713232755661,0.6456331610679626,0.0,-0.04522038996219635,-0.04522038996219635
680,22.666666666666668,24,0,0,,4,uneven rough,10,0.0,85.13692474365234,32.58607482910156,0.24899134039878845,1.9548275470733643,0.7407864332199097,1.9111512899398804,0.7407864332199097,9.907684326171875,2.1430282592773438,0.1666666716337204,-0.46987563371658325,0.21760396659374237,0.9774137735366821,0.37039321660995483,0.4708186686038971,-0.16242016851902008,-0.08260486274957657,0.2672939598560333,0.5197367668151855,-0.43733498454093933,0.3295730650424957,0.3295730650424957,0.2737526595592499,1.942291021347046,1.1510393619537354,0.0,0.05582040548324585,0.05582040548324585,-0.25987228751182556,-0.25987228751182556,0.03827248141169548,1.385719895362854,0.27970775961875916,0.0,-0.29814476892352104,-0.29814476892352104,-0.041302431374788284,-0.041302431374788284,-0.09717072546482086,1.5505739450454712,-1.2623908519744873,0.0,0.05586829409003258,0.05586829409003258,0.18710577487945557,0.18710577487945557,-0.0022144322283566,1.3688379526138306,-1.8955059051513672,0.0,0.18932020710781217,0.18932020710781217,0.2598683834075928,0.2598683834075928,0.19726088643074036,1.9620466232299805,1.2221201658248901,0.0,0.06260749697685242,0.06260749697685242,-0.21866749227046967,-0.21866749227046967,-0.12561944127082825,-1.9639360904693604,-0.5875576734542847,0.0,-0.09304805099964142,-0.09304805099964142
681,22.7,4,0,0,,4,uneven rough,5,0.0,54.865142822265625,34.86850357055664,0.2637622654438019,1.8494222164154053,0.23923565447330475,1.8494222164154053,0.23923565447330475,8.007942199707031,2.3728692531585693,0.3333333432674408,-0.49329179525375366,0.22500762343406677,0.9247111082077026,0.11961782723665237,0.708148181438446,0.3097810447216034,-0.14640279114246368,-0.09613258391618729,0.0891840010881424,-0.6355525255203247,0.49570372700691223,0.49570372700691223,0.1741534024477005,1.8894965648651123,-0.9880295991897583,0.0,0.32155032455921173,0.32155032455921173,0.1548905223608017,0.1548905223608017,0.15102484822273254,-0.5151113867759705,0.437282532453537,0.0,0.003865674138069153,0.003865674138069153,-0.07320139557123184,-0.07320139557123184,-0.053365182131528854,-1.992202877998352,0.6747893691062927,0.0,-0.019836213439702988,-0.019836213439702988,-0.06729280948638916,-0.06729280948638916,0.12864521145820618,-1.8728581666946411,-0.237897127866745,0.0,-0.19593802094459534,-0.19593802094459534,0.0445920005440712,0.0445920005440712,0.043154213577508926,0.9072083234786987,0.01023063063621521,0.0,0.0014377869665622711,0.0014377869665622711,-0.31777626276016235,-0.31777626276016235,-0.08338845521211624,-1.5989980697631836,-0.6135621070861816,0.0,-0.2343878075480461,-0.2343878075480461
681,22.7,14,0,0,,4,uneven rough,5,0.0,53.96907424926758,37.50779724121094,0.31681138277053833,1.3974796533584595,-0.1708156317472458,1.3974796533584595,-0.1708156317472458,4.759353160858154,0.8540970683097839,0.3333333432674408,-0.29285264015197754,0.20493069291114807,0.6987398266792297,-0.0854078158736229,0.6919978260993958,0.023749940097332,0.21430735290050507,-0.024889059364795685,-0.012017021887004375,-0.3534684479236603,0.4843984842300415,0.4843984842300415,0.2788945436477661,1.9860988855361938,-1.39500892162323,0.0,0.2055039405822754,0.2055039405822754,0.011874970048666,0.011874970048666,0.11912216246128082,-1.8925262689590454,-0.2096787691116333,0.0,-0.10724719241261482,-0.10724719241261482,0.10715367645025253,0.10715367645025253,0.10184408724308014,-1.2852280139923096,-0.07793626934289932,0.0,0.005309589207172394,0.005309589207172394,-0.01742234081029892,-0.01742234081029892,0.2555139660835266,-1.8286994695663452,-0.52900630235672,0.0,-0.27293630689382553,-0.27293630689382553,-0.01922723464667797,-0.01922723464667797,-0.0039040495175868273,-1.81572687625885,-1.6325349807739258,0.0,-0.015323185129091144,-0.015323185129091144,-0.17673422396183014,-0.17673422396183014,-0.08480667322874069,-1.894559621810913,0.16238170862197876,0.0,-0.09192755073308945,-0.09192755073308945
681,22.7,24,0,0,,4,uneven rough,10,0.0,85.20014190673828,32.568504333496094,0.25079697370529175,1.9487327337265015,-0.5284243226051331,1.9161772727966309,-0.5284243226051331,9.638995170593262,1.7520860433578491,0.1666666716337204,-0.3501167297363281,0.22153465449810028,0.9743663668632507,-0.26421216130256653,0.3622206449508667,0.10524039715528488,0.031877849251031876,0.48446303606033325,0.4598276615142822,-0.052226804196834564,0.25355443358421326,0.25355443358421326,0.2748803496360779,-0.7671784162521362,1.5984145402908325,0.0,-0.021325916051864624,-0.021325916051864624,0.05262019857764244,0.05262019857764244,0.0626554936170578,-0.01128392480313778,0.9050490260124207,0.0,-0.01003529503941536,-0.01003529503941536,0.015938924625515938,0.015938924625515938,-0.034366969019174576,1.9956836700439453,0.328064501285553,0.0,0.050305893644690514,0.050305893644690514,0.3391241133213043,0.3391241133213043,0.06546784937381744,2.000002861022949,-0.04984002560377121,0.0,0.2736562639474869,0.2736562639474869,0.2299138307571411,0.2299138307571411,0.22797292470932007,-0.24872247874736786,1.640475869178772,0.0,0.001940906047821045,0.001940906047821045,-0.026113402098417282,-0.026113402098417282,-0.08159738034009933,2.0000011920928955,-1.3657644987106323,0.0,0.05548397824168205,0.05548397824168205
682,22.733333333333334,4,0,0,,4,uneven rough,5,0.0,54.83041763305664,34.90134048461914,0.2697494626045227,1.3400323390960693,-0.8416793346405029,1.3400323390960693,-0.8416793346405029,4.97387170791626,0.7999810576438904,0.1666666716337204,-0.4175035357475281,0.14903923869132996,0.6700161695480347,-0.42083966732025146,0.530851423740387,0.6712202429771423,0.5094699859619141,-0.10708126425743103,0.003025596961379051,-0.42703977227211,0.37159597873687744,0.37159597873687744,0.24136747419834137,1.9671313762664795,0.6389288902282715,0.0,0.13022850453853607,0.13022850453853607,0.33561012148857117,0.33561012148857117,0.19840380549430847,0.9701654314994812,-0.10120270401239395,0.0,0.1372063159942627,0.1372063159942627,0.25473499298095703,0.25473499298095703,-0.032758645713329315,0.2400592714548111,-0.8331328630447388,0.0,0.28749363869428635,0.28749363869428635,-0.07495688647031784,-0.07495688647031784,0.06777403503656387,-2.00776743888855,-1.1623070240020752,0.0,-0.1427309215068817,-0.1427309215068817,0.0015127984806895256,0.0015127984806895256,0.04065493866801262,-1.4366589784622192,0.5173833966255188,0.0,-0.03914214018732309,-0.03914214018732309,-0.213519886136055,-0.213519886136055,-0.08569348603487015,0.2813568115234375,-1.170729398727417,0.0,-0.12782640010118484,-0.12782640010118484
682,22.733333333333334,14,0,0,,4,uneven rough,5,0.0,53.93232727050781,37.52583312988281,0.31259146332740784,1.361433982849121,-1.0384198427200317,1.361433982849121,-1.0384198427200317,2.843355655670166,0.7559993267059326,0.1666666716337204,-0.646693229675293,0.03672848641872406,0.6807169914245605,-0.5192099213600159,0.23263953626155853,0.17799733579158783,0.6632189750671387,0.021943993866443634,-0.004755736794322729,-0.4817858636379242,0.16284766793251038,0.16284766793251038,0.2660849094390869,-1.931290626525879,0.5166754722595215,0.0,-0.10323724150657654,-0.10323724150657654,0.08899866789579391,0.08899866789579391,0.10356567054986954,-0.8782410621643066,-1.1611638069152832,0.0,-0.014567002654075623,-0.014567002654075623,0.33160948753356934,0.33160948753356934,0.07820004969835281,1.9196667671203613,-0.7605412006378174,0.0,0.2534094378352165,0.2534094378352165,0.015360795892775059,0.015360795892775059,0.21119004487991333,-1.1994415521621704,-1.2638550996780396,0.0,-0.19582924898713827,-0.19582924898713827,-0.007609178777784109,-0.007609178777784109,-0.0062943934462964535,-0.5637826919555664,-1.7361119985580444,0.0,-0.0013147853314876556,-0.0013147853314876556,-0.2408929318189621,-0.2408929318189621,-0.12299410998821259,1.0688157081604004,-1.0006165504455566,0.0,-0.11789882183074951,-0.11789882183074951
682,22.733333333333334,24,0,0,,4,uneven rough,10,0.0,85.26317596435547,32.55767059326172,0.25552913546562195,1.9292560815811157,0.03299204632639885,1.9201762676239014,0.03299204632639885,9.817499160766602,0.0,0.0,-0.39261671900749207,0.11990377306938171,0.9646280407905579,0.016496023163199425,0.08849533647298813,0.3010830283164978,0.16211280226707458,0.5067263841629028,0.23105454444885254,0.0769074410200119,0.06194673478603363,0.06194673478603363,0.21030892431735992,-0.7062433362007141,0.26090407371520996,0.0,-0.1483621895313263,-0.1483621895313263,0.1505415141582489,0.1505415141582489,0.11631496995687485,0.7046048045158386,0.3869527280330658,0.0,0.034226544201374054,0.034226544201374054,0.08105640113353729,0.08105640113353729,0.03231159597635269,1.9718310832977295,1.2709393501281738,0.0,0.0487448051571846,0.0487448051571846,0.3547084629535675,0.3547084629535675,0.1346718817949295,1.7577146291732788,1.1091448068618774,0.0,0.220036581158638,0.220036581158638,0.11552727222442627,0.11552727222442627,0.1741790771484375,-1.6923434734344482,0.5723196864128113,0.0,-0.05865180492401123,-0.05865180492401123,0.03845372051000595,0.03845372051000595,-0.025014126673340797,-1.2789361476898193,0.5372454524040222,0.0,0.06346784718334675,0.06346784718334675
683,22.766666666666666,4,0,0,,4,uneven rough,5,0.0,54.79629135131836,34.93478775024414,0.2776118814945221,1.6315577030181885,-1.0076476335525513,1.6315577030181885,-1.0076476335525513,3.5968685150146484,0.9308587312698364,0.5,0.004024704452604055,0.06408649682998657,0.8157788515090942,-0.5038238167762756,0.2416045069694519,0.5772242546081543,0.5263659954071045,0.2176695615053177,0.49925893545150757,-0.3871493339538574,0.16912315785884857,0.16912315785884857,0.19074302911758423,-1.907094120979309,1.3898969888687134,0.0,-0.021619871258735657,-0.021619871258735657,0.28861212730407715,0.28861212730407715,0.26526525616645813,1.9759467840194702,0.5045507550239563,0.0,0.02334687113761902,0.02334687113761902,0.26318299770355225,0.26318299770355225,-0.0018180551705881953,1.0082981586456299,-0.22634810209274292,0.0,0.26500105287414044,0.26500105287414044,0.1523686945438385,0.1523686945438385,0.1232198104262352,1.9564415216445923,-1.6403318643569946,0.0,0.029148884117603302,0.029148884117603302,0.24962946772575378,0.24962946772575378,0.09600406140089035,1.9040398597717285,-0.5874356627464294,0.0,0.15362540632486343,0.15362540632486343,-0.1935746669769287,-0.1935746669769287,-0.08801260590553284,-0.04740344360470772,-0.34971722960472107,0.0,-0.10556206107139587,-0.10556206107139587
683,22.766666666666666,14,0,0,,4,uneven rough,5,0.0,53.90061569213867,37.54939270019531,0.31680235266685486,1.4378468990325928,-0.4607243835926056,1.4378468990325928,-0.4607243835926056,4.321695327758789,4.47599983215332,0.3333333432674408,-0.6795910596847534,0.2359447479248047,0.7189234495162964,-0.2303621917963028,0.8511645197868347,0.04297966882586479,0.19793708622455597,0.021940672770142555,0.39356979727745056,-0.2742503881454468,0.5958151817321777,0.5958151817321777,0.2966777980327606,1.3281759023666382,-0.8674089312553406,0.0,0.2991373836994171,0.2991373836994171,0.021489834412932396,0.021489834412932396,0.07519189268350601,-2.000126361846924,-1.0011987686157227,0.0,-0.053702058270573616,-0.053702058270573616,0.09896854311227798,0.09896854311227798,0.10118022561073303,0.43769410252571106,0.7548531889915466,0.0,-0.0022116824984550476,-0.0022116824984550476,0.015358470380306244,0.015358470380306244,0.13999231159687042,-1.966051459312439,-1.22743558883667,0.0,-0.12463384121656418,-0.12463384121656418,0.19678489863872528,0.19678489863872528,-0.014375008642673492,-1.0362437963485718,-1.0732749700546265,0.0,0.21115990728139877,0.21115990728139877,-0.1371251940727234,-0.1371251940727234,-0.1046823263168335,1.1321649551391602,0.16944415867328644,0.0,-0.03244286775588989,-0.03244286775588989
683,22.766666666666666,24,0,0,,4,uneven rough,10,0.0,85.3255615234375,32.5511360168457,0.25234758853912354,1.976668119430542,1.2813348770141602,1.9085826873779297,1.2813348770141602,10.396520614624023,2.7715916633605957,0.1666666716337204,0.0049184164963662624,0.07090099900960922,0.988334059715271,0.6406674385070801,-0.2166946530342102,0.3573831617832184,-0.1019197627902031,0.594310462474823,0.5641796588897705,0.15262451767921448,-0.15168625116348267,-0.15168625116348267,0.14671124517917633,-1.3997565507888794,-0.2859227955341339,0.0,-0.298397496342659,-0.298397496342659,0.1786915808916092,0.1786915808916092,0.17983005940914154,2.0006465911865234,0.5665537714958191,0.0,-0.0011384785175323486,-0.0011384785175323486,-0.05095988139510155,-0.05095988139510155,0.002600149717181921,-2.001166820526123,1.6672247648239136,0.0,-0.05356003111228347,-0.05356003111228347,0.4160173237323761,0.4160173237323761,0.19435620307922363,0.8863216042518616,1.4758473634719849,0.0,0.22166112065315247,0.22166112065315247,0.28208982944488525,0.28208982944488525,0.22250959277153015,1.292852520942688,-0.7081249356269836,0.0,0.0595802366733551,0.0595802366733551,0.07631225883960724,0.07631225883960724,-0.015483314171433449,0.42024675011634827,-0.4896268844604492,0.0,0.09179557301104069,0.09179557301104069
684,22.8,4,0,0,,4,uneven rough,5,0.0,54.76666259765625,34.97026824951172,0.27738454937934875,1.6578134298324585,0.6280167698860168,1.6578134298324585,0.6280167698860168,7.562254905700684,2.765018939971924,0.5,0.3085993528366089,0.017164915800094604,0.8289067149162292,0.3140083849430084,0.6632364988327026,0.4543977975845337,-0.5000399351119995,0.26743146777153015,0.440024197101593,0.3565506935119629,0.4642655551433563,0.4642655551433563,0.22099970281124115,1.5189392566680908,-0.4742276668548584,0.0,0.24326585233211517,0.24326585233211517,0.22719889879226685,0.22719889879226685,0.24932341277599335,-0.9583622217178345,1.336480736732483,0.0,-0.0221245139837265,-0.0221245139837265,-0.25001996755599976,-0.25001996755599976,0.0129398787394166,0.22039920091629028,0.47172310948371887,0.0,-0.26295984629541636,-0.26295984629541636,0.18720202147960663,0.18720202147960663,0.15240883827209473,1.103697419166565,0.39329028129577637,0.0,0.0347931832075119,0.0347931832075119,0.2200120985507965,0.2200120985507965,0.1496780961751938,1.903597354888916,0.8212490677833557,0.0,0.07033400237560272,0.07033400237560272,0.17827534675598145,0.17827534675598145,-0.024597279727458954,1.978624939918518,-0.1787884682416916,0.0,0.2028726264834404,0.2028726264834404
684,22.8,14,0,0,,4,uneven rough,5,0.0,53.866302490234375,37.5763053894043,0.3215949535369873,1.4492731094360352,-1.169649362564087,1.4492731094360352,-1.169649362564087,5.07362699508667,6.6666669845581055,0.3333333432674408,-0.6784307956695557,0.10245247930288315,0.7246365547180176,-0.5848246812820435,0.4632885158061981,0.38135603070259094,0.23925642669200897,0.1583508551120758,0.3253873288631439,-0.14041197299957275,0.32430195808410645,0.32430195808410645,0.32032227516174316,-0.45198336243629456,0.3739786744117737,0.0,0.003979682922363281,0.003979682922363281,0.19067801535129547,0.19067801535129547,0.14132294058799744,2.0000219345092773,-1.5659942626953125,0.0,0.049355074763298035,0.049355074763298035,0.11962821334600449,0.11962821334600449,0.12886878848075867,0.5547113418579102,0.5755308866500854,0.0,-0.009240575134754181,-0.009240575134754181,0.11084559559822083,0.11084559559822083,0.10449562221765518,0.2280620038509369,-1.645050287246704,0.0,0.006349973380565643,0.006349973380565643,0.16269366443157196,0.16269366443157196,0.04790513589978218,1.2445201873779297,-1.0523375272750854,0.0,0.11478852853178978,0.11478852853178978,-0.07020598649978638,-0.07020598649978638,-0.052463386207818985,1.4957681894302368,0.7137682437896729,0.0,-0.017742600291967392,-0.017742600291967392
684,22.8,24,0,0,,4,uneven rough,10,0.0,85.38862609863281,32.551780700683594,0.2448270320892334,1.9010084867477417,0.8867318630218506,1.9010084867477417,0.8867318630218506,9.67548942565918,3.1410632133483887,0.3333333432674408,0.29492834210395813,0.08383091539144516,0.9505042433738708,0.4433659315109253,-0.04510840028524399,-0.208234041929245,-0.07713501155376434,0.19465194642543793,0.5978837609291077,0.10222356021404266,-0.03157588094472885,-0.03157588094472885,0.09367144107818604,-1.2803033590316772,-0.9156863689422607,0.0,-0.1252473220229149,-0.1252473220229149,-0.333174467086792,-0.333174467086792,0.17864876985549927,1.0847914218902588,1.3773924112319946,0.0,-0.5118232369422913,-0.5118232369422913,-0.03856750577688217,-0.03856750577688217,-0.05585889890789986,-1.3117494583129883,-0.4068904221057892,0.0,0.017291393131017685,0.017291393131017685,0.1362563669681549,0.1362563669681549,0.17424152791500092,-1.7185341119766235,1.1425284147262573,0.0,-0.03798516094684601,-0.03798516094684601,0.29894188046455383,0.29894188046455383,0.23741549253463745,1.939375400543213,0.423231303691864,0.0,0.06152638792991638,0.06152638792991638,0.05111178010702133,0.05111178010702133,0.03780651092529297,0.9760192632675171,0.024817299097776413,0.0,0.013305269181728363,0.013305269181728363
685,22.833333333333332,4,0,0,,4,uneven rough,5,0.0,54.73095703125,34.99540328979492,0.28272801637649536,1.7680270671844482,0.24820120632648468,1.7680270671844482,0.24820120632648468,6.349694728851318,1.3239328861236572,0.3333333432674408,0.33588749170303345,0.17390964925289154,0.8840135335922241,0.12410060316324234,-0.1492680013179779,0.5412932634353638,-0.2795615494251251,0.18536952137947083,0.3007655441761017,0.17995578050613403,-0.1044875979423523,-0.1044875979423523,0.18188737332820892,-1.178555965423584,0.6527124643325806,0.0,-0.2863749712705612,-0.2863749712705612,0.2706466317176819,0.2706466317176819,0.25246042013168335,0.7385995984077454,0.0389724038541317,0.0,0.018186211585998535,0.018186211585998535,-0.13978077471256256,-0.13978077471256256,-0.023118535056710243,-1.4123824834823608,0.32962411642074585,0.0,-0.11666223965585232,-0.11666223965585232,0.12975865602493286,0.12975865602493286,0.17972971498966217,-0.8293870091438293,0.7949557304382324,0.0,-0.04997105896472931,-0.04997105896472931,0.15038277208805084,0.15038277208805084,0.16184192895889282,-0.26133066415786743,1.4332107305526733,0.0,-0.01145915687084198,-0.01145915687084198,0.08997789025306702,0.08997789025306702,0.03808077424764633,2.002927303314209,1.041016936302185,0.0,0.051897116005420685,0.051897116005420685
685,22.833333333333332,14,0,0,,4,uneven rough,5,0.0,53.83556365966797,37.60785675048828,0.32242029905319214,0.9952458143234253,0.3556566834449768,0.9952458143234253,0.3556566834449768,5.098692893981934,0.08920701593160629,0.1666666716337204,-0.5235055685043335,0.13103464245796204,0.49762290716171265,0.1778283417224884,0.7547181248664856,0.30310043692588806,-0.21746890246868134,0.45981279015541077,0.4180205464363098,-0.04454811289906502,0.5283026695251465,0.5283026695251465,0.35072165727615356,1.985815167427063,-0.09302173554897308,0.0,0.17758101224899292,0.17758101224899292,0.15155021846294403,0.15155021846294403,0.1794498860836029,-0.03330736234784126,0.4502376914024353,0.0,-0.027899667620658875,-0.027899667620658875,-0.10873445123434067,-0.10873445123434067,0.06349359452724457,-2.0006630420684814,0.5637595057487488,0.0,-0.17222804576158524,-0.17222804576158524,0.3218689560890198,0.3218689560890198,0.15445901453495026,1.6945676803588867,-0.585989236831665,0.0,0.16740994155406952,0.16740994155406952,0.2090102732181549,0.2090102732181549,0.09513788670301437,1.0935887098312378,0.24630995094776154,0.0,0.11387238651514053,0.11387238651514053,-0.02227405644953251,-0.02227405644953251,-0.0423244871199131,-0.23482191562652588,1.1559123992919922,0.0,0.020050430670380592,0.020050430670380592
685,22.833333333333332,24,0,0,,4,uneven rough,10,0.0,85.45342254638672,32.54933547973633,0.22453399002552032,1.8994241952896118,0.29604098200798035,1.8994241952896118,0.29604098200798035,9.585716247558594,3.3333334922790527,0.1666666716337204,0.3170722424983978,0.22146984934806824,0.9497120976448059,0.14802049100399017,0.5263026356697083,-0.39493054151535034,-0.11369821429252625,-0.07002684473991394,0.7132909297943115,-0.4616487920284271,0.3684118390083313,0.3684118390083313,0.14513178169727325,2.000001907348633,-1.1218414306640625,0.0,0.22328005731105804,0.22328005731105804,-0.6318888664245605,-0.6318888664245605,0.15846233069896698,0.09315327554941177,1.2119553089141846,0.0,-0.7903511971235275,-0.7903511971235275,-0.05684910714626312,-0.05684910714626312,-0.07393907755613327,0.45763924717903137,-0.9184993505477905,0.0,0.017089970409870148,0.017089970409870148,-0.04901878908276558,-0.04901878908276558,0.10357610881328583,-1.9995776414871216,-0.4751214385032654,0.0,-0.1525948978960514,-0.1525948978960514,0.35664546489715576,0.35664546489715576,0.2879464030265808,2.0000016689300537,1.2804619073867798,0.0,0.06869906187057495,0.06869906187057495,-0.23082439601421356,-0.23082439601421356,-0.021146420389413834,-1.7075538635253906,0.5626285672187805,0.0,-0.20967797562479973,-0.20967797562479973
686,22.866666666666667,4,0,0,,4,uneven rough,5,0.0,54.70120620727539,35.01956558227539,0.28344830870628357,1.6465027332305908,0.8095421195030212,1.6465027332305908,0.8095421195030212,7.293536186218262,0.8133532404899597,0.3333333432674408,0.5035921335220337,0.15335436165332794,0.8232513666152954,0.4047710597515106,0.4617402255535126,0.18504495918750763,0.3268800675868988,-0.06880471855401993,0.3181651830673218,-0.4655643105506897,0.3232181668281555,0.3232181668281555,0.23917686939239502,1.9442411661148071,-0.3826900124549866,0.0,0.0840412974357605,0.0840412974357605,0.09252247959375381,0.09252247959375381,0.19134359061717987,-1.9453765153884888,0.43454286456108093,0.0,-0.09882111102342606,-0.09882111102342606,0.1634400337934494,0.1634400337934494,0.03597421944141388,1.892858862876892,-0.6553095579147339,0.0,0.12746581435203552,0.12746581435203552,-0.04816330224275589,-0.04816330224275589,0.10853222012519836,-1.9104026556015015,-0.12345056235790253,0.0,-0.15669552236795425,-0.15669552236795425,0.1590825915336609,0.1590825915336609,0.15492966771125793,0.06155430153012276,0.47511398792266846,0.0,0.004152923822402954,0.004152923822402954,-0.23278215527534485,-0.23278215527534485,0.06822085380554199,0.24447263777256012,1.5848828554153442,0.0,-0.30100300908088684,-0.30100300908088684
686,22.866666666666667,14,0,0,,4,uneven rough,5,0.0,53.80741882324219,37.63278579711914,0.32651451230049133,1.6425913572311401,0.5194791555404663,1.6425913572311401,0.5194791555404663,8.401790618896484,7.154653072357178,0.5,-0.5787731409072876,0.16815589368343353,0.8212956786155701,0.25973957777023315,-0.013994182460010052,0.09217838943004608,0.5762425661087036,0.6515130996704102,0.15422546863555908,0.059973906725645065,-0.009795927442610264,-0.009795927442610264,0.3254953622817993,-1.664513349533081,1.082356333732605,0.0,-0.3352912897244096,-0.3352912897244096,0.04608919471502304,0.04608919471502304,0.11969177424907684,-1.7582767009735107,0.17684045433998108,0.0,-0.0736025795340538,-0.0736025795340538,0.2881212830543518,0.2881212830543518,0.10275975614786148,1.551607370376587,-0.8861696124076843,0.0,0.18536152690649033,0.18536152690649033,0.45605915784835815,0.45605915784835815,0.21557272970676422,1.4677399396896362,0.7034417390823364,0.0,0.24048642814159393,0.24048642814159393,0.07711273431777954,0.07711273431777954,0.048643842339515686,-1.1214927434921265,0.7253628969192505,0.0,0.028468891978263855,0.028468891978263855,0.029986953362822533,0.029986953362822533,-0.0058146147057414055,0.995924711227417,0.3695887625217438,0.0,0.03580156806856394,0.03580156806856394
686,22.866666666666667,24,0,0,,4,uneven rough,10,0.0,85.51892852783203,32.54005432128906,0.21272951364517212,1.9094570875167847,-0.8460007309913635,1.9094570875167847,-0.8460007309913635,9.625582695007324,0.0,0.0,0.48424097895622253,0.29794496297836304,0.9547285437583923,-0.42300036549568176,0.3557921051979065,-0.21751700341701508,0.13494308292865753,-0.37877801060676575,0.7804123759269714,-0.8749086856842041,0.24905447661876678,0.24905447661876678,0.21070267260074615,1.8798980712890625,0.6432543992996216,0.0,0.03835180401802063,0.03835180401802063,-0.34802719950675964,-0.34802719950675964,0.12963324785232544,-0.3900272846221924,0.5793826580047607,0.0,-0.4776604473590851,-0.4776604473590851,0.06747154146432877,0.06747154146432877,-0.057756852358579636,0.346289724111557,-0.14042812585830688,0.0,0.1252283938229084,0.1252283938229084,-0.26514461636543274,-0.26514461636543274,0.041364818811416626,-1.5962992906570435,-1.3370517492294312,0.0,-0.30650943517684937,-0.30650943517684937,0.3902061879634857,0.3902061879634857,0.343293160200119,1.4080456495285034,1.687290906906128,0.0,0.0469130277633667,0.0469130277633667,-0.43745434284210205,-0.43745434284210205,-0.07281242311000824,-2.0508041381835938,-0.72093665599823,0.0,-0.3646419197320938,-0.3646419197320938
687,22.9,4,0,0,,4,uneven rough,5,0.0,54.67483139038086,35.043540954589844,0.28113168478012085,1.8105734586715698,-1.1372185945510864,1.8105734586715698,-1.1372185945510864,8.028900146484375,4.125805854797363,0.3333333432674408,0.4298679828643799,0.1316860020160675,0.9052867293357849,-0.5686092972755432,0.352143257856369,-0.23820367455482483,0.5087285041809082,0.21082380414009094,0.560141921043396,-0.5156988501548767,0.24650028347969055,0.24650028347969055,0.2387676239013672,-0.2506883442401886,0.9329610466957092,0.0,0.007732659578323364,0.007732659578323364,-0.38112589716911316,-0.38112589716911316,0.16012884676456451,-0.9796267747879028,-0.9110678434371948,0.0,-0.5412547439336777,-0.5412547439336777,0.2543642520904541,0.2543642520904541,0.10672349482774734,1.9987680912017822,0.7854294180870056,0.0,0.14764075726270676,0.14764075726270676,0.14757665991783142,0.14757665991783142,0.14288632571697235,1.550119161605835,-1.1337964534759521,0.0,0.00469033420085907,0.00469033420085907,0.280070960521698,0.280070960521698,0.21095792949199677,1.8232592344284058,0.24128660559654236,0.0,0.06911303102970123,0.06911303102970123,-0.25784942507743835,-0.25784942507743835,0.0624280646443367,-0.8892468810081482,0.8270124793052673,0.0,-0.32027748972177505,-0.32027748972177505
687,22.9,14,0,0,,4,uneven rough,5,0.0,53.77492141723633,37.65650939941406,0.34099727869033813,1.5459494590759277,0.25129038095474243,1.5459494590759277,0.25129038095474243,8.329521179199219,4.482122421264648,0.3333333432674408,-0.3336268663406372,0.03032364323735237,0.7729747295379639,0.12564519047737122,0.3251449167728424,0.43548327684402466,0.3837948143482208,0.5498889684677124,-0.2189495861530304,0.3149285614490509,0.22760143876075745,0.22760143876075745,0.25895360112190247,-1.9900177717208862,-0.47072872519493103,0.0,-0.03135216236114502,-0.03135216236114502,0.21774163842201233,0.21774163842201233,0.16599807143211365,2.0000362396240234,-0.9172782301902771,0.0,0.05174356698989868,0.05174356698989868,0.1918974071741104,0.1918974071741104,0.16015556454658508,1.878813624382019,0.4921538531780243,0.0,0.03174184262752533,0.03174184262752533,0.3849222660064697,0.3849222660064697,0.2819831669330597,2.000033140182495,1.1355773210525513,0.0,0.10293909907341003,0.10293909907341003,-0.35031935572624207,-0.35031935572624207,0.05554506555199623,-0.39747175574302673,-0.31885257363319397,0.0,-0.4058644212782383,-0.4058644212782383,0.15746428072452545,0.15746428072452545,0.05195678025484085,2.000013828277588,0.7237202525138855,0.0,0.1055075004696846,0.1055075004696846
687,22.9,24,0,0,,4,uneven rough,10,0.0,85.58071899414062,32.52355194091797,0.20785658061504364,1.9619511365890503,-0.4628005027770996,1.9259345531463623,-0.4628005027770996,6.114854335784912,2.892702102661133,0.3333333432674408,0.6733736395835876,0.3683544993400574,0.9809755682945251,-0.2314002513885498,0.30621102452278137,0.08960852771997452,0.3724055588245392,0.4155445396900177,0.5048902034759521,-0.5281708836555481,0.2143477201461792,0.2143477201461792,0.2023412585258484,-0.5100759267807007,1.3424549102783203,0.0,0.01200646162033081,0.01200646162033081,0.04480426385998726,0.04480426385998726,0.06405606865882874,-1.145904541015625,0.031276535242795944,0.0,-0.019251804798841476,-0.019251804798841476,0.1862027794122696,0.1862027794122696,0.003955066669732332,2.000093936920166,0.13476301729679108,0.0,0.18224771274253726,0.18224771274253726,0.2908811867237091,0.2908811867237091,0.09259673953056335,1.5302245616912842,-1.4836307764053345,0.0,0.19828444719314575,0.19828444719314575,0.2524451017379761,0.2524451017379761,0.28554567694664,-2.017091989517212,1.529405117034912,0.0,-0.03310057520866394,-0.03310057520866394,-0.26408544182777405,-0.26408544182777405,-0.13673758506774902,-1.3206136226654053,-1.4728461503982544,0.0,-0.12734785676002502,-0.12734785676002502
688,22.933333333333334,4,0,0,,4,uneven rough,5,0.0,54.65013122558594,35.068214416503906,0.27708160877227783,1.5524957180023193,0.6450069546699524,1.5524957180023193,0.6450069546699524,7.716789245605469,2.598966360092163,0.3333333432674408,0.3805919289588928,0.10830336809158325,0.7762478590011597,0.3225034773349762,0.4001534581184387,0.21854762732982635,0.019639287143945694,0.37216916680336,0.46409207582473755,0.2828771471977234,0.28010740876197815,0.28010740876197815,0.2450428009033203,0.6780873537063599,0.26372355222702026,0.0,0.03506460785865784,0.03506460785865784,0.10927381366491318,0.10927381366491318,0.11707939952611923,-0.3121221959590912,-0.9498311877250671,0.0,-0.007805585861206055,-0.007805585861206055,0.009819643571972847,0.009819643571972847,0.07144531607627869,-1.934122085571289,1.471453309059143,0.0,-0.06162567250430584,-0.06162567250430584,0.2605184018611908,0.2605184018611908,0.20446552336215973,1.9535309076309204,0.38369426131248474,0.0,0.05605287849903107,0.05605287849903107,0.23204603791236877,0.23204603791236877,0.219399094581604,0.46221041679382324,1.1357368230819702,0.0,0.01264694333076477,0.01264694333076477,0.1414385735988617,0.1414385735988617,0.11160501092672348,0.07138806581497192,-0.14336362481117249,0.0,0.029833562672138214,0.029833562672138214
688,22.933333333333334,14,0,0,,4,uneven rough,5,0.0,53.73691177368164,37.66947937011719,0.35487571358680725,1.4156203269958496,0.957213282585144,1.4156203269958496,0.957213282585144,7.747176170349121,2.556272268295288,0.1666666716337204,-0.03730541467666626,0.032906726002693176,0.7078101634979248,0.478606641292572,0.12503387033939362,0.6722943782806396,-0.061321452260017395,0.34986940026283264,-0.1971738189458847,0.037863947451114655,0.08752370625734329,0.08752370625734329,0.19676804542541504,-1.2871919870376587,-1.3297374248504639,0.0,-0.10924433916807175,-0.10924433916807175,0.3361471891403198,0.3361471891403198,0.23203951120376587,1.5485254526138306,0.7321766018867493,0.0,0.10410767793655396,0.10410767793655396,-0.030660726130008698,-0.030660726130008698,0.09575819224119186,-2.0025129318237305,1.2761738300323486,0.0,-0.12641891837120056,-0.12641891837120056,0.24490857124328613,0.24490857124328613,0.28259041905403137,-1.495500087738037,1.6243422031402588,0.0,-0.03768184781074524,-0.03768184781074524,-0.31547811627388,-0.31547811627388,-0.002348941517993808,-0.8645917177200317,-0.3633039891719818,0.0,-0.3131291747558862,-0.3131291747558862,0.018931973725557327,0.018931973725557327,0.015397830866277218,-0.841852605342865,1.4453389644622803,0.0,0.0035341428592801094,0.0035341428592801094
688,22.933333333333334,24,0,0,,4,uneven rough,10,0.0,85.6411361694336,32.509727478027344,0.2156374752521515,1.9424505233764648,0.07482603937387466,1.935861587524414,0.07482603937387466,10.051310539245605,0.3307093381881714,0.1666666716337204,0.5060073137283325,0.42006707191467285,0.9712252616882324,0.03741301968693733,0.16682855784893036,0.398225873708725,-0.057084955275058746,0.3893919587135315,0.08731461316347122,0.5253276824951172,0.11677999049425125,0.11677999049425125,0.14120317995548248,-1.959878921508789,0.2950306534767151,0.0,-0.02442318946123123,-0.02442318946123123,0.1991129368543625,0.1991129368543625,0.11548225581645966,1.9433882236480713,-0.6343037486076355,0.0,0.08363068103790283,0.08363068103790283,-0.028542477637529373,-0.028542477637529373,-0.011129187420010567,-1.1518597602844238,1.1894245147705078,0.0,-0.017413290217518806,-0.017413290217518806,0.27257436513900757,0.27257436513900757,0.16047212481498718,1.960246205329895,0.22040845453739166,0.0,0.11210224032402039,0.11210224032402039,0.04365730658173561,0.04365730658173561,0.2626485824584961,-1.2440824508666992,-0.47579070925712585,0.0,-0.21899127587676048,-0.21899127587676048,0.2626638412475586,0.2626638412475586,-0.11583270877599716,0.793814480304718,-1.3867735862731934,0.0,0.37849655002355576,0.37849655002355576
689,22.966666666666665,4,0,0,,4,uneven rough,5,0.0,54.6262321472168,35.09201431274414,0.2705290913581848,1.4252619743347168,0.5282546877861023,1.4252619743347168,0.5282546877861023,7.748583793640137,3.593601703643799,0.23937296867370605,0.27471908926963806,0.18161380290985107,0.7126309871673584,0.26412734389305115,-0.3126004934310913,0.10998810827732086,0.13658075034618378,0.5810750722885132,0.4475092887878418,0.33389630913734436,-0.21882034838199615,-0.21882034838199615,0.19384482502937317,-1.4311587810516357,0.49800559878349304,0.0,-0.4126651734113693,-0.4126651734113693,0.05499405413866043,0.05499405413866043,0.0565851554274559,-1.3337836265563965,-0.5892693400382996,0.0,-0.0015911012887954712,-0.0015911012887954712,0.06829037517309189,0.06829037517309189,0.08038730919361115,1.688387393951416,-0.45406514406204224,0.0,-0.012096934020519257,-0.012096934020519257,0.4067525565624237,0.4067525565624237,0.26931384205818176,1.1047292947769165,1.27128267288208,0.0,0.13743871450424194,0.13743871450424194,0.2237546443939209,0.2237546443939209,0.21760337054729462,0.9957000613212585,0.7549238204956055,0.0,0.006151273846626282,0.006151273846626282,0.16694815456867218,0.16694815456867218,0.1557324230670929,0.2923143804073334,-0.021942632272839546,0.0,0.011215731501579285,0.011215731501579285
689,22.966666666666665,14,0,0,,4,uneven rough,5,0.0,53.69746398925781,37.68619155883789,0.3489993214607239,1.6356542110443115,1.2212038040161133,1.6356542110443115,1.2212038040161133,6.587079048156738,1.3381417989730835,0.3333333432674408,0.19832424819469452,0.1920737475156784,0.8178271055221558,0.6106019020080566,0.5601039528846741,0.32971715927124023,-0.17447291314601898,0.01671946607530117,0.08032365888357162,-0.23705218732357025,0.39207276701927185,0.39207276701927185,0.2469193935394287,1.9967570304870605,-1.3056821823120117,0.0,0.14515337347984314,0.14515337347984314,0.16485857963562012,0.16485857963562012,0.20796939730644226,-1.599825143814087,1.1937416791915894,0.0,-0.043110817670822144,-0.043110817670822144,-0.08723645657300949,-0.08723645657300949,0.030317042022943497,-1.954496145248413,-0.5776014924049377,0.0,-0.11755349859595299,-0.11755349859595299,0.01170362625271082,0.01170362625271082,0.21744203567504883,-1.6907716989517212,-0.13962224125862122,0.0,-0.205738409422338,-0.205738409422338,0.04016182944178581,0.04016182944178581,0.0019736464601010084,1.430553674697876,-0.6467329859733582,0.0,0.038188182981684804,0.038188182981684804,-0.11852609366178513,-0.11852609366178513,-0.01672280952334404,-1.5490440130233765,0.15215672552585602,0.0,-0.10180328413844109,-0.10180328413844109
689,22.966666666666665,24,0,0,,4,uneven rough,10,0.0,85.69973754882812,32.491798400878906,0.22910261154174805,1.8820672035217285,0.020979372784495354,1.8820672035217285,0.020979372784495354,9.540881156921387,3.3333334922790527,0.1666666716337204,0.14580810070037842,0.30783531069755554,0.9410336017608643,0.010489686392247677,-0.21469533443450928,0.44400450587272644,-0.02408461831510067,0.36267971992492676,0.23616045713424683,0.2995734214782715,-0.1502867341041565,-0.1502867341041565,0.07454508543014526,-1.6645528078079224,-0.9798992276191711,0.0,-0.22483181953430176,-0.22483181953430176,0.22200225293636322,0.22200225293636322,0.18269625306129456,1.681190848350525,0.8231279253959656,0.0,0.039305999875068665,0.039305999875068665,-0.012042309157550335,-0.012042309157550335,-0.02022901363670826,-0.6440449357032776,-0.13434182107448578,0.0,0.008186704479157925,0.008186704479157925,0.2538757920265198,0.2538757920265198,0.22672376036643982,1.7292063236236572,1.204115867614746,0.0,0.027152031660079956,0.027152031660079956,0.11808022856712341,0.11808022856712341,0.20394547283649445,-2.0177323818206787,-0.9101842641830444,0.0,-0.08586524426937103,-0.08586524426937103,0.14978671073913574,0.14978671073913574,-0.06094973906874657,1.5645954608917236,-0.15386518836021423,0.0,0.2107364498078823,0.2107364498078823
690,23.0,4,0,0,,4,uneven rough,5,0.0,54.59264373779297,35.11432647705078,0.28076261281967163,1.6474533081054688,-0.6198856830596924,1.6474533081054688,-0.6198856830596924,8.180669784545898,0.9307565689086914,0.1666666716337204,0.18047714233398438,0.028203200548887253,0.8237266540527344,-0.3099428415298462,0.3011457324028015,0.6301509141921997,0.17785215377807617,0.29955223202705383,-0.09863916039466858,0.10959646105766296,0.21080200374126434,0.21080200374126434,0.22382400929927826,0.40593594312667847,-0.5927473902702332,0.0,-0.013022005558013916,-0.013022005558013916,0.31507545709609985,0.31507545709609985,0.1177317425608635,1.7329899072647095,-1.0102190971374512,0.0,0.19734371453523636,0.19734371453523636,0.08892607688903809,0.08892607688903809,0.06596248596906662,-0.8427391052246094,0.7572813630104065,0.0,0.022963590919971466,0.022963590919971466,0.20968656241893768,0.20968656241893768,0.23428095877170563,-0.669540286064148,1.1771130561828613,0.0,-0.024594396352767944,-0.024594396352767944,-0.1578226536512375,-0.1578226536512375,0.20224535465240479,-0.14714768528938293,0.891059160232544,0.0,-0.3600680083036423,-0.3600680083036423,0.05479823052883148,0.05479823052883148,0.09777721762657166,-1.7243582010269165,0.15573884546756744,0.0,-0.04297898709774017,-0.04297898709774017
690,23.0,14,0,0,,4,uneven rough,5,0.0,53.65705490112305,37.70441436767578,0.3339504599571228,1.260400414466858,-0.21096894145011902,1.260400414466858,-0.21096894145011902,3.6342618465423584,3.3333334922790527,0.1666666716337204,0.6395694017410278,0.015998896211385727,0.630200207233429,-0.10548447072505951,0.4338182210922241,0.227489173412323,0.4706574082374573,-0.020308123901486397,0.07420463114976883,-0.20435313880443573,0.30367276072502136,0.30367276072502136,0.30741846561431885,1.0956465005874634,0.561522901058197,0.0,-0.0037457048892974854,-0.0037457048892974854,0.1137445867061615,0.1137445867061615,0.14361783862113953,-1.927919626235962,-0.3857460021972656,0.0,-0.029873251914978027,-0.029873251914978027,0.23532870411872864,0.23532870411872864,0.026142049580812454,-0.9954828023910522,-1.3561002016067505,0.0,0.20918665453791618,0.20918665453791618,-0.014215686358511448,-0.014215686358511448,0.16281922161579132,-1.3426417112350464,-1.0166449546813965,0.0,-0.17703490797430277,-0.17703490797430277,0.037102315574884415,0.037102315574884415,0.05911687761545181,1.0804979801177979,0.527768611907959,0.0,-0.022014562040567398,-0.022014562040567398,-0.10217656940221786,-0.10217656940221786,-0.03826943039894104,-1.226209044456482,-0.8097051978111267,0.0,-0.06390713900327682,-0.06390713900327682
690,23.0,24,0,0,,4,uneven rough,10,0.0,85.75956726074219,32.48452377319336,0.24164928495883942,1.915592074394226,1.051369547843933,1.915592074394226,1.051369547843933,10.253436088562012,3.4046711921691895,0.3333333432674408,-0.09844609349966049,0.24550776183605194,0.957796037197113,0.5256847739219666,-0.6701816320419312,0.7192720174789429,-0.03969560191035271,0.1540488451719284,0.16835425794124603,0.0016712866490706801,-0.4691271483898163,-0.4691271483898163,0.031858231872320175,-1.4243704080581665,-1.3670035600662231,0.0,-0.5009853802621365,-0.5009853802621365,0.35963600873947144,0.35963600873947144,0.24863606691360474,2.000002384185791,1.308278203010559,0.0,0.1109999418258667,0.1109999418258667,-0.019847800955176353,-0.019847800955176353,-0.035444051027297974,-0.7512194514274597,-0.42252886295318604,0.0,0.01559625007212162,0.01559625007212162,0.10783419013023376,0.10783419013023376,0.20109929144382477,-1.8402668237686157,1.5010029077529907,0.0,-0.093265101313591,-0.093265101313591,0.08417712897062302,0.08417712897062302,0.14159439504146576,-1.9588439464569092,-1.5363940000534058,0.0,-0.05741726607084274,-0.05741726607084274,0.0008356433245353401,0.0008356433245353401,0.008138305507600307,2.000518560409546,0.8177555203437805,0.0,-0.007302662183064967,-0.007302662183064967
691,23.03333333333333,4,0,0,,4,uneven rough,5,0.0,54.561561584472656,35.13404846191406,0.2855798900127411,1.525670051574707,1.1979143619537354,1.525670051574707,1.1979143619537354,4.683856964111328,1.8506495952606201,0.5,-0.05051066726446152,0.06932450830936432,0.7628350257873535,0.5989571809768677,0.29552263021469116,0.06551540642976761,0.1870281845331192,0.3592393696308136,0.3297301232814789,-0.3487679660320282,0.2068658322095871,0.2068658322095871,0.20450466871261597,-0.4034447968006134,-0.028090042993426323,0.0,0.0023611634969711304,0.0023611634969711304,0.032757703214883804,0.032757703214883804,0.05784275010228157,-1.760374665260315,0.5407962203025818,0.0,-0.025085046887397766,-0.025085046887397766,0.0935140922665596,0.0935140922665596,0.06225791946053505,1.527456521987915,-0.14737308025360107,0.0,0.03125617280602455,0.03125617280602455,0.2514675557613373,0.2514675557613373,0.25486600399017334,0.4057658910751343,0.13301195204257965,0.0,-0.0033984482288360596,-0.0033984482288360596,0.16486506164073944,0.16486506164073944,0.16219092905521393,-0.08526276797056198,0.3040551543235779,0.0,0.0026741325855255127,0.0026741325855255127,-0.1743839830160141,-0.1743839830160141,0.06565573811531067,-0.06543173640966415,-0.9072713851928711,0.0,-0.24003972113132477,-0.24003972113132477
691,23.03333333333333,14,0,0,,4,uneven rough,5,0.0,53.622047424316406,37.7341194152832,0.3270561099052429,1.4470491409301758,-0.4158839285373688,1.4470491409301758,-0.4158839285373688,2.156358480453491,3.0406205654144287,0.3333333432674408,0.7341779470443726,0.08202527463436127,0.7235245704650879,-0.2079419642686844,0.62575364112854,0.31524983048439026,0.47592294216156006,0.4518079161643982,0.3002876043319702,0.10610853135585785,0.4380275309085846,0.4380275309085846,0.36501991748809814,1.9812167882919312,0.8635173439979553,0.0,0.07300761342048645,0.07300761342048645,0.15762491524219513,0.15762491524219513,0.14754971861839294,0.5239699482917786,-1.2576937675476074,0.0,0.010075196623802185,0.010075196623802185,0.23796147108078003,0.23796147108078003,0.07401735335588455,0.8540107607841492,-1.1522064208984375,0.0,0.16394411772489548,0.16394411772489548,0.3162655234336853,0.3162655234336853,0.18065769970417023,1.4662665128707886,-1.200964093208313,0.0,0.13560782372951508,0.13560782372951508,0.1501438021659851,0.1501438021659851,0.13577839732170105,1.9078670740127563,0.8402827978134155,0.0,0.014365404844284058,0.014365404844284058,0.053054265677928925,0.053054265677928925,0.029098467901349068,1.9376394748687744,-1.0451972484588623,0.0,0.023955797776579857,0.023955797776579857
691,23.03333333333333,24,0,0,,4,uneven rough,10,0.0,85.82011413574219,32.490108489990234,0.234319806098938,1.9135799407958984,-0.6527401208877563,1.9133317470550537,-0.6527401208877563,7.936543941497803,1.934064269065857,0.1666666716337204,-0.143457293510437,0.20355796813964844,0.9567899703979492,-0.3263700604438782,-0.15596602857112885,0.4073594808578491,0.07606244832277298,-0.4923107624053955,0.41742876172065735,-0.7023657560348511,-0.10917621850967407,-0.10917621850967407,-0.02958385832607746,-1.9595578908920288,-1.3994388580322266,0.0,-0.07959236018359661,-0.07959236018359661,0.20367974042892456,0.20367974042892456,0.24499526619911194,-1.9794423580169678,1.6993802785873413,0.0,-0.04131552577018738,-0.04131552577018738,0.03803122416138649,0.03803122416138649,-0.025301288813352585,1.152549386024475,-0.6083711385726929,0.0,0.06333251297473907,0.06333251297473907,-0.3446175158023834,-0.3446175158023834,0.15794754028320312,-1.3633427619934082,-0.3881569504737854,0.0,-0.5025650560855865,-0.5025650560855865,0.20871438086032867,0.20871438086032867,0.16026423871517181,1.962910532951355,-1.7752479314804077,0.0,0.04845014214515686,0.04845014214515686,-0.35118287801742554,-0.35118287801742554,0.029139980673789978,0.8769107460975647,1.4864917993545532,0.0,-0.3803228586912155,-0.3803228586912155
692,23.066666666666666,4,0,0,,4,uneven rough,5,0.0,54.526031494140625,35.1507453918457,0.2950951159000397,1.6377731561660767,-0.021551184356212616,1.6377731561660767,-0.021551184356212616,6.316947937011719,2.790546417236328,0.5,-0.22895210981369019,0.09040187299251556,0.8188865780830383,-0.010775592178106308,0.27916690707206726,0.1347568929195404,0.20295044779777527,0.2585366368293762,-0.009146718308329582,-0.22958487272262573,0.19541683793067932,0.19541683793067932,0.2185344398021698,0.10680228471755981,-0.24031628668308258,0.0,-0.02311760187149048,-0.02311760187149048,0.0673784464597702,0.0673784464597702,0.04280397295951843,0.8907386660575867,-0.7602899074554443,0.0,0.02457447350025177,0.02457447350025177,0.10147522389888763,0.10147522389888763,0.04953644424676895,-0.09895123541355133,0.7995786070823669,0.0,0.05193877965211868,0.05193877965211868,0.18097564578056335,0.18097564578056335,0.21614018082618713,-1.6182743310928345,0.2872275114059448,0.0,-0.03516453504562378,-0.03516453504562378,-0.014634749852120876,-0.014634749852120876,0.12800513207912445,-0.6150345802307129,0.08393410593271255,0.0,-0.14263988193124533,-0.14263988193124533,-0.11479243636131287,-0.11479243636131287,0.03206750005483627,-0.9824613928794861,-0.4312937557697296,0.0,-0.14685993641614914,-0.14685993641614914
692,23.066666666666666,14,0,0,,4,uneven rough,5,0.0,53.58882141113281,37.756649017333984,0.32143741846084595,1.4649920463562012,0.6496723890304565,1.4649920463562012,0.6496723890304565,2.1100969314575195,2.9224257469177246,0.3333333432674408,0.4700932502746582,0.17793309688568115,0.7324960231781006,0.32483619451522827,-0.17947567999362946,0.7328931093215942,-0.05267200618982315,0.7801414132118225,0.557492733001709,0.1996459811925888,-0.12563297152519226,-0.12563297152519226,0.3327525556087494,-1.5146052837371826,1.4954665899276733,0.0,-0.45838552713394165,-0.45838552713394165,0.3664465546607971,0.3664465546607971,0.20939861238002777,1.6244208812713623,-0.2503378987312317,0.0,0.15704794228076935,0.15704794228076935,-0.026336003094911575,-0.026336003094911575,0.013426407240331173,-1.9949984550476074,-0.017887631431221962,0.0,-0.03976241033524275,-0.03976241033524275,0.5460990071296692,0.5460990071296692,0.24274319410324097,0.7119046449661255,0.3070928752422333,0.0,0.3033558130264282,0.3033558130264282,0.2787463665008545,0.2787463665008545,0.2043718844652176,1.9846104383468628,1.4438968896865845,0.0,0.0743744820356369,0.0743744820356369,0.0998229905962944,0.0998229905962944,0.08635620027780533,0.7923023700714111,0.6413039565086365,0.0,0.013466790318489075,0.013466790318489075
692,23.066666666666666,24,0,0,,4,uneven rough,10,0.0,85.88072967529297,32.495418548583984,0.2254495918750763,1.92164945602417,0.08484949916601181,1.8853795528411865,0.08484949916601181,7.601985931396484,2.7880873680114746,0.3333333432674408,0.007775098085403442,0.1571279764175415,0.960824728012085,0.042424749583005905,0.7703689336776733,0.4040742516517639,-0.30420029163360596,-0.10231129825115204,0.3894352316856384,-0.540935754776001,0.5392582416534424,0.5392582416534424,-0.010056843981146812,1.111464262008667,-1.7161312103271484,0.0,0.5493150856345892,0.5493150856345892,0.20203712582588196,0.20203712582588196,0.2138209491968155,0.37416356801986694,-0.3806326389312744,0.0,-0.011783823370933533,-0.011783823370933533,-0.15210014581680298,-0.15210014581680298,-0.050785478204488754,0.035313405096530914,0.3872565031051636,0.0,-0.10131466761231422,-0.10131466761231422,-0.07161790877580643,-0.07161790877580643,0.09234593063592911,-1.9434518814086914,-0.93952876329422,0.0,-0.16396383941173553,-0.16396383941173553,0.1947176158428192,0.1947176158428192,0.1827753633260727,-0.5750300288200378,0.33831357955932617,0.0,0.011942252516746521,0.011942252516746521,-0.2704678773880005,-0.2704678773880005,0.006022663787007332,-0.017932742834091187,1.1418335437774658,0.0,-0.2764905411750078,-0.2764905411750078
693,23.1,4,0,0,,4,uneven rough,5,0.0,54.48987579345703,35.1704216003418,0.3039647042751312,1.5606293678283691,-0.21724487841129303,1.5606293678283691,-0.21724487841129303,4.666703224182129,4.457076549530029,0.3333333432674408,-0.2642977237701416,0.13226047158241272,0.7803146839141846,-0.10862243920564651,0.3425033688545227,0.06429046392440796,0.5057964324951172,0.031651195138692856,0.18163231015205383,-0.548113226890564,0.23975235223770142,0.23975235223770142,0.24709010124206543,0.857232391834259,-0.044054821133613586,0.0,-0.007337749004364014,-0.007337749004364014,0.03214523196220398,0.03214523196220398,0.02221049927175045,-0.27248725295066833,0.17320460081100464,0.0,0.00993473269045353,0.00993473269045353,0.2528982162475586,0.2528982162475586,0.07313649356365204,1.1319975852966309,0.2915482223033905,0.0,0.17976172268390656,0.17976172268390656,0.02215583622455597,0.02215583622455597,0.15128351747989655,-1.8063970804214478,-0.7901466488838196,0.0,-0.12912768125534058,-0.12912768125534058,0.09081615507602692,0.09081615507602692,0.10311468690633774,0.09675896912813187,-0.3112640380859375,0.0,-0.012298531830310822,-0.012298531830310822,-0.274056613445282,-0.274056613445282,0.024631891399621964,-0.08180534094572067,-0.7429249286651611,0.0,-0.29868850484490395,-0.29868850484490395
693,23.1,14,0,0,,4,uneven rough,5,0.0,53.5594482421875,37.773929595947266,0.30530157685279846,1.37611722946167,0.6595788598060608,1.37611722946167,0.6595788598060608,5.816871643066406,1.6699206829071045,0.3333333432674408,0.40177416801452637,0.2649836838245392,0.688058614730835,0.3297894299030304,0.43902185559272766,-0.009926756843924522,0.02621462382376194,0.5341763496398926,0.4507567584514618,-0.059686899185180664,0.30731528997421265,0.30731528997421265,0.28853049874305725,-0.770736813545227,-0.2064334601163864,0.0,0.018784791231155396,0.018784791231155396,-0.015882810577750206,-0.015882810577750206,0.1589343249797821,-1.1579409837722778,0.8096540570259094,0.0,-0.1748171355575323,-0.1748171355575323,0.01310731191188097,0.01310731191188097,-0.026280589401721954,1.315468192100525,-1.1357495784759521,0.0,0.039387901313602924,0.039387901313602924,0.3739234507083893,0.3739234507083893,0.3045359253883362,1.6241059303283691,0.5359741449356079,0.0,0.0693875253200531,0.0693875253200531,0.2253783792257309,0.2253783792257309,0.2277100682258606,1.7488908767700195,1.749617338180542,0.0,-0.0023316890001296997,-0.0023316890001296997,-0.029843449592590332,-0.029843449592590332,0.06706089526414871,0.09387588500976562,0.726678729057312,0.0,-0.09690434485673904,-0.09690434485673904
693,23.1,24,0,0,,4,uneven rough,10,0.0,85.9451675415039,32.498374938964844,0.22881072759628296,1.9501433372497559,-1.236523151397705,1.8959757089614868,-1.236523151397705,8.396551132202148,10.0,0.5,0.11557234823703766,0.0713360384106636,0.9750716686248779,-0.6182615756988525,0.27924078702926636,0.37253478169441223,-0.7182350754737854,-0.41966232657432556,0.4493086338043213,-0.5216758251190186,0.19546854496002197,0.19546854496002197,0.051840104162693024,1.9344388246536255,-0.11740367114543915,0.0,0.14362844079732895,0.14362844079732895,0.18626739084720612,0.18626739084720612,0.21422570943832397,-0.5576320886611938,0.04613048955798149,0.0,-0.02795831859111786,-0.02795831859111786,-0.3591175377368927,-0.3591175377368927,-0.09160692989826202,-1.3104530572891235,0.18826724588871002,0.0,-0.2675106078386307,-0.2675106078386307,-0.2937636375427246,-0.2937636375427246,0.030677881091833115,-1.5844995975494385,-1.5071487426757812,0.0,-0.3244415186345577,-0.3244415186345577,0.22465431690216064,0.22465431690216064,0.18811972439289093,0.9300660490989685,-0.17809253931045532,0.0,0.036534592509269714,0.036534592509269714,-0.2608379125595093,-0.2608379125595093,-0.038161665201187134,0.18262392282485962,0.48609960079193115,0.0,-0.22267624735832214,-0.22267624735832214
694,23.133333333333333,4,0,0,,4,uneven rough,5,0.0,54.45588302612305,35.20262908935547,0.3050563931465149,1.4955875873565674,0.002755930880084634,1.4955875873565674,0.002755930880084634,3.8087711334228516,4.981378078460693,0.3333333432674408,-0.49325084686279297,0.0928654670715332,0.7477937936782837,0.001377965440042317,0.5290377736091614,0.07518775016069412,0.5697619318962097,0.31578636169433594,0.4442923665046692,-0.42004454135894775,0.370326429605484,0.370326429605484,0.30706995725631714,1.9043629169464111,0.46553459763526917,0.0,0.06325647234916687,0.06325647234916687,0.03759387508034706,0.03759387508034706,0.037263259291648865,0.07427701354026794,-0.07879037410020828,0.0,0.0003306157886981964,0.0003306157886981964,0.28488096594810486,0.28488096594810486,0.1290981024503708,0.7565820217132568,0.7667397856712341,0.0,0.15578286349773407,0.15578286349773407,0.2210504561662674,0.2210504561662674,0.1642688512802124,1.790968656539917,-1.3647364377975464,0.0,0.05678160488605499,0.05678160488605499,0.2221461832523346,0.2221461832523346,0.16950693726539612,1.378981590270996,-0.08056710660457611,0.0,0.05263924598693848,0.05263924598693848,-0.21002227067947388,-0.21002227067947388,-0.017636222764849663,-0.43859511613845825,-0.36912670731544495,0.0,-0.19238604791462421,-0.19238604791462421
694,23.133333333333333,14,0,0,,4,uneven rough,5,0.0,53.52769470214844,37.78255844116211,0.3057537078857422,1.8214643001556396,0.8290320038795471,1.8214643001556396,0.8290320038795471,6.741359710693359,4.336711883544922,0.6666666865348816,0.29995399713516235,0.12942177057266235,0.9107321500778198,0.41451600193977356,0.31202682852745056,0.10646726936101913,-0.2151339054107666,0.031170951202511787,0.22739620506763458,0.12986691296100616,0.21841877698898315,0.21841877698898315,0.25539880990982056,-1.26507568359375,-0.5254915952682495,0.0,-0.0369800329208374,-0.0369800329208374,0.05323363468050957,0.05323363468050957,0.0921730026602745,-2.002762794494629,-0.30282771587371826,0.0,-0.03893936797976494,-0.03893936797976494,-0.1075669527053833,-0.1075669527053833,-0.08311651647090912,-2.012976884841919,0.25017333030700684,0.0,-0.024450436234474182,-0.024450436234474182,0.021819666028022766,0.021819666028022766,0.29146718978881836,-1.1601980924606323,1.1512057781219482,0.0,-0.2696475237607956,-0.2696475237607956,0.11369810253381729,0.11369810253381729,0.17099224030971527,-1.657771110534668,1.7492066621780396,0.0,-0.05729413777589798,-0.05729413777589798,0.06493345648050308,0.06493345648050308,0.05496176332235336,-0.025799624621868134,0.3688908815383911,0.0,0.00997169315814972,0.00997169315814972
694,23.133333333333333,24,0,0,,4,uneven rough,10,0.0,86.01302337646484,32.50157928466797,0.22597044706344604,1.8823338747024536,-0.6346336007118225,1.859667420387268,-0.6346336007118225,9.10222053527832,3.7073874473571777,0.3333333432674408,0.5246222019195557,0.034461844712495804,0.9411669373512268,-0.31731680035591125,0.26504695415496826,0.3365829288959503,-0.28367525339126587,-0.3543888032436371,0.42778339982032776,-0.413069486618042,0.18553286790847778,0.18553286790847778,0.11885381489992142,1.992063283920288,1.0427117347717285,0.0,0.06667905300855637,0.06667905300855637,0.16829146444797516,0.16829146444797516,0.18186910450458527,-0.9919751286506653,-0.2952379584312439,0.0,-0.013577640056610107,-0.013577640056610107,-0.14183762669563293,-0.14183762669563293,-0.1421896517276764,-0.5157680511474609,-0.6591119170188904,0.0,0.00035202503204345703,0.00035202503204345703,-0.24807216227054596,-0.24807216227054596,-0.028826959431171417,-1.7669203281402588,-1.5508830547332764,0.0,-0.21924520283937454,-0.21924520283937454,0.21389169991016388,0.21389169991016388,0.20924420654773712,0.5213301181793213,0.4484623074531555,0.0,0.004647493362426758,0.004647493362426758,-0.206534743309021,-0.206534743309021,-0.0879717692732811,-0.8412268161773682,0.3145138919353485,0.0,-0.1185629740357399,-0.1185629740357399
695,23.166666666666668,4,0,0,,4,uneven rough,5,0.0,54.41936492919922,35.230831146240234,0.3123522102832794,1.6441705226898193,0.28818458318710327,1.6441705226898193,0.28818458318710327,3.8089261054992676,4.3065714836120605,0.5,-0.6337993741035461,0.19319310784339905,0.8220852613449097,0.14409229159355164,-0.32602083683013916,0.5386041402816772,0.15743118524551392,0.5678997039794922,0.4442666172981262,-0.08484154939651489,-0.2282145768404007,-0.2282145768404007,0.2725260257720947,-1.7974333763122559,1.2790507078170776,0.0,-0.5007406026124954,-0.5007406026124954,0.2693020701408386,0.2693020701408386,0.10241010785102844,1.503370761871338,0.007754199672490358,0.0,0.16689196228981018,0.16689196228981018,0.07871559262275696,0.07871559262275696,0.0897904485464096,-1.5162550210952759,0.7609965801239014,0.0,-0.011074855923652649,-0.011074855923652649,0.3975297808647156,0.3975297808647156,0.23558667302131653,1.8208216428756714,0.41950491070747375,0.0,0.16194310784339905,0.16194310784339905,0.2221333086490631,0.2221333086490631,0.22182679176330566,1.00491201877594,0.7446643710136414,0.0,0.0003065168857574463,0.0003065168857574463,-0.042420774698257446,-0.042420774698257446,-0.04442301765084267,-1.5999679565429688,-0.40840426087379456,0.0,0.0020022429525852203,0.0020022429525852203
695,23.166666666666668,14,0,0,,4,uneven rough,5,0.0,53.494056701660156,37.78936004638672,0.30767735838890076,1.7002801895141602,1.3158448934555054,1.7002801895141602,1.3158448934555054,6.026757717132568,1.0466268062591553,0.3333333432674408,0.14228713512420654,0.15284740924835205,0.8501400947570801,0.6579224467277527,0.5613760948181152,-0.13312506675720215,0.41464942693710327,0.27219974994659424,0.20906729996204376,-0.25840604305267334,0.3929632604122162,0.3929632604122162,0.3095480799674988,1.999915361404419,-0.9436537623405457,0.0,0.08341518044471741,0.08341518044471741,-0.2130001038312912,-0.2130001038312912,0.0266936756670475,-1.999937653541565,-1.2639740705490112,0.0,-0.2396937794983387,-0.2396937794983387,0.20732471346855164,0.20732471346855164,-0.09181459248065948,-0.21100355684757233,-1.0294158458709717,0.0,0.2991393059492111,0.2991393059492111,0.19053982198238373,0.19053982198238373,0.2224419265985489,-1.9786831140518188,-0.15566611289978027,0.0,-0.03190210461616516,-0.03190210461616516,0.10453364998102188,0.10453364998102188,0.12998352944850922,-1.2712795734405518,-0.17710471153259277,0.0,-0.025449879467487335,-0.025449879467487335,-0.12920302152633667,-0.12920302152633667,0.018200555816292763,-1.6650221347808838,0.14573216438293457,0.0,-0.14740357734262943,-0.14740357734262943
695,23.166666666666668,24,0,0,,4,uneven rough,10,0.0,86.08250427246094,32.49584197998047,0.22634780406951904,1.83522629737854,-0.2377670258283615,1.83522629737854,-0.2377670258283615,9.654011726379395,0.4187529981136322,0.3333333432674408,0.8017655611038208,0.12145721912384033,0.91761314868927,-0.11888351291418076,0.3531682789325714,0.2968483865261078,0.17384527623653412,0.06610690802335739,0.35253217816352844,-0.384580135345459,0.2472177892923355,0.2472177892923355,0.18217585980892181,2.0000016689300537,1.5794768333435059,0.0,0.0650419294834137,0.0650419294834137,0.1484241932630539,0.1484241932630539,0.15168248116970062,0.0970812663435936,-0.6891744136810303,0.0,-0.0032582879066467285,-0.0032582879066467285,0.08692263811826706,0.08692263811826706,-0.08535465598106384,1.428391695022583,-0.578065037727356,0.0,0.1722772940993309,0.1722772940993309,0.046274833381175995,0.046274833381175995,0.0018584908684715629,1.9990904331207275,-1.6730308532714844,0.0,0.04441634251270443,0.04441634251270443,0.17626608908176422,0.17626608908176422,0.1717834770679474,-0.4524388313293457,0.48966190218925476,0.0,0.0044826120138168335,0.0044826120138168335,-0.1922900676727295,-0.1922900676727295,-0.12406275421380997,-1.3875972032546997,-0.3389439880847931,0.0,-0.06822731345891953,-0.06822731345891953
696,23.2,4,0,0,,4,uneven rough,5,0.0,54.38959884643555,35.26264190673828,0.31777364015579224,1.4970895051956177,1.3033266067504883,1.4970895051956177,1.3033266067504883,7.668227195739746,3.3333334922790527,0.1666666716337204,-0.5826212167739868,0.08416169136762619,0.7485447525978088,0.6516633033752441,0.440715491771698,0.12334220111370087,-0.08779993653297424,0.6002078652381897,0.22978997230529785,0.17275141179561615,0.30850082635879517,0.30850082635879517,0.2702491283416748,1.108007550239563,-0.4603988826274872,0.0,0.03825169801712036,0.03825169801712036,0.06167110055685043,0.06167110055685043,0.04579968377947807,-0.7834028601646423,0.8533784747123718,0.0,0.01587141677737236,0.01587141677737236,-0.04389996826648712,-0.04389996826648712,0.02311844192445278,-2.000000238418579,-0.5265655517578125,0.0,-0.0670184101909399,-0.0670184101909399,0.42014551162719727,0.42014551162719727,0.28817611932754517,1.659554362297058,1.211811900138855,0.0,0.1319693922996521,0.1319693922996521,0.11489498615264893,0.11489498615264893,0.15926682949066162,-1.7647910118103027,0.8918088674545288,0.0,-0.044371843338012695,-0.044371843338012695,0.08637570589780807,0.08637570589780807,-0.005244802683591843,1.9503014087677002,-1.0821164846420288,0.0,0.09162050858139992,0.09162050858139992
696,23.2,14,0,0,,4,uneven rough,5,0.0,53.45857620239258,37.78852462768555,0.30572932958602905,1.6450804471969604,-0.6349133253097534,1.6450804471969604,-0.6349133253097534,2.9553651809692383,2.324918508529663,0.3333333432674408,0.11448173224925995,0.12519294023513794,0.8225402235984802,-0.3174566626548767,0.17296651005744934,-0.23268792033195496,0.7857121229171753,0.005427411757409573,0.24717336893081665,-0.47062990069389343,0.1210765540599823,0.1210765540599823,0.2845330834388733,-1.921849250793457,0.7206454873085022,0.0,-0.163456529378891,-0.163456529378891,-0.3723006844520569,-0.3723006844520569,-0.03583637997508049,-1.9986621141433716,-1.6800892353057861,0.0,-0.3364643044769764,-0.3364643044769764,0.39285606145858765,0.39285606145858765,-0.07084758579730988,0.11997460573911667,-0.5666840672492981,0.0,0.4637036472558975,0.4637036472558975,0.003799188183620572,0.003799188183620572,0.16699324548244476,-1.8396155834197998,-1.1864031553268433,0.0,-0.1631940572988242,-0.1631940572988242,0.12358668446540833,0.12358668446540833,0.13076099753379822,0.27711543440818787,-0.7957531213760376,0.0,-0.007174313068389893,-0.007174313068389893,-0.23531495034694672,-0.23531495034694672,-0.022101158276200294,-1.6905109882354736,-0.8780715465545654,0.0,-0.21321379207074642,-0.21321379207074642
696,23.2,24,0,0,,4,uneven rough,10,0.0,86.15267944335938,32.49498748779297,0.2287023514509201,1.937880039215088,-0.6504250764846802,1.8729689121246338,-0.6504250764846802,9.696207046508789,0.8773888349533081,0.1666666716337204,1.0598275661468506,0.15785472095012665,0.968940019607544,-0.3252125382423401,-0.26542624831199646,0.4181177318096161,0.35360923409461975,0.4986649453639984,0.24516434967517853,-0.03760308772325516,-0.18579837679862976,-0.18579837679862976,0.1505325883626938,-1.9121397733688354,1.8172422647476196,0.0,-0.33633096516132355,-0.33633096516132355,0.20905886590480804,0.20905886590480804,0.19746027886867523,1.4389221668243408,-0.2446240484714508,0.0,0.011598587036132812,0.011598587036132812,0.17680461704730988,0.17680461704730988,-0.018923934549093246,1.9946664571762085,0.5563892126083374,0.0,0.19572855159640312,0.19572855159640312,0.3490654528141022,0.3490654528141022,0.07246740162372589,1.9942675828933716,0.4031931161880493,0.0,0.2765980511903763,0.2765980511903763,0.12258217483758926,0.12258217483758926,0.13755591213703156,-1.6650301218032837,-0.04300354793667793,0.0,-0.014973737299442291,-0.014973737299442291,-0.01880154386162758,-0.01880154386162758,-0.0674179196357727,2.000000238418579,-0.9318543672561646,0.0,0.048616375774145126,0.048616375774145126
697,23.233333333333334,4,0,0,,4,uneven rough,5,0.0,54.35676574707031,35.28868865966797,0.33346420526504517,1.5254757404327393,0.04907975345849991,1.5254757404327393,0.04907975345849991,7.837187767028809,0.0,0.0,-0.565575361251831,0.2581232190132141,0.7627378702163696,0.024539876729249954,-0.7562118768692017,0.6856260299682617,0.7105079293251038,0.5817432403564453,-0.15987125039100647,0.1293880045413971,-0.5293483138084412,-0.5293483138084412,0.22513741254806519,-2.0005366802215576,0.4263809323310852,0.0,-0.7544857263565063,-0.7544857263565063,0.34281301498413086,0.34281301498413086,0.11168772727251053,2.0000433921813965,-0.07206062227487564,0.0,0.23112528771162033,0.23112528771162033,0.3552539646625519,0.3552539646625519,0.0711468756198883,1.6506474018096924,-1.3596482276916504,0.0,0.2841070890426636,0.2841070890426636,0.4072202742099762,0.4072202742099762,0.35612374544143677,1.9704210758209229,1.4649662971496582,0.0,0.05109652876853943,0.05109652876853943,-0.2557940185070038,-0.2557940185070038,0.11887765675783157,-2.056546211242676,-0.6102374792098999,0.0,-0.37467167526483536,-0.37467167526483536,0.06469400227069855,0.06469400227069855,0.018349386751651764,0.36853888630867004,0.6324180364608765,0.0,0.04634461551904678,0.04634461551904678
697,23.233333333333334,14,0,0,,4,uneven rough,5,0.0,53.4217529296875,37.794742584228516,0.30642440915107727,1.7029619216918945,0.18913525342941284,1.7029619216918945,0.18913525342941284,5.6152753829956055,1.9328176975250244,0.3333333432674408,-0.045293889939785004,0.2757033705711365,0.8514809608459473,0.09456762671470642,0.8438184261322021,0.025185536593198776,0.5286934971809387,0.19917725026607513,0.3073031008243561,-0.07080775499343872,0.5906729102134705,0.5906729102134705,0.30701857805252075,1.281101107597351,-0.7734257578849792,0.0,0.2836543321609497,0.2836543321609497,0.012592768296599388,0.012592768296599388,-0.012504861690104008,0.5803416967391968,-1.86021089553833,0.0,0.025097629986703396,0.025097629986703396,0.26434674859046936,0.26434674859046936,-0.03333459049463272,0.671891987323761,-0.17844602465629578,0.0,0.2976813390851021,0.2976813390851021,0.13942407071590424,0.13942407071590424,0.10839922726154327,-0.5267554521560669,-1.5557305812835693,0.0,0.031024843454360962,0.031024843454360962,0.15365155041217804,0.15365155041217804,0.180439293384552,0.036492496728897095,-0.1891513168811798,0.0,-0.026787742972373962,-0.026787742972373962,-0.03540387749671936,-0.03540387749671936,-0.030557019636034966,0.05340680480003357,-1.3374263048171997,0.0,-0.004846857860684395,-0.004846857860684395
697,23.233333333333334,24,0,0,,4,uneven rough,10,0.0,86.22347259521484,32.501708984375,0.22946485877037048,1.9158272743225098,-0.5433968305587769,1.8597134351730347,-0.5433968305587769,9.652322769165039,0.0,0.0,1.028693675994873,0.08122347295284271,0.9579136371612549,-0.2716984152793884,-0.07076835632324219,0.6557917594909668,0.08722614496946335,0.11034348607063293,-0.05159824341535568,-0.09659277647733688,-0.04953784868121147,-0.04953784868121147,0.08810970187187195,-1.5282566547393799,-0.29135701060295105,0.0,-0.13764755055308342,-0.13764755055308342,0.3278958797454834,0.3278958797454834,0.2643006443977356,1.999559760093689,0.707256019115448,0.0,0.0635952353477478,0.0635952353477478,0.043613072484731674,0.043613072484731674,0.0068017649464309216,0.3472524881362915,1.3695937395095825,0.0,0.03681130753830075,0.03681130753830075,0.07724043726921082,0.07724043726921082,0.11230739951133728,0.11978442221879959,1.3027894496917725,0.0,-0.035066962242126465,-0.035066962242126465,-0.08255719393491745,-0.08255719393491745,0.08565352112054825,-1.5611319541931152,-0.9601002931594849,0.0,-0.1682107150554657,-0.1682107150554657,-0.04829638823866844,-0.04829638823866844,-0.02525128610432148,0.3840216100215912,0.7258214950561523,0.0,-0.023045102134346962,-0.023045102134346962
698,23.266666666666666,4,0,0,,4,uneven rough,5,0.0,54.31675720214844,35.301727294921875,0.3448488712310791,1.5755702257156372,0.9187229871749878,1.5755702257156372,0.9187229871749878,8.452875137329102,5.875247478485107,0.3333333432674408,-0.3488360345363617,0.07354248315095901,0.7877851128578186,0.4593614935874939,-0.354619562625885,0.5075687766075134,0.5012809634208679,0.3960309326648712,0.08063533902168274,-0.4458352029323578,-0.24823369085788727,-0.24823369085788727,0.1805172860622406,-0.6466301679611206,-0.945802628993988,0.0,-0.42875097692012787,-0.42875097692012787,0.2537843883037567,0.2537843883037567,0.17860811948776245,2.0000596046447754,1.099510669708252,0.0,0.07517626881599426,0.07517626881599426,0.25064048171043396,0.25064048171043396,0.1378263235092163,1.9992971420288086,0.3423783481121063,0.0,0.11281415820121765,0.11281415820121765,0.2772216498851776,0.2772216498851776,0.337462455034256,-1.9922178983688354,1.7507513761520386,0.0,-0.06024080514907837,-0.06024080514907837,0.04031766951084137,0.04031766951084137,0.04632599279284477,-2.079113483428955,-1.427983045578003,0.0,-0.006008323282003403,-0.006008323282003403,-0.2229176014661789,-0.2229176014661789,-0.041620295494794846,-1.6093698740005493,0.48322027921676636,0.0,-0.18129730597138405,-0.18129730597138405
698,23.266666666666666,14,0,0,,4,uneven rough,5,0.0,53.38979721069336,37.81343460083008,0.3110034465789795,1.2317540645599365,-0.24610227346420288,1.2317540645599365,-0.24610227346420288,3.104879379272461,1.0332362651824951,0.3333333432674408,0.37076491117477417,0.07889702916145325,0.6158770322799683,-0.12305113673210144,0.4956529438495636,0.25450780987739563,0.6006075143814087,0.3182913362979889,0.3766244053840637,-0.10277274250984192,0.3469570577144623,0.3469570577144623,0.3244140148162842,0.6847041845321655,0.38820740580558777,0.0,0.0225430428981781,0.0225430428981781,0.12725390493869781,0.12725390493869781,0.054182883352041245,1.9838467836380005,-0.4803180992603302,0.0,0.07307102158665657,0.07307102158665657,0.30030375719070435,0.30030375719070435,-0.0058572557754814625,0.32192641496658325,0.30233660340309143,0.0,0.3061610129661858,0.3061610129661858,0.22280393540859222,0.22280393540859222,0.16082771122455597,1.9911630153656006,-0.973946213722229,0.0,0.061976224184036255,0.061976224184036255,0.18831220269203186,0.18831220269203186,0.2180304378271103,0.46346449851989746,-0.06157190352678299,0.0,-0.02971823513507843,-0.02971823513507843,-0.05138637125492096,-0.05138637125492096,-0.036092597991228104,0.18016576766967773,-0.5510467886924744,0.0,-0.015293773263692856,-0.015293773263692856
698,23.266666666666666,24,0,0,,4,uneven rough,10,0.0,86.29054260253906,32.51905822753906,0.22273015975952148,1.9244637489318848,0.16286517679691315,1.87492036819458,0.16286517679691315,10.076820373535156,3.3333334922790527,0.1666666716337204,0.8404790163040161,0.09146265685558319,0.9622318744659424,0.08143258839845657,-0.08779168874025345,0.3457958400249481,-0.0015609400579705834,-0.07639321684837341,0.22638709843158722,-0.5393491983413696,-0.061454180628061295,-0.061454180628061295,0.031339842826128006,-0.8598535656929016,-0.9907022714614868,0.0,-0.0927940234541893,-0.0927940234541893,0.17289792001247406,0.17289792001247406,0.23532190918922424,-0.719077467918396,1.4379268884658813,0.0,-0.06242398917675018,-0.06242398917675018,-0.0007804700289852917,-0.0007804700289852917,0.012690485455095768,1.557390570640564,0.791560173034668,0.0,-0.01347095548408106,-0.01347095548408106,-0.05347524955868721,-0.05347524955868721,0.0683426633477211,-1.8667105436325073,0.6339162588119507,0.0,-0.12181791290640831,-0.12181791290640831,0.11319354921579361,0.11319354921579361,0.05786759406328201,1.7540205717086792,-1.2999247312545776,0.0,0.0553259551525116,0.0553259551525116,-0.2696745991706848,-0.2696745991706848,-0.03231468051671982,0.10371018201112747,0.5325672030448914,0.0,-0.237359918653965,-0.237359918653965
699,23.3,4,0,0,,4,uneven rough,5,0.0,54.27320861816406,35.315040588378906,0.3456312119960785,1.9295918941497803,-0.757277250289917,1.9108504056930542,-0.757277250289917,9.837566375732422,2.0168845653533936,0.1666666716337204,-0.22748951613903046,0.13756507635116577,0.9647959470748901,-0.3786386251449585,0.05366910994052887,0.33141180872917175,0.5847809314727783,0.08908718824386597,0.16074831783771515,-0.791858971118927,0.03756837546825409,0.03756837546825409,0.12238853424787521,-1.6243014335632324,-0.7766499519348145,0.0,-0.08482015877962112,-0.08482015877962112,0.16570590436458588,0.16570590436458588,0.2217983454465866,-0.36303290724754333,1.608682632446289,0.0,-0.05609244108200073,-0.05609244108200073,0.29239046573638916,0.29239046573638916,0.18924802541732788,-0.9177122116088867,1.279203176498413,0.0,0.10314244031906128,0.10314244031906128,0.06236103177070618,0.06236103177070618,0.28643977642059326,-1.5155978202819824,-0.3655301332473755,0.0,-0.22407874464988708,-0.22407874464988708,0.08037415891885757,0.08037415891885757,0.019716281443834305,-0.6083765625953674,-1.7961333990097046,0.0,0.06065787747502327,0.06065787747502327,-0.3959294855594635,-0.3959294855594635,-0.09282446652650833,-1.7024681568145752,-0.6999339461326599,0.0,-0.30310501903295517,-0.30310501903295517
699,23.3,14,0,0,,4,uneven rough,5,0.0,53.3602294921875,37.831783294677734,0.32284843921661377,1.0563535690307617,0.7510989308357239,1.0563535690307617,0.7510989308357239,2.8057188987731934,2.065117120742798,0.3333333432674408,0.5679187774658203,0.12479043006896973,0.5281767845153809,0.37554946541786194,-0.23254050314426422,0.5331918001174927,0.4491770267486572,0.5932083129882812,0.18128089606761932,0.13930512964725494,-0.1627783477306366,-0.1627783477306366,0.27806907892227173,-1.8952378034591675,0.5558472275733948,0.0,-0.4408474266529083,-0.4408474266529083,0.26659590005874634,0.26659590005874634,0.10544086992740631,1.4335856437683105,0.912925124168396,0.0,0.16115503013134003,0.16115503013134003,0.2245885133743286,0.2245885133743286,0.04296407476067543,0.9604012370109558,0.31341272592544556,0.0,0.18162443861365318,0.18162443861365318,0.41524580121040344,0.41524580121040344,0.22830449044704437,1.5433273315429688,0.7025318741798401,0.0,0.18694131076335907,0.18694131076335907,0.09064044803380966,0.09064044803380966,0.17416033148765564,-1.9513405561447144,0.23528461158275604,0.0,-0.08351988345384598,-0.08351988345384598,0.06965256482362747,0.06965256482362747,0.03223291411995888,1.8828901052474976,-0.13761790096759796,0.0,0.037419650703668594,0.037419650703668594
699,23.3,24,0,0,,4,uneven rough,10,0.0,86.35769653320312,32.528221130371094,0.21620342135429382,1.9746698141098022,-0.8500611186027527,1.862909197807312,-0.8500611186027527,9.198368072509766,2.3859643936157227,0.5,-0.011432349681854248,0.1699940264225006,0.9873349070549011,-0.42503055930137634,0.6851187944412231,0.2840844392776489,-0.3981795608997345,-0.32821381092071533,0.4122326374053955,-0.5979155898094177,0.47958314418792725,0.47958314418792725,0.07828755676746368,1.9608899354934692,-0.9167201519012451,0.0,0.40129558742046356,0.40129558742046356,0.14204221963882446,0.14204221963882446,0.17440906167030334,-1.9501349925994873,0.21835273504257202,0.0,-0.03236684203147888,-0.03236684203147888,-0.19908978044986725,-0.19908978044986725,-0.027872176840901375,-0.6173036694526672,1.2245620489120483,0.0,-0.17121760360896587,-0.17121760360896587,-0.2297496646642685,-0.2297496646642685,0.004371060524135828,-1.6743056774139404,-0.7799426317214966,0.0,-0.23412072518840432,-0.23412072518840432,0.20611631870269775,0.20611631870269775,0.1096397116780281,1.7732139825820923,0.42678138613700867,0.0,0.09647660702466965,0.09647660702466965,-0.29895779490470886,-0.29895779490470886,-0.06352076679468155,1.2996704578399658,0.2900906801223755,0.0,-0.2354370281100273,-0.2354370281100273
700,23.333333333333332,4,0,0,,4,uneven rough,5,0.0,54.23431396484375,35.3420295715332,0.3444541096687317,1.721024751663208,-0.6291075348854065,1.721024751663208,-0.6291075348854065,9.5693998336792,5.132013320922852,0.3333333432674408,-0.05987117812037468,0.224956676363945,0.860512375831604,-0.31455376744270325,0.43922290205955505,0.4184512794017792,0.569943904876709,0.33419060707092285,0.0865083634853363,-0.4493100345134735,0.30745601654052734,0.30745601654052734,0.1753970831632614,1.9132773876190186,-1.2559136152267456,0.0,0.13205893337726593,0.13205893337726593,0.2092256397008896,0.2092256397008896,0.21277029812335968,-1.1553531885147095,0.49387115240097046,0.0,-0.0035446584224700928,-0.0035446584224700928,0.2849719524383545,0.2849719524383545,0.19475576281547546,-0.004744615405797958,0.03706330806016922,0.0,0.09021618962287903,0.09021618962287903,0.23393341898918152,0.23393341898918152,0.2220902144908905,-1.288880467414856,-1.0157804489135742,0.0,0.011843204498291016,0.011843204498291016,0.04325418174266815,0.04325418174266815,0.049244511872529984,1.1900159120559692,-1.1245735883712769,0.0,-0.005990330129861832,-0.005990330129861832,-0.22465501725673676,-0.22465501725673676,-0.1219252198934555,-1.460026741027832,-1.2667685747146606,0.0,-0.10272979736328125,-0.10272979736328125
700,23.333333333333332,14,0,0,,4,uneven rough,5,0.0,53.329708099365234,37.84592819213867,0.3348745107650757,1.275066614151001,0.2065667062997818,1.275066614151001,0.2065667062997818,6.800746917724609,1.3901009559631348,0.3333333432674408,0.7562735080718994,0.08749821037054062,0.6375333070755005,0.1032833531498909,-0.1441694051027298,0.5066797137260437,0.4752776622772217,0.5129138231277466,-0.09355272352695465,-0.09108953922986984,-0.10091858357191086,-0.10091858357191086,0.2195010781288147,-1.6234443187713623,-0.830000638961792,0.0,-0.32041966170072556,-0.32041966170072556,0.25333985686302185,0.25333985686302185,0.1721344292163849,1.9492679834365845,1.2073075771331787,0.0,0.08120542764663696,0.08120542764663696,0.23763883113861084,0.23763883113861084,0.05864879861474037,0.25819820165634155,0.6792212128639221,0.0,0.17899003252387047,0.17899003252387047,0.35903966426849365,0.35903966426849365,0.29450392723083496,1.972691297531128,1.1779191493988037,0.0,0.06453573703765869,0.06453573703765869,-0.1496843546628952,-0.1496843546628952,0.1449853777885437,-0.9509819149971008,-1.0010371208190918,0.0,-0.2946697324514389,-0.2946697324514389,-0.04554476961493492,-0.04554476961493492,0.043563924729824066,-0.8849912285804749,1.004780888557434,0.0,-0.08910869434475899,-0.08910869434475899
700,23.333333333333332,24,0,0,,4,uneven rough,10,0.0,86.42984008789062,32.536842346191406,0.21762925386428833,1.9140645265579224,-1.0219660997390747,1.841447114944458,-1.0219660997390747,9.439752578735352,2.625173807144165,0.3333333432674408,-0.23748897016048431,0.034350115805864334,0.9570322632789612,-0.5109830498695374,0.48938480019569397,0.5947870016098022,-0.27408188581466675,-0.10042154788970947,0.4364844262599945,-0.19016225636005402,0.34256935119628906,0.34256935119628906,0.1441299170255661,1.950682520866394,0.7102857828140259,0.0,0.19843943417072296,0.19843943417072296,0.2973935008049011,0.2973935008049011,0.22501559555530548,1.9391213655471802,-1.0077141523361206,0.0,0.07237790524959564,0.07237790524959564,-0.13704094290733337,-0.13704094290733337,-0.09242098778486252,-1.996342658996582,0.18316787481307983,0.0,-0.044619955122470856,-0.044619955122470856,-0.07029508054256439,-0.07029508054256439,-0.05400216579437256,-1.3626949787139893,-1.2856171131134033,0.0,-0.016292914748191833,-0.016292914748191833,0.21824221312999725,0.21824221312999725,0.1884014904499054,1.9915456771850586,1.1880568265914917,0.0,0.029840722680091858,0.029840722680091858,-0.09508112818002701,-0.09508112818002701,-0.09640517085790634,-0.5326436758041382,0.8609088659286499,0.0,0.0013240426778793335,0.0013240426778793335
701,23.366666666666667,4,0,0,,4,uneven rough,5,0.0,54.198394775390625,35.37919998168945,0.34059110283851624,1.6611379384994507,-0.33449187874794006,1.6611379384994507,-0.33449187874794006,4.089391708374023,3.3181254863739014,0.5,0.13655078411102295,0.1787821501493454,0.8305689692497253,-0.16724593937397003,0.366481751203537,0.49613210558891296,0.487263560295105,0.40759938955307007,0.3918340802192688,-0.11590717732906342,0.25653722882270813,0.25653722882270813,0.23513929545879364,1.5576298236846924,0.5359526872634888,0.0,0.02139793336391449,0.02139793336391449,0.24806605279445648,0.24806605279445648,0.23734916746616364,1.0274972915649414,-0.4386032521724701,0.0,0.010716885328292847,0.010716885328292847,0.2436317801475525,0.2436317801475525,0.24084949493408203,1.1295437812805176,0.01342503260821104,0.0,0.002782285213470459,0.002782285213470459,0.28531956672668457,0.28531956672668457,0.24734756350517273,1.9967669248580933,-1.1701916456222534,0.0,0.03797200322151184,0.03797200322151184,0.1959170401096344,0.1959170401096344,0.12121511995792389,1.9801244735717773,0.1840994507074356,0.0,0.07470192015171051,0.07470192015171051,-0.05795358866453171,-0.05795358866453171,-0.0734056681394577,1.7747653722763062,-1.3760371208190918,0.0,0.015452079474925995,0.015452079474925995
701,23.366666666666667,14,0,0,,4,uneven rough,5,0.0,53.296321868896484,37.853904724121094,0.3376989960670471,1.0260440111160278,0.6371688842773438,1.0260440111160278,0.6371688842773438,6.961968898773193,2.063380241394043,0.3333333432674408,0.8644789457321167,0.0738125741481781,0.5130220055580139,0.3185844421386719,0.3323415517807007,0.31686830520629883,0.1672544777393341,0.2286238819360733,0.10461967438459396,-0.24563081562519073,0.23263908922672272,0.23263908922672272,0.25280284881591797,1.0232255458831787,-1.278615117073059,0.0,-0.02016375958919525,-0.02016375958919525,0.15843415260314941,0.15843415260314941,0.15675172209739685,-0.7299879193305969,1.626813292503357,0.0,0.0016824305057525635,0.0016824305057525635,0.08362723886966705,0.08362723886966705,0.047269027680158615,1.505496621131897,0.4411740303039551,0.0,0.03635821118950844,0.03635821118950844,0.16003671288490295,0.16003671288490295,0.24731788039207458,-1.7189637422561646,1.6272847652435303,0.0,-0.08728116750717163,-0.08728116750717163,0.05230983719229698,0.05230983719229698,0.08167892694473267,-1.5142301321029663,-0.9727358222007751,0.0,-0.029369089752435684,-0.029369089752435684,-0.12281540781259537,-0.12281540781259537,-0.007613557390868664,-0.0554620623588562,-0.06369966268539429,0.0,-0.1152018504217267,-0.1152018504217267
701,23.366666666666667,24,0,0,,4,uneven rough,10,0.0,86.49785614013672,32.538658142089844,0.2207743227481842,1.8461670875549316,0.2649073302745819,1.8461670875549316,0.2649073302745819,9.644014358520508,1.1600232124328613,0.1666666716337204,-0.32629525661468506,0.18213236331939697,0.9230835437774658,0.13245366513729095,0.16773557662963867,0.4981979429721832,-0.02802949957549572,0.25629082322120667,0.30172404646873474,-0.18878962099552155,0.11741489917039871,0.11741489917039871,0.12049686163663864,-1.2627099752426147,1.411608338356018,0.0,-0.003081962466239929,-0.003081962466239929,0.2490989714860916,0.2490989714860916,0.23157170414924622,0.29292309284210205,0.6584319472312927,0.0,0.017527267336845398,0.017527267336845398,-0.01401474978774786,-0.01401474978774786,-0.04684876278042793,1.7534886598587036,-1.0491312742233276,0.0,0.03283401299268007,0.03283401299268007,0.17940357327461243,0.17940357327461243,0.0018073550891131163,1.9814457893371582,-1.3291970491409302,0.0,0.1775962181854993,0.1775962181854993,0.15086202323436737,0.15086202323436737,0.16757625341415405,-0.4149418771266937,1.6423509120941162,0.0,-0.016714230179786682,-0.016714230179786682,-0.09439481049776077,-0.09439481049776077,-0.06592737138271332,0.33039534091949463,0.0729917511343956,0.0,-0.028467439115047455,-0.028467439115047455
702,23.4,4,0,0,,4,uneven rough,5,0.0,54.159671783447266,35.40918731689453,0.3338873088359833,1.6481093168258667,0.7579751014709473,1.6481093168258667,0.7579751014709473,8.257314682006836,0.0,0.0,0.49331021308898926,0.2886446714401245,0.8240546584129333,0.37898755073547363,-0.061828289180994034,0.7123779058456421,0.17261452972888947,0.8010228872299194,0.3054514527320862,0.08848864585161209,-0.043279800564050674,-0.043279800564050674,0.19548794627189636,-1.4546706676483154,1.1136107444763184,0.0,-0.23876774683594704,-0.23876774683594704,0.35618895292282104,0.35618895292282104,0.30067360401153564,1.7672653198242188,0.3903326094150543,0.0,0.0555153489112854,0.0555153489112854,0.08630726486444473,0.08630726486444473,0.17930279672145844,-1.9074453115463257,0.6444805860519409,0.0,-0.0929955318570137,-0.0929955318570137,0.5607160329818726,0.5607160329818726,0.31273341178894043,1.6719191074371338,0.6204123497009277,0.0,0.24798262119293213,0.24798262119293213,0.1527257263660431,0.1527257263660431,0.1762823760509491,1.0749410390853882,1.1995751857757568,0.0,-0.023556649684906006,-0.023556649684906006,0.044244322925806046,0.044244322925806046,-0.04435257613658905,0.08876378834247589,0.40543222427368164,0.0,0.0885968990623951,0.0885968990623951
702,23.4,14,0,0,,4,uneven rough,5,0.0,53.260223388671875,37.86336898803711,0.3419477343559265,1.338538646697998,-0.02952028252184391,1.338538646697998,-0.02952028252184391,4.192234039306641,1.1721153259277344,0.5,0.7616629600524902,0.08122044056653976,0.669269323348999,-0.014760141260921955,0.35854366421699524,0.29762670397758484,0.4784314036369324,-0.014116750098764896,0.13309545814990997,-0.3780589997768402,0.25098055601119995,0.25098055601119995,0.2782030403614044,0.08171747624874115,0.022849706932902336,0.0,-0.027222484350204468,-0.027222484350204468,0.14881335198879242,0.14881335198879242,0.1543644368648529,-0.09393548965454102,0.2942736744880676,0.0,-0.005551084876060486,-0.005551084876060486,0.2392157018184662,0.2392157018184662,0.10666597634553909,1.8964335918426514,1.0429439544677734,0.0,0.1325497254729271,0.1325497254729271,-0.00988172460347414,-0.00988172460347414,0.18710848689079285,-1.4920927286148071,-0.264690101146698,0.0,-0.196990211494267,-0.196990211494267,0.06654772907495499,0.06654772907495499,0.06714606285095215,-0.29670023918151855,-1.2788976430892944,0.0,-0.0005983337759971619,-0.0005983337759971619,-0.1890294998884201,-0.1890294998884201,-0.021594390273094177,-0.9070913791656494,-0.059042107313871384,0.0,-0.16743510961532593,-0.16743510961532593
702,23.4,24,0,0,,4,uneven rough,10,0.0,86.56370544433594,32.542152404785156,0.22825880348682404,1.9351176023483276,-0.16311979293823242,1.8884037733078003,-0.16311979293823242,9.702980041503906,0.0,0.0,-0.5950159430503845,0.03579802066087723,0.9675588011741638,-0.08155989646911621,-0.05081695318222046,0.5605939626693726,-0.08004601299762726,0.4130077660083771,0.10704564303159714,0.1028512641787529,-0.0355718657374382,-0.0355718657374382,0.05322866886854172,-1.2196928262710571,-0.10045600682497025,0.0,-0.08880053460597992,-0.08880053460597992,0.2802969813346863,0.2802969813346863,0.2545728385448456,1.2194721698760986,0.4517726004123688,0.0,0.025724142789840698,0.025724142789840698,-0.04002300649881363,-0.04002300649881363,-0.01690732128918171,1.351803183555603,0.5354750752449036,0.0,-0.02311568520963192,-0.02311568520963192,0.28910544514656067,0.28910544514656067,0.06652399152517319,1.5591182708740234,0.5426463484764099,0.0,0.22258145362138748,0.22258145362138748,0.05352282151579857,0.05352282151579857,0.11162872612476349,-0.8315899968147278,0.4791538715362549,0.0,-0.05810590460896492,-0.05810590460896492,0.05142563208937645,0.05142563208937645,-0.00969442818313837,-1.2467087507247925,0.21852819621562958,0.0,0.06112006027251482,0.06112006027251482
703,23.433333333333334,4,0,0,,4,uneven rough,5,0.0,54.12657928466797,35.435604095458984,0.3369917869567871,1.787923812866211,0.92048579454422,1.787923812866211,0.92048579454422,8.197219848632812,4.333555698394775,0.3333333432674408,0.46857351064682007,0.26498737931251526,0.8939619064331055,0.46024289727211,0.12934476137161255,0.07864927500486374,0.37173593044281006,0.6619044542312622,0.17297525703907013,0.22123514115810394,0.09054133296012878,0.09054133296012878,0.129546120762825,-1.9656766653060913,-0.33850017189979553,0.0,-0.03900478780269623,-0.03900478780269623,0.03932463750243187,0.03932463750243187,0.24708305299282074,-1.2880733013153076,1.1688528060913086,0.0,-0.20775841549038887,-0.20775841549038887,0.18586796522140503,0.18586796522140503,0.16403871774673462,0.25164759159088135,-0.7983828783035278,0.0,0.02182924747467041,0.02182924747467041,0.4633331000804901,0.4633331000804901,0.37803834676742554,1.9983704090118408,1.2149361371994019,0.0,0.08529475331306458,0.08529475331306458,0.08648762851953506,0.08648762851953506,0.1052166149020195,-1.686078429222107,1.1291067600250244,0.0,-0.018728986382484436,-0.018728986382484436,0.11061757057905197,0.11061757057905197,0.016226524487137794,1.955642819404602,0.22638732194900513,0.0,0.09439104609191418,0.09439104609191418
703,23.433333333333334,14,0,0,,4,uneven rough,5,0.0,53.223140716552734,37.87345886230469,0.3438202440738678,1.3621695041656494,0.21265088021755219,1.3621695041656494,0.21265088021755219,3.843764066696167,2.4121391773223877,0.5,0.6818684339523315,0.1509643793106079,0.6810847520828247,0.10632544010877609,0.6547541618347168,0.21703626215457916,0.35413697361946106,0.14452695846557617,0.32274025678634644,-0.405868262052536,0.45832791924476624,0.45832791924476624,0.3405298590660095,1.9629931449890137,0.05613365024328232,0.0,0.11779806017875671,0.11779806017875671,0.10851813107728958,0.10851813107728958,0.14039278030395508,-1.1932542324066162,0.07477951794862747,0.0,-0.0318746492266655,-0.0318746492266655,0.17706848680973053,0.17706848680973053,0.15862153470516205,1.4653575420379639,1.5255085229873657,0.0,0.01844695210456848,0.01844695210456848,0.10116887092590332,0.10116887092590332,0.11860048025846481,-1.9163211584091187,-0.9586657285690308,0.0,-0.017431609332561493,-0.017431609332561493,0.16137012839317322,0.16137012839317322,0.11663075536489487,1.7922157049179077,-0.7235614657402039,0.0,0.04473937302827835,0.04473937302827835,-0.202934131026268,-0.202934131026268,-0.04763701930642128,-0.7560463547706604,-0.538530707359314,0.0,-0.15529711171984673,-0.15529711171984673
703,23.433333333333334,24,0,0,,4,uneven rough,10,0.0,86.62977600097656,32.54489517211914,0.23818761110305786,1.9479682445526123,-0.3514612317085266,1.8646314144134521,-0.3514612317085266,10.189087867736816,3.4986791610717773,0.3333333432674408,-0.5030626058578491,0.19942884147167206,0.9739841222763062,-0.1757306158542633,-0.3519654870033264,0.5838631391525269,0.13125871121883392,0.08529850095510483,0.1404068022966385,0.11116001754999161,-0.24637584388256073,-0.24637584388256073,-0.006959761492908001,-1.57808256149292,-0.733274519443512,0.0,-0.23941608238965273,-0.23941608238965273,0.2919315695762634,0.2919315695762634,0.28412187099456787,1.026977777481079,0.8858312964439392,0.0,0.007809698581695557,0.007809698581695557,0.06562935560941696,0.06562935560941696,0.049282729625701904,1.999449372291565,0.9970284700393677,0.0,0.016346625983715057,0.016346625983715057,0.05970894917845726,0.05970894917845726,0.08536482602357864,-0.8551672697067261,1.1173614263534546,0.0,-0.025655876845121384,-0.025655876845121384,0.07020340114831924,0.07020340114831924,0.06692798435688019,-0.5749484896659851,-0.2619430720806122,0.0,0.0032754167914390564,0.0032754167914390564,0.055580008774995804,0.055580008774995804,0.032345086336135864,0.8047573566436768,-0.6099194288253784,0.0,0.02323492243885994,0.02323492243885994
704,23.466666666666665,4,0,0,,4,uneven rough,5,0.0,54.08201217651367,35.453067779541016,0.3497700095176697,1.6591527462005615,-0.16462478041648865,1.6591527462005615,-0.16462478041648865,8.756686210632324,6.483933925628662,0.392537921667099,0.3878835141658783,0.1276194155216217,0.8295763731002808,-0.08231239020824432,-0.4735284149646759,0.5401440858840942,0.7323932647705078,0.32555145025253296,-0.260209321975708,0.06535662710666656,-0.33146989345550537,-0.33146989345550537,0.0945468470454216,-1.3058090209960938,-1.2585086822509766,0.0,-0.42601674050092697,-0.42601674050092697,0.2700720429420471,0.2700720429420471,0.2518009543418884,1.1845415830612183,-0.22029758989810944,0.0,0.01827108860015869,0.01827108860015869,0.3661966323852539,0.3661966323852539,0.19238145649433136,-0.5095608830451965,-0.2046937793493271,0.0,0.17381517589092255,0.17381517589092255,0.22788600623607635,0.22788600623607635,0.34857162833213806,-1.9721670150756836,1.6578912734985352,0.0,-0.1206856220960617,-0.1206856220960617,-0.41633492708206177,-0.41633492708206177,0.06950781494379044,-1.5049668550491333,-0.46260398626327515,0.0,-0.4858427420258522,-0.4858427420258522,0.03267831355333328,0.03267831355333328,0.03755190595984459,-0.8406056761741638,1.2041114568710327,0.0,-0.004873592406511307,-0.004873592406511307
704,23.466666666666665,14,0,0,,4,uneven rough,5,0.0,53.18568801879883,37.88571548461914,0.3500587046146393,1.6443606615066528,0.6516982913017273,1.6443606615066528,0.6516982913017273,6.5870513916015625,3.243809700012207,0.3333333432674408,0.2326134741306305,0.17380329966545105,0.8221803307533264,0.32584914565086365,0.6265416145324707,0.4071098566055298,0.09920208156108856,0.1668301820755005,0.3035397529602051,-0.09647738188505173,0.43857911229133606,0.43857911229133606,0.4065917730331421,1.9428867101669312,1.1342754364013672,0.0,0.03198733925819397,0.03198733925819397,0.2035549283027649,0.2035549283027649,0.1889636516571045,1.1803358793258667,-0.6421690583229065,0.0,0.0145912766456604,0.0145912766456604,0.04960104078054428,0.04960104078054428,0.1098790243268013,-2.0,1.4914990663528442,0.0,-0.06027798354625702,-0.06027798354625702,0.11678112298250198,0.11678112298250198,0.091175377368927,0.09156779944896698,-1.5001258850097656,0.0,0.02560574561357498,0.02560574561357498,0.15176987648010254,0.15176987648010254,0.16275924444198608,-0.15922057628631592,0.6988634467124939,0.0,-0.010989367961883545,-0.010989367961883545,-0.048238690942525864,-0.048238690942525864,-0.06288937479257584,0.6410791277885437,-0.6615144610404968,0.0,0.014650683850049973,0.014650683850049973
704,23.466666666666665,24,0,0,,4,uneven rough,10,0.0,86.697509765625,32.55400848388672,0.2341708540916443,1.8972606658935547,0.05281200259923935,1.882948398590088,0.05281200259923935,9.431723594665527,1.280896544456482,0.1666666716337204,-0.3502407968044281,0.14725714921951294,0.9486303329467773,0.026406001299619675,0.06392163783311844,0.527641773223877,0.021051621064543724,-0.08895373344421387,0.3738792836666107,-0.45759454369544983,0.04474514722824097,0.04474514722824097,0.007073575165122747,1.1771974563598633,-1.2109304666519165,0.0,0.03767157206311822,0.03767157206311822,0.2638208866119385,0.2638208866119385,0.28721335530281067,-0.9827117919921875,0.9656357765197754,0.0,-0.023392468690872192,-0.023392468690872192,0.010525810532271862,0.010525810532271862,0.0186110008507967,-1.5019035339355469,1.5637990236282349,0.0,-0.008085190318524837,-0.008085190318524837,-0.06226761266589165,-0.06226761266589165,0.017244940623641014,-2.000001907348633,0.002090165624395013,0.0,-0.07951255328953266,-0.07951255328953266,0.18693964183330536,0.18693964183330536,0.12298055738210678,1.8982317447662354,-0.4389168918132782,0.0,0.06395908445119858,0.06395908445119858,-0.22879727184772491,-0.22879727184772491,-0.03245961666107178,-1.7930574417114258,0.18994134664535522,0.0,-0.19633765518665314,-0.19633765518665314
705,23.5,4,0,0,,4,uneven rough,5,0.0,54.03152084350586,35.45925521850586,0.3481220602989197,1.6586692333221436,-0.3193075358867645,1.6586692333221436,-0.3193075358867645,8.933966636657715,1.2824656963348389,0.3333333432674408,0.31311309337615967,0.16304998099803925,0.8293346166610718,-0.15965376794338226,0.01376995537430048,0.11026187986135483,0.3535762429237366,-0.31323596835136414,0.16998225450515747,-0.727953314781189,0.009638968855142593,0.009638968855142593,0.0295900646597147,-1.600340485572815,-1.2852524518966675,0.0,-0.019951095804572105,-0.019951095804572105,0.055130939930677414,0.055130939930677414,0.21130992472171783,-0.6232420206069946,0.5740010142326355,0.0,-0.15617898479104042,-0.15617898479104042,0.1767881214618683,0.1767881214618683,0.15325549244880676,-1.830161213874817,-0.3770661950111389,0.0,0.023532629013061523,0.023532629013061523,-0.2192651778459549,-0.2192651778459549,0.2880822420120239,-1.9999688863754272,-0.3945502042770386,0.0,-0.5073474198579788,-0.5073474198579788,0.08499112725257874,0.08499112725257874,0.05392194166779518,1.1814606189727783,-1.0519578456878662,0.0,0.031069185584783554,0.031069185584783554,-0.3639766573905945,-0.3639766573905945,0.0008737704483792186,-1.8471146821975708,0.0480247437953949,0.0,-0.3648504278389737,-0.3648504278389737
705,23.5,14,0,0,,4,uneven rough,5,0.0,53.14940643310547,37.89715576171875,0.3522414267063141,1.5592503547668457,0.31684017181396484,1.5592503547668457,0.31684017181396484,7.8718581199646,0.0,0.0,0.26546722650527954,0.22499775886535645,0.7796251773834229,0.15842008590698242,-0.3375224471092224,0.5413102507591248,-0.014358144253492355,0.23026308417320251,0.46690964698791504,-0.2940162420272827,-0.23626570403575897,-0.23626570403575897,0.36580002307891846,-1.4669904708862305,1.591465711593628,0.0,-0.6020657271146774,-0.6020657271146774,0.2706551253795624,0.2706551253795624,0.25573304295539856,1.8575907945632935,0.3882785141468048,0.0,0.014922082424163818,0.014922082424163818,-0.007179072126746178,-0.007179072126746178,0.046945348381996155,-1.9057360887527466,-0.48260074853897095,0.0,-0.05412442050874233,-0.05412442050874233,0.161184161901474,0.161184161901474,0.16070733964443207,1.7772935628890991,-0.6001794338226318,0.0,0.00047682225704193115,0.00047682225704193115,0.23345482349395752,0.23345482349395752,0.21393510699272156,1.6830625534057617,0.21370120346546173,0.0,0.019519716501235962,0.019519716501235962,-0.14700812101364136,-0.14700812101364136,-0.10295268893241882,-1.276227593421936,0.07497429847717285,0.0,-0.044055432081222534,-0.044055432081222534
705,23.5,24,0,0,,4,uneven rough,10,0.0,86.75963592529297,32.55813980102539,0.2292136549949646,1.7707586288452148,0.3368126153945923,1.7707586288452148,0.3368126153945923,9.10797119140625,0.0,0.0,0.15514855086803436,0.12348159402608871,0.8853793144226074,0.16840630769729614,0.3714228570461273,0.39619359374046326,0.0423634834587574,-0.2337401807308197,0.14381706714630127,-0.2962764799594879,0.2599959969520569,0.2599959969520569,0.07348672300577164,1.848188042640686,0.13932137191295624,0.0,0.18650927394628525,0.18650927394628525,0.19809679687023163,0.19809679687023163,0.22058548033237457,-1.9837799072265625,-0.13596342504024506,0.0,-0.022488683462142944,-0.022488683462142944,0.0211817417293787,0.0211817417293787,0.004152495414018631,-0.7691545486450195,-0.1695546954870224,0.0,0.01702924631536007,0.01702924631536007,-0.16361811757087708,-0.16361811757087708,-0.04992862418293953,-1.973794937133789,-1.1298962831497192,0.0,-0.11368949338793755,-0.11368949338793755,0.07190853357315063,0.07190853357315063,0.08861754089593887,-1.2644649744033813,0.8825111389160156,0.0,-0.01670900732278824,-0.01670900732278824,-0.14813823997974396,-0.14813823997974396,-0.07243316620588303,-0.3541763424873352,-0.931249737739563,0.0,-0.07570507377386093,-0.07570507377386093
706,23.53333333333333,4,0,0,,4,uneven rough,5,0.0,53.98683166503906,35.47383117675781,0.346340537071228,1.6745216846466064,-0.667527973651886,1.6745216846466064,-0.667527973651886,3.704308271408081,4.327805519104004,0.5,0.2716115415096283,0.18714800477027893,0.8372608423233032,-0.333763986825943,0.5445798635482788,0.09879148751497269,0.2928803563117981,-0.16787774860858917,0.14152474701404572,-0.6096644997596741,0.38120588660240173,0.38120588660240173,0.06273750215768814,1.4202219247817993,-1.4634038209915161,0.0,0.3184683844447136,0.3184683844447136,0.04939574375748634,0.04939574375748634,0.15474718809127808,-1.4623377323150635,-0.10292233526706696,0.0,-0.10535144433379173,-0.10535144433379173,0.14644017815589905,0.14644017815589905,0.12286883592605591,-0.8224032521247864,-1.1986486911773682,0.0,0.02357134222984314,0.02357134222984314,-0.11751442402601242,-0.11751442402601242,0.22165127098560333,-1.5120065212249756,-1.3022568225860596,0.0,-0.33916569501161575,-0.33916569501161575,0.07076237350702286,0.07076237350702286,0.045044783502817154,-0.24339595437049866,0.2108209729194641,0.0,0.025717590004205704,0.025717590004205704,-0.30483224987983704,-0.30483224987983704,-0.024766240268945694,-0.5591772794723511,-1.0234904289245605,0.0,-0.28006600961089134,-0.28006600961089134
706,23.53333333333333,14,0,0,,4,uneven rough,5,0.0,53.115360260009766,37.907833099365234,0.34970393776893616,1.19947350025177,1.5277363061904907,1.19947350025177,1.5277363061904907,6.32120418548584,3.8436145782470703,0.3333333432674408,0.06518642604351044,0.20119497179985046,0.599736750125885,0.7638681530952454,0.5323010683059692,-0.05651146173477173,-0.12431446462869644,0.23258627951145172,0.39766329526901245,0.028146345168352127,0.37261074781417847,0.37261074781417847,0.3626466393470764,0.30488911271095276,-0.13779091835021973,0.0,0.00996410846710205,0.00996410846710205,-0.09041833877563477,-0.09041833877563477,0.19574229419231415,-0.4426999092102051,1.2190302610397339,0.0,-0.2861606329679489,-0.2861606329679489,-0.06215723231434822,-0.06215723231434822,0.04641276225447655,1.091933250427246,-1.2872439622879028,0.0,-0.10856999456882477,-0.10856999456882477,0.16281040012836456,0.16281040012836456,0.16696733236312866,0.08703518658876419,0.7440480589866638,0.0,-0.004156932234764099,-0.004156932234764099,0.19883164763450623,0.19883164763450623,0.1768249273300171,-0.746281087398529,1.044480800628662,0.0,0.022006720304489136,0.022006720304489136,0.014073172584176064,0.014073172584176064,-0.04358676075935364,1.6317296028137207,-0.6889976859092712,0.0,0.0576599333435297,0.0576599333435297
706,23.53333333333333,24,0,0,,4,uneven rough,10,0.0,86.8245849609375,32.55586624145508,0.22548821568489075,1.7305026054382324,-1.2397198677062988,1.7305026054382324,-1.2397198677062988,9.628771781921387,2.8356664180755615,0.1666666716337204,0.09314461797475815,0.09337121248245239,0.8652513027191162,-0.6198599338531494,0.2888966500759125,0.42847660183906555,0.13752710819244385,-0.0384771004319191,0.10445461422204971,-0.1323072910308838,0.2022276520729065,0.2022276520729065,0.13942883908748627,1.4211698770523071,1.1055176258087158,0.0,0.06279881298542023,0.06279881298542023,0.21423830091953278,0.21423830091953278,0.1951005756855011,-0.22011420130729675,-1.1807221174240112,0.0,0.019137725234031677,0.019137725234031677,0.06876355409622192,0.06876355409622192,0.023042598739266396,0.1352563202381134,-0.5085695385932922,0.0,0.04572095535695553,0.04572095535695553,-0.02693396992981434,-0.02693396992981434,-0.05789850652217865,1.0954872369766235,-1.607038140296936,0.0,0.03096453659236431,0.03096453659236431,0.05222730711102486,0.05222730711102486,0.06777522712945938,0.772642195224762,-0.3313930034637451,0.0,-0.015547920018434525,-0.015547920018434525,-0.0661536455154419,-0.0661536455154419,-0.034510497003793716,1.0132840871810913,-0.6049714088439941,0.0,-0.03164314851164818,-0.03164314851164818
707,23.566666666666666,4,0,0,,4,uneven rough,5,0.0,53.943878173828125,35.488441467285156,0.3492622673511505,1.5596741437911987,-0.9055511355400085,1.5596741437911987,-0.9055511355400085,4.107668876647949,3.6584670543670654,0.6666666865348816,0.4440668523311615,0.06499316543340683,0.7798370718955994,-0.4527755677700043,0.16948659718036652,0.3198166787624359,0.40782636404037476,0.02927931770682335,0.0732995942234993,-0.4160739481449127,0.11864061653614044,0.11864061653614044,0.11494429409503937,1.0041626691818237,0.1670033186674118,0.0,0.0036963224411010742,0.0036963224411010742,0.15990833938121796,0.15990833938121796,0.15267618000507355,-0.2901982069015503,-0.8715382218360901,0.0,0.007232159376144409,0.007232159376144409,0.20391318202018738,0.20391318202018738,0.119742251932621,-0.07616107910871506,-0.9859188795089722,0.0,0.08417093008756638,0.08417093008756638,0.020495522767305374,0.020495522767305374,0.15609657764434814,-2.0019795894622803,-1.4208496809005737,0.0,-0.13560105487704277,-0.13560105487704277,0.03664979711174965,0.03664979711174965,0.0622447244822979,-0.03468252345919609,-0.04599408805370331,0.0,-0.02559492737054825,-0.02559492737054825,-0.20803697407245636,-0.20803697407245636,-0.04713241755962372,0.21776454150676727,-0.760966956615448,0.0,-0.16090455651283264,-0.16090455651283264
707,23.566666666666666,14,0,0,,4,uneven rough,5,0.0,53.077022552490234,37.91094970703125,0.35018470883369446,1.6050090789794922,0.042512524873018265,1.6050090789794922,0.042512524873018265,4.938696384429932,3.4518115520477295,0.3333333432674408,-0.3278562128543854,0.14677929878234863,0.8025045394897461,0.021256262436509132,0.17289042472839355,0.21753667294979095,0.19657553732395172,0.07412662357091904,0.01725279726088047,-0.051147136837244034,0.12102329730987549,0.12102329730987549,0.324627548456192,-1.665297269821167,0.11250116676092148,0.0,-0.20360425114631653,-0.20360425114631653,0.10876833647489548,0.10876833647489548,0.13681098818778992,-1.779799222946167,0.2794850468635559,0.0,-0.02804265171289444,-0.02804265171289444,0.09828776866197586,0.09828776866197586,0.08924178034067154,0.14740169048309326,0.057947080582380295,0.0,0.009045988321304321,0.009045988321304321,0.051888637244701385,0.051888637244701385,0.12880346179008484,-1.9933111667633057,0.37257182598114014,0.0,-0.07691482454538345,-0.07691482454538345,0.008626398630440235,0.008626398630440235,0.10606230050325394,-1.9826940298080444,0.03198082000017166,0.0,-0.0974359018728137,-0.0974359018728137,-0.025573568418622017,-0.025573568418622017,-0.01048765704035759,-0.24552974104881287,0.6231456995010376,0.0,-0.015085911378264427,-0.015085911378264427
707,23.566666666666666,24,0,0,,4,uneven rough,10,0.0,86.88899993896484,32.55829620361328,0.2172660529613495,1.8575384616851807,-0.7896696925163269,1.8575384616851807,-0.7896696925163269,7.6116156578063965,4.323858737945557,0.5,0.22670912742614746,0.17788174748420715,0.9287692308425903,-0.39483484625816345,-0.26544395089149475,0.25405558943748474,-0.22409562766551971,0.48072394728660583,0.7513352632522583,0.06358087807893753,-0.18581075966358185,-0.18581075966358185,0.08779127895832062,-1.8585840463638306,1.2839879989624023,0.0,-0.27360203862190247,-0.27360203862190247,0.12702779471874237,0.12702779471874237,0.1483806073665619,-1.7881054878234863,-0.6375926733016968,0.0,-0.02135281264781952,-0.02135281264781952,-0.11204781383275986,-0.11204781383275986,-0.03670533746480942,-1.9996520280838013,-0.14454925060272217,0.0,-0.07534247636795044,-0.07534247636795044,0.33650675415992737,0.33650675415992737,0.008995122276246548,1.7498165369033813,-0.07902542501688004,0.0,0.3275116318836808,0.3275116318836808,0.37566763162612915,0.37566763162612915,0.1018114909529686,1.4589524269104004,0.2928304672241211,0.0,0.27385614067316055,0.27385614067316055,0.031790439039468765,0.031790439039468765,0.004745381884276867,1.0206774473190308,0.3099931478500366,0.0,0.0270450571551919,0.0270450571551919
708,23.6,4,0,0,,4,uneven rough,5,0.0,53.903011322021484,35.50383758544922,0.3518950343132019,1.2013933658599854,-0.7157577276229858,1.2013933658599854,-0.7157577276229858,3.001585006713867,2.188305616378784,0.3333333432674408,0.3964167833328247,0.04728163406252861,0.6006966829299927,-0.3578788638114929,0.2842322885990143,0.3365509510040283,0.47896966338157654,-0.07854456454515457,0.36536774039268494,-0.41713982820510864,0.19896259903907776,0.19896259903907776,0.17731815576553345,1.8511652946472168,0.6403347253799438,0.0,0.02164444327354431,0.02164444327354431,0.16827547550201416,0.16827547550201416,0.18101604282855988,-0.14441698789596558,-0.5428475141525269,0.0,-0.012740567326545715,-0.012740567326545715,0.23948483169078827,0.23948483169078827,0.14363449811935425,0.9800439476966858,-0.4715401828289032,0.0,0.09585033357143402,0.09585033357143402,-0.05498119443655014,-0.05498119443655014,0.08714506775140762,-2.0007081031799316,-1.7494215965270996,0.0,-0.14212626218795776,-0.14212626218795776,0.18268387019634247,0.18268387019634247,0.13073256611824036,1.8061765432357788,-0.039598509669303894,0.0,0.05195130407810211,0.05195130407810211,-0.20856991410255432,-0.20856991410255432,-0.0584060400724411,-0.22280071675777435,-0.20759041607379913,0.0,-0.15016387403011322,-0.15016387403011322
708,23.6,14,0,0,,4,uneven rough,5,0.0,53.03820037841797,37.91716766357422,0.3504714071750641,1.6607742309570312,-0.17233146727085114,1.6607742309570312,-0.17233146727085114,7.443279266357422,3.0986735820770264,0.3333333432674408,-0.44554340839385986,0.2729191184043884,0.8303871154785156,-0.08616573363542557,0.6893653869628906,0.09104544669389725,0.3346022665500641,0.08981818705797195,-0.06825289875268936,-0.27540117502212524,0.4825557768344879,0.4825557768344879,0.3563953638076782,1.8204909563064575,-0.8926692605018616,0.0,0.1261604130268097,0.1261604130268097,0.045522723346948624,0.045522723346948624,0.07215400040149689,-1.9398707151412964,-0.8848379850387573,0.0,-0.026631277054548264,-0.026631277054548264,0.16730113327503204,0.16730113327503204,0.10981599986553192,0.7073010802268982,0.1085248813033104,0.0,0.05748513340950012,0.05748513340950012,0.06287273019552231,0.06287273019552231,0.05735344812273979,-1.796428918838501,-0.9651026725769043,0.0,0.0055192820727825165,0.0055192820727825165,-0.10920464247465134,-0.10920464247465134,0.0573950856924057,-1.2949497699737549,-1.1071199178695679,0.0,-0.16659972816705704,-0.16659972816705704,-0.13770058751106262,-0.13770058751106262,0.012247312813997269,0.5626665949821472,0.1319950371980667,0.0,-0.1499479003250599,-0.1499479003250599
708,23.6,24,0,0,,4,uneven rough,10,0.0,86.95670318603516,32.55082702636719,0.21277207136154175,1.7258270978927612,0.06479817628860474,1.7258270978927612,0.06479817628860474,9.114495277404785,3.3333334922790527,0.1666666716337204,0.36737895011901855,0.17467522621154785,0.8629135489463806,0.03239908814430237,0.36385178565979004,0.3419082760810852,0.023709451779723167,0.4949965178966522,0.09141730517148972,0.3546733558177948,0.254696249961853,0.254696249961853,0.12701192498207092,1.635000467300415,-0.4928278923034668,0.0,0.1276843249797821,0.1276843249797821,0.1709541380405426,0.1709541380405426,0.1352439969778061,1.8095808029174805,-1.2880946397781372,0.0,0.03571014106273651,0.03571014106273651,0.011854725889861584,0.011854725889861584,0.007263767533004284,0.15403342247009277,-1.1934276819229126,0.0,0.0045909583568573,0.0045909583568573,0.3464975655078888,0.3464975655078888,0.048284586519002914,1.8680462837219238,0.9550051093101501,0.0,0.2982129789888859,0.2982129789888859,0.04570865258574486,0.04570865258574486,0.07564020901918411,-1.5506619215011597,0.9521579146385193,0.0,-0.029931556433439255,-0.029931556433439255,0.1773366779088974,0.1773366779088974,0.06361152231693268,0.3161894381046295,0.711815357208252,0.0,0.11372515559196472,0.11372515559196472
709,23.633333333333333,4,0,0,,4,uneven rough,5,0.0,53.865562438964844,35.51747131347656,0.3433380424976349,1.3242506980895996,-0.04304930940270424,1.3242506980895996,-0.04304930940270424,3.259683609008789,1.1650769710540771,0.3333333432674408,0.6037970781326294,0.05012077838182449,0.6621253490447998,-0.02152465470135212,0.5634807348251343,0.2809227705001831,0.29511821269989014,0.07988160848617554,0.47644513845443726,-0.2629140317440033,0.3944365084171295,0.3944365084171295,0.24128781259059906,1.8625502586364746,1.32494056224823,0.0,0.15314869582653046,0.15314869582653046,0.14046138525009155,0.14046138525009155,0.14596201479434967,-1.2280924320220947,-0.3175741732120514,0.0,-0.005500629544258118,-0.005500629544258118,0.14755910634994507,0.14755910634994507,0.13190872967243195,0.7504584789276123,0.34918808937072754,0.0,0.015650376677513123,0.015650376677513123,0.055917125195264816,0.055917125195264816,0.03686172142624855,-0.832291841506958,-1.891499400138855,0.0,0.019055403769016266,0.019055403769016266,0.23822256922721863,0.23822256922721863,0.19455134868621826,1.8732666969299316,1.004006028175354,0.0,0.043671220541000366,0.043671220541000366,-0.13145701587200165,-0.13145701587200165,-0.10773912072181702,-0.31382566690444946,-0.21619035303592682,0.0,-0.02371789515018463,-0.02371789515018463
709,23.633333333333333,14,0,0,,4,uneven rough,5,0.0,53.001251220703125,37.93055725097656,0.3445647358894348,1.4612352848052979,-0.9871746301651001,1.4612352848052979,-0.9871746301651001,3.4847257137298584,3.9560327529907227,0.3333333432674408,-0.7698857188224792,0.0785561352968216,0.7306176424026489,-0.49358731508255005,0.2638567388057709,-0.0818905234336853,0.6301470994949341,0.3874267637729645,0.5534566640853882,0.016964588314294815,0.18469971418380737,0.18469971418380737,0.2944915294647217,-1.9880101680755615,0.6413564085960388,0.0,-0.1097918152809143,-0.1097918152809143,-0.13102483749389648,-0.13102483749389648,0.01040155254304409,-1.4675405025482178,-1.4813554286956787,0.0,-0.14142639003694057,-0.14142639003694057,0.31507354974746704,0.31507354974746704,0.17722231149673462,1.5219043493270874,0.4470740258693695,0.0,0.13785123825073242,0.13785123825073242,0.27119871973991394,0.27119871973991394,0.11930090934038162,1.759667158126831,-1.435136079788208,0.0,0.15189781039953232,0.15189781039953232,0.2767283320426941,0.2767283320426941,0.08330638706684113,0.5359224081039429,-1.2133193016052246,0.0,0.19342194497585297,0.19342194497585297,0.008482294157147408,0.008482294157147408,0.053017307072877884,0.993892252445221,0.3754975199699402,0.0,-0.044535012915730476,-0.044535012915730476
709,23.633333333333333,24,0,0,,4,uneven rough,10,0.0,87.02555847167969,32.556575775146484,0.22090685367584229,1.7489911317825317,-0.040490929037332535,1.7489911317825317,-0.040490929037332535,9.131650924682617,3.3333334922790527,0.1666666716337204,0.2708497941493988,0.16026762127876282,0.8744955658912659,-0.020245464518666267,-0.7382309436798096,0.435040682554245,0.23682817816734314,0.29610955715179443,0.05726802721619606,0.1483168601989746,-0.5167616605758667,-0.5167616605758667,0.09241479635238647,-1.6396902799606323,0.7102500796318054,0.0,-0.6091764569282532,-0.6091764569282532,0.2175203412771225,0.2175203412771225,0.20473898947238922,1.9400372505187988,0.46333661675453186,0.0,0.012781351804733276,0.012781351804733276,0.11841408908367157,0.11841408908367157,0.04687567800283432,1.8372641801834106,-0.43157079815864563,0.0,0.07153841108083725,0.07153841108083725,0.20727668702602386,0.20727668702602386,0.11630039662122726,1.94004225730896,1.4712401628494263,0.0,0.0909762904047966,0.0909762904047966,0.02863401360809803,0.02863401360809803,0.039208587259054184,-1.4780395030975342,-0.46294093132019043,0.0,-0.010574573650956154,-0.010574573650956154,0.0741584300994873,0.0741584300994873,0.06606946885585785,-0.24137918651103973,0.48812776803970337,0.0,0.008088961243629456,0.008088961243629456
710,23.666666666666668,4,0,0,,4,uneven rough,5,0.0,53.83437728881836,35.540855407714844,0.3379439115524292,1.2806568145751953,0.3893509805202484,1.2806568145751953,0.3893509805202484,2.436044216156006,1.090550422668457,0.5,0.7681654691696167,0.06801645457744598,0.6403284072875977,0.1946754902601242,0.4896307587623596,0.17604975402355194,0.3796219825744629,0.5125916600227356,0.36604684591293335,0.038203321397304535,0.3427415192127228,0.3427415192127228,0.30014246702194214,1.9999970197677612,1.628906011581421,0.0,0.04259905219078064,0.04259905219078064,0.08802487701177597,0.08802487701177597,0.0946214348077774,-0.5480331778526306,-0.8323827981948853,0.0,-0.006596557796001434,-0.006596557796001434,0.18981099128723145,0.18981099128723145,0.15707650780677795,0.06588470190763474,0.5760670900344849,0.0,0.03273448348045349,0.03273448348045349,0.35881415009498596,0.35881415009498596,0.07195349782705307,1.4553073644638062,-1.2926214933395386,0.0,0.2868606522679329,0.2868606522679329,0.18302342295646667,0.18302342295646667,0.19176596403121948,-0.6962065696716309,1.4954875707626343,0.0,-0.008742541074752808,-0.008742541074752808,0.019101660698652267,0.019101660698652267,-0.0463118739426136,1.9999889135360718,-0.2713935375213623,0.0,0.06541353464126587,0.06541353464126587
710,23.666666666666668,14,0,0,,4,uneven rough,5,0.0,52.96300506591797,37.94623947143555,0.350735068321228,0.9986212253570557,0.7021166086196899,0.9986212253570557,0.7021166086196899,4.972428798675537,2.317674160003662,0.5,-0.9632349014282227,0.026982620358467102,0.49931061267852783,0.35105830430984497,0.5944406986236572,0.3982536792755127,-0.2793531119823456,0.3523959219455719,-0.011002968065440655,0.4760991930961609,0.41610848903656006,0.41610848903656006,0.31532755494117737,1.9955685138702393,-0.8452921509742737,0.0,0.10078093409538269,0.10078093409538269,0.19912683963775635,0.19912683963775635,0.04422460123896599,1.91872239112854,-1.4735444784164429,0.0,0.15490223839879036,0.15490223839879036,-0.1396765559911728,-0.1396765559911728,0.11853432655334473,-2.000000238418579,1.0547850131988525,0.0,-0.2582108825445175,-0.2582108825445175,0.24667714536190033,0.24667714536190033,0.17936958372592926,2.0000014305114746,0.37121137976646423,0.0,0.06730756163597107,0.06730756163597107,-0.017604749649763107,-0.017604749649763107,0.0419602133333683,-1.9991707801818848,-0.22429488599300385,0.0,-0.05956496298313141,-0.05956496298313141,0.23804959654808044,0.23804959654808044,0.11418230086565018,2.0000009536743164,0.7251390218734741,0.0,0.12386729568243027,0.12386729568243027
710,23.666666666666668,24,0,0,,4,uneven rough,10,0.0,87.09198760986328,32.58112335205078,0.21524029970169067,1.8829160928726196,-0.29813292622566223,1.8632862567901611,-0.29813292622566223,9.67990779876709,0.8631781339645386,0.1666666716337204,0.31876516342163086,0.0778089240193367,0.9414580464363098,-0.14906646311283112,-0.31690770387649536,0.45120951533317566,-0.36555016040802,-0.16705559194087982,0.3466259837150574,-0.43408143520355225,-0.22183538973331451,-0.22183538973331451,0.027301035821437836,-1.8579559326171875,-0.6184104084968567,0.0,-0.24913642555475235,-0.24913642555475235,0.22560475766658783,0.22560475766658783,0.24092799425125122,-0.1024785116314888,1.298265814781189,0.0,-0.015323236584663391,-0.015323236584663391,-0.18277508020401,-0.18277508020401,-0.014535533264279366,-1.9809339046478271,0.8512325286865234,0.0,-0.16823954693973064,-0.16823954693973064,-0.11693891137838364,-0.11693891137838364,0.10213736444711685,-1.728237271308899,1.7363016605377197,0.0,-0.2190762758255005,-0.2190762758255005,0.1733129918575287,0.1733129918575287,0.0807669460773468,1.8860892057418823,-1.036879539489746,0.0,0.09254604578018188,0.09254604578018188,-0.21704071760177612,-0.21704071760177612,0.000603129796218127,-1.475389838218689,0.07566323131322861,0.0,-0.21764384739799425,-0.21764384739799425
711,23.7,4,0,0,,4,uneven rough,5,0.0,53.797237396240234,35.556453704833984,0.3350924253463745,1.6293079853057861,-0.5419836640357971,1.6293079853057861,-0.5419836640357971,3.1826560497283936,0.8774865865707397,0.3333333432674408,0.6882044672966003,0.206537127494812,0.8146539926528931,-0.27099183201789856,-0.5579270124435425,0.1927769035100937,0.5875304341316223,0.3503885865211487,0.5539597272872925,0.21233601868152618,-0.3905489146709442,-0.3905489146709442,0.2676355838775635,-1.7833806276321411,1.838721513748169,0.0,-0.6581844985485077,-0.6581844985485077,0.09638845175504684,0.09638845175504684,0.13447125256061554,0.099845752120018,-0.6716110110282898,0.0,-0.038082800805568695,-0.038082800805568695,0.29376521706581116,0.29376521706581116,0.19919826090335846,1.593703031539917,0.2876090407371521,0.0,0.0945669561624527,0.0945669561624527,0.24527201056480408,0.24527201056480408,0.13960424065589905,1.912593960762024,0.2610624134540558,0.0,0.10566776990890503,0.10566776990890503,0.27697986364364624,0.27697986364364624,0.24600523710250854,0.8939003348350525,0.256299763917923,0.0,0.030974626541137695,0.030974626541137695,0.10616800934076309,0.10616800934076309,0.028579914942383766,1.9997156858444214,1.0128501653671265,0.0,0.07758809439837933,0.07758809439837933
711,23.7,14,0,0,,4,uneven rough,5,0.0,52.921939849853516,37.96112060546875,0.34639763832092285,1.306870937347412,-0.10135624557733536,1.306870937347412,-0.10135624557733536,6.761064529418945,0.0,0.0,-1.0123604536056519,0.20187640190124512,0.653435468673706,-0.05067812278866768,-0.6470060348510742,0.45607852935791016,0.49182143807411194,0.5464597940444946,0.31364500522613525,0.09026703983545303,-0.45290422439575195,-0.45290422439575195,0.2966633439064026,-1.5157650709152222,0.7609356045722961,0.0,-0.7495675683021545,-0.7495675683021545,0.22803926467895508,0.22803926467895508,0.10947881639003754,1.9274942874908447,0.4444492757320404,0.0,0.11856044828891754,0.11856044828891754,0.24591071903705597,0.24591071903705597,0.13631102442741394,-0.3431549370288849,-0.6723960638046265,0.0,0.10959969460964203,0.10959969460964203,0.3825218379497528,0.3825218379497528,0.24953749775886536,1.9426623582839966,1.2921321392059326,0.0,0.13298434019088745,0.13298434019088745,0.15682250261306763,0.15682250261306763,0.1012372151017189,2.00042986869812,-1.2278128862380981,0.0,0.055585287511348724,0.055585287511348724,0.04513351991772652,0.04513351991772652,0.10836684703826904,-1.1265497207641602,1.4459482431411743,0.0,-0.06323332712054253,-0.06323332712054253
711,23.7,24,0,0,,4,uneven rough,10,0.0,87.15670013427734,32.601261138916016,0.19520822167396545,1.8607149124145508,0.6238383054733276,1.8607149124145508,0.6238383054733276,8.920601844787598,0.04810774326324463,0.1666666716337204,0.4423256814479828,0.17142954468727112,0.9303574562072754,0.3119191527366638,0.5353219509124756,0.20330150425434113,-0.26416489481925964,-0.48039159178733826,0.3669496476650238,-0.6301473379135132,0.3747253715991974,0.3747253715991974,0.0696057602763176,1.9987804889678955,-1.3192516565322876,0.0,0.3051196113228798,0.3051196113228798,0.10165075212717056,0.10165075212717056,0.1846412867307663,-2.0006747245788574,0.5062824487686157,0.0,-0.08299053460359573,-0.08299053460359573,-0.13208244740962982,-0.13208244740962982,-0.08498384058475494,-1.9686164855957031,-0.7500794529914856,0.0,-0.04709860682487488,-0.04709860682487488,-0.336274117231369,-0.336274117231369,0.03575484827160835,-1.2462692260742188,-0.22255484759807587,0.0,-0.37202896550297737,-0.37202896550297737,0.1834748238325119,0.1834748238325119,0.12314789742231369,0.09066888689994812,0.6157722473144531,0.0,0.06032692641019821,0.06032692641019821,-0.3150736689567566,-0.3150736689567566,-0.06428917497396469,-1.90841805934906,-0.8013049364089966,0.0,-0.2507844939827919,-0.2507844939827919
712,23.733333333333334,4,0,0,,4,uneven rough,5,0.0,53.7578125,35.5579948425293,0.328493595123291,1.7252922058105469,0.06416090577840805,1.7252922058105469,0.06416090577840805,7.3569183349609375,1.7943967580795288,0.3333333432674408,0.7677485346794128,0.21291105449199677,0.8626461029052734,0.032080452889204025,0.06848663091659546,0.2435757964849472,-0.11097100377082825,0.15015266835689545,0.20078617334365845,0.033715326339006424,0.04794064164161682,0.04794064164161682,0.20839600265026093,-1.6825778484344482,-0.20922155678272247,0.0,-0.1604553610086441,-0.1604553610086441,0.1217878982424736,0.1217878982424736,0.1020582914352417,-0.09341751784086227,-0.23542797565460205,0.0,0.019729606807231903,0.019729606807231903,-0.055485501885414124,-0.055485501885414124,0.1342892050743103,-1.9998767375946045,1.0260769128799438,0.0,-0.18977470695972443,-0.18977470695972443,0.10510686784982681,0.10510686784982681,0.14416243135929108,-1.4067972898483276,1.1948412656784058,0.0,-0.039055563509464264,-0.039055563509464264,0.10039308667182922,0.10039308667182922,0.18790097534656525,-1.784908413887024,0.6168002486228943,0.0,-0.08750788867473602,-0.08750788867473602,0.016857663169503212,0.016857663169503212,0.03737568482756615,-0.07377677410840988,1.5708256959915161,0.0,-0.020518021658062935,-0.020518021658062935
712,23.733333333333334,14,0,0,,4,uneven rough,5,0.0,52.881858825683594,37.969078063964844,0.33245939016342163,0.8148362636566162,1.1158679723739624,0.8148362636566162,1.1158679723739624,4.919516563415527,1.9295284748077393,0.3333333432674408,-0.9914935827255249,0.06366059184074402,0.4074181318283081,0.5579339861869812,0.3252977132797241,-0.032563935965299606,-0.33844417333602905,0.43893754482269287,0.4405137896537781,0.0801764652132988,0.22770839929580688,0.22770839929580688,0.23066262900829315,-1.5813828706741333,-0.5263150334358215,0.0,-0.002954229712486267,-0.002954229712486267,-0.05210229754447937,-0.05210229754447937,0.06327106803655624,-1.5952386856079102,1.2829655408859253,0.0,-0.11537336558103561,-0.11537336558103561,-0.16922208666801453,-0.16922208666801453,0.08733092248439789,-1.323697805404663,-0.48624253273010254,0.0,-0.2565530091524124,-0.2565530091524124,0.307256281375885,0.307256281375885,0.3072916269302368,0.9679080843925476,1.6599431037902832,0.0,-3.534555435180664e-05,-3.534555435180664e-05,0.22025689482688904,0.22025689482688904,0.1480182707309723,1.9946812391281128,0.5974413752555847,0.0,0.07223862409591675,0.07223862409591675,0.0400882326066494,0.0400882326066494,0.07366183400154114,-0.43828293681144714,-0.008546707220375538,0.0,-0.03357360139489174,-0.03357360139489174
712,23.733333333333334,24,0,0,,4,uneven rough,10,0.0,87.22222900390625,32.613502502441406,0.19942712783813477,1.953424096107483,-0.9916248917579651,1.8985625505447388,-0.9916248917579651,9.919057846069336,1.7517846822738647,0.1666666716337204,0.3657419681549072,0.05890312418341637,0.9767120480537415,-0.49581244587898254,-0.25347065925598145,0.37601515650749207,0.33843499422073364,0.004569033160805702,0.26285597681999207,-0.43245184421539307,-0.1774294525384903,-0.1774294525384903,0.0494183786213398,-1.747376799583435,0.5567696690559387,0.0,-0.2268478311598301,-0.2268478311598301,0.18800757825374603,0.18800757825374603,0.21863315999507904,1.035332441329956,-0.911155641078949,0.0,-0.030625581741333008,-0.030625581741333008,0.16921749711036682,0.16921749711036682,-0.03619377315044403,1.8906573057174683,-1.4390424489974976,0.0,0.20541127026081085,0.20541127026081085,0.0031983230728656054,0.0031983230728656054,0.01926831528544426,-0.9207618236541748,-0.8013647794723511,0.0,-0.016069992212578654,-0.016069992212578654,0.13142798840999603,0.13142798840999603,0.09888733923435211,-1.0396605730056763,0.31887784600257874,0.0,0.03254064917564392,0.03254064917564392,-0.21622592210769653,-0.21622592210769653,-0.11139333248138428,0.39368724822998047,-1.427268624305725,0.0,-0.10483258962631226,-0.10483258962631226
713,23.766666666666666,4,0,0,,4,uneven rough,5,0.0,53.721988677978516,35.56699752807617,0.32565775513648987,1.3265200853347778,0.039009712636470795,1.3265200853347778,0.039009712636470795,6.211601257324219,1.214758276939392,0.1666666716337204,0.701903223991394,0.2744854688644409,0.6632600426673889,0.019504856318235397,0.4274853765964508,-0.08712957799434662,0.5402308702468872,0.06867265701293945,-0.019038917496800423,-0.35770922899246216,0.29923975467681885,0.29923975467681885,0.24443942308425903,1.9954220056533813,-1.0422598123550415,0.0,0.054800331592559814,0.054800331592559814,-0.13940732181072235,-0.13940732181072235,0.039040520787239075,-1.9999775886535645,-0.15513500571250916,0.0,-0.17844784259796143,-0.17844784259796143,0.2701154351234436,0.2701154351234436,0.13244891166687012,0.22596240043640137,-0.6848027110099792,0.0,0.1376665234565735,0.1376665234565735,0.04807085916399956,0.04807085916399956,0.07298330962657928,-2.0000627040863037,-0.2761298716068268,0.0,-0.024912450462579727,-0.024912450462579727,-0.030462268739938736,-0.030462268739938736,0.1380767673254013,-1.3850831985473633,-0.7411301136016846,0.0,-0.16853903606534004,-0.16853903606534004,-0.17885461449623108,-0.17885461449623108,0.04722050577402115,-0.17154014110565186,0.6409645080566406,0.0,-0.22607512027025223,-0.22607512027025223
713,23.766666666666666,14,0,0,,4,uneven rough,5,0.0,52.84016418457031,37.97786331176758,0.3243846297264099,1.3492214679718018,0.5255956053733826,1.3492214679718018,0.5255956053733826,6.710182189941406,2.507587194442749,0.3333333432674408,-0.8478479385375977,0.047942351549863815,0.6746107339859009,0.2627978026866913,0.5674386024475098,-0.06692062318325043,0.14973625540733337,0.14657291769981384,-0.05236077308654785,0.1253339946269989,0.39720702171325684,0.39720702171325684,0.2925080358982086,2.003235101699829,-1.1228523254394531,0.0,0.10469898581504822,0.10469898581504822,-0.10707300156354904,-0.10707300156354904,0.00036736938636749983,-0.6162598729133606,-0.3443762958049774,0.0,-0.10744037094991654,-0.10744037094991654,0.07486812770366669,0.07486812770366669,0.05161406844854355,-1.6428015232086182,-0.9597412347793579,0.0,0.02325405925512314,0.02325405925512314,0.10260104387998581,0.10260104387998581,0.24698133766651154,-1.6409269571304321,1.2686653137207031,0.0,-0.14438029378652573,-0.14438029378652573,-0.08377724140882492,-0.08377724140882492,0.10662910342216492,-2.013282060623169,1.3874433040618896,0.0,-0.19040634483098984,-0.19040634483098984,0.06266699731349945,0.06266699731349945,0.07503465563058853,-2.060044288635254,-0.2515203356742859,0.0,-0.01236765831708908,-0.01236765831708908
713,23.766666666666666,24,0,0,,4,uneven rough,10,0.0,87.2860336303711,32.627525329589844,0.2008190155029297,1.8847253322601318,-0.6699061989784241,1.8847253322601318,-0.6699061989784241,9.513713836669922,1.0370535850524902,0.1666666716337204,0.4112212061882019,0.1800071895122528,0.9423626661300659,-0.33495309948921204,0.1250697523355484,0.4333009421825409,0.2966950833797455,-0.2848089933395386,0.36001694202423096,-0.6069097518920898,0.08754882216453552,0.08754882216453552,0.07778503000736237,1.6623307466506958,-0.7459988594055176,0.0,0.009763792157173157,0.009763792157173157,0.21665047109127045,0.21665047109127045,0.257857084274292,0.3105109930038452,0.18939219415187836,0.0,-0.041206613183021545,-0.041206613183021545,0.14834754168987274,0.14834754168987274,0.028133748099207878,2.000006914138794,0.44357576966285706,0.0,0.12021379359066486,0.12021379359066486,-0.19936628639698029,-0.19936628639698029,-0.047617629170417786,-1.5726304054260254,-0.8688721060752869,0.0,-0.1517486572265625,-0.1517486572265625,0.18000847101211548,0.18000847101211548,0.13224121928215027,0.27685025334358215,-0.4492422044277191,0.0,0.04776725172996521,0.04776725172996521,-0.3034548759460449,-0.3034548759460449,-0.13493414223194122,-0.7012857794761658,-0.3976968824863434,0.0,-0.1685207337141037,-0.1685207337141037
714,23.8,4,0,0,,4,uneven rough,5,0.0,53.686798095703125,35.578369140625,0.3204997181892395,1.5261436700820923,-0.8804609775543213,1.5261436700820923,-0.8804609775543213,4.078523635864258,4.702923774719238,0.5,0.6200017333030701,0.0400768518447876,0.7630718350410461,-0.44023048877716064,-0.08438494056463242,-0.3189330995082855,0.7105904817581177,0.14572131633758545,0.5556395053863525,-0.1900210827589035,-0.05906945839524269,-0.05906945839524269,0.19034413993358612,-1.7946945428848267,0.6752509474754333,0.0,-0.2494135983288288,-0.2494135983288288,-0.5102929472923279,-0.5102929472923279,0.008713091723620892,-1.1612575054168701,-1.1982122659683228,0.0,-0.5190060390159488,-0.5190060390159488,0.35529524087905884,0.35529524087905884,0.17557427287101746,1.6202977895736694,-0.16985449194908142,0.0,0.17972096800804138,0.17972096800804138,0.10200492292642593,0.10200492292642593,0.10569498687982559,0.7282099723815918,-1.2508445978164673,0.0,-0.003690063953399658,-0.003690063953399658,0.27781975269317627,0.27781975269317627,0.19667841494083405,1.882272481918335,-1.1052223443984985,0.0,0.08114133775234222,0.08114133775234222,-0.09501054137945175,-0.09501054137945175,0.0328260138630867,-0.24136056005954742,0.18157292902469635,0.0,-0.12783655524253845,-0.12783655524253845
714,23.8,14,0,0,,4,uneven rough,5,0.0,52.80229187011719,37.98974609375,0.3245061933994293,1.8551357984542847,0.8438205122947693,1.8445533514022827,0.8438205122947693,7.010149002075195,4.593330383300781,0.3333333432674408,-0.4796416163444519,0.09602642059326172,0.9275678992271423,0.42191025614738464,0.43915870785713196,-0.07953094691038132,0.6806341409683228,0.8083610534667969,0.15111708641052246,0.03063914179801941,0.3074111044406891,0.3074111044406891,0.312751829624176,0.3941153883934021,0.6446431279182434,0.0,-0.0053407251834869385,-0.0053407251834869385,-0.12724952399730682,-0.12724952399730682,-0.050911229103803635,-1.9139320850372314,-0.49809977412223816,0.0,-0.07633829489350319,-0.07633829489350319,0.3403170704841614,0.3403170704841614,0.04269636049866676,-0.6884334683418274,-1.3459447622299194,0.0,0.2976207099854946,0.2976207099854946,0.565852701663971,0.565852701663971,0.29698872566223145,1.9950997829437256,-0.3764233887195587,0.0,0.2688639760017395,0.2688639760017395,0.07555854320526123,0.07555854320526123,0.04208986088633537,-1.2040907144546509,-0.5353329181671143,0.0,0.03346868231892586,0.03346868231892586,0.015319570899009705,0.015319570899009705,0.021962324157357216,-1.5980820655822754,-1.274062991142273,0.0,-0.006642753258347511,-0.006642753258347511
714,23.8,24,0,0,,4,uneven rough,10,0.0,87.34764099121094,32.63517379760742,0.20317807793617249,1.8267419338226318,-0.04949298873543739,1.8267419338226318,-0.04949298873543739,9.710232734680176,3.352606773376465,0.3333333432674408,0.21160075068473816,0.08455400168895721,0.9133709669113159,-0.024746494367718697,0.2401810735464096,0.3280109763145447,0.039180316030979156,-0.17326639592647552,0.387968510389328,-0.4710794687271118,0.16812674701213837,0.16812674701213837,0.14327357709407806,1.991701602935791,0.6156750321388245,0.0,0.024853169918060303,0.024853169918060303,0.16400548815727234,0.16400548815727234,0.22996263206005096,-1.6374403238296509,0.25787296891212463,0.0,-0.06595714390277863,-0.06595714390277863,0.019590158015489578,0.019590158015489578,0.02893458865582943,-0.18577614426612854,1.3235846757888794,0.0,-0.009344430640339851,-0.009344430640339851,-0.12128647416830063,-0.12128647416830063,-0.1036805808544159,-1.4834996461868286,-1.2667783498764038,0.0,-0.017605893313884735,-0.017605893313884735,0.193984255194664,0.193984255194664,0.13481764495372772,0.5745713710784912,-0.03870822861790657,0.0,0.05916661024093628,0.05916661024093628,-0.2355397343635559,-0.2355397343635559,-0.16691556572914124,-1.0727168321609497,-0.5693466067314148,0.0,-0.06862416863441467,-0.06862416863441467
715,23.833333333333332,4,0,0,,4,uneven rough,5,0.0,53.65353775024414,35.59325408935547,0.31691908836364746,1.2385953664779663,0.8655684590339661,1.2385953664779663,0.8655684590339661,5.876345634460449,2.793363571166992,0.5,0.5865098834037781,0.0625837966799736,0.6192976832389832,0.43278422951698303,0.6579136848449707,-0.08313782513141632,-0.4036688804626465,0.16554374992847443,0.37739264965057373,0.16879115998744965,0.4605395793914795,0.4605395793914795,0.23428356647491455,1.5461146831512451,-0.721260666847229,0.0,0.22625601291656494,0.22625601291656494,-0.1330205202102661,-0.1330205202102661,-0.05763918533921242,-2.000169038772583,-1.1773179769515991,0.0,-0.0753813348710537,-0.0753813348710537,-0.20183444023132324,-0.20183444023132324,0.127111554145813,-1.6581602096557617,0.8423008322715759,0.0,-0.32894599437713623,-0.32894599437713623,0.11588062345981598,0.11588062345981598,0.0866260826587677,0.6001217365264893,-0.13188357651233673,0.0,0.02925454080104828,0.02925454080104828,0.18869632482528687,0.18869632482528687,0.1796739250421524,-0.5347642302513123,0.5839126110076904,0.0,0.00902239978313446,0.00902239978313446,0.08439557999372482,0.08439557999372482,0.06502209603786469,0.34527039527893066,-0.05755442753434181,0.0,0.019373483955860138,0.019373483955860138
715,23.833333333333332,14,0,0,,4,uneven rough,5,0.0,52.7609748840332,38.00092315673828,0.3334014415740967,1.5556221008300781,-0.030626801773905754,1.5556221008300781,-0.030626801773905754,4.439268112182617,3.764718532562256,0.3333333432674408,-0.12790465354919434,0.14528433978557587,0.7778110504150391,-0.015313400886952877,-0.40931904315948486,0.1391175091266632,0.8444938063621521,0.5941077470779419,0.06891683489084244,0.14205271005630493,-0.28652331233024597,-0.28652331233024597,0.26214200258255005,-1.8312963247299194,0.5029942989349365,0.0,-0.548665314912796,-0.548665314912796,0.0695587545633316,0.0695587545633316,0.014634281396865845,1.7564536333084106,-1.2986139059066772,0.0,0.05492447316646576,0.05492447316646576,0.42224690318107605,0.42224690318107605,0.07800309360027313,1.4472044706344604,-0.9741867184638977,0.0,0.3442438095808029,0.3442438095808029,0.4158754050731659,0.4158754050731659,0.36650511622428894,1.993371844291687,0.9644400477409363,0.0,0.04937028884887695,0.04937028884887695,0.03445841744542122,0.03445841744542122,0.07546980679035187,-0.15098728239536285,-0.913449764251709,0.0,-0.04101138934493065,-0.04101138934493065,0.07102635502815247,0.07102635502815247,0.02133551426231861,1.265844464302063,-1.4572639465332031,0.0,0.049690840765833855,0.049690840765833855
715,23.833333333333332,24,0,0,,4,uneven rough,10,0.0,87.41014099121094,32.635990142822266,0.1985284984111786,1.8535090684890747,-0.7308276891708374,1.8535090684890747,-0.7308276891708374,10.185517311096191,4.353870391845703,0.3333333432674408,-0.07899799197912216,0.16501270234584808,0.9267545342445374,-0.3654138445854187,0.22836004197597504,0.3738100230693817,-0.1504707932472229,-0.0012146265944465995,0.3173835575580597,0.015794457867741585,0.1598520278930664,0.1598520278930664,0.14371268451213837,0.11635090410709381,1.3936829566955566,0.0,0.01613934338092804,0.01613934338092804,0.18690501153469086,0.18690501153469086,0.18906784057617188,-0.8184478282928467,-0.8137405514717102,0.0,-0.002162829041481018,-0.002162829041481018,-0.07523539662361145,-0.07523539662361145,-0.03219988942146301,-2.0000014305114746,0.47018933296203613,0.0,-0.04303550720214844,-0.04303550720214844,-0.0008502386044710875,-0.0008502386044710875,-0.05569688603281975,1.9527158737182617,-1.389312982559204,0.0,0.05484664742834866,0.05484664742834866,0.15869177877902985,0.15869177877902985,0.15995417535305023,0.6087711453437805,0.30804115533828735,0.0,-0.0012623965740203857,-0.0012623965740203857,0.007897228933870792,0.007897228933870792,-0.11361289769411087,1.9996552467346191,-0.8539530634880066,0.0,0.12151012662798166,0.12151012662798166
716,23.866666666666667,4,0,0,,4,uneven rough,5,0.0,53.620094299316406,35.60909652709961,0.3196329176425934,1.43167245388031,1.0028526782989502,1.43167245388031,1.0028526782989502,7.647885799407959,3.8209757804870605,0.33009693026542664,0.17397919297218323,0.16632676124572754,0.715836226940155,0.5014263391494751,-0.2000356763601303,0.08381880074739456,0.6688042879104614,0.6651515364646912,0.29945245385169983,0.06316070258617401,-0.14002497494220734,-0.14002497494220734,0.18805871903896332,-1.5878567695617676,0.5607174038887024,0.0,-0.32808369398117065,-0.32808369398117065,0.04190940037369728,0.04190940037369728,-0.0019174215849488974,2.00635027885437,-1.6425594091415405,0.0,0.04382682195864618,0.04382682195864618,0.3344021439552307,0.3344021439552307,0.17147819697856903,-0.5175593495368958,-0.5714643001556396,0.0,0.16292394697666168,0.16292394697666168,0.46560606360435486,0.46560606360435486,0.15460124611854553,2.0142176151275635,0.2819935381412506,0.0,0.3110048174858093,0.3110048174858093,0.14972622692584991,0.14972622692584991,0.1918739378452301,0.15478453040122986,-0.04858928173780441,0.0,-0.04214771091938019,-0.04214771091938019,0.031580351293087006,0.031580351293087006,0.06046885624527931,-0.6221207976341248,0.17020344734191895,0.0,-0.028888504952192307,-0.028888504952192307
716,23.866666666666667,14,0,0,,4,uneven rough,5,0.0,52.71912384033203,37.99651336669922,0.3489210307598114,1.2197763919830322,1.0848751068115234,1.2197763919830322,1.0848751068115234,6.412078380584717,3.931041717529297,0.43374133110046387,0.309581458568573,0.08975257724523544,0.6098881959915161,0.5424375534057617,-0.17002977430820465,0.5496037006378174,0.12672650814056396,0.2829873263835907,0.040986932814121246,-0.10269345343112946,-0.11902084201574326,-0.11902084201574326,0.21067264676094055,-1.409263253211975,-0.8168178200721741,0.0,-0.3296934887766838,-0.3296934887766838,0.2748018503189087,0.2748018503189087,0.07929711788892746,1.9994988441467285,0.42872676253318787,0.0,0.19550473242998123,0.19550473242998123,0.06336325407028198,0.06336325407028198,0.03789084777235985,-0.7940789461135864,0.39487218856811523,0.0,0.025472406297922134,0.025472406297922134,0.19809111952781677,0.19809111952781677,0.3495573401451111,-1.986404299736023,1.546199917793274,0.0,-0.1514662206172943,-0.1514662206172943,0.020493466407060623,0.020493466407060623,0.02737910859286785,-0.6564106345176697,-0.4823521077632904,0.0,-0.006885642185807228,-0.006885642185807228,-0.05134672671556473,-0.05134672671556473,-0.020998194813728333,-1.2595590353012085,0.08238640427589417,0.0,-0.030348531901836395,-0.030348531901836395
716,23.866666666666667,24,0,0,,4,uneven rough,10,0.0,87.47557067871094,32.64669418334961,0.19150280952453613,1.729048490524292,-0.1922261118888855,1.729048490524292,-0.1922261118888855,8.984719276428223,0.0,0.0,-0.03205540031194687,0.25845906138420105,0.864524245262146,-0.09611305594444275,-0.6880594491958618,0.5813682675361633,-0.46331295371055603,-0.22001701593399048,0.7721502184867859,-0.2548198103904724,-0.48164162039756775,-0.48164162039756775,0.10891296714544296,-0.8143155574798584,0.6714770793914795,0.0,-0.5905545875430107,-0.5905545875430107,0.29068413376808167,0.29068413376808167,0.2544820308685303,1.999295949935913,-0.8164020776748657,0.0,0.03620210289955139,0.03620210289955139,-0.23165647685527802,-0.23165647685527802,-0.0974443256855011,-1.1938204765319824,-0.9264609813690186,0.0,-0.13421215116977692,-0.13421215116977692,-0.15401190519332886,-0.15401190519332886,-0.05782859027385712,-1.848796010017395,0.5002761483192444,0.0,-0.09618331491947174,-0.09618331491947174,0.38607510924339294,0.38607510924339294,0.23014691472053528,1.9151142835617065,0.47807443141937256,0.0,0.15592819452285767,0.15592819452285767,-0.1274099051952362,-0.1274099051952362,-0.09972337633371353,2.001790761947632,0.759482204914093,0.0,-0.027686528861522675,-0.027686528861522675
717,23.9,4,0,0,,4,uneven rough,5,0.0,53.585575103759766,35.619991302490234,0.32061219215393066,1.409558653831482,0.9033594727516174,1.409558653831482,0.9033594727516174,7.9275007247924805,7.3058271408081055,0.47883957624435425,0.047452084720134735,0.04326453432440758,0.704779326915741,0.4516797363758087,-0.3668024241924286,0.02574390172958374,-0.5395671129226685,0.644266664981842,0.5423701405525208,0.24752803146839142,-0.25676169991493225,-0.25676169991493225,0.1271149069070816,-0.9556269645690918,-0.6540902853012085,0.0,-0.38387660682201385,-0.38387660682201385,0.01287195086479187,0.01287195086479187,0.022982215508818626,1.1458901166915894,0.4205406904220581,0.0,-0.010110264644026756,-0.010110264644026756,-0.26978355646133423,-0.26978355646133423,0.12199844419956207,-1.8633357286453247,-0.5409863591194153,0.0,-0.3917820006608963,-0.3917820006608963,0.4509866535663605,0.4509866535663605,0.21239465475082397,1.0494359731674194,1.2613961696624756,0.0,0.2385919988155365,0.2385919988155365,0.2711850702762604,0.2711850702762604,0.23510508239269257,1.335135579109192,0.06639863550662994,0.0,0.03607998788356781,0.03607998788356781,0.12376401573419571,0.12376401573419571,0.08647727966308594,0.4004141390323639,-0.27777808904647827,0.0,0.03728673607110977,0.03728673607110977
717,23.9,14,0,0,,4,uneven rough,5,0.0,52.678070068359375,37.99518966674805,0.35240158438682556,1.592193841934204,0.23987028002738953,1.592193841934204,0.23987028002738953,4.747101306915283,2.007984161376953,0.3333333432674408,0.6338721513748169,0.18379271030426025,0.796096920967102,0.11993514001369476,0.5098745226860046,-0.0026137507520616055,0.18591217696666718,-0.2772378623485565,-0.08291717618703842,-0.6846896409988403,0.35691216588020325,0.35691216588020325,0.24738146364688873,1.7820193767547607,-1.151787519454956,0.0,0.10953070223331451,0.10953070223331451,-0.004182001110166311,-0.004182001110166311,0.02321239747107029,-2.002661943435669,1.31684410572052,0.0,-0.0273943985812366,-0.0273943985812366,0.09295608848333359,0.09295608848333359,0.03751029074192047,0.19028405845165253,-0.2773629128932953,0.0,0.055445797741413116,0.055445797741413116,-0.19406649470329285,-0.19406649470329285,0.279344379901886,-2.007873773574829,-0.451140820980072,0.0,-0.47341087460517883,-0.47341087460517883,-0.13266748189926147,-0.13266748189926147,-0.039241429418325424,-1.080272912979126,-0.5807651281356812,0.0,-0.09342605248093605,-0.09342605248093605,-0.34234482049942017,-0.34234482049942017,-0.03069630265235901,-0.1921151727437973,-0.6763519644737244,0.0,-0.31164851784706116,-0.31164851784706116
717,23.9,24,0,0,,4,uneven rough,10,0.0,87.53759765625,32.65705871582031,0.18854683637619019,1.8476248979568481,2.3387372493743896e-05,1.8476248979568481,2.3387372493743896e-05,9.417625427246094,3.4496078491210938,0.3333333432674408,0.06174566596746445,0.26632794737815857,0.9238124489784241,1.1693686246871948e-05,0.5465987920761108,-0.10837283730506897,-0.35693278908729553,-0.5885471105575562,0.6995757222175598,-0.557896614074707,0.38261914253234863,0.38261914253234863,0.15891146659851074,1.8141347169876099,-0.16859275102615356,0.0,0.2237076759338379,0.2237076759338379,-0.1733965426683426,-0.1733965426683426,0.2433524876832962,-0.5019787549972534,0.7755986452102661,0.0,-0.4167490303516388,-0.4167490303516388,-0.17846639454364777,-0.17846639454364777,-0.11352673172950745,-2.0000007152557373,-1.0776264667510986,0.0,-0.06493966281414032,-0.06493966281414032,-0.4119829833507538,-0.4119829833507538,-0.10500621050596237,-1.4155124425888062,-0.8278934359550476,0.0,-0.3069767728447914,-0.3069767728447914,0.3497878611087799,0.3497878611087799,0.2721322774887085,2.0000052452087402,1.2905793190002441,0.0,0.07765558362007141,0.07765558362007141,-0.2789483070373535,-0.2789483070373535,-0.12120486050844193,-1.8212422132492065,1.461885690689087,0.0,-0.1577434465289116,-0.1577434465289116
718,23.933333333333334,4,0,0,,4,uneven rough,5,0.0,53.55105209350586,35.62795639038086,0.326862633228302,1.2993416786193848,0.5304581522941589,1.2993416786193848,0.5304581522941589,6.9641547203063965,2.9625022411346436,0.3333333432674408,-0.30114930868148804,0.09455767273902893,0.6496708393096924,0.26522907614707947,0.23777037858963013,0.014463906176388264,-0.07670886069536209,0.171377032995224,0.22279591858386993,0.1588166505098343,0.1664392650127411,0.1664392650127411,0.1811017543077469,1.6534082889556885,-0.824579656124115,0.0,-0.014662489295005798,-0.014662489295005798,0.007231953088194132,0.007231953088194132,0.012723122723400593,0.35244444012641907,0.8306545615196228,0.0,-0.005491169635206461,-0.005491169635206461,-0.038354430347681046,-0.038354430347681046,0.055450644344091415,-2.0000009536743164,-1.2886450290679932,0.0,-0.09380507469177246,-0.09380507469177246,0.11996392160654068,0.11996392160654068,0.1609833687543869,-1.8123122453689575,1.141553521156311,0.0,-0.04101944714784622,-0.04101944714784622,0.11139795929193497,0.11139795929193497,0.17152127623558044,-1.9999605417251587,0.783744752407074,0.0,-0.06012331694364548,-0.06012331694364548,0.07940832525491714,0.07940832525491714,0.05747115612030029,-0.6749353408813477,0.10567300766706467,0.0,0.021937169134616852,0.021937169134616852
718,23.933333333333334,14,0,0,,4,uneven rough,5,0.0,52.6336555480957,37.98874282836914,0.35733604431152344,1.5784467458724976,-1.2905449867248535,1.5784467458724976,-1.2905449867248535,2.6280534267425537,4.98676872253418,0.3333333432674408,0.7774628400802612,0.015480897389352322,0.7892233729362488,-0.6452724933624268,0.26464393734931946,0.2881855368614197,0.480968713760376,0.09849084913730621,0.2070218175649643,-0.35604166984558105,0.18525075912475586,0.18525075912475586,0.22140569984912872,-1.9406739473342896,0.5069921612739563,0.0,-0.036154940724372864,-0.036154940724372864,0.14409276843070984,0.14409276843070984,0.0913519412279129,1.9226938486099243,-0.560010552406311,0.0,0.052740827202796936,0.052740827202796936,0.240484356880188,0.240484356880188,0.049331773072481155,0.23917941749095917,-0.012954475358128548,0.0,0.19115258380770683,0.19115258380770683,0.06894358992576599,0.06894358992576599,0.22848990559577942,-1.5603493452072144,-1.3313204050064087,0.0,-0.15954631567001343,-0.15954631567001343,0.10351090878248215,0.10351090878248215,0.03512389212846756,1.9483420848846436,-0.8631877303123474,0.0,0.06838701665401459,0.06838701665401459,-0.17802083492279053,-0.17802083492279053,-0.06961878389120102,-1.2610924243927002,-0.40256360173225403,0.0,-0.10840205103158951,-0.10840205103158951
718,23.933333333333334,24,0,0,,4,uneven rough,10,0.0,87.59512329101562,32.660892486572266,0.198026642203331,1.8991613388061523,-0.39899182319641113,1.8561112880706787,-0.39899182319641113,9.310351371765137,0.5631603002548218,0.1666666716337204,-0.41485512256622314,0.1397482454776764,0.9495806694030762,-0.19949591159820557,0.3127920925617218,0.13631665706634521,0.21113097667694092,0.05202404782176018,0.2664276659488678,-0.5977670550346375,0.21895445883274078,0.21895445883274078,0.19614078104496002,1.1493728160858154,0.9524449110031128,0.0,0.02281367778778076,0.02281367778778076,0.06815832853317261,0.06815832853317261,0.1781543493270874,-1.9837177991867065,0.05325408652424812,0.0,-0.1099960207939148,-0.1099960207939148,0.10556548833847046,0.10556548833847046,-0.08544132113456726,0.9415094256401062,-1.5991384983062744,0.0,0.19100680947303772,0.19100680947303772,0.036416832357645035,0.036416832357645035,-0.06692173331975937,1.8341947793960571,-1.1601343154907227,0.0,0.1033385656774044,0.1033385656774044,0.1332138329744339,0.1332138329744339,0.2290152907371521,-1.777407169342041,1.6916899681091309,0.0,-0.0958014577627182,-0.0958014577627182,-0.2988835275173187,-0.2988835275173187,-0.14667679369449615,0.010795209556818008,-0.3944007158279419,0.0,-0.15220673382282257,-0.15220673382282257
719,23.966666666666665,4,0,0,,4,uneven rough,5,0.0,53.51231002807617,35.63131332397461,0.34203413128852844,1.418757677078247,-0.23995938897132874,1.418757677078247,-0.23995938897132874,6.0383100509643555,2.2088472843170166,0.3333333432674408,-0.47862717509269714,0.08545758575201035,0.7093788385391235,-0.11997969448566437,-0.1629682332277298,0.16192680597305298,0.6479325294494629,0.10472951829433441,0.00215334864333272,-0.1681411862373352,-0.11407776176929474,-0.11407776176929474,0.1591346263885498,-1.1080524921417236,0.5764791965484619,0.0,-0.27321238815784454,-0.27321238815784454,0.08096340298652649,0.08096340298652649,0.07451381534337997,2.000544786453247,0.5602737069129944,0.0,0.006449587643146515,0.006449587643146515,0.32396626472473145,0.32396626472473145,0.07522734254598618,1.333644151687622,-1.6908469200134277,0.0,0.24873892217874527,0.24873892217874527,0.07331065833568573,0.07331065833568573,0.11576179414987564,-1.6378144025802612,-0.5285674929618835,0.0,-0.04245113581418991,-0.04245113581418991,0.00107667432166636,0.00107667432166636,0.11516474932432175,-2.058755874633789,-0.7901672124862671,0.0,-0.11408807500265539,-0.11408807500265539,-0.0840705931186676,-0.0840705931186676,-0.0011158460984006524,-1.9578478336334229,-0.3356843590736389,0.0,-0.08295474702026695,-0.08295474702026695
719,23.966666666666665,14,0,0,,4,uneven rough,5,0.0,52.591529846191406,37.980438232421875,0.3522622287273407,1.365142822265625,0.4571889042854309,1.365142822265625,0.4571889042854309,3.8146209716796875,3.3577945232391357,0.3333333432674408,0.7397872805595398,0.20829252898693085,0.6825714111328125,0.22859445214271545,0.8827589750289917,0.11472807079553604,-0.05783512070775032,0.10012862086296082,0.41144075989723206,-0.3791230022907257,0.6179312467575073,0.6179312467575073,0.2567984163761139,1.9487327337265015,-0.8769226670265198,0.0,0.36113283038139343,0.36113283038139343,0.05736403539776802,0.05736403539776802,0.07944046705961227,-1.3337032794952393,0.8437149524688721,0.0,-0.022076431661844254,-0.022076431661844254,-0.02891756035387516,-0.02891756035387516,-0.01328947115689516,-1.919115424156189,0.12960247695446014,0.0,-0.01562808919698,-0.01562808919698,0.07009003311395645,0.07009003311395645,0.1576247662305832,-1.9192999601364136,-1.4608137607574463,0.0,-0.08753473311662674,-0.08753473311662674,0.20572037994861603,0.20572037994861603,0.07746479660272598,1.5270540714263916,0.7264562845230103,0.0,0.12825558334589005,0.12825558334589005,-0.18956150114536285,-0.18956150114536285,-0.13167685270309448,-1.7275519371032715,-0.8879773616790771,0.0,-0.05788464844226837,-0.05788464844226837
719,23.966666666666665,24,0,0,,4,uneven rough,10,0.0,87.65504455566406,32.66890335083008,0.2163325846195221,1.949516773223877,-0.8939180970191956,1.8712470531463623,-0.8939180970191956,6.724529266357422,0.995055079460144,0.3333333432674408,-0.45823702216148376,0.1004355251789093,0.9747583866119385,-0.4469590485095978,-0.2496744692325592,0.7202030420303345,0.2442663460969925,0.25183066725730896,0.22978968918323517,0.004409139510244131,-0.17477212846279144,-0.17477212846279144,0.14598652720451355,-1.9688819646835327,1.0637882947921753,0.0,-0.320758655667305,-0.320758655667305,0.36010152101516724,0.36010152101516724,0.22964461147785187,2.000000476837158,-1.0984535217285156,0.0,0.13045690953731537,0.13045690953731537,0.12213317304849625,0.12213317304849625,-0.01924074813723564,1.9998868703842163,-0.16265158355236053,0.0,0.1413739211857319,0.1413739211857319,0.17628146708011627,0.17628146708011627,0.0023964489810168743,2.0000052452087402,0.5328647494316101,0.0,0.1738850180990994,0.1738850180990994,0.11489484459161758,0.11489484459161758,0.1766468733549118,-2.0001888275146484,-0.26974380016326904,0.0,-0.06175202876329422,-0.06175202876329422,0.0022045697551220655,0.0022045697551220655,-0.08204351365566254,2.0000112056732178,-0.16530220210552216,0.0,0.0842480834107846,0.0842480834107846
720,24.0,4,0,0,,4,uneven rough,5,0.0,53.47648620605469,35.64141082763672,0.35795676708221436,1.5536999702453613,-0.8164604306221008,1.5536999702453613,-0.8164604306221008,7.9933013916015625,4.722530364990234,0.3333333432674408,-0.4275890290737152,0.2014206349849701,0.7768499851226807,-0.4082302153110504,0.4634742736816406,-0.01740318350493908,0.4131290316581726,-0.2396053522825241,-0.0712902843952179,-0.15824656188488007,0.32443198561668396,0.32443198561668396,0.21339485049247742,1.9652425050735474,-0.37595802545547485,0.0,0.11103713512420654,0.11103713512420654,-0.027845093980431557,-0.027845093980431557,0.05432650446891785,-1.877323031425476,1.3746055364608765,0.0,-0.0821715984493494,-0.0821715984493494,0.2065645158290863,0.2065645158290863,0.11823328584432602,1.1318814754486084,0.019205771386623383,0.0,0.08833122998476028,0.08833122998476028,-0.16772374510765076,-0.16772374510765076,0.04919300973415375,-1.8698465824127197,-1.1557376384735107,0.0,-0.2169167548418045,-0.2169167548418045,-0.11406445503234863,-0.11406445503234863,0.03298613429069519,-1.8933051824569702,-1.5074294805526733,0.0,-0.14705058932304382,-0.14705058932304382,-0.07912328094244003,-0.07912328094244003,-0.035300854593515396,-1.0356448888778687,-1.2528585195541382,0.0,-0.04382242634892464,-0.04382242634892464
720,24.0,14,0,0,,4,uneven rough,5,0.0,52.54978942871094,37.99111557006836,0.3541058301925659,1.1935961246490479,0.5705010890960693,1.1935961246490479,0.5705010890960693,3.5206332206726074,3.3333334922790527,0.1666666716337204,0.875908374786377,0.08644227683544159,0.5967980623245239,0.28525054454803467,0.5570564866065979,0.5637413263320923,0.52247554063797,0.5433582067489624,0.10446416586637497,-0.034402113407850266,0.389939546585083,0.389939546585083,0.31371647119522095,1.997842788696289,0.7207079529762268,0.0,0.07622307538986206,0.07622307538986206,0.28187066316604614,0.28187066316604614,0.12002702057361603,1.1221976280212402,-0.3874012231826782,0.0,0.16184364259243011,0.16184364259243011,0.261237770318985,0.261237770318985,0.042054109275341034,1.2858493328094482,-1.028746247291565,0.0,0.21918366104364395,0.21918366104364395,0.3803507387638092,0.3803507387638092,0.17311079800128937,1.0782034397125244,-1.7200427055358887,0.0,0.20723994076251984,0.20723994076251984,0.052232082933187485,0.052232082933187485,0.08444555103778839,-1.4369709491729736,1.179115653038025,0.0,-0.032213468104600906,-0.032213468104600906,-0.017201056703925133,-0.017201056703925133,-0.0700744241476059,1.9948546886444092,-1.362674355506897,0.0,0.05287336744368076,0.05287336744368076
720,24.0,24,0,0,,4,uneven rough,10,0.0,87.71275329589844,32.69016647338867,0.22757694125175476,1.8876028060913086,-0.19893188774585724,1.8876028060913086,-0.19893188774585724,9.800085067749023,0.0,0.0,-0.3591890335083008,0.1429802030324936,0.9438014030456543,-0.09946594387292862,-0.07666710764169693,0.6315118074417114,-0.0069573442451655865,-0.12426213175058365,0.07119285315275192,-0.20784257352352142,-0.05366697534918785,-0.05366697534918785,0.08439170569181442,-1.998520851135254,-0.6508889198303223,0.0,-0.13805868104100227,-0.13805868104100227,0.3157559037208557,0.3157559037208557,0.2928502857685089,1.7341288328170776,0.6534179449081421,0.0,0.022905617952346802,0.022905617952346802,-0.0034786721225827932,-0.0034786721225827932,-0.012665092013776302,-0.5939986109733582,1.0600515604019165,0.0,0.009186419891193509,0.009186419891193509,-0.08698349446058273,-0.08698349446058273,-0.01476368959993124,-1.9917104244232178,1.3623886108398438,0.0,-0.0722198048606515,-0.0722198048606515,0.03559642657637596,0.03559642657637596,0.11264164745807648,-1.9452520608901978,-1.248140573501587,0.0,-0.07704522088170052,-0.07704522088170052,-0.10392128676176071,-0.10392128676176071,-0.07599472999572754,-0.15241289138793945,1.0589698553085327,0.0,-0.027926556766033173,-0.027926556766033173
721,24.03333333333333,4,0,0,,4,uneven rough,5,0.0,53.43710708618164,35.65388488769531,0.3636555075645447,1.319382667541504,-1.0629113912582397,1.319382667541504,-1.0629113912582397,4.094093322753906,4.39076042175293,0.5,-0.5057296752929688,0.09737684577703476,0.659691333770752,-0.5314556956291199,-0.13261856138706207,0.18378326296806335,0.63692307472229,0.12275110930204391,0.3307334780693054,-0.09327922761440277,-0.09283298999071121,-0.09283298999071121,0.1599341630935669,-1.5520877838134766,0.9477609395980835,0.0,-0.2527671530842781,-0.2527671530842781,0.09189163148403168,0.09189163148403168,0.11253808438777924,1.5064547061920166,-0.46404072642326355,0.0,-0.02064645290374756,-0.02064645290374756,0.318461537361145,0.318461537361145,0.17893549799919128,1.190708875656128,0.6483145952224731,0.0,0.13952603936195374,0.13952603936195374,0.08592577278614044,0.08592577278614044,0.09334786236286163,1.1146190166473389,-1.5594960451126099,0.0,-0.007422089576721191,-0.007422089576721191,0.1653667390346527,0.1653667390346527,0.09278029948472977,1.6218074560165405,-1.7256042957305908,0.0,0.07258643954992294,0.07258643954992294,-0.046639613807201385,-0.046639613807201385,-0.04548049345612526,-0.2803221046924591,-1.1300455331802368,0.0,-0.001159120351076126,-0.001159120351076126
721,24.03333333333333,14,0,0,,4,uneven rough,5,0.0,52.509342193603516,38.00048065185547,0.3711256980895996,1.262998104095459,-0.18772496283054352,1.262998104095459,-0.18772496283054352,2.195296287536621,1.0500026941299438,0.1666666716337204,0.6134693026542664,0.21024982631206512,0.6314990520477295,-0.09386248141527176,-0.5513874888420105,0.7950034737586975,0.537432074546814,0.33470943570137024,-0.14349041879177094,0.1785973310470581,-0.3859712481498718,-0.3859712481498718,0.28764620423316956,-1.3312914371490479,1.4428023099899292,0.0,-0.6736174523830414,-0.6736174523830414,0.39750173687934875,0.39750173687934875,0.1817273646593094,1.546179175376892,0.4661286771297455,0.0,0.21577437222003937,0.21577437222003937,0.268716037273407,0.268716037273407,0.11032398045063019,2.0084729194641113,0.2799302339553833,0.0,0.1583920568227768,0.1583920568227768,0.23429660499095917,0.23429660499095917,0.24091634154319763,1.4965441226959229,-0.13790932297706604,0.0,-0.006619736552238464,-0.006619736552238464,-0.2295846790075302,-0.2295846790075302,0.0573718287050724,-1.539465308189392,-0.3000243604183197,0.0,-0.2869565077126026,-0.2869565077126026,0.08929866552352905,0.08929866552352905,-0.01944737322628498,1.757934331893921,0.5356785655021667,0.0,0.10874603874981403,0.10874603874981403
721,24.03333333333333,24,0,0,,4,uneven rough,10,0.0,87.7677993774414,32.70683288574219,0.2198283076286316,1.9182775020599365,-0.9063501358032227,1.8936551809310913,-0.9063501358032227,9.80967903137207,2.5847508907318115,0.1666666716337204,-0.5185736417770386,0.24048331379890442,0.9591387510299683,-0.45317506790161133,0.29257500171661377,0.1256094127893448,-0.0022400356829166412,-0.46166369318962097,0.27219900488853455,-0.7514200210571289,0.2048024982213974,0.2048024982213974,0.11233416944742203,1.9895305633544922,-1.4128423929214478,0.0,0.09246832877397537,0.09246832877397537,0.0628047063946724,0.0628047063946724,0.259821355342865,-1.0219718217849731,1.2644537687301636,0.0,-0.1970166489481926,-0.1970166489481926,-0.0011200178414583206,-0.0011200178414583206,-0.02947620116174221,-0.23798874020576477,0.12484864145517349,0.0,0.02835618332028389,0.02835618332028389,-0.32316458225250244,-0.32316458225250244,-0.08439837396144867,-1.8046116828918457,-0.5340250134468079,0.0,-0.23876620829105377,-0.23876620829105377,0.13609950244426727,0.13609950244426727,0.0986655056476593,1.9490864276885986,-1.6422886848449707,0.0,0.03743399679660797,0.03743399679660797,-0.37571001052856445,-0.37571001052856445,-0.11494017392396927,-0.7450273036956787,0.37405186891555786,0.0,-0.2607698366045952,-0.2607698366045952
722,24.066666666666666,4,0,0,,4,uneven rough,5,0.0,53.4014892578125,35.67470932006836,0.35500848293304443,1.1838643550872803,0.49563729763031006,1.1838643550872803,0.49563729763031006,6.224505424499512,5.050046920776367,0.3333333432674408,-0.24819335341453552,0.0701393336057663,0.5919321775436401,0.24781864881515503,0.6524494886398315,0.03129472956061363,-0.5218703150749207,0.415460467338562,0.5758094787597656,0.256335973739624,0.4567146301269531,0.4567146301269531,0.1883705109357834,2.0004489421844482,-0.4656580090522766,0.0,0.26834411919116974,0.26834411919116974,0.015647364780306816,0.015647364780306816,0.06485229730606079,-1.6667299270629883,0.6500809192657471,0.0,-0.049204932525753975,-0.049204932525753975,-0.2609351575374603,-0.2609351575374603,0.11851537972688675,-2.0000083446502686,0.9549853205680847,0.0,-0.3794505372643471,-0.3794505372643471,0.2908223271369934,0.2908223271369934,0.1484423577785492,1.5197674036026,-0.04754657298326492,0.0,0.1423799693584442,0.1423799693584442,0.2879047393798828,0.2879047393798828,0.12155837565660477,1.4712964296340942,0.16702833771705627,0.0,0.16634636372327805,0.16634636372327805,0.128167986869812,0.128167986869812,0.0009151608683168888,-1.0319310426712036,-0.6496103405952454,0.0,0.12725282600149512,0.12725282600149512
722,24.066666666666666,14,0,0,,4,uneven rough,5,0.0,52.46785354614258,37.991397857666016,0.38482925295829773,1.3416574001312256,0.21192783117294312,1.3416574001312256,0.21192783117294312,5.236724376678467,2.7062411308288574,0.5,0.34342440962791443,0.029852494597434998,0.6708287000656128,0.10596391558647156,-0.3051588535308838,0.5023302435874939,0.30845171213150024,-0.096246138215065,0.04484039917588234,-0.35078534483909607,-0.2136112004518509,-0.2136112004518509,0.22941124439239502,-1.7948081493377686,-0.1256752461194992,0.0,-0.4430224448442459,-0.4430224448442459,0.25116512179374695,0.25116512179374695,0.24624750018119812,1.6161003112792969,1.0767911672592163,0.0,0.004917621612548828,0.004917621612548828,0.15422585606575012,0.15422585606575012,0.11755675822496414,-0.21271365880966187,1.2572513818740845,0.0,0.03666909784078598,0.03666909784078598,-0.06737229228019714,-0.06737229228019714,0.2284659594297409,-1.4022310972213745,0.7862135767936707,0.0,-0.29583825170993805,-0.29583825170993805,0.02242019958794117,0.02242019958794117,0.026216741651296616,-0.3732686936855316,-1.000806450843811,0.0,-0.003796542063355446,-0.003796542063355446,-0.17539267241954803,-0.17539267241954803,-0.05889832600951195,-1.416622519493103,1.2267441749572754,0.0,-0.11649434641003609,-0.11649434641003609
722,24.066666666666666,24,0,0,,4,uneven rough,10,0.0,87.82752990722656,32.70286560058594,0.1986636072397232,1.631805658340454,-0.47073233127593994,1.631805658340454,-0.47073233127593994,7.934931755065918,3.380882740020752,0.3333333432674408,-0.39862746000289917,0.06952269375324249,0.815902829170227,-0.23536616563796997,0.5332768559455872,0.2895019054412842,0.43346381187438965,0.16521839797496796,0.30568841099739075,-0.2630206048488617,0.37329378724098206,0.37329378724098206,0.17857858538627625,1.936616063117981,0.510865330696106,0.0,0.1947152018547058,0.1947152018547058,0.1447509527206421,0.1447509527206421,0.1932123899459839,-1.9760432243347168,-0.02829538658261299,0.0,-0.0484614372253418,-0.0484614372253418,0.21673190593719482,0.21673190593719482,0.009243261069059372,-0.19574406743049622,-0.08030026406049728,0.0,0.20748864486813545,0.20748864486813545,0.11565287411212921,0.11565287411212921,-0.05095868185162544,1.9779545068740845,-1.252416968345642,0.0,0.16661155596375465,0.16661155596375465,0.15284420549869537,0.15284420549869537,0.15833482146263123,1.7786996364593506,0.3882812559604645,0.0,-0.005490615963935852,-0.005490615963935852,-0.13151030242443085,-0.13151030242443085,-0.09131272882223129,1.2819769382476807,-0.25867751240730286,0.0,-0.040197573602199554,-0.040197573602199554
723,24.1,4,0,0,,4,uneven rough,5,0.0,53.36098098754883,35.69556427001953,0.34798943996429443,1.5334234237670898,1.1060960292816162,1.5334234237670898,1.1060960292816162,8.13965892791748,6.6666669845581055,0.3333333432674408,-0.2716211676597595,0.24562916159629822,0.7667117118835449,0.5530480146408081,-0.3174023926258087,-0.3940863311290741,0.5853040218353271,0.5787440538406372,0.5791665315628052,0.2827194333076477,-0.22218167781829834,-0.22218167781829834,0.1676637828350067,-1.634511113166809,0.9286832809448242,0.0,-0.38984546065330505,-0.38984546065330505,-0.6305381655693054,-0.6305381655693054,0.05217423290014267,0.22325073182582855,-0.6598480939865112,0.0,-0.6827123984694481,-0.6827123984694481,0.2926520109176636,0.2926520109176636,0.1677854210138321,1.9035722017288208,-0.7157734036445618,0.0,0.12486658990383148,0.12486658990383148,0.4051208198070526,0.4051208198070526,0.20745804905891418,1.4143515825271606,0.8386155366897583,0.0,0.19766277074813843,0.19766277074813843,0.2895832657814026,0.2895832657814026,0.18051989376544952,1.9647679328918457,0.9044638276100159,0.0,0.10906337201595306,0.10906337201595306,0.14135971665382385,0.14135971665382385,0.003585743485018611,-0.147225484251976,-0.8657751679420471,0.0,0.13777397316880524,0.13777397316880524
723,24.1,14,0,0,,4,uneven rough,5,0.0,52.426265716552734,37.983184814453125,0.3774912655353546,1.4307453632354736,0.4742949306964874,1.4307453632354736,0.4742949306964874,5.757455348968506,1.0663104057312012,0.3333333432674408,0.10455503314733505,0.17197619378566742,0.7153726816177368,0.2371474653482437,0.6827784776687622,-0.06515847146511078,0.19350497424602509,-0.16514568030834198,0.11392344534397125,-0.6412814855575562,0.477944940328598,0.477944940328598,0.26960456371307373,1.9558968544006348,-1.0694060325622559,0.0,0.2083403766155243,0.2083403766155243,-0.10425355285406113,-0.10425355285406113,0.2098970115184784,-1.1691462993621826,1.381717562675476,0.0,-0.3141505643725395,-0.3141505643725395,0.09675248712301254,0.09675248712301254,0.09316984564065933,-0.9058501720428467,0.4261305034160614,0.0,0.0035826414823532104,0.0035826414823532104,-0.11560197174549103,-0.11560197174549103,0.15927544236183167,-1.864205241203308,-0.4511369466781616,0.0,-0.2748774141073227,-0.2748774141073227,0.056961722671985626,0.056961722671985626,0.03204859048128128,1.8380358219146729,-0.6459954977035522,0.0,0.024913132190704346,0.024913132190704346,-0.3206407427787781,-0.3206407427787781,-0.11426989734172821,-1.3904439210891724,-0.2678200602531433,0.0,-0.20637084543704987,-0.20637084543704987
723,24.1,24,0,0,,4,uneven rough,10,0.0,87.88936614990234,32.6982421875,0.1753421574831009,1.9198591709136963,-0.11929776519536972,1.8975038528442383,-0.11929776519536972,6.663668632507324,4.771087646484375,0.3333333432674408,-0.11577363312244415,0.21032951772212982,0.9599295854568481,-0.05964888259768486,-0.3346908390522003,0.2670878767967224,0.5565302968025208,0.6238482594490051,0.444509357213974,0.5750151872634888,-0.23428358137607574,-0.23428358137607574,0.16207779943943024,-1.2769964933395386,1.31698739528656,0.0,-0.396361380815506,-0.396361380815506,0.1335439383983612,0.1335439383983612,0.1274115890264511,-1.9998961687088013,-1.1295554637908936,0.0,0.006132349371910095,0.006132349371910095,0.2782651484012604,0.2782651484012604,0.0665169209241867,0.8123720288276672,-0.14557239413261414,0.0,0.21174822747707367,0.21174822747707367,0.43669378757476807,0.43669378757476807,0.021325411275029182,1.8883626461029053,0.5740408301353455,0.0,0.4153683762997389,0.4153683762997389,0.222254678606987,0.222254678606987,0.22686463594436646,1.819169282913208,1.1744263172149658,0.0,-0.004609957337379456,-0.004609957337379456,0.2875075936317444,0.2875075936317444,-0.02101818658411503,1.930666446685791,0.6124112606048584,0.0,0.3085257802158594,0.3085257802158594
724,24.133333333333333,4,0,0,,4,uneven rough,5,0.0,53.3148078918457,35.71467208862305,0.3390449583530426,1.7375353574752808,0.23296165466308594,1.7375353574752808,0.23296165466308594,8.82459545135498,5.2547712326049805,0.3333333432674408,0.10072686523199081,0.18231195211410522,0.8687676787376404,0.11648082733154297,0.41491612792015076,-0.004924365784972906,-0.39672091603279114,0.214309424161911,0.6122913956642151,0.13254806399345398,0.29044127464294434,0.29044127464294434,0.22249875962734222,1.9437932968139648,-0.5205514430999756,0.0,0.06794251501560211,0.06794251501560211,-0.00787898525595665,-0.00787898525595665,0.02216416224837303,-0.05893254280090332,-0.16054242849349976,0.0,-0.03004314750432968,-0.03004314750432968,-0.19836045801639557,-0.19836045801639557,0.13170160353183746,-1.4420714378356934,0.7652093172073364,0.0,-0.33006206154823303,-0.33006206154823303,0.15001659095287323,0.15001659095287323,0.146773561835289,-1.9990917444229126,1.1641377210617065,0.0,0.0032430291175842285,0.0032430291175842285,0.30614569783210754,0.30614569783210754,0.23361702263355255,1.7142739295959473,1.5039616823196411,0.0,0.07252867519855499,0.07252867519855499,0.06627403199672699,0.06627403199672699,0.03390863537788391,1.6714766025543213,-0.4595058858394623,0.0,0.03236539661884308,0.03236539661884308
724,24.133333333333333,14,0,0,,4,uneven rough,5,0.0,52.38404846191406,37.98033905029297,0.3613789677619934,1.1447709798812866,-0.29608792066574097,1.1447709798812866,-0.29608792066574097,1.9680089950561523,1.8745343685150146,0.3333333432674408,0.23916101455688477,0.12655800580978394,0.5723854899406433,-0.14804396033287048,0.6514341831207275,0.05197163671255112,0.5803510546684265,-0.006832456216216087,0.236788809299469,-0.4119282066822052,0.45600393414497375,0.45600393414497375,0.33501681685447693,1.8146456480026245,0.6411056518554688,0.0,0.12098711729049683,0.12098711729049683,0.02598581835627556,0.02598581835627556,0.1483810693025589,-1.8338626623153687,-0.060545410960912704,0.0,-0.12239525094628334,-0.12239525094628334,0.29017552733421326,0.29017552733421326,0.12289933860301971,2.0841774940490723,-0.3269737660884857,0.0,0.16727618873119354,0.16727618873119354,-0.004782719071954489,-0.004782719071954489,0.09635461121797562,-1.8001925945281982,-1.2500883340835571,0.0,-0.1011373302899301,-0.1011373302899301,0.1183944046497345,0.1183944046497345,0.09845946729183197,0.6516714096069336,0.7584802508354187,0.0,0.019934937357902527,0.019934937357902527,-0.2059641033411026,-0.2059641033411026,-0.1377580165863037,0.06039220094680786,-0.9025536179542542,0.0,-0.06820608675479889,-0.06820608675479889
724,24.133333333333333,24,0,0,,4,uneven rough,10,0.0,87.95452117919922,32.701847076416016,0.15949811041355133,1.8803470134735107,0.40360119938850403,1.8803470134735107,0.40360119938850403,8.786043167114258,0.26517558097839355,0.1666666716337204,-0.10897071659564972,0.19025570154190063,0.9401735067367554,0.20180059969425201,-0.29350247979164124,0.397527277469635,-0.20665784180164337,0.4810636639595032,0.43473339080810547,0.43372979760169983,-0.20545172691345215,-0.20545172691345215,0.10867996513843536,-0.028162021189928055,-0.1496557742357254,0.0,-0.3141316920518875,-0.3141316920518875,0.1987636387348175,0.1987636387348175,0.16490162909030914,0.12021274119615555,-1.6216477155685425,0.0,0.03386200964450836,0.03386200964450836,-0.10332892090082169,-0.10332892090082169,0.02414960227906704,1.9678484201431274,0.3960511088371277,0.0,-0.12747852317988873,-0.12747852317988873,0.3367445468902588,0.3367445468902588,0.08372779190540314,1.0174586772918701,1.317160725593567,0.0,0.25301675498485565,0.25301675498485565,0.21736669540405273,0.21736669540405273,0.2782406210899353,0.23795640468597412,1.538965106010437,0.0,-0.06087392568588257,-0.06087392568588257,0.21686489880084991,0.21686489880084991,0.026737356558442116,-1.4552075862884521,1.3577550649642944,0.0,0.1901275422424078,0.1901275422424078
725,24.166666666666668,4,0,0,,4,uneven rough,5,0.0,53.26535415649414,35.730010986328125,0.3369464576244354,1.5496271848678589,0.32243290543556213,1.5496271848678589,0.32243290543556213,6.8199462890625,1.2231361865997314,0.18736636638641357,0.531341552734375,0.2118905484676361,0.7748135924339294,0.16121645271778107,0.22028030455112457,0.34664469957351685,-0.09732075035572052,0.2178928703069687,0.5619896650314331,-0.21804586052894592,0.15419621765613556,0.15419621765613556,0.1787746548652649,-1.8424861431121826,0.8727934956550598,0.0,-0.024578437209129333,-0.024578437209129333,0.17332234978675842,0.17332234978675842,0.08885879814624786,1.9975507259368896,-0.1030920222401619,0.0,0.08446355164051056,0.08446355164051056,-0.04866037517786026,-0.04866037517786026,0.07152858376502991,-1.9921419620513916,-0.4827911853790283,0.0,-0.12018895894289017,-0.12018895894289017,0.15252500772476196,0.15252500772476196,0.16790848970413208,0.4347180128097534,-0.6243578791618347,0.0,-0.015383481979370117,-0.015383481979370117,0.28099483251571655,0.28099483251571655,0.28926533460617065,0.8871762156486511,1.6228725910186768,0.0,-0.008270502090454102,-0.008270502090454102,-0.10902293026447296,-0.10902293026447296,-0.01938820816576481,-2.0,0.7453554272651672,0.0,-0.08963472209870815,-0.08963472209870815
725,24.166666666666668,14,0,0,,4,uneven rough,5,0.0,52.3393440246582,37.984588623046875,0.3583125174045563,1.5560133457183838,0.621090292930603,1.5560133457183838,0.621090292930603,5.014133930206299,4.204690456390381,0.3764185905456543,0.02406046912074089,0.16424864530563354,0.7780066728591919,0.3105451464653015,0.7447535991668701,0.4690767824649811,-0.05113258212804794,0.2416515350341797,0.2393079698085785,0.07098881155252457,0.5213274955749512,0.5213274955749512,0.3927036225795746,1.8952198028564453,1.3046272993087769,0.0,0.1286238729953766,0.1286238729953766,0.23453839123249054,0.23453839123249054,0.2030971348285675,1.7869523763656616,-1.0631821155548096,0.0,0.031441256403923035,0.031441256403923035,-0.02556629106402397,-0.02556629106402397,0.08153500407934189,-2.000000238418579,1.0362955331802368,0.0,-0.10710129514336586,-0.10710129514336586,0.16915607452392578,0.16915607452392578,0.11637494713068008,1.9976783990859985,-1.561118245124817,0.0,0.0527811273932457,0.0527811273932457,0.11965398490428925,0.11965398490428925,0.1389561891555786,-0.1491268426179886,0.6980903148651123,0.0,-0.019302204251289368,-0.019302204251289368,0.03549440577626228,0.03549440577626228,-0.08201657980680466,1.9787309169769287,-0.35810232162475586,0.0,0.11751098558306694,0.11751098558306694
725,24.166666666666668,24,0,0,,4,uneven rough,10,0.0,88.01435852050781,32.70996856689453,0.15950220823287964,1.967466115951538,-1.6163370609283447,1.9121733903884888,-1.6163370609283447,9.990274429321289,5.187272071838379,0.3333333432674408,-0.2111351490020752,0.4030556380748749,0.983733057975769,-0.8081685304641724,0.0032331496477127075,0.46346861124038696,-0.17868700623512268,-0.4692767858505249,0.6465793251991272,-0.19702619314193726,0.002263204660266638,0.002263204660266638,0.08225718885660172,-1.914971113204956,-0.08096299320459366,0.0,-0.07999398419633508,-0.07999398419633508,0.23173430562019348,0.23173430562019348,0.20278573036193848,1.1237503290176392,-0.6367967128753662,0.0,0.028948575258255005,0.028948575258255005,-0.08934350311756134,-0.08934350311756134,0.04473590478301048,1.7038209438323975,1.2847480773925781,0.0,-0.13407940790057182,-0.13407940790057182,-0.32849374413490295,-0.32849374413490295,0.06511234492063522,-0.544282078742981,1.1477086544036865,0.0,-0.3936060890555382,-0.3936060890555382,0.3232896625995636,0.3232896625995636,0.3299756944179535,1.1963181495666504,0.8033724427223206,0.0,-0.006686031818389893,-0.006686031818389893,-0.09851309657096863,-0.09851309657096863,-0.04911208152770996,-2.134321451187134,-0.23269903659820557,0.0,-0.04940101504325867,-0.04940101504325867
726,24.2,4,0,0,,4,uneven rough,5,0.0,53.22188949584961,35.75414276123047,0.3285038471221924,1.1806951761245728,1.002403974533081,1.1806951761245728,1.002403974533081,5.893318176269531,0.0,0.0,0.7561485171318054,0.22948460280895233,0.5903475880622864,0.5012019872665405,0.6756409406661987,0.04650791734457016,-0.2273368537425995,0.5102876424789429,0.029564345255494118,0.15831291675567627,0.4729486405849457,0.4729486405849457,0.18066690862178802,0.7541595101356506,-0.662430465221405,0.0,0.29228173196315765,0.29228173196315765,0.02325395867228508,0.02325395867228508,0.04075310379266739,0.07348603755235672,1.0846151113510132,0.0,-0.01749914512038231,-0.01749914512038231,-0.11366842687129974,-0.11366842687129974,0.009759717620909214,0.41809386014938354,-1.3361808061599731,0.0,-0.12342814449220896,-0.12342814449220896,0.35720133781433105,0.35720133781433105,0.20385397970676422,1.9668830633163452,-0.025554466992616653,0.0,0.15334735810756683,0.15334735810756683,0.014782172627747059,0.014782172627747059,0.21726012229919434,-1.7453818321228027,1.2069085836410522,0.0,-0.20247794967144728,-0.20247794967144728,0.07915645837783813,0.07915645837783813,0.033922336995601654,1.9133087396621704,-0.8068734407424927,0.0,0.04523412138223648,0.04523412138223648
726,24.2,14,0,0,,4,uneven rough,5,0.0,52.300838470458984,37.99072265625,0.3471124470233917,1.426584005355835,0.5022900700569153,1.426584005355835,0.5022900700569153,7.223223686218262,0.0,0.0,0.062465518712997437,0.2843385934829712,0.7132920026779175,0.25114503502845764,-0.23687173426151276,0.4539392292499542,0.3849484622478485,0.5724875926971436,0.3885129988193512,-0.031675443053245544,-0.1658102124929428,-0.1658102124929428,0.3596685230731964,-1.9153298139572144,1.6385493278503418,0.0,-0.5254787355661392,-0.5254787355661392,0.2269696146249771,0.2269696146249771,0.22913146018981934,-0.3001575171947479,0.5482890009880066,0.0,-0.002161845564842224,-0.002161845564842224,0.19247423112392426,0.19247423112392426,0.12845388054847717,1.999999761581421,-0.6804315447807312,0.0,0.06402035057544708,0.06402035057544708,0.400741308927536,0.400741308927536,0.1822819709777832,1.912901520729065,0.45103177428245544,0.0,0.2184593379497528,0.2184593379497528,0.1942564994096756,0.1942564994096756,0.19403183460235596,1.0467997789382935,0.21907222270965576,0.0,0.0002246648073196411,0.0002246648073196411,-0.015837721526622772,-0.015837721526622772,-0.011546624824404716,1.7850371599197388,0.9631474018096924,0.0,-0.004291096702218056,-0.004291096702218056
726,24.2,24,0,0,,4,uneven rough,10,0.0,88.0703125,32.718658447265625,0.16859792172908783,1.9119912385940552,0.01865445449948311,1.9119912385940552,0.01865445449948311,9.921506881713867,6.772821426391602,0.5,-0.07464372366666794,0.20914489030838013,0.9559956192970276,0.009327227249741554,0.5453373193740845,0.13056088984012604,-0.23728108406066895,0.00650574779137969,0.36172929406166077,-0.43635058403015137,0.3817361295223236,0.3817361295223236,0.12298248708248138,1.703754186630249,-1.1179144382476807,0.0,0.2587536424398422,0.2587536424398422,0.06528044492006302,0.06528044492006302,0.14063474535942078,-1.7901605367660522,0.358619749546051,0.0,-0.07535430043935776,-0.07535430043935776,-0.11864054203033447,-0.11864054203033447,0.0240034069865942,-1.581765055656433,1.5216926336288452,0.0,-0.14264394901692867,-0.14264394901692867,0.004554023500531912,0.004554023500531912,-0.0006841285503469408,-1.8230845928192139,0.19105404615402222,0.0,0.005238152050878853,0.005238152050878853,0.18086464703083038,0.18086464703083038,0.25537145137786865,-1.7675790786743164,1.0255446434020996,0.0,-0.07450680434703827,-0.07450680434703827,-0.21817529201507568,-0.21817529201507568,-0.08814532309770584,-1.1152594089508057,-1.3078798055648804,0.0,-0.13002996891736984,-0.13002996891736984
727,24.233333333333334,4,0,0,,4,uneven rough,5,0.0,53.171722412109375,35.77082443237305,0.3272165358066559,1.672802209854126,-0.40473589301109314,1.672802209854126,-0.40473589301109314,7.332270622253418,1.0648529529571533,0.3333333432674408,0.9169623255729675,0.17844407260417938,0.836401104927063,-0.20236794650554657,-0.35561424493789673,0.5517780184745789,0.3089536428451538,0.15029700100421906,-0.21284538507461548,0.11699864268302917,-0.248929962515831,-0.248929962515831,0.14535848796367645,-0.9466819763183594,0.1385120451450348,0.0,-0.39428845047950745,-0.39428845047950745,0.27588900923728943,0.27588900923728943,0.10199622809886932,1.9581481218338013,0.5129209160804749,0.0,0.1738927811384201,0.1738927811384201,0.1544768214225769,0.1544768214225769,0.07807218283414841,1.565416932106018,-0.3443107604980469,0.0,0.0764046385884285,0.0764046385884285,0.1052078977227211,0.1052078977227211,0.22148527204990387,-1.3631216287612915,1.1009732484817505,0.0,-0.11627737432718277,-0.11627737432718277,-0.3405526280403137,-0.3405526280403137,0.2120492160320282,-0.49769020080566406,-0.4623217284679413,0.0,-0.5526018440723419,-0.5526018440723419,0.05849932134151459,0.05849932134151459,0.04064030200242996,-0.8743783235549927,0.7311224341392517,0.0,0.017859019339084625,0.017859019339084625
727,24.233333333333334,14,0,0,,4,uneven rough,5,0.0,52.264183044433594,37.99406814575195,0.34758323431015015,1.350600242614746,0.16750581562519073,1.350600242614746,0.16750581562519073,7.595319747924805,0.10171739757061005,0.1666666716337204,0.11731189489364624,0.09086980670690536,0.675300121307373,0.08375290781259537,0.5106457471847534,0.5197078585624695,0.1067519336938858,0.6552397012710571,-0.1154782772064209,0.029299316927790642,0.35745200514793396,0.35745200514793396,0.3148825466632843,-0.15696915984153748,-0.3708203434944153,0.0,0.04256945848464966,0.04256945848464966,0.25985392928123474,0.25985392928123474,0.23870909214019775,1.0324076414108276,0.06857582181692123,0.0,0.021144837141036987,0.021144837141036987,0.0533759668469429,0.0533759668469429,0.10792575031518936,-1.2315926551818848,0.8350891470909119,0.0,-0.05454978346824646,-0.05454978346824646,0.4586677849292755,0.4586677849292755,0.2334205061197281,1.0249650478363037,1.2775756120681763,0.0,0.22524727880954742,0.22524727880954742,-0.18476524949073792,-0.18476524949073792,0.14883585274219513,-1.50416898727417,0.6870708465576172,0.0,-0.33360110223293304,-0.33360110223293304,0.014649658463895321,0.014649658463895321,0.014640181325376034,-0.44566580653190613,1.4278453588485718,0.0,9.47713851928711e-06,9.47713851928711e-06
727,24.233333333333334,24,0,0,,4,uneven rough,10,0.0,88.12786102294922,32.7276611328125,0.18874682486057281,1.9271690845489502,0.10729975998401642,1.9271690845489502,0.10729975998401642,9.670069694519043,4.587267875671387,0.5,0.23156873881816864,0.09088411182165146,0.9635845422744751,0.05364987999200821,0.09221339970827103,0.42844685912132263,-0.15275251865386963,0.20440156757831573,0.11324605345726013,0.29062989354133606,0.06454937905073166,0.06454937905073166,0.06961654871702194,-1.6851710081100464,0.4774620831012726,0.0,-0.005067169666290283,-0.005067169666290283,0.21422342956066132,0.21422342956066132,0.18165355920791626,1.9153534173965454,-0.8563044667243958,0.0,0.032569870352745056,0.032569870352745056,-0.07637625932693481,-0.07637625932693481,-0.029646337032318115,-1.9964792728424072,-0.23300787806510925,0.0,-0.0467299222946167,-0.0467299222946167,0.14308109879493713,0.14308109879493713,0.05489928275346756,1.8986163139343262,-0.9477435350418091,0.0,0.08818181604146957,0.08818181604146957,0.056623026728630066,0.056623026728630066,0.22080571949481964,-1.4872630834579468,-0.5536925196647644,0.0,-0.16418269276618958,-0.16418269276618958,0.14531494677066803,0.14531494677066803,-0.06536378711462021,0.6986311078071594,-1.1989718675613403,0.0,0.21067873388528824,0.21067873388528824
728,24.266666666666666,4,0,0,,4,uneven rough,5,0.0,53.12159729003906,35.78065490722656,0.3224666118621826,1.3409541845321655,0.9397512078285217,1.3409541845321655,0.9397512078285217,5.375264644622803,3.4202096462249756,0.3333333432674408,0.7084273099899292,0.15111404657363892,0.6704770922660828,0.46987560391426086,0.48866739869117737,0.08905550837516785,0.05496765673160553,-0.017429806292057037,0.2765963077545166,-0.35431990027427673,0.3420671820640564,0.3420671820640564,0.19566814601421356,1.9238510131835938,-0.4750586152076721,0.0,0.14639903604984283,0.14639903604984283,0.04452775418758392,0.04452775418758392,0.07135873287916183,-0.20917919278144836,1.3300549983978271,0.0,-0.02683097869157791,-0.02683097869157791,0.027483828365802765,0.027483828365802765,0.08788236975669861,0.26101866364479065,0.7354527115821838,0.0,-0.060398541390895844,-0.060398541390895844,-0.012200864031910896,-0.012200864031910896,0.1516043245792389,-1.8505008220672607,-0.29223042726516724,0.0,-0.1638051886111498,-0.1638051886111498,0.1382981538772583,0.1382981538772583,0.13295184075832367,-1.9295936822891235,-0.4823191165924072,0.0,0.005346313118934631,0.005346313118934631,-0.17715995013713837,-0.17715995013713837,-0.025544511154294014,-2.0077240467071533,-0.17663057148456573,0.0,-0.15161543898284435,-0.15161543898284435
728,24.266666666666666,14,0,0,,4,uneven rough,5,0.0,52.2316780090332,38.00352478027344,0.35114505887031555,1.6213691234588623,-0.5516000986099243,1.6213691234588623,-0.5516000986099243,6.711764335632324,3.684210777282715,0.6666666865348816,0.18233531713485718,0.23761394619941711,0.8106845617294312,-0.27580004930496216,0.12347646802663803,0.09118030220270157,0.48706573247909546,0.5375928282737732,0.10829977691173553,0.032248355448246,0.0864335298538208,0.0864335298538208,0.25215068459510803,-1.9629535675048828,-0.24990850687026978,0.0,-0.16571715474128723,-0.16571715474128723,0.045590151101350784,0.045590151101350784,0.17609253525733948,-1.9700167179107666,0.6135280728340149,0.0,-0.1305023841559887,-0.1305023841559887,0.24353286623954773,0.24353286623954773,0.14760534465312958,1.3126184940338135,-0.3334164619445801,0.0,0.09592752158641815,0.09592752158641815,0.3763149678707123,0.3763149678707123,0.3000277280807495,1.9791682958602905,1.134749174118042,0.0,0.07628723978996277,0.07628723978996277,0.05414988845586777,0.05414988845586777,0.09024857729673386,-1.6228309869766235,-0.5518600940704346,0.0,-0.03609868884086609,-0.03609868884086609,0.016124177724123,0.016124177724123,0.06597332656383514,1.6485861539840698,0.36855876445770264,0.0,-0.04984914883971214,-0.04984914883971214
728,24.266666666666666,24,0,0,,4,uneven rough,10,0.0,88.1859130859375,32.734989166259766,0.20434656739234924,1.791107416152954,0.5617246627807617,1.791107416152954,0.5617246627807617,9.445161819458008,1.0343416929244995,0.1666666716337204,0.1363331377506256,0.02976132184267044,0.895553708076477,0.28086233139038086,0.08226504921913147,0.4631722867488861,-0.3869565427303314,0.19510647654533386,0.4389665424823761,0.28349193930625916,0.05758553370833397,0.05758553370833397,0.031827617436647415,-0.23274098336696625,-0.7452945113182068,0.0,0.025757916271686554,0.025757916271686554,0.23158614337444305,0.23158614337444305,0.235129714012146,0.7110567092895508,0.7107958793640137,0.0,-0.003543570637702942,-0.003543570637702942,-0.1934782713651657,-0.1934782713651657,-0.08410065621137619,-0.8818868398666382,-1.2300777435302734,0.0,-0.10937761515378952,-0.10937761515378952,0.13657453656196594,0.13657453656196594,0.11347287893295288,1.4058951139450073,0.6615934371948242,0.0,0.02310165762901306,0.02310165762901306,0.21948327124118805,0.21948327124118805,0.2043066918849945,0.2512476146221161,-1.0815349817276,0.0,0.015176579356193542,0.015176579356193542,0.14174596965312958,0.14174596965312958,-0.0216826144605875,0.3571156859397888,-0.126063734292984,0.0,0.16342858411371708,0.16342858411371708
729,24.3,4,0,0,,4,uneven rough,5,0.0,53.06846618652344,35.78306198120117,0.32693731784820557,1.4509708881378174,-0.7085780501365662,1.4509708881378174,-0.7085780501365662,5.657114028930664,4.046687602996826,0.3333333432674408,0.7014284133911133,0.0813930407166481,0.7254854440689087,-0.3542890250682831,-0.0069382586516439915,0.24034500122070312,0.06185686215758324,0.041864730417728424,-0.3271836042404175,-0.4098394513130188,-0.004856781102716923,-0.004856781102716923,0.18017664551734924,-0.8882095813751221,0.8812891840934753,0.0,-0.18503342662006617,-0.18503342662006617,0.12017250061035156,0.12017250061035156,0.101346954703331,1.2982070446014404,0.45976924896240234,0.0,0.01882554590702057,0.01882554590702057,0.03092843107879162,0.03092843107879162,0.050176359713077545,-1.262506365776062,0.46720683574676514,0.0,-0.019247928634285927,-0.019247928634285927,0.029305310919880867,0.029305310919880867,0.11180838942527771,-2.001037836074829,-1.1732792854309082,0.0,-0.08250307850539684,-0.08250307850539684,-0.523493766784668,-0.523493766784668,0.11395023763179779,-0.7179424166679382,-1.3006107807159424,0.0,-0.6374440044164658,-0.6374440044164658,-0.2049197256565094,-0.2049197256565094,-0.04589914530515671,-0.33459073305130005,-1.2119340896606445,0.0,-0.1590205803513527,-0.1590205803513527
729,24.3,14,0,0,,4,uneven rough,5,0.0,52.194557189941406,38.01166534423828,0.3596302270889282,0.8112711906433105,-0.29427340626716614,0.8112711906433105,-0.29427340626716614,6.423689842224121,2.0407445430755615,0.3333333432674408,0.10886768996715546,0.2587296962738037,0.4056355953216553,-0.14713670313358307,-0.327021986246109,0.5480613708496094,0.6740626096725464,0.6185740828514099,-0.09019628912210464,0.19020815193653107,-0.22891539335250854,-0.22891539335250854,0.19157671928405762,-1.9333618879318237,-1.2184672355651855,0.0,-0.42049211263656616,-0.42049211263656616,0.2740306854248047,0.2740306854248047,0.2167941927909851,2.0001158714294434,-0.8472127914428711,0.0,0.05723649263381958,0.05723649263381958,0.3370313048362732,0.3370313048362732,0.20074327290058136,1.2554877996444702,0.5972546339035034,0.0,0.13628803193569183,0.13628803193569183,0.433001846075058,0.433001846075058,0.3650323748588562,1.9598731994628906,1.6121852397918701,0.0,0.06796947121620178,0.06796947121620178,-0.14431406557559967,-0.14431406557559967,0.08399195224046707,-0.021427905187010765,-1.1573889255523682,0.0,-0.22830601781606674,-0.22830601781606674,0.09510407596826553,0.09510407596826553,0.12261965870857239,1.6839526891708374,1.0922884941101074,0.0,-0.027515582740306854,-0.027515582740306854
729,24.3,24,0,0,,4,uneven rough,10,0.0,88.24005126953125,32.75525665283203,0.20048731565475464,1.8673709630966187,0.059467863291502,1.8673709630966187,0.059467863291502,9.909000396728516,2.131610870361328,0.3333333432674408,0.39277204871177673,0.10365547984838486,0.9336854815483093,0.029733931645751,-0.25797224044799805,0.30339911580085754,-0.317084938287735,-0.048180121928453445,0.44681352376937866,-0.005391083657741547,-0.18058057129383087,-0.18058057129383087,-0.024525856599211693,-1.878258466720581,-0.45549580454826355,0.0,-0.15605471469461918,-0.15605471469461918,0.15169955790042877,0.15169955790042877,0.1734243929386139,-1.8253507614135742,0.710943341255188,0.0,-0.02172483503818512,-0.02172483503818512,-0.1585424691438675,-0.1585424691438675,-0.1434410661458969,-0.4110301434993744,-1.033210039138794,0.0,-0.015101402997970581,-0.015101402997970581,-0.03372608497738838,-0.03372608497738838,0.10070271790027618,-1.9812211990356445,1.0824229717254639,0.0,-0.13442880287766457,-0.13442880287766457,0.22340676188468933,0.22340676188468933,0.2019224315881729,1.479561686515808,-0.32797732949256897,0.0,0.02148433029651642,0.02148433029651642,-0.0026955418288707733,-0.0026955418288707733,-0.004401600454002619,0.388691246509552,0.14712677896022797,0.0,0.0017060586251318455,0.0017060586251318455
730,24.333333333333332,4,0,0,,4,uneven rough,5,0.0,53.01921844482422,35.78840255737305,0.3278252184391022,1.4081628322601318,-0.3391457498073578,1.4081628322601318,-0.3391457498073578,4.76432991027832,3.8348817825317383,0.5,0.3127318024635315,0.21952617168426514,0.7040814161300659,-0.1695728749036789,0.5314883589744568,-0.0446566678583622,0.2391977459192276,-0.21870745718479156,0.18350164592266083,-0.27447476983070374,0.37204185128211975,0.37204185128211975,0.22595322132110596,1.9722168445587158,-0.11918859928846359,0.0,0.1460886299610138,0.1460886299610138,-0.07145067304372787,-0.07145067304372787,0.04476330429315567,-1.7493482828140259,0.9338234663009644,0.0,-0.11621397733688354,-0.11621397733688354,0.1195988729596138,0.1195988729596138,0.051859259605407715,1.0824898481369019,-0.5107761025428772,0.0,0.06773961335420609,0.06773961335420609,-0.15309521555900574,-0.15309521555900574,0.04443425312638283,-1.9360796213150024,-1.6412954330444336,0.0,-0.19752946868538857,-0.19752946868538857,0.09175082296133041,0.09175082296133041,0.08353587239980698,0.4261418581008911,-0.9711690545082092,0.0,0.008214950561523438,0.008214950561523438,-0.13723738491535187,-0.13723738491535187,-0.06169634312391281,0.6565541625022888,-0.7158825993537903,0.0,-0.07554104179143906,-0.07554104179143906
730,24.333333333333332,14,0,0,,4,uneven rough,5,0.0,52.15819549560547,38.00938415527344,0.35254335403442383,1.1225099563598633,-0.34516122937202454,1.1225099563598633,-0.34516122937202454,8.213268280029297,5.446623802185059,0.5,0.15780246257781982,0.2299940288066864,0.5612549781799316,-0.17258061468601227,-0.0919940322637558,0.3420574367046356,0.09173113107681274,0.4991627633571625,0.34565407037734985,-0.19397243857383728,-0.06439582258462906,-0.06439582258462906,0.13174968957901,-1.5503424406051636,-1.6226699352264404,0.0,-0.19614551216363907,-0.19614551216363907,0.1710287183523178,0.1710287183523178,0.20916254818439484,-1.851346731185913,0.762671947479248,0.0,-0.038133829832077026,-0.038133829832077026,0.04586556553840637,0.04586556553840637,0.13734693825244904,-1.9998819828033447,0.969420850276947,0.0,-0.09148137271404266,-0.09148137271404266,0.3494139313697815,0.3494139313697815,0.38313350081443787,-0.6000326871871948,1.808768630027771,0.0,-0.03371956944465637,-0.03371956944465637,0.17282703518867493,0.17282703518867493,0.11178869009017944,1.8361001014709473,-0.5151144862174988,0.0,0.06103834509849548,0.06103834509849548,-0.09698621928691864,-0.09698621928691864,0.08226253092288971,-1.6826752424240112,1.426816463470459,0.0,-0.17924875020980835,-0.17924875020980835
730,24.333333333333332,24,0,0,,4,uneven rough,10,0.0,88.29515075683594,32.774192810058594,0.18741030991077423,1.8680319786071777,0.047264840453863144,1.8680319786071777,0.047264840453863144,9.683244705200195,0.6807925701141357,0.1666666716337204,0.4740731120109558,0.27227267622947693,0.9340159893035889,0.023632420226931572,0.5680948495864868,0.18068791925907135,-0.19771571457386017,-0.3682907521724701,0.3702555000782013,-0.5262848138809204,0.39766639471054077,0.39766639471054077,0.01087736152112484,1.9014829397201538,-1.2599283456802368,0.0,0.38678903318941593,0.38678903318941593,0.09034395962953568,0.09034395962953568,0.10678540915250778,-1.9646201133728027,-0.7230818867683411,0.0,-0.016441449522972107,-0.016441449522972107,-0.09885785728693008,-0.09885785728693008,-0.10421156138181686,1.5219305753707886,-0.6814284324645996,0.0,0.00535370409488678,0.00535370409488678,-0.2578035295009613,-0.2578035295009613,0.029071412980556488,-1.9894046783447266,-0.6497669219970703,0.0,-0.2868749424815178,-0.2868749424815178,0.18512775003910065,0.18512775003910065,0.19816769659519196,-0.8956292271614075,0.694008469581604,0.0,-0.013039946556091309,-0.013039946556091309,-0.2631424069404602,-0.2631424069404602,-0.06297648698091507,-2.000000238418579,0.28370776772499084,0.0,-0.20016591995954514,-0.20016591995954514
731,24.366666666666667,4,0,0,,4,uneven rough,5,0.0,52.968910217285156,35.8033447265625,0.3317939043045044,1.060813069343567,-0.9890412092208862,1.060813069343567,-0.9890412092208862,2.936091423034668,4.75223445892334,0.5,0.294560968875885,0.035198062658309937,0.5304065346717834,-0.4945206046104431,0.5444328784942627,0.3146405816078186,0.491053968667984,0.07133954018354416,0.2800949811935425,-0.05044674500823021,0.3811030089855194,0.3811030089855194,0.2901920974254608,1.7660387754440308,1.063295841217041,0.0,0.0909109115600586,0.0909109115600586,0.1573202908039093,0.1573202908039093,0.10851652920246124,1.918041467666626,-0.583246648311615,0.0,0.04880376160144806,0.04880376160144806,0.245526984333992,0.245526984333992,0.10973570495843887,1.1945935487747192,0.39005932211875916,0.0,0.13579127937555313,0.13579127937555313,0.04993767663836479,0.04993767663836479,0.018939761444926262,0.2866445779800415,-1.807966947555542,0.0,0.03099791519343853,0.03099791519343853,0.14004749059677124,0.14004749059677124,0.1499163657426834,1.5800877809524536,-0.18112695217132568,0.0,-0.00986887514591217,-0.00986887514591217,-0.025223372504115105,-0.025223372504115105,-0.006827102042734623,2.015695810317993,0.060095615684986115,0.0,-0.01839627046138048,-0.01839627046138048
731,24.366666666666667,14,0,0,,4,uneven rough,5,0.0,52.12165832519531,38.01022720336914,0.3453018069267273,0.8651503324508667,-0.37902766466140747,0.8651503324508667,-0.37902766466140747,3.1256465911865234,0.2324225902557373,0.1666666716337204,-0.1894521415233612,0.21789851784706116,0.43257516622543335,-0.18951383233070374,0.5516067743301392,0.07674285769462585,0.33970338106155396,0.21524204313755035,-0.046733517199754715,0.15974238514900208,0.38612473011016846,0.38612473011016846,0.18697114288806915,1.5727111101150513,-1.5817757844924927,0.0,0.1991535872220993,0.1991535872220993,0.03837142884731293,0.03837142884731293,0.14623257517814636,-1.5000971555709839,-0.7152988910675049,0.0,-0.10786114633083344,-0.10786114633083344,0.16985169053077698,0.16985169053077698,0.10526763647794724,-0.8835849165916443,-0.7094283103942871,0.0,0.06458405405282974,0.06458405405282974,0.1506694257259369,0.1506694257259369,0.31740570068359375,-1.5432134866714478,0.44682806730270386,0.0,-0.16673627495765686,-0.16673627495765686,-0.0747736319899559,-0.0747736319899559,0.09258939325809479,-1.0864804983139038,0.8142664432525635,0.0,-0.1673630252480507,-0.1673630252480507,0.07987119257450104,0.07987119257450104,0.07939411699771881,-1.0201356410980225,-0.3312957286834717,0.0,0.00047707557678222656,0.00047707557678222656
731,24.366666666666667,24,0,0,,4,uneven rough,10,0.0,88.3487319946289,32.79732894897461,0.17297899723052979,1.7307090759277344,-0.6362577676773071,1.7307090759277344,-0.6362577676773071,9.148096084594727,0.0,0.0,0.6260108947753906,0.21175478398799896,0.8653545379638672,-0.31812888383865356,-0.10065893083810806,0.17472192645072937,0.4341667890548706,-0.3275696933269501,0.2535956799983978,-0.48412662744522095,-0.07046125084161758,-0.07046125084161758,-0.01806756854057312,-1.9244747161865234,0.5275392532348633,0.0,-0.052393682301044464,-0.052393682301044464,0.08736096322536469,0.08736096322536469,0.06885506212711334,-0.0712876170873642,-1.4250497817993164,0.0,0.018505901098251343,0.018505901098251343,0.2170833945274353,0.2170833945274353,-0.04067447409033775,1.5892460346221924,0.5643547177314758,0.0,0.25775786861777306,0.25775786861777306,-0.22929878532886505,-0.22929878532886505,-0.01609286479651928,-1.4208052158355713,-1.4072004556655884,0.0,-0.21320592053234577,-0.21320592053234577,0.1267978399991989,0.1267978399991989,0.14789080619812012,-0.6550116539001465,-0.20477552711963654,0.0,-0.021092966198921204,-0.021092966198921204,-0.24206331372261047,-0.24206331372261047,-0.09282975643873215,1.1848148107528687,-1.0075048208236694,0.0,-0.14923355728387833,-0.14923355728387833
732,24.4,4,0,0,,4,uneven rough,5,0.0,52.92193603515625,35.81143569946289,0.33197513222694397,1.00697922706604,-0.34297722578048706,1.00697922706604,-0.34297722578048706,1.662454605102539,0.8794609308242798,0.3333333432674408,0.22205421328544617,0.08161413669586182,0.50348961353302,-0.17148861289024353,0.33055368065834045,0.6243927478790283,0.20623129606246948,0.5163545608520508,0.566472053527832,-0.13799592852592468,0.23138757050037384,0.23138757050037384,0.24844615161418915,-1.697901964187622,1.4606279134750366,0.0,-0.017058581113815308,-0.017058581113815308,0.31219637393951416,0.31219637393951416,0.17417286336421967,1.6918683052062988,0.8309861421585083,0.0,0.1380235105752945,0.1380235105752945,0.10311564803123474,0.10311564803123474,0.06941003352403641,-1.09233820438385,0.844944417476654,0.0,0.033705614507198334,0.033705614507198334,0.3614481985569,0.3614481985569,0.0864221379160881,1.6054209470748901,-0.6236698031425476,0.0,0.2750260606408119,0.2750260606408119,0.283236026763916,0.283236026763916,0.21942518651485443,1.984941840171814,0.8146669864654541,0.0,0.06381084024906158,0.06381084024906158,-0.06899796426296234,-0.06899796426296234,-0.03423764184117317,-0.29401952028274536,1.1657954454421997,0.0,-0.03476032242178917,-0.03476032242178917
732,24.4,14,0,0,,4,uneven rough,5,0.0,52.089393615722656,38.00545120239258,0.348653107881546,1.3832461833953857,-0.006243059411644936,1.3832461833953857,-0.006243059411644936,1.5162862539291382,2.4318716526031494,0.6666666865348816,-0.18012893199920654,0.14795121550559998,0.6916230916976929,-0.003121529705822468,-0.121928870677948,-0.16624777019023895,0.6224071979522705,0.32711607217788696,0.286239892244339,-0.42639362812042236,-0.08535020798444748,-0.08535020798444748,0.15416419506072998,-1.2500265836715698,0.20177674293518066,0.0,-0.23951440304517746,-0.23951440304517746,-0.26599642634391785,-0.26599642634391785,0.12491060048341751,-0.3958573341369629,-1.1590251922607422,0.0,-0.39090702682733536,-0.39090702682733536,0.31120359897613525,0.31120359897613525,0.12418399751186371,1.6307783126831055,-0.8078967332839966,0.0,0.18701960146427155,0.18701960146427155,0.22898124158382416,0.22898124158382416,0.2829875349998474,-1.8628901243209839,-0.6783449649810791,0.0,-0.054006293416023254,-0.054006293416023254,0.1431199461221695,0.1431199461221695,0.11328008770942688,1.239606261253357,-0.2604192793369293,0.0,0.029839858412742615,0.029839858412742615,-0.21319681406021118,-0.21319681406021118,0.026920346543192863,-1.8809226751327515,-0.720767080783844,0.0,-0.24011716060340405,-0.24011716060340405
732,24.4,24,0,0,,4,uneven rough,10,0.0,88.40756225585938,32.818233489990234,0.16185516119003296,1.8770756721496582,-1.5182733535766602,1.8770756721496582,-1.5182733535766602,9.924932479858398,3.3333334922790527,0.1666666716337204,0.8009171485900879,0.3402283191680908,0.9385378360748291,-0.7591366767883301,0.5875877141952515,0.41381311416625977,-0.45483696460723877,-0.2011323720216751,0.5522837042808533,-0.29564738273620605,0.41131138801574707,0.41131138801574707,0.022665906697511673,1.8467304706573486,-0.8588338494300842,0.0,0.3886454813182354,0.3886454813182354,0.20690655708312988,0.20690655708312988,0.13894900679588318,1.9862570762634277,-0.6596302390098572,0.0,0.0679575502872467,0.0679575502872467,-0.22741848230361938,-0.22741848230361938,-0.07318545132875443,-0.6139729619026184,1.1438300609588623,0.0,-0.15423303097486496,-0.15423303097486496,-0.14079265296459198,-0.14079265296459198,-0.07514423877000809,-0.8674154281616211,-1.414892554283142,0.0,-0.06564841419458389,-0.06564841419458389,0.27614185214042664,0.27614185214042664,0.19524307548999786,1.9150032997131348,-0.45933982729911804,0.0,0.08089877665042877,0.08089877665042877,-0.14782369136810303,-0.14782369136810303,-0.1082332581281662,-0.45931050181388855,0.23203662037849426,0.0,-0.03959043323993683,-0.03959043323993683
733,24.433333333333334,4,0,0,,4,uneven rough,5,0.0,52.88176345825195,35.826942443847656,0.32734254002571106,1.1883533000946045,0.22256684303283691,1.1883533000946045,0.22256684303283691,5.359527111053467,1.1499577760696411,0.3333333432674408,0.2109130620956421,0.10458587110042572,0.5941766500473022,0.11128342151641846,0.7220910787582397,-0.05151432380080223,0.06141163036227226,0.5286970138549805,0.07061382383108139,0.002295475220307708,0.505463719367981,0.505463719367981,0.2821226716041565,2.004682779312134,-0.3252105712890625,0.0,0.22334104776382446,0.22334104776382446,-0.08242291957139969,-0.08242291957139969,0.10734079033136368,-1.4691026210784912,1.31773042678833,0.0,-0.18976370990276337,-0.18976370990276337,0.03070581518113613,0.03070581518113613,0.03767235949635506,0.4273841679096222,-0.2503986358642578,0.0,-0.0069665443152189255,-0.0069665443152189255,0.3700878918170929,0.3700878918170929,0.13348513841629028,1.3410171270370483,0.6366621255874634,0.0,0.2366027534008026,0.2366027534008026,0.035306911915540695,0.035306911915540695,0.1570982038974762,-2.0101184844970703,1.4763424396514893,0.0,-0.1217912919819355,-0.1217912919819355,0.001147737610153854,0.001147737610153854,-0.020818378776311874,1.3982325792312622,0.3404134213924408,0.0,0.02196611638646573,0.02196611638646573
733,24.433333333333334,14,0,0,,4,uneven rough,5,0.0,52.05743408203125,38.00588607788086,0.346303254365921,1.5194858312606812,-0.7046615481376648,1.5194858312606812,-0.7046615481376648,3.4278039932250977,2.558335304260254,0.5,-0.17890995740890503,0.25598493218421936,0.7597429156303406,-0.3523307740688324,0.7792479991912842,-0.38795965909957886,0.35429617762565613,-0.07205089926719666,0.46992620825767517,-0.6051810383796692,0.545473575592041,0.545473575592041,0.19246044754981995,1.2787048816680908,-0.6190754771232605,0.0,0.35301312804222107,0.35301312804222107,-0.6207354664802551,-0.6207354664802551,0.09791053086519241,-0.36899009346961975,-0.7275286912918091,0.0,-0.7186459973454475,-0.7186459973454475,0.17714808881282806,0.17714808881282806,0.15420016646385193,1.6074203252792358,0.570934534072876,0.0,0.022947922348976135,0.022947922348976135,-0.0504356287419796,-0.0504356287419796,0.21744441986083984,-1.6613178253173828,-1.3480888605117798,0.0,-0.26788004860281944,-0.26788004860281944,0.23496310412883759,0.23496310412883759,0.17402634024620056,1.998755931854248,0.5876978635787964,0.0,0.060936763882637024,0.060936763882637024,-0.3025905191898346,-0.3025905191898346,-0.03064030408859253,-1.3188912868499756,-1.3767211437225342,0.0,-0.27195021510124207,-0.27195021510124207
733,24.433333333333334,24,0,0,,4,uneven rough,10,0.0,88.46551513671875,32.82997131347656,0.14932677149772644,1.9227190017700195,0.17934976518154144,1.9227190017700195,0.17934976518154144,10.295595169067383,7.647099494934082,0.5,0.20663969218730927,0.05077632516622543,0.9613595008850098,0.08967488259077072,0.012886693701148033,0.018248271197080612,-0.4132364094257355,0.32625165581703186,0.5676659941673279,-0.03715726360678673,0.009020685218274593,0.009020685218274593,0.004071301314979792,-0.6883274912834167,0.6708970665931702,0.0,0.004949383903294802,0.004949383903294802,0.009124135598540306,0.009124135598540306,0.08832114934921265,-2.001260995864868,0.8363592028617859,0.0,-0.07919701375067234,-0.07919701375067234,-0.20661820471286774,-0.20661820471286774,-0.08758258074522018,0.40846848487854004,0.1499650776386261,0.0,-0.11903562396764755,-0.11903562396764755,0.22837615013122559,0.22837615013122559,-0.018047591671347618,1.5501806735992432,-1.105347990989685,0.0,0.2464237418025732,0.2464237418025732,0.28383299708366394,0.28383299708366394,0.23718279600143433,2.041179656982422,0.8831180334091187,0.0,0.046650201082229614,0.046650201082229614,-0.018578631803393364,-0.018578631803393364,-0.08256217837333679,2.0007224082946777,-0.15885227918624878,0.0,0.06398354656994343,0.06398354656994343
734,24.466666666666665,4,0,0,,4,uneven rough,5,0.0,52.84027099609375,35.839351654052734,0.3374578356742859,1.5748441219329834,-0.2269335687160492,1.5748441219329834,-0.2269335687160492,8.547411918640137,1.7395451068878174,0.3333333432674408,0.21879684925079346,0.16973677277565002,0.7874220609664917,-0.1134667843580246,-0.3306606709957123,0.3016201853752136,0.5806612372398376,0.44395512342453003,-0.12213847041130066,0.2201421856880188,-0.23146246373653412,-0.23146246373653412,0.24079720675945282,-1.9162057638168335,0.992115318775177,0.0,-0.47225967049598694,-0.47225967049598694,0.1508100926876068,0.1508100926876068,0.13910500705242157,0.5664570331573486,-0.25794997811317444,0.0,0.011705085635185242,0.011705085635185242,0.2903306186199188,0.2903306186199188,0.09257753938436508,2.035135269165039,0.1328209787607193,0.0,0.19775307923555374,0.19775307923555374,0.31076857447624207,0.31076857447624207,0.20035091042518616,1.9250580072402954,1.0349056720733643,0.0,0.11041766405105591,0.11041766405105591,-0.19542156159877777,-0.19542156159877777,0.11167169362306595,-1.9162484407424927,-0.4949088394641876,0.0,-0.3070932552218437,-0.3070932552218437,0.1100710928440094,0.1100710928440094,0.024358371272683144,1.8355991840362549,0.9385062456130981,0.0,0.08571272157132626,0.08571272157132626
734,24.466666666666665,14,0,0,,4,uneven rough,5,0.0,52.026634216308594,38.007869720458984,0.3498447835445404,1.6786917448043823,-0.3042012155056,1.6786917448043823,-0.3042012155056,3.835690975189209,2.0213277339935303,0.6320952773094177,-0.2406078279018402,0.2074449509382248,0.8393458724021912,-0.1521006077528,0.5992124080657959,-0.32316723465919495,0.1724850982427597,0.3560276925563812,0.48333069682121277,-0.49015215039253235,0.4194486737251282,0.4194486737251282,0.24287280440330505,1.2975053787231445,0.4539329409599304,0.0,0.17657586932182312,0.17657586932182312,-0.5170676112174988,-0.5170676112174988,0.08139441162347794,0.42576512694358826,-0.5248103141784668,0.0,-0.5984620228409767,-0.5984620228409767,0.08624254912137985,0.08624254912137985,0.11315672099590302,-2.048513650894165,1.1569654941558838,0.0,-0.026914171874523163,-0.026914171874523163,0.2492193877696991,0.2492193877696991,0.20069269835948944,0.6543866991996765,-1.5251890420913696,0.0,0.048526689410209656,0.048526689410209656,0.24166534841060638,0.24166534841060638,0.2154102325439453,1.6050920486450195,1.3855125904083252,0.0,0.026255115866661072,0.026255115866661072,-0.24507607519626617,-0.24507607519626617,-0.07734105736017227,-0.9375941157341003,-1.3440240621566772,0.0,-0.1677350178360939,-0.1677350178360939
734,24.466666666666665,24,0,0,,4,uneven rough,10,0.0,88.5242919921875,32.839927673339844,0.16056323051452637,1.8711028099060059,-0.8642968535423279,1.8711028099060059,-0.8642968535423279,9.696836471557617,0.23531007766723633,0.1666666716337204,-0.11722107976675034,0.08260923624038696,0.9355514049530029,-0.43214842677116394,0.12366054207086563,0.5100213289260864,-0.18669289350509644,-0.003011798718944192,0.21851466596126556,0.46452534198760986,0.086562380194664,0.086562380194664,0.05090319365262985,1.7515678405761719,-0.09761093556880951,0.0,0.03565918654203415,0.03565918654203415,0.2550106644630432,0.2550106644630432,0.1262112706899643,1.9848212003707886,-0.7680363655090332,0.0,0.12879939377307892,0.12879939377307892,-0.09334644675254822,-0.09334644675254822,-0.08480457216501236,0.09059137105941772,0.2961233854293823,0.0,-0.008541874587535858,-0.008541874587535858,-0.0021082591265439987,-0.0021082591265439987,-0.026619406417012215,-0.15638017654418945,0.39609265327453613,0.0,0.024511147290468216,0.024511147290468216,0.10925733298063278,0.10925733298063278,0.20562107861042023,-1.9738402366638184,1.5378881692886353,0.0,-0.09636374562978745,-0.09636374562978745,0.23226267099380493,0.23226267099380493,-0.07897361367940903,-0.16944058239459991,1.0621751546859741,0.0,0.31123628467321396,0.31123628467321396
735,24.5,4,0,0,,4,uneven rough,5,0.0,52.79349899291992,35.841957092285156,0.3539350628852844,1.4095747470855713,0.051030755043029785,1.4095747470855713,0.051030755043029785,8.088315963745117,5.9401140213012695,0.5,0.21060121059417725,0.06107494235038757,0.7047873735427856,0.025515377521514893,-0.1948864459991455,0.5953638553619385,0.4897758364677429,0.23423273861408234,-0.11221984773874283,-0.1327734738588333,-0.13642050325870514,-0.13642050325870514,0.1870444416999817,-1.3486578464508057,-0.6522546410560608,0.0,-0.32346494495868683,-0.32346494495868683,0.29768192768096924,0.29768192768096924,0.2065127044916153,1.9991788864135742,0.20817123353481293,0.0,0.09116922318935394,0.09116922318935394,0.24488791823387146,0.24488791823387146,0.14050982892513275,0.9278590083122253,1.208392858505249,0.0,0.10437808930873871,0.10437808930873871,0.16396291553974152,0.16396291553974152,0.2049594223499298,-0.9757190942764282,1.5381994247436523,0.0,-0.04099650681018829,-0.04099650681018829,-0.17955176532268524,-0.17955176532268524,0.07849244773387909,-1.7167127132415771,-1.298536777496338,0.0,-0.25804421305656433,-0.25804421305656433,-0.06638673692941666,-0.06638673692941666,-0.0018529188819229603,-0.5881915092468262,1.4457242488861084,0.0,-0.0645338180474937,-0.0645338180474937
735,24.5,14,0,0,,4,uneven rough,5,0.0,52.000736236572266,38.0096435546875,0.36784833669662476,1.5661650896072388,-0.18869951367378235,1.5661650896072388,-0.18869951367378235,5.938199996948242,3.076874256134033,0.3333333432674408,-0.13957156240940094,0.08365260809659958,0.7830825448036194,-0.09434975683689117,0.05246887356042862,0.386454701423645,0.1446504294872284,0.4877086877822876,0.24810047447681427,0.19386258721351624,0.036728210747241974,0.036728210747241974,0.187281996011734,-1.9968160390853882,0.9308903217315674,0.0,-0.15055378526449203,-0.15055378526449203,0.1932273507118225,0.1932273507118225,0.11934952437877655,1.9999991655349731,0.01264673750847578,0.0,0.07387782633304596,0.07387782633304596,0.0723252147436142,0.0723252147436142,0.07470601797103882,-0.48817625641822815,-0.6554181575775146,0.0,-0.0023808032274246216,-0.0023808032274246216,0.3413960635662079,0.3413960635662079,0.2693321704864502,1.9992260932922363,-0.2928529977798462,0.0,0.07206389307975769,0.07206389307975769,0.12405023723840714,0.12405023723840714,0.18068523705005646,-1.946947693824768,1.5096632242202759,0.0,-0.05663499981164932,-0.05663499981164932,0.09693129360675812,0.09693129360675812,-0.028525367379188538,1.9080796241760254,-1.1142278909683228,0.0,0.12545666098594666,0.12545666098594666
735,24.5,24,0,0,,4,uneven rough,10,0.0,88.58070373535156,32.85080337524414,0.1808197796344757,1.6612048149108887,-0.1797662079334259,1.6612048149108887,-0.1797662079334259,7.988578796386719,2.903381824493408,0.5,-0.11156310886144638,0.08701066672801971,0.8306024074554443,-0.08988310396671295,-0.42472928762435913,0.5366528630256653,0.16630955040454865,0.12454131990671158,0.2600233256816864,-0.08294116705656052,-0.2973105013370514,-0.2973105013370514,-0.005075695924460888,-1.9970660209655762,0.9479180574417114,0.0,-0.2922348054125905,-0.2922348054125905,0.26832643151283264,0.26832643151283264,0.19412435591220856,1.9380764961242676,0.7884342074394226,0.0,0.07420207560062408,0.07420207560062408,0.08315477520227432,0.08315477520227432,-0.04237888753414154,0.12291782349348068,0.17991521954536438,0.0,0.12553366273641586,0.12553366273641586,0.08717892318964005,0.08717892318964005,0.04038361832499504,1.9322375059127808,0.0837235301733017,0.0,0.046795304864645004,0.046795304864645004,0.1300116628408432,0.1300116628408432,0.14240720868110657,-1.585694432258606,-0.44764935970306396,0.0,-0.012395545840263367,-0.012395545840263367,-0.04147058352828026,-0.04147058352828026,-0.07277873903512955,0.0964815616607666,0.3658173978328705,0.0,0.03130815550684929,0.03130815550684929
736,24.53333333333333,4,0,0,,4,uneven rough,5,0.0,52.7479133605957,35.84236526489258,0.35925424098968506,1.56215238571167,-0.07158984243869781,1.56215238571167,-0.07158984243869781,7.584136009216309,7.0175676345825195,0.5,0.22074341773986816,0.13990381360054016,0.781076192855835,-0.03579492121934891,0.3255300223827362,0.1654130071401596,0.29922789335250854,-0.22434088587760925,0.07492585480213165,-0.5708717107772827,0.22787101566791534,0.22787101566791534,0.21311259269714355,1.7027326822280884,-1.0460022687911987,0.0,0.01475842297077179,0.01475842297077179,0.0827065035700798,0.0827065035700798,0.1605878472328186,-1.654164433479309,1.2208101749420166,0.0,-0.0778813436627388,-0.0778813436627388,0.14961394667625427,0.14961394667625427,0.13720032572746277,-1.9699217081069946,1.0497785806655884,0.0,0.012413620948791504,0.012413620948791504,-0.157038614153862,-0.157038614153862,0.13832075893878937,-1.9776272773742676,0.11682537198066711,0.0,-0.29535937309265137,-0.29535937309265137,0.037462927401065826,0.037462927401065826,0.007695239037275314,-1.093211054801941,-1.534974217414856,0.0,0.029767688363790512,0.029767688363790512,-0.28543585538864136,-0.28543585538864136,-0.04176868498325348,-1.9233084917068481,0.2957446575164795,0.0,-0.24366717040538788,-0.24366717040538788
736,24.53333333333333,14,0,0,,4,uneven rough,5,0.0,51.97600173950195,38.00545120239258,0.3871472477912903,1.0266300439834595,0.46839192509651184,1.0266300439834595,0.46839192509651184,5.573874473571777,2.3576910495758057,0.1666666716337204,0.057385168969631195,0.09072458744049072,0.5133150219917297,0.23419596254825592,0.026993276551365852,0.6655895709991455,0.584656834602356,0.2701112627983093,-0.29866743087768555,0.051792263984680176,0.018895292654633522,0.018895292654633522,0.1259167641401291,-1.744150161743164,-0.7244400978088379,0.0,-0.10702147148549557,-0.10702147148549557,0.33279478549957275,0.33279478549957275,0.186283141374588,1.9921125173568726,1.1362993717193604,0.0,0.14651164412498474,0.14651164412498474,0.292328417301178,0.292328417301178,0.13842137157917023,1.482465147972107,-0.5608593225479126,0.0,0.15390704572200775,0.15390704572200775,0.18907788395881653,0.18907788395881653,0.2600446939468384,-1.685723900794983,1.003092646598816,0.0,-0.07096680998802185,-0.07096680998802185,-0.47786790132522583,-0.47786790132522583,0.12400633841753006,-1.5885930061340332,-0.44471079111099243,0.0,-0.6018742397427559,-0.6018742397427559,0.025896131992340088,0.025896131992340088,0.0364285409450531,1.9405717849731445,0.5945901870727539,0.0,-0.010532408952713013,-0.010532408952713013
736,24.53333333333333,24,0,0,,4,uneven rough,10,0.0,88.6362075805664,32.86552429199219,0.1971856951713562,1.8920915126800537,1.0777080059051514,1.8920915126800537,1.0777080059051514,10.209741592407227,6.778972625732422,0.5,-0.20294877886772156,0.022944321855902672,0.9460457563400269,0.5388540029525757,-0.1460670530796051,0.6800974607467651,-0.0653146356344223,0.1998487263917923,0.4844886064529419,-0.09792345762252808,-0.10224693268537521,-0.10224693268537521,-0.07230500876903534,-1.9959913492202759,-0.7171812057495117,0.0,-0.029941923916339874,-0.029941923916339874,0.34004873037338257,0.34004873037338257,0.2609022855758667,1.900436282157898,1.4384440183639526,0.0,0.07914644479751587,0.07914644479751587,-0.03265731781721115,-0.03265731781721115,-0.03951908275485039,0.7391006946563721,0.14768879115581512,0.0,0.0068617649376392365,0.0068617649376392365,0.13989411294460297,0.13989411294460297,0.10593387484550476,1.9093129634857178,1.1288766860961914,0.0,0.033960238099098206,0.033960238099098206,0.24224430322647095,0.24224430322647095,0.17946124076843262,1.9399714469909668,-1.091102123260498,0.0,0.06278306245803833,0.06278306245803833,-0.04896172881126404,-0.04896172881126404,-0.07643453776836395,-0.6648417711257935,0.2135344296693802,0.0,0.027472808957099915,0.027472808957099915
737,24.566666666666666,4,0,0,,4,uneven rough,5,0.0,52.697532653808594,35.84202575683594,0.3685896396636963,1.57999849319458,-1.012520670890808,1.57999849319458,-1.012520670890808,4.708803176879883,4.220312118530273,0.5,-0.0025068919640034437,0.05694079399108887,0.78999924659729,-0.506260335445404,0.1633496731519699,0.43450355529785156,0.5411068201065063,0.12151602655649185,-0.01834835484623909,-0.43295690417289734,0.1143447682261467,0.1143447682261467,0.1747298538684845,-1.9994587898254395,0.5081374049186707,0.0,-0.0603850856423378,-0.0603850856423378,0.21725177764892578,0.21725177764892578,0.20465077459812164,1.1765013933181763,-0.40470561385154724,0.0,0.012601003050804138,0.012601003050804138,0.2705534100532532,0.2705534100532532,0.12890669703483582,-0.17104452848434448,-0.6575653553009033,0.0,0.14164671301841736,0.14164671301841736,0.085061214864254,0.085061214864254,0.12341749668121338,-0.4768427908420563,-1.0673818588256836,0.0,-0.03835628181695938,-0.03835628181695938,-0.029357368126511574,-0.029357368126511574,-0.003965938463807106,-1.6289068460464478,-1.2852004766464233,0.0,-0.025391429662704468,-0.025391429662704468,-0.21647845208644867,-0.21647845208644867,-0.08246293663978577,-0.646499514579773,-0.9589119553565979,0.0,-0.1340155154466629,-0.1340155154466629
737,24.566666666666666,14,0,0,,4,uneven rough,5,0.0,51.950077056884766,37.99983215332031,0.3941517472267151,1.434076189994812,-0.08445257693529129,1.434076189994812,-0.08445257693529129,3.8132472038269043,2.4315176010131836,0.3333333432674408,-0.06915183365345001,0.20338377356529236,0.717038094997406,-0.042226288467645645,0.43207159638404846,0.3306466042995453,0.49682462215423584,-0.2100761979818344,0.10452926903963089,-0.4976361393928528,0.30245012044906616,0.30245012044906616,0.16854077577590942,1.9929962158203125,-1.3009860515594482,0.0,0.13390934467315674,0.13390934467315674,0.16532330214977264,0.16532330214977264,0.1865178793668747,-1.1367557048797607,1.6201776266098022,0.0,-0.02119457721710205,-0.02119457721710205,0.24841231107711792,0.24841231107711792,0.16935613751411438,-0.33978357911109924,0.5944399833679199,0.0,0.07905617356300354,0.07905617356300354,-0.1470533311367035,-0.1470533311367035,0.1932944655418396,-1.6795520782470703,-0.5171690583229065,0.0,-0.3403477966785431,-0.3403477966785431,0.052264634519815445,0.052264634519815445,0.06094825267791748,-0.8223728537559509,-1.0914638042449951,0.0,-0.008683618158102036,-0.008683618158102036,-0.2488180696964264,-0.2488180696964264,0.031618162989616394,-0.0019603674300014973,1.3556106090545654,0.0,-0.2804362326860428,-0.2804362326860428
737,24.566666666666666,24,0,0,,4,uneven rough,10,0.0,88.68934631347656,32.879207611083984,0.2124996781349182,1.912792444229126,0.31722015142440796,1.9022033214569092,0.31722015142440796,10.134541511535645,3.3502602577209473,0.3333333432674408,-0.32325538992881775,0.06137770041823387,0.956396222114563,0.15861007571220398,0.12621954083442688,0.5678211450576782,-0.5339808464050293,-0.22287216782569885,0.34559211134910583,0.1306348592042923,0.08835367858409882,0.08835367858409882,-0.013593493960797787,1.9257880449295044,-1.4402227401733398,0.0,0.1019471725448966,0.1019471725448966,0.2839105725288391,0.2839105725288391,0.2770184278488159,0.2535645067691803,1.699655294418335,0.0,0.006892144680023193,0.006892144680023193,-0.26699042320251465,-0.26699042320251465,-0.03693098947405815,0.4240836799144745,0.48207414150238037,0.0,-0.2300594337284565,-0.2300594337284565,-0.15601050853729248,-0.15601050853729248,0.04147060960531235,-1.9408314228057861,1.5701367855072021,0.0,-0.19748111814260483,-0.19748111814260483,0.17279605567455292,0.17279605567455292,0.18257452547550201,0.00967030506581068,0.6226723194122314,0.0,-0.009778469800949097,-0.009778469800949097,0.06531742960214615,0.06531742960214615,-0.03930699825286865,1.5079163312911987,-0.28310105204582214,0.0,0.1046244278550148,0.1046244278550148
738,24.6,4,0,0,,4,uneven rough,5,0.0,52.6457633972168,35.8432502746582,0.36609575152397156,1.3683165311813354,-0.5667656660079956,1.3683165311813354,-0.5667656660079956,6.212228775024414,4.247793674468994,0.3333333432674408,-0.09651371836662292,0.14905864000320435,0.6841582655906677,-0.2833828330039978,0.6933473348617554,0.35108423233032227,0.08469119668006897,0.01387969683855772,0.35208117961883545,-0.4978507161140442,0.4853431284427643,0.4853431284427643,0.21943974494934082,1.9998266696929932,-0.9096619486808777,0.0,0.26590338349342346,0.26590338349342346,0.17554211616516113,0.17554211616516113,0.20705071091651917,-1.435991644859314,0.48931166529655457,0.0,-0.03150859475135803,-0.03150859475135803,0.042345598340034485,0.042345598340034485,0.0655369684100151,-2.000000238418579,-0.38248562812805176,0.0,-0.02319137006998062,-0.02319137006998062,0.009715788066387177,0.009715788066387177,0.05541121959686279,-2.000001907348633,-0.733489990234375,0.0,-0.045695431530475616,-0.045695431530475616,0.17604058980941772,0.17604058980941772,0.01287466287612915,0.9381373524665833,-1.4795327186584473,0.0,0.16316592693328857,0.16316592693328857,-0.2489253580570221,-0.2489253580570221,-0.14537501335144043,-1.9456000328063965,-0.7822734117507935,0.0,-0.10355034470558167,-0.10355034470558167
738,24.6,14,0,0,,4,uneven rough,5,0.0,51.923309326171875,37.98777770996094,0.38414859771728516,1.217407464981079,-0.5608761310577393,1.217407464981079,-0.5608761310577393,3.246933698654175,3.1035757064819336,0.3333333432674408,-0.003100728150457144,0.06733016669750214,0.6087037324905396,-0.28043806552886963,0.1365765929222107,0.23153701424598694,0.37808695435523987,0.05524856969714165,0.2717488706111908,-0.26797422766685486,0.09560361504554749,0.09560361504554749,0.16691617667675018,-0.9043802618980408,0.5614374279975891,0.0,-0.0713125616312027,-0.0713125616312027,0.11576850712299347,0.11576850712299347,0.13672776520252228,-0.778156042098999,0.0614025853574276,0.0,-0.02095925807952881,-0.02095925807952881,0.18904347717761993,0.18904347717761993,0.14215576648712158,-0.6478878855705261,0.06622832268476486,0.0,0.04688771069049835,0.04688771069049835,0.038673996925354004,0.038673996925354004,0.14226208627223969,-1.488296627998352,-1.1743824481964111,0.0,-0.10358808934688568,-0.10358808934688568,0.1358744353055954,0.1358744353055954,0.10636407881975174,1.2142438888549805,-0.9393193125724792,0.0,0.02951035648584366,0.02951035648584366,-0.13398711383342743,-0.13398711383342743,-0.01601777784526348,-1.9856293201446533,0.5880375504493713,0.0,-0.11796933598816395,-0.11796933598816395
738,24.6,24,0,0,,4,uneven rough,10,0.0,88.74004364013672,32.90614700317383,0.21945182979106903,1.9365005493164062,-1.2179951667785645,1.9098539352416992,-1.2179951667785645,9.50918960571289,3.7247519493103027,0.3333333432674408,-0.2323729693889618,0.04813821241259575,0.9682502746582031,-0.6089975833892822,-0.2218773514032364,0.6041721105575562,-0.5695947408676147,-0.5305437445640564,0.5272058248519897,-0.2564172148704529,-0.1553141474723816,-0.1553141474723816,-0.057893216609954834,-2.0000009536743164,0.4629257917404175,0.0,-0.09742093086242676,-0.09742093086242676,0.3020860552787781,0.3020860552787781,0.29731878638267517,0.0742313489317894,0.8820329308509827,0.0,0.004767268896102905,0.004767268896102905,-0.2847973704338074,-0.2847973704338074,-0.09991011023521423,-1.9986845254898071,0.44928622245788574,0.0,-0.18488726019859314,-0.18488726019859314,-0.37138062715530396,-0.37138062715530396,0.0012095354031771421,-1.7864813804626465,-0.41497090458869934,0.0,-0.3725901625584811,-0.3725901625584811,0.2636029124259949,0.2636029124259949,0.24760031700134277,1.99649178981781,0.27607986330986023,0.0,0.0160025954246521,0.0160025954246521,-0.12820860743522644,-0.12820860743522644,-0.1020529493689537,-1.9994488954544067,0.7295433878898621,0.0,-0.026155658066272736,-0.026155658066272736
739,24.633333333333333,4,0,0,,4,uneven rough,5,0.0,52.59242630004883,35.8601188659668,0.35814401507377625,0.8171365857124329,-0.187463641166687,0.8171365857124329,-0.187463641166687,4.25388240814209,0.0,0.0,-0.3677879571914673,0.10361993312835693,0.40856829285621643,-0.0937318205833435,0.5148316025733948,0.4380849003791809,0.45660170912742615,0.45866602659225464,0.3438880741596222,-0.4476299285888672,0.3603821098804474,0.3603821098804474,0.28153690695762634,1.9842361211776733,0.7353681325912476,0.0,0.07884520292282104,0.07884520292282104,0.21904245018959045,0.21904245018959045,0.21738149225711823,1.0180262327194214,-0.5992582440376282,0.0,0.001660957932472229,0.001660957932472229,0.22830085456371307,0.22830085456371307,0.10473961383104324,1.6487704515457153,-1.297031283378601,0.0,0.12356124073266983,0.12356124073266983,0.3210662007331848,0.3210662007331848,0.08814045041799545,1.4282294511795044,-1.4495781660079956,0.0,0.23292575031518936,0.23292575031518936,0.1719440370798111,0.1719440370798111,0.08404770493507385,1.8469363451004028,-0.11257772892713547,0.0,0.08789633214473724,0.08789633214473724,-0.2238149642944336,-0.2238149642944336,-0.1676526963710785,0.10873620212078094,-1.4400203227996826,0.0,-0.0561622679233551,-0.0561622679233551
739,24.633333333333333,14,0,0,,4,uneven rough,5,0.0,51.89289093017578,37.98635482788086,0.38681504130363464,1.2555875778198242,-0.7345532774925232,1.2555875778198242,-0.7345532774925232,4.184770584106445,6.371644973754883,0.5,-0.02253260277211666,0.17368142306804657,0.6277937889099121,-0.3672766387462616,0.7609380483627319,0.15861880779266357,0.6160275936126709,0.34935489296913147,-0.1362263411283493,0.15902721881866455,0.5326566100120544,0.5326566100120544,0.21000370383262634,1.3976163864135742,-0.26733851432800293,0.0,0.3226529061794281,0.3226529061794281,0.07930940389633179,0.07930940389633179,0.0762697383761406,-1.1411746740341187,-0.41328537464141846,0.0,0.0030396655201911926,0.0030396655201911926,0.30801379680633545,0.30801379680633545,0.1773931086063385,0.6080498695373535,-0.33753424882888794,0.0,0.13062068819999695,0.13062068819999695,0.24454842507839203,0.24454842507839203,0.12556608021259308,1.2936433553695679,-1.351870059967041,0.0,0.11898234486579895,0.11898234486579895,-0.2179621458053589,-0.2179621458053589,0.057869620621204376,-1.0260213613510132,0.278309166431427,0.0,-0.27583176642656326,-0.27583176642656326,0.07951360940933228,0.07951360940933228,0.039711762219667435,1.77809739112854,-0.8671182990074158,0.0,0.03980184718966484,0.03980184718966484
739,24.633333333333333,24,0,0,,4,uneven rough,10,0.0,88.78856658935547,32.92418670654297,0.21683785319328308,1.875872015953064,0.027668043971061707,1.875872015953064,0.027668043971061707,9.481168746948242,0.0,0.0,-0.09520266950130463,0.2652393579483032,0.937936007976532,0.013834021985530853,0.5678423643112183,0.3690536916255951,0.24982573091983795,-0.39635181427001953,0.40299296379089355,-0.4820293188095093,0.39748963713645935,0.39748963713645935,-0.01530152466148138,1.9211246967315674,-0.9296174049377441,0.0,0.41279116179794073,0.41279116179794073,0.18452684581279755,0.18452684581279755,0.23118963837623596,-1.9999442100524902,0.4253004789352417,0.0,-0.046662792563438416,-0.046662792563438416,0.12491286545991898,0.12491286545991898,-0.04122987389564514,1.991996169090271,-0.9348008036613464,0.0,0.16614273935556412,0.16614273935556412,-0.27744626998901367,-0.27744626998901367,-0.07037430256605148,-1.98915433883667,-1.1904253959655762,0.0,-0.2070719674229622,-0.2070719674229622,0.20149648189544678,0.20149648189544678,0.20721092820167542,-1.4912153482437134,1.2488038539886475,0.0,-0.005714446306228638,-0.005714446306228638,-0.24101465940475464,-0.24101465940475464,-0.16463351249694824,-2.000000238418579,-0.8134337663650513,0.0,-0.0763811469078064,-0.0763811469078064
740,24.666666666666668,4,0,0,,4,uneven rough,5,0.0,52.53978729248047,35.8693733215332,0.3628532290458679,1.5171518325805664,0.6238442659378052,1.5171518325805664,0.6238442659378052,7.6623687744140625,1.7173960208892822,0.3333333432674408,-0.6781916618347168,0.1840592622756958,0.7585759162902832,0.3119221329689026,0.1808158904314041,0.7670072317123413,-0.07513313740491867,0.514751136302948,0.49057453870773315,0.45788511633872986,0.12657111883163452,0.12657111883163452,0.23543569445610046,-1.8820734024047852,1.441480278968811,0.0,-0.10886457562446594,-0.10886457562446594,0.38350361585617065,0.38350361585617065,0.2825252413749695,1.8616036176681519,0.31515729427337646,0.0,0.10097837448120117,0.10097837448120117,-0.037566568702459335,-0.037566568702459335,0.05310957506299019,-1.9975042343139648,0.3685303330421448,0.0,-0.09067614376544952,-0.09067614376544952,0.36032578349113464,0.36032578349113464,0.15838027000427246,1.9881243705749512,0.1775394082069397,0.0,0.20194551348686218,0.20194551348686218,0.24528726935386658,0.24528726935386658,0.15159226953983307,2.000459909439087,0.995335042476654,0.0,0.09369499981403351,0.09369499981403351,0.22894255816936493,0.22894255816936493,-0.15147274732589722,0.3142382502555847,-0.5643506050109863,0.0,0.38041530549526215,0.38041530549526215
740,24.666666666666668,14,0,0,,4,uneven rough,5,0.0,51.85810852050781,37.98001480102539,0.3828565180301666,0.8981228470802307,0.2228330373764038,0.8981228470802307,0.2228330373764038,2.9545860290527344,0.8822004795074463,0.3333333432674408,-0.014785627834498882,0.18369579315185547,0.44906142354011536,0.1114165186882019,-0.31866011023521423,0.44902005791664124,0.23852159082889557,0.4756006598472595,0.25455915927886963,0.19282834231853485,-0.22306206822395325,-0.22306206822395325,0.16384007036685944,-1.8389790058135986,0.6740299463272095,0.0,-0.3869021385908127,-0.3869021385908127,0.22451002895832062,0.22451002895832062,0.1423947662115097,1.9995450973510742,-0.8248353004455566,0.0,0.08211526274681091,0.08211526274681091,0.11926079541444778,0.11926079541444778,0.1220661848783493,-1.776186227798462,0.1971006989479065,0.0,-0.0028053894639015198,-0.0028053894639015198,0.33292046189308167,0.33292046189308167,0.19596229493618011,1.992302417755127,0.14390796422958374,0.0,0.13695816695690155,0.13695816695690155,0.12727957963943481,0.12727957963943481,0.11535720527172089,1.3981616497039795,-0.459161639213562,0.0,0.011922374367713928,0.011922374367713928,0.09641417115926743,0.09641417115926743,0.0892513319849968,1.4105608463287354,0.6284914016723633,0.0,0.00716283917427063,0.00716283917427063
740,24.666666666666668,24,0,0,,4,uneven rough,10,0.0,88.84394073486328,32.92985153198242,0.2141391634941101,1.8873710632324219,-1.0720003843307495,1.8873710632324219,-1.0720003843307495,9.799962997436523,0.0,0.0,-0.06926055997610092,0.16906321048736572,0.9436855316162109,-0.5360001921653748,0.20909415185451508,0.5651564598083496,0.342044860124588,-0.05820701643824577,0.2890130579471588,-0.27907851338386536,0.1463659107685089,0.1463659107685089,0.04749709367752075,1.4682291746139526,0.6821972727775574,0.0,0.09886881709098816,0.09886881709098816,0.2825782299041748,0.2825782299041748,0.2585819661617279,1.0428664684295654,-0.9459372162818909,0.0,0.0239962637424469,0.0239962637424469,0.171022430062294,0.171022430062294,0.011174804531037807,-0.06299206614494324,0.7200154662132263,0.0,0.1598476255312562,0.1598476255312562,-0.04074491187930107,-0.04074491187930107,-0.08352825790643692,1.9975128173828125,-1.6420282125473022,0.0,0.04278334602713585,0.04278334602713585,0.1445065289735794,0.1445065289735794,0.17473316192626953,-1.2682616710662842,-0.30040794610977173,0.0,-0.030226632952690125,-0.030226632952690125,-0.13953925669193268,-0.13953925669193268,-0.13476836681365967,1.966737151145935,-1.4843205213546753,0.0,-0.00477088987827301,-0.00477088987827301
741,24.7,4,0,0,,4,uneven rough,5,0.0,52.49319076538086,35.886390686035156,0.36155861616134644,1.6446361541748047,1.4560260772705078,1.6446361541748047,1.4560260772705078,9.106851577758789,3.3333334922790527,0.1666666716337204,-0.4952840209007263,0.12056522816419601,0.8223180770874023,0.7280130386352539,0.5361002087593079,0.328930139541626,-0.2855139374732971,0.5421479940414429,0.23749013245105743,0.36108776926994324,0.37527012825012207,0.37527012825012207,0.2661302089691162,1.969780445098877,-0.4376629590988159,0.0,0.10913991928100586,0.10913991928100586,0.164465069770813,0.164465069770813,0.2166328877210617,-2.0002968311309814,1.1895208358764648,0.0,-0.05216781795024872,-0.05216781795024872,-0.14275696873664856,-0.14275696873664856,0.01492453832179308,0.7503140568733215,-0.9692298173904419,0.0,-0.15768150705844164,-0.15768150705844164,0.3795035779476166,0.3795035779476166,0.2074321210384369,1.5126597881317139,1.2012473344802856,0.0,0.1720714569091797,0.1720714569091797,0.11874506622552872,0.11874506622552872,0.10572212934494019,0.055188946425914764,1.5636343955993652,0.0,0.013022936880588531,0.013022936880588531,0.18054388463497162,0.18054388463497162,-0.09452302008867264,1.1795690059661865,-0.06759490072727203,0.0,0.27506690472364426,0.27506690472364426
741,24.7,14,0,0,,4,uneven rough,5,0.0,51.8221435546875,37.97785949707031,0.3692513108253479,0.905809760093689,0.7870739102363586,0.905809760093689,0.7870739102363586,4.562155723571777,0.21732906997203827,0.1666666716337204,-0.02484585903584957,0.05451546236872673,0.4529048800468445,0.3935369551181793,0.4700394868850708,0.3100849390029907,-0.37270915508270264,0.47358766198158264,0.49119991064071655,0.08031705021858215,0.32902762293815613,0.32902762293815613,0.18964852392673492,1.6841914653778076,-0.7468298077583313,0.0,0.1393790990114212,0.1393790990114212,0.15504246950149536,0.15504246950149536,0.16818739473819733,-0.5144134759902954,0.7720744609832764,0.0,-0.013144925236701965,-0.013144925236701965,-0.18635457754135132,-0.18635457754135132,0.07648290693759918,-0.6775014400482178,-0.9185992479324341,0.0,-0.2628374844789505,-0.2628374844789505,0.33151134848594666,0.33151134848594666,0.25261807441711426,1.925347924232483,1.1889934539794922,0.0,0.0788932740688324,0.0788932740688324,0.24559995532035828,0.24559995532035828,0.17466332018375397,1.9796873331069946,0.5909723043441772,0.0,0.07093663513660431,0.07093663513660431,0.04015852510929108,0.04015852510929108,0.036947354674339294,-1.7063745260238647,1.0706748962402344,0.0,0.0032111704349517822,0.0032111704349517822
741,24.7,24,0,0,,4,uneven rough,10,0.0,88.9000244140625,32.94273376464844,0.2128654420375824,1.7138140201568604,-0.900015115737915,1.7138140201568604,-0.900015115737915,8.201431274414062,0.4985008239746094,0.3333333432674408,0.265871524810791,0.17809951305389404,0.8569070100784302,-0.4500075578689575,-0.6146163940429688,0.8439434766769409,-0.23427657783031464,0.184514120221138,0.37356770038604736,0.10704606771469116,-0.4302314817905426,-0.4302314817905426,-0.0008122925064526498,-1.9985456466674805,1.126621127128601,0.0,-0.42941918928408995,-0.42941918928408995,0.42197173833847046,0.42197173833847046,0.32378050684928894,1.835915446281433,0.17853595316410065,0.0,0.09819123148918152,0.09819123148918152,-0.11713828891515732,-0.11713828891515732,-0.04003550112247467,-2.0,0.2773016095161438,0.0,-0.07710278779268265,-0.07710278779268265,0.12915988266468048,0.12915988266468048,-0.013286218978464603,1.9683817625045776,0.4157748222351074,0.0,0.14244610164314508,0.14244610164314508,0.18678385019302368,0.18678385019302368,0.2053094059228897,0.32865551114082336,-0.8476341962814331,0.0,-0.018525555729866028,-0.018525555729866028,0.05352303385734558,0.05352303385734558,-0.07702381908893585,1.9994380474090576,0.46691370010375977,0.0,0.13054685294628143,0.13054685294628143
742,24.733333333333334,4,0,0,,4,uneven rough,5,0.0,52.444786071777344,35.89474105834961,0.3579491674900055,1.7024235725402832,-0.9976576566696167,1.7024235725402832,-0.9976576566696167,6.47324275970459,2.830197811126709,0.5,-0.6565651893615723,0.1954210251569748,0.8512117862701416,-0.49882882833480835,-0.5011246800422668,0.36864298582077026,0.2420094609260559,0.24233531951904297,0.08026629686355591,0.006856546271592379,-0.35078728199005127,-0.35078728199005127,0.2580201029777527,-0.9364584684371948,0.9235098361968994,0.0,-0.608807384967804,-0.608807384967804,0.18432149291038513,0.18432149291038513,0.16099143028259277,-0.391810804605484,-0.614007830619812,0.0,0.02333006262779236,0.02333006262779236,0.12100473046302795,0.12100473046302795,0.07993213087320328,1.9986521005630493,0.003003364894539118,0.0,0.041072599589824677,0.041072599589824677,0.16963471472263336,0.16963471472263336,0.22277429699897766,-0.9906756281852722,1.3773205280303955,0.0,-0.0531395822763443,-0.0531395822763443,0.040133148431777954,0.040133148431777954,0.06964392215013504,-0.6243089437484741,0.7107566595077515,0.0,-0.029510773718357086,-0.029510773718357086,0.0034282731357961893,0.0034282731357961893,-0.03380240872502327,1.93582022190094,0.6375538110733032,0.0,0.03723068186081946,0.03723068186081946
742,24.733333333333334,14,0,0,,4,uneven rough,5,0.0,51.78594207763672,37.9734001159668,0.35347452759742737,1.1993592977523804,0.8178882598876953,1.1993592977523804,0.8178882598876953,5.334968566894531,5.547611236572266,0.3333333432674408,0.47251880168914795,0.219891756772995,0.5996796488761902,0.40894412994384766,-0.17768758535385132,-0.1184111014008522,0.37448781728744507,0.29572615027427673,0.45732438564300537,-0.09347989410161972,-0.12438131123781204,-0.12438131123781204,0.2033630609512329,0.5631310343742371,0.6276739835739136,0.0,-0.32774437218904495,-0.32774437218904495,-0.1894577592611313,-0.1894577592611313,0.13382181525230408,-0.3954538106918335,0.04469187185168266,0.0,-0.32327957451343536,-0.32327957451343536,0.18724390864372253,0.18724390864372253,0.10954755544662476,0.2303519994020462,-0.7822821140289307,0.0,0.07769635319709778,0.07769635319709778,0.20700830221176147,0.20700830221176147,0.2720903158187866,-0.5111443996429443,1.6053296327590942,0.0,-0.06508201360702515,-0.06508201360702515,0.22866219282150269,0.22866219282150269,0.2070404291152954,1.1414387226104736,1.3761543035507202,0.0,0.021621763706207275,0.021621763706207275,-0.04673994705080986,-0.04673994705080986,-0.026602860540151596,-1.6885926723480225,-0.49947381019592285,0.0,-0.020137086510658264,-0.020137086510658264
742,24.733333333333334,24,0,0,,4,uneven rough,10,0.0,88.9495620727539,32.965362548828125,0.20092302560806274,1.7865310907363892,-0.257205992937088,1.7865310907363892,-0.257205992937088,9.105259895324707,0.0,0.0,0.05184990167617798,0.08160611987113953,0.8932655453681946,-0.128602996468544,-0.028898214921355247,0.4818706214427948,-0.5875765085220337,-0.36766743659973145,0.6457527875900269,-0.02730490453541279,-0.020228751003742218,-0.020228751003742218,3.5090831715933746e-06,-0.30921730399131775,-0.640353798866272,0.0,-0.02023226008691381,-0.02023226008691381,0.2409353107213974,0.2409353107213974,0.28187280893325806,-1.9985624551773071,1.1156213283538818,0.0,-0.04093749821186066,-0.04093749821186066,-0.29378825426101685,-0.29378825426101685,-0.08683391660451889,-0.8457852005958557,-1.0102888345718384,0.0,-0.20695433765649796,-0.20695433765649796,-0.25736719369888306,-0.25736719369888306,-0.06325663626194,-1.8697673082351685,1.29362154006958,0.0,-0.19411055743694305,-0.19411055743694305,0.3228763937950134,0.3228763937950134,0.26419228315353394,2.035447597503662,-0.18255789577960968,0.0,0.05868411064147949,0.05868411064147949,-0.013652452267706394,-0.013652452267706394,-0.05595368146896362,1.299986481666565,1.3334057331085205,0.0,0.04230122920125723,0.04230122920125723
743,24.766666666666666,4,0,0,,4,uneven rough,5,0.0,52.39216613769531,35.88663101196289,0.3608219623565674,1.1207220554351807,0.20456437766551971,1.1207220554351807,0.20456437766551971,5.04656982421875,0.811031699180603,0.1666666716337204,-0.7856676578521729,0.12987259030342102,0.5603610277175903,0.10228218883275986,0.3397350013256073,0.5166288018226624,0.3317054212093353,0.11797233670949936,-0.1398022323846817,-0.3289687931537628,0.2378145009279251,0.2378145009279251,0.24682503938674927,-0.35982704162597656,-0.1281195878982544,0.0,-0.009010538458824158,-0.009010538458824158,0.2583144009113312,0.2583144009113312,0.21389958262443542,2.0009407997131348,-0.48837724328041077,0.0,0.04441481828689575,0.04441481828689575,0.16585271060466766,0.16585271060466766,0.08975746482610703,-0.49597954750061035,1.1313467025756836,0.0,0.07609524577856064,0.07609524577856064,0.08258063346147537,0.08258063346147537,0.15767733752727509,-1.9553204774856567,0.038451239466667175,0.0,-0.07509670406579971,-0.07509670406579971,-0.22368358075618744,-0.22368358075618744,0.07033716142177582,1.285470724105835,-0.044091835618019104,0.0,-0.29402074217796326,-0.29402074217796326,-0.1644843965768814,-0.1644843965768814,-0.04636985808610916,-0.4275367259979248,1.3715959787368774,0.0,-0.11811453849077225,-0.11811453849077225
743,24.766666666666666,14,0,0,,4,uneven rough,5,0.0,51.74575424194336,37.967994689941406,0.35135459899902344,1.6906111240386963,0.578254222869873,1.6906111240386963,0.578254222869873,6.321540832519531,2.664985179901123,0.3333333432674408,0.5783300399780273,0.12641753256320953,0.8453055620193481,0.2891271114349365,0.4464413523674011,0.16356728971004486,0.3480985164642334,0.24858884513378143,0.11683755367994308,0.02944132126867771,0.3125089406967163,0.3125089406967163,0.27004024386405945,1.9987337589263916,0.5911812782287598,0.0,0.04246869683265686,0.04246869683265686,0.08178364485502243,0.08178364485502243,0.07735969871282578,-0.2173498570919037,-0.20416729152202606,0.0,0.004423946142196655,0.004423946142196655,0.1740492582321167,0.1740492582321167,0.15445242822170258,0.024694975465536118,-0.20973695814609528,0.0,0.019596830010414124,0.019596830010414124,0.1740121841430664,0.1740121841430664,0.20450982451438904,-1.8733956813812256,0.40867140889167786,0.0,-0.030497640371322632,-0.030497640371322632,0.05841877683997154,0.05841877683997154,0.15216323733329773,-1.8905253410339355,1.2434457540512085,0.0,-0.09374446049332619,-0.09374446049332619,0.014720660634338856,0.014720660634338856,-0.026035098358988762,-1.2557172775268555,-1.1718037128448486,0.0,0.04075575899332762,0.04075575899332762
743,24.766666666666666,24,0,0,,4,uneven rough,10,0.0,88.99822998046875,32.98035430908203,0.20071540772914886,1.8622137308120728,-0.1047486886382103,1.8622137308120728,-0.1047486886382103,9.539859771728516,3.26753306388855,0.3333333432674408,0.34309881925582886,0.1599259376525879,0.9311068654060364,-0.05237434431910515,0.5541754961013794,0.14503096044063568,-0.312335342168808,-0.083161860704422,0.3781735301017761,-0.20735642313957214,0.38792285323143005,0.38792285323143005,0.04122137278318405,0.8907749056816101,-0.4531286358833313,0.0,0.346701480448246,0.346701480448246,0.07251548022031784,0.07251548022031784,0.22010624408721924,-1.9441752433776855,-0.6451437473297119,0.0,-0.1475907638669014,-0.1475907638669014,-0.156167671084404,-0.156167671084404,-0.11711055040359497,-1.5123413801193237,-0.9172781705856323,0.0,-0.03905712068080902,-0.03905712068080902,-0.05821330100297928,-0.05821330100297928,-0.09136351943016052,0.5261083841323853,-0.4949641823768616,0.0,0.033150218427181244,0.033150218427181244,0.18908676505088806,0.18908676505088806,0.22494950890541077,-1.0167568922042847,1.071506381034851,0.0,-0.035862743854522705,-0.035862743854522705,-0.10367821156978607,-0.10367821156978607,-0.07211365550756454,0.24370402097702026,1.314510464668274,0.0,-0.03156455606222153,-0.03156455606222153
744,24.8,4,0,0,,4,uneven rough,5,0.0,52.343387603759766,35.88441848754883,0.3493918180465698,1.6959036588668823,-0.6614347696304321,1.6959036588668823,-0.6614347696304321,5.790431022644043,4.397527694702148,0.3333333432674408,-0.3272955119609833,0.15562313795089722,0.8479518294334412,-0.33071738481521606,0.704635739326477,0.15628866851329803,-0.01546937134116888,0.28712067008018494,0.5572566986083984,-0.3117624521255493,0.493245005607605,0.493245005607605,0.2859535813331604,1.2469475269317627,-0.2591274082660675,0.0,0.20729142427444458,0.20729142427444458,0.07814433425664902,0.07814433425664902,0.16100582480430603,-1.999800205230713,0.9190876483917236,0.0,-0.08286149054765701,-0.08286149054765701,-0.00773468567058444,-0.00773468567058444,0.02472904697060585,-2.000002145767212,0.21125352382659912,0.0,-0.03246373264119029,-0.03246373264119029,0.20098446309566498,0.20098446309566498,0.14509102702140808,1.7302658557891846,-1.088830828666687,0.0,0.0558934360742569,0.0558934360742569,0.2786283493041992,0.2786283493041992,0.11276271194219589,2.0118398666381836,0.7076452374458313,0.0,0.16586563736200333,0.16586563736200333,-0.15588122606277466,-0.15588122606277466,-0.10851354151964188,-1.6923483610153198,0.3543631434440613,0.0,-0.04736768454313278,-0.04736768454313278
744,24.8,14,0,0,,4,uneven rough,5,0.0,51.70674133300781,37.955196380615234,0.352100133895874,1.603968620300293,-0.36595019698143005,1.603968620300293,-0.36595019698143005,2.4169578552246094,4.216426849365234,0.5,0.5347180366516113,0.10923116654157639,0.8019843101501465,-0.18297509849071503,-0.07315443456172943,-0.08008197695016861,0.5317775011062622,0.18419216573238373,0.30946189165115356,-0.480965793132782,-0.05120810493826866,-0.05120810493826866,0.2466016262769699,-1.2111502885818481,1.3870140314102173,0.0,-0.29780973121523857,-0.29780973121523857,-0.12813116610050201,-0.12813116610050201,0.05002728849649429,0.19583211839199066,-0.2116207331418991,0.0,-0.1781584545969963,-0.1781584545969963,0.2658887505531311,0.2658887505531311,0.19573232531547546,1.6062860488891602,-0.07718872278928757,0.0,0.07015642523765564,0.07015642523765564,0.12893451750278473,0.12893451750278473,0.1764165163040161,-1.014343500137329,-0.8816134333610535,0.0,-0.047481998801231384,-0.047481998801231384,0.15473094582557678,0.15473094582557678,0.11739431321620941,0.4569634199142456,-0.5285071134567261,0.0,0.03733663260936737,0.03733663260936737,-0.240482896566391,-0.240482896566391,-0.07681519538164139,-0.5591415762901306,-1.219248652458191,0.0,-0.1636677011847496,-0.1636677011847496
744,24.8,24,0,0,,4,uneven rough,10,0.0,89.04949951171875,32.99370193481445,0.2117188572883606,1.8876503705978394,-1.6488410234451294,1.8876503705978394,-1.6488410234451294,9.328478813171387,6.020492076873779,0.5,0.26659494638442993,0.1434398740530014,0.9438251852989197,-0.8244205117225647,0.15424467623233795,0.622603178024292,-0.3647743761539459,-0.18942533433437347,0.4059768319129944,0.3225227892398834,0.10797127336263657,0.10797127336263657,0.10151119530200958,1.0329724550247192,0.30671682953834534,0.0,0.006460078060626984,0.006460078060626984,0.311301589012146,0.311301589012146,0.2640674114227295,0.9360698461532593,-1.379618525505066,0.0,0.047234177589416504,0.047234177589416504,-0.18238718807697296,-0.18238718807697296,-0.1649036854505539,-0.4562121033668518,-1.2537280321121216,0.0,-0.017483502626419067,-0.017483502626419067,-0.13259772956371307,-0.13259772956371307,-0.13071584701538086,-0.7386720180511475,0.08235207945108414,0.0,-0.0018818825483322144,-0.0018818825483322144,0.2029884159564972,0.2029884159564972,0.23786312341690063,-0.03257102891802788,-0.10920140892267227,0.0,-0.03487470746040344,-0.03487470746040344,0.1612613946199417,0.1612613946199417,-0.015261917375028133,0.10200415551662445,0.7090745568275452,0.0,0.17652331199496984,0.17652331199496984
745,24.833333333333332,4,0,0,,4,uneven rough,5,0.0,52.296302795410156,35.88856506347656,0.34121277928352356,1.2606189250946045,-0.04295624792575836,1.2606189250946045,-0.04295624792575836,6.3265838623046875,0.24963395297527313,0.1666666716337204,0.06909100711345673,0.1207280382514,0.6303094625473022,-0.02147812396287918,0.28844454884529114,0.3839253783226013,0.7145829200744629,0.42569413781166077,0.07989741861820221,0.28842759132385254,0.20191118121147156,0.20191118121147156,0.25342750549316406,-1.9465906620025635,0.5924100875854492,0.0,-0.051516324281692505,-0.051516324281692505,0.19196268916130066,0.19196268916130066,0.13593587279319763,0.8352975845336914,-0.7312567830085754,0.0,0.05602681636810303,0.05602681636810303,0.35729146003723145,0.35729146003723145,0.03879886493086815,-0.4488503038883209,-1.0389944314956665,0.0,0.3184925951063633,0.3184925951063633,0.29798588156700134,0.29798588156700134,0.21341875195503235,1.9702303409576416,0.5050914883613586,0.0,0.084567129611969,0.084567129611969,0.039948709309101105,0.039948709309101105,0.13117697834968567,0.3807382881641388,1.44503915309906,0.0,-0.09122826904058456,-0.09122826904058456,0.14421379566192627,0.14421379566192627,-0.04481668770313263,1.6776237487792969,-0.8028512001037598,0.0,0.1890304833650589,0.1890304833650589
745,24.833333333333332,14,0,0,,4,uneven rough,5,0.0,51.66529083251953,37.94736862182617,0.3413205146789551,1.3757195472717285,0.07248678803443909,1.3757195472717285,0.07248678803443909,4.113699436187744,1.600698471069336,0.5,0.5919710397720337,0.20145255327224731,0.6878597736358643,0.03624339401721954,0.7144253253936768,-0.04126466065645218,0.3124682903289795,0.24967354536056519,0.42333629727363586,-0.3395034074783325,0.5000976920127869,0.5000976920127869,0.2925984561443329,1.71587336063385,-0.0819927304983139,0.0,0.20749923586845398,0.20749923586845398,-0.06602346152067184,-0.06602346152067184,0.003171188523992896,-1.9123144149780273,0.018753841519355774,0.0,-0.06919465004466474,-0.06919465004466474,0.15623414516448975,0.15623414516448975,0.15454396605491638,-1.6407582759857178,0.8746509552001953,0.0,0.0016901791095733643,0.0016901791095733643,0.1747714728116989,0.1747714728116989,0.1437073051929474,0.6715540289878845,-0.9566592574119568,0.0,0.031064167618751526,0.031064167618751526,0.21166814863681793,0.21166814863681793,0.1533934324979782,1.371689796447754,0.02867969498038292,0.0,0.05827471613883972,0.05827471613883972,-0.16975170373916626,-0.16975170373916626,-0.14170731604099274,-1.9644980430603027,-0.84602290391922,0.0,-0.028044387698173523,-0.028044387698173523
745,24.833333333333332,24,0,0,,4,uneven rough,10,0.0,89.09786224365234,33.0065803527832,0.2167740762233734,1.8819035291671753,-0.1834699660539627,1.8819035291671753,-0.1834699660539627,7.5317702293396,4.5150651931762695,0.5,0.20236769318580627,0.1276899129152298,0.9409517645835876,-0.09173498302698135,0.10702599585056305,0.3183235824108124,0.10818937420845032,0.11374283581972122,0.5831047296524048,-0.10193806886672974,0.07491819560527802,0.07491819560527802,0.07131820917129517,-1.2344087362289429,0.7173430919647217,0.0,0.003599986433982849,0.003599986433982849,0.1591617912054062,0.1591617912054062,0.21186435222625732,-0.9704781770706177,-0.07032418251037598,0.0,-0.052702561020851135,-0.052702561020851135,0.05409468710422516,0.05409468710422516,-0.09928280115127563,1.9355988502502441,-0.8028110861778259,0.0,0.1533774882555008,0.1533774882555008,0.07961998134851456,0.07961998134851456,-0.07206767052412033,1.4770973920822144,-0.38185641169548035,0.0,0.1516876518726349,0.1516876518726349,0.2915523648262024,0.2915523648262024,0.2339615821838379,0.2164074331521988,-0.06587445735931396,0.0,0.0575907826423645,0.0575907826423645,-0.05096903443336487,-0.05096903443336487,-0.011507382616400719,0.8722270727157593,0.36583587527275085,0.0,-0.03946165181696415,-0.03946165181696415
746,24.866666666666667,4,0,0,,4,uneven rough,5,0.0,52.25061798095703,35.889408111572266,0.3408849239349365,1.5455067157745361,-0.32103273272514343,1.5455067157745361,-0.32103273272514343,7.732281684875488,0.344129741191864,0.3333333432674408,0.2927893400192261,0.131281316280365,0.7727533578872681,-0.16051636636257172,0.16373923420906067,0.4733240306377411,0.021189456805586815,0.6072403192520142,0.4054235816001892,0.02884077839553356,0.11461745947599411,0.11461745947599411,0.18598049879074097,-1.9244545698165894,-0.843145489692688,0.0,-0.07136303931474686,-0.07136303931474686,0.23666201531887054,0.23666201531887054,0.195243239402771,1.4952949285507202,0.1544758826494217,0.0,0.04141877591609955,0.04141877591609955,0.010594728402793407,0.010594728402793407,0.03179425001144409,0.23823538422584534,-0.7053259015083313,0.0,-0.021199521608650684,-0.021199521608650684,0.4250682294368744,0.4250682294368744,0.2781502306461334,1.906083345413208,1.3334835767745972,0.0,0.14691799879074097,0.14691799879074097,0.2027117908000946,0.2027117908000946,0.2028270810842514,2.001289129257202,0.8432815074920654,0.0,-0.00011529028415679932,-0.00011529028415679932,0.01442038919776678,0.01442038919776678,-0.012359686195850372,0.21615558862686157,0.5996137857437134,0.0,0.026780075393617153,0.026780075393617153
746,24.866666666666667,14,0,0,,4,uneven rough,5,0.0,51.625579833984375,37.94529724121094,0.3337937295436859,1.4964289665222168,-0.13525904715061188,1.4964289665222168,-0.13525904715061188,7.7078857421875,1.9374406337738037,0.1666666716337204,0.5865310430526733,0.2715551257133484,0.7482144832611084,-0.06762952357530594,0.24703605473041534,-0.1874382048845291,0.6741746068000793,0.5433481931686401,0.2690604031085968,-0.03242362290620804,0.17292523384094238,0.17292523384094238,0.2488483488559723,-1.9864637851715088,0.9345239996910095,0.0,-0.07592311501502991,-0.07592311501502991,-0.2999011278152466,-0.2999011278152466,-0.057714443653821945,-1.4287052154541016,-1.0730756521224976,0.0,-0.24218668416142464,-0.24218668416142464,0.3370873034000397,0.3370873034000397,0.197555810213089,1.4698394536972046,-0.5475659370422363,0.0,0.13953149318695068,0.13953149318695068,0.3803437352180481,0.3803437352180481,0.20905373990535736,1.0382088422775269,-0.03606454282999039,0.0,0.17128999531269073,0.17128999531269073,0.1345302015542984,0.1345302015542984,0.1540042757987976,-0.5772144198417664,0.7880200147628784,0.0,-0.019474074244499207,-0.019474074244499207,-0.01621181145310402,-0.01621181145310402,-0.11486941576004028,1.568030595779419,-1.4784107208251953,0.0,0.09865760430693626,0.09865760430693626
746,24.866666666666667,24,0,0,,4,uneven rough,10,0.0,89.146728515625,33.020877838134766,0.22894501686096191,1.9518017768859863,0.06574122607707977,1.908801794052124,0.06574122607707977,9.26817512512207,5.9960527420043945,0.3333333432674408,0.19549958407878876,0.11178535223007202,0.9759008884429932,0.032870613038539886,0.1739058494567871,0.5171627402305603,-0.18162670731544495,-0.11800501495599747,0.47449952363967896,0.2211562842130661,0.12173409014940262,0.12173409014940262,0.11056878417730331,1.3159228563308716,-0.38618090748786926,0.0,0.011165305972099304,0.011165305972099304,0.25858137011528015,0.25858137011528015,0.24995343387126923,0.9395555257797241,-0.5792728662490845,0.0,0.008627936244010925,0.008627936244010925,-0.09081335365772247,-0.09081335365772247,-0.08376500755548477,-0.429356187582016,0.7454907894134521,0.0,-0.007048346102237701,-0.007048346102237701,-0.08260350674390793,-0.08260350674390793,-0.09138565510511398,-0.3183455467224121,0.6691994071006775,0.0,0.008782148361206055,0.008782148361206055,0.23724976181983948,0.23724976181983948,0.2508227229118347,-0.5754358768463135,0.09372822940349579,0.0,-0.01357296109199524,-0.01357296109199524,0.11057814210653305,0.11057814210653305,0.05403735488653183,1.994791030883789,0.6521503925323486,0.0,0.05654078722000122,0.05654078722000122
747,24.9,4,0,0,,4,uneven rough,5,0.0,52.2080192565918,35.89596176147461,0.3453158438205719,1.2947874069213867,0.40487590432167053,1.2947874069213867,0.40487590432167053,8.247879028320312,5.877206325531006,0.5,0.5418474078178406,0.10572784394025803,0.6473937034606934,0.20243795216083527,0.5497369170188904,0.19469033181667328,-0.1837509572505951,0.47965723276138306,0.17661936581134796,0.14009110629558563,0.38481584191322327,0.38481584191322327,0.21540024876594543,1.464881181716919,-1.4545196294784546,0.0,0.16941559314727783,0.16941559314727783,0.09734516590833664,0.09734516590833664,0.12725582718849182,-1.9634684324264526,0.9125773906707764,0.0,-0.029910661280155182,-0.029910661280155182,-0.09187547862529755,-0.09187547862529755,-0.011105450801551342,-1.8334987163543701,-0.17183464765548706,0.0,-0.0807700278237462,-0.0807700278237462,0.33576005697250366,0.33576005697250366,0.30027443170547485,0.8938702344894409,1.6572325229644775,0.0,0.03548562526702881,0.03548562526702881,0.08830968290567398,0.08830968290567398,0.14379042387008667,-1.8845499753952026,1.498021125793457,0.0,-0.05548074096441269,-0.05548074096441269,0.07004555314779282,0.07004555314779282,-0.007642530370503664,-0.2696104347705841,0.38280585408210754,0.0,0.07768808351829648,0.07768808351829648
747,24.9,14,0,0,,4,uneven rough,5,0.0,51.587398529052734,37.943355560302734,0.3443663716316223,1.2344452142715454,0.31235888600349426,1.2344452142715454,0.31235888600349426,5.4073333740234375,5.3315935134887695,0.8333333730697632,0.2878261208534241,0.21976664662361145,0.6172226071357727,0.15617944300174713,0.1383911371231079,0.35510993003845215,0.12961487472057343,0.39460185170173645,0.3119625747203827,0.288088321685791,0.09687379747629166,0.09687379747629166,0.182949036359787,-1.9977177381515503,-0.7170077562332153,0.0,-0.08607523888349533,-0.08607523888349533,0.17755496501922607,0.17755496501922607,-0.0028939656913280487,1.1183115243911743,-1.2741492986679077,0.0,0.18044893071055412,0.18044893071055412,0.06480743736028671,0.06480743736028671,0.14672395586967468,-1.9999606609344482,0.5930786728858948,0.0,-0.08191651850938797,-0.08191651850938797,0.27622130513191223,0.27622130513191223,0.2571203112602234,1.461550235748291,0.5713315606117249,0.0,0.019100993871688843,0.019100993871688843,0.15598128736019135,0.15598128736019135,0.17932547628879547,-0.3788631558418274,0.01611400954425335,0.0,-0.023344188928604126,-0.023344188928604126,0.1440441608428955,0.1440441608428955,-0.08045507967472076,1.432442307472229,0.24405266344547272,0.0,0.22449924051761627,0.22449924051761627
747,24.9,24,0,0,,4,uneven rough,10,0.0,89.19400024414062,33.04054260253906,0.23067212104797363,1.7656500339508057,0.0068428474478423595,1.7656500339508057,0.0068428474478423595,7.797348976135254,0.5211585760116577,0.1666666716337204,0.040250539779663086,0.04254872351884842,0.8828250169754028,0.0034214237239211798,-0.2665250301361084,0.5048314332962036,-0.26259303092956543,0.07934127002954483,0.6088857650756836,-0.21927794814109802,-0.1865675151348114,-0.1865675151348114,0.05398159474134445,-1.8093972206115723,0.5761916041374207,0.0,-0.24054910987615585,-0.24054910987615585,0.2524157166481018,0.2524157166481018,0.2718549072742462,-0.0360429584980011,0.2794754207134247,0.0,-0.01943919062614441,-0.01943919062614441,-0.13129651546478271,-0.13129651546478271,-0.13698923587799072,-0.16470389068126678,0.08123021572828293,0.0,0.005692720413208008,0.005692720413208008,0.05553888902068138,0.05553888902068138,-0.0213252454996109,1.857427954673767,0.11083973199129105,0.0,0.07686413452029228,0.07686413452029228,0.3044428825378418,0.3044428825378418,0.2862129807472229,0.35064056515693665,-0.2846183478832245,0.0,0.018229901790618896,0.018229901790618896,-0.10963897407054901,-0.10963897407054901,0.011214985512197018,0.19786302745342255,1.4112818241119385,0.0,-0.12085395958274603,-0.12085395958274603
748,24.933333333333334,4,0,0,,4,uneven rough,5,0.0,52.16313552856445,35.895450592041016,0.3509654104709625,1.7518584728240967,-0.5284116268157959,1.7518584728240967,-0.5284116268157959,6.780391216278076,3.7064151763916016,0.3333333432674408,0.6743666529655457,0.16170428693294525,0.8759292364120483,-0.26420581340789795,-0.34307190775871277,0.24497008323669434,0.7211074829101562,0.2931287884712219,0.015600939281284809,-0.15047301352024078,-0.2401503324508667,-0.2401503324508667,0.20270133018493652,-0.8114096522331238,0.19611480832099915,0.0,-0.4428516626358032,-0.4428516626358032,0.12248504161834717,0.12248504161834717,0.10367973893880844,0.017159398645162582,-0.7135440707206726,0.0,0.018805302679538727,0.018805302679538727,0.3605537414550781,0.3605537414550781,0.031434640288352966,-0.7035291790962219,-1.1113425493240356,0.0,0.32911910116672516,0.32911910116672516,0.20519015192985535,0.20519015192985535,0.29282140731811523,-1.8196461200714111,1.2256261110305786,0.0,-0.08763125538825989,-0.08763125538825989,0.0078004696406424046,0.0078004696406424046,0.08787771314382553,-1.8535137176513672,-0.414490669965744,0.0,-0.08007724350318313,-0.08007724350318313,-0.07523650676012039,-0.07523650676012039,-0.05038239061832428,-1.2352341413497925,0.013928517699241638,0.0,-0.024854116141796112,-0.024854116141796112
748,24.933333333333334,14,0,0,,4,uneven rough,5,0.0,51.54811096191406,37.94840621948242,0.35820472240448,1.2691760063171387,0.5496833920478821,1.2691760063171387,0.5496833920478821,6.801286220550537,1.354813575744629,0.1666666716337204,0.2002808153629303,0.32435286045074463,0.6345880031585693,0.27484169602394104,0.2102394998073578,0.3598150312900543,0.2196805328130722,0.4603673815727234,0.2190430462360382,0.02979940176010132,0.1471676528453827,0.1471676528453827,0.13246142864227295,-0.3713119626045227,-1.4411234855651855,0.0,0.014706224203109741,0.014706224203109741,0.17990751564502716,0.17990751564502716,0.05533567816019058,2.0000011920928955,0.07855233550071716,0.0,0.12457183748483658,0.12457183748483658,0.1098402664065361,0.1098402664065361,0.10345715284347534,-0.1539590060710907,-0.873030424118042,0.0,0.0063831135630607605,0.0063831135630607605,0.3222571611404419,0.3222571611404419,0.3113466799259186,0.9440259337425232,1.0746628046035767,0.0,0.010910481214523315,0.010910481214523315,0.1095215231180191,0.1095215231180191,0.12964032590389252,-1.6268079280853271,-0.20720678567886353,0.0,-0.020118802785873413,-0.020118802785873413,0.01489970088005066,0.01489970088005066,-0.018494995310902596,2.0029330253601074,0.9159703254699707,0.0,0.033394696190953255,0.033394696190953255
748,24.933333333333334,24,0,0,,4,uneven rough,10,0.0,89.23735046386719,33.06477737426758,0.23442938923835754,1.91131591796875,0.10983474552631378,1.894705891609192,0.10983474552631378,9.440139770507812,3.2364349365234375,0.3333333432674408,0.046350978314876556,0.08553338050842285,0.955657958984375,0.05491737276315689,-0.17551591992378235,0.22843945026397705,-0.2877533733844757,-0.4027761220932007,0.44102007150650024,-0.05971955880522728,-0.12286113947629929,-0.12286113947629929,-0.008003157563507557,-0.8116393089294434,-0.7726246118545532,0.0,-0.11485798191279173,-0.11485798191279173,0.11421972513198853,0.11421972513198853,0.20941512286663055,-0.4754844009876251,0.1010807603597641,0.0,-0.09519539773464203,-0.09519539773464203,-0.14387668669223785,-0.14387668669223785,-0.12732061743736267,1.683604121208191,-0.0578213706612587,0.0,-0.016556069254875183,-0.016556069254875183,-0.28194329142570496,-0.28194329142570496,-0.029958633705973625,-1.5997588634490967,1.0983638763427734,0.0,-0.25198465771973133,-0.25198465771973133,0.22051003575325012,0.22051003575325012,0.23209820687770844,0.33876049518585205,0.07455818355083466,0.0,-0.011588171124458313,-0.011588171124458313,-0.02985977940261364,-0.02985977940261364,0.007099213544279337,-0.017104536294937134,0.7252126932144165,0.0,-0.03695899294689298,-0.03695899294689298
749,24.966666666666665,4,0,0,,4,uneven rough,5,0.0,52.114776611328125,35.89296340942383,0.34157735109329224,1.4620170593261719,-0.5442992448806763,1.4620170593261719,-0.5442992448806763,6.919795989990234,0.3528999090194702,0.1666666716337204,0.6639930605888367,0.2170790731906891,0.7310085296630859,-0.27214962244033813,0.4037879407405853,-0.08671441674232483,0.6194940805435181,-0.08695642650127411,0.2956022620201111,-0.44031959772109985,0.28265154361724854,0.28265154361724854,0.2482450306415558,1.13965904712677,-0.37354132533073425,0.0,0.03440651297569275,0.03440651297569275,-0.1387430727481842,-0.1387430727481842,0.059878893196582794,-1.296365737915039,-0.30040299892425537,0.0,-0.198621965944767,-0.198621965944767,0.30974704027175903,0.30974704027175903,0.08145716041326523,2.0372891426086426,-0.8807641267776489,0.0,0.2282898798584938,0.2282898798584938,-0.0608694963157177,-0.0608694963157177,0.2251707911491394,-1.9799813032150269,-0.4961763024330139,0.0,-0.2860402874648571,-0.2860402874648571,0.14780113101005554,0.14780113101005554,0.12408352643251419,0.8508148789405823,-1.2281168699264526,0.0,0.02371760457754135,0.02371760457754135,-0.22015979886054993,-0.22015979886054993,-0.08620151877403259,0.21074819564819336,-0.6923502683639526,0.0,-0.13395828008651733,-0.13395828008651733
749,24.966666666666665,14,0,0,,4,uneven rough,5,0.0,51.51021957397461,37.94341278076172,0.367949903011322,1.1924917697906494,0.6080952882766724,1.1924917697906494,0.6080952882766724,6.290822505950928,0.5608012676239014,0.1666666716337204,0.3177811801433563,0.35141897201538086,0.5962458848953247,0.3040476441383362,-0.25957006216049194,0.7502380609512329,0.5058183073997498,0.29002851247787476,-0.020787566900253296,-0.16541902720928192,-0.18169903755187988,-0.18169903755187988,0.08705228567123413,-1.4990772008895874,-0.8362501263618469,0.0,-0.268751323223114,-0.268751323223114,0.37511903047561646,0.37511903047561646,0.1210247352719307,1.9642109870910645,1.164942979812622,0.0,0.25409429520368576,0.25409429520368576,0.2529091536998749,0.2529091536998749,0.15566013753414154,-0.5129218101501465,-0.46646615862846375,0.0,0.09724901616573334,0.09724901616573334,0.20301996171474457,0.20301996171474457,0.2966248393058777,-1.3641796112060547,1.0008004903793335,0.0,-0.09360487759113312,-0.09360487759113312,-0.03326010704040527,-0.03326010704040527,0.07079864293336868,-0.5035463571548462,-1.0098518133163452,0.0,-0.10405874997377396,-0.10405874997377396,-0.08270951360464096,-0.08270951360464096,0.02692793495953083,0.24286723136901855,1.530540943145752,0.0,-0.10963744856417179,-0.10963744856417179
749,24.966666666666665,24,0,0,,4,uneven rough,10,0.0,89.28455352783203,33.08341979980469,0.2415393441915512,1.8456984758377075,-0.671312689781189,1.8456984758377075,-0.671312689781189,9.74468994140625,7.6274237632751465,0.5,0.07174762338399887,0.15333060920238495,0.9228492379188538,-0.3356563448905945,0.6220163106918335,-0.06188396364450455,-0.6066451072692871,-0.3141525983810425,0.4947042465209961,-0.357705295085907,0.4354114234447479,0.4354114234447479,0.04503912478685379,1.877516269683838,-0.794683575630188,0.0,0.39037229865789413,0.39037229865789413,-0.09901434183120728,-0.09901434183120728,0.1633443832397461,-0.7254916429519653,-0.2249102145433426,0.0,-0.26235872507095337,-0.26235872507095337,-0.30332255363464355,-0.30332255363464355,-0.16081660985946655,-0.8295775651931763,0.9267837405204773,0.0,-0.142505943775177,-0.142505943775177,-0.21990682184696198,-0.21990682184696198,-0.0902462974190712,-1.4374558925628662,-0.42715954780578613,0.0,-0.12966052442789078,-0.12966052442789078,0.24735212326049805,0.24735212326049805,0.22246046364307404,0.5113472938537598,0.22393864393234253,0.0,0.02489165961742401,0.02489165961742401,-0.1788526475429535,-0.1788526475429535,-0.029769079759716988,-0.5361180305480957,0.3055051863193512,0.0,-0.1490835677832365,-0.1490835677832365
750,25.0,4,0,0,,4,uneven rough,5,0.0,52.06376266479492,35.88798522949219,0.3457548916339874,1.604454517364502,0.35212308168411255,1.604454517364502,0.35212308168411255,4.7318830490112305,2.7148661613464355,0.3333333432674408,0.8891161680221558,0.09674625098705292,0.802227258682251,0.17606154084205627,0.5921607613563538,0.43619510531425476,0.061065923422575,0.02767018787562847,0.3199532628059387,-0.2563924193382263,0.4145125150680542,0.4145125150680542,0.31375300884246826,1.975651502609253,0.4820248782634735,0.0,0.10075950622558594,0.10075950622558594,0.21809755265712738,0.21809755265712738,0.1248253658413887,1.9885936975479126,-0.8635221123695374,0.0,0.09327218681573868,0.09327218681573868,0.0305329617112875,0.0305329617112875,0.04502904787659645,-1.8811613321304321,0.7691084146499634,0.0,-0.014496086165308952,-0.014496086165308952,0.019369130954146385,0.019369130954146385,0.15893349051475525,-1.643520474433899,-1.3351223468780518,0.0,-0.13956435956060886,-0.13956435956060886,0.15997663140296936,0.15997663140296936,0.15443916618824005,0.5237568616867065,-0.05268510431051254,0.0,0.005537465214729309,0.005537465214729309,-0.12819620966911316,-0.12819620966911316,-0.11540000885725021,-0.3598170578479767,-0.1817367672920227,0.0,-0.012796200811862946,-0.012796200811862946
750,25.0,14,0,0,,4,uneven rough,5,0.0,51.472354888916016,37.930694580078125,0.35994887351989746,1.422055721282959,0.7686235308647156,1.422055721282959,0.7686235308647156,4.8430070877075195,1.1455411911010742,0.3966936767101288,0.18399648368358612,0.1900208592414856,0.7110278606414795,0.3843117654323578,0.3861323893070221,0.22872890532016754,-0.17936308681964874,0.1506977379322052,0.5631458759307861,-0.36330074071884155,0.2702926695346832,0.2702926695346832,0.13232716917991638,2.0001096725463867,-1.211013674736023,0.0,0.13796550035476685,0.13796550035476685,0.11436445266008377,0.11436445266008377,0.13379158079624176,-1.0560884475708008,1.6168506145477295,0.0,-0.01942712813615799,-0.01942712813615799,-0.08968154340982437,-0.08968154340982437,0.08737580478191376,-1.9521384239196777,-0.4927322566509247,0.0,-0.17705734819173813,-0.17705734819173813,0.10548841208219528,0.10548841208219528,0.22700192034244537,-1.9382858276367188,-0.3363634943962097,0.0,-0.12151350826025009,-0.12151350826025009,0.28157293796539307,0.28157293796539307,0.11806761473417282,1.7471823692321777,-0.7235857844352722,0.0,0.16350532323122025,0.16350532323122025,-0.18165037035942078,-0.18165037035942078,-0.019838577136397362,-1.5031691789627075,0.8024879097938538,0.0,-0.16181179322302341,-0.16181179322302341
750,25.0,24,0,0,,4,uneven rough,10,0.0,89.33528137207031,33.09374237060547,0.24742481112480164,1.88119375705719,0.014947985298931599,1.88119375705719,0.014947985298931599,9.498575210571289,5.04312801361084,0.5,-0.11815524101257324,0.10858634114265442,0.940596878528595,0.007473992649465799,-0.039119817316532135,0.24524973332881927,0.019634967669844627,0.07231972366571426,0.24246789515018463,0.19735053181648254,-0.027383871376514435,-0.027383871376514435,-0.00891848560422659,-1.9875640869140625,0.7161830067634583,0.0,-0.018465385772287846,-0.018465385772287846,0.12262486666440964,0.12262486666440964,0.10666924715042114,-1.059361219406128,-0.507939875125885,0.0,0.015955619513988495,0.015955619513988495,0.009817483834922314,0.009817483834922314,-0.09618571400642395,2.0000014305114746,-0.06626607477664948,0.0,0.10600319784134626,0.10600319784134626,0.050623804330825806,0.050623804330825806,-0.03231805935502052,2.0001378059387207,-0.9983829259872437,0.0,0.08294186368584633,0.08294186368584633,0.12123394757509232,0.12123394757509232,0.16680802404880524,-1.7186634540557861,0.3864400088787079,0.0,-0.04557407647371292,-0.04557407647371292,0.09867526590824127,0.09867526590824127,0.033256255090236664,1.8854855298995972,-0.1703500747680664,0.0,0.06541901081800461,0.06541901081800461
751,25.03333333333333,4,0,0,,4,uneven rough,5,0.0,52.01359176635742,35.885475158691406,0.3509535789489746,0.3793783485889435,0.1075332835316658,0.3793783485889435,0.1075332835316658,1.3990545272827148,3.3333334922790527,0.1666666716337204,0.582423985004425,0.136280357837677,0.18968917429447174,0.0537666417658329,0.044962167739868164,0.48770537972450256,0.4205310344696045,0.3688881993293762,0.3063795268535614,-0.34192997217178345,0.031473517417907715,0.031473517417907715,0.2602815628051758,-1.405133605003357,1.326524019241333,0.0,-0.22880804538726807,-0.22880804538726807,0.24385268986225128,0.24385268986225128,0.1922421157360077,1.979146122932434,0.7490692734718323,0.0,0.05161057412624359,0.05161057412624359,0.21026551723480225,0.21026551723480225,0.07230045646429062,1.1871237754821777,-0.7293588519096375,0.0,0.13796506077051163,0.13796506077051163,0.25822174549102783,0.25822174549102783,0.22526608407497406,1.8651481866836548,-1.509491205215454,0.0,0.03295566141605377,0.03295566141605377,0.1531897634267807,0.1531897634267807,0.17878137528896332,0.3497300446033478,0.2732362151145935,0.0,-0.025591611862182617,-0.025591611862182617,-0.17096498608589172,-0.17096498608589172,-0.12382862716913223,-0.0811973363161087,-0.2824236750602722,0.0,-0.04713635891675949,-0.04713635891675949
751,25.03333333333333,14,0,0,,4,uneven rough,5,0.0,51.438323974609375,37.921051025390625,0.3619932532310486,1.065065860748291,-0.17769204080104828,1.065065860748291,-0.17769204080104828,1.8153600692749023,0.8047974109649658,0.3333333432674408,0.017705440521240234,0.0970611572265625,0.5325329303741455,-0.08884602040052414,0.5645216703414917,0.07321120798587799,0.3962996304035187,0.15194733440876007,0.09190531820058823,-0.38826441764831543,0.39516517519950867,0.39516517519950867,0.19450461864471436,1.8601484298706055,0.6045612096786499,0.0,0.2006605565547943,0.2006605565547943,0.036605603992938995,0.036605603992938995,0.06913558393716812,-1.941784381866455,0.10556604713201523,0.0,-0.032529979944229126,-0.032529979944229126,0.19814981520175934,0.19814981520175934,0.09910733252763748,0.7477222681045532,-1.3178831338882446,0.0,0.09904248267412186,0.09904248267412186,0.10636313259601593,0.10636313259601593,0.15958958864212036,-1.9559199810028076,-1.2420932054519653,0.0,-0.05322645604610443,-0.05322645604610443,0.04595265910029411,0.04595265910029411,0.06603862345218658,-1.3406540155410767,0.6733909249305725,0.0,-0.02008596435189247,-0.02008596435189247,-0.19413220882415771,-0.19413220882415771,-0.01302314642816782,0.2807842791080475,-0.5011347532272339,0.0,-0.1811090623959899,-0.1811090623959899
751,25.03333333333333,24,0,0,,4,uneven rough,10,0.0,89.38488006591797,33.106834411621094,0.2617039978504181,1.6870372295379639,0.6617662906646729,1.6870372295379639,0.6617662906646729,8.5947904586792,1.050417184829712,0.1666666716337204,-0.08578547090291977,0.05149826034903526,0.8435186147689819,0.3308831453323364,-0.07306908816099167,0.7909290790557861,0.052177008241415024,0.0370260551571846,0.07911092042922974,0.01891391910612583,-0.05114836245775223,-0.05114836245775223,-0.05666597560048103,-0.5848507285118103,-0.812520444393158,0.0,0.0055176131427288055,0.0055176131427288055,0.39546453952789307,0.39546453952789307,0.14667971432209015,1.4046114683151245,-0.8197144865989685,0.0,0.24878482520580292,0.24878482520580292,0.026088504120707512,0.026088504120707512,-0.030255736783146858,1.9994761943817139,1.1020052433013916,0.0,0.05634424090385437,0.05634424090385437,0.02591823786497116,0.02591823786497116,0.025533435866236687,0.8477824926376343,0.6969860792160034,0.0,0.0003848019987344742,0.0003848019987344742,0.03955546021461487,0.03955546021461487,0.11745280772447586,-1.995031476020813,-0.8037892580032349,0.0,-0.07789734750986099,-0.07789734750986099,0.009456959553062916,0.009456959553062916,0.05083795636892319,-0.055375631898641586,0.9920230507850647,0.0,-0.04138099681586027,-0.04138099681586027
752,25.066666666666666,4,0,0,,4,uneven rough,5,0.0,51.96110153198242,35.87360763549805,0.35368600487709045,1.438368320465088,0.17269976437091827,1.438368320465088,0.17269976437091827,5.42167854309082,2.201538562774658,0.3333333432674408,0.31774652004241943,0.06274238228797913,0.719184160232544,0.08634988218545914,0.32612913846969604,0.5120044350624084,-0.22050249576568604,0.15055415034294128,0.4672504961490631,-0.3040282130241394,0.228290393948555,0.228290393948555,0.25421181321144104,-0.021425830200314522,-0.21796011924743652,0.0,-0.025921419262886047,-0.025921419262886047,0.2560022175312042,0.2560022175312042,0.24943432211875916,0.9773195385932922,1.4445569515228271,0.0,0.006567895412445068,0.006567895412445068,-0.11025124788284302,-0.11025124788284302,0.009775204584002495,-1.9999995231628418,0.3542238771915436,0.0,-0.12002645246684551,-0.12002645246684551,0.10538790374994278,0.10538790374994278,0.19606494903564453,-1.8556798696517944,0.39853593707084656,0.0,-0.09067704528570175,-0.09067704528570175,0.23362524807453156,0.23362524807453156,0.21841099858283997,1.3314282894134521,0.3164859712123871,0.0,0.01521424949169159,0.01521424949169159,-0.1520141065120697,-0.1520141065120697,-0.15697020292282104,-0.22795037925243378,-0.16864994168281555,0.0,0.004956096410751343,0.004956096410751343
752,25.066666666666666,14,0,0,,4,uneven rough,5,0.0,51.40584945678711,37.905181884765625,0.35710617899894714,1.0994715690612793,-0.7671407461166382,1.0994715690612793,-0.7671407461166382,1.8654179573059082,3.6693029403686523,0.3333333432674408,0.11832841485738754,0.0674356073141098,0.5497357845306396,-0.3835703730583191,0.1090429350733757,-0.018565746024250984,0.8284031748771667,0.1296209990978241,0.41209298372268677,-0.19017840921878815,0.07633005082607269,0.07633005082607269,0.1597575694322586,-1.9867316484451294,1.3144724369049072,0.0,-0.08342751860618591,-0.08342751860618591,-0.029705194756388664,-0.029705194756388664,0.007356544956564903,-1.6910638809204102,-1.0520095825195312,0.0,-0.03706173971295357,-0.03706173971295357,0.4142015874385834,0.4142015874385834,0.1610022485256195,1.7763961553573608,-0.1499861627817154,0.0,0.25319933891296387,0.25319933891296387,0.09073469787836075,0.09073469787836075,0.11789645999670029,-1.3675742149353027,-1.6456921100616455,0.0,-0.02716176211833954,-0.02716176211833954,0.20604649186134338,0.20604649186134338,0.11043764650821686,1.587291955947876,-0.46535369753837585,0.0,0.09560884535312653,0.09560884535312653,-0.09508920460939407,-0.09508920460939407,0.0068236044608056545,0.46932780742645264,-0.059036336839199066,0.0,-0.10191280907019973,-0.10191280907019973
752,25.066666666666666,24,0,0,,4,uneven rough,10,0.0,89.43069458007812,33.13691329956055,0.2684013843536377,1.6960159540176392,-0.20384277403354645,1.6960159540176392,-0.20384277403354645,9.19080638885498,2.6375417709350586,0.3333333432674408,0.21445000171661377,0.07018044590950012,0.8480079770088196,-0.10192138701677322,-0.3706699311733246,0.6679368019104004,-0.24887290596961975,-0.2333652228116989,0.31608182191848755,-0.3853788673877716,-0.2594689428806305,-0.2594689428806305,-0.11928902566432953,-1.9046695232391357,-0.6837955713272095,0.0,-0.14017991721630096,-0.14017991721630096,0.3339684009552002,0.3339684009552002,0.21339187026023865,1.831080436706543,0.437923401594162,0.0,0.12057653069496155,0.12057653069496155,-0.12443645298480988,-0.12443645298480988,-0.0899985283613205,-1.8187353610992432,1.6094368696212769,0.0,-0.03443792462348938,-0.03443792462348938,-0.16335564851760864,-0.16335564851760864,-0.0027738960925489664,-2.004615306854248,0.7822466492652893,0.0,-0.16058175242505968,-0.16058175242505968,0.15804091095924377,0.15804091095924377,0.13607442378997803,1.6344859600067139,-1.4773197174072266,0.0,0.021966487169265747,0.021966487169265747,-0.1926894336938858,-0.1926894336938858,-0.016136592254042625,-2.0154716968536377,0.3998219668865204,0.0,-0.17655284143984318,-0.17655284143984318
753,25.1,4,0,0,,4,uneven rough,5,0.0,51.9110221862793,35.8675651550293,0.3521879315376282,1.1808961629867554,0.9447153806686401,1.1808961629867554,0.9447153806686401,5.865856170654297,0.0,0.0,0.2158539891242981,0.221455916762352,0.5904480814933777,0.47235769033432007,0.6300293207168579,0.07365879416465759,0.17270779609680176,0.1543971747159958,0.2233382910490036,-0.43174421787261963,0.44102051854133606,0.44102051854133606,0.3166140913963318,2.0011584758758545,-0.10683928430080414,0.0,0.12440642714500427,0.12440642714500427,0.036829397082328796,0.036829397082328796,0.1888824999332428,-1.9986599683761597,1.18038010597229,0.0,-0.152053102850914,-0.152053102850914,0.08635389804840088,0.08635389804840088,0.04548131301999092,0.40971583127975464,-0.9768582582473755,0.0,0.04087258502840996,0.04087258502840996,0.1080780178308487,0.1080780178308487,0.13076387345790863,-1.438748836517334,-0.8760017156600952,0.0,-0.022685855627059937,-0.022685855627059937,0.1116691455245018,0.1116691455245018,0.15636859834194183,-1.4759907722473145,0.8903361558914185,0.0,-0.04469945281744003,-0.04469945281744003,-0.21587210893630981,-0.21587210893630981,-0.16032244265079498,-0.11556467413902283,-0.20217850804328918,0.0,-0.05554966628551483,-0.05554966628551483
753,25.1,14,0,0,,4,uneven rough,5,0.0,51.3719596862793,37.89564514160156,0.35725682973861694,1.4177231788635254,0.7193613648414612,1.4177231788635254,0.7193613648414612,5.836808681488037,4.889797210693359,0.3333333432674408,-0.1430422067642212,0.17929983139038086,0.7088615894317627,0.3596806824207306,0.8280535936355591,-0.00462214695289731,-0.04656264930963516,0.2484510838985443,0.14940392971038818,0.23141664266586304,0.5796375274658203,0.5796375274658203,0.1702437698841095,0.8731648325920105,-0.5520342588424683,0.0,0.4093937575817108,0.4093937575817108,-0.007395435124635696,-0.007395435124635696,-0.01920769363641739,0.387310653924942,-1.4133319854736328,0.0,0.011812258511781693,0.011812258511781693,-0.02328132465481758,-0.02328132465481758,0.11014547199010849,-1.9999990463256836,0.939193844795227,0.0,-0.13342679664492607,-0.13342679664492607,0.17391575872898102,0.17391575872898102,0.10582227259874344,1.5742985010147095,-1.4884437322616577,0.0,0.06809348613023758,0.06809348613023758,0.07470196485519409,0.07470196485519409,0.09500014781951904,-1.0874793529510498,0.6952158212661743,0.0,-0.02029818296432495,-0.02029818296432495,0.11570832133293152,0.11570832133293152,0.06698288768529892,1.9981117248535156,0.23970170319080353,0.0,0.0487254336476326,0.0487254336476326
753,25.1,24,0,0,,4,uneven rough,10,0.0,89.4765853881836,33.15841293334961,0.2638208568096161,1.7227063179016113,0.721454381942749,1.7227063179016113,0.721454381942749,8.795547485351562,3.1563773155212402,0.1666666716337204,0.21337023377418518,0.20946961641311646,0.8613531589508057,0.3607271909713745,0.6585429310798645,0.1570039689540863,0.21529071033000946,-0.1090313047170639,0.48865264654159546,-0.4756789207458496,0.46098005771636963,0.46098005771636963,-0.09317438304424286,1.1644705533981323,-1.374079942703247,0.0,0.5541544407606125,0.5541544407606125,0.07850198447704315,0.07850198447704315,0.1881573647260666,-1.4647728204727173,1.2256169319152832,0.0,-0.10965538024902344,-0.10965538024902344,0.10764535516500473,0.10764535516500473,-0.02109709195792675,1.9399698972702026,-0.3288578689098358,0.0,0.12874244712293148,0.12874244712293148,-0.07632191479206085,-0.07632191479206085,-0.07276488840579987,-1.747657299041748,-0.793450117111206,0.0,-0.0035570263862609863,-0.0035570263862609863,0.24432632327079773,0.24432632327079773,0.13468597829341888,-0.6968570947647095,0.2821007966995239,0.0,0.10964034497737885,0.10964034497737885,-0.2378394603729248,-0.2378394603729248,-0.028773637488484383,0.04133046418428421,-0.9657893776893616,0.0,-0.20906582288444042,-0.20906582288444042
754,25.133333333333333,4,0,0,,4,uneven rough,5,0.0,51.8620491027832,35.86112976074219,0.35247012972831726,1.827233076095581,-0.6835810542106628,1.827233076095581,-0.6835810542106628,3.347029447555542,2.991309881210327,0.5,-0.23305734992027283,0.16067790985107422,0.9136165380477905,-0.3417905271053314,-0.03444525972008705,0.33779042959213257,0.36528944969177246,0.35381045937538147,0.2852972745895386,0.19999170303344727,-0.024111680686473846,-0.024111680686473846,0.25828027725219727,-1.957923412322998,1.0850263833999634,0.0,-0.2823919579386711,-0.2823919579386711,0.16889521479606628,0.16889521479606628,0.17449428141117096,0.6412351131439209,-0.6170548796653748,0.0,-0.005599066615104675,-0.005599066615104675,0.18264472484588623,0.18264472484588623,0.10808221250772476,1.8085839748382568,-0.19288678467273712,0.0,0.07456251233816147,0.07456251233816147,0.2476673126220703,0.2476673126220703,0.19274502992630005,1.9418703317642212,-1.1941800117492676,0.0,0.054922282695770264,0.054922282695770264,0.1426486372947693,0.1426486372947693,0.15019580721855164,-0.3555586040019989,-0.44758933782577515,0.0,-0.007547169923782349,-0.007547169923782349,0.09999585151672363,0.09999585151672363,-0.09249919652938843,1.85763680934906,-0.15320688486099243,0.0,0.19249504804611206,0.19249504804611206
754,25.133333333333333,14,0,0,,4,uneven rough,5,0.0,51.33769607543945,37.88653564453125,0.35973048210144043,1.2387290000915527,0.24856899678707123,1.2387290000915527,0.24856899678707123,6.519731044769287,0.0,0.0,0.048429690301418304,0.1935591995716095,0.6193645000457764,0.12428449839353561,-0.3584238290786743,0.7338043451309204,0.263094425201416,0.46502456068992615,0.0603761225938797,0.1165686696767807,-0.2508966624736786,-0.2508966624736786,0.11883538961410522,-1.9743059873580933,0.25377586483955383,0.0,-0.3697320520877838,-0.3697320520877838,0.3669021725654602,0.3669021725654602,0.03404249623417854,2.0000007152557373,-0.39524540305137634,0.0,0.33285967633128166,0.33285967633128166,0.131547212600708,0.131547212600708,0.10767335444688797,1.1959843635559082,-0.7226310968399048,0.0,0.023873858153820038,0.023873858153820038,0.3255171775817871,0.3255171775817871,0.17651234567165375,1.9935376644134521,0.2432362288236618,0.0,0.14900483191013336,0.14900483191013336,0.03018806129693985,0.03018806129693985,0.04313215613365173,-1.6856151819229126,-0.31272321939468384,0.0,-0.012944094836711884,-0.012944094836711884,0.05828433483839035,0.05828433483839035,0.07463570684194565,-0.7854124903678894,1.2339098453521729,0.0,-0.016351372003555298,-0.016351372003555298
754,25.133333333333333,24,0,0,,4,uneven rough,10,0.0,89.52632141113281,33.172786712646484,0.26901257038116455,1.8885774612426758,-0.9874616861343384,1.8707566261291504,-0.9874616861343384,10.38707160949707,4.838622093200684,0.3333333432674408,-0.20236548781394958,0.15221838653087616,0.9442887306213379,-0.4937308430671692,0.29765594005584717,0.7022878527641296,-0.06677743792533875,-0.049399234354496,-0.11385833472013474,-0.008497633039951324,0.20835915207862854,0.20835915207862854,-0.0440349355340004,1.3530038595199585,0.061221059411764145,0.0,0.25239408761262894,0.25239408761262894,0.3511439263820648,0.3511439263820648,0.24805983901023865,1.9750993251800537,-0.2955342233181,0.0,0.10308408737182617,0.10308408737182617,-0.03338871896266937,-0.03338871896266937,-0.0029651036020368338,0.8818991184234619,0.9539414048194885,0.0,-0.03042361536063254,-0.03042361536063254,-0.03457946330308914,-0.03457946330308914,-0.0720757395029068,1.266650676727295,-1.332960605621338,0.0,0.03749627619981766,0.03749627619981766,-0.18217334151268005,-0.18217334151268005,0.11595755815505981,-0.7056598663330078,-0.2714037597179413,0.0,-0.29813089966773987,-0.29813089966773987,-0.004248816519975662,-0.004248816519975662,-0.00976123008877039,-0.08703044056892395,-0.3963620066642761,0.0,0.005512413568794727,0.005512413568794727
755,25.166666666666668,4,0,0,,4,uneven rough,5,0.0,51.8104362487793,35.8551139831543,0.3582601845264435,1.3551925420761108,0.5337412357330322,1.3551925420761108,0.5337412357330322,6.476321220397949,1.3924014568328857,0.3333333432674408,-0.5473937392234802,0.12394600361585617,0.6775962710380554,0.2668706178665161,0.4338991940021515,0.49534836411476135,-0.10540544241666794,0.3339150846004486,-0.07603204250335693,0.09003060311079025,0.30372944474220276,0.30372944474220276,0.2728363573551178,1.5145231485366821,-0.6354628801345825,0.0,0.03089308738708496,0.03089308738708496,0.24767418205738068,0.24767418205738068,0.2184929996728897,1.3238866329193115,0.09438452869653702,0.0,0.029181182384490967,0.029181182384490967,-0.05270272120833397,-0.05270272120833397,0.054544318467378616,-1.8978712558746338,0.9387483596801758,0.0,-0.10724703967571259,-0.10724703967571259,0.23374055325984955,0.23374055325984955,0.21337702870368958,0.27756181359291077,0.5789484977722168,0.0,0.020363524556159973,0.020363524556159973,-0.12165126949548721,-0.12165126949548721,0.10332583636045456,-1.2444485425949097,-0.3955549895763397,0.0,-0.22497710585594177,-0.22497710585594177,0.045015301555395126,0.045015301555395126,-0.05432937294244766,1.5116037130355835,0.983727753162384,0.0,0.09934467449784279,0.09934467449784279
755,25.166666666666668,14,0,0,,4,uneven rough,5,0.0,51.30170440673828,37.87423324584961,0.3608689308166504,0.566115140914917,0.5063228607177734,0.566115140914917,0.5063228607177734,2.946972608566284,0.0,0.0,0.24452617764472961,0.056820712983608246,0.2830575704574585,0.2531614303588867,0.42972224950790405,0.37716934084892273,-0.0741472989320755,0.19316357374191284,-0.21894371509552002,-0.04338084161281586,0.30080556869506836,0.30080556869506836,0.17325705289840698,1.9421632289886475,-1.0059856176376343,0.0,0.12754851579666138,0.12754851579666138,0.18858467042446136,0.18858467042446136,0.09867367893457413,2.0000343322753906,0.9590310454368591,0.0,0.08991099148988724,0.08991099148988724,-0.03707364946603775,-0.03707364946603775,0.04850740358233452,-1.5384410619735718,0.36215752363204956,0.0,-0.08558105304837227,-0.08558105304837227,0.13521449267864227,0.13521449267864227,0.14469298720359802,-1.1535342931747437,1.2328598499298096,0.0,-0.00947849452495575,-0.00947849452495575,-0.35030993819236755,-0.35030993819236755,-0.01019146665930748,-2.0468058586120605,-1.088958740234375,0.0,-0.3401184715330601,-0.3401184715330601,-0.02169042080640793,-0.02169042080640793,0.01872923970222473,-0.9122845530509949,0.09218136966228485,0.0,-0.04041966050863266,-0.04041966050863266
755,25.166666666666668,24,0,0,,4,uneven rough,10,0.0,89.57955169677734,33.19203186035156,0.27743977308273315,1.7936744689941406,-0.6729394197463989,1.7936744689941406,-0.6729394197463989,9.36941909790039,2.808675765991211,0.1666666716337204,0.09885760396718979,0.2022150605916977,0.8968372344970703,-0.33646970987319946,-0.44387125968933105,0.7395272254943848,-0.5210098624229431,-0.3503837585449219,0.3201335072517395,-0.21184048056602478,-0.3107098639011383,-0.3107098639011383,-0.08172789961099625,-1.3451412916183472,0.7915973663330078,0.0,-0.22898196429014206,-0.22898196429014206,0.3697636127471924,0.3697636127471924,0.3169581890106201,1.9894691705703735,0.9882860779762268,0.0,0.052805423736572266,0.052805423736572266,-0.26050493121147156,-0.26050493121147156,-0.008855529129505157,0.7060949802398682,0.9132086038589478,0.0,-0.2516494020819664,-0.2516494020819664,-0.24526862800121307,-0.24526862800121307,-0.04093864932656288,0.14718122780323029,0.13686424493789673,0.0,-0.2043299786746502,-0.2043299786746502,0.16006675362586975,0.16006675362586975,0.1343001425266266,1.0156629085540771,-0.5169329643249512,0.0,0.025766611099243164,0.025766611099243164,-0.10592024028301239,-0.10592024028301239,-0.05040799826383591,-0.33949828147888184,-0.22146537899971008,0.0,-0.05551224201917648,-0.05551224201917648
756,25.2,4,0,0,,4,uneven rough,5,0.0,51.761234283447266,35.8506965637207,0.36678868532180786,1.441331148147583,0.429351270198822,1.441331148147583,0.429351270198822,6.848100185394287,0.8436359763145447,0.1666666716337204,-0.6058436036109924,0.1709359884262085,0.7206655740737915,0.214675635099411,-0.30795764923095703,0.48269784450531006,0.7064618468284607,0.47408708930015564,0.012881400994956493,0.09404866397380829,-0.2155703455209732,-0.2155703455209732,0.22225028276443481,-1.9995653629302979,0.5801430940628052,0.0,-0.437820628285408,-0.437820628285408,0.24134892225265503,0.24134892225265503,0.2505089044570923,0.36778944730758667,0.7895472049713135,0.0,-0.009159982204437256,-0.009159982204437256,0.35323092341423035,0.35323092341423035,0.07357775419950485,0.2567211091518402,-0.6650814414024353,0.0,0.2796531692147255,0.2796531692147255,0.3318609595298767,0.3318609595298767,0.2810536324977875,1.763697862625122,0.4085439145565033,0.0,0.05080732703208923,0.05080732703208923,0.006440700497478247,0.006440700497478247,0.04261886328458786,-1.3671320676803589,-0.8755209445953369,0.0,-0.03617816278710961,-0.03617816278710961,0.047024331986904144,0.047024331986904144,0.014194770716130733,2.1397109031677246,1.2821897268295288,0.0,0.03282956127077341,0.03282956127077341
756,25.2,14,0,0,,4,uneven rough,5,0.0,51.26319885253906,37.85818862915039,0.3645327687263489,0.47558072209358215,0.137662872672081,0.47558072209358215,0.137662872672081,2.1228771209716797,4.163676738739014,0.3333333432674408,0.06691668927669525,0.11635073274374008,0.23779036104679108,0.0688314363360405,-0.12534430623054504,0.4115499258041382,0.5848569869995117,0.12579445540905,-0.14011305570602417,-0.31797486543655396,-0.08774100989103317,-0.08774100989103317,0.1497347503900528,-1.2502707242965698,0.6609030365943909,0.0,-0.23747576028108597,-0.23747576028108597,0.2057749629020691,0.2057749629020691,0.16265176236629486,1.994350790977478,1.5476161241531372,0.0,0.04312320053577423,0.04312320053577423,0.29242849349975586,0.29242849349975586,0.03561689704656601,-1.8331401348114014,-0.7124443054199219,0.0,0.25681159645318985,0.25681159645318985,0.08805611729621887,0.08805611729621887,0.1395162045955658,-0.744256854057312,-0.11641168594360352,0.0,-0.051460087299346924,-0.051460087299346924,-0.2241808921098709,-0.2241808921098709,-0.060759976506233215,-1.3443868160247803,-1.6305272579193115,0.0,-0.1634209156036377,-0.1634209156036377,-0.15898743271827698,-0.15898743271827698,0.005905706901103258,-0.5241204500198364,-0.47574546933174133,0.0,-0.16489313961938024,-0.16489313961938024
756,25.2,24,0,0,,4,uneven rough,10,0.0,89.63259887695312,33.20705795288086,0.285990834236145,1.5852235555648804,-0.4054108262062073,1.5852235555648804,-0.4054108262062073,7.367607116699219,6.847306728363037,0.5,0.043404579162597656,0.07686404883861542,0.7926117777824402,-0.20270541310310364,0.12888231873512268,0.2292514592409134,-0.623173713684082,-0.5471097826957703,0.4507671296596527,-0.22241832315921783,0.09021762013435364,0.09021762013435364,-0.025782771408557892,1.8825386762619019,-0.4165184795856476,0.0,0.11600039154291153,0.11600039154291153,0.1146257296204567,0.1146257296204567,0.30331969261169434,-0.544114887714386,1.5543568134307861,0.0,-0.18869396299123764,-0.18869396299123764,-0.311586856842041,-0.311586856842041,-0.016850927844643593,-0.057482004165649414,0.7961061596870422,0.0,-0.2947359289973974,-0.2947359289973974,-0.38297683000564575,-0.38297683000564575,-0.10094819962978363,-1.4067294597625732,0.14269748330116272,0.0,-0.2820286303758621,-0.2820286303758621,0.22538356482982635,0.22538356482982635,0.1591465026140213,1.8668047189712524,0.3495994806289673,0.0,0.06623706221580505,0.06623706221580505,-0.11120916157960892,-0.11120916157960892,-0.08163999766111374,-1.0787439346313477,-0.28820139169692993,0.0,-0.029569163918495178,-0.029569163918495178
757,25.233333333333334,4,0,0,,4,uneven rough,5,0.0,51.709571838378906,35.839027404785156,0.3685855269432068,1.5552046298980713,-0.622092068195343,1.5552046298980713,-0.622092068195343,7.934623718261719,7.785504341125488,0.47909849882125854,-0.8081990480422974,0.1305258870124817,0.7776023149490356,-0.3110460340976715,-0.07594576478004456,0.5725215673446655,0.3490523099899292,0.4635911285877228,0.1742190271615982,-0.28871843218803406,-0.05316203460097313,-0.05316203460097313,0.16755449771881104,-1.161036491394043,-0.8784286975860596,0.0,-0.22071653231978416,-0.22071653231978416,0.28626078367233276,0.28626078367233276,0.29788917303085327,-0.09146679192781448,0.5510846376419067,0.0,-0.011628389358520508,-0.011628389358520508,0.1745261549949646,0.1745261549949646,0.07802256941795349,-0.2780614197254181,-0.14389261603355408,0.0,0.09650358557701111,0.09650358557701111,0.3245137929916382,0.3245137929916382,0.3302311599254608,0.7376561760902405,1.1747503280639648,0.0,-0.005717366933822632,-0.005717366933822632,0.0871095135807991,0.0871095135807991,0.08664549142122269,1.0034910440444946,-1.153478741645813,0.0,0.000464022159576416,0.000464022159576416,-0.14435921609401703,-0.14435921609401703,0.006822160445153713,-0.3181505501270294,1.7670338153839111,0.0,-0.15118137653917074,-0.15118137653917074
757,25.233333333333334,14,0,0,,4,uneven rough,5,0.0,51.22043228149414,37.843265533447266,0.3548441231250763,1.1643599271774292,0.04177076742053032,1.1643599271774292,0.04177076742053032,4.81005859375,3.115485668182373,0.3333333432674408,0.1398850679397583,0.13740170001983643,0.5821799635887146,0.02088538371026516,0.4890824854373932,-0.05495332181453705,0.4526840150356293,0.014196977019309998,0.3362795114517212,-0.5621889233589172,0.34235772490501404,0.34235772490501404,0.2091742753982544,1.9721155166625977,-0.4196780323982239,0.0,0.13318344950675964,0.13318344950675964,-0.08792531490325928,-0.08792531490325928,0.12578444182872772,-1.9420435428619385,1.8002007007598877,0.0,-0.213709756731987,-0.213709756731987,0.22634200751781464,0.22634200751781464,0.07535921037197113,1.1066830158233643,-1.3460876941680908,0.0,0.1509827971458435,0.1509827971458435,0.009937883354723454,0.009937883354723454,0.07299333810806274,-1.8744925260543823,-0.47139647603034973,0.0,-0.06305545475333929,-0.06305545475333929,0.1681397557258606,0.1681397557258606,-0.039692673832178116,1.166172742843628,-1.4687429666519165,0.0,0.2078324295580387,0.2078324295580387,-0.2810944616794586,-0.2810944616794586,0.01272193156182766,0.5812070369720459,-0.5030967593193054,0.0,-0.2938163932412863,-0.2938163932412863
757,25.233333333333334,24,0,0,,4,uneven rough,10,0.0,89.68463897705078,33.222354888916016,0.30046167969703674,1.6734579801559448,0.09811537712812424,1.6734579801559448,0.09811537712812424,8.624445915222168,4.468547821044922,0.3333333432674408,0.08305828273296356,0.07349103689193726,0.8367289900779724,0.04905768856406212,0.15763375163078308,0.5598340034484863,-0.34645581245422363,-0.4247138798236847,0.23045210540294647,-0.21150387823581696,0.11034362763166428,0.11034362763166428,0.040104448795318604,1.89458167552948,0.8833725452423096,0.0,0.07023917883634567,0.07023917883634567,0.27991700172424316,0.27991700172424316,0.27729976177215576,-0.25774431228637695,0.36787712574005127,0.0,0.0026172399520874023,0.0026172399520874023,-0.17322790622711182,-0.17322790622711182,-0.06618320196866989,-1.9422311782836914,0.31348589062690735,0.0,-0.10704470425844193,-0.10704470425844193,-0.29729971289634705,-0.29729971289634705,-0.1647537648677826,-1.9745606184005737,-0.7333512902259827,0.0,-0.13254594802856445,-0.13254594802856445,0.11522605270147324,0.11522605270147324,0.1345694363117218,-0.7431208491325378,1.2074300050735474,0.0,-0.019343383610248566,-0.019343383610248566,-0.10575193911790848,-0.10575193911790848,-0.09715519100427628,-0.31538480520248413,-0.7351755499839783,0.0,-0.008596748113632202,-0.008596748113632202
758,25.266666666666666,4,0,0,,4,uneven rough,5,0.0,51.65683364868164,35.83079147338867,0.3634601831436157,0.8553885221481323,0.2506307065486908,0.8553885221481323,0.2506307065486908,4.98301362991333,0.7989898920059204,0.3333333432674408,-0.9253994822502136,0.13270661234855652,0.42769426107406616,0.1253153532743454,0.39598891139030457,0.254111647605896,0.08261509984731674,0.43233227729797363,0.3284595012664795,0.11160217225551605,0.27719223499298096,0.27719223499298096,0.2254979908466339,1.9508605003356934,-1.0382156372070312,0.0,0.051694244146347046,0.051694244146347046,0.127055823802948,0.127055823802948,0.2572474777698517,-0.6348555684089661,0.18778489530086517,0.0,-0.1301916539669037,-0.1301916539669037,0.04130754992365837,0.04130754992365837,0.037888940423727036,-1.3986376523971558,-0.21975189447402954,0.0,0.0034186094999313354,0.0034186094999313354,0.302632600069046,0.302632600069046,0.2930699288845062,-0.45191851258277893,0.9276164770126343,0.0,0.009562671184539795,0.009562671184539795,0.16422975063323975,0.16422975063323975,0.10707947611808777,1.4681086540222168,0.06607583910226822,0.0,0.05715027451515198,0.05715027451515198,0.055801086127758026,0.055801086127758026,0.042597364634275436,0.9959786534309387,0.588066816329956,0.0,0.01320372149348259,0.01320372149348259
758,25.266666666666666,14,0,0,,4,uneven rough,5,0.0,51.172054290771484,37.837432861328125,0.3425581753253937,1.6248292922973633,-0.450085312128067,1.6248292922973633,-0.450085312128067,5.1024065017700195,3.0260143280029297,0.5,0.23930995166301727,0.06296806037425995,0.8124146461486816,-0.2250426560640335,0.6078436374664307,0.23577170073986053,0.2682381868362427,0.2608424127101898,0.258933424949646,0.05180010199546814,0.42549052834510803,0.42549052834510803,0.26505330204963684,1.8273258209228516,0.9326463341712952,0.0,0.1604372262954712,0.1604372262954712,0.11788585036993027,0.11788585036993027,0.09908650070428848,-0.719172477722168,-0.3156708776950836,0.0,0.018799349665641785,0.018799349665641785,0.13411909341812134,0.13411909341812134,0.10667646676301956,0.5184156894683838,0.04071325063705444,0.0,0.027442626655101776,0.027442626655101776,0.18258967995643616,0.18258967995643616,0.09871792793273926,1.8183845281600952,-1.26470947265625,0.0,0.0838717520236969,0.0838717520236969,0.129466712474823,0.129466712474823,0.0372016616165638,1.9506890773773193,0.02104310505092144,0.0,0.0922650508582592,0.0922650508582592,0.02590005099773407,0.02590005099773407,0.05771928280591965,0.6978433728218079,0.10997055470943451,0.0,-0.03181923180818558,-0.03181923180818558
758,25.266666666666666,24,0,0,,4,uneven rough,10,0.0,89.73649597167969,33.242820739746094,0.3097052574157715,1.6475257873535156,-1.5215827226638794,1.6475257873535156,-1.5215827226638794,8.666987419128418,2.2994744777679443,0.3333333432674408,-0.10965359210968018,0.11977559328079224,0.8237628936767578,-0.7607913613319397,-0.060377638787031174,0.46875664591789246,-0.2585096061229706,-0.5968667268753052,0.4268863797187805,-0.4298005700111389,-0.04226434603333473,-0.04226434603333473,0.017993642017245293,-1.9759384393692017,1.4551119804382324,0.0,-0.060257988050580025,-0.060257988050580025,0.23437832295894623,0.23437832295894623,0.2669961154460907,-0.7726396918296814,0.014149649068713188,0.0,-0.03261779248714447,-0.03261779248714447,-0.1292548030614853,-0.1292548030614853,-0.10717391967773438,-1.0266907215118408,-0.9619005918502808,0.0,-0.022080883383750916,-0.022080883383750916,-0.4178067147731781,-0.4178067147731781,-0.19749262928962708,-0.8399088978767395,-1.4351332187652588,0.0,-0.22031408548355103,-0.22031408548355103,0.21344318985939026,0.21344318985939026,0.16500459611415863,1.3964661359786987,0.10458503663539886,0.0,0.04843859374523163,0.04843859374523163,-0.21490028500556946,-0.21490028500556946,-0.11155406385660172,0.06910444051027298,-0.49782511591911316,0.0,-0.10334622114896774,-0.10334622114896774
759,25.3,4,0,0,,4,uneven rough,5,0.0,51.606605529785156,35.822837829589844,0.34977787733078003,1.5403352975845337,-0.4122319221496582,1.5403352975845337,-0.4122319221496582,7.791314125061035,0.8302363157272339,0.1666666716337204,-0.6501048803329468,0.17366060614585876,0.7701676487922668,-0.2061159610748291,0.04429073631763458,0.07460973411798477,0.6628429889678955,0.5272812247276306,0.511211633682251,-0.2608065903186798,0.031003514304757118,0.031003514304757118,0.1825706511735916,-1.8865644931793213,0.6518133878707886,0.0,-0.1515671368688345,-0.1515671368688345,0.037304867058992386,0.037304867058992386,0.20476360619068146,-0.5817440152168274,-0.2773374915122986,0.0,-0.16745873913168907,-0.16745873913168907,0.33142149448394775,0.33142149448394775,0.0834319218993187,1.537428617477417,-0.8862960338592529,0.0,0.24798957258462906,0.24798957258462906,0.3690968453884125,0.3690968453884125,0.3581061065196991,1.3559104204177856,0.1476249247789383,0.0,0.010990738868713379,0.010990738868713379,0.2556058168411255,0.2556058168411255,0.16627535223960876,2.0044684410095215,0.8587877154350281,0.0,0.08933046460151672,0.08933046460151672,-0.1304032951593399,-0.1304032951593399,-0.009611144661903381,-0.5274479389190674,0.818700909614563,0.0,-0.12079215049743652,-0.12079215049743652
759,25.3,14,0,0,,4,uneven rough,5,0.0,51.1260871887207,37.828983306884766,0.3328494131565094,1.60519278049469,-1.0470577478408813,1.60519278049469,-1.0470577478408813,2.115138530731201,5.491218090057373,0.6666666865348816,0.17292478680610657,0.17647278308868408,0.802596390247345,-0.5235288739204407,-0.22038082778453827,-0.13392013311386108,0.3308775722980499,0.4795398712158203,0.4848976731300354,0.24857881665229797,-0.1542665809392929,-0.1542665809392929,0.24127550423145294,-1.64618980884552,1.4384996891021729,0.0,-0.39554208517074585,-0.39554208517074585,-0.21427221596240997,-0.21427221596240997,0.05025523155927658,-1.4058997631072998,-0.5438113808631897,0.0,-0.26452744752168655,-0.26452744752168655,0.16543878614902496,0.16543878614902496,0.12485501915216446,1.1269426345825195,0.31080707907676697,0.0,0.040583766996860504,0.040583766996860504,0.3356778919696808,0.3356778919696808,0.16790412366390228,1.9675167798995972,0.4784773886203766,0.0,0.1677737683057785,0.1677737683057785,0.2424488365650177,0.2424488365650177,0.09933683276176453,1.9673911333084106,1.1120684146881104,0.0,0.14311200380325317,0.14311200380325317,0.12428940832614899,0.12428940832614899,0.10682947188615799,1.621853232383728,0.44235488772392273,0.0,0.017459936439990997,0.017459936439990997
759,25.3,24,0,0,,4,uneven rough,10,0.0,89.79067993164062,33.25526428222656,0.30523133277893066,1.7577543258666992,0.01856006309390068,1.7577543258666992,0.01856006309390068,8.993968963623047,2.5853681564331055,0.3333333432674408,0.2408110350370407,0.316636323928833,0.8788771629333496,0.00928003154695034,0.6810393333435059,0.17173674702644348,-0.12945890426635742,-0.2958734631538391,0.6618704795837402,-0.23196838796138763,0.47672751545906067,0.47672751545906067,0.05810077115893364,0.748119056224823,-0.4848100543022156,0.0,0.41862674430012703,0.41862674430012703,0.08586837351322174,0.08586837351322174,0.20351435244083405,-1.375271201133728,-0.43070244789123535,0.0,-0.1176459789276123,-0.1176459789276123,-0.06472945213317871,-0.06472945213317871,-0.06822545826435089,0.9048359394073486,-0.9985330700874329,0.0,0.00349600613117218,0.00349600613117218,-0.2071114182472229,-0.2071114182472229,-0.23645304143428802,0.5527176856994629,-1.0985922813415527,0.0,0.029341623187065125,0.029341623187065125,0.3309352397918701,0.3309352397918701,0.22002406418323517,1.3662484884262085,0.8350169062614441,0.0,0.11091117560863495,0.11091117560863495,-0.11598419398069382,-0.11598419398069382,-0.09273368120193481,-0.3385406732559204,-0.17728213965892792,0.0,-0.023250512778759003,-0.023250512778759003
760,25.333333333333332,4,0,0,,4,uneven rough,5,0.0,51.55501937866211,35.81391525268555,0.34418630599975586,1.7424567937850952,0.4796757698059082,1.7424567937850952,0.4796757698059082,8.496224403381348,3.814258098602295,0.5,-0.6690661311149597,0.22492705285549164,0.8712283968925476,0.2398378849029541,0.5920546054840088,0.11842425912618637,-0.10297699272632599,0.32976749539375305,0.41739246249198914,0.25752970576286316,0.4144382178783417,0.4144382178783417,0.23778189718723297,1.9552425146102905,-0.7833900451660156,0.0,0.1766563206911087,0.1766563206911087,0.059212129563093185,0.059212129563093185,0.13959519565105438,-2.0,-0.44944947957992554,0.0,-0.0803830660879612,-0.0803830660879612,-0.051488496363162994,-0.051488496363162994,0.04374859482049942,-1.9527426958084106,0.4840822219848633,0.0,-0.09523709118366241,-0.09523709118366241,0.23083724081516266,0.23083724081516266,0.29479220509529114,-1.9714009761810303,0.830791711807251,0.0,-0.06395496428012848,-0.06395496428012848,0.20869623124599457,0.20869623124599457,0.21010810136795044,0.4932437837123871,1.5065577030181885,0.0,-0.0014118701219558716,-0.0014118701219558716,0.12876485288143158,0.12876485288143158,0.014898804947733879,0.8256654739379883,0.05758592486381531,0.0,0.1138660479336977,0.1138660479336977
760,25.333333333333332,14,0,0,,4,uneven rough,5,0.0,51.08032989501953,37.813270568847656,0.3290802836418152,1.191028356552124,-0.10675663501024246,1.191028356552124,-0.10675663501024246,5.285003185272217,1.4204257726669312,0.3333333432674408,0.4798787236213684,0.05357128381729126,0.595514178276062,-0.05337831750512123,0.2793557643890381,0.15423578023910522,0.25874975323677063,0.5681114196777344,0.33499401807785034,0.16400498151779175,0.19554902613162994,0.19554902613162994,0.1840333789587021,-1.209619164466858,-0.3055892586708069,0.0,0.011515647172927856,0.011515647172927856,0.07711789011955261,0.07711789011955261,0.08320321142673492,0.883120596408844,-1.0312377214431763,0.0,-0.006085321307182312,-0.006085321307182312,0.12937487661838531,0.12937487661838531,0.13421021401882172,-0.20164674520492554,0.7722516059875488,0.0,-0.004835337400436401,-0.004835337400436401,0.3976779878139496,0.3976779878139496,0.23281173408031464,1.679024577140808,1.3203829526901245,0.0,0.16486625373363495,0.16486625373363495,0.16749700903892517,0.16749700903892517,0.1553061157464981,0.355532169342041,1.5956693887710571,0.0,0.012190893292427063,0.012190893292427063,0.08200249075889587,0.08200249075889587,0.09952542185783386,-1.0583897829055786,1.1092454195022583,0.0,-0.01752293109893799,-0.01752293109893799
760,25.333333333333332,24,0,0,,4,uneven rough,10,0.0,89.84852600097656,33.25720977783203,0.3016851842403412,1.7374759912490845,0.8868710398674011,1.7374759912490845,0.8868710398674011,9.032015800476074,1.8946609497070312,0.1666666716337204,0.23290924727916718,0.06135482341051102,0.8687379956245422,0.44343551993370056,0.382784366607666,0.30853211879730225,-0.039280522614717484,0.32283496856689453,0.40831074118614197,0.4008069932460785,0.26794904470443726,0.26794904470443726,0.12124618887901306,1.9830573797225952,0.21229027211666107,0.0,0.1467028558254242,0.1467028558254242,0.15426605939865112,0.15426605939865112,0.1512995809316635,-0.7683413624763489,-0.964763343334198,0.0,0.00296647846698761,0.00296647846698761,-0.019640261307358742,-0.019640261307358742,-0.026884084567427635,0.012367923744022846,0.07763518393039703,0.0,0.007243823260068893,0.007243823260068893,0.22598446905612946,0.22598446905612946,-0.193054661154747,1.6631579399108887,-0.16493865847587585,0.0,0.41903913021087646,0.41903913021087646,0.20415537059307098,0.20415537059307098,0.2207888960838318,-0.3359954059123993,1.135376214981079,0.0,-0.016633525490760803,-0.016633525490760803,0.20040349662303925,0.20040349662303925,-0.03685750067234039,1.6035726070404053,-0.2684580087661743,0.0,0.23726099729537964,0.23726099729537964
761,25.366666666666667,4,0,0,,4,uneven rough,5,0.0,51.507877349853516,35.80012512207031,0.3405570387840271,1.7682926654815674,-0.20420104265213013,1.7682926654815674,-0.20420104265213013,5.290180206298828,1.2758702039718628,0.3333333432674408,-0.5330376625061035,0.24946144223213196,0.8841463327407837,-0.10210052132606506,0.02465934306383133,0.012448989786207676,0.5013171434402466,0.31718310713768005,0.3854442536830902,-0.21729637682437897,0.01726154051721096,0.01726154051721096,0.20919135212898254,-1.6781224012374878,0.7650377154350281,0.0,-0.19192981161177158,-0.19192981161177158,0.006224494893103838,0.006224494893103838,0.07401824742555618,-1.4980143308639526,-1.3261334896087646,0.0,-0.06779375253245234,-0.06779375253245234,0.2506585717201233,0.2506585717201233,0.08593462407588959,1.9854645729064941,-0.8937029242515564,0.0,0.1647239476442337,0.1647239476442337,0.22202816605567932,0.22202816605567932,0.2531915307044983,-1.9879018068313599,-0.7535730600357056,0.0,-0.03116336464881897,-0.03116336464881897,0.1927221268415451,0.1927221268415451,0.1923827826976776,-2.002354860305786,0.9336281418800354,0.0,0.0003393441438674927,0.0003393441438674927,-0.10864818841218948,-0.10864818841218948,-0.03442122042179108,-1.9903520345687866,0.49185946583747864,0.0,-0.07422696799039841,-0.07422696799039841
761,25.366666666666667,14,0,0,,4,uneven rough,5,0.0,51.04038619995117,37.80150604248047,0.3326365649700165,0.10078933089971542,0.43871256709098816,0.10078933089971542,0.43871256709098816,1.2864861488342285,0.0,0.0,0.33133798837661743,0.0598619282245636,0.05039466544985771,0.21935628354549408,0.21260373294353485,-0.016915058717131615,0.16568930447101593,0.5737785696983337,0.0997716635465622,0.4041246473789215,0.1488226056098938,0.1488226056098938,0.13452187180519104,-0.792621910572052,-0.8167293667793274,0.0,0.014300733804702759,0.014300733804702759,-0.027064094319939613,-0.027064094319939613,0.017673218622803688,-1.939090371131897,0.05114390701055527,0.0,-0.0447373129427433,-0.0447373129427433,0.08284465223550797,0.08284465223550797,0.13879795372486115,0.13568387925624847,0.22160771489143372,0.0,-0.05595330148935318,-0.05595330148935318,0.4016450047492981,0.4016450047492981,0.29508957266807556,1.767065167427063,1.5231596231460571,0.0,0.10655543208122253,0.10655543208122253,0.0498858317732811,0.0498858317732811,0.08931790292263031,-1.439841866493225,0.894493579864502,0.0,-0.03943207114934921,-0.03943207114934921,0.20206232368946075,0.20206232368946075,0.11944413930177689,0.04995356500148773,-0.11633940041065216,0.0,0.08261818438768387,0.08261818438768387
761,25.366666666666667,24,0,0,,4,uneven rough,10,0.0,89.90314483642578,33.26557922363281,0.308027982711792,1.5350885391235352,-0.38684383034706116,1.5350885391235352,-0.38684383034706116,7.906085014343262,1.7499407529830933,0.1666666716337204,-0.1361694037914276,0.14368654787540436,0.7675442695617676,-0.19342191517353058,-0.4705117344856262,0.4523564875125885,0.2834528684616089,0.16638483107089996,0.34184718132019043,0.24828138947486877,-0.32935822010040283,-0.32935822010040283,0.08915291726589203,-2.000001907348633,1.2134851217269897,0.0,-0.41851113736629486,-0.41851113736629486,0.22617824375629425,0.22617824375629425,0.1952056884765625,0.9771928191184998,-0.8537060022354126,0.0,0.03097255527973175,0.03097255527973175,0.14172643423080444,0.14172643423080444,0.038544002920389175,1.9999972581863403,0.04073295742273331,0.0,0.10318243131041527,0.10318243131041527,0.1164693832397461,0.1164693832397461,-0.12948960065841675,1.887866735458374,0.8686704635620117,0.0,0.24595898389816284,0.24595898389816284,0.17092359066009521,0.17092359066009521,0.20781482756137848,-1.0336843729019165,0.3034600615501404,0.0,-0.036891236901283264,-0.036891236901283264,0.12414069473743439,0.12414069473743439,0.022952832281589508,1.740339994430542,0.7899914383888245,0.0,0.10118786245584488,0.10118786245584488
762,25.4,4,0,0,,4,uneven rough,5,0.0,51.46043014526367,35.787418365478516,0.3440970182418823,1.5980238914489746,-0.20663820207118988,1.5980238914489746,-0.20663820207118988,8.36933708190918,3.3333334922790527,0.1666666716337204,-0.2947764992713928,0.31428369879722595,0.7990119457244873,-0.10331910103559494,0.5029187798500061,0.059521667659282684,0.3474646210670471,-0.09754104167222977,0.03261283040046692,-0.20586125552654266,0.35204315185546875,0.35204315185546875,0.24016925692558289,1.295417070388794,-0.6163294315338135,0.0,0.11187389492988586,0.11187389492988586,0.029760833829641342,0.029760833829641342,0.035839106887578964,0.06953462213277817,-1.4233152866363525,0.0,-0.006078273057937622,-0.006078273057937622,0.17373231053352356,0.17373231053352356,0.13803249597549438,0.09155550599098206,0.7341835498809814,0.0,0.035699814558029175,0.035699814558029175,-0.0682787299156189,-0.0682787299156189,0.18249936401844025,-1.3748044967651367,-1.4514647722244263,0.0,-0.25077809393405914,-0.25077809393405914,0.01630641520023346,0.01630641520023346,0.12620310485363007,-1.0054365396499634,-0.7263818979263306,0.0,-0.1098966896533966,-0.1098966896533966,-0.10293062776327133,-0.10293062776327133,-0.04675449803471565,0.5654858350753784,-0.9115873575210571,0.0,-0.05617612972855568,-0.05617612972855568
762,25.4,14,0,0,,4,uneven rough,5,0.0,51.0008544921875,37.78310012817383,0.3477837145328522,1.1171778440475464,0.03341333195567131,1.1171778440475464,0.03341333195567131,7.0859222412109375,2.7347073554992676,0.3333333432674408,0.17403990030288696,0.1277710199356079,0.5585889220237732,0.016706665977835655,0.17263367772102356,0.19292663037776947,0.4256816506385803,0.30265939235687256,-0.02788061648607254,-0.0039609577506780624,0.12084357440471649,0.12084357440471649,0.1556316316127777,0.2596605122089386,-0.8030989766120911,0.0,-0.03478805720806122,-0.03478805720806122,0.09646331518888474,0.09646331518888474,0.06560260057449341,1.9995776414871216,-1.0741381645202637,0.0,0.030860714614391327,0.030860714614391327,0.21284082531929016,0.21284082531929016,0.1906290203332901,1.5664293766021729,0.1730262190103531,0.0,0.02221180498600006,0.02221180498600006,0.21186156570911407,0.21186156570911407,0.2616167962551117,-1.8441568613052368,1.6610642671585083,0.0,-0.04975523054599762,-0.04975523054599762,-0.044608987867832184,-0.044608987867832184,0.043981075286865234,-1.985551357269287,-0.4253438711166382,0.0,-0.08859006315469742,-0.08859006315469742,-0.0019804788753390312,-0.0019804788753390312,0.06337849050760269,-1.9625521898269653,-0.022317059338092804,0.0,-0.06535896938294172,-0.06535896938294172
762,25.4,24,0,0,,4,uneven rough,10,0.0,89.95288848876953,33.279876708984375,0.31621912121772766,1.7504222393035889,0.0789792537689209,1.7504222393035889,0.0789792537689209,6.762198448181152,0.49988043308258057,0.1666666716337204,0.013796418905258179,0.07387727499008179,0.8752111196517944,0.03948962688446045,-0.1414594054222107,0.6421452760696411,-0.34314513206481934,0.08729548007249832,0.3610532581806183,-0.033289555460214615,-0.09902158379554749,-0.09902158379554749,0.022708214819431305,-1.8238462209701538,-0.6034262180328369,0.0,-0.12172979861497879,-0.12172979861497879,0.32107263803482056,0.32107263803482056,0.26120612025260925,1.909652829170227,0.18148747086524963,0.0,0.059866517782211304,0.059866517782211304,-0.17157256603240967,-0.17157256603240967,-0.02470470778644085,-1.921795129776001,1.1485044956207275,0.0,-0.14686785824596882,-0.14686785824596882,0.061106834560632706,0.061106834560632706,-0.06327863782644272,2.004544973373413,1.4449259042739868,0.0,0.12438547238707542,0.12438547238707542,0.18052662909030914,0.18052662909030914,0.1833779215812683,-0.202220156788826,-0.4525637924671173,0.0,-0.0028512924909591675,-0.0028512924909591675,-0.016644777730107307,-0.016644777730107307,-0.013612090609967709,-1.381636619567871,1.3273202180862427,0.0,-0.003032687120139599,-0.003032687120139599
763,25.433333333333334,4,0,0,,4,uneven rough,5,0.0,51.41098403930664,35.773250579833984,0.34785759449005127,1.379407525062561,-0.7324718236923218,1.379407525062561,-0.7324718236923218,2.94264554977417,2.5449628829956055,0.5,0.26835256814956665,0.14411745965480804,0.6897037625312805,-0.3662359118461609,-0.30083125829696655,0.43243131041526794,0.18717911839485168,0.37332361936569214,0.45465242862701416,-0.07855038344860077,-0.21058188378810883,-0.21058188378810883,0.17725588381290436,-1.9605185985565186,0.46457546949386597,0.0,-0.3878377676010132,-0.3878377676010132,0.21621565520763397,0.21621565520763397,0.10221143811941147,2.0000052452087402,-0.5792552828788757,0.0,0.1140042170882225,0.1140042170882225,0.09358955919742584,0.09358955919742584,0.09634603559970856,-0.9071585536003113,0.37084051966667175,0.0,-0.002756476402282715,-0.002756476402282715,0.26132652163505554,0.26132652163505554,0.24350537359714508,1.9003252983093262,-1.40812087059021,0.0,0.01782114803791046,0.01782114803791046,0.22732621431350708,0.22732621431350708,0.18844205141067505,1.977109670639038,-0.8841598629951477,0.0,0.03888416290283203,0.03888416290283203,-0.039275191724300385,-0.039275191724300385,-0.038171783089637756,0.8352041244506836,-0.0764475166797638,0.0,-0.0011034086346626282,-0.0011034086346626282
763,25.433333333333334,14,0,0,,4,uneven rough,5,0.0,50.96824264526367,37.75438690185547,0.34972870349884033,1.2814888954162598,-1.097467303276062,1.2814888954162598,-1.097467303276062,4.190324306488037,1.6767429113388062,0.1666666716337204,-0.030024737119674683,0.10555364191532135,0.6407444477081299,-0.548733651638031,0.12752655148506165,-0.01999839022755623,0.35250529646873474,-0.47240349650382996,-0.06384453922510147,-0.6958728432655334,0.08926858752965927,0.08926858752965927,0.10912469774484634,-1.4597082138061523,-0.202212855219841,0.0,-0.019856110215187073,-0.019856110215187073,-0.031997423619031906,-0.031997423619031906,0.015026385895907879,-2.0008671283721924,0.6637462973594666,0.0,-0.047023809514939785,-0.047023809514939785,0.17625264823436737,0.17625264823436737,0.17026378214359283,-0.14340344071388245,0.9608588814735413,0.0,0.005988866090774536,0.005988866090774536,-0.3306824564933777,-0.3306824564933777,0.21129044890403748,-1.037261724472046,-0.320794016122818,0.0,-0.5419729053974152,-0.5419729053974152,-0.10215126723051071,-0.10215126723051071,-0.0316452719271183,-1.078167200088501,-1.307487964630127,0.0,-0.07050599530339241,-0.07050599530339241,-0.3479364216327667,-0.3479364216327667,0.007659582421183586,-0.23279275000095367,-1.1193294525146484,0.0,-0.3555960040539503,-0.3555960040539503
763,25.433333333333334,24,0,0,,4,uneven rough,10,0.0,90.00153350830078,33.2894287109375,0.30539602041244507,1.574345588684082,0.9661873579025269,1.574345588684082,0.9661873579025269,6.132183074951172,1.6416254043579102,0.3333333432674408,-0.037335656583309174,0.052700161933898926,0.787172794342041,0.4830936789512634,0.05518166720867157,0.35067012906074524,-0.20708109438419342,0.07432620972394943,0.4968337416648865,-0.01987444795668125,0.03862716630101204,0.03862716630101204,0.00802518054842949,0.5465134978294373,-1.2934539318084717,0.0,0.03060198575258255,0.03060198575258255,0.17533506453037262,0.17533506453037262,0.22222883999347687,-2.006809711456299,1.1585952043533325,0.0,-0.04689377546310425,-0.04689377546310425,-0.10354054719209671,-0.10354054719209671,-0.05064237490296364,-0.43882477283477783,-0.5874484181404114,0.0,-0.05289817228913307,-0.05289817228913307,0.0520283468067646,0.0520283468067646,-0.0022643564734607935,1.907049536705017,1.7613356113433838,0.0,0.054292703280225396,0.054292703280225396,0.24841687083244324,0.24841687083244324,0.21406041085720062,2.006065607070923,-0.31101903319358826,0.0,0.034356459975242615,0.034356459975242615,-0.009937223978340626,-0.009937223978340626,-0.05081334337592125,-1.2755769491195679,-0.20432880520820618,0.0,0.040876119397580624,0.040876119397580624
764,25.466666666666665,4,0,0,,4,uneven rough,5,0.0,51.36254119873047,35.76858139038086,0.3466992974281311,1.0232658386230469,0.49612221121788025,1.0232658386230469,0.49612221121788025,5.134869575500488,0.6053647994995117,0.1666666716337204,0.4898548126220703,0.14271283149719238,0.5116329193115234,0.24806110560894012,0.6173028945922852,0.11029212921857834,-0.05678774043917656,0.48771870136260986,0.3286714255809784,0.03035881370306015,0.4321120083332062,0.4321120083332062,0.20041142404079437,1.6574904918670654,-0.9065770506858826,0.0,0.2317005842924118,0.2317005842924118,0.05514606460928917,0.05514606460928917,0.07166477292776108,-0.3346094489097595,0.8790632486343384,0.0,-0.01651870831847191,-0.01651870831847191,-0.02839387021958828,-0.02839387021958828,0.03067666105926037,-1.9996483325958252,-0.3517424464225769,0.0,-0.05907053127884865,-0.05907053127884865,0.3414030969142914,0.3414030969142914,0.29372814297676086,2.0,0.4624805450439453,0.0,0.04767495393753052,0.04767495393753052,0.1643357127904892,0.1643357127904892,0.15119118988513947,-0.22702859342098236,0.7336070537567139,0.0,0.013144522905349731,0.013144522905349731,0.015179406851530075,0.015179406851530075,0.015932731330394745,0.932499349117279,0.4390019476413727,0.0,-0.0007533244788646698,-0.0007533244788646698
764,25.466666666666665,14,0,0,,4,uneven rough,5,0.0,50.92397689819336,37.733184814453125,0.3532140254974365,1.2121713161468506,-0.09302292764186859,1.2121713161468506,-0.09302292764186859,3.0584545135498047,4.034411430358887,0.6666666865348816,0.07700814306735992,0.13155251741409302,0.6060856580734253,-0.046511463820934296,0.6417860984802246,0.10943982750177383,-0.020996974781155586,-0.12121105939149857,0.20430327951908112,-0.2949148416519165,0.4492502510547638,0.4492502510547638,0.1653406023979187,1.8168671131134033,-0.9132030010223389,0.0,0.2839096486568451,0.2839096486568451,0.05471991375088692,0.05471991375088692,0.07335729151964188,0.8935288786888123,-0.8428308963775635,0.0,-0.01863737776875496,-0.01863737776875496,-0.010498487390577793,-0.010498487390577793,0.12535077333450317,-1.0177956819534302,0.33650699257850647,0.0,-0.13584926072508097,-0.13584926072508097,-0.08484774082899094,-0.08484774082899094,0.14752647280693054,-1.4974238872528076,-0.7258861660957336,0.0,-0.23237421363592148,-0.23237421363592148,0.10215163975954056,0.10215163975954056,0.025708165019750595,1.5561264753341675,-1.177829623222351,0.0,0.07644347473978996,0.07644347473978996,-0.14745742082595825,-0.14745742082595825,-0.05580855906009674,-1.1995383501052856,-0.6180800199508667,0.0,-0.09164886176586151,-0.09164886176586151
764,25.466666666666665,24,0,0,,4,uneven rough,10,0.0,90.04871368408203,33.30267333984375,0.28672271966934204,1.7075680494308472,-0.12021655589342117,1.7075680494308472,-0.12021655589342117,8.957304954528809,2.930410861968994,0.3333333432674408,-0.26973530650138855,0.2597692012786865,0.8537840247154236,-0.06010827794671059,-0.30454662442207336,0.33627966046333313,0.21832230687141418,-0.283037006855011,0.612594723701477,-0.34866929054260254,-0.21318262815475464,-0.21318262815475464,-0.018892666324973106,-1.6339279413223267,-0.25313305854797363,0.0,-0.19428996182978153,-0.19428996182978153,0.16813983023166656,0.16813983023166656,0.1581048220396042,-1.9904205799102783,-0.6311303973197937,0.0,0.010035008192062378,0.010035008192062378,0.10916115343570709,0.10916115343570709,-0.0024887453764677048,1.2625733613967896,-0.5034163594245911,0.0,0.1116498988121748,0.1116498988121748,-0.1981258988380432,-0.1981258988380432,-0.0014586045872420073,-1.2827519178390503,1.8437225818634033,0.0,-0.1966672942508012,-0.1966672942508012,0.3062973618507385,0.3062973618507385,0.2842513620853424,1.9416934251785278,0.9990648031234741,0.0,0.022045999765396118,0.022045999765396118,-0.17433464527130127,-0.17433464527130127,-0.10848883539438248,-1.9153419733047485,-0.8100144267082214,0.0,-0.06584580987691879,-0.06584580987691879
765,25.5,4,0,0,,4,uneven rough,5,0.0,51.314849853515625,35.758056640625,0.3478342592716217,1.5235735177993774,-0.4058389365673065,1.5235735177993774,-0.4058389365673065,7.8005290031433105,0.0,0.0,0.590832531452179,0.22243648767471313,0.7617867588996887,-0.20291946828365326,-0.3760129511356354,0.3583027422428131,0.6177209615707397,0.6325240135192871,-0.17141567170619965,-0.05237562581896782,-0.2632090747356415,-0.2632090747356415,0.171378955245018,-1.748777151107788,0.543151319026947,0.0,-0.4345880299806595,-0.4345880299806595,0.17915137112140656,0.17915137112140656,0.1260107457637787,1.9898062944412231,0.1928505301475525,0.0,0.05314062535762787,0.05314062535762787,0.3088604807853699,0.3088604807853699,0.0424785353243351,-0.27287423610687256,-1.2834713459014893,0.0,0.2663819454610348,0.2663819454610348,0.44276681542396545,0.44276681542396545,0.36786511540412903,1.9973015785217285,1.3317967653274536,0.0,0.07490170001983643,0.07490170001983643,-0.2742650806903839,-0.2742650806903839,0.16307806968688965,0.5111939907073975,0.19046194851398468,0.0,-0.43734315037727356,-0.43734315037727356,-0.02618781290948391,-0.02618781290948391,0.028673041611909866,0.4801960289478302,0.7180262804031372,0.0,-0.054860854521393776,-0.054860854521393776
765,25.5,14,0,0,,4,uneven rough,5,0.0,50.879459381103516,37.720218658447266,0.3549549877643585,0.9632892608642578,0.06171097606420517,0.9632892608642578,0.06171097606420517,2.0855917930603027,4.875436305999756,0.5,-0.055223822593688965,0.037797655910253525,0.4816446304321289,0.030855488032102585,0.49179816246032715,-0.000688176485709846,-0.038334667682647705,0.3433828353881836,0.31149259209632874,-0.3640868663787842,0.34425869584083557,0.34425869584083557,0.22296839952468872,1.7088569402694702,0.6303835511207581,0.0,0.12129029631614685,0.12129029631614685,-0.0011010824237018824,-0.0011010824237018824,0.05164087191224098,-1.5660797357559204,0.13891002535820007,0.0,-0.052741954335942864,-0.052741954335942864,-0.019167333841323853,-0.019167333841323853,0.06506118923425674,-1.8827242851257324,-0.4292181730270386,0.0,-0.0842285230755806,-0.0842285230755806,0.24036797881126404,0.24036797881126404,0.16899695992469788,1.954106092453003,-1.1621149778366089,0.0,0.07137101888656616,0.07137101888656616,0.15574629604816437,0.15574629604816437,0.047433700412511826,0.45549795031547546,0.3679540455341339,0.0,0.10831259563565254,0.10831259563565254,-0.1820434331893921,-0.1820434331893921,-0.11994554847478867,-1.8407641649246216,-0.9468376040458679,0.0,-0.062097884714603424,-0.062097884714603424
765,25.5,24,0,0,,4,uneven rough,10,0.0,90.09457397460938,33.31317138671875,0.28635817766189575,1.827452301979065,0.2949059009552002,1.827452301979065,0.2949059009552002,9.102914810180664,4.638675689697266,0.3333333432674408,0.07164441049098969,0.20029646158218384,0.9137261509895325,0.1474529504776001,0.7993775606155396,0.7407744526863098,-0.6124852299690247,0.08130013197660446,0.14127010107040405,0.6784507036209106,0.5595642924308777,0.5595642924308777,-0.016815129667520523,0.2939470410346985,-1.0338369607925415,0.0,0.5763794220983982,0.5763794220983982,0.3703872263431549,0.3703872263431549,0.10777410864830017,-1.1947174072265625,-1.3996754884719849,0.0,0.26261311769485474,0.26261311769485474,-0.30624261498451233,-0.30624261498451233,-0.004027646500617266,0.8371974229812622,0.4950774013996124,0.0,-0.30221496848389506,-0.30221496848389506,0.056910090148448944,0.056910090148448944,-0.004562126938253641,1.7193151712417603,0.07600829750299454,0.0,0.061472217086702585,0.061472217086702585,0.07063505053520203,0.07063505053520203,0.2817097008228302,-0.7994189858436584,1.5320286750793457,0.0,-0.21107465028762817,-0.21107465028762817,0.3392253518104553,0.3392253518104553,-0.13108550012111664,-1.2915517091751099,-1.4349685907363892,0.0,0.47031085193157196,0.47031085193157196
766,25.53333333333333,4,0,0,,4,uneven rough,5,0.0,51.2757453918457,35.728172302246094,0.34117454290390015,1.2269108295440674,0.40789130330085754,1.2269108295440674,0.40789130330085754,6.749194622039795,3.3148391246795654,0.3333333432674408,0.7497197985649109,0.1137210875749588,0.6134554147720337,0.20394565165042877,-0.08429291099309921,0.3163207173347473,-0.14973732829093933,0.46790507435798645,0.39923182129859924,-0.1301421821117401,-0.05900503695011139,-0.05900503695011139,0.11395465582609177,-1.2219347953796387,-0.752709150314331,0.0,-0.17295969277620316,-0.17295969277620316,0.15816035866737366,0.15816035866737366,0.1577499806880951,-0.39423868060112,1.2088525295257568,0.0,0.00041037797927856445,0.00041037797927856445,-0.07486866414546967,-0.07486866414546967,-0.024195928126573563,-0.674004316329956,-0.7120779156684875,0.0,-0.0506727360188961,-0.0506727360188961,0.3275335431098938,0.3275335431098938,0.3737694025039673,-1.428336262702942,1.7080744504928589,0.0,-0.046235859394073486,-0.046235859394073486,0.19961591064929962,0.19961591064929962,0.20504888892173767,1.4582487344741821,0.371804416179657,0.0,-0.005432978272438049,-0.005432978272438049,-0.06507109105587006,-0.06507109105587006,-0.017061954364180565,-0.4079457223415375,0.5835566520690918,0.0,-0.04800913669168949,-0.04800913669168949
766,25.53333333333333,14,0,0,,4,uneven rough,5,0.0,50.835330963134766,37.70708465576172,0.3655601739883423,1.4381918907165527,0.046729061752557755,1.4381918907165527,0.046729061752557755,7.496480464935303,3.3333334922790527,0.1666666716337204,0.09101086854934692,0.18796023726463318,0.7190959453582764,0.023364530876278877,-0.2971041798591614,0.2821897268295288,0.2100764662027359,0.5106164813041687,-0.06496047228574753,0.014867667108774185,-0.2079729288816452,-0.2079729288816452,0.1922231912612915,-1.6242365837097168,1.2401543855667114,0.0,-0.4001961201429367,-0.4001961201429367,0.1410948634147644,0.1410948634147644,0.08393029868602753,1.999390959739685,-0.8250942230224609,0.0,0.05716456472873688,0.05716456472873688,0.10503823310136795,0.10503823310136795,0.11146683245897293,1.5941612720489502,-1.2510331869125366,0.0,-0.0064285993576049805,-0.0064285993576049805,0.3574315309524536,0.3574315309524536,0.24005328118801117,1.9710439443588257,0.5998019576072693,0.0,0.11737824976444244,0.11737824976444244,-0.10393675416707993,-0.10393675416707993,0.028548425063490868,-1.720595359802246,0.41745153069496155,0.0,-0.1324851792305708,-0.1324851792305708,0.007433833554387093,0.007433833554387093,-0.06288404762744904,1.9148013591766357,-1.4522652626037598,0.0,0.07031788118183613,0.07031788118183613
766,25.53333333333333,24,0,0,,4,uneven rough,10,0.0,90.1419677734375,33.32280349731445,0.30669575929641724,1.8731410503387451,0.2667449116706848,1.8731410503387451,0.2667449116706848,9.900688171386719,5.548500061035156,0.3333333432674408,0.09088178724050522,0.13406692445278168,0.9365705251693726,0.1333724558353424,-0.4554961025714874,0.4691391587257385,-0.20540861785411835,0.2756030857563019,0.23582994937896729,0.4422350227832794,-0.31884726881980896,-0.31884726881980896,-0.08005909621715546,-1.9779257774353027,-0.2831054925918579,0.0,-0.2387881726026535,-0.2387881726026535,0.23456957936286926,0.23456957936286926,0.15226486325263977,1.8750131130218506,-1.2837917804718018,0.0,0.08230471611022949,0.08230471611022949,-0.10270430892705917,-0.10270430892705917,-0.032101601362228394,-1.9906262159347534,0.6885126829147339,0.0,-0.07060270756483078,-0.07060270756483078,0.19292216002941132,0.19292216002941132,0.059956006705760956,1.8487169742584229,1.0051369667053223,0.0,0.13296615332365036,0.13296615332365036,0.11791497468948364,0.11791497468948364,0.2443849742412567,-1.7038904428482056,0.21382397413253784,0.0,-0.12646999955177307,-0.12646999955177307,0.2211175113916397,0.2211175113916397,-0.1663438379764557,-0.9938163161277771,-1.3538804054260254,0.0,0.3874613493680954,0.3874613493680954
767,25.566666666666666,4,0,0,,4,uneven rough,5,0.0,51.23687744140625,35.705501556396484,0.3422186076641083,1.1064363718032837,0.10440988093614578,1.1064363718032837,0.10440988093614578,3.5714807510375977,2.6271722316741943,0.5,0.7574518918991089,0.13823121786117554,0.5532181859016418,0.05220494046807289,0.6962406635284424,-0.18177182972431183,0.19933900237083435,-0.22929063439369202,0.06893253326416016,-0.39178845286369324,0.48736846446990967,0.48736846446990967,0.15979154407978058,1.612703561782837,-1.018010139465332,0.0,0.3275769203901291,0.3275769203901291,-0.2908349335193634,-0.2908349335193634,0.09363853186368942,-1.9998388290405273,0.3024618625640869,0.0,-0.3844734653830528,-0.3844734653830528,0.09966950118541718,0.09966950118541718,-0.019373204559087753,0.22315149009227753,-0.6905510425567627,0.0,0.11904270574450493,0.11904270574450493,-0.16050344705581665,-0.16050344705581665,0.3127628564834595,-1.971932291984558,-0.06525780260562897,0.0,-0.4732663035392761,-0.4732663035392761,0.03446626663208008,0.03446626663208008,0.16150467097759247,-1.4331574440002441,0.9860820174217224,0.0,-0.1270384043455124,-0.1270384043455124,-0.19589422643184662,-0.19589422643184662,-0.03405778855085373,-0.5538079738616943,0.022959424182772636,0.0,-0.1618364378809929,-0.1618364378809929
767,25.566666666666666,14,0,0,,4,uneven rough,5,0.0,50.79364013671875,37.68170166015625,0.37373632192611694,1.2753605842590332,-0.19951532781124115,1.2753605842590332,-0.19951532781124115,6.400851249694824,0.790831983089447,0.1666666716337204,-0.0013492306461557746,0.08288636803627014,0.6376802921295166,-0.09975766390562057,0.395617812871933,0.6035732626914978,-0.1904345601797104,-0.056932054460048676,-0.22812508046627045,-0.19777627289295197,0.2769324779510498,0.2769324779510498,0.2500748336315155,1.969968318939209,-0.37937742471694946,0.0,0.026857644319534302,0.026857644319534302,0.3017866313457489,0.3017866313457489,0.149412140250206,1.9555175304412842,0.7718747854232788,0.0,0.1523744910955429,0.1523744910955429,-0.0952172800898552,-0.0952172800898552,0.06142678111791611,-1.7970201969146729,0.3576448857784271,0.0,-0.1566440612077713,-0.1566440612077713,-0.039852436631917953,-0.039852436631917953,0.1837500035762787,-2.0000548362731934,1.3751046657562256,0.0,-0.22360244020819664,-0.22360244020819664,-0.3650001287460327,-0.3650001287460327,-0.036769069731235504,-1.8157670497894287,-0.7914040088653564,0.0,-0.3282310590147972,-0.3282310590147972,-0.09888813644647598,-0.09888813644647598,-0.09789867699146271,-1.0688997507095337,0.45148026943206787,0.0,-0.0009894594550132751,-0.0009894594550132751
767,25.566666666666666,24,0,0,,4,uneven rough,10,0.0,90.18962860107422,33.334938049316406,0.3317830562591553,1.7344940900802612,0.8645874857902527,1.7344940900802612,0.8645874857902527,9.478377342224121,3.3333334922790527,0.1666666716337204,0.12828660011291504,0.08978959918022156,0.8672470450401306,0.43229374289512634,-0.10053501278162003,0.6560134291648865,-0.33689406514167786,-0.039567478001117706,0.45271483063697815,0.21687129139900208,-0.0703745111823082,-0.0703745111823082,-0.07005206495523453,0.5463364124298096,-1.2413599491119385,0.0,-0.00032244622707366943,-0.00032244622707366943,0.32800671458244324,0.32800671458244324,0.21787399053573608,1.9693713188171387,0.5022021532058716,0.0,0.11013272404670715,0.11013272404670715,-0.16844703257083893,-0.16844703257083893,-0.05156222730875015,-0.5955829620361328,-0.8262772560119629,0.0,-0.11688480526208878,-0.11688480526208878,-0.027697233483195305,-0.027697233483195305,0.005254156421869993,-1.9917306900024414,1.4820985794067383,0.0,-0.0329513899050653,-0.0329513899050653,0.22635741531848907,0.22635741531848907,0.22014129161834717,0.06367065012454987,-0.8704552054405212,0.0,0.006216123700141907,0.006216123700141907,0.10843564569950104,0.10843564569950104,-0.16141164302825928,0.3217366337776184,-1.1502995491027832,0.0,0.2698472887277603,0.2698472887277603
768,25.6,4,0,0,,4,uneven rough,5,0.0,51.20608901977539,35.67787551879883,0.3507160246372223,1.517807960510254,-1.255218267440796,1.517807960510254,-1.255218267440796,2.7273426055908203,3.270747661590576,0.3333333432674408,0.8747649192810059,0.027464892715215683,0.758903980255127,-0.627609133720398,0.11657659709453583,0.13849347829818726,0.6311650276184082,-0.2674449384212494,0.14467352628707886,-0.4900055527687073,0.08160361647605896,0.08160361647605896,0.11682838946580887,-1.9997544288635254,0.4694001078605652,0.0,-0.03522477298974991,-0.03522477298974991,0.06924673914909363,0.06924673914909363,0.061895862221717834,-0.3227297365665436,-0.9992630481719971,0.0,0.0073508769273757935,0.0073508769273757935,0.3155825138092041,0.3155825138092041,-0.013985629193484783,-0.14120373129844666,-0.17394199967384338,0.0,0.3295681430026889,0.3295681430026889,-0.18721145391464233,-0.18721145391464233,0.2669275104999542,-1.6457892656326294,-1.1432949304580688,0.0,-0.45413896441459656,-0.45413896441459656,0.07233676314353943,0.07233676314353943,0.11154277622699738,-1.8765939474105835,-0.3817603290081024,0.0,-0.03920601308345795,-0.03920601308345795,-0.24500277638435364,-0.24500277638435364,-0.04181598871946335,-0.6644522547721863,-0.3031458854675293,0.0,-0.2031867876648903,-0.2031867876648903
768,25.6,14,0,0,,4,uneven rough,5,0.0,50.75907897949219,37.6533203125,0.3688616156578064,0.602482795715332,-0.5983202457427979,0.602482795715332,-0.5983202457427979,1.2380661964416504,1.3691315650939941,0.1666666716337204,-0.13083088397979736,0.11989973485469818,0.301241397857666,-0.2991601228713989,0.20168189704418182,0.18967008590698242,0.2840088903903961,-0.25270572304725647,-0.17784269154071808,-0.6927381753921509,0.14117732644081116,0.14117732644081116,0.22609291970729828,-1.9894086122512817,0.9489468932151794,0.0,-0.08491559326648712,-0.08491559326648712,0.09483504295349121,0.09483504295349121,0.11066466569900513,-1.7687928676605225,1.4411084651947021,0.0,-0.015829622745513916,-0.015829622745513916,0.14200444519519806,0.14200444519519806,0.10571297258138657,1.9417847394943237,-0.8606066107749939,0.0,0.03629147261381149,0.03629147261381149,-0.17689400911331177,-0.17689400911331177,0.1499565690755844,-1.1400539875030518,-0.5332165360450745,0.0,-0.3268505781888962,-0.3268505781888962,-0.2845483124256134,-0.2845483124256134,-0.10727020353078842,-1.8921111822128296,-1.3705806732177734,0.0,-0.17727810889482498,-0.17727810889482498,-0.34636908769607544,-0.34636908769607544,-0.14525975286960602,-1.563033938407898,-0.40814530849456787,0.0,-0.20110933482646942,-0.20110933482646942
768,25.6,24,0,0,,4,uneven rough,10,0.0,90.23397827148438,33.348297119140625,0.33955562114715576,1.5833888053894043,-0.6149152517318726,1.5833888053894043,-0.6149152517318726,7.6406569480896,2.7227447032928467,0.3333333432674408,-0.016823172569274902,0.11227923631668091,0.7916944026947021,-0.3074576258659363,0.03639039769768715,0.30054134130477905,-0.469486802816391,-0.47102463245391846,0.4164612889289856,-0.3893837630748749,0.025473278015851974,0.025473278015851974,-0.008403620682656765,1.9412809610366821,-0.23059320449829102,0.0,0.03387689869850874,0.03387689869850874,0.15027067065238953,0.15027067065238953,0.16504961252212524,-1.2361633777618408,1.331742286682129,0.0,-0.014778941869735718,-0.014778941869735718,-0.2347434014081955,-0.2347434014081955,-0.11393601447343826,-1.4747397899627686,-0.6958422660827637,0.0,-0.12080738693475723,-0.12080738693475723,-0.3297172486782074,-0.3297172486782074,-0.06255000084638596,-1.9683459997177124,-0.48201069235801697,0.0,-0.26716724783182144,-0.26716724783182144,0.2082306444644928,0.2082306444644928,0.1885424107313156,0.8327199220657349,-0.3422987759113312,0.0,0.019688233733177185,0.019688233733177185,-0.19469188153743744,-0.19469188153743744,-0.20106656849384308,-0.5835559368133545,-0.3180076777935028,0.0,0.00637468695640564,0.00637468695640564
769,25.633333333333333,4,0,0,,4,uneven rough,5,0.0,51.17361068725586,35.654380798339844,0.3599655032157898,1.3132669925689697,-0.21826530992984772,1.3132669925689697,-0.21826530992984772,3.1905791759490967,0.7616968154907227,0.3333333432674408,0.6844558715820312,0.19607095420360565,0.6566334962844849,-0.10913265496492386,0.6018022298812866,0.09865444898605347,0.6349788308143616,-0.06543733179569244,0.09454896301031113,-0.6149981617927551,0.4212615489959717,0.4212615489959717,0.14809730648994446,1.9005517959594727,-0.9266642928123474,0.0,0.2731642425060272,0.2731642425060272,0.04932722449302673,0.04932722449302673,0.04616022855043411,-0.26215770840644836,-0.6167498826980591,0.0,0.003166995942592621,0.003166995942592621,0.3174894154071808,0.3174894154071808,0.004153201822191477,0.6422553062438965,-0.15543171763420105,0.0,0.3133362135849893,0.3133362135849893,-0.04580613225698471,-0.04580613225698471,0.1942572295665741,-1.978033423423767,-1.4274060726165771,0.0,-0.2400633618235588,-0.2400633618235588,0.04727448150515556,0.04727448150515556,0.06723717600107193,-1.0425055027008057,-1.2269419431686401,0.0,-0.019962694495916367,-0.019962694495916367,-0.30749908089637756,-0.30749908089637756,-0.0670686662197113,-1.2028024196624756,-0.5074291825294495,0.0,-0.24043041467666626,-0.24043041467666626
769,25.633333333333333,14,0,0,,4,uneven rough,5,0.0,50.724037170410156,37.62870788574219,0.3666406571865082,1.2972853183746338,-0.24657322466373444,1.2972853183746338,-0.24657322466373444,5.057208061218262,0.45079731941223145,0.17160838842391968,0.012201091274619102,0.2282543182373047,0.6486426591873169,-0.12328661233186722,0.6915826797485352,0.024356624111533165,0.45415884256362915,0.15600112080574036,-0.12306173890829086,-0.37689921259880066,0.4841078817844391,0.4841078817844391,0.24754559993743896,1.4082021713256836,-0.7124045491218567,0.0,0.23656228184700012,0.23656228184700012,0.012178312055766582,0.012178312055766582,0.046164222061634064,-1.9962472915649414,-0.37377551198005676,0.0,-0.03398591000586748,-0.03398591000586748,0.22707942128181458,0.22707942128181458,0.1279381513595581,0.4095713794231415,0.7238704562187195,0.0,0.09914126992225647,0.09914126992225647,0.10920078307390213,0.10920078307390213,0.0858742818236351,-1.3615822792053223,-0.8763235211372375,0.0,0.02332650125026703,0.02332650125026703,-0.19689878821372986,-0.19689878821372986,-0.15997131168842316,-1.7134509086608887,-1.6654549837112427,0.0,-0.0369274765253067,-0.0369274765253067,-0.18844960629940033,-0.18844960629940033,-0.14026795327663422,0.5676568150520325,-1.0611214637756348,0.0,-0.04818165302276611,-0.04818165302276611
769,25.633333333333333,24,0,0,,4,uneven rough,10,0.0,90.28033447265625,33.354671478271484,0.3499215543270111,1.1234431266784668,-0.6745741367340088,1.1234431266784668,-0.6745741367340088,5.6975932121276855,1.9548758268356323,0.1666666716337204,-0.01429969072341919,0.10313113033771515,0.5617215633392334,-0.3372870683670044,0.25281620025634766,0.5905649662017822,0.27263879776000977,-0.35172855854034424,0.2161274254322052,-0.39015913009643555,0.17697133123874664,0.17697133123874664,0.05628358945250511,1.7719680070877075,0.9973883628845215,0.0,0.12068774178624153,0.12068774178624153,0.2952824831008911,0.2952824831008911,0.21514728665351868,2.0000016689300537,-0.12015620619058609,0.0,0.08013519644737244,0.08013519644737244,0.13631939888000488,0.13631939888000488,-0.05273482948541641,1.4792078733444214,-1.1362322568893433,0.0,0.1890542283654213,0.1890542283654213,-0.2462099939584732,-0.2462099939584732,-0.1311066448688507,-1.9471707344055176,-1.3223873376846313,0.0,-0.1151033490896225,-0.1151033490896225,0.1080637127161026,0.1080637127161026,0.17315717041492462,-1.6299445629119873,0.32205891609191895,0.0,-0.06509345769882202,-0.06509345769882202,-0.19507956504821777,-0.19507956504821777,-0.16482561826705933,0.6006432175636292,-0.4681491553783417,0.0,-0.030253946781158447,-0.030253946781158447
770,25.666666666666668,4,0,0,,4,uneven rough,5,0.0,51.13821792602539,35.63413619995117,0.3629346191883087,1.1554739475250244,-1.215031385421753,1.1554739475250244,-1.215031385421753,2.376739978790283,2.0167043209075928,0.3333333432674408,0.6613075733184814,0.045437268912792206,0.5777369737625122,-0.6075156927108765,0.33948248624801636,0.1238609179854393,0.773932933807373,-0.08839016407728195,0.18898023664951324,-0.6376488208770752,0.2376377433538437,0.2376377433538437,0.21380947530269623,1.9502849578857422,0.671848714351654,0.0,0.02382826805114746,0.02382826805114746,0.06193045899271965,0.06193045899271965,0.07222932577133179,-0.6251833438873291,-0.41626283526420593,0.0,-0.010298866778612137,-0.010298866778612137,0.3869664669036865,0.3869664669036865,0.026573549956083298,0.45102736353874207,0.29558196663856506,0.0,0.3603929169476032,0.3603929169476032,-0.061873115599155426,-0.061873115599155426,0.12707862257957458,-1.9758689403533936,-1.7387317419052124,0.0,-0.18895173817873,-0.18895173817873,0.09449011832475662,0.09449011832475662,0.09858468919992447,0.10766631364822388,-1.1226612329483032,0.0,-0.004094570875167847,-0.004094570875167847,-0.3188244104385376,-0.3188244104385376,-0.10998103022575378,-1.3573862314224243,-0.9005944728851318,0.0,-0.2088433802127838,-0.2088433802127838
770,25.666666666666668,14,0,0,,4,uneven rough,5,0.0,50.68085479736328,37.609771728515625,0.36323919892311096,0.9517743587493896,-1.2319092750549316,0.9517743587493896,-1.2319092750549316,2.917262554168701,1.7664661407470703,0.3333333432674408,-0.01942797563970089,0.05316361039876938,0.4758871793746948,-0.6159546375274658,0.03570966422557831,0.4244380295276642,0.6429504156112671,0.2067568302154541,0.25276926159858704,-0.0635259822010994,0.024996764957904816,0.024996764957904816,0.1870618313550949,-2.000534772872925,0.48659029603004456,0.0,-0.1620650663971901,-0.1620650663971901,0.2122190147638321,0.2122190147638321,0.11304844170808792,1.8323153257369995,-1.2911239862442017,0.0,0.09917057305574417,0.09917057305574417,0.32147520780563354,0.32147520780563354,0.19114452600479126,1.3506311178207397,0.5461652278900146,0.0,0.13033068180084229,0.13033068180084229,0.14472977817058563,0.14472977817058563,0.1441267430782318,1.3815382719039917,-1.150689721107483,0.0,0.0006030350923538208,0.0006030350923538208,0.12638463079929352,0.12638463079929352,-0.0906485915184021,1.9815789461135864,-1.6925920248031616,0.0,0.21703322231769562,0.21703322231769562,-0.0317629911005497,-0.0317629911005497,-0.07210350036621094,2.076228380203247,-0.14020732045173645,0.0,0.04034050926566124,0.04034050926566124
770,25.666666666666668,24,0,0,,4,uneven rough,10,0.0,90.3233642578125,33.36798858642578,0.35981711745262146,1.6812230348587036,-1.513236403465271,1.6812230348587036,-1.513236403465271,9.611043930053711,3.3333334922790527,0.1666666716337204,-0.07751083374023438,0.09660312533378601,0.8406115174293518,-0.7566182017326355,-0.22244395315647125,0.6048809885978699,0.35084179043769836,-0.5175595283508301,0.6441493034362793,-0.4647660255432129,-0.15571077167987823,-0.15571077167987823,0.03186161816120148,-1.8815349340438843,1.4353370666503906,0.0,-0.1875723898410797,-0.1875723898410797,0.30244049429893494,0.30244049429893494,0.2793886661529541,1.4796470403671265,1.078584909439087,0.0,0.023051828145980835,0.023051828145980835,0.17542089521884918,0.17542089521884918,-0.038688406348228455,-0.7155296206474304,0.34254226088523865,0.0,0.21410930156707764,0.21410930156707764,-0.3622916638851166,-0.3622916638851166,-0.17957505583763123,-1.4584457874298096,-1.6756409406661987,0.0,-0.18271660804748535,-0.18271660804748535,0.32207465171813965,0.32207465171813965,0.2169550657272339,1.965573787689209,-0.7816073298454285,0.0,0.10511958599090576,0.10511958599090576,-0.23238301277160645,-0.23238301277160645,-0.17030254006385803,0.1903516948223114,0.13614796102046967,0.0,-0.06208047270774841,-0.06208047270774841
771,25.7,4,0,0,,4,uneven rough,5,0.0,51.106117248535156,35.61505889892578,0.35298335552215576,0.38893797993659973,-0.7356777787208557,0.38893797993659973,-0.7356777787208557,2.5045628547668457,2.95581316947937,0.3333333432674408,0.6249035000801086,0.08596104383468628,0.19446898996829987,-0.36783888936042786,0.4711114466190338,0.02963424101471901,0.8337700366973877,0.05707012116909027,0.29503321647644043,-0.5414494276046753,0.3297780156135559,0.3297780156135559,0.28063148260116577,1.9897544384002686,1.3946788311004639,0.0,0.04914653301239014,0.04914653301239014,0.014817120507359505,0.014817120507359505,0.028021464124321938,-1.9971245527267456,-0.5343868732452393,0.0,-0.013204343616962433,-0.013204343616962433,0.41688501834869385,0.41688501834869385,0.05297087877988815,0.3869653344154358,0.3834710717201233,0.0,0.3639141395688057,0.3639141395688057,0.03994908556342125,0.03994908556342125,0.059555534273386,-1.9451287984848022,-1.8728095293045044,0.0,-0.019606448709964752,-0.019606448709964752,0.14751660823822021,0.14751660823822021,0.1497092843055725,1.3565300703048706,-0.42703181505203247,0.0,-0.002192676067352295,-0.002192676067352295,-0.27072471380233765,-0.27072471380233765,-0.16190564632415771,-1.893449068069458,-1.1588653326034546,0.0,-0.10881906747817993,-0.10881906747817993
771,25.7,14,0,0,,4,uneven rough,5,0.0,50.63529968261719,37.59562301635742,0.3536756634712219,0.9093339443206787,-0.09907811135053635,0.9093339443206787,-0.09907811135053635,5.470110893249512,0.5564493536949158,0.3333333432674408,0.1289447546005249,0.05715788155794144,0.45466697216033936,-0.04953905567526817,0.6116964817047119,0.590602695941925,-0.44935810565948486,0.30214178562164307,0.4057953655719757,-0.021006545051932335,0.4281875193119049,0.4281875193119049,0.21175619959831238,1.7430073022842407,-0.9196346998214722,0.0,0.21643131971359253,0.21643131971359253,0.2953013479709625,0.2953013479709625,0.17686526477336884,1.326138973236084,0.47487422823905945,0.0,0.11843608319759369,0.11843608319759369,-0.22467905282974243,-0.22467905282974243,0.13278049230575562,1.2645753622055054,1.0010117292404175,0.0,-0.35745954513549805,-0.35745954513549805,0.21149924397468567,0.21149924397468567,0.16904045641422272,1.2670613527297974,0.28103652596473694,0.0,0.04245878756046295,0.04245878756046295,0.20289768278598785,0.20289768278598785,-0.02298213355243206,1.692525029182434,0.3847908675670624,0.0,0.22587981633841991,0.22587981633841991,-0.010503272525966167,-0.010503272525966167,-0.027938243001699448,0.8024702072143555,1.1129693984985352,0.0,0.01743497047573328,0.01743497047573328
771,25.7,24,0,0,,4,uneven rough,10,0.0,90.36503601074219,33.37819290161133,0.3526620864868164,1.707737922668457,-0.6904505491256714,1.707737922668457,-0.6904505491256714,9.227283477783203,4.921936988830566,0.3333333432674408,-0.39761802554130554,0.3109225630760193,0.8538689613342285,-0.3452252745628357,0.8093991875648499,0.09710977971553802,-0.22715429961681366,-0.19766150414943695,0.7061291933059692,-0.14699016511440277,0.5665794014930725,0.5665794014930725,0.044017426669597626,0.7355891466140747,-0.4400283098220825,0.0,0.5225619748234749,0.5225619748234749,0.04855488985776901,0.04855488985776901,0.22474227845668793,-2.0012826919555664,1.305346131324768,0.0,-0.17618738859891891,-0.17618738859891891,-0.11357714980840683,-0.11357714980840683,-0.07912275195121765,-1.4682517051696777,-0.2556934952735901,0.0,-0.03445439785718918,-0.03445439785718918,-0.1383630484342575,-0.1383630484342575,-0.19391590356826782,1.4061853885650635,-1.5528384447097778,0.0,0.055552855134010315,0.055552855134010315,0.3530645966529846,0.3530645966529846,0.274045467376709,2.0018856525421143,0.7716537714004517,0.0,0.07901912927627563,0.07901912927627563,-0.07349508255720139,-0.07349508255720139,-0.11080923676490784,1.8556480407714844,0.16679485142230988,0.0,0.03731415420770645,0.03731415420770645
772,25.733333333333334,4,0,0,,4,uneven rough,5,0.0,51.06983947753906,35.606712341308594,0.34705692529678345,0.5077234506607056,-0.43212226033210754,0.5077234506607056,-0.43212226033210754,2.278106212615967,2.3720719814300537,0.3333333432674408,0.6097614765167236,0.15828345715999603,0.2538617253303528,-0.21606113016605377,0.653410792350769,0.04052862897515297,0.8823959231376648,0.16466251015663147,0.22633956372737885,-0.2690129280090332,0.4573875367641449,0.4573875367641449,0.34047845005989075,1.7437946796417236,1.731135606765747,0.0,0.11690908670425415,0.11690908670425415,0.020264314487576485,0.020264314487576485,-0.0030623029451817274,0.12846770882606506,-1.3614213466644287,0.0,0.023326617432758212,0.023326617432758212,0.4411979615688324,0.4411979615688324,0.1055268719792366,1.1408545970916748,0.3854467272758484,0.0,0.3356710895895958,0.3356710895895958,0.11526375263929367,0.11526375263929367,0.06087255850434303,1.917226791381836,-1.9136990308761597,0.0,0.05439119413495064,0.05439119413495064,0.11316978186368942,0.11316978186368942,0.15289564430713654,-0.8627030253410339,0.581397294998169,0.0,-0.03972586244344711,-0.03972586244344711,-0.1345064640045166,-0.1345064640045166,-0.13729755580425262,0.5828925967216492,-1.5742002725601196,0.0,0.002791091799736023,0.002791091799736023
772,25.733333333333334,14,0,0,,4,uneven rough,5,0.0,50.59553527832031,37.57966995239258,0.3413812518119812,1.197767972946167,-1.5034818649291992,1.197767972946167,-1.5034818649291992,5.287206649780273,2.642885208129883,0.3333333432674408,0.2472497820854187,0.22165286540985107,0.5988839864730835,-0.7517409324645996,0.38186168670654297,0.2606305181980133,-0.3631283640861511,0.18442484736442566,0.572432279586792,-0.763417661190033,0.2673031687736511,0.2673031687736511,0.2717263400554657,1.8086761236190796,0.5858278870582581,0.0,-0.004423171281814575,-0.004423171281814575,0.13031525909900665,0.13031525909900665,0.15284882485866547,-0.5305144190788269,0.9561808109283447,0.0,-0.022533565759658813,-0.022533565759658813,-0.18156418204307556,-0.18156418204307556,0.06990323960781097,-1.9552470445632935,1.1500310897827148,0.0,-0.25146742165088654,-0.25146742165088654,0.12909738719463348,0.12909738719463348,0.15991248190402985,-0.36047354340553284,0.8385367393493652,0.0,-0.030815094709396362,-0.030815094709396362,0.286216139793396,0.286216139793396,0.018817294389009476,0.006909996271133423,1.1241861581802368,0.0,0.2673988454043865,0.2673988454043865,-0.3817088305950165,-0.3817088305950165,-0.07883188873529434,-1.7404954433441162,0.9374125599861145,0.0,-0.30287694185972214,-0.30287694185972214
772,25.733333333333334,24,0,0,,4,uneven rough,10,0.0,90.41071319580078,33.37336349487305,0.3461877703666687,1.589387059211731,-0.27816158533096313,1.589387059211731,-0.27816158533096313,7.763978958129883,1.5823893547058105,0.1666666716337204,-0.014418045990169048,0.06297682970762253,0.7946935296058655,-0.13908079266548157,0.2993552088737488,0.5610698461532593,0.254953533411026,0.5760949850082397,0.39635351300239563,0.34106290340423584,0.20954863727092743,0.20954863727092743,0.10888499766588211,1.9981944561004639,0.22466790676116943,0.0,0.10066363960504532,0.10066363960504532,0.28053492307662964,0.28053492307662964,0.21731258928775787,1.2762547731399536,-0.5642277002334595,0.0,0.06322233378887177,0.06322233378887177,0.127476766705513,0.127476766705513,-0.020777806639671326,-0.43609803915023804,-0.9412760734558105,0.0,0.14825457334518433,0.14825457334518433,0.4032664895057678,0.4032664895057678,-0.14599119126796722,1.978501319885254,0.12019896507263184,0.0,0.549257680773735,0.549257680773735,0.19817675650119781,0.19817675650119781,0.2555251717567444,-1.6789547204971313,1.4672291278839111,0.0,-0.05734841525554657,-0.05734841525554657,0.17053145170211792,0.17053145170211792,-0.040605995804071426,1.8877699375152588,1.1216754913330078,0.0,0.21113744750618935,0.21113744750618935
773,25.766666666666666,4,0,0,,4,uneven rough,5,0.0,51.034141540527344,35.598297119140625,0.3496864438056946,0.6718669533729553,-0.010222263634204865,0.6718669533729553,-0.010222263634204865,1.1457105875015259,0.5334939360618591,0.1666666716337204,0.7191219329833984,0.31869930028915405,0.33593347668647766,-0.005111131817102432,-0.30516740679740906,0.4691414535045624,0.7086814641952515,0.39728328585624695,0.2094925343990326,-0.03620358183979988,-0.21361717581748962,-0.21361717581748962,0.3106819987297058,-1.7575572729110718,1.7382930517196655,0.0,-0.5242991745471954,-0.5242991745471954,0.2345707267522812,0.2345707267522812,0.04585570469498634,1.03081214427948,-0.5190353989601135,0.0,0.18871502205729485,0.18871502205729485,0.35434073209762573,0.35434073209762573,0.14730694890022278,0.8668462634086609,0.8125556707382202,0.0,0.20703378319740295,0.20703378319740295,0.27809828519821167,0.27809828519821167,0.13091832399368286,2.000098943710327,0.2523132860660553,0.0,0.1471799612045288,0.1471799612045288,0.1047462671995163,0.1047462671995163,0.14030127227306366,-1.3946014642715454,-0.23509961366653442,0.0,-0.03555500507354736,-0.03555500507354736,-0.01810179091989994,-0.01810179091989994,-0.0657825842499733,1.9665355682373047,-0.35457611083984375,0.0,0.04768079333007336,0.04768079333007336
773,25.766666666666666,14,0,0,,4,uneven rough,5,0.0,50.5617790222168,37.56779098510742,0.34549421072006226,0.20884813368320465,-1.2216002941131592,0.20884813368320465,-1.2216002941131592,1.209023118019104,3.5157392024993896,0.2356061190366745,0.221946120262146,0.16038574278354645,0.10442406684160233,-0.6108001470565796,0.2546555697917938,0.19763392210006714,0.8450304865837097,0.527687132358551,-0.05452629551291466,-0.14488069713115692,0.17825889587402344,0.17825889587402344,0.22042039036750793,-1.9502201080322266,1.2772284746170044,0.0,-0.0421614944934845,-0.0421614944934845,0.09881696105003357,0.09881696105003357,0.10088545829057693,-1.7420018911361694,0.11560066044330597,0.0,-0.0020684972405433655,-0.0020684972405433655,0.42251524329185486,0.42251524329185486,0.08499424159526825,0.0555913969874382,-0.6056987047195435,0.0,0.3375210016965866,0.3375210016965866,0.36938098073005676,0.36938098073005676,0.2251833975315094,1.930444598197937,0.16061416268348694,0.0,0.14419758319854736,0.14419758319854736,-0.08724207431077957,-0.08724207431077957,-0.03618452325463295,-1.614698052406311,0.492476224899292,0.0,-0.05105755105614662,-0.05105755105614662,-0.07244034856557846,-0.07244034856557846,-0.07113861292600632,-0.08584703505039215,-0.5766814351081848,0.0,-0.0013017356395721436,-0.0013017356395721436
773,25.766666666666666,24,0,0,,4,uneven rough,10,0.0,90.46109008789062,33.369388580322266,0.35186585783958435,1.6619861125946045,0.5326352119445801,1.6619861125946045,0.5326352119445801,6.8448486328125,2.812098979949951,0.1666666716337204,-0.07249784469604492,0.20817351341247559,0.8309930562973022,0.26631760597229004,-0.7455500364303589,0.6388528347015381,0.29894325137138367,0.4275906980037689,0.3065759241580963,0.522007167339325,-0.5218850374221802,-0.5218850374221802,0.09070347994565964,-1.0891361236572266,1.2274229526519775,0.0,-0.6125885173678398,-0.6125885173678398,0.31942641735076904,0.31942641735076904,0.27407488226890564,1.0823594331741333,0.47638440132141113,0.0,0.0453515350818634,0.0453515350818634,0.14947162568569183,0.14947162568569183,0.04049406200647354,1.4109294414520264,-0.6556475162506104,0.0,0.10897756367921829,0.10897756367921829,0.299313485622406,0.299313485622406,-0.07567092031240463,1.9747666120529175,1.1708863973617554,0.0,0.37498440593481064,0.37498440593481064,0.15328796207904816,0.15328796207904816,0.20313958823680878,-1.6835378408432007,-0.31162887811660767,0.0,-0.04985162615776062,-0.04985162615776062,0.2610035836696625,0.2610035836696625,0.013960949145257473,1.0019419193267822,1.5548266172409058,0.0,0.247042634524405,0.247042634524405
774,25.8,4,0,0,,4,uneven rough,5,0.0,51.00217819213867,35.58551025390625,0.3573801815509796,0.6535902619361877,-0.20359598100185394,0.6535902619361877,-0.20359598100185394,3.8645033836364746,1.2618114948272705,0.3333333432674408,0.48868483304977417,0.1180524230003357,0.32679513096809387,-0.10179799050092697,-0.11450263857841492,0.6066421270370483,0.4075581729412079,0.2947995960712433,0.07311428338289261,0.027970172464847565,-0.08015184849500656,-0.08015184849500656,0.24623657763004303,-1.8319727182388306,-0.2382669597864151,0.0,-0.3263884261250496,-0.3263884261250496,0.30332106351852417,0.30332106351852417,0.1022137925028801,1.6669114828109741,0.3572511672973633,0.0,0.20110727101564407,0.20110727101564407,0.20377908647060394,0.20377908647060394,0.17533312737941742,0.04683854430913925,0.843251645565033,0.0,0.028445959091186523,0.028445959091186523,0.20635971426963806,0.20635971426963806,0.19663575291633606,1.5217604637145996,1.2405143976211548,0.0,0.009723961353302002,0.009723961353302002,0.036557141691446304,0.036557141691446304,0.08516152203083038,-1.7726396322250366,-0.8906840682029724,0.0,-0.04860438033938408,-0.04860438033938408,0.013985086232423782,0.013985086232423782,0.005916300229728222,1.9757636785507202,0.9577845931053162,0.0,0.00806878600269556,0.00806878600269556
774,25.8,14,0,0,,4,uneven rough,5,0.0,50.52535629272461,37.551368713378906,0.3548523783683777,1.0490970611572266,0.7555065155029297,1.0490970611572266,0.7555065155029297,5.966525077819824,5.222471237182617,0.4262550473213196,0.4737710654735565,0.13905231654644012,0.5245485305786133,0.37775325775146484,0.2052360475063324,0.27724790573120117,0.6176775693893433,0.5472888946533203,0.2530677020549774,0.1184116005897522,0.14366522431373596,0.14366522431373596,0.15346285700798035,-2.000065326690674,-0.5475767850875854,0.0,-0.009797632694244385,-0.009797632694244385,0.13862395286560059,0.13862395286560059,0.14161555469036102,0.9741240739822388,-0.9346911311149597,0.0,-0.002991601824760437,-0.002991601824760437,0.30883878469467163,0.30883878469467163,0.1418992280960083,0.9719492197036743,-0.23180408775806427,0.0,0.16693955659866333,0.16693955659866333,0.3831022083759308,0.3831022083759308,0.2893517017364502,1.5861257314682007,1.1612794399261475,0.0,0.09375050663948059,0.09375050663948059,0.1265338510274887,0.1265338510274887,0.023683691397309303,1.7025399208068848,-0.6989238858222961,0.0,0.1028501596301794,0.1028501596301794,0.0592058002948761,0.0592058002948761,-0.03844457492232323,0.7604570388793945,-0.29916277527809143,0.0,0.09765037521719933,0.09765037521719933
774,25.8,24,0,0,,4,uneven rough,10,0.0,90.5098876953125,33.38237380981445,0.36181896924972534,1.6776098012924194,0.20129725337028503,1.6776098012924194,0.20129725337028503,7.120049953460693,7.03549337387085,0.5,-0.03585958480834961,0.0893656462430954,0.8388049006462097,0.10064862668514252,-0.413404643535614,0.6312703490257263,-0.5176399350166321,-0.13816314935684204,0.31319481134414673,0.14925359189510345,-0.2893832325935364,-0.2893832325935364,0.034213755279779434,-1.4302546977996826,-0.08236369490623474,0.0,-0.3235969878733158,-0.3235969878733158,0.31563517451286316,0.31563517451286316,0.2901861369609833,0.8464145064353943,0.8190037608146667,0.0,0.025449037551879883,0.025449037551879883,-0.25881996750831604,-0.25881996750831604,0.0329071506857872,-0.4735945165157318,0.5127987861633301,0.0,-0.29172711819410324,-0.29172711819410324,-0.09671420603990555,-0.09671420603990555,-0.07183235138654709,-1.6422251462936401,1.6254017353057861,0.0,-0.02488185465335846,-0.02488185465335846,0.15659740567207336,0.15659740567207336,0.16559723019599915,-0.19958791136741638,-1.087308645248413,0.0,-0.008999824523925781,-0.008999824523925781,0.07462679594755173,0.07462679594755173,0.03555220365524292,0.5950935482978821,1.2422245740890503,0.0,0.03907459229230881,0.03907459229230881
775,25.833333333333332,4,0,0,,4,uneven rough,5,0.0,50.97595977783203,35.56128692626953,0.3567831814289093,0.6008663177490234,-0.38095709681510925,0.6008663177490234,-0.38095709681510925,5.721400737762451,0.6559526920318604,0.3333333432674408,0.4205746352672577,0.05122976750135422,0.3004331588745117,-0.19047854840755463,0.07546856254339218,0.45588573813438416,0.20645786821842194,0.24324747920036316,0.16585013270378113,-0.2397443801164627,0.05282799154520035,0.05282799154520035,0.18456624448299408,-1.6240440607070923,-1.1393510103225708,0.0,-0.13173825293779373,-0.13173825293779373,0.22794286906719208,0.22794286906719208,0.17008832097053528,1.9999562501907349,1.0977354049682617,0.0,0.0578545480966568,0.0578545480966568,0.10322893410921097,0.10322893410921097,0.10727190971374512,-1.9999772310256958,0.39295822381973267,0.0,-0.004042975604534149,-0.004042975604534149,0.17027322947978973,0.17027322947978973,0.20998117327690125,-0.6836533546447754,1.399531364440918,0.0,-0.03970794379711151,-0.03970794379711151,0.08292506635189056,0.08292506635189056,0.0876886174082756,1.126600742340088,-1.3893433809280396,0.0,-0.00476355105638504,-0.00476355105638504,-0.11987219005823135,-0.11987219005823135,-0.022566748782992363,-1.4510973691940308,1.5333517789840698,0.0,-0.09730544127523899,-0.09730544127523899
775,25.833333333333332,14,0,0,,4,uneven rough,5,0.0,50.49079895019531,37.534019470214844,0.35473912954330444,1.7327088117599487,0.0805167481303215,1.7327088117599487,0.0805167481303215,8.73452377319336,4.380161285400391,0.3333333432674408,0.3017430305480957,0.02993324026465416,0.8663544058799744,0.04025837406516075,0.6382718086242676,0.12839031219482422,-0.06945811957120895,0.42480701208114624,0.46198928356170654,0.06140759959816933,0.44679024815559387,0.44679024815559387,0.19714966416358948,1.737823486328125,-1.3688163757324219,0.0,0.2496405839920044,0.2496405839920044,0.06419515609741211,0.06419515609741211,0.10090447962284088,-1.4835692644119263,0.14455640316009521,0.0,-0.03670932352542877,-0.03670932352542877,-0.03472905978560448,-0.03472905978560448,0.07912369072437286,-1.630695104598999,0.4488002061843872,0.0,-0.11385275050997734,-0.11385275050997734,0.29736489057540894,0.29736489057540894,0.26791074872016907,-0.5027238726615906,1.4014883041381836,0.0,0.029454141855239868,0.029454141855239868,0.23099464178085327,0.23099464178085327,0.04781406745314598,0.5550580024719238,0.6588680148124695,0.0,0.1831805743277073,0.1831805743277073,0.030703799799084663,0.030703799799084663,-0.00908201839774847,1.3616739511489868,0.29994815587997437,0.0,0.039785818196833134,0.039785818196833134
775,25.833333333333332,24,0,0,,4,uneven rough,10,0.0,90.55873107910156,33.394805908203125,0.35969293117523193,1.673832893371582,-0.06761869043111801,1.673832893371582,-0.06761869043111801,8.560422897338867,4.966998100280762,0.3333333432674408,-0.1417670100927353,0.2193804383277893,0.836916446685791,-0.033809345215559006,0.5997943878173828,0.05336450785398483,-0.3754103183746338,-0.007377066183835268,0.2729625403881073,-0.20454466342926025,0.41985607147216797,0.41985607147216797,0.044606830924749374,1.4825987815856934,-0.8444637060165405,0.0,0.3752492405474186,0.3752492405474186,0.026682253926992416,0.026682253926992416,0.23041003942489624,-1.3739259243011475,0.8345018625259399,0.0,-0.20372778549790382,-0.20372778549790382,-0.1877051591873169,-0.1877051591873169,-0.02672460675239563,0.7785292267799377,-0.044909749180078506,0.0,-0.16098055243492126,-0.16098055243492126,-0.005163946188986301,-0.005163946188986301,-0.08021620661020279,0.3896069824695587,-0.22212034463882446,0.0,0.07505226042121649,0.07505226042121649,0.13648127019405365,0.13648127019405365,0.12416952848434448,-0.26430046558380127,-0.5853897333145142,0.0,0.012311741709709167,0.012311741709709167,-0.10227233171463013,-0.10227233171463013,-0.03129478916525841,-0.23284827172756195,0.8763355612754822,0.0,-0.07097754254937172,-0.07097754254937172
776,25.866666666666667,4,0,0,,4,uneven rough,5,0.0,50.950626373291016,35.53799057006836,0.3399372696876526,0.6574323177337646,0.03991524502635002,0.6574323177337646,0.03991524502635002,4.090027809143066,1.1047934293746948,0.3333333432674408,0.3306776285171509,0.17838981747627258,0.3287161588668823,0.01995762251317501,0.7300536632537842,-0.16866670548915863,0.18670420348644257,0.04866587370634079,0.24972191452980042,-0.4731074571609497,0.5110375285148621,0.5110375285148621,0.2345615178346634,1.9931426048278809,-1.4133973121643066,0.0,0.27647601068019867,0.27647601068019867,-0.2698667347431183,-0.2698667347431183,0.13082949817180634,-1.8125543594360352,1.6078526973724365,0.0,-0.4006962329149246,-0.4006962329149246,0.09335210174322128,0.09335210174322128,0.04993373900651932,-0.9962875247001648,-0.9600117802619934,0.0,0.043418362736701965,0.043418362736701965,0.03406611084938049,0.03406611084938049,0.14161008596420288,-2.00671124458313,0.2216949760913849,0.0,-0.10754397511482239,-0.10754397511482239,0.12486095726490021,0.12486095726490021,0.11861763149499893,1.7068167924880981,0.03317594155669212,0.0,0.006243325769901276,0.006243325769901276,-0.23655372858047485,-0.23655372858047485,-0.06298653036355972,-0.8417986035346985,-0.15406113862991333,0.0,-0.17356719821691513,-0.17356719821691513
776,25.866666666666667,14,0,0,,4,uneven rough,5,0.0,50.45486831665039,37.51553726196289,0.3568974733352661,1.255218267440796,-0.5599914193153381,1.255218267440796,-0.5599914193153381,6.5032477378845215,0.8944379687309265,0.1666666716337204,0.07692179083824158,0.11673752963542938,0.627609133720398,-0.27999570965766907,0.18084272742271423,0.33092424273490906,0.632732093334198,0.4492136240005493,0.14486122131347656,0.037439245730638504,0.12658990919589996,0.12658990919589996,0.15088112652301788,-1.7354298830032349,0.38768333196640015,0.0,-0.02429121732711792,-0.02429121732711792,0.16546212136745453,0.16546212136745453,0.14664028584957123,0.8564959168434143,-0.775988757610321,0.0,0.0188218355178833,0.0188218355178833,0.316366046667099,0.316366046667099,0.13291968405246735,1.8694076538085938,-0.7269501686096191,0.0,0.18344636261463165,0.18344636261463165,0.3144495189189911,0.3144495189189911,0.3228035867214203,1.2061805725097656,0.32484331727027893,0.0,-0.0083540678024292,-0.0083540678024292,0.07243061065673828,0.07243061065673828,0.09498649835586548,-0.49431613087654114,0.6001736521720886,0.0,-0.022555887699127197,-0.022555887699127197,0.018719622865319252,0.018719622865319252,0.01605115830898285,0.1160716861486435,0.9002498388290405,0.0,0.002668464556336403,0.002668464556336403
776,25.866666666666667,24,0,0,,4,uneven rough,10,0.0,90.61125946044922,33.405818939208984,0.36182552576065063,1.817556381225586,0.3216162919998169,1.817556381225586,0.3216162919998169,8.985026359558105,7.242697715759277,0.4237537086009979,0.09698160737752914,0.08617901802062988,0.908778190612793,0.16080814599990845,0.0072086770087480545,0.11213909089565277,-0.17639388144016266,-0.0981510728597641,0.4247584939002991,-0.13337136805057526,0.005046073812991381,0.005046073812991381,0.005750065669417381,-1.3358584642410278,0.471261590719223,0.0,-0.0007039918564260006,-0.0007039918564260006,0.056069545447826385,0.056069545447826385,0.20322464406490326,0.22590094804763794,-0.41414716839790344,0.0,-0.14715509861707687,-0.14715509861707687,-0.08819694072008133,-0.08819694072008133,-0.02888188138604164,-0.263641893863678,0.42066413164138794,0.0,-0.05931505933403969,-0.05931505933403969,-0.06870575249195099,-0.06870575249195099,-0.05568109452724457,0.2624325156211853,0.12375137954950333,0.0,-0.013024657964706421,-0.013024657964706421,0.21237924695014954,0.21237924695014954,0.1214715987443924,1.7156329154968262,-0.40384531021118164,0.0,0.09090764820575714,0.09090764820575714,-0.06668568402528763,-0.06668568402528763,-0.05717065930366516,-0.32319971919059753,0.24920102953910828,0.0,-0.009515024721622467,-0.009515024721622467
777,25.9,4,0,0,,4,uneven rough,5,0.0,50.926265716552734,35.52265167236328,0.3370366096496582,0.5774103999137878,-1.045456886291504,0.5774103999137878,-1.045456886291504,1.6111066341400146,3.218552589416504,0.3333333432674408,0.44739851355552673,0.038591764867305756,0.2887051999568939,-0.522728443145752,0.6396756172180176,-0.08774067461490631,0.7718296051025391,0.11348994821310043,0.15575724840164185,-0.19790221750736237,0.44777292013168335,0.44777292013168335,0.2977869510650635,1.719533085823059,0.5126664638519287,0.0,0.14998596906661987,0.14998596906661987,-0.14038507640361786,-0.14038507640361786,0.0674901083111763,-1.9732780456542969,-0.3260515630245209,0.0,-0.20787518471479416,-0.20787518471479416,0.38591480255126953,0.38591480255126953,0.07757680863142014,0.18123261630535126,-0.9805221557617188,0.0,0.3083379939198494,0.3083379939198494,0.07944296300411224,0.07944296300411224,0.07997693121433258,-1.252841830253601,-1.0382498502731323,0.0,-0.0005339682102203369,-0.0005339682102203369,0.07787862420082092,0.07787862420082092,0.10102742165327072,-1.756395697593689,0.9794554710388184,0.0,-0.0231487974524498,-0.0231487974524498,-0.09895110875368118,-0.09895110875368118,-0.04599256440997124,-0.07806258648633957,-0.5429091453552246,0.0,-0.052958544343709946,-0.052958544343709946
777,25.9,14,0,0,,4,uneven rough,5,0.0,50.42017364501953,37.4940185546875,0.3562501072883606,0.8071056008338928,0.16252213716506958,0.8071056008338928,0.16252213716506958,4.288974285125732,0.6116153001785278,0.17354410886764526,0.14023250341415405,0.07241080701351166,0.4035528004169464,0.08126106858253479,0.5046705603599548,0.2567584216594696,0.18178662657737732,0.370455801486969,0.06357116997241974,-0.13336294889450073,0.35326939821243286,0.35326939821243286,0.2095029056072235,1.794679880142212,-0.8127287030220032,0.0,0.14376649260520935,0.14376649260520935,0.1283792108297348,0.1283792108297348,0.12614043056964874,0.01685354672372341,0.14702101051807404,0.0,0.0022387802600860596,0.0022387802600860596,0.09089331328868866,0.09089331328868866,0.07995443791151047,-1.1395206451416016,0.7410352230072021,0.0,0.010938875377178192,0.010938875377178192,0.2593190670013428,0.2593190670013428,0.2641865909099579,-1.6851708889007568,0.8231529593467712,0.0,-0.004867523908615112,-0.004867523908615112,0.03178558498620987,0.03178558498620987,0.04444684088230133,-0.6025624871253967,-0.01865283027291298,0.0,-0.012661255896091461,-0.012661255896091461,-0.06668147444725037,-0.06668147444725037,-0.044736120849847794,-1.8372513055801392,0.4568741023540497,0.0,-0.021945353597402573,-0.021945353597402573
777,25.9,24,0,0,,4,uneven rough,10,0.0,90.66072845458984,33.41867446899414,0.36493223905563354,1.683113694190979,1.0037692785263062,1.683113694190979,1.0037692785263062,8.748968124389648,1.1280202865600586,0.1666666716337204,0.5953778028488159,0.10532413423061371,0.8415568470954895,0.5018846392631531,0.38045206665992737,0.12229364365339279,-0.5406948328018188,-0.20896773040294647,0.5758689641952515,0.1758362203836441,0.2663164436817169,0.2663164436817169,0.06284604221582413,1.9928545951843262,-0.5504873394966125,0.0,0.2034704014658928,0.2034704014658928,0.061146821826696396,0.061146821826696396,0.15066538751125336,-1.1880955696105957,-0.05226282402873039,0.0,-0.08951856568455696,-0.08951856568455696,-0.2703474164009094,-0.2703474164009094,-0.06408903002738953,-1.6417365074157715,0.03375627472996712,0.0,-0.2062583863735199,-0.2062583863735199,-0.14627741277217865,-0.14627741277217865,-0.12270612269639969,-1.537186622619629,0.20216193795204163,0.0,-0.02357129007577896,-0.02357129007577896,0.28793448209762573,0.28793448209762573,0.15583151578903198,-0.17002864181995392,0.7945114970207214,0.0,0.13210296630859375,0.13210296630859375,0.08791811019182205,0.08791811019182205,0.0024494556710124016,2.007326126098633,-0.07443538308143616,0.0,0.08546865452080965,0.08546865452080965
778,25.933333333333334,4,0,0,,4,uneven rough,5,0.0,50.902191162109375,35.50751876831055,0.3441416919231415,0.8235045075416565,-0.9097890853881836,0.8235045075416565,-0.9097890853881836,1.6045513153076172,1.9865846633911133,0.3333333432674408,0.05245941877365112,0.08000881969928741,0.41175225377082825,-0.4548945426940918,-0.024095043540000916,0.2631393373012543,0.8377543091773987,0.20403464138507843,0.29925736784935,0.16399669647216797,-0.01686652936041355,-0.01686652936041355,0.23815716803073883,-1.9583221673965454,1.1950310468673706,0.0,-0.2550236973911524,-0.2550236973911524,0.13156966865062714,0.13156966865062714,0.12872953712940216,1.3846477270126343,-1.2573963403701782,0.0,0.0028401315212249756,0.0028401315212249756,0.41887715458869934,0.41887715458869934,0.12476754933595657,1.178419589996338,-0.32366394996643066,0.0,0.29410960525274277,0.29410960525274277,0.14282424747943878,0.14282424747943878,0.13081903755664825,1.11719810962677,-1.1595805883407593,0.0,0.012005209922790527,0.012005209922790527,0.149628683924675,0.149628683924675,0.13994328677654266,-0.20126377046108246,-0.5673996806144714,0.0,0.009685397148132324,0.009685397148132324,0.08199834823608398,0.08199834823608398,-0.004773672204464674,1.479054570198059,-0.2800840735435486,0.0,0.08677202044054866,0.08677202044054866
778,25.933333333333334,14,0,0,,4,uneven rough,5,0.0,50.386539459228516,37.46745300292969,0.3480827212333679,1.2244229316711426,-0.6034671664237976,1.2244229316711426,-0.6034671664237976,4.571138858795166,0.6259859800338745,0.1666666716337204,0.24567154049873352,0.1282668560743332,0.6122114658355713,-0.3017335832118988,0.12301141023635864,-0.2800990343093872,0.34304895997047424,0.024211471900343895,0.28236010670661926,-0.7162874937057495,0.08610798418521881,0.08610798418521881,0.1910637617111206,-1.956024408340454,0.6615047454833984,0.0,-0.1049557775259018,-0.1049557775259018,-0.44815847277641296,-0.44815847277641296,0.1268753558397293,1.8180782794952393,0.0734240934252739,0.0,-0.5750338286161423,-0.5750338286161423,0.17152447998523712,0.17152447998523712,0.11189036071300507,1.71119225025177,-0.32223445177078247,0.0,0.059634119272232056,0.059634119272232056,0.016948029398918152,0.016948029398918152,0.21926921606063843,-0.9173734188079834,-0.5950578451156616,0.0,-0.20232118666172028,-0.20232118666172028,0.14118005335330963,0.14118005335330963,0.08388141542673111,1.846900224685669,-0.34879639744758606,0.0,0.05729863792657852,0.05729863792657852,-0.35814374685287476,-0.35814374685287476,-0.10252546519041061,-1.8513489961624146,-0.8402284979820251,0.0,-0.25561828166246414,-0.25561828166246414
778,25.933333333333334,24,0,0,,4,uneven rough,10,0.0,90.70610809326172,33.43172073364258,0.37916064262390137,1.8331271409988403,-1.1528897285461426,1.8331271409988403,-1.1528897285461426,9.48021411895752,3.4848289489746094,0.3333333432674408,0.21984021365642548,0.1069110855460167,0.9165635704994202,-0.5764448642730713,0.02585173211991787,0.30247291922569275,0.2538224160671234,-0.26498177647590637,0.3993375897407532,-0.30277594923973083,0.018096212297677994,0.018096212297677994,0.06520852446556091,-0.9801924228668213,0.8875227570533752,0.0,-0.04711231216788292,-0.04711231216788292,0.15123645961284637,0.15123645961284637,0.16205430030822754,-0.16559743881225586,-0.6944646835327148,0.0,-0.010817840695381165,-0.010817840695381165,0.1269112080335617,0.1269112080335617,-0.015678413212299347,1.7124499082565308,-0.9135703444480896,0.0,0.14258962124586105,0.14258962124586105,-0.18548724055290222,-0.18548724055290222,-0.15756163001060486,-0.9742289781570435,-0.781268835067749,0.0,-0.027925610542297363,-0.027925610542297363,0.1996687948703766,0.1996687948703766,0.19409622251987457,-0.1568366289138794,0.24915878474712372,0.0,0.005572572350502014,0.005572572350502014,-0.15138797461986542,-0.15138797461986542,-0.007732660975307226,0.23464229702949524,1.1025962829589844,0.0,-0.1436553136445582,-0.1436553136445582
779,25.966666666666665,4,0,0,,4,uneven rough,5,0.0,50.87984848022461,35.495635986328125,0.35111647844314575,0.8394239544868469,0.7913907170295715,0.8394239544868469,0.7913907170295715,4.303077697753906,5.743749618530273,0.5,-0.1012251004576683,0.10382210463285446,0.41971197724342346,0.39569535851478577,0.48348408937454224,0.14638200402259827,0.10314908623695374,0.25800737738609314,0.17596910893917084,0.2659777104854584,0.33843886852264404,0.33843886852264404,0.2664547562599182,1.989578127861023,-0.587880551815033,0.0,0.07198411226272583,0.07198411226272583,0.07319100201129913,0.07319100201129913,0.08941302448511124,-0.5453023314476013,0.23642012476921082,0.0,-0.016222022473812103,-0.016222022473812103,0.05157454311847687,0.05157454311847687,0.07261195778846741,-1.8825204372406006,0.5256167650222778,0.0,-0.02103741466999054,-0.02103741466999054,0.18060515820980072,0.18060515820980072,0.13228662312030792,0.26173749566078186,0.127714142203331,0.0,0.0483185350894928,0.0483185350894928,0.08798455446958542,0.08798455446958542,0.0717746838927269,-0.8579563498497009,-0.3603857755661011,0.0,0.01620987057685852,0.01620987057685852,0.1329888552427292,0.1329888552427292,0.0447014681994915,1.3355950117111206,0.7145360708236694,0.0,0.08828738704323769,0.08828738704323769
779,25.966666666666665,14,0,0,,4,uneven rough,5,0.0,50.348854064941406,37.44351577758789,0.33683955669403076,1.5581134557724,-0.3613729476928711,1.5581134557724,-0.3613729476928711,8.238091468811035,2.7476978302001953,0.3333333432674408,-0.023035695776343346,0.2312503457069397,0.7790567278862,-0.18068647384643555,0.9103690385818481,-0.22355352342128754,0.16316427290439606,0.11606213450431824,0.41722217202186584,-0.42800429463386536,0.6372582912445068,0.6372582912445068,0.23722660541534424,1.9618724584579468,-0.818450927734375,0.0,0.4000316858291626,0.4000316858291626,-0.3576856553554535,-0.3576856553554535,0.1130385547876358,-0.7999228239059448,1.0598547458648682,0.0,-0.4707242101430893,-0.4707242101430893,0.08158213645219803,0.08158213645219803,0.08378184586763382,-1.7451658248901367,0.8274686336517334,0.0,-0.002199709415435791,-0.002199709415435791,0.08124349266290665,0.08124349266290665,0.1501144915819168,-1.9014531373977661,-0.7772956490516663,0.0,-0.06887099891901016,-0.06887099891901016,0.20861108601093292,0.20861108601093292,0.12499742954969406,2.0014333724975586,0.8926544189453125,0.0,0.08361365646123886,0.08361365646123886,-0.21400214731693268,-0.21400214731693268,-0.16501936316490173,-1.7659938335418701,-1.411917805671692,0.0,-0.048982784152030945,-0.048982784152030945
779,25.966666666666665,24,0,0,,4,uneven rough,10,0.0,90.75080108642578,33.4371452331543,0.39749807119369507,1.9046130180358887,-0.8589401245117188,1.9046130180358887,-0.8589401245117188,9.768828392028809,4.964138984680176,0.5,0.3517550826072693,0.15755099058151245,0.9523065090179443,-0.4294700622558594,0.23320631682872772,0.44398435950279236,0.4174366593360901,-0.1645171046257019,0.48233771324157715,-0.263611763715744,0.16324442625045776,0.16324442625045776,0.1032138541340828,1.9914915561676025,-0.16848674416542053,0.0,0.06003057211637497,0.06003057211637497,0.22199217975139618,0.22199217975139618,0.22069887816905975,1.2095954418182373,-0.3954421877861023,0.0,0.0012933015823364258,0.0012933015823364258,0.20871832966804504,0.20871832966804504,0.05239199101924896,2.00048565864563,0.5711861848831177,0.0,0.15632633864879608,0.15632633864879608,-0.1151619702577591,-0.1151619702577591,-0.15420329570770264,1.3369938135147095,-0.8903688192367554,0.0,0.03904132544994354,0.03904132544994354,0.24116885662078857,0.24116885662078857,0.23250235617160797,0.12788578867912292,0.01960824802517891,0.0,0.008666500449180603,0.008666500449180603,-0.131805881857872,-0.131805881857872,-0.051143672317266464,-1.6692917346954346,0.6118535399436951,0.0,-0.08066220954060555,-0.08066220954060555
780,26.0,4,0,0,,4,uneven rough,5,0.0,50.85340118408203,35.47874450683594,0.3513777256011963,1.1557496786117554,-0.5337128639221191,1.1557496786117554,-0.5337128639221191,5.828548431396484,4.060900688171387,0.3333333432674408,-0.2617604434490204,0.13386839628219604,0.5778748393058777,-0.26685643196105957,-0.4649573862552643,0.2549811601638794,0.6347892880439758,0.4302949607372284,0.32063227891921997,-0.13259750604629517,-0.3254701793193817,-0.3254701793193817,0.22973063588142395,-1.5281544923782349,0.8694192171096802,0.0,-0.5552008152008057,-0.5552008152008057,0.1274905800819397,0.1274905800819397,0.15191012620925903,0.9500970244407654,-0.2055671513080597,0.0,-0.024419546127319336,-0.024419546127319336,0.3173946440219879,0.3173946440219879,0.09188128262758255,-0.3412212133407593,-0.8359483480453491,0.0,0.22551336139440536,0.22551336139440536,0.30120646953582764,0.30120646953582764,0.20135480165481567,1.9316846132278442,0.2034911811351776,0.0,0.09985166788101196,0.09985166788101196,0.16031613945960999,0.16031613945960999,0.1282874047756195,1.2706328630447388,-0.6417130827903748,0.0,0.03202873468399048,0.03202873468399048,-0.06629875302314758,-0.06629875302314758,-0.00868410337716341,-1.9399040937423706,1.0656838417053223,0.0,-0.05761464964598417,-0.05761464964598417
780,26.0,14,0,0,,4,uneven rough,5,0.0,50.30586242675781,37.4270133972168,0.32483452558517456,1.333733081817627,-1.0508341789245605,1.333733081817627,-1.0508341789245605,4.088468074798584,4.087860584259033,0.3333333432674408,0.061893146485090256,0.2762976884841919,0.6668665409088135,-0.5254170894622803,0.7384752035140991,0.11588665097951889,0.5962377786636353,0.4648873805999756,0.29695191979408264,-0.23608006536960602,0.5169326066970825,0.5169326066970825,0.30178260803222656,1.7663942575454712,0.7535489201545715,0.0,0.21514999866485596,0.21514999866485596,0.057943325489759445,0.057943325489759445,0.07048194855451584,-0.8161119222640991,0.00833318755030632,0.0,-0.012538623064756393,-0.012538623064756393,0.2981188893318176,0.2981188893318176,0.10263340920209885,0.03619150444865227,-0.6271035075187683,0.0,0.19548548012971878,0.19548548012971878,0.32542115449905396,0.32542115449905396,0.15876173973083496,1.6910732984542847,-1.4128962755203247,0.0,0.166659414768219,0.166659414768219,0.14847595989704132,0.14847595989704132,0.13354960083961487,1.1168937683105469,1.5195599794387817,0.0,0.014926359057426453,0.014926359057426453,-0.11804003268480301,-0.11804003268480301,-0.16184842586517334,-0.2111356109380722,-1.6121129989624023,0.0,0.04380839318037033,0.04380839318037033
780,26.0,24,0,0,,4,uneven rough,10,0.0,90.7937240600586,33.440494537353516,0.4174794554710388,1.7243516445159912,-0.05777699127793312,1.7243516445159912,-0.05777699127793312,7.746022701263428,0.5965875387191772,0.3333333432674408,0.005840261932462454,0.14340752363204956,0.8621758222579956,-0.02888849563896656,-0.4402102530002594,0.594326376914978,0.10632031410932541,0.2374172955751419,0.26762259006500244,0.0015727790305390954,-0.3081471621990204,-0.3081471621990204,0.06114751845598221,-2.0000007152557373,1.0527688264846802,0.0,-0.3692946806550026,-0.3692946806550026,0.297163188457489,0.297163188457489,0.28129616379737854,1.945563554763794,0.5120489597320557,0.0,0.015867024660110474,0.015867024660110474,0.053160157054662704,0.053160157054662704,0.07068488001823425,-0.9824636578559875,1.379314661026001,0.0,-0.01752472296357155,-0.01752472296357155,0.16619209945201874,0.16619209945201874,-0.08510071039199829,1.9853017330169678,0.36898601055145264,0.0,0.25129280984401703,0.25129280984401703,0.13381129503250122,0.13381129503250122,0.17622344195842743,-2.000000238418579,0.08082856237888336,0.0,-0.04241214692592621,-0.04241214692592621,0.0007863895152695477,0.0007863895152695477,-0.015199151821434498,1.6001023054122925,-0.6779100894927979,0.0,0.015985541336704046,0.015985541336704046
781,26.03333333333333,4,0,0,,4,uneven rough,5,0.0,50.82762908935547,35.46355056762695,0.3484737277030945,1.145631194114685,0.8553721904754639,1.145631194114685,0.8553721904754639,5.140175819396973,3.1243109703063965,0.3333333432674408,-0.08840738236904144,0.0502750389277935,0.5728155970573425,0.42768609523773193,0.44510120153427124,0.048930369317531586,0.03570610657334328,0.3132328391075134,0.2041686475276947,0.2805538773536682,0.31157082319259644,0.31157082319259644,0.27485141158103943,1.7623909711837769,-0.48617327213287354,0.0,0.03671941161155701,0.03671941161155701,0.024465184658765793,0.024465184658765793,0.08684224635362625,-1.902369737625122,0.447847455739975,0.0,-0.06237706169486046,-0.06237706169486046,0.01785305328667164,0.01785305328667164,0.06007466837763786,-0.5724692940711975,-0.556228756904602,0.0,-0.042221615090966225,-0.042221615090966225,0.2192629873752594,0.2192629873752594,0.19840694963932037,-0.7968001961708069,1.1806148290634155,0.0,0.020856037735939026,0.020856037735939026,0.10208432376384735,0.10208432376384735,0.07355161756277084,-1.2993998527526855,0.43953073024749756,0.0,0.028532706201076508,0.028532706201076508,0.1402769386768341,0.1402769386768341,0.03329502046108246,-0.7800251245498657,-0.6336809992790222,0.0,0.10698191821575165,0.10698191821575165
781,26.03333333333333,14,0,0,,4,uneven rough,5,0.0,50.262027740478516,37.4072380065918,0.32541632652282715,1.6473945379257202,0.3531119227409363,1.6473945379257202,0.3531119227409363,3.5850465297698975,2.4133782386779785,0.5,-0.3103591799736023,0.2380717247724533,0.8236972689628601,0.17655596137046814,0.24938669800758362,0.442432165145874,0.5034320950508118,0.8503152132034302,0.3841222822666168,0.3599456250667572,0.17457067966461182,0.17457067966461182,0.2738153338432312,-1.9079946279525757,1.3262134790420532,0.0,-0.09924465417861938,-0.09924465417861938,0.221216082572937,0.221216082572937,0.12970806658267975,1.8456388711929321,-0.45780956745147705,0.0,0.09150801599025726,0.09150801599025726,0.2517160475254059,0.2517160475254059,0.1595267504453659,1.9031693935394287,-0.25207531452178955,0.0,0.09218929708003998,0.09218929708003998,0.5952206254005432,0.5952206254005432,0.22994627058506012,1.9998011589050293,0.34209370613098145,0.0,0.3652743548154831,0.3652743548154831,0.1920611411333084,0.1920611411333084,0.20782041549682617,1.5299420356750488,1.2918918132781982,0.0,-0.01575927436351776,-0.01575927436351776,0.1799728125333786,0.1799728125333786,-0.13382075726985931,1.2431021928787231,-0.8199979066848755,0.0,0.3137935698032379,0.3137935698032379
781,26.03333333333333,24,0,0,,4,uneven rough,10,0.0,90.83429718017578,33.45896530151367,0.41466274857521057,1.6812747716903687,-0.7768730521202087,1.6812747716903687,-0.7768730521202087,8.612785339355469,0.0,0.0,0.34909018874168396,0.15876245498657227,0.8406373858451843,-0.38843652606010437,-0.22475524246692657,0.29625222086906433,-0.13825176656246185,-0.29363182187080383,0.589872419834137,-0.18071138858795166,-0.15732866525650024,-0.15732866525650024,0.009746534749865532,-1.8435165882110596,-0.6732725501060486,0.0,-0.16707520000636578,-0.16707520000636578,0.14812611043453217,0.14812611043453217,0.2541726231575012,-1.380715012550354,1.3225606679916382,0.0,-0.10604651272296906,-0.10604651272296906,-0.06912588328123093,-0.06912588328123093,0.009444168768823147,0.004467777907848358,0.04396095499396324,0.0,-0.07857005205005407,-0.07857005205005407,-0.20554226636886597,-0.20554226636886597,-0.10476963967084885,-1.6464234590530396,1.2828538417816162,0.0,-0.10077262669801712,-0.10077262669801712,0.2949362099170685,0.2949362099170685,0.18958747386932373,1.3613910675048828,-1.0956758260726929,0.0,0.10534873604774475,0.10534873604774475,-0.09035569429397583,-0.09035569429397583,-0.05862719938158989,0.24245811998844147,0.61008220911026,0.0,-0.03172849491238594,-0.03172849491238594
782,26.066666666666666,4,0,0,,4,uneven rough,5,0.0,50.8043327331543,35.44233703613281,0.35449451208114624,1.6249818801879883,0.7426889538764954,1.6249818801879883,0.7426889538764954,4.1630988121032715,4.224740028381348,0.6666666865348816,-0.3281835913658142,0.09660190343856812,0.8124909400939941,0.3713444769382477,-0.040485821664333344,-0.058119576424360275,0.3206419348716736,0.14790688455104828,-0.01568450964987278,0.11533506214618683,-0.02834007516503334,-0.02834007516503334,0.27667441964149475,-0.7604468464851379,0.7851690053939819,0.0,-0.3050144948065281,-0.3050144948065281,-0.09299132227897644,-0.09299132227897644,0.03290925547480583,-1.4400107860565186,-0.8809695243835449,0.0,-0.12590057775378227,-0.12590057775378227,0.1603209674358368,0.1603209674358368,0.10455463081598282,1.8140350580215454,-0.5654112100601196,0.0,0.05576633661985397,0.05576633661985397,0.10353481769561768,0.10353481769561768,0.15659940242767334,-1.7695552110671997,0.06258085370063782,0.0,-0.053064584732055664,-0.053064584732055664,-0.025095215067267418,-0.025095215067267418,0.005319302435964346,-1.8481736183166504,-0.543663740158081,0.0,-0.030414517503231764,-0.030414517503231764,0.057667531073093414,0.057667531073093414,0.05495196953415871,0.9749120473861694,-0.7164242267608643,0.0,0.0027155615389347076,0.0027155615389347076
782,26.066666666666666,14,0,0,,4,uneven rough,5,0.0,50.218379974365234,37.38901138305664,0.33233511447906494,1.570671796798706,0.6852271556854248,1.570671796798706,0.6852271556854248,7.499053001403809,5.299401760101318,0.5,-0.33953067660331726,0.132906973361969,0.785335898399353,0.3426135778427124,0.695170521736145,0.3670426905155182,-0.11109189689159393,0.6193271279335022,-0.006865788251161575,0.3378293812274933,0.48661935329437256,0.48661935329437256,0.29945608973503113,1.9326285123825073,-0.5024135708808899,0.0,0.18716326355934143,0.18716326355934143,0.1835213452577591,0.1835213452577591,0.15033961832523346,1.2548686265945435,0.8445643186569214,0.0,0.033181726932525635,0.033181726932525635,-0.05554594844579697,-0.05554594844579697,0.09948403388261795,-1.9340990781784058,0.966503918170929,0.0,-0.15502998232841492,-0.15502998232841492,0.43352898955345154,0.43352898955345154,0.28540748357772827,1.9966578483581543,1.2793644666671753,0.0,0.14812150597572327,0.14812150597572327,-0.010985261760652065,-0.010985261760652065,0.1668776571750641,-0.8263962864875793,1.4264858961105347,0.0,-0.17786291893571615,-0.17786291893571615,0.16891469061374664,0.16891469061374664,-0.1191190555691719,1.026677131652832,0.34648260474205017,0.0,0.28803374618291855,0.28803374618291855
782,26.066666666666666,24,0,0,,4,uneven rough,10,0.0,90.87686157226562,33.466861724853516,0.40020158886909485,1.4718064069747925,0.9700588583946228,1.4718064069747925,0.9700588583946228,7.6482696533203125,1.05460524559021,0.1666666716337204,0.37287434935569763,0.2597000002861023,0.7359032034873962,0.4850294291973114,0.6840931177139282,0.2773408889770508,-0.37118104100227356,-0.10049010813236237,0.39612263441085815,0.012896820902824402,0.4788651764392853,0.4788651764392853,0.011631067842245102,0.47501009702682495,-1.334930658340454,0.0,0.4672341085970402,0.4672341085970402,0.1386704444885254,0.1386704444885254,0.1882220357656479,-1.8351693153381348,-0.20587624609470367,0.0,-0.0495515912771225,-0.0495515912771225,-0.18559052050113678,-0.18559052050113678,-0.04823603108525276,-1.7028461694717407,0.02163144201040268,0.0,-0.13735448941588402,-0.13735448941588402,-0.07034307718276978,-0.07034307718276978,-0.12931209802627563,0.9113050103187561,-0.37336477637290955,0.0,0.05896902084350586,0.05896902084350586,0.19806131720542908,0.19806131720542908,0.19438564777374268,-0.2326212376356125,0.2935542166233063,0.0,0.0036756694316864014,0.0036756694316864014,0.006448410451412201,0.006448410451412201,-0.0026088047306984663,1.861393928527832,0.40222686529159546,0.0,0.009057215182110667,0.009057215182110667
783,26.099999999999998,4,0,0,,4,uneven rough,5,0.0,50.779014587402344,35.41903305053711,0.3631751537322998,1.547520637512207,-0.1622926890850067,1.547520637512207,-0.1622926890850067,4.9698286056518555,4.779894828796387,0.5,-0.41656821966171265,0.15938854217529297,0.7737603187561035,-0.08114634454250336,0.4056135416030884,0.10154252499341965,0.44539377093315125,0.19587409496307373,-0.06886588037014008,-0.042038444429636,0.2839294672012329,0.2839294672012329,0.2671341001987457,-0.1356329470872879,-0.08872496336698532,0.0,0.016795367002487183,0.016795367002487183,0.050771262496709824,0.050771262496709824,0.021288173273205757,0.17694944143295288,-1.1970524787902832,0.0,0.029483089223504066,0.029483089223504066,0.22269688546657562,0.22269688546657562,0.16172106564044952,1.2351980209350586,0.7799319624900818,0.0,0.0609758198261261,0.0609758198261261,0.1371118575334549,0.1371118575334549,0.11187972873449326,-0.3589729368686676,-0.9733121395111084,0.0,0.02523212879896164,0.02523212879896164,-0.110185407102108,-0.110185407102108,-0.045777395367622375,-1.4376903772354126,-1.281235933303833,0.0,-0.06440801173448563,-0.06440801173448563,-0.021019222214818,-0.021019222214818,0.025133365765213966,2.0071401596069336,0.23986032605171204,0.0,-0.04615258798003197,-0.04615258798003197
783,26.099999999999998,14,0,0,,4,uneven rough,5,0.0,50.17503356933594,37.3712043762207,0.3478713035583496,1.579573631286621,0.03783641755580902,1.579573631286621,0.03783641755580902,8.327342987060547,1.3163373470306396,0.1666666716337204,0.00814990233629942,0.2974892258644104,0.7897868156433105,0.01891820877790451,-0.6072704195976257,0.6484954357147217,0.632809042930603,0.6498667001724243,0.10477219521999359,0.32589396834373474,-0.4250892996788025,-0.4250892996788025,0.28553393483161926,-1.3776229619979858,0.8743636012077332,0.0,-0.7106232345104218,-0.7106232345104218,0.32424771785736084,0.32424771785736084,0.20939265191555023,1.5132560729980469,1.076551079750061,0.0,0.11485506594181061,0.11485506594181061,0.3164045214653015,0.3164045214653015,0.12683424353599548,0.10248137265443802,-0.6735022068023682,0.0,0.18957027792930603,0.18957027792930603,0.4549066722393036,0.4549066722393036,0.3526732623577118,1.8274093866348267,1.6849234104156494,0.0,0.1022334098815918,0.1022334098815918,0.052386097609996796,0.052386097609996796,0.12392830103635788,-1.9109832048416138,0.15270227193832397,0.0,-0.07154220342636108,-0.07154220342636108,0.16294698417186737,0.16294698417186737,-0.053180910646915436,1.901182770729065,0.7310658097267151,0.0,0.2161278948187828,0.2161278948187828
783,26.099999999999998,24,0,0,,4,uneven rough,10,0.0,90.92255401611328,33.470611572265625,0.39885208010673523,1.6286284923553467,-0.07675337046384811,1.6286284923553467,-0.07675337046384811,8.523149490356445,0.3881692886352539,0.1666666716337204,0.4256160855293274,0.09104572236537933,0.8143142461776733,-0.03837668523192406,-0.18412792682647705,0.6352534294128418,0.2691844701766968,0.10659194737672806,0.16323454678058624,0.1416417509317398,-0.1288895457983017,-0.1288895457983017,-0.04685760289430618,-2.0030059814453125,-0.3115869164466858,0.0,-0.08203194290399551,-0.08203194290399551,0.3176267147064209,0.3176267147064209,0.23193129897117615,2.0040714740753174,-1.1270815134048462,0.0,0.08569541573524475,0.08569541573524475,0.1345922350883484,0.1345922350883484,-0.03943457454442978,-0.12479490786790848,-0.9533913135528564,0.0,0.17402680963277817,0.17402680963277817,0.07461436092853546,0.07461436092853546,-0.061880674213171005,1.8649955987930298,0.3529898226261139,0.0,0.13649503514170647,0.13649503514170647,0.08161727339029312,0.08161727339029312,0.14365871250629425,-1.7555196285247803,-0.003946325276046991,0.0,-0.06204143911600113,-0.06204143911600113,0.0708208754658699,0.0708208754658699,0.03529667854309082,1.941083312034607,1.2272425889968872,0.0,0.03552419692277908,0.03552419692277908
784,26.133333333333333,4,0,0,,4,uneven rough,5,0.0,50.74951934814453,35.395423889160156,0.3651095926761627,1.1677051782608032,-0.8415055871009827,1.1677051782608032,-0.8415055871009827,4.597116470336914,2.8622045516967773,0.3333333432674408,-0.5903854370117188,0.07925978302955627,0.5838525891304016,-0.42075279355049133,0.3942911922931671,0.5171244740486145,0.17386294901371002,0.23757025599479675,0.40219536423683167,-0.0540979839861393,0.2760038375854492,0.2760038375854492,0.25044527649879456,0.22093996405601501,-0.11524681746959686,0.0,0.025558561086654663,0.025558561086654663,0.25856223702430725,0.25856223702430725,0.08541198819875717,1.8349957466125488,-0.4201893210411072,0.0,0.17315024882555008,0.17315024882555008,0.08693147450685501,0.08693147450685501,0.10368078202009201,-1.8302334547042847,1.0373401641845703,0.0,-0.016749307513237,-0.016749307513237,0.16629917919635773,0.16629917919635773,0.144006609916687,1.0738747119903564,-0.6259636282920837,0.0,0.022292569279670715,0.022292569279670715,0.20109768211841583,0.20109768211841583,0.01351725310087204,2.000134229660034,-1.3696955442428589,0.0,0.1875804290175438,0.1875804290175438,-0.02704899199306965,-0.02704899199306965,-0.019851908087730408,-1.7122914791107178,1.2390835285186768,0.0,-0.007197083905339241,-0.007197083905339241
784,26.133333333333333,14,0,0,,4,uneven rough,5,0.0,50.138031005859375,37.34640121459961,0.3691369891166687,1.4112190008163452,0.028269069269299507,1.4112190008163452,0.028269069269299507,7.089704513549805,2.1107242107391357,0.42337703704833984,0.17298415303230286,0.15591025352478027,0.7056095004081726,0.014134534634649754,-0.519841730594635,0.6396581530570984,0.4959510266780853,0.5370743274688721,0.17456616461277008,-0.020308436825871468,-0.363889217376709,-0.363889217376709,0.23673273622989655,-1.0457738637924194,-0.3989136219024658,0.0,-0.6006219536066055,-0.6006219536066055,0.3198290765285492,0.3198290765285492,0.277286559343338,2.000358819961548,1.3234648704528809,0.0,0.04254251718521118,0.04254251718521118,0.24797551333904266,0.24797551333904266,0.17483295500278473,1.814982295036316,-0.23475970327854156,0.0,0.07314255833625793,0.07314255833625793,0.3759520351886749,0.3759520351886749,0.40221521258354187,0.44929373264312744,1.7654852867126465,0.0,-0.026263177394866943,-0.026263177394866943,0.08728308230638504,0.08728308230638504,0.10077715665102005,-0.047884002327919006,-1.0141092538833618,0.0,-0.01349407434463501,-0.01349407434463501,-0.010154218412935734,-0.010154218412935734,0.018293319270014763,1.9433540105819702,1.3926520347595215,0.0,-0.028447537682950497,-0.028447537682950497
784,26.133333333333333,24,0,0,,4,uneven rough,10,0.0,90.96944427490234,33.48027420043945,0.40055301785469055,1.8175411224365234,0.6925975680351257,1.8175411224365234,0.6925975680351257,9.082109451293945,2.9277541637420654,0.3333333432674408,0.3756083846092224,0.10631968826055527,0.9087705612182617,0.34629878401756287,-0.4193004369735718,0.7367439866065979,-0.5598131418228149,0.2956153154373169,0.6684583425521851,0.2890304923057556,-0.2935102880001068,-0.2935102880001068,-0.10734903812408447,-1.569745421409607,-1.267918348312378,0.0,-0.18616124987602234,-0.18616124987602234,0.36837199330329895,0.36837199330329895,0.2996385395526886,1.9998910427093506,0.6432780027389526,0.0,0.06873345375061035,0.06873345375061035,-0.27990657091140747,-0.27990657091140747,-0.0871756449341774,-1.0195001363754272,-0.48490142822265625,0.0,-0.19273092597723007,-0.19273092597723007,0.2069307118654251,0.2069307118654251,0.0028466435614973307,1.7064791917800903,1.2078806161880493,0.0,0.20408406830392778,0.20408406830392778,0.33422917127609253,0.33422917127609253,0.1978466510772705,1.7350789308547974,-0.994288980960846,0.0,0.13638252019882202,0.13638252019882202,0.1445152461528778,0.1445152461528778,0.050285741686820984,-0.9376145601272583,1.6308494806289673,0.0,0.09422950446605682,0.09422950446605682
785,26.166666666666668,4,0,0,,4,uneven rough,5,0.0,50.714290618896484,35.382877349853516,0.35967278480529785,0.17462733387947083,0.8278576135635376,0.17462733387947083,0.8278576135635376,1.5895837545394897,1.8603872060775757,0.31565219163894653,-0.5656327605247498,0.06779614835977554,0.08731366693973541,0.4139288067817688,0.38659539818763733,0.20584557950496674,0.14653617143630981,0.6958110332489014,0.12781453132629395,0.22767047584056854,0.2706167697906494,0.2706167697906494,0.2573770582675934,0.46372103691101074,0.07483379542827606,0.0,0.01323971152305603,0.01323971152305603,0.10292278975248337,0.10292278975248337,0.09047196805477142,-0.49952903389930725,0.8548963665962219,0.0,0.012450821697711945,0.012450821697711945,0.07326808571815491,0.07326808571815491,0.08944453299045563,-0.5985928177833557,-0.5839911103248596,0.0,-0.01617644727230072,-0.01617644727230072,0.48706772923469543,0.48706772923469543,0.19844692945480347,1.627564549446106,0.3351280391216278,0.0,0.28862079977989197,0.28862079977989197,0.06390726566314697,0.06390726566314697,0.06943751126527786,1.1102533340454102,0.5356122255325317,0.0,-0.00553024560213089,-0.00553024560213089,0.11383523792028427,0.11383523792028427,0.017632748931646347,1.8308048248291016,-0.42962920665740967,0.0,0.09620248898863792,0.09620248898863792
785,26.166666666666668,14,0,0,,4,uneven rough,5,0.0,50.11220169067383,37.31276321411133,0.3721340596675873,1.2279088497161865,-0.16499063372612,1.2279088497161865,-0.16499063372612,5.960284233093262,3.3580007553100586,0.3333333432674408,0.3623579740524292,0.1339873969554901,0.6139544248580933,-0.08249531686306,0.183392733335495,0.2660280764102936,0.34501367807388306,0.15182672441005707,0.26564928889274597,-0.3025646209716797,0.12837490439414978,0.12837490439414978,0.1767398715019226,-1.8394027948379517,-0.7646495699882507,0.0,-0.04836496710777283,-0.04836496710777283,0.1330140382051468,0.1330140382051468,0.2408760040998459,-1.3642127513885498,1.7061818838119507,0.0,-0.1078619658946991,-0.1078619658946991,0.17250683903694153,0.17250683903694153,0.15849058330059052,0.02798842452466488,0.9241681098937988,0.0,0.014016255736351013,0.014016255736351013,0.10627870261669159,0.10627870261669159,0.368472158908844,-1.815220594406128,1.0213083028793335,0.0,-0.2621934562921524,-0.2621934562921524,0.13282464444637299,0.13282464444637299,0.08246618509292603,1.8658740520477295,-0.4678037762641907,0.0,0.05035845935344696,0.05035845935344696,-0.15128231048583984,-0.15128231048583984,0.002198924543336034,-1.4417742490768433,1.7040199041366577,0.0,-0.15348123502917588,-0.15348123502917588
785,26.166666666666668,24,0,0,,4,uneven rough,10,0.0,91.01000213623047,33.49296569824219,0.3990938067436218,1.6143605709075928,0.14492368698120117,1.6143605709075928,0.14492368698120117,7.039487361907959,4.495864391326904,0.5,0.23077476024627686,0.10327532142400742,0.8071802854537964,0.07246184349060059,0.0014259275048971176,0.24833841621875763,-0.30782103538513184,-0.3437485098838806,0.41439318656921387,-0.19054332375526428,0.0009981492767110467,0.0009981492767110467,-0.04719919711351395,1.9999053478240967,-1.4385719299316406,0.0,0.04819734639022499,0.04819734639022499,0.12416920810937881,0.12416920810937881,0.23839858174324036,-1.7621982097625732,1.4103094339370728,0.0,-0.11422937363386154,-0.11422937363386154,-0.15391051769256592,-0.15391051769256592,-0.13742826879024506,-1.0178182125091553,-0.7871645092964172,0.0,-0.016482248902320862,-0.016482248902320862,-0.24062395095825195,-0.24062395095825195,-0.05827869102358818,-2.032806158065796,1.4897891283035278,0.0,-0.18234525993466377,-0.18234525993466377,0.20719659328460693,0.20719659328460693,0.19733479619026184,1.1883463859558105,0.5489005446434021,0.0,0.009861797094345093,0.009861797094345093,-0.09527166187763214,-0.09527166187763214,-0.01790526695549488,-2.104884147644043,0.17863529920578003,0.0,-0.07736639492213726,-0.07736639492213726
786,26.2,4,0,0,,4,uneven rough,5,0.0,50.68381881713867,35.36474609375,0.3612402677536011,1.2781879901885986,-0.3905564248561859,1.2781879901885986,-0.3905564248561859,6.890175819396973,2.6869819164276123,0.1666666716337204,-0.7198117971420288,0.16710078716278076,0.6390939950942993,-0.19527821242809296,-0.08446960151195526,0.3581467866897583,0.5544352531433105,0.6552390456199646,0.0629059448838234,-0.1135806292295456,-0.05912872031331062,-0.05912872031331062,0.20581582188606262,-1.9449872970581055,0.2947113513946533,0.0,-0.26494454219937325,-0.26494454219937325,0.17907339334487915,0.17907339334487915,0.1492004096508026,1.7637994289398193,0.08910182118415833,0.0,0.029872983694076538,0.029872983694076538,0.2772176265716553,0.2772176265716553,0.09642767161130905,-2.006486415863037,-0.592246949672699,0.0,0.18078995496034622,0.18078995496034622,0.4586673378944397,0.4586673378944397,0.2657998204231262,2.001605272293091,1.0658739805221558,0.0,0.19286751747131348,0.19286751747131348,0.0314529724419117,0.0314529724419117,0.07078225165605545,-0.8631871938705444,0.8605153560638428,0.0,-0.03932927921414375,-0.03932927921414375,-0.0567903146147728,-0.0567903146147728,0.0138328792527318,-0.5180425643920898,0.8484242558479309,0.0,-0.0706231938675046,-0.0706231938675046
786,26.2,14,0,0,,4,uneven rough,5,0.0,50.08600616455078,37.27996826171875,0.3658980429172516,1.2408735752105713,-0.03942262753844261,1.2408735752105713,-0.03942262753844261,2.7711596488952637,3.3333334922790527,0.1666666716337204,0.21316252648830414,0.21202275156974792,0.6204367876052856,-0.019711313769221306,0.8928927779197693,-0.12939271330833435,0.08119191229343414,0.2528705298900604,-0.054719600826501846,-0.1821373850107193,0.6250249147415161,0.6250249147415161,0.20503494143486023,1.8986274003982544,-1.3723169565200806,0.0,0.4199899733066559,0.4199899733066559,-0.2070283442735672,-0.2070283442735672,0.1753641813993454,-1.916481614112854,-0.029824739322066307,0.0,-0.3823925256729126,-0.3823925256729126,0.04059595614671707,0.04059595614671707,0.09230634570121765,-2.000032663345337,0.41746652126312256,0.0,-0.05171038955450058,-0.05171038955450058,0.17700937390327454,0.17700937390327454,0.29740655422210693,-1.9335784912109375,-0.582470178604126,0.0,-0.1203971803188324,-0.1203971803188324,-0.08755136281251907,-0.08755136281251907,0.026028385385870934,-1.4464707374572754,0.8516618609428406,0.0,-0.11357974819839001,-0.11357974819839001,-0.09106869250535965,-0.09106869250535965,-0.055361583828926086,-1.7652097940444946,-0.07461775839328766,0.0,-0.03570710867643356,-0.03570710867643356
786,26.2,24,0,0,,4,uneven rough,10,0.0,91.05177307128906,33.498268127441406,0.40196868777275085,1.1228992938995361,-0.6511361002922058,1.1228992938995361,-0.6511361002922058,6.252750396728516,7.1833295822143555,0.5,0.29705536365509033,0.07310562580823898,0.5614496469497681,-0.3255680501461029,0.019934039562940598,0.33531251549720764,0.45734477043151855,-0.4692406952381134,0.03966335207223892,-0.4284844994544983,0.013953827321529388,0.013953827321529388,0.0183086059987545,1.4984744787216187,0.5055492520332336,0.0,-0.004354778677225113,-0.004354778677225113,0.16765625774860382,0.16765625774860382,0.17358557879924774,-1.6490345001220703,-0.3834320604801178,0.0,-0.005929321050643921,-0.005929321050643921,0.22867238521575928,0.22867238521575928,-0.10900003463029861,0.3291083574295044,-0.9175765514373779,0.0,0.3376724198460579,0.3376724198460579,-0.3284684717655182,-0.3284684717655182,-0.10951367765665054,-1.232886552810669,-0.5018925666809082,0.0,-0.21895479410886765,-0.21895479410886765,0.01983167603611946,0.01983167603611946,0.15216781198978424,-1.3237082958221436,0.9104443788528442,0.0,-0.13233613595366478,-0.13233613595366478,-0.21424224972724915,-0.21424224972724915,-0.049911364912986755,-0.9997972846031189,-1.1124707460403442,0.0,-0.1643308848142624,-0.1643308848142624
787,26.233333333333334,4,0,0,,4,uneven rough,5,0.0,50.65581130981445,35.34471893310547,0.3584038019180298,0.6475872993469238,0.2317066788673401,0.6475872993469238,0.2317066788673401,5.244873046875,1.4050545692443848,0.3333333432674408,-0.3123012185096741,0.08160971850156784,0.3237936496734619,0.11585333943367004,0.08318997174501419,0.25133514404296875,0.05297475680708885,0.6111551523208618,0.174346923828125,0.2041541486978531,0.058232977986335754,0.058232977986335754,0.1389627456665039,-1.967464804649353,-0.9716182947158813,0.0,-0.08072976768016815,-0.08072976768016815,0.12566757202148438,0.12566757202148438,0.14153210818767548,0.31427136063575745,1.0359787940979004,0.0,-0.0158645361661911,-0.0158645361661911,0.026487378403544426,0.026487378403544426,0.03294753655791283,-1.9939451217651367,-1.3918604850769043,0.0,-0.006460158154368401,-0.006460158154368401,0.42780861258506775,0.42780861258506775,0.33071932196617126,1.910362720489502,1.5949381589889526,0.0,0.09708929061889648,0.09708929061889648,0.0871734619140625,0.0871734619140625,0.06289690732955933,0.10662658512592316,-0.1140691488981247,0.0,0.024276554584503174,0.024276554584503174,0.10207707434892654,0.10207707434892654,0.061337802559137344,0.5660500526428223,0.07582146674394608,0.0,0.0407392717897892,0.0407392717897892
787,26.233333333333334,14,0,0,,4,uneven rough,5,0.0,50.0588493347168,37.24822998046875,0.3613339364528656,1.234349250793457,-0.645442008972168,1.234349250793457,-0.645442008972168,4.815882205963135,1.5762828588485718,0.1666666716337204,0.32177767157554626,0.15175758302211761,0.6171746253967285,-0.322721004486084,0.1766546219587326,0.07135391980409622,0.5556573867797852,0.30261173844337463,-0.10035401582717896,-0.16200976073741913,0.12365823239088058,0.12365823239088058,0.1875663548707962,-1.9697755575180054,0.4770808815956116,0.0,-0.06390812247991562,-0.06390812247991562,0.03567695990204811,0.03567695990204811,0.11027900874614716,-1.9914039373397827,-1.0965439081192017,0.0,-0.07460204884409904,-0.07460204884409904,0.2778286933898926,0.2778286933898926,0.10736696422100067,0.43778476119041443,-0.9493918418884277,0.0,0.1704617291688919,0.1704617291688919,0.21182821691036224,0.21182821691036224,0.25062355399131775,-1.2306729555130005,-1.3463892936706543,0.0,-0.038795337080955505,-0.038795337080955505,-0.16056643426418304,-0.16056643426418304,-0.027142761275172234,-1.931351661682129,-0.4477064311504364,0.0,-0.1334236729890108,-0.1334236729890108,-0.08100488036870956,-0.08100488036870956,-0.03222385793924332,0.9177136421203613,-1.0304815769195557,0.0,-0.04878102242946625,-0.04878102242946625
787,26.233333333333334,24,0,0,,4,uneven rough,10,0.0,91.0995864868164,33.496925354003906,0.40655362606048584,1.1774721145629883,-0.29152944684028625,1.1774721145629883,-0.29152944684028625,6.488365173339844,3.416667938232422,0.3333333432674408,0.08568090200424194,0.08317216485738754,0.5887360572814941,-0.14576472342014313,-0.02008652500808239,0.4304494559764862,0.5063431262969971,0.014118366874754429,0.42110681533813477,-0.09482370316982269,-0.014060567133128643,-0.014060567133128643,-0.01935746893286705,-1.0930578708648682,1.0669509172439575,0.0,0.005296901799738407,0.005296901799738407,0.2152247279882431,0.2152247279882431,0.20737583935260773,0.3243255317211151,-1.099005937576294,0.0,0.007848888635635376,0.007848888635635376,0.25317156314849854,0.25317156314849854,-0.05795331671833992,1.124995231628418,-0.21269866824150085,0.0,0.31112487986683846,0.31112487986683846,0.009882857091724873,0.009882857091724873,-0.05135431885719299,1.9979594945907593,-0.9151978492736816,0.0,0.061237175948917866,0.061237175948917866,0.21055340766906738,0.21055340766906738,0.2036825567483902,1.2466471195220947,-0.3527495265007019,0.0,0.006870850920677185,0.006870850920677185,-0.047411851584911346,-0.047411851584911346,-0.02281545102596283,1.0310138463974,-1.048764944076538,0.0,-0.024596400558948517,-0.024596400558948517
788,26.266666666666666,4,0,0,,4,uneven rough,5,0.0,50.62672424316406,35.323402404785156,0.35519635677337646,0.8053146004676819,-0.4173813760280609,0.8053146004676819,-0.4173813760280609,5.626254558563232,4.905358791351318,0.3333333432674408,-0.23320206999778748,0.11160357296466827,0.40265730023384094,-0.20869068801403046,0.30183282494544983,0.09002004563808441,0.5437866449356079,0.3915083408355713,-0.08049967885017395,-0.04408730939030647,0.21128296852111816,0.21128296852111816,0.19236257672309875,1.709664225578308,-1.534671664237976,0.0,0.01892039179801941,0.01892039179801941,0.045010022819042206,0.045010022819042206,0.07926443964242935,-1.7389557361602783,0.6279241442680359,0.0,-0.034254416823387146,-0.034254416823387146,0.27189332246780396,0.27189332246780396,0.011883300729095936,-0.8401234745979309,-1.7322802543640137,0.0,0.260010021738708,0.260010021738708,0.2740558385848999,0.2740558385848999,0.28241297602653503,-1.5141135454177856,1.7732797861099243,0.0,-0.008357137441635132,-0.008357137441635132,-0.12879948318004608,-0.12879948318004608,-0.0025649627204984426,-2.0006470680236816,0.01071261428296566,0.0,-0.12623452045954764,-0.12623452045954764,-0.022043654695153236,-0.022043654695153236,0.01833588071167469,-0.9428558349609375,0.3529976010322571,0.0,-0.04037953540682793,-0.04037953540682793
788,26.266666666666666,14,0,0,,4,uneven rough,5,0.0,50.025917053222656,37.21424865722656,0.3515375852584839,1.2266998291015625,-0.40299633145332336,1.2266998291015625,-0.40299633145332336,3.4388587474823,1.8679311275482178,0.3333333432674408,0.4306015968322754,0.22059473395347595,0.6133499145507812,-0.20149816572666168,0.5961300730705261,0.2031412124633789,0.5193646550178528,0.07428576052188873,0.14907531440258026,-0.19243937730789185,0.4172910451889038,0.4172910451889038,0.22533880174160004,1.8323748111724854,-0.9063761234283447,0.0,0.19195224344730377,0.19195224344730377,0.10157060623168945,0.10157060623168945,0.11703826487064362,-0.6682522296905518,-1.6024993658065796,0.0,-0.015467658638954163,-0.015467658638954163,0.2596823275089264,0.2596823275089264,0.1548718959093094,1.3420226573944092,-0.16507971286773682,0.0,0.104810431599617,0.104810431599617,0.052000030875205994,0.052000030875205994,0.1796552985906601,-1.9895356893539429,-1.2809630632400513,0.0,-0.1276552677154541,-0.1276552677154541,0.07453765720129013,0.07453765720129013,0.03771119937300682,1.9039000272750854,-1.2865620851516724,0.0,0.03682645782828331,0.03682645782828331,-0.09621968865394592,-0.09621968865394592,-0.010619154199957848,0.49789053201675415,0.07103148102760315,0.0,-0.08560053445398808,-0.08560053445398808
788,26.266666666666666,24,0,0,,4,uneven rough,10,0.0,91.14665985107422,33.482757568359375,0.41546159982681274,1.5025556087493896,0.5131422281265259,1.5025556087493896,0.5131422281265259,7.388470649719238,2.1517817974090576,0.3333333432674408,0.022347411140799522,0.16026493906974792,0.7512778043746948,0.25657111406326294,0.031806956976652145,0.7000988721847534,-0.016273176297545433,0.2369430512189865,0.31118348240852356,0.1293734312057495,0.022264869883656502,0.022264869883656502,0.0010881884954869747,1.4565461874008179,-0.15432192385196686,0.0,0.021176681388169527,0.021176681388169527,0.3500494360923767,0.3500494360923767,0.26105108857154846,1.69986093044281,-0.29425176978111267,0.0,0.08899834752082825,0.08899834752082825,-0.008136588148772717,-0.008136588148772717,0.005453850142657757,2.006026268005371,0.5436358451843262,0.0,-0.013590438291430473,-0.013590438291430473,0.1658601313829422,0.1658601313829422,0.003938483539968729,1.539742112159729,0.731906533241272,0.0,0.16192164784297347,0.16192164784297347,0.15559174120426178,0.15559174120426178,0.20564639568328857,-0.34370413422584534,0.5515522360801697,0.0,-0.050054654479026794,-0.050054654479026794,0.06468671560287476,0.06468671560287476,0.03205661103129387,0.8300378918647766,0.12714572250843048,0.0,0.03263010457158089,0.03263010457158089
789,26.3,4,0,0,,4,uneven rough,5,0.0,50.59831619262695,35.29580307006836,0.35558050870895386,1.427229881286621,-0.9039744734764099,1.427229881286621,-0.9039744734764099,4.127310276031494,2.1271555423736572,0.5,-0.05289670079946518,0.1307574212551117,0.7136149406433105,-0.45198723673820496,-0.17404605448246002,0.2370685189962387,0.7973225116729736,0.3949936628341675,0.024810541421175003,-0.14268861711025238,-0.1218322366476059,-0.1218322366476059,0.14284558594226837,-1.6859594583511353,0.2996816635131836,0.0,-0.26467782258987427,-0.26467782258987427,0.11853425949811935,0.11853425949811935,0.11496179550886154,-0.025072170421481133,-0.7103139758110046,0.0,0.0035724639892578125,0.0035724639892578125,0.3986612558364868,0.3986612558364868,0.016364766284823418,-0.7925081253051758,-1.2278531789779663,0.0,0.3822964895516634,0.3822964895516634,0.2764955461025238,0.2764955461025238,0.29446935653686523,-0.02959315851330757,-0.08541829884052277,0.0,-0.01797381043434143,-0.01797381043434143,0.012405270710587502,0.012405270710587502,0.033058054745197296,-0.05086079612374306,-1.1265137195587158,0.0,-0.020652784034609795,-0.020652784034609795,-0.07134430855512619,-0.07134430855512619,0.011602877639234066,-0.9011719226837158,-0.37968024611473083,0.0,-0.08294718619436026,-0.08294718619436026
789,26.3,14,0,0,,4,uneven rough,5,0.0,49.98947525024414,37.1848258972168,0.3385053277015686,1.1568782329559326,0.09915699809789658,1.1568782329559326,0.09915699809789658,1.9768338203430176,1.8001536130905151,0.3333333432674408,0.4558444917201996,0.17654165625572205,0.5784391164779663,0.04957849904894829,0.7118281126022339,0.31066814064979553,0.2747243642807007,0.39199644327163696,0.5273123383522034,-0.1677798181772232,0.4982796609401703,0.4982796609401703,0.2790891230106354,1.629811406135559,0.6421185731887817,0.0,0.2191905379295349,0.2191905379295349,0.15533407032489777,0.15533407032489777,0.15966805815696716,0.7967593669891357,-1.0742744207382202,0.0,-0.004333987832069397,-0.004333987832069397,0.13736218214035034,0.13736218214035034,0.11573631316423416,-0.7370505928993225,0.6870386600494385,0.0,0.02162586897611618,0.02162586897611618,0.27439749240875244,0.27439749240875244,0.19712960720062256,1.908479928970337,-1.681591272354126,0.0,0.07726788520812988,0.07726788520812988,0.2636561691761017,0.2636561691761017,0.10890340059995651,1.9755181074142456,0.5173308849334717,0.0,0.15475276857614517,0.15475276857614517,-0.0838899090886116,-0.0838899090886116,-0.061106450855731964,-0.46374252438545227,0.3123783469200134,0.0,-0.02278345823287964,-0.02278345823287964
789,26.3,24,0,0,,4,uneven rough,10,0.0,91.18998718261719,33.483665466308594,0.4374914765357971,1.5966202020645142,-0.5526793003082275,1.5966202020645142,-0.5526793003082275,8.13669490814209,5.661517143249512,0.5,0.026202678680419922,0.2157832235097885,0.7983101010322571,-0.27633965015411377,-0.5183770060539246,0.6942280530929565,-0.22608138620853424,0.061104416847229004,0.2582228481769562,-0.010382422246038914,-0.3628638982772827,-0.3628638982772827,-0.05206475406885147,-1.7070746421813965,0.7564657926559448,0.0,-0.31079914420843124,-0.31079914420843124,0.34711402654647827,0.34711402654647827,0.31714943051338196,1.629752278327942,0.8332231044769287,0.0,0.029964596033096313,0.029964596033096313,-0.11304069310426712,-0.11304069310426712,-0.03812212869524956,-1.4562275409698486,1.3704739809036255,0.0,-0.07491856440901756,-0.07491856440901756,0.04277309030294418,0.04277309030294418,0.0577474981546402,0.3703707158565521,1.1886582374572754,0.0,-0.014974407851696014,-0.014974407851696014,0.1291114240884781,0.1291114240884781,0.15397144854068756,-1.4660189151763916,0.045372676104307175,0.0,-0.024860024452209473,-0.024860024452209473,-0.005191211123019457,-0.005191211123019457,-0.033991530537605286,-2.0154330730438232,0.5245622396469116,0.0,0.02880031941458583,0.02880031941458583
790,26.333333333333332,4,0,0,,4,uneven rough,5,0.0,50.56775665283203,35.270477294921875,0.350692480802536,0.7691242098808289,-0.050365593284368515,0.7691242098808289,-0.050365593284368515,2.9886786937713623,1.3431203365325928,0.3333333432674408,0.17189538478851318,0.10630162805318832,0.38456210494041443,-0.025182796642184258,0.5477384924888611,0.17376203835010529,0.41224002838134766,0.3202250301837921,0.1086571142077446,-0.16292594373226166,0.38341695070266724,0.38341695070266724,0.19815292954444885,1.7851157188415527,-0.8230034112930298,0.0,0.18526402115821838,0.18526402115821838,0.08688101917505264,0.08688101917505264,0.08741016685962677,-1.1572540998458862,-0.32287704944610596,0.0,-0.0005291476845741272,-0.0005291476845741272,0.20612001419067383,0.20612001419067383,0.04546252638101578,0.4656183123588562,-0.981708288192749,0.0,0.16065748780965805,0.16065748780965805,0.22415751218795776,0.22415751218795776,0.2303418219089508,-1.4705142974853516,-0.05385466665029526,0.0,-0.006184309720993042,-0.006184309720993042,0.0543285571038723,0.0543285571038723,0.06550966948270798,1.0732226371765137,-0.518337607383728,0.0,-0.011181112378835678,-0.011181112378835678,-0.08146297186613083,-0.08146297186613083,-0.02065657079219818,-1.542186975479126,-0.6745325922966003,0.0,-0.06080640107393265,-0.06080640107393265
790,26.333333333333332,14,0,0,,4,uneven rough,5,0.0,49.95384979248047,37.161136627197266,0.3232016861438751,1.1220641136169434,0.8296048641204834,1.1220641136169434,0.8296048641204834,2.378241539001465,2.169589042663574,0.3333333432674408,0.5146456956863403,0.24944686889648438,0.5610320568084717,0.4148024320602417,0.10305190831422806,0.2620421350002289,0.2784354090690613,0.8181884288787842,0.3565245270729065,0.3171580135822296,0.07213633507490158,0.07213633507490158,0.24117156863212585,-2.000020980834961,1.2005618810653687,0.0,-0.16903523355722427,-0.16903523355722427,0.13102106750011444,0.13102106750011444,0.14168262481689453,-0.7458332777023315,-0.016388554126024246,0.0,-0.01066155731678009,-0.01066155731678009,0.13921770453453064,0.13921770453453064,0.14517883956432343,1.0223320722579956,-0.1181439533829689,0.0,-0.005961135029792786,-0.005961135029792786,0.5727319121360779,0.5727319121360779,0.26628077030181885,1.8531880378723145,0.3482414186000824,0.0,0.30645114183425903,0.30645114183425903,0.17826226353645325,0.17826226353645325,0.16712813079357147,1.098908543586731,1.3417925834655762,0.0,0.011134132742881775,0.011134132742881775,0.1585790067911148,0.1585790067911148,0.008947585709393024,1.9844372272491455,-0.12644177675247192,0.0,0.14963142108172178,0.14963142108172178
790,26.333333333333332,24,0,0,,4,uneven rough,10,0.0,91.23149108886719,33.4832878112793,0.45028257369995117,1.5871837139129639,0.6400353312492371,1.5871837139129639,0.6400353312492371,8.078158378601074,4.686208724975586,0.3333333432674408,-0.2285420149564743,0.06802764534950256,0.7935918569564819,0.32001766562461853,0.054195553064346313,0.5860047340393066,0.22985434532165527,-0.42701056599617004,0.12723103165626526,-0.5105729103088379,0.03793688490986824,0.03793688490986824,0.010705008171498775,1.9857653379440308,-0.6364243626594543,0.0,0.027231876738369465,0.027231876738369465,0.2930023670196533,0.2930023670196533,0.29159533977508545,-1.275667667388916,1.283582091331482,0.0,0.001407027244567871,0.001407027244567871,0.11492717266082764,0.11492717266082764,0.017184244468808174,1.8021517992019653,-0.2277481108903885,0.0,0.09774292819201946,0.09774292819201946,-0.29890739917755127,-0.29890739917755127,-0.01013398077338934,-1.8812463283538818,0.7259970307350159,0.0,-0.28877341840416193,-0.28877341840416193,0.06361551582813263,0.06361551582813263,0.08794306963682175,-1.4118530750274658,-0.8091708421707153,0.0,-0.024327553808689117,-0.024327553808689117,-0.25528645515441895,-0.25528645515441895,-0.07169893383979797,-0.7369659543037415,-0.9115556478500366,0.0,-0.18358752131462097,-0.18358752131462097
791,26.366666666666667,4,0,0,,4,uneven rough,5,0.0,50.5369758605957,35.2442741394043,0.3537144958972931,0.9958590865135193,-0.4567812979221344,0.9958590865135193,-0.4567812979221344,1.6068322658538818,1.7613277435302734,0.3333333432674408,0.15288078784942627,0.14331059157848358,0.49792954325675964,-0.2283906489610672,0.5265617966651917,0.2409490942955017,0.7151957750320435,0.21797853708267212,0.034727856516838074,-0.31682145595550537,0.3685932457447052,0.3685932457447052,0.2647796869277954,1.9281917810440063,0.6516318321228027,0.0,0.10381355881690979,0.10381355881690979,0.12047454714775085,0.12047454714775085,0.08832810074090958,0.6124414801597595,-0.7946353554725647,0.0,0.03214644640684128,0.03214644640684128,0.35759788751602173,0.35759788751602173,0.051357805728912354,-0.7209046483039856,-0.1633872538805008,0.0,0.3062400817871094,0.3062400817871094,0.152584969997406,0.152584969997406,0.16624335944652557,-1.9910298585891724,-0.8548365831375122,0.0,-0.013658389449119568,-0.013658389449119568,0.017363928258419037,0.017363928258419037,0.06781037151813507,-1.0320371389389038,0.3815334141254425,0.0,-0.050446443259716034,-0.050446443259716034,-0.15841072797775269,-0.15841072797775269,-0.07092174142599106,-1.8262169361114502,-1.165105938911438,0.0,-0.08748898655176163,-0.08748898655176163
791,26.366666666666667,14,0,0,,4,uneven rough,5,0.0,49.926025390625,37.13317108154297,0.3286029100418091,1.0713350772857666,-0.6005554795265198,1.0713350772857666,-0.6005554795265198,5.434328079223633,3.3333334922790527,0.1666666716337204,0.3338856101036072,0.2171037197113037,0.5356675386428833,-0.3002777397632599,-0.17594100534915924,0.6532323360443115,0.3882368803024292,0.6271430850028992,-0.2755831778049469,0.04725123569369316,-0.12315870076417923,-0.12315870076417923,0.1750601828098297,-1.6547695398330688,-0.6090534329414368,0.0,-0.29821888357400894,-0.29821888357400894,0.32661616802215576,0.32661616802215576,0.20804156363010406,1.7245301008224487,-0.42881789803504944,0.0,0.1185746043920517,0.1185746043920517,0.1941184401512146,0.1941184401512146,0.1457647979259491,0.2482214719057083,0.5266832113265991,0.0,0.0483536422252655,0.0483536422252655,0.4390001595020294,0.4390001595020294,0.3243137001991272,1.638451337814331,1.1991409063339233,0.0,0.11468645930290222,0.11468645930290222,-0.44093307852745056,-0.44093307852745056,0.16016767919063568,-0.26319029927253723,1.2044655084609985,0.0,-0.6011007577180862,-0.6011007577180862,0.02362561784684658,0.02362561784684658,0.05690614879131317,-0.26252809166908264,1.067052960395813,0.0,-0.03328053094446659,-0.03328053094446659
791,26.366666666666667,24,0,0,,4,uneven rough,10,0.0,91.27857208251953,33.485294342041016,0.45517000555992126,1.6516392230987549,-0.7567536234855652,1.6516392230987549,-0.7567536234855652,8.646539688110352,4.464878082275391,0.3333333432674408,0.026414236053824425,0.15160885453224182,0.8258196115493774,-0.3783768117427826,0.05157487094402313,0.7059887647628784,0.029636437073349953,-0.47993534803390503,0.367458701133728,-0.32124099135398865,0.03610241040587425,0.03610241040587425,0.061169713735580444,1.2761317491531372,0.8461663722991943,0.0,-0.025067303329706192,-0.025067303329706192,0.3529943823814392,0.3529943823814392,0.3370392918586731,0.6824357509613037,-0.16342228651046753,0.0,0.015955090522766113,0.015955090522766113,0.014818218536674976,0.014818218536674976,-0.01300875749439001,-1.362771987915039,0.9199609160423279,0.0,0.027826976031064987,0.027826976031064987,-0.3359547257423401,-0.3359547257423401,-0.06620825082063675,-1.36993408203125,-0.7481430172920227,0.0,-0.26974647492170334,-0.26974647492170334,0.183729350566864,0.183729350566864,0.15401484072208405,1.9899976253509521,-1.1499284505844116,0.0,0.029714509844779968,0.029714509844779968,-0.16062049567699432,-0.16062049567699432,-0.1279115229845047,-1.5359859466552734,-0.8128423094749451,0.0,-0.032708972692489624,-0.032708972692489624
792,26.4,4,0,0,,4,uneven rough,5,0.0,50.50439453125,35.219791412353516,0.35768210887908936,1.1882054805755615,-1.2462189197540283,1.1882054805755615,-1.2462189197540283,1.9325854778289795,2.643280029296875,0.3333333432674408,0.2797640562057495,0.1323031634092331,0.5941027402877808,-0.6231094598770142,0.2604726254940033,0.2933496832847595,0.8358711004257202,0.42510369420051575,0.25291019678115845,-0.24689126014709473,0.18233083188533783,0.18233083188533783,0.20923511683940887,-1.9698463678359985,1.373401165008545,0.0,-0.026904284954071045,-0.026904284954071045,0.14667484164237976,0.14667484164237976,0.14532341063022614,0.7382004857063293,0.00092840421712026,0.0,0.0013514310121536255,0.0013514310121536255,0.4179355502128601,0.4179355502128601,0.08676345646381378,0.5668343305587769,-0.4786085784435272,0.0,0.3311720937490463,0.3311720937490463,0.2975725829601288,0.2975725829601288,0.22439616918563843,1.998559594154358,-1.4972423315048218,0.0,0.07317641377449036,0.07317641377449036,0.12645509839057922,0.12645509839057922,0.11859352886676788,0.7953538298606873,-0.4177019000053406,0.0,0.00786156952381134,0.00786156952381134,-0.12344563007354736,-0.12344563007354736,-0.10094168782234192,-0.7612478137016296,-1.538899302482605,0.0,-0.022503942251205444,-0.022503942251205444
792,26.4,14,0,0,,4,uneven rough,5,0.0,49.90373992919922,37.1054801940918,0.3267722725868225,1.0324633121490479,0.498930424451828,1.0324633121490479,0.498930424451828,6.79489803314209,5.2272629737854,0.5,0.11398877203464508,0.12676194310188293,0.5162316560745239,0.249465212225914,0.24100938439369202,0.10295340418815613,0.046916425228118896,0.4986084997653961,0.27288129925727844,-0.14967414736747742,0.16870656609535217,0.16870656609535217,0.15586796402931213,0.2983684837818146,-1.2003031969070435,0.0,0.012838602066040039,0.012838602066040039,0.051476702094078064,0.051476702094078064,0.15229357779026031,-1.350595474243164,0.7886888980865479,0.0,-0.10081687569618225,-0.10081687569618225,0.023458212614059448,0.023458212614059448,0.08299466222524643,-1.0717357397079468,0.3692404329776764,0.0,-0.05953644961118698,-0.05953644961118698,0.3490259349346161,0.3490259349346161,0.35526102781295776,0.24946486949920654,1.4475278854370117,0.0,-0.006235092878341675,-0.006235092878341675,0.13644064962863922,0.13644064962863922,0.10851699113845825,-0.09032434970140457,0.3746502697467804,0.0,0.02792365849018097,0.02792365849018097,-0.07483707368373871,-0.07483707368373871,0.01966671645641327,-0.8221224546432495,0.3153054416179657,0.0,-0.09450379014015198,-0.09450379014015198
792,26.4,24,0,0,,4,uneven rough,10,0.0,91.3239517211914,33.472862243652344,0.45716559886932373,1.1550581455230713,0.46490201354026794,1.1550581455230713,0.46490201354026794,5.465917110443115,1.862351655960083,0.3333333432674408,-0.08048500865697861,0.12819182872772217,0.5775290727615356,0.23245100677013397,0.3905799686908722,0.666179358959198,-0.05221015214920044,0.21544593572616577,0.10841571539640427,0.018998900428414345,0.2734059691429138,0.2734059691429138,0.12440285086631775,1.823990821838379,1.0892695188522339,0.0,0.14900311827659607,0.14900311827659607,0.333089679479599,0.333089679479599,0.29831740260124207,-0.0002674347488209605,0.3148273527622223,0.0,0.034772276878356934,0.034772276878356934,-0.02610507607460022,-0.02610507607460022,-6.369696347974241e-05,-0.20750117301940918,-0.3707003593444824,0.0,-0.026041379111120477,-0.026041379111120477,0.15081214904785156,0.15081214904785156,-0.04782169684767723,1.8536909818649292,-1.0997047424316406,0.0,0.1986338458955288,0.1986338458955288,0.05420785769820213,0.05420785769820213,0.10337980091571808,-1.7183568477630615,0.6253913640975952,0.0,-0.049171943217515945,-0.049171943217515945,0.009499450214207172,0.009499450214207172,-0.08414748311042786,1.6776131391525269,-1.2217090129852295,0.0,0.09364693332463503,0.09364693332463503
793,26.433333333333334,4,0,0,,4,uneven rough,5,0.0,50.46465301513672,35.20460510253906,0.3585609793663025,0.8805225491523743,0.47620928287506104,0.8805225491523743,0.47620928287506104,4.1275177001953125,4.61052942276001,0.3333333432674408,0.03271126747131348,0.1801518201828003,0.44026127457618713,0.23810464143753052,0.736610472202301,0.4114096462726593,0.10721737891435623,0.5800391435623169,0.20188842713832855,0.16276590526103973,0.5156273245811462,0.5156273245811462,0.2323891818523407,1.792165756225586,-0.5168769955635071,0.0,0.28323814272880554,0.28323814272880554,0.20570482313632965,0.20570482313632965,0.16839317977428436,0.8107088804244995,0.41778334975242615,0.0,0.03731164336204529,0.03731164336204529,0.053608689457178116,0.053608689457178116,0.08355841040611267,-0.5972557067871094,0.11248671263456345,0.0,-0.029949720948934555,-0.029949720948934555,0.4060274064540863,0.4060274064540863,0.28299960494041443,2.005723714828491,0.47929033637046814,0.0,0.12302780151367188,0.12302780151367188,0.10094421356916428,0.10094421356916428,0.11741513758897781,0.04155842959880829,0.26816198229789734,0.0,-0.016470924019813538,-0.016470924019813538,0.08138295263051987,0.08138295263051987,-0.07530035823583603,0.328093558549881,-1.099213719367981,0.0,0.1566833108663559,0.1566833108663559
793,26.433333333333334,14,0,0,,4,uneven rough,5,0.0,49.88385772705078,37.07321548461914,0.33187350630760193,1.0265053510665894,-0.4915759563446045,1.0265053510665894,-0.4915759563446045,4.405584335327148,2.745871067047119,0.5,0.17659682035446167,0.08177746832370758,0.5132526755332947,-0.24578797817230225,0.2463449388742447,-0.0074553112499415874,0.27386319637298584,0.044495001435279846,-0.0504491925239563,0.283308744430542,0.17244145274162292,0.17244145274162292,0.18034258484840393,0.15758971869945526,-0.3529515266418457,0.0,-0.007901132106781006,-0.007901132106781006,-0.011928497813642025,-0.011928497813642025,0.0933631882071495,-1.0314948558807373,-0.42086634039878845,0.0,-0.10529168602079153,-0.10529168602079153,0.13693159818649292,0.13693159818649292,0.09473077952861786,0.5270923972129822,-0.4454900920391083,0.0,0.04220081865787506,0.04220081865787506,0.031146500259637833,0.031146500259637833,0.28932610154151917,-1.9840610027313232,0.7701409459114075,0.0,-0.25817960128188133,-0.25817960128188133,-0.08071871101856232,-0.08071871101856232,0.037681907415390015,-1.9998557567596436,0.11175278574228287,0.0,-0.11840061843395233,-0.11840061843395233,0.141654372215271,0.141654372215271,0.07453865557909012,1.275983452796936,-0.32779833674430847,0.0,0.06711571663618088,0.06711571663618088
793,26.433333333333334,24,0,0,,4,uneven rough,10,0.0,91.37480163574219,33.46295928955078,0.4594745635986328,1.635056972503662,-0.044947199523448944,1.635056972503662,-0.044947199523448944,8.243423461914062,2.163818836212158,0.1666666716337204,-0.010792693123221397,0.2849995493888855,0.817528486251831,-0.022473599761724472,-0.7363522052764893,0.8168096542358398,0.3281981348991394,0.11723664402961731,0.2764683663845062,0.07508189976215363,-0.5154465436935425,-0.5154465436935425,0.10315852612257004,-1.4773856401443481,1.5046823024749756,0.0,-0.6186050698161125,-0.6186050698161125,0.4084048271179199,0.4084048271179199,0.363155335187912,1.9378478527069092,0.13667219877243042,0.0,0.045249491930007935,0.045249491930007935,0.1640990674495697,0.1640990674495697,0.06603619456291199,2.000002861022949,-0.27842724323272705,0.0,0.09806287288665771,0.09806287288665771,0.082065649330616,0.082065649330616,0.021807389333844185,1.9470151662826538,0.5701504945755005,0.0,0.06025825999677181,0.06025825999677181,0.1382341831922531,0.1382341831922531,0.14779873192310333,1.6145455837249756,-0.69976806640625,0.0,-0.00956454873085022,-0.00956454873085022,0.03754094988107681,0.03754094988107681,-0.0179587472230196,1.8690235614776611,0.41757291555404663,0.0,0.05549969710409641,0.05549969710409641
794,26.466666666666665,4,0,0,,4,uneven rough,5,0.0,50.425804138183594,35.19194412231445,0.3719250559806824,1.3889192342758179,1.013370394706726,1.3889192342758179,1.013370394706726,7.374737739562988,3.3333334922790527,0.1666666716337204,0.1320926994085312,0.42313069105148315,0.6944596171379089,0.506685197353363,-0.4141095280647278,0.5889405012130737,0.4364106059074402,0.6895062923431396,-0.037910331040620804,0.09923893958330154,-0.28987666964530945,-0.28987666964530945,0.21512934565544128,-0.8856126666069031,0.788659930229187,0.0,-0.5050060153007507,-0.5050060153007507,0.29447025060653687,0.29447025060653687,0.22357746958732605,1.4309393167495728,0.6399441361427307,0.0,0.07089278101921082,0.07089278101921082,0.2182053029537201,0.2182053029537201,0.14524538815021515,0.8712983727455139,-0.2888029217720032,0.0,0.07295991480350494,0.07295991480350494,0.4826543927192688,0.4826543927192688,0.3528499901294708,1.6460829973220825,1.3423385620117188,0.0,0.12980440258979797,0.12980440258979797,-0.060656528919935226,-0.060656528919935226,0.0757751315832138,-1.5624171495437622,0.14003993570804596,0.0,-0.13643166050314903,-0.13643166050314903,0.04961946979165077,0.04961946979165077,-0.01932113990187645,1.991266131401062,-0.292211651802063,0.0,0.06894060969352722,0.06894060969352722
794,26.466666666666665,14,0,0,,4,uneven rough,5,0.0,49.86921691894531,37.03414535522461,0.33318692445755005,1.194728970527649,-0.4301494061946869,1.194728970527649,-0.4301494061946869,5.682292938232422,2.202270984649658,0.3333333432674408,0.01423207949846983,0.07717721164226532,0.5973644852638245,-0.21507470309734344,0.15267786383628845,0.11301378905773163,0.7277038097381592,-0.10205558687448502,0.007671243045479059,-0.05200716108083725,0.1068745031952858,0.1068745031952858,0.1312740445137024,-1.871995449066162,-0.0642905980348587,0.0,-0.024399541318416595,-0.024399541318416595,0.056506894528865814,0.056506894528865814,0.07157213240861893,-0.37049752473831177,-0.7661167979240417,0.0,-0.015065237879753113,-0.015065237879753113,0.3638519048690796,0.3638519048690796,0.11529160290956497,0.014522764831781387,0.10440979152917862,0.0,0.24856030195951462,0.24856030195951462,-0.07143890857696533,-0.07143890857696533,0.23678456246852875,-1.6665306091308594,-0.7870897650718689,0.0,-0.3082234710454941,-0.3082234710454941,0.0038356215227395296,0.0038356215227395296,0.005356932524591684,-0.34768709540367126,-1.0821545124053955,0.0,-0.0015213110018521547,-0.0015213110018521547,-0.026003580540418625,-0.026003580540418625,0.05393674597144127,-0.9106763601303101,0.5789827704429626,0.0,-0.0799403265118599,-0.0799403265118599
794,26.466666666666665,24,0,0,,4,uneven rough,10,0.0,91.42194366455078,33.47378158569336,0.4530675709247589,1.754732608795166,0.18252362310886383,1.754732608795166,0.18252362310886383,9.079113006591797,4.113796234130859,0.3333333432674408,0.2860400080680847,0.06551031768321991,0.877366304397583,0.09126181155443192,-0.1486816257238388,0.6522353887557983,-0.48765745759010315,-0.041075099259614944,0.4601268172264099,-0.16050603985786438,-0.10407713800668716,-0.10407713800668716,0.0444541834294796,-1.6000117063522339,-0.18138428032398224,0.0,-0.14853132143616676,-0.14853132143616676,0.32611769437789917,0.32611769437789917,0.339374840259552,-1.6624586582183838,1.1550601720809937,0.0,-0.013257145881652832,-0.013257145881652832,-0.24382872879505157,-0.24382872879505157,0.0006112405098974705,-1.9999868869781494,1.0098012685775757,0.0,-0.24443996930494905,-0.24443996930494905,-0.02875256910920143,-0.02875256910920143,0.017658762633800507,-1.6253876686096191,1.3486322164535522,0.0,-0.04641133174300194,-0.04641133174300194,0.23006340861320496,0.23006340861320496,0.20402099192142487,1.9980828762054443,0.6087490320205688,0.0,0.02604241669178009,0.02604241669178009,-0.08025301992893219,-0.08025301992893219,-0.05052381381392479,-1.374300241470337,1.2382256984710693,0.0,-0.0297292061150074,-0.0297292061150074
795,26.5,4,0,0,,4,uneven rough,5,0.0,50.39447784423828,35.16343307495117,0.3915082514286041,1.3054521083831787,0.773228108882904,1.3054521083831787,0.773228108882904,6.811410427093506,4.6472697257995605,0.39293843507766724,-0.23060032725334167,0.32548660039901733,0.6527260541915894,0.386614054441452,-0.5088303089141846,0.7915250062942505,0.42083898186683655,0.08502351492643356,-0.05761924013495445,0.029133139178156853,-0.35618120431900024,-0.35618120431900024,0.176461324095726,-1.130889892578125,-0.15797679126262665,0.0,-0.5326425284147263,-0.5326425284147263,0.39576250314712524,0.39576250314712524,0.28920453786849976,1.8493212461471558,1.0871741771697998,0.0,0.10655796527862549,0.10655796527862549,0.21041949093341827,0.21041949093341827,0.1817232370376587,0.5735102891921997,0.3671204447746277,0.0,0.028696253895759583,0.028696253895759583,0.059516459703445435,0.059516459703445435,0.3442993760108948,-1.4818224906921387,1.5140762329101562,0.0,-0.28478291630744934,-0.28478291630744934,-0.09219078719615936,-0.09219078719615936,0.02235480770468712,-1.7188524007797241,-0.8225323557853699,0.0,-0.11454559490084648,-0.11454559490084648,0.014566569589078426,0.014566569589078426,0.04309900850057602,1.4151898622512817,0.9988707900047302,0.0,-0.028532438911497593,-0.028532438911497593
795,26.5,14,0,0,,4,uneven rough,5,0.0,49.848297119140625,36.99641418457031,0.33175307512283325,1.166794776916504,-0.38965797424316406,1.166794776916504,-0.38965797424316406,3.5326361656188965,0.8097838163375854,0.3333333432674408,0.11129510402679443,0.1989659070968628,0.583397388458252,-0.19482898712158203,0.7822883129119873,-0.1376015692949295,0.22251348197460175,-0.014905630610883236,0.09299612790346146,-0.42254453897476196,0.5476018190383911,0.5476018190383911,0.16748134791851044,1.6455329656600952,-1.0863701105117798,0.0,0.3801204711198807,0.3801204711198807,-0.2201625108718872,-0.2201625108718872,0.0440547913312912,0.48230215907096863,-0.542432963848114,0.0,-0.2642173022031784,-0.2642173022031784,0.11125674098730087,0.11125674098730087,0.12703461945056915,0.6045640707015991,0.05358750373125076,0.0,-0.01577787846326828,-0.01577787846326828,-0.010433941148221493,-0.010433941148221493,0.16511893272399902,-1.9792900085449219,-1.2843271493911743,0.0,-0.17555287387222052,-0.17555287387222052,0.04649806395173073,0.04649806395173073,-0.0005912819178774953,1.0367388725280762,-0.6668853163719177,0.0,0.04708934586960822,0.04708934586960822,-0.21127226948738098,-0.21127226948738098,0.03883707895874977,-0.1166972815990448,-0.263273149728775,0.0,-0.25010934844613075,-0.25010934844613075
795,26.5,24,0,0,,4,uneven rough,10,0.0,91.46784973144531,33.47728729248047,0.4487155079841614,1.285879373550415,-0.01666184701025486,1.285879373550415,-0.01666184701025486,6.4288859367370605,0.7761980891227722,0.1666666716337204,0.14903633296489716,0.23699450492858887,0.6429396867752075,-0.00833092350512743,0.6370671987533569,0.39273613691329956,0.17707252502441406,-0.22351786494255066,0.13748203217983246,-0.2401997298002243,0.4459470212459564,0.4459470212459564,0.10204070806503296,1.9973218441009521,-0.9834787845611572,0.0,0.34390631318092346,0.34390631318092346,0.19636806845664978,0.19636806845664978,0.2730464041233063,-1.997307538986206,-0.43797001242637634,0.0,-0.0766783356666565,-0.0766783356666565,0.08853626251220703,0.08853626251220703,0.005072637461125851,0.26980841159820557,-0.6919383406639099,0.0,0.08346362505108118,0.08346362505108118,-0.15646250545978546,-0.15646250545978546,-0.050075456500053406,-1.697520136833191,-0.33288395404815674,0.0,-0.10638704895973206,-0.10638704895973206,0.06874101608991623,0.06874101608991623,0.17436352372169495,-1.693004846572876,1.3942809104919434,0.0,-0.10562250763177872,-0.10562250763177872,-0.12009986490011215,-0.12009986490011215,-0.05139646679162979,0.16799090802669525,-0.23890118300914764,0.0,-0.06870339810848236,-0.06870339810848236
796,26.53333333333333,4,0,0,,4,uneven rough,5,0.0,50.37376022338867,35.12569808959961,0.39088520407676697,1.5912246704101562,-0.1820228546857834,1.5912246704101562,-0.1820228546857834,5.601989269256592,0.6695563793182373,0.3333333432674408,-0.2736307978630066,0.18570546805858612,0.7956123352050781,-0.0910114273428917,0.1358281672000885,0.41964325308799744,0.29730287194252014,-0.3938249349594116,0.0021785388235002756,-0.6707926988601685,0.09507971256971359,0.09507971256971359,0.11226530373096466,-1.7541272640228271,-0.7080636024475098,0.0,-0.017185591161251068,-0.017185591161251068,0.20982162654399872,0.20982162654399872,0.2547558844089508,-1.9142318964004517,1.518093466758728,0.0,-0.04493425786495209,-0.04493425786495209,0.14865143597126007,0.14865143597126007,0.13739046454429626,-0.22741830348968506,0.48381364345550537,0.0,0.011260971426963806,0.011260971426963806,-0.2756774425506592,-0.2756774425506592,0.29177194833755493,-1.7308666706085205,-0.17981025576591492,0.0,-0.5674493908882141,-0.5674493908882141,0.0010892694117501378,0.0010892694117501378,-0.0345933735370636,0.3166758716106415,-1.3293132781982422,0.0,0.035682642948813736,0.035682642948813736,-0.33539634943008423,-0.33539634943008423,0.01846827007830143,-0.3282690644264221,1.2342582941055298,0.0,-0.35386461950838566,-0.35386461950838566
796,26.53333333333333,14,0,0,,4,uneven rough,5,0.0,49.822731018066406,36.957916259765625,0.3348022401332855,1.340829849243164,-0.33409416675567627,1.340829849243164,-0.33409416675567627,4.065596103668213,1.4788249731063843,0.3333333432674408,0.027858447283506393,0.047668080776929855,0.670414924621582,-0.16704708337783813,0.5776768922805786,0.1675904244184494,0.15132775902748108,0.1138467937707901,0.1618109792470932,-0.3407975733280182,0.40437382459640503,0.40437382459640503,0.2341306358575821,1.9608280658721924,0.45825278759002686,0.0,0.17024318873882294,0.17024318873882294,0.0837952122092247,0.0837952122092247,0.09965833276510239,0.5557321310043335,0.036954112350940704,0.0,-0.015863120555877686,-0.015863120555877686,0.07566387951374054,0.07566387951374054,0.08664487302303314,-1.3819234371185303,0.3651106357574463,0.0,-0.010980993509292603,-0.010980993509292603,0.07969275116920471,0.07969275116920471,0.10120829194784164,-1.8546422719955444,-1.677260398864746,0.0,-0.021515540778636932,-0.021515540778636932,0.0809054896235466,0.0809054896235466,0.05585391819477081,1.047325849533081,0.29634684324264526,0.0,0.025051571428775787,0.025051571428775787,-0.1703987866640091,-0.1703987866640091,0.014547150582075119,-0.6220781207084656,-0.18039889633655548,0.0,-0.1849459372460842,-0.1849459372460842
796,26.53333333333333,24,0,0,,4,uneven rough,10,0.0,91.51622772216797,33.48044204711914,0.4519122540950775,1.3541194200515747,-1.1614384651184082,1.3541194200515747,-1.1614384651184082,6.647324562072754,1.5880039930343628,0.3333333432674408,0.21184496581554413,0.11261731386184692,0.6770597100257874,-0.5807192325592041,-0.10479476302862167,0.5428213477134705,0.4301084876060486,-0.08719046413898468,0.42456376552581787,-0.06086382269859314,-0.07335633039474487,-0.07335633039474487,0.056844379752874374,-1.9492379426956177,0.7018712162971497,0.0,-0.13020071014761925,-0.13020071014761925,0.27141067385673523,0.27141067385673523,0.2900363504886627,0.48276782035827637,-1.319622278213501,0.0,-0.01862567663192749,-0.01862567663192749,0.2150542438030243,0.2150542438030243,0.06701390445232391,1.5083119869232178,-0.14816498756408691,0.0,0.14804033935070038,0.14804033935070038,-0.06103332340717316,-0.06103332340717316,-0.05554678663611412,-0.002194293774664402,-1.1044516563415527,0.0,-0.005486536771059036,-0.005486536771059036,0.21228188276290894,0.21228188276290894,0.18499842286109924,0.2084416002035141,-0.3512760102748871,0.0,0.027283459901809692,0.027283459901809692,-0.03043191134929657,-0.03043191134929657,-0.0006854987586848438,1.132136583328247,-0.008843663148581982,0.0,-0.029746412590611726,-0.029746412590611726
797,26.566666666666666,4,0,0,,4,uneven rough,5,0.0,50.34852600097656,35.091739654541016,0.3834940493106842,1.1157289743423462,-0.07747159898281097,1.1157289743423462,-0.07747159898281097,2.4794204235076904,0.2315862476825714,0.1666666716337204,-0.18980330228805542,0.2050468772649765,0.5578644871711731,-0.03873579949140549,0.7315844893455505,0.05569788068532944,0.3075423538684845,0.07827984541654587,-0.2118488848209381,-0.5017191767692566,0.5121091604232788,0.5121091604232788,0.14307419955730438,2.000016450881958,-1.299509882926941,0.0,0.3690349608659744,0.3690349608659744,0.02784894034266472,0.02784894034266472,0.19227033853530884,-1.8845797777175903,-0.42254942655563354,0.0,-0.16442139819264412,-0.16442139819264412,0.15377117693424225,0.15377117693424225,0.10533703118562698,-0.2622797191143036,0.08168183267116547,0.0,0.048434145748615265,0.048434145748615265,0.05479589104652405,0.05479589104652405,0.2229602336883545,-1.9318060874938965,-1.0567803382873535,0.0,-0.16816434264183044,-0.16816434264183044,-0.3389582335948944,-0.3389582335948944,-0.05544351041316986,-0.7449826002120972,-0.3986680805683136,0.0,-0.28351472318172455,-0.28351472318172455,-0.2508595883846283,-0.2508595883846283,-0.023554345592856407,-0.7114632725715637,0.35080254077911377,0.0,-0.2273052427917719,-0.2273052427917719
797,26.566666666666666,14,0,0,,4,uneven rough,5,0.0,49.79273223876953,36.924861907958984,0.328669935464859,0.7643944025039673,-0.1317111998796463,0.7643944025039673,-0.1317111998796463,2.357151746749878,0.3749085068702698,0.3333333432674408,-0.003471463918685913,0.11042927205562592,0.38219720125198364,-0.06585559993982315,0.5077444911003113,0.1487899273633957,0.4828236699104309,0.19379767775535583,0.20604118704795837,-0.33165717124938965,0.35542112588882446,0.35542112588882446,0.30030691623687744,2.0000486373901367,1.3078114986419678,0.0,0.05511420965194702,0.05511420965194702,0.07439496368169785,0.07439496368169785,0.08796145766973495,-0.8642184734344482,0.3302721381187439,0.0,-0.01356649398803711,-0.01356649398803711,0.24141183495521545,0.24141183495521545,0.14282038807868958,1.965716004371643,-0.6226655840873718,0.0,0.09859144687652588,0.09859144687652588,0.1356583684682846,0.1356583684682846,0.0992535725235939,1.0522345304489136,-1.7775523662567139,0.0,0.036404795944690704,0.036404795944690704,0.10302059352397919,0.10302059352397919,0.09167350083589554,0.41384652256965637,0.7209517359733582,0.0,0.011347092688083649,0.011347092688083649,-0.16582858562469482,-0.16582858562469482,-0.020025622099637985,-0.960094690322876,-0.4301251173019409,0.0,-0.14580296352505684,-0.14580296352505684
797,26.566666666666666,24,0,0,,4,uneven rough,11,0.0,91.56306457519531,33.47893142700195,0.45367687940597534,1.420649528503418,-0.2763659954071045,1.420649528503418,-0.2763659954071045,7.635621547698975,4.678163051605225,0.4997149109840393,0.45722246170043945,0.1532515287399292,0.710324764251709,-0.13818299770355225,0.560566782951355,0.334045946598053,-0.28243595361709595,-0.13321064412593842,0.45698079466819763,-0.2492344081401825,0.3923967480659485,0.3923967480659485,0.09977435320615768,1.5833208560943604,-0.7970706224441528,0.0,0.2926223948597908,0.2926223948597908,0.1670229732990265,0.1670229732990265,0.23824423551559448,-1.9392870664596558,-0.30054765939712524,0.0,-0.071221262216568,-0.071221262216568,-0.14121797680854797,-0.14121797680854797,0.02747664414346218,-1.634041428565979,0.7884100675582886,0.0,-0.16869462095201015,-0.16869462095201015,-0.09324745088815689,-0.09324745088815689,-0.0958627238869667,-0.5658546686172485,-0.4812333881855011,0.0,0.0026152729988098145,0.0026152729988098145,0.22849039733409882,0.22849039733409882,0.16620206832885742,0.41930732131004333,-0.03481067717075348,0.0,0.062288329005241394,0.062288329005241394,-0.12461720407009125,-0.12461720407009125,-0.011460631154477596,-1.2760342359542847,0.6362686157226562,0.0,-0.11315657291561365,-0.11315657291561365
798,26.599999999999998,4,0,0,,4,uneven rough,5,0.0,50.320289611816406,35.06288146972656,0.3837650418281555,1.3247287273406982,-1.0325911045074463,1.3247287273406982,-1.0325911045074463,2.764310598373413,2.8023014068603516,0.3333333432674408,0.16715145111083984,0.052101071923971176,0.6623643636703491,-0.5162955522537231,0.4194212555885315,0.26505184173583984,0.4715186655521393,0.06631910055875778,-0.18019555509090424,-0.21155551075935364,0.2935948669910431,0.2935948669910431,0.20772355794906616,1.7945235967636108,0.5660482048988342,0.0,0.08587130904197693,0.08587130904197693,0.13252592086791992,0.13252592086791992,0.13627322018146515,-0.8984777927398682,-1.249184012413025,0.0,-0.003747299313545227,-0.003747299313545227,0.23575933277606964,0.23575933277606964,0.11586668342351913,0.2254055291414261,-0.11279464513063431,0.0,0.1198926493525505,0.1198926493525505,0.04642336815595627,0.04642336815595627,0.15666234493255615,-2.017393112182617,-1.5515214204788208,0.0,-0.11023897677659988,-0.11023897677659988,-0.2883128821849823,-0.2883128821849823,-0.09724316745996475,-0.816952109336853,-0.5944749116897583,0.0,-0.19106971472501755,-0.19106971472501755,-0.10577775537967682,-0.10577775537967682,-0.035181835293769836,-1.2190622091293335,-0.24980445206165314,0.0,-0.07059592008590698,-0.07059592008590698
798,26.599999999999998,14,0,0,,4,uneven rough,5,0.0,49.759925842285156,36.896568298339844,0.3195672035217285,0.7273503541946411,0.29235604405403137,0.7273503541946411,0.29235604405403137,3.404137372970581,1.7806692123413086,0.3333333432674408,-0.12749318778514862,0.17539028823375702,0.36367517709732056,0.14617802202701569,0.5050997734069824,0.0507882796227932,0.5365184545516968,0.508818507194519,0.10827869921922684,0.045381613075733185,0.3535698354244232,0.3535698354244232,0.35556408762931824,1.2765616178512573,1.699203610420227,0.0,-0.0019942522048950195,-0.0019942522048950195,0.0253941398113966,0.0253941398113966,0.03962360695004463,-0.4520460367202759,-0.3450950086116791,0.0,-0.014229467138648033,-0.014229467138648033,0.2682592272758484,0.2682592272758484,0.20292064547538757,1.948237419128418,0.8408100008964539,0.0,0.06533858180046082,0.06533858180046082,0.35617294907569885,0.35617294907569885,0.16266392171382904,1.9990062713623047,-0.17758579552173615,0.0,0.1935090273618698,0.1935090273618698,0.05413934960961342,0.05413934960961342,0.057022929191589355,-1.220563530921936,0.5473138689994812,0.0,-0.002883579581975937,-0.002883579581975937,0.022690806537866592,0.022690806537866592,0.0035927847493439913,0.7036203145980835,-0.729770839214325,0.0,0.0190980217885226,0.0190980217885226
798,26.599999999999998,24,0,0,,4,uneven rough,11,0.0,91.61205291748047,33.46239471435547,0.44753965735435486,1.9197834730148315,-0.281236469745636,1.9102669954299927,-0.281236469745636,9.965093612670898,5.895625591278076,0.3333333432674408,0.11302249878644943,0.19409561157226562,0.9598917365074158,-0.140618234872818,0.5914032459259033,0.24872517585754395,0.045313116163015366,0.31590113043785095,0.3103390336036682,0.29320546984672546,0.4139822721481323,0.4139822721481323,0.16601914167404175,1.9914206266403198,0.5488069653511047,0.0,0.24796313047409058,0.24796313047409058,0.12436258792877197,0.12436258792877197,0.17117933928966522,-2.000000238418579,-1.2270938158035278,0.0,-0.04681675136089325,-0.04681675136089325,0.022656558081507683,0.022656558081507683,0.02584368735551834,-0.13923868536949158,-0.5812483429908752,0.0,-0.0031871292740106583,-0.0031871292740106583,0.22113078832626343,0.22113078832626343,-0.05179070681333542,1.9786986112594604,-0.5290784239768982,0.0,0.27292149513959885,0.27292149513959885,0.1551695168018341,0.1551695168018341,0.15231674909591675,-0.43713289499282837,0.22194845974445343,0.0,0.0028527677059173584,0.0028527677059173584,0.14660273492336273,0.14660273492336273,0.05094735696911812,1.989353060722351,-0.4449508488178253,0.0,0.09565537795424461,0.09565537795424461
799,26.633333333333333,4,0,0,,4,uneven rough,5,0.0,50.295249938964844,35.02943420410156,0.37871670722961426,0.6251559257507324,-0.9808759689331055,0.6251559257507324,-0.9808759689331055,2.0292205810546875,3.072699546813965,0.3333333432674408,0.34420761466026306,0.05016602203249931,0.3125779628753662,-0.49043798446655273,0.19433464109897614,0.23828493058681488,0.6161556243896484,-0.003448033006861806,0.09512989968061447,-0.12703125178813934,0.13603425025939941,0.13603425025939941,0.18270117044448853,-2.0010697841644287,1.2606303691864014,0.0,-0.04666692018508911,-0.04666692018508911,0.11914246529340744,0.11914246529340744,0.13897518813610077,-0.4523906111717224,-1.050894021987915,0.0,-0.01983272284269333,-0.01983272284269333,0.3080778121948242,0.3080778121948242,0.17023199796676636,1.3302212953567505,0.07842434197664261,0.0,0.13784581422805786,0.13784581422805786,-0.002413623034954071,-0.002413623034954071,0.09971829503774643,-2.004871368408203,-1.8149261474609375,0.0,-0.1021319180727005,-0.1021319180727005,0.047564949840307236,0.047564949840307236,-0.0374012254178524,1.989121913909912,-0.7202638983726501,0.0,0.08496617525815964,0.08496617525815964,-0.06351562589406967,-0.06351562589406967,-0.02778703346848488,-0.24268360435962677,-0.797824501991272,0.0,-0.03572859242558479,-0.03572859242558479
799,26.633333333333333,14,0,0,,4,uneven rough,5,0.0,49.73615646362305,36.8565673828125,0.3176310360431671,0.9628138542175293,0.30128827691078186,0.9628138542175293,0.30128827691078186,4.997802257537842,1.1724369525909424,0.1666666716337204,-0.1166989654302597,0.24765734374523163,0.48140692710876465,0.15064413845539093,-0.03754476457834244,0.29619917273521423,0.7571834921836853,0.6269446611404419,0.14237987995147705,0.05435851961374283,-0.026281334459781647,-0.026281334459781647,0.31817948818206787,-1.7466243505477905,1.4602410793304443,0.0,-0.3444608226418495,-0.3444608226418495,0.14809958636760712,0.14809958636760712,0.1094408705830574,2.015589952468872,-0.4055653214454651,0.0,0.03865871578454971,0.03865871578454971,0.37859174609184265,0.37859174609184265,0.2327955663204193,0.6958194375038147,1.4669514894485474,0.0,0.14579617977142334,0.14579617977142334,0.43886125087738037,0.43886125087738037,0.23056375980377197,1.9337362051010132,1.0530632734298706,0.0,0.2082974910736084,0.2082974910736084,0.07118993997573853,0.07118993997573853,0.09031713008880615,0.5036733746528625,-0.45224717259407043,0.0,-0.019127190113067627,-0.019127190113067627,0.027179259806871414,0.027179259806871414,0.03913109749555588,0.5111073851585388,0.08067109435796738,0.0,-0.011951837688684464,-0.011951837688684464
799,26.633333333333333,24,0,0,,4,uneven rough,11,0.0,91.66169738769531,33.45698928833008,0.4478704631328583,1.9176549911499023,0.9777200222015381,1.9176549911499023,0.9777200222015381,10.174362182617188,0.0,0.0,0.24485443532466888,0.312833696603775,0.9588274955749512,0.48886001110076904,-0.4394941031932831,0.35727977752685547,0.5058977007865906,0.6212971210479736,0.4868404269218445,0.4720924496650696,-0.30764585733413696,-0.30764585733413696,0.1344946026802063,-1.996145248413086,1.3644633293151855,0.0,-0.44214046001434326,-0.44214046001434326,0.17863988876342773,0.17863988876342773,0.2181890308856964,0.7018995881080627,-1.664096474647522,0.0,-0.03954914212226868,-0.03954914212226868,0.2529488503932953,0.2529488503932953,0.06053322181105614,1.4660048484802246,-0.33133530616760254,0.0,0.19241562858223915,0.19241562858223915,0.4349079728126526,0.4349079728126526,0.015224244445562363,1.9448890686035156,0.8888232111930847,0.0,0.4196837283670902,0.4196837283670902,0.24342021346092224,0.24342021346092224,0.19316567480564117,0.45762157440185547,-0.15069732069969177,0.0,0.05025453865528107,0.05025453865528107,0.2360462248325348,0.2360462248325348,0.06273292005062103,-0.19880078732967377,0.9314089417457581,0.0,0.17331330478191376,0.17331330478191376
800,26.666666666666668,4,0,0,,4,uneven rough,5,0.0,50.269039154052734,35.0003776550293,0.35888564586639404,1.3937994241714478,-0.2928110659122467,1.3937994241714478,-0.2928110659122467,5.457574367523193,2.1986541748046875,0.3333333432674408,0.5378616452217102,0.27801236510276794,0.6968997120857239,-0.14640553295612335,0.9302870035171509,-0.22940056025981903,-0.26584962010383606,0.030446667224168777,0.2568986117839813,0.20307810604572296,0.6512008905410767,0.6512008905410767,0.2029968500137329,1.6590105295181274,-0.5835407376289368,0.0,0.44820404052734375,0.44820404052734375,-0.3670409023761749,-0.3670409023761749,0.08015575259923935,-1.8698228597640991,-0.7124991416931152,0.0,-0.4471966549754143,-0.4471966549754143,-0.13292481005191803,-0.13292481005191803,0.11976119130849838,-2.000000238418579,0.7861925959587097,0.0,-0.2526860013604164,-0.2526860013604164,0.021312667056918144,0.021312667056918144,0.028071261942386627,-1.778993010520935,-1.9223215579986572,0.0,-0.006758594885468483,-0.006758594885468483,0.12844930589199066,0.12844930589199066,0.023118019104003906,2.000005006790161,0.8116276860237122,0.0,0.10533128678798676,0.10533128678798676,0.10153905302286148,0.10153905302286148,0.03223802521824837,2.0000085830688477,-0.483946830034256,0.0,0.06930102780461311,0.06930102780461311
800,26.666666666666668,14,0,0,,4,uneven rough,5,0.0,49.71791076660156,36.8109016418457,0.31051719188690186,1.4510886669158936,0.5545892119407654,1.4510886669158936,0.5545892119407654,6.226772308349609,3.248878002166748,0.3333333432674408,-0.18244311213493347,0.1880294531583786,0.7255443334579468,0.2772946059703827,0.4312608540058136,0.19429488480091095,-0.35492226481437683,0.18840566277503967,0.37181493639945984,0.02512560412287712,0.3018825948238373,0.3018825948238373,0.3328917920589447,0.9216755628585815,-0.3529263734817505,0.0,-0.031009197235107422,-0.031009197235107422,0.09714744240045547,0.09714744240045547,0.14384520053863525,-0.16102702915668488,0.9633601903915405,0.0,-0.04669775813817978,-0.04669775813817978,-0.17746113240718842,-0.17746113240718842,0.16558019816875458,-1.975353717803955,1.0309520959854126,0.0,-0.343041330575943,-0.343041330575943,0.13188396394252777,0.13188396394252777,0.19585347175598145,-1.234911561012268,1.5509973764419556,0.0,-0.06396950781345367,-0.06396950781345367,0.18590746819972992,0.18590746819972992,0.12306208908557892,0.43206924200057983,0.08823201805353165,0.0,0.062845379114151,0.062845379114151,0.01256280206143856,0.01256280206143856,-0.010295429266989231,-1.8374743461608887,0.3240405321121216,0.0,0.02285823132842779,0.02285823132842779
800,26.666666666666668,24,0,0,,4,uneven rough,11,0.0,91.70877075195312,33.45014953613281,0.447164386510849,1.9398717880249023,0.5078166723251343,1.8794524669647217,0.5078166723251343,9.784014701843262,5.612923622131348,0.3333333432674408,-0.04719601199030876,0.18525150418281555,0.9699358940124512,0.25390833616256714,0.26505184173583984,-0.14094959199428558,0.015367918647825718,0.5284407734870911,0.5769350528717041,0.3854960501194,0.18553628027439117,0.18553628027439117,0.14780499041080475,1.692211627960205,-0.5356307625770569,0.0,0.037731289863586426,0.037731289863586426,-0.2255193442106247,-0.2255193442106247,0.20213811099529266,0.1669151932001114,-0.3263580799102783,0.0,-0.42765745520591736,-0.42765745520591736,0.007683959323912859,0.007683959323912859,0.023767124861478806,-1.7744661569595337,0.6848840117454529,0.0,-0.016083165537565947,-0.016083165537565947,0.36990854144096375,0.36990854144096375,0.04690791666507721,0.602322518825531,1.4859247207641602,0.0,0.32300062477588654,0.32300062477588654,0.28846752643585205,0.28846752643585205,0.22529038786888123,1.9244425296783447,0.19324727356433868,0.0,0.06317713856697083,0.06317713856697083,0.1927480250597,0.1927480250597,0.04608185589313507,-1.132299542427063,0.29238632321357727,0.0,0.14666616916656494,0.14666616916656494
801,26.7,4,0,0,,4,uneven rough,5,0.0,50.232906341552734,34.97687911987305,0.34057462215423584,1.1273744106292725,0.11525221914052963,1.1273744106292725,0.11525221914052963,5.881833076477051,0.0,0.0,0.5844612121582031,0.13305538892745972,0.5636872053146362,0.057626109570264816,0.5967363119125366,0.2600233554840088,-0.08466460555791855,0.3048844039440155,0.3487146198749542,0.08538840711116791,0.4177154004573822,0.4177154004573822,0.2693593502044678,1.547084093093872,0.6844017505645752,0.0,0.14835605025291443,0.14835605025291443,0.1300116777420044,0.1300116777420044,0.12142761051654816,2.0237367153167725,-1.366852045059204,0.0,0.008584067225456238,0.008584067225456238,-0.042332302778959274,-0.042332302778959274,0.05307263880968094,-1.064224362373352,-0.7891258001327515,0.0,-0.09540494158864021,-0.09540494158864021,0.2134190797805786,0.2134190797805786,0.0546991266310215,2.0069918632507324,-1.8412833213806152,0.0,0.1587199531495571,0.1587199531495571,0.1743573099374771,0.1743573099374771,0.09127504378557205,0.4671681821346283,1.4835383892059326,0.0,0.08308226615190506,0.08308226615190506,0.042694203555583954,0.042694203555583954,0.041200313717126846,1.1275558471679688,0.9204860329627991,0.0,0.0014938898384571075,0.0014938898384571075
801,26.7,14,0,0,,4,uneven rough,5,0.0,49.697933197021484,36.777931213378906,0.3121985197067261,1.6328083276748657,0.27082559466362,1.6328083276748657,0.27082559466362,6.852757930755615,6.536435604095459,0.3333333432674408,-0.5149096846580505,0.20069484412670135,0.8164041638374329,0.13541279733181,0.20500575006008148,-0.060474418103694916,0.5444433093070984,0.3886479139328003,0.06193406134843826,-0.10057663917541504,0.14350402355194092,0.14350402355194092,0.273272842168808,-1.6010891199111938,0.3677358329296112,0.0,-0.12976881861686707,-0.12976881861686707,-0.09675907343626022,-0.09675907343626022,0.08112064003944397,-1.5607844591140747,0.3276296555995941,0.0,-0.1778797134757042,-0.1778797134757042,0.2722216546535492,0.2722216546535492,0.19248242676258087,0.07278847694396973,-0.6688185930252075,0.0,0.07973922789096832,0.07973922789096832,0.2720535397529602,0.2720535397529602,0.24504661560058594,1.5455108880996704,-0.024160508066415787,0.0,0.027006924152374268,0.027006924152374268,0.03096703067421913,0.03096703067421913,0.06354737281799316,-0.890760064125061,0.28263819217681885,0.0,-0.03258034214377403,-0.03258034214377403,-0.05028831958770752,-0.05028831958770752,-0.025694435462355614,-0.15406271815299988,-0.8980838656425476,0.0,-0.024593884125351906,-0.024593884125351906
801,26.7,24,0,0,,4,uneven rough,11,0.0,91.75576782226562,33.446258544921875,0.44778820872306824,1.9544247388839722,0.7756507396697998,1.9020577669143677,0.7756507396697998,9.96096134185791,5.184682846069336,0.3333333432674408,-0.11092180013656616,0.2528876066207886,0.9772123694419861,0.3878253698348999,-0.012683870270848274,-0.15761537849903107,0.12391572445631027,0.5287559628486633,0.6241216063499451,0.22614389657974243,-0.008878708817064762,-0.008878708817064762,0.09905581921339035,-1.8504425287246704,0.7239953279495239,0.0,-0.10793452803045511,-0.10793452803045511,-0.25218459963798523,-0.25218459963798523,0.18009813129901886,0.1897294670343399,-0.04746048152446747,0.0,-0.4322827309370041,-0.4322827309370041,0.061957862228155136,0.061957862228155136,0.04248662665486336,1.6516673564910889,-0.7056369781494141,0.0,0.01947123557329178,0.01947123557329178,0.37012916803359985,0.37012916803359985,0.1076817587018013,1.334802269935608,0.9863344430923462,0.0,0.26244740933179855,0.26244740933179855,0.31206080317497253,0.31206080317497253,0.2635859251022339,1.9218748807907104,1.1720681190490723,0.0,0.04847487807273865,0.04847487807273865,0.11307194828987122,0.11307194828987122,0.05564066022634506,0.3377986550331116,-0.5131335854530334,0.0,0.057431288063526154,0.057431288063526154
802,26.733333333333334,4,0,0,,4,uneven rough,5,0.0,50.19968032836914,34.949745178222656,0.34190618991851807,1.3303933143615723,-0.2283695787191391,1.3303933143615723,-0.2283695787191391,6.823520660400391,3.8870275020599365,0.5,0.6585720777511597,0.18742847442626953,0.6651966571807861,-0.11418478935956955,-0.3945324420928955,0.365507036447525,0.42886510491371155,0.6277304887771606,0.30532291531562805,0.46787774562835693,-0.2761726975440979,-0.2761726975440979,0.24184352159500122,-1.422565221786499,1.1721638441085815,0.0,-0.5180162191390991,-0.5180162191390991,0.1827535182237625,0.1827535182237625,0.18953867256641388,1.8139128684997559,0.5501928925514221,0.0,-0.006785154342651367,-0.006785154342651367,0.21443255245685577,0.21443255245685577,0.09991858899593353,0.2703443169593811,-0.9446670413017273,0.0,0.11451396346092224,0.11451396346092224,0.43941134214401245,0.43941134214401245,0.1119881197810173,1.4259802103042603,0.33453840017318726,0.0,0.32742322236299515,0.32742322236299515,0.15266145765781403,0.15266145765781403,0.10061797499656677,1.4268131256103516,0.908880889415741,0.0,0.05204348266124725,0.05204348266124725,0.23393887281417847,0.23393887281417847,0.09839732944965363,1.4768346548080444,1.037563681602478,0.0,0.13554154336452484,0.13554154336452484
802,26.733333333333334,14,0,0,,4,uneven rough,5,0.0,49.675540924072266,36.74504089355469,0.31622442603111267,0.9252347946166992,0.20157280564308167,0.9252347946166992,0.20157280564308167,4.709726810455322,2.3205881118774414,0.3333333432674408,-0.617637038230896,0.1285894215106964,0.4626173973083496,0.10078640282154083,-0.04835546761751175,0.15714070200920105,0.3825271427631378,0.4041614532470703,0.025518497452139854,0.21314622461795807,-0.033848825842142105,-0.033848825842142105,0.20985330641269684,-1.5790650844573975,-0.7454413175582886,0.0,-0.24370213225483894,-0.24370213225483894,0.07857035100460052,0.07857035100460052,0.05769915506243706,0.5871233940124512,-0.7400830984115601,0.0,0.020871195942163467,0.020871195942163467,0.1912635713815689,0.1912635713815689,0.1831790804862976,-0.18186306953430176,-0.24951261281967163,0.0,0.008084490895271301,0.008084490895271301,0.2829129993915558,0.2829129993915558,0.2980573773384094,0.7990480065345764,0.8633345365524292,0.0,-0.015144377946853638,-0.015144377946853638,0.012759248726069927,0.012759248726069927,0.02953188493847847,-0.2949715554714203,-0.38080328702926636,0.0,-0.016772636212408543,-0.016772636212408543,0.10657311230897903,0.10657311230897903,0.03429659828543663,1.9935332536697388,-0.47741296887397766,0.0,0.0722765140235424,0.0722765140235424
802,26.733333333333334,24,0,0,,4,uneven rough,11,0.0,91.80358123779297,33.43961715698242,0.4501153826713562,1.9587572813034058,0.5978226065635681,1.8395581245422363,0.5978226065635681,9.736701965332031,4.683362007141113,0.3333333432674408,-0.21770453453063965,0.1707884967327118,0.9793786406517029,0.29891130328178406,0.3768737018108368,-0.07496050000190735,-0.4290279448032379,0.34615597128868103,0.6791859865188599,0.3548845648765564,0.2638115882873535,0.2638115882873535,0.0866614282131195,0.4558841586112976,-0.7315964698791504,0.0,0.177150160074234,0.177150160074234,-0.11993680149316788,-0.11993680149316788,0.14626505970954895,0.22697651386260986,0.0866471379995346,0.0,-0.2662018612027168,-0.2662018612027168,-0.21451397240161896,-0.21451397240161896,-0.009864116087555885,-1.9951746463775635,0.6271871328353882,0.0,-0.20464985631406307,-0.20464985631406307,0.24230918288230896,0.24230918288230896,0.15907348692417145,1.7969166040420532,1.1833587884902954,0.0,0.08323569595813751,0.08323569595813751,0.33959299325942993,0.33959299325942993,0.29348400235176086,1.7010438442230225,1.5960102081298828,0.0,0.04610899090766907,0.04610899090766907,0.1774422824382782,0.1774422824382782,0.0988675057888031,1.6279217004776,-0.03201496973633766,0.0,0.0785747766494751,0.0785747766494751
803,26.766666666666666,4,0,0,,4,uneven rough,5,0.0,50.16838073730469,34.921531677246094,0.34156540036201477,1.5358302593231201,0.037259820848703384,1.5358302593231201,0.037259820848703384,7.117085933685303,3.610029697418213,0.5,0.7739619612693787,0.08249394595623016,0.7679151296615601,0.018629910424351692,0.009275080636143684,0.13038039207458496,0.046886444091796875,0.5265281200408936,0.44622498750686646,0.261348158121109,0.0064925565384328365,0.0064925565384328365,0.17835639417171478,-1.8244034051895142,-0.2949005961418152,0.0,-0.17186383763328195,-0.17186383763328195,0.06519019603729248,0.06519019603729248,0.1957768350839615,0.9228224754333496,1.2647024393081665,0.0,-0.130586639046669,-0.130586639046669,0.023443222045898438,0.023443222045898438,0.04360400140285492,-1.0248957872390747,-0.2576974332332611,0.0,-0.020160779356956482,-0.020160779356956482,0.36856967210769653,0.36856967210769653,0.17461411654949188,1.4582300186157227,0.9516415596008301,0.0,0.19395555555820465,0.19395555555820465,0.22311249375343323,0.22311249375343323,0.1278880387544632,1.6011290550231934,1.2017207145690918,0.0,0.09522445499897003,0.09522445499897003,0.1306740790605545,0.1306740790605545,0.12711821496486664,1.2338032722473145,1.2859282493591309,0.0,0.003555864095687866,0.003555864095687866
803,26.766666666666666,14,0,0,,4,uneven rough,5,0.0,49.661006927490234,36.700077056884766,0.3126247525215149,1.0630176067352295,0.25302645564079285,1.0630176067352295,0.25302645564079285,6.10614013671875,1.311852216720581,0.1666666716337204,-0.5168036222457886,0.10730548202991486,0.5315088033676147,0.12651322782039642,0.18295086920261383,0.3505086898803711,0.09901780635118484,0.10513708740472794,0.2332739531993866,-0.1467524766921997,0.12806560099124908,0.12806560099124908,0.16065198183059692,-1.4469860792160034,-1.2167736291885376,0.0,-0.03258638083934784,-0.03258638083934784,0.17525434494018555,0.17525434494018555,0.12423745542764664,1.2392961978912354,0.010321826674044132,0.0,0.05101688951253891,0.05101688951253891,0.04950890317559242,0.04950890317559242,0.11675377935171127,-2.031229019165039,-0.21126343309879303,0.0,-0.06724487617611885,-0.06724487617611885,0.07359596341848373,0.07359596341848373,0.2555457055568695,-1.9466110467910767,0.8269867897033691,0.0,-0.18194974213838577,-0.18194974213838577,0.1166369765996933,0.1166369765996933,0.08989869803190231,2.0293591022491455,-0.3322738707065582,0.0,0.026738278567790985,0.026738278567790985,-0.07337623834609985,-0.07337623834609985,-0.021314481273293495,-1.223435878753662,0.9196644425392151,0.0,-0.05206175707280636,-0.05206175707280636
803,26.766666666666666,24,0,0,,4,uneven rough,11,0.0,91.85369110107422,33.432716369628906,0.45696234703063965,1.9507988691329956,1.1072828769683838,1.8275127410888672,1.1072828769683838,9.208466529846191,4.510601997375488,0.3333333432674408,-0.002688129898160696,0.27848243713378906,0.9753994345664978,0.5536414384841919,-0.562058687210083,0.4313483238220215,0.20380271971225739,0.41439855098724365,0.6490346789360046,0.1361815482378006,-0.3934410810470581,-0.3934410810470581,0.03464861214160919,-1.8795311450958252,-0.06019279733300209,0.0,-0.4280896931886673,-0.4280896931886673,0.21567416191101074,0.21567416191101074,0.2032342553138733,0.9899181127548218,0.16598962247371674,0.0,0.012439906597137451,0.012439906597137451,0.10190135985612869,0.10190135985612869,0.03561355546116829,2.000000238418579,-0.8555009365081787,0.0,0.0662878043949604,0.0662878043949604,0.2900789678096771,0.2900789678096771,0.23090602457523346,2.000001907348633,1.5302654504776,0.0,0.059172943234443665,0.059172943234443665,0.3245173394680023,0.3245173394680023,0.33966171741485596,-0.15736128389835358,1.6553964614868164,0.0,-0.015144377946853638,-0.015144377946853638,0.0680907741189003,0.0680907741189003,0.08997152000665665,-1.6939142942428589,0.9065161943435669,0.0,-0.021880745887756348,-0.021880745887756348
804,26.8,4,0,0,,4,uneven rough,5,0.0,50.13571548461914,34.89134979248047,0.34325137734413147,1.659456491470337,-0.3385310173034668,1.659456491470337,-0.3385310173034668,8.373431205749512,3.3498287200927734,0.3333333432674408,0.6455209255218506,0.10229067504405975,0.8297282457351685,-0.1692655086517334,0.4203089773654938,-0.00839705765247345,-0.005082425661385059,0.23060457408428192,0.5117722749710083,0.21797262132167816,0.2942162752151489,0.2942162752151489,0.22913703322410583,1.9796236753463745,-1.159684181213379,0.0,0.06507924199104309,0.06507924199104309,-0.013435292057693005,-0.013435292057693005,0.1873844563961029,0.5265856385231018,1.071402907371521,0.0,-0.2008197484537959,-0.2008197484537959,-0.0025412128306925297,-0.0025412128306925297,-0.0012218987103551626,-0.5778059959411621,-0.6914727687835693,0.0,-0.001319314120337367,-0.001319314120337367,0.1614232063293457,0.1614232063293457,0.1422729641199112,-0.9354801774024963,1.238067626953125,0.0,0.01915024220943451,0.01915024220943451,0.25588613748550415,0.25588613748550415,0.16033998131752014,1.8599811792373657,1.4275468587875366,0.0,0.09554615616798401,0.09554615616798401,0.10898631066083908,0.10898631066083908,0.12179914861917496,-0.5452977418899536,1.2564566135406494,0.0,-0.012812837958335876,-0.012812837958335876
804,26.8,14,0,0,,4,uneven rough,5,0.0,49.64132308959961,36.66178512573242,0.3125152289867401,1.0891246795654297,0.8288559913635254,1.0891246795654297,0.8288559913635254,6.086162567138672,1.4025763273239136,0.1666666716337204,-0.6114463806152344,0.25196096301078796,0.5445623397827148,0.4144279956817627,0.8444316387176514,-0.09214762598276138,-0.11294487863779068,0.22980773448944092,0.15437468886375427,-0.2741876244544983,0.591102123260498,0.591102123260498,0.20753656327724457,1.9949135780334473,-1.3469361066818237,0.0,0.3835655599832535,0.3835655599832535,-0.1474362015724182,-0.1474362015724182,0.07886498421430588,0.3023092746734619,0.705186128616333,0.0,-0.2263011857867241,-0.2263011857867241,-0.05647243931889534,-0.05647243931889534,0.057844799011945724,-1.8151090145111084,-1.240275263786316,0.0,-0.11431723833084106,-0.11431723833084106,0.1608654111623764,0.1608654111623764,0.18588459491729736,-1.9671868085861206,-0.741210401058197,0.0,-0.02501918375492096,-0.02501918375492096,0.07718734443187714,0.07718734443187714,0.05170099809765816,-0.19566591084003448,1.002997636795044,0.0,0.02548634633421898,0.02548634633421898,-0.13709381222724915,-0.13709381222724915,-0.0591399148106575,-1.6016935110092163,-0.2920483350753784,0.0,-0.07795389741659164,-0.07795389741659164
804,26.8,24,0,0,,4,uneven rough,11,0.0,91.90291595458984,33.436431884765625,0.4590206742286682,1.9203250408172607,1.002325415611267,1.8469011783599854,1.002325415611267,9.190862655639648,0.0,0.0,-0.14596977829933167,0.20207050442695618,0.9601625204086304,0.5011627078056335,-0.38310712575912476,0.4365669786930084,-0.09793499857187271,0.27163705229759216,0.6597427725791931,0.05305062606930733,-0.2681749761104584,-0.2681749761104584,-0.025510746985673904,-1.66068696975708,-1.0888499021530151,0.0,-0.24266422912478447,-0.24266422912478447,0.2182834893465042,0.2182834893465042,0.2283717691898346,0.3747100234031677,0.6318402886390686,0.0,-0.010088279843330383,-0.010088279843330383,-0.048967499285936356,-0.048967499285936356,-0.013042510487139225,-2.0000014305114746,0.759004533290863,0.0,-0.03592498879879713,-0.03592498879879713,0.19014593958854675,0.19014593958854675,0.22592511773109436,-1.7538846731185913,1.7958552837371826,0.0,-0.03577917814254761,-0.03577917814254761,0.32987138628959656,0.32987138628959656,0.3196870684623718,-0.45558348298072815,0.6304600238800049,0.0,0.010184317827224731,0.010184317827224731,0.026525313034653664,0.026525313034653664,0.03425580635666847,-0.9888770580291748,-0.5637718439102173,0.0,-0.007730493322014809,-0.007730493322014809
805,26.833333333333332,4,0,0,,4,uneven rough,5,0.0,50.1062126159668,34.86271667480469,0.3420340120792389,1.4655992984771729,0.5896191596984863,1.4655992984771729,0.5896191596984863,7.377558708190918,1.0906720161437988,0.3333333432674408,0.3808750510215759,0.08033457398414612,0.7327996492385864,0.29480957984924316,0.14088185131549835,0.00480993464589119,0.4434867799282074,0.34459829330444336,0.24979355931282043,-0.08405233919620514,0.09861729294061661,0.09861729294061661,0.1765817403793335,-1.9925785064697266,0.615286111831665,0.0,-0.07796444743871689,-0.07796444743871689,0.002404967322945595,0.002404967322945595,0.12313374876976013,-1.6192944049835205,0.7633622288703918,0.0,-0.12072878144681454,-0.12072878144681454,0.2217433899641037,0.2217433899641037,0.050009142607450485,1.662491798400879,-0.6272053718566895,0.0,0.1717342473566532,0.1717342473566532,0.24121880531311035,0.24121880531311035,0.20654432475566864,1.996756911277771,0.00913980696350336,0.0,0.03467448055744171,0.03467448055744171,0.12489677965641022,0.12489677965641022,0.1189330592751503,-1.2564798593521118,1.6720459461212158,0.0,0.005963720381259918,0.005963720381259918,-0.04202616959810257,-0.04202616959810257,0.059406451880931854,-1.9496543407440186,0.23774144053459167,0.0,-0.10143262147903442,-0.10143262147903442
805,26.833333333333332,14,0,0,,4,uneven rough,5,0.0,49.62566375732422,36.62036895751953,0.3262038826942444,1.4063894748687744,-0.9035926461219788,1.4063894748687744,-0.9035926461219788,3.937310218811035,1.9845690727233887,0.3333333432674408,-0.35133445262908936,0.09868550300598145,0.7031947374343872,-0.4517963230609894,0.1928938329219818,0.240007221698761,0.4303170144557953,0.012361560016870499,-0.094031922519207,-0.40338215231895447,0.13502568006515503,0.13502568006515503,0.20449063181877136,-1.9206740856170654,0.5425516963005066,0.0,-0.06946495175361633,-0.06946495175361633,0.1200036108493805,0.1200036108493805,0.10368364304304123,1.216764211654663,0.4773988425731659,0.0,0.016319967806339264,0.016319967806339264,0.21515850722789764,0.21515850722789764,0.050486210733652115,-0.5103113651275635,-1.5652873516082764,0.0,0.16467229649424553,0.16467229649424553,0.008653092198073864,0.008653092198073864,0.13818669319152832,-1.0497695207595825,-1.4343796968460083,0.0,-0.12953360099345446,-0.12953360099345446,-0.15045107901096344,-0.15045107901096344,0.016088075935840607,-1.0422134399414062,0.3252711296081543,0.0,-0.16653915494680405,-0.16653915494680405,-0.20169107615947723,-0.20169107615947723,-0.10283166915178299,-1.8019936084747314,-1.0325241088867188,0.0,-0.09885940700769424,-0.09885940700769424
805,26.833333333333332,24,0,0,,4,uneven rough,11,0.0,91.95244598388672,33.4322395324707,0.450389564037323,1.768834114074707,0.8009759187698364,1.768834114074707,0.8009759187698364,8.870412826538086,0.0,0.0,-0.04555097222328186,0.29618343710899353,0.8844170570373535,0.4004879593849182,0.20403705537319183,0.030809970572590828,0.36238396167755127,0.056995321065187454,0.54660564661026,-0.009168017655611038,0.1428259313106537,0.1428259313106537,0.020808588713407516,1.996001958847046,-1.4121675491333008,0.0,0.12201734259724617,0.12201734259724617,0.015404985286295414,0.015404985286295414,0.16268984973430634,-1.959875464439392,0.4864583909511566,0.0,-0.14728486444801092,-0.14728486444801092,0.18119198083877563,0.18119198083877563,0.03530636057257652,1.9568967819213867,-0.8009424209594727,0.0,0.1458856202661991,0.1458856202661991,0.03989672288298607,0.03989672288298607,0.15579035878181458,-1.9698559045791626,-0.21117404103279114,0.0,-0.1158936358988285,-0.1158936358988285,0.27330282330513,0.27330282330513,0.28128597140312195,-0.9087367057800293,0.01640908233821392,0.0,-0.007983148097991943,-0.007983148097991943,-0.004584008827805519,-0.004584008827805519,0.01245087943971157,-1.297288417816162,-0.8041270971298218,0.0,-0.01703488826751709,-0.01703488826751709
806,26.866666666666667,4,0,0,,4,uneven rough,5,0.0,50.07268142700195,34.834144592285156,0.3371421992778778,1.2816822528839111,-0.9333207607269287,1.2816822528839111,-0.9333207607269287,6.691603660583496,2.268197536468506,0.1666666716337204,0.4527241587638855,0.08542667329311371,0.6408411264419556,-0.46666038036346436,0.5039693117141724,0.054198913276195526,0.43688416481018066,0.3671433627605438,-0.2536718547344208,0.20818650722503662,0.35277852416038513,0.35277852416038513,0.2158588469028473,1.6603449583053589,-0.8592052459716797,0.0,0.13691967725753784,0.13691967725753784,0.027099456638097763,0.027099456638097763,0.06155850738286972,-0.412083238363266,-0.5837960839271545,0.0,-0.03445905074477196,-0.03445905074477196,0.21844208240509033,0.21844208240509033,0.11667372286319733,1.9849165678024292,0.6673935055732727,0.0,0.101768359541893,0.101768359541893,0.2570003569126129,0.2570003569126129,0.22188833355903625,0.7844744920730591,1.1329420804977417,0.0,0.03511202335357666,0.03511202335357666,-0.40587496757507324,-0.40587496757507324,0.04700979217886925,-1.9988538026809692,0.016252214089035988,0.0,-0.4528847597539425,-0.4528847597539425,0.10409325361251831,0.10409325361251831,0.08577343076467514,1.5043429136276245,-0.9990160465240479,0.0,0.01831982284784317,0.01831982284784317
806,26.866666666666667,14,0,0,,4,uneven rough,5,0.0,49.6098518371582,36.57700729370117,0.32646679878234863,1.3810532093048096,-0.019354909658432007,1.3810532093048096,-0.019354909658432007,5.196311950683594,3.6313576698303223,0.3333333432674408,-0.37752747535705566,0.1830301135778427,0.6905266046524048,-0.009677454829216003,0.7655694484710693,0.09901513904333115,0.570449948310852,0.03083229809999466,0.2835085391998291,-0.5093108415603638,0.5358986258506775,0.5358986258506775,0.2508401870727539,1.9946244955062866,-0.8501605987548828,0.0,0.2850584387779236,0.2850584387779236,0.04950756952166557,0.04950756952166557,0.07198282331228256,-1.7163466215133667,0.8954373598098755,0.0,-0.02247525379061699,-0.02247525379061699,0.285224974155426,0.285224974155426,0.0984448790550232,2.0004563331604004,-0.9688020348548889,0.0,0.18678009510040283,0.18678009510040283,0.02158260904252529,0.02158260904252529,0.06882679462432861,-1.9910725355148315,-1.2169204950332642,0.0,-0.04724418558180332,-0.04724418558180332,0.14175426959991455,0.14175426959991455,0.05986929312348366,1.9263136386871338,-0.44790709018707275,0.0,0.08188497647643089,0.08188497647643089,-0.2546554207801819,-0.2546554207801819,-0.14606837928295135,-1.1766153573989868,-1.4675835371017456,0.0,-0.10858704149723053,-0.10858704149723053
806,26.866666666666667,24,0,0,,4,uneven rough,11,0.0,92.0037841796875,33.42816925048828,0.44344547390937805,1.8478463888168335,0.0942285880446434,1.8478463888168335,0.0942285880446434,9.616881370544434,0.0,0.0,-0.13051417469978333,0.317367285490036,0.9239231944084167,0.0471142940223217,0.1528378427028656,0.18556095659732819,0.12218936532735825,-0.12628592550754547,0.32219403982162476,0.14373405277729034,0.10698648542165756,0.10698648542165756,0.08734051138162613,1.9230152368545532,0.5148175954818726,0.0,0.019645974040031433,0.019645974040031433,0.09278047829866409,0.09278047829866409,0.10007400065660477,-1.9772368669509888,-0.8967031240463257,0.0,-0.007293522357940674,-0.007293522357940674,0.06109468266367912,0.06109468266367912,0.06402777135372162,0.04856638237833977,0.758344829082489,0.0,-0.0029330886900424957,-0.0029330886900424957,-0.08840014785528183,-0.08840014785528183,0.0863962173461914,-1.8735557794570923,-1.205535888671875,0.0,-0.17479636520147324,-0.17479636520147324,0.16109701991081238,0.16109701991081238,0.21214395761489868,-1.903153657913208,-0.5066699981689453,0.0,-0.051046937704086304,-0.051046937704086304,0.07186702638864517,0.07186702638864517,0.04489683732390404,1.9799237251281738,-1.0829614400863647,0.0,0.026970189064741135,0.026970189064741135
807,26.9,4,0,0,,4,uneven rough,5,0.0,50.041683197021484,34.79643249511719,0.3321542739868164,1.3647592067718506,0.5448280572891235,1.3647592067718506,0.5448280572891235,7.162003517150879,1.1701055765151978,0.3333333432674408,0.19007143378257751,0.19064000248908997,0.6823796033859253,0.27241402864456177,-0.21422134339809418,0.2878398299217224,0.761174201965332,0.38451752066612244,0.32435548305511475,0.12562112510204315,-0.14995494484901428,-0.14995494484901428,0.16923414170742035,-0.9528891444206238,0.5653529763221741,0.0,-0.31918908655643463,-0.31918908655643463,0.1439199149608612,0.1439199149608612,0.12888990342617035,2.0000011920928955,-0.486709326505661,0.0,0.015030011534690857,0.015030011534690857,0.380587100982666,0.380587100982666,0.18354225158691406,1.3778812885284424,1.4123234748840332,0.0,0.19704484939575195,0.19704484939575195,0.26916226744651794,0.26916226744651794,0.28309357166290283,0.6791942119598389,0.935917854309082,0.0,-0.013931304216384888,-0.013931304216384888,0.16217774152755737,0.16217774152755737,0.10024505108594894,1.461273431777954,-1.1230922937393188,0.0,0.06193269044160843,0.06193269044160843,0.06281056255102158,0.06281056255102158,0.056877464056015015,-1.8580907583236694,0.4163876175880432,0.0,0.005933098495006561,0.005933098495006561
807,26.9,14,0,0,,4,uneven rough,5,0.0,49.58277893066406,36.53544235229492,0.3271043300628662,1.565795660018921,-0.6438010334968567,1.565795660018921,-0.6438010334968567,6.747359752655029,3.140505313873291,0.3333333432674408,-0.0777709111571312,0.11934860795736313,0.7828978300094604,-0.32190051674842834,0.752947211265564,0.27816975116729736,0.6402144432067871,0.14473804831504822,0.36530399322509766,-0.2646618187427521,0.5270630121231079,0.5270630121231079,0.3103201687335968,1.6076467037200928,0.7582859992980957,0.0,0.2167428433895111,0.2167428433895111,0.13908487558364868,0.13908487558364868,0.11623713374137878,1.8670754432678223,-0.5812699794769287,0.0,0.022847741842269897,0.022847741842269897,0.32010722160339355,0.32010722160339355,0.15961769223213196,1.3128701448440552,0.71002197265625,0.0,0.1604895293712616,0.1604895293712616,0.10131663084030151,0.10131663084030151,0.06876484304666519,1.4190022945404053,-1.6546274423599243,0.0,0.03255178779363632,0.03255178779363632,0.18265199661254883,0.18265199661254883,0.13803519308567047,1.9947494268417358,0.8944815397262573,0.0,0.04461680352687836,0.04461680352687836,-0.13233090937137604,-0.13233090937137604,-0.12920279800891876,0.9633376002311707,-1.3030695915222168,0.0,-0.0031281113624572754,-0.0031281113624572754
807,26.9,24,0,0,,4,uneven rough,11,0.0,92.05803680419922,33.436092376708984,0.4401301443576813,1.8876789808273315,-0.05831441283226013,1.793731689453125,-0.05831441283226013,8.39948558807373,2.135399341583252,0.1666666716337204,-0.11298215389251709,0.27595949172973633,0.9438394904136658,-0.029157206416130066,-0.08532052487134933,0.40188366174697876,-0.045358821749687195,0.0058149187825620174,0.5950713157653809,-0.2557027041912079,-0.059724368155002594,-0.059724368155002594,0.05072562023997307,-1.9804266691207886,1.311015009880066,0.0,-0.11044998839497566,-0.11044998839497566,0.20094183087348938,0.20094183087348938,0.16581794619560242,1.9934930801391602,-1.5076388120651245,0.0,0.03512388467788696,0.03512388467788696,-0.022679410874843597,-0.022679410874843597,0.007719029672443867,-2.000000238418579,0.357034832239151,0.0,-0.030398440547287464,-0.030398440547287464,0.0040704431012272835,0.0040704431012272835,0.03492087498307228,-1.9998767375946045,-1.583235502243042,0.0,-0.030850431881844997,-0.030850431881844997,0.29753565788269043,0.29753565788269043,0.25924152135849,2.0000016689300537,-1.2962443828582764,0.0,0.03829413652420044,0.03829413652420044,-0.12785135209560394,-0.12785135209560394,-0.001612827298231423,-1.992522120475769,0.6487993597984314,0.0,-0.12623852479737252,-0.12623852479737252
808,26.933333333333334,4,0,0,,4,uneven rough,5,0.0,50.011959075927734,34.75752258300781,0.326003760099411,1.4302725791931152,1.1277445554733276,1.4302725791931152,1.1277445554733276,6.591411113739014,2.224290609359741,0.3333333432674408,-0.07651873677968979,0.11217896640300751,0.7151362895965576,0.5638722777366638,0.6327561140060425,-0.08391711860895157,-0.13182903826236725,0.20572972297668457,0.28193917870521545,0.03534119576215744,0.4429292678833008,0.4429292678833008,0.23139214515686035,1.9207789897918701,-0.29306384921073914,0.0,0.21153712272644043,0.21153712272644043,-0.1342673897743225,-0.1342673897743225,0.10684692859649658,1.433807611465454,0.9192812442779541,0.0,-0.2411143183708191,-0.2411143183708191,-0.06591451913118362,-0.06591451913118362,0.13987571001052856,-1.5922462940216064,1.3928498029708862,0.0,-0.2057902291417122,-0.2057902291417122,0.14401079714298248,0.14401079714298248,0.21902593970298767,-2.000011920928955,0.7907658815383911,0.0,-0.07501514256000519,-0.07501514256000519,0.14096958935260773,0.14096958935260773,0.08176152408123016,1.2530279159545898,0.3381127417087555,0.0,0.059208065271377563,0.059208065271377563,0.01767059788107872,0.01767059788107872,0.014145934022963047,-0.9960228204727173,-0.8696065545082092,0.0,0.003524663858115673,0.003524663858115673
808,26.933333333333334,14,0,0,,4,uneven rough,5,0.0,49.55120086669922,36.49524688720703,0.32269370555877686,1.2676160335540771,0.6064161062240601,1.2676160335540771,0.6064161062240601,2.7575249671936035,0.635546088218689,0.1666666716337204,-0.039565086364746094,0.16062909364700317,0.6338080167770386,0.30320805311203003,0.5239715576171875,0.567267894744873,-0.10079597681760788,0.6343607306480408,0.5290054678916931,0.06638836115598679,0.3667800724506378,0.3667800724506378,0.36755335330963135,1.5194464921951294,1.238516092300415,0.0,-0.0007732808589935303,-0.0007732808589935303,0.2836339473724365,0.2836339473724365,0.182186096906662,1.9878158569335938,0.80302894115448,0.0,0.10144785046577454,0.10144785046577454,-0.05039798840880394,-0.05039798840880394,0.10463512688875198,-1.9943821430206299,1.0508733987808228,0.0,-0.15503311529755592,-0.15503311529755592,0.444052517414093,0.444052517414093,0.13096487522125244,2.000000476837158,0.0832083523273468,0.0,0.3130876421928406,0.3130876421928406,0.26450273394584656,0.26450273394584656,0.20444631576538086,2.000000476837158,1.5165749788284302,0.0,0.0600564181804657,0.0600564181804657,0.03319418057799339,0.03319418057799339,-0.06578648090362549,1.9999998807907104,-0.021638911217451096,0.0,0.09898066148161888,0.09898066148161888
808,26.933333333333334,24,0,0,,4,uneven rough,11,0.0,92.10672760009766,33.438446044921875,0.43712174892425537,1.7963358163833618,1.2675656080245972,1.7963358163833618,1.2675656080245972,9.230224609375,0.0,0.0,0.04215773195028305,0.393449604511261,0.8981679081916809,0.6337828040122986,0.7576291561126709,-0.07991043478250504,-0.25045615434646606,0.11996694654226303,0.24239344894886017,-0.15790662169456482,0.5303403735160828,0.5303403735160828,0.05095108225941658,0.26421043276786804,-0.5499719977378845,0.0,0.4793892912566662,0.4793892912566662,-0.12785670161247253,-0.12785670161247253,0.11981389671564102,0.39375823736190796,0.47190743684768677,0.0,-0.24767059832811356,-0.24767059832811356,-0.12522807717323303,-0.12522807717323303,-0.05360451713204384,-1.6181442737579346,-0.9756370186805725,0.0,-0.0716235600411892,-0.0716235600411892,0.0839768648147583,0.0839768648147583,0.0057945651933550835,-0.06370126456022263,-1.81880521774292,0.0,0.07818229962140322,0.07818229962140322,0.12119672447443008,0.12119672447443008,0.1864538937807083,-1.784133791923523,0.5674590468406677,0.0,-0.06525716930627823,-0.06525716930627823,-0.07895331084728241,-0.07895331084728241,-0.008763297460973263,1.1732910871505737,-0.8446085453033447,0.0,-0.07019001338630915,-0.07019001338630915
809,26.966666666666665,4,0,0,,4,uneven rough,5,0.0,49.98837661743164,34.713497161865234,0.32812124490737915,1.4617125988006592,0.00036641210317611694,1.4617125988006592,0.00036641210317611694,7.376555442810059,4.201778411865234,0.3333333432674408,-0.4555281102657318,0.15432040393352509,0.7308562994003296,0.00018320605158805847,-0.037925925105810165,0.28811725974082947,-0.04404914751648903,0.1612623929977417,0.030731437727808952,-0.01656067557632923,-0.026548147201538086,-0.026548147201538086,0.20339767634868622,-1.4492604732513428,0.958646833896637,0.0,-0.2299458235502243,-0.2299458235502243,0.14405862987041473,0.14405862987041473,0.13204315304756165,0.6773907542228699,1.2101954221725464,0.0,0.012015476822853088,0.012015476822853088,-0.022024573758244514,-0.022024573758244514,0.07911194115877151,-1.9398075342178345,-0.2949288487434387,0.0,-0.10113651491701603,-0.10113651491701603,0.11288367211818695,0.11288367211818695,0.17018252611160278,-1.8939259052276611,-0.7871448993682861,0.0,-0.05729885399341583,-0.05729885399341583,0.015365718863904476,0.015365718863904476,0.040730953216552734,-1.7770055532455444,0.8554074168205261,0.0,-0.025365234352648258,-0.025365234352648258,-0.008280337788164616,-0.008280337788164616,-0.009786506183445454,-0.8916484117507935,-0.9410825371742249,0.0,0.001506168395280838,0.001506168395280838
809,26.966666666666665,14,0,0,,4,uneven rough,5,0.0,49.527584075927734,36.45417785644531,0.3112218976020813,1.305173635482788,0.9529002904891968,1.305173635482788,0.9529002904891968,6.457084655761719,0.0,0.0,-0.03936082124710083,0.29382726550102234,0.652586817741394,0.4764501452445984,0.15502502024173737,0.49957406520843506,0.17902539670467377,0.7478976249694824,0.4825063645839691,0.2900437116622925,0.10851751267910004,0.10851751267910004,0.3418770134449005,-1.6200133562088013,1.3973546028137207,0.0,-0.23335950076580048,-0.23335950076580048,0.24978703260421753,0.24978703260421753,0.22525840997695923,-0.21591028571128845,1.4729095697402954,0.0,0.0245286226272583,0.0245286226272583,0.08951269835233688,0.08951269835233688,0.12064438313245773,1.4236409664154053,-0.6709195375442505,0.0,-0.03113168478012085,-0.03113168478012085,0.5235283374786377,0.5235283374786377,0.20434510707855225,1.9894366264343262,1.1669660806655884,0.0,0.31918323040008545,0.31918323040008545,0.24125318229198456,0.24125318229198456,0.2537069618701935,0.5329442024230957,1.7899045944213867,0.0,-0.012453779578208923,-0.012453779578208923,0.14502185583114624,0.14502185583114624,-0.03049416095018387,-1.062449336051941,1.1213992834091187,0.0,0.1755160167813301,0.1755160167813301
809,26.966666666666665,24,0,0,,4,uneven rough,11,0.0,92.15087127685547,33.4466667175293,0.4426180124282837,1.9702858924865723,0.04875767230987549,1.8354849815368652,0.04875767230987549,9.55642318725586,4.925031661987305,0.3333333432674408,-0.11017048358917236,0.0651625394821167,0.9851429462432861,0.024378836154937744,0.016014741733670235,0.10528917610645294,-0.3150429427623749,-0.18689969182014465,0.3664075434207916,0.27818453311920166,0.01121031865477562,0.01121031865477562,0.05062086507678032,-0.3028002977371216,-0.08963179588317871,0.0,-0.0394105464220047,-0.0394105464220047,0.05264458805322647,0.05264458805322647,0.10119718313217163,0.5480167865753174,0.4277217388153076,0.0,-0.04855259507894516,-0.04855259507894516,-0.15752147138118744,-0.15752147138118744,-0.121278315782547,-2.0296528339385986,-1.338911771774292,0.0,-0.03624315559864044,-0.03624315559864044,-0.13082978129386902,-0.13082978129386902,-0.048912759870290756,-1.6348389387130737,-0.8264663219451904,0.0,-0.08191702142357826,-0.08191702142357826,0.1832037717103958,0.1832037717103958,0.13167117536067963,-1.1114355325698853,-0.7621357440948486,0.0,0.051532596349716187,0.051532596349716187,0.13909226655960083,0.13909226655960083,0.05392313748598099,1.6663283109664917,0.2963155210018158,0.0,0.08516912907361984,0.08516912907361984
810,27.0,4,0,0,,4,uneven rough,5,0.0,49.962371826171875,34.67316818237305,0.3273857533931732,1.4232704639434814,0.921566367149353,1.4232704639434814,0.921566367149353,2.9237160682678223,1.3188718557357788,0.3333333432674408,-0.7871930003166199,0.3224266767501831,0.7116352319717407,0.4607831835746765,0.6077003479003906,0.1841227412223816,0.35214051604270935,0.09407931566238403,-0.14644670486450195,-0.12988319993019104,0.42539024353027344,0.42539024353027344,0.24454820156097412,1.9695156812667847,-0.40278828144073486,0.0,0.18084204196929932,0.18084204196929932,0.0920613706111908,0.0920613706111908,0.09850142896175385,-0.7733181715011597,0.908946692943573,0.0,-0.006440058350563049,-0.006440058350563049,0.17607025802135468,0.17607025802135468,0.10416087508201599,0.7172785401344299,-1.224946141242981,0.0,0.07190938293933868,0.07190938293933868,0.06585551798343658,0.06585551798343658,0.10404408723115921,-1.8426411151885986,-1.4129208326339722,0.0,-0.038188569247722626,-0.038188569247722626,-0.2343147248029709,-0.2343147248029709,-0.004341717343777418,0.1351182907819748,-0.6329635977745056,0.0,-0.22997300745919347,-0.22997300745919347,-0.06494159996509552,-0.06494159996509552,-0.0006092297262512147,0.09009655565023422,-0.9131324291229248,0.0,-0.0643323702388443,-0.0643323702388443
810,27.0,14,0,0,,4,uneven rough,5,0.0,49.50922775268555,36.41537857055664,0.3054334819316864,1.7546989917755127,0.7831880450248718,1.7546989917755127,0.7831880450248718,7.161702632904053,5.143399715423584,0.3333333432674408,0.1415298879146576,0.16820833086967468,0.8773494958877563,0.3915940225124359,0.4272104501724243,0.1380423903465271,0.02142818458378315,0.47866231203079224,0.04975167289376259,0.31839290261268616,0.2990473210811615,0.2990473210811615,0.2804494798183441,-1.1879464387893677,-0.30867063999176025,0.0,0.018597841262817383,0.018597841262817383,0.06902119517326355,0.06902119517326355,0.1571224480867386,-1.6388485431671143,0.5180478096008301,0.0,-0.08810125291347504,-0.08810125291347504,0.010714092291891575,0.010714092291891575,0.11661456525325775,-0.8427547216415405,0.5133486986160278,0.0,-0.10590047296136618,-0.10590047296136618,0.3350636065006256,0.3350636065006256,0.26834219694137573,1.5753707885742188,1.6319924592971802,0.0,0.06672140955924988,0.06672140955924988,0.024875836446881294,0.024875836446881294,0.19583016633987427,-1.5452488660812378,1.0792169570922852,0.0,-0.17095432989299297,-0.17095432989299297,0.15919645130634308,0.15919645130634308,-0.05313458666205406,-0.45912471413612366,-0.11335263401269913,0.0,0.21233103796839714,0.21233103796839714
810,27.0,24,0,0,,4,uneven rough,11,0.0,92.19889068603516,33.445919036865234,0.44856175780296326,1.9059929847717285,-0.05589956417679787,1.865114688873291,-0.05589956417679787,9.79904842376709,1.2824857234954834,0.1666666716337204,-0.12792903184890747,0.21913866698741913,0.9529964923858643,-0.027949782088398933,0.20049305260181427,0.17036311328411102,0.16395840048789978,0.13815321028232574,0.517669141292572,-0.2224739044904709,0.14034514129161835,0.14034514129161835,0.06713862717151642,1.637571096420288,-0.21015764772891998,0.0,0.07320651412010193,0.07320651412010193,0.08518155664205551,0.08518155664205551,0.14591307938098907,0.14529794454574585,0.4957367777824402,0.0,-0.06073152273893356,-0.06073152273893356,0.08197920024394989,0.08197920024394989,-0.07499171048402786,1.9561823606491089,-1.729457974433899,0.0,0.15697091072797775,0.15697091072797775,0.09670724719762802,0.09670724719762802,-0.027417607605457306,1.0587633848190308,-1.2835216522216797,0.0,0.12412485480308533,0.12412485480308533,0.258834570646286,0.258834570646286,0.16121387481689453,0.21960479021072388,-0.9596304893493652,0.0,0.09762069582939148,0.09762069582939148,-0.11123695224523544,-0.11123695224523544,0.04384227842092514,-0.7232019901275635,1.0709232091903687,0.0,-0.15507923066616058,-0.15507923066616058
811,27.03333333333333,4,0,0,,4,uneven rough,5,0.0,49.93061828613281,34.63194274902344,0.3229775130748749,1.7112337350845337,-0.7535316944122314,1.7112337350845337,-0.7535316944122314,4.353360176086426,2.3037033081054688,0.3333333432674408,-1.0703362226486206,0.20536008477210999,0.8556168675422668,-0.3767658472061157,0.48201632499694824,0.10312125831842422,0.2685050666332245,0.15304119884967804,0.2929355204105377,0.1159445196390152,0.33741143345832825,0.33741143345832825,0.3095289170742035,1.8332581520080566,0.9385166168212891,0.0,0.027882516384124756,0.027882516384124756,0.05156062915921211,0.05156062915921211,0.09283862262964249,-0.6164462566375732,-0.04220888763666153,0.0,-0.041277993470430374,-0.041277993470430374,0.13425253331661224,0.13425253331661224,0.11839223653078079,-0.3124118447303772,-0.12680885195732117,0.0,0.01586029678583145,0.01586029678583145,0.10712883621454239,0.10712883621454239,0.08424587547779083,0.5473661422729492,-1.6558854579925537,0.0,0.022882960736751556,0.022882960736751556,0.14646776020526886,0.14646776020526886,0.03598061576485634,0.8765314221382141,-0.19868873059749603,0.0,0.11048714444041252,0.11048714444041252,0.0579722598195076,0.0579722598195076,0.03875024616718292,1.306972622871399,-0.34590497612953186,0.0,0.019222013652324677,0.019222013652324677
811,27.03333333333333,14,0,0,,4,uneven rough,5,0.0,49.49189376831055,36.371498107910156,0.3032812774181366,1.4128422737121582,0.33933818340301514,1.4128422737121582,0.33933818340301514,7.006322383880615,5.865691661834717,0.3333333432674408,0.374586820602417,0.10924769937992096,0.7064211368560791,0.16966909170150757,-0.036552924662828445,0.08986259996891022,0.37097257375717163,0.3668283522129059,-0.10027627646923065,0.4334547817707062,-0.025587046518921852,-0.025587046518921852,0.22045885026454926,-1.5784786939620972,-0.8058147430419922,0.0,-0.2460458967834711,-0.2460458967834711,0.04493129998445511,0.04493129998445511,0.09294552356004715,-1.1140360832214355,-0.7014652490615845,0.0,-0.04801422357559204,-0.04801422357559204,0.18548628687858582,0.18548628687858582,0.16610148549079895,0.4271094501018524,-0.25339460372924805,0.0,0.019384801387786865,0.019384801387786865,0.25677984952926636,0.25677984952926636,0.27385765314102173,-0.7237170934677124,1.5999784469604492,0.0,-0.01707780361175537,-0.01707780361175537,-0.1604420393705368,-0.1604420393705368,0.1463911384344101,-2.0015554428100586,-0.40466073155403137,0.0,-0.3068331778049469,-0.3068331778049469,0.2167273908853531,0.2167273908853531,-0.010319942608475685,1.0239239931106567,-0.30885279178619385,0.0,0.22704733349382877,0.22704733349382877
811,27.03333333333333,24,0,0,,4,uneven rough,11,0.0,92.24177551269531,33.452545166015625,0.45561206340789795,1.9411534070968628,0.650573194026947,1.8535494804382324,0.650573194026947,9.601255416870117,5.567089080810547,0.3333333432674408,-0.265996515750885,0.14874592423439026,0.9705767035484314,0.3252865970134735,-0.2932281494140625,0.2273963987827301,0.013209986500442028,-0.17015261948108673,0.19149594008922577,0.14829374849796295,-0.20525969564914703,-0.20525969564914703,0.05300647020339966,-1.122546911239624,0.8345515131950378,0.0,-0.2582661658525467,-0.2582661658525467,0.11369819939136505,0.11369819939136505,0.11895231157541275,-0.017417574301362038,0.2975980341434479,0.0,-0.005254112184047699,-0.005254112184047699,0.006604993250221014,0.006604993250221014,-0.011035658419132233,1.9266818761825562,0.35440966486930847,0.0,0.017640651669353247,0.017640651669353247,-0.11910682916641235,-0.11910682916641235,-0.03942837938666344,-1.9919779300689697,0.04081050679087639,0.0,-0.07967844977974892,-0.07967844977974892,0.09574797004461288,0.09574797004461288,0.10032348334789276,-1.3926169872283936,-0.2928887605667114,0.0,-0.004575513303279877,-0.004575513303279877,0.07414687424898148,0.07414687424898148,0.07096277177333832,1.1226388216018677,0.056521616876125336,0.0,0.003184102475643158,0.003184102475643158
812,27.066666666666666,4,0,0,,4,uneven rough,5,0.0,49.89913558959961,34.58821487426758,0.32017216086387634,1.113427758216858,-0.030329421162605286,1.113427758216858,-0.030329421162605286,5.733460903167725,1.0780224800109863,0.1666666716337204,-1.0939502716064453,0.15802082419395447,0.556713879108429,-0.015164710581302643,0.14733567833900452,0.23758631944656372,0.36111319065093994,0.620123028755188,0.39170873165130615,0.31086650490760803,0.10313497483730316,0.10313497483730316,0.2674843370914459,-1.9512265920639038,1.4444050788879395,0.0,-0.16434936225414276,-0.16434936225414276,0.11879315972328186,0.11879315972328186,0.13586507737636566,1.156183123588562,-0.3668837249279022,0.0,-0.0170719176530838,-0.0170719176530838,0.18055659532546997,0.18055659532546997,0.15111251175403595,1.184214472770691,-0.23174911737442017,0.0,0.02944408357143402,0.02944408357143402,0.4340861141681671,0.4340861141681671,0.15221992135047913,1.6529247760772705,-0.4101630449295044,0.0,0.281866192817688,0.281866192817688,0.19585436582565308,0.19585436582565308,0.10159284621477127,1.755319595336914,0.4092426598072052,0.0,0.0942615196108818,0.0942615196108818,0.15543325245380402,0.15543325245380402,0.07877105474472046,0.9140515923500061,0.5886349678039551,0.0,0.07666219770908356,0.07666219770908356
812,27.066666666666666,14,0,0,,4,uneven rough,5,0.0,49.47263717651367,36.32393264770508,0.3057376742362976,1.5350829362869263,-0.35429897904396057,1.5350829362869263,-0.35429897904396057,6.206244945526123,3.3764524459838867,0.3580849766731262,0.6442039608955383,0.14841915667057037,0.7675414681434631,-0.17714948952198029,0.34471043944358826,0.0375666581094265,0.5911979675292969,0.17735067009925842,-0.12862347066402435,-0.016924964264035225,0.24129730463027954,0.24129730463027954,0.23301169276237488,0.7915770411491394,-1.242680311203003,0.0,0.008285611867904663,0.008285611867904663,0.01878332905471325,0.01878332905471325,0.037095941603183746,-1.670438528060913,-0.934733510017395,0.0,-0.018312612548470497,-0.018312612548470497,0.29559898376464844,0.29559898376464844,0.20690876245498657,0.6894575357437134,0.13136360049247742,0.0,0.08869022130966187,0.08869022130966187,0.12414547055959702,0.12414547055959702,0.20632030069828033,-1.968711495399475,0.2861568331718445,0.0,-0.08217483013868332,-0.08217483013868332,-0.20579755306243896,-0.20579755306243896,0.0784807875752449,-1.615729570388794,-1.3075478076934814,0.0,-0.28427834063768387,-0.28427834063768387,-0.008462482132017612,-0.008462482132017612,0.023688795045018196,0.8973667025566101,0.44470158219337463,0.0,-0.03215127717703581,-0.03215127717703581
812,27.066666666666666,24,0,0,,4,uneven rough,11,0.0,92.2863998413086,33.457889556884766,0.45604240894317627,1.9025754928588867,-0.1850365549325943,1.8722281455993652,-0.1850365549325943,9.865824699401855,0.0,0.0,-0.09740404784679413,0.21303969621658325,0.9512877464294434,-0.09251827746629715,0.623719334602356,-0.07413572818040848,-0.32814058661460876,0.09856043756008148,0.2251136302947998,-0.52573162317276,0.43660351634025574,0.43660351634025574,0.0491698756814003,-0.13762463629245758,-0.2719954550266266,0.0,0.38743364065885544,0.38743364065885544,-0.11861716955900192,-0.11861716955900192,0.09926579147577286,1.9579682350158691,0.11948764324188232,0.0,-0.21788296103477478,-0.21788296103477478,-0.16407029330730438,-0.16407029330730438,-0.06168476119637489,-2.007500171661377,1.2433751821517944,0.0,-0.10238553211092949,-0.10238553211092949,0.06899230182170868,0.06899230182170868,-0.03177877515554428,1.5946649312973022,-1.1085317134857178,0.0,0.10077107697725296,0.10077107697725296,0.1125568151473999,0.1125568151473999,0.05697572976350784,0.6730619668960571,-0.914677083492279,0.0,0.05558108538389206,0.05558108538389206,-0.26286581158638,-0.26286581158638,0.024334879592061043,-1.6003878116607666,0.6593061685562134,0.0,-0.28720069117844105,-0.28720069117844105
813,27.099999999999998,4,0,0,,4,uneven rough,5,0.0,49.8667106628418,34.54891586303711,0.31651145219802856,1.4843034744262695,0.4750230014324188,1.4843034744262695,0.4750230014324188,6.934107780456543,3.867356061935425,0.4747195243835449,-1.082080602645874,0.13236719369888306,0.7421517372131348,0.2375115007162094,0.7479817867279053,0.13510511815547943,-0.4170808494091034,0.3600117266178131,0.08085820823907852,0.233777716755867,0.5235872268676758,0.5235872268676758,0.2844774127006531,1.3257421255111694,-0.47549116611480713,0.0,0.2391098141670227,0.2391098141670227,0.06755255907773972,0.06755255907773972,0.07272298634052277,-1.2647409439086914,0.4942609965801239,0.0,-0.0051704272627830505,-0.0051704272627830505,-0.2085404247045517,-0.2085404247045517,0.09999840706586838,0.0008042978006415069,0.5688392519950867,0.0,-0.3085388317704201,-0.3085388317704201,0.25200819969177246,0.25200819969177246,0.20184607803821564,1.9997777938842773,0.7563105225563049,0.0,0.050162121653556824,0.050162121653556824,0.04042910411953926,0.04042910411953926,0.04216834530234337,-0.8224426507949829,1.1703169345855713,0.0,-0.0017392411828041077,-0.0017392411828041077,0.1168888583779335,0.1168888583779335,0.08807186782360077,0.45054274797439575,0.7726261019706726,0.0,0.028816990554332733,0.028816990554332733
813,27.099999999999998,14,0,0,,4,uneven rough,5,0.0,49.454368591308594,36.27130126953125,0.30418699979782104,1.1468491554260254,-0.6710814833641052,1.1468491554260254,-0.6710814833641052,3.222107410430908,2.6677463054656982,0.3333333432674408,0.7892665266990662,0.09001493453979492,0.5734245777130127,-0.3355407416820526,0.3124869763851166,0.19621525704860687,0.5186089873313904,0.02690732479095459,0.34769436717033386,-0.09873104840517044,0.21874088048934937,0.21874088048934937,0.2310647815465927,-0.8632223606109619,-0.09250757843255997,0.0,-0.012323901057243347,-0.012323901057243347,0.09810762852430344,0.09810762852430344,0.10108672827482224,1.5225961208343506,-1.3507024049758911,0.0,-0.002979099750518799,-0.002979099750518799,0.2593044936656952,0.2593044936656952,0.22129467129707336,-0.35989704728126526,0.44691091775894165,0.0,0.038009822368621826,0.038009822368621826,0.018835127353668213,0.018835127353668213,0.14435827732086182,-1.8409128189086914,-0.9887497425079346,0.0,-0.1255231499671936,-0.1255231499671936,0.17384718358516693,0.17384718358516693,0.14460228383541107,2.0155391693115234,-1.4817943572998047,0.0,0.02924489974975586,0.02924489974975586,-0.04936552420258522,-0.04936552420258522,0.00581408990547061,-1.0829037427902222,0.7006392478942871,0.0,-0.05517961410805583,-0.05517961410805583
813,27.099999999999998,24,0,0,,4,uneven rough,11,0.0,92.3353500366211,33.45504379272461,0.46215641498565674,1.913087010383606,-0.12422732263803482,1.8693093061447144,-0.12422732263803482,9.71872329711914,3.300260543823242,0.3333333432674408,-0.11645504087209702,0.09971865266561508,0.956543505191803,-0.06211366131901741,0.09359914064407349,0.3297273516654968,-0.28746676445007324,0.3641642928123474,0.004949491936713457,0.37091973423957825,0.06551939994096756,0.06551939994096756,0.056038375943899155,0.6386975049972534,-0.19602195918560028,0.0,0.009481023997068405,0.009481023997068405,0.1648636758327484,0.1648636758327484,0.15366525948047638,0.6252714991569519,1.1589678525924683,0.0,0.011198416352272034,0.011198416352272034,-0.14373338222503662,-0.14373338222503662,-0.10749075561761856,1.0052080154418945,-0.594675600528717,0.0,-0.03624262660741806,-0.03624262660741806,0.2549149990081787,0.2549149990081787,0.02880101650953293,1.6991785764694214,0.41986051201820374,0.0,0.22611398249864578,0.22611398249864578,0.0024747459683567286,0.0024747459683567286,0.022237367928028107,-0.6763222217559814,-0.01696658320724964,0.0,-0.019762621959671378,-0.019762621959671378,0.18545986711978912,0.18545986711978912,0.0649644285440445,0.20996695756912231,-0.618328869342804,0.0,0.12049543857574463,0.12049543857574463
814,27.133333333333333,4,0,0,,4,uneven rough,5,0.0,49.836151123046875,34.50371551513672,0.3115358054637909,1.183792233467102,-0.3945448398590088,1.183792233467102,-0.3945448398590088,3.740307331085205,0.6582915782928467,0.1666666716337204,-0.8899428248405457,0.2324015349149704,0.591896116733551,-0.1972724199295044,-0.1752292662858963,0.22868216037750244,0.27409040927886963,0.41030967235565186,-0.13948678970336914,0.06300140917301178,-0.12266048789024353,-0.12266048789024353,0.24546056985855103,-1.9550331830978394,0.5429293513298035,0.0,-0.36812105774879456,-0.36812105774879456,0.11434108018875122,0.11434108018875122,0.08797022700309753,1.395484209060669,-0.5002818703651428,0.0,0.026370853185653687,0.026370853185653687,0.13704520463943481,0.13704520463943481,0.09851417690515518,-0.8538981676101685,0.24767127633094788,0.0,0.03853102773427963,0.03853102773427963,0.28721675276756287,0.28721675276756287,0.2688814401626587,1.6892961263656616,1.45936918258667,0.0,0.018335312604904175,0.018335312604904175,-0.22317886352539062,-0.22317886352539062,0.017392108216881752,0.4269649386405945,0.043607089668512344,0.0,-0.24057097174227238,-0.24057097174227238,0.03150070458650589,0.03150070458650589,0.05633959919214249,-0.2307419329881668,0.5905196070671082,0.0,-0.024838894605636597,-0.024838894605636597
814,27.133333333333333,14,0,0,,4,uneven rough,5,0.0,49.43695831298828,36.22427749633789,0.28857511281967163,1.0956737995147705,-0.07576966285705566,1.0956737995147705,-0.07576966285705566,3.6977791786193848,1.9288222789764404,0.3333333432674408,0.8340632319450378,0.25332385301589966,0.5478368997573853,-0.03788483142852783,0.9135010242462158,-0.037585239857435226,-0.2210102528333664,0.16815194487571716,0.35855579376220703,-0.3439943790435791,0.63945072889328,0.63945072889328,0.27339470386505127,1.0257831811904907,-0.5282710790634155,0.0,0.36605602502822876,0.36605602502822876,-0.06013638526201248,-0.06013638526201248,0.0442773811519146,-1.9926156997680664,0.2738657593727112,0.0,-0.10441376641392708,-0.10441376641392708,-0.1105051264166832,-0.1105051264166832,0.15447261929512024,-1.9856665134429932,-0.009259753860533237,0.0,-0.26497774571180344,-0.26497774571180344,0.11770635843276978,0.11770635843276978,0.0898018553853035,-0.3727998733520508,-1.4705642461776733,0.0,0.027904503047466278,0.027904503047466278,0.17927789688110352,0.17927789688110352,0.16394883394241333,1.6586099863052368,0.4956043064594269,0.0,0.015329062938690186,0.015329062938690186,-0.17199718952178955,-0.17199718952178955,-0.05286286026239395,-1.4147166013717651,-0.3077791631221771,0.0,-0.1191343292593956,-0.1191343292593956
814,27.133333333333333,24,0,0,,4,uneven rough,11,0.0,92.38158416748047,33.46114730834961,0.45806264877319336,1.943545937538147,-0.4044124484062195,1.8950748443603516,-0.4044124484062195,9.696939468383789,6.6666669845581055,0.3333333432674408,0.02010798454284668,0.15663811564445496,0.9717729687690735,-0.20220622420310974,-0.6101264953613281,-0.042253151535987854,0.5720292329788208,-0.23824644088745117,0.5277412533760071,0.2650158703327179,-0.42708852887153625,-0.42708852887153625,0.04108753800392151,-0.9352419972419739,0.27592992782592773,0.0,-0.46817606687545776,-0.46817606687545776,-0.06760504096746445,-0.06760504096746445,0.09295028448104858,-1.7398768663406372,0.8572149872779846,0.0,-0.16055532544851303,-0.16055532544851303,0.2860146164894104,0.2860146164894104,-0.046920545399188995,1.8328191041946411,0.3099014461040497,0.0,0.3329351618885994,0.3329351618885994,-0.1667724996805191,-0.1667724996805191,0.009895268827676773,-1.9935557842254639,1.1431891918182373,0.0,-0.17666776850819588,-0.17666776850819588,0.26387062668800354,0.26387062668800354,0.02630893513560295,0.8997237086296082,-0.38976743817329407,0.0,0.2375616915524006,0.2375616915524006,0.13250793516635895,0.13250793516635895,0.09618348628282547,0.8881438970565796,-0.1500089317560196,0.0,0.03632444888353348,0.03632444888353348
815,27.166666666666668,4,0,0,,4,uneven rough,5,0.0,49.812255859375,34.45203399658203,0.2916103005409241,0.7643568515777588,0.6702305674552917,0.7643568515777588,0.6702305674552917,5.488900661468506,3.547163486480713,0.3333333432674408,-0.5317374467849731,0.020759135484695435,0.3821784257888794,0.3351152837276459,0.30699393153190613,-0.04059847816824913,-0.2773529291152954,0.2353672981262207,0.3664519488811493,-0.19166304171085358,0.21489575505256653,0.21489575505256653,0.23327316343784332,-0.15334674715995789,-0.8694231510162354,0.0,-0.018377408385276794,-0.018377408385276794,-0.06495756655931473,-0.06495756655931473,0.03962506353855133,-2.000180244445801,0.5715876817703247,0.0,-0.10458263009786606,-0.10458263009786606,-0.1386764645576477,-0.1386764645576477,0.036988452076911926,1.0026549100875854,-0.37515807151794434,0.0,-0.17566491663455963,-0.17566491663455963,0.16475710272789001,0.16475710272789001,0.23282775282859802,-1.657544493675232,1.5893703699111938,0.0,-0.06807065010070801,-0.06807065010070801,0.18322597444057465,0.18322597444057465,0.06090683117508888,2.0359959602355957,0.2603583037853241,0.0,0.12231914326548576,0.12231914326548576,-0.09583152085542679,-0.09583152085542679,0.002604837529361248,1.4960829019546509,0.1261768639087677,0.0,-0.09843635838478804,-0.09843635838478804
815,27.166666666666668,14,0,0,,4,uneven rough,5,0.0,49.405208587646484,36.186500549316406,0.2868683934211731,0.8791630268096924,-0.46190252900123596,0.8791630268096924,-0.46190252900123596,1.855194091796875,2.218249559402466,0.3333333432674408,0.8830239772796631,0.21114405989646912,0.4395815134048462,-0.23095126450061798,0.7700450420379639,0.08152681589126587,0.574092447757721,0.4848068654537201,0.17139868438243866,0.06175234913825989,0.5390315055847168,0.5390315055847168,0.33006858825683594,1.9994808435440063,0.35039398074150085,0.0,0.20896291732788086,0.20896291732788086,0.040763407945632935,0.040763407945632935,0.016297653317451477,-0.12347283959388733,-1.0076069831848145,0.0,0.024465754628181458,0.024465754628181458,0.2870462238788605,0.2870462238788605,0.20383614301681519,1.7510143518447876,-1.1267236471176147,0.0,0.08321008086204529,0.08321008086204529,0.33936479687690735,0.33936479687690735,0.08664114028215408,0.010771350935101509,-0.8498862981796265,0.0,0.25272365659475327,0.25272365659475327,0.08569934219121933,0.08569934219121933,0.14115913212299347,-1.4059875011444092,1.1531697511672974,0.0,-0.05545978993177414,-0.05545978993177414,0.030876174569129944,0.030876174569129944,0.01514527853578329,1.3622831106185913,-0.9336435794830322,0.0,0.015730896033346653,0.015730896033346653
815,27.166666666666668,24,0,0,,4,uneven rough,11,0.0,92.4322509765625,33.46385955810547,0.45002374053001404,1.8982943296432495,0.409979909658432,1.883959174156189,0.409979909658432,9.891841888427734,5.304831504821777,0.3333333432674408,0.1858285516500473,0.20764020085334778,0.9491471648216248,0.204989954829216,0.6698253750801086,-0.1934552937746048,0.16503135859966278,0.19838866591453552,0.5551692247390747,-0.30314645171165466,0.46887776255607605,0.46887776255607605,0.06395108252763748,1.24293851852417,-0.40886884927749634,0.0,0.40492668002843857,0.40492668002843857,-0.3095284700393677,-0.3095284700393677,0.0477713905274868,-1.483607530593872,-0.6111853718757629,0.0,-0.3572998605668545,-0.3572998605668545,0.08251567929983139,0.08251567929983139,0.014509285800158978,1.8570830821990967,1.170961856842041,0.0,0.06800639349967241,0.06800639349967241,0.13887205719947815,0.13887205719947815,-0.001984639558941126,1.2506804466247559,-0.6303320527076721,0.0,0.14085669675841928,0.14085669675841928,0.27758461236953735,0.27758461236953735,0.07348034530878067,1.9913495779037476,0.33931317925453186,0.0,0.20410426706075668,0.20410426706075668,-0.15157322585582733,-0.15157322585582733,0.04534904658794403,-1.8109664916992188,0.4369645416736603,0.0,-0.19692227244377136,-0.19692227244377136
816,27.2,4,0,0,,4,uneven rough,5,0.0,49.78020095825195,34.40340805053711,0.28682583570480347,1.4046380519866943,0.04863162338733673,1.4046380519866943,0.04863162338733673,5.558196067810059,1.169088363647461,0.3333333432674408,-0.07699191570281982,0.10546807944774628,0.7023190259933472,0.024315811693668365,0.8502192497253418,-0.04065191373229027,-0.01386418379843235,0.17154622077941895,-0.03811080381274223,-0.14314106106758118,0.5951534509658813,0.5951534509658813,0.2966276705265045,1.9632389545440674,-0.46455228328704834,0.0,0.29852578043937683,0.29852578043937683,-0.06504306197166443,-0.06504306197166443,-0.02854078635573387,-1.9828521013259888,-0.8824945092201233,0.0,-0.03650227561593056,-0.03650227561593056,-0.006932091899216175,-0.006932091899216175,0.026933716610074043,-1.0538538694381714,0.40385985374450684,0.0,-0.03386580850929022,-0.03386580850929022,0.12008235603570938,0.12008235603570938,0.16622357070446014,-1.7480608224868774,-0.24644114077091217,0.0,-0.04614121466875076,-0.04614121466875076,-0.06097728759050369,-0.06097728759050369,0.010180221870541573,-1.5490504503250122,1.2643070220947266,0.0,-0.07115750946104527,-0.07115750946104527,-0.07157053053379059,-0.07157053053379059,-0.021758390590548515,-0.6842458248138428,0.9007241725921631,0.0,-0.04981213994324207,-0.04981213994324207
816,27.2,14,0,0,,4,uneven rough,5,0.0,49.379520416259766,36.14892578125,0.2873556613922119,0.9398008584976196,-0.22406668961048126,0.9398008584976196,-0.22406668961048126,1.0805867910385132,6.719052791595459,0.5,0.4381200075149536,0.28902000188827515,0.4699004292488098,-0.11203334480524063,0.07221949845552444,0.5147302150726318,0.3793843388557434,0.4803798794746399,0.6097901463508606,-0.05929582566022873,0.05055364966392517,0.05055364966392517,0.2827318608760834,-1.9992064237594604,1.2827906608581543,0.0,-0.2321782112121582,-0.2321782112121582,0.2573651075363159,0.2573651075363159,0.082864910364151,1.996124029159546,-0.5077159404754639,0.0,0.17450019717216492,0.17450019717216492,0.1896921694278717,0.1896921694278717,0.20700448751449585,-0.06682151556015015,0.5003545880317688,0.0,-0.017312318086624146,-0.017312318086624146,0.3362659215927124,0.3362659215927124,0.15107062458992004,1.638637900352478,-0.3632689416408539,0.0,0.18519529700279236,0.18519529700279236,0.3048950731754303,0.3048950731754303,0.19770504534244537,1.6518971920013428,-0.2937823534011841,0.0,0.10719002783298492,0.10719002783298492,-0.029647912830114365,-0.029647912830114365,-0.0115122701972723,-0.6741943955421448,0.3644775152206421,0.0,-0.018135642632842064,-0.018135642632842064
816,27.2,24,0,0,,4,uneven rough,11,0.0,92.485107421875,33.46564483642578,0.4429885447025299,1.8804072141647339,0.6862322092056274,1.8804072141647339,0.6862322092056274,9.665688514709473,0.4162428379058838,0.08185940980911255,0.07862681150436401,0.20226089656352997,0.9402036070823669,0.3431161046028137,-0.23910322785377502,0.07927962392568588,-0.22084860503673553,0.10574393719434738,0.2580336332321167,0.3660721778869629,-0.16737225651741028,-0.16737225651741028,0.011162258684635162,-1.568160891532898,0.5250660181045532,0.0,-0.17853451520204544,-0.17853451520204544,0.03963981196284294,0.03963981196284294,0.04132813215255737,0.2987746298313141,-1.1044543981552124,0.0,-0.0016883201897144318,-0.0016883201897144318,-0.11042430251836777,-0.11042430251836777,-0.029869621619582176,-2.0000486373901367,1.5588959455490112,0.0,-0.08055468089878559,-0.08055468089878559,0.07402075827121735,0.07402075827121735,0.06373479962348938,1.3110082149505615,0.4331957697868347,0.0,0.010285958647727966,0.010285958647727966,0.12901681661605835,0.12901681661605835,0.12444574385881424,0.48110339045524597,1.273377537727356,0.0,0.00457107275724411,0.00457107275724411,0.18303608894348145,0.18303608894348145,0.08352748304605484,1.61324143409729,-0.8340197205543518,0.0,0.0995086058974266,0.0995086058974266
817,27.233333333333334,4,0,0,,4,uneven rough,5,0.0,49.7447624206543,34.3529052734375,0.2906213700771332,1.6348955631256104,-1.4014021158218384,1.6348955631256104,-1.4014021158218384,2.3668127059936523,5.024180889129639,0.6666666865348816,0.4206094443798065,0.07173484563827515,0.8174477815628052,-0.7007010579109192,0.2757048010826111,0.21598368883132935,0.5947892665863037,0.31310153007507324,-0.16160635650157928,-0.0020413557067513466,0.19299335777759552,0.19299335777759552,0.2429271936416626,-1.996221899986267,0.9081252217292786,0.0,-0.04993383586406708,-0.04993383586406708,0.10799184441566467,0.10799184441566467,0.016531985253095627,1.9950834512710571,-1.504638671875,0.0,0.09145985916256905,0.09145985916256905,0.29739463329315186,0.29739463329315186,0.07769746333360672,0.7189192771911621,-0.4203341007232666,0.0,0.21969716995954514,0.21969716995954514,0.21917106211185455,0.21917106211185455,0.21672779321670532,1.5799752473831177,-1.0954595804214478,0.0,0.002443268895149231,0.002443268895149231,-0.2585701644420624,-0.2585701644420624,0.018695810809731483,0.02259238064289093,-0.32637035846710205,0.0,-0.27726597525179386,-0.27726597525179386,-0.0010206778533756733,-0.0010206778533756733,0.010408931411802769,1.0762851238250732,0.004579301457852125,0.0,-0.011429609265178442,-0.011429609265178442
817,27.233333333333334,14,0,0,,4,uneven rough,5,0.0,49.356197357177734,36.11625671386719,0.29190054535865784,0.7273039817810059,0.8739038705825806,0.7273039817810059,0.8739038705825806,3.6538290977478027,1.964874267578125,0.1666666716337204,0.3748428225517273,0.25116145610809326,0.36365199089050293,0.4369519352912903,0.8086028695106506,-0.026725133880972862,-0.1194610521197319,0.540260910987854,0.2749464511871338,0.05618593841791153,0.5660219788551331,0.5660219788551331,0.26986372470855713,0.1119813546538353,-0.5728563666343689,0.0,0.2961582541465759,0.2961582541465759,-0.0427602156996727,-0.0427602156996727,0.04492531344294548,-0.9537135362625122,0.9079596996307373,0.0,-0.08768552914261818,-0.08768552914261818,-0.05973052605986595,-0.05973052605986595,0.14367401599884033,-1.9832208156585693,0.1796722114086151,0.0,-0.20340454205870628,-0.20340454205870628,0.37818261981010437,0.37818261981010437,0.20777620375156403,1.9944771528244019,0.768612802028656,0.0,0.17040641605854034,0.17040641605854034,0.1374732255935669,0.1374732255935669,0.11575647443532944,-1.982224941253662,0.8063083291053772,0.0,0.021716751158237457,0.021716751158237457,0.028092969208955765,0.028092969208955765,-0.00021496137196663767,0.15722805261611938,-0.2227894365787506,0.0,0.028307930580922402,0.028307930580922402
817,27.233333333333334,24,0,0,,4,uneven rough,11,0.0,92.53955841064453,33.480072021484375,0.43793219327926636,1.9082365036010742,0.004356973338872194,1.8866863250732422,0.004356973338872194,9.8485107421875,1.2892335653305054,0.1666666716337204,0.053329747170209885,0.1333760917186737,0.9541182518005371,0.002178486669436097,-0.13271772861480713,0.2919358015060425,0.10102279484272003,-0.32057398557662964,0.5110958218574524,0.14980286359786987,-0.09290240705013275,-0.09290240705013275,-0.04399466514587402,-1.9995126724243164,-0.6584482192993164,0.0,-0.04890774190425873,-0.04890774190425873,0.14596790075302124,0.14596790075302124,0.1094692200422287,2.000001907348633,-0.311066210269928,0.0,0.03649868071079254,0.03649868071079254,0.050511397421360016,0.050511397421360016,0.007471355143934488,2.0000014305114746,-0.453337699174881,0.0,0.04304004227742553,0.04304004227742553,-0.2244017869234085,-0.2244017869234085,0.024293987080454826,-1.8122467994689941,0.9295125007629395,0.0,-0.24869577400386333,-0.24869577400386333,0.2555479109287262,0.2555479109287262,0.18617448210716248,1.9805668592453003,0.825424313545227,0.0,0.06937342882156372,0.06937342882156372,0.07490143179893494,0.07490143179893494,0.09029161185026169,-0.9912607073783875,0.5496661067008972,0.0,-0.015390180051326752,-0.015390180051326752
818,27.266666666666666,4,0,0,,4,uneven rough,5,0.0,49.7089729309082,34.298622131347656,0.2852003574371338,0.6396607160568237,-0.010109912604093552,0.6396607160568237,-0.010109912604093552,3.7708044052124023,2.3538427352905273,0.3333333432674408,0.6758105158805847,0.1080968827009201,0.31983035802841187,-0.005054956302046776,0.445035845041275,0.19702474772930145,0.02478858269751072,0.3077181279659271,0.44097384810447693,0.003839082783088088,0.3115250766277313,0.3115250766277313,0.28516265749931335,1.9221669435501099,-0.7339978218078613,0.0,0.02636241912841797,0.02636241912841797,0.09851237386465073,0.09851237386465073,0.08056226372718811,1.3597325086593628,0.47411051392555237,0.0,0.017950110137462616,0.017950110137462616,0.01239429134875536,0.01239429134875536,0.038967251777648926,-0.309810608625412,0.22380179166793823,0.0,-0.026572960428893566,-0.026572960428893566,0.21540269255638123,0.21540269255638123,0.20088709890842438,-0.1969188004732132,0.4172360599040985,0.0,0.014515593647956848,0.014515593647956848,0.22048692405223846,0.22048692405223846,0.07687968015670776,1.9718220233917236,-0.12906619906425476,0.0,0.1436072438955307,0.1436072438955307,0.001919541391544044,0.001919541391544044,-0.014920615591108799,-1.7906243801116943,0.6105237007141113,0.0,0.016840156982652843,0.016840156982652843
818,27.266666666666666,14,0,0,,4,uneven rough,5,0.0,49.337608337402344,36.080692291259766,0.3037544786930084,1.5800344944000244,-0.3210790455341339,1.5800344944000244,-0.3210790455341339,8.660598754882812,7.57829475402832,0.5,0.37181931734085083,0.12224879860877991,0.7900172472000122,-0.16053952276706696,-0.20266057550907135,0.2908311188220978,0.6626051664352417,0.4609275460243225,-0.3629554808139801,0.013096727430820465,-0.1418624073266983,-0.1418624073266983,0.21322110295295715,-1.9969269037246704,-0.1856478899717331,0.0,-0.35508351027965546,-0.35508351027965546,0.1454155594110489,0.1454155594110489,0.11104844510555267,1.9984104633331299,-0.1446336954832077,0.0,0.034367114305496216,0.034367114305496216,0.33130258321762085,0.33130258321762085,0.19288606941699982,1.999999761581421,-1.0432313680648804,0.0,0.13841651380062103,0.13841651380062103,0.3226492702960968,0.3226492702960968,0.2772963345050812,1.9982510805130005,1.4617186784744263,0.0,0.045352935791015625,0.045352935791015625,-0.5807287693023682,-0.5807287693023682,0.0775604248046875,-2.000000238418579,-0.7703334093093872,0.0,-0.6582891941070557,-0.6582891941070557,0.0065483637154102325,0.0065483637154102325,0.0018698035273700953,-0.06568030267953873,-0.007926871068775654,0.0,0.004678560188040137,0.004678560188040137
818,27.266666666666666,24,0,0,,4,uneven rough,11,0.0,92.593505859375,33.48714065551758,0.42756909132003784,1.9188684225082397,0.6109184622764587,1.897499442100525,0.6109184622764587,9.700572967529297,0.0,0.0,0.06392528861761093,0.25978270173072815,0.9594342112541199,0.30545923113822937,0.710180938243866,0.005175343248993158,-0.467281699180603,-0.10956819355487823,0.5086225271224976,-0.5843753814697266,0.49712663888931274,0.49712663888931274,-0.010881484486162663,1.5897281169891357,-1.4166884422302246,0.0,0.5080081233754754,0.5080081233754754,0.002587671624496579,0.002587671624496579,0.0907130315899849,-0.321943074464798,0.9956158399581909,0.0,-0.08812535996548831,-0.08812535996548831,-0.2336408495903015,-0.2336408495903015,-0.03426352143287659,-2.075169086456299,0.9337846636772156,0.0,-0.19937732815742493,-0.19937732815742493,-0.07669773697853088,-0.07669773697853088,-0.04552994295954704,-1.6259791851043701,-0.6206831336021423,0.0,-0.03116779401898384,-0.03116779401898384,0.2543112635612488,0.2543112635612488,0.18370072543621063,0.3728143870830536,1.478543996810913,0.0,0.07061053812503815,0.07061053812503815,-0.2921876907348633,-0.2921876907348633,0.039201732724905014,-2.0323283672332764,-0.32157668471336365,0.0,-0.3313894234597683,-0.3313894234597683
819,27.3,4,0,0,,4,uneven rough,5,0.0,49.67567443847656,34.24785232543945,0.2720816433429718,1.0100880861282349,-0.4565311670303345,1.0100880861282349,-0.4565311670303345,2.0876879692077637,4.390327453613281,0.3333333432674408,0.7525572776794434,0.10051580518484116,0.5050440430641174,-0.22826558351516724,0.5297695994377136,-0.34767380356788635,0.3742285370826721,0.22976665198802948,0.22281663119792938,-0.5123557448387146,0.3708387017250061,0.3708387017250061,0.35011693835258484,1.7970257997512817,0.7678024768829346,0.0,0.020721763372421265,0.020721763372421265,-0.5562781095504761,-0.5562781095504761,0.047166500240564346,-2.0008273124694824,0.9748427867889404,0.0,-0.6034446097910404,-0.6034446097910404,0.18711426854133606,0.18711426854133606,0.0685005784034729,0.8778181672096252,-0.077903613448143,0.0,0.11861369013786316,0.11861369013786316,0.16083665192127228,0.16083665192127228,0.1594378650188446,-1.1870054006576538,0.06999179720878601,0.0,0.0013987869024276733,0.0013987869024276733,0.11140831559896469,0.11140831559896469,0.11939245462417603,1.2841174602508545,1.0587797164916992,0.0,-0.007984139025211334,-0.007984139025211334,-0.2561778724193573,-0.2561778724193573,-0.0486837662756443,-0.5387105345726013,-0.7470897436141968,0.0,-0.207494106143713,-0.207494106143713
819,27.3,14,0,0,,4,uneven rough,5,0.0,49.322540283203125,36.04631423950195,0.30543696880340576,0.6069440841674805,0.24616578221321106,0.6069440841674805,0.24616578221321106,3.1584858894348145,0.0,0.0,0.1287832260131836,0.06927847117185593,0.30347204208374023,0.12308289110660553,-0.0661485493183136,0.08883576095104218,0.5815424919128418,0.46608829498291016,-0.06937708705663681,-0.07847479730844498,-0.04630398377776146,-0.04630398377776146,0.14783084392547607,-1.8278894424438477,-1.2097482681274414,0.0,-0.19413482770323753,-0.19413482770323753,0.04441788047552109,0.04441788047552109,0.08485373109579086,-1.703495979309082,1.067047357559204,0.0,-0.040435850620269775,-0.040435850620269775,0.2907712459564209,0.2907712459564209,0.21943965554237366,0.30038490891456604,0.677416980266571,0.0,0.07133159041404724,0.07133159041404724,0.3262617886066437,0.3262617886066437,0.3321211338043213,0.822437047958374,1.7650750875473022,0.0,-0.005859345197677612,-0.005859345197677612,-0.1110033392906189,-0.1110033392906189,-0.0018554894486442208,-1.8702998161315918,-1.4655892848968506,0.0,-0.10914784984197468,-0.10914784984197468,-0.03923739865422249,-0.03923739865422249,-0.029180962592363358,0.03713487088680267,-0.040580764412879944,0.0,-0.01005643606185913,-0.01005643606185913
819,27.3,24,0,0,,4,uneven rough,11,0.0,92.6525650024414,33.48128128051758,0.4238945245742798,1.9359482526779175,0.0065584322437644005,1.8640146255493164,0.0065584322437644005,9.659490585327148,2.9356536865234375,0.3333333432674408,-0.04599152132868767,0.31753528118133545,0.9679741263389587,0.0032792161218822002,0.3168047368526459,0.25600388646125793,0.04349339380860329,0.1543726921081543,0.24156135320663452,0.0010849679820239544,0.22176331281661987,0.22176331281661987,0.05249244347214699,1.9681628942489624,0.28314489126205444,0.0,0.16927086934447289,0.16927086934447289,0.12800194323062897,0.12800194323062897,0.11601956933736801,1.1780754327774048,0.25066566467285156,0.0,0.011982373893260956,0.011982373893260956,0.021746696904301643,0.021746696904301643,0.012462399899959564,1.977977991104126,-0.7674831748008728,0.0,0.00928429700434208,0.00928429700434208,0.10806088149547577,0.10806088149547577,-0.021547898650169373,1.9491989612579346,-1.1890792846679688,0.0,0.12960878014564514,0.12960878014564514,0.12078067660331726,0.12078067660331726,0.1432371735572815,-1.8983138799667358,0.853362500667572,0.0,-0.022456496953964233,-0.022456496953964233,0.0005424839910119772,0.0005424839910119772,-0.012680042535066605,-0.5855092406272888,-1.2888387441635132,0.0,0.013222526526078582,0.013222526526078582
820,27.333333333333332,4,0,0,,4,uneven rough,5,0.0,49.64781188964844,34.19877243041992,0.266521692276001,0.8773589134216309,-0.6556681990623474,0.8773589134216309,-0.6556681990623474,1.2757707834243774,4.630777359008789,0.3333333432674408,1.0418251752853394,0.122093066573143,0.43867945671081543,-0.3278340995311737,0.5160741209983826,-0.09876786917448044,0.603691816329956,0.2014276385307312,0.4416630268096924,-0.38003888726234436,0.3612518906593323,0.3612518906593323,0.37757623195648193,-0.45529595017433167,1.3497271537780762,0.0,-0.016324341297149658,-0.016324341297149658,-0.15802858769893646,-0.15802858769893646,0.007288477849215269,0.19365103542804718,-0.7076064348220825,0.0,-0.16531706554815173,-0.16531706554815173,0.301845908164978,0.301845908164978,0.1410290002822876,2.0008480548858643,0.4624632000923157,0.0,0.16081690788269043,0.16081690788269043,0.14099934697151184,0.14099934697151184,0.12588907778263092,0.29066476225852966,-0.6407166719436646,0.0,0.01511026918888092,0.01511026918888092,0.2208315134048462,0.2208315134048462,0.1598060429096222,1.66862154006958,1.1861860752105713,0.0,0.061025470495224,0.061025470495224,-0.19001944363117218,-0.19001944363117218,-0.06059707701206207,-1.3637840747833252,-0.6292718052864075,0.0,-0.1294223666191101,-0.1294223666191101
820,27.333333333333332,14,0,0,,4,uneven rough,5,0.0,49.30485153198242,36.00678253173828,0.3140862286090851,0.6128061413764954,-0.3111957013607025,0.6128061413764954,-0.3111957013607025,5.005908489227295,4.458667755126953,0.5,-0.008119742386043072,0.1053558737039566,0.3064030706882477,-0.15559785068035126,0.28167375922203064,0.3829704523086548,0.5219009518623352,0.22361405193805695,-0.20440460741519928,-0.0584154948592186,0.1971716284751892,0.1971716284751892,0.187673881649971,0.8174094557762146,-1.5592464208602905,0.0,0.0094977468252182,0.0094977468252182,0.1914852261543274,0.1914852261543274,0.14819687604904175,2.0473275184631348,-0.4994228184223175,0.0,0.043288350105285645,0.043288350105285645,0.2609504759311676,0.2609504759311676,0.23804505169391632,-0.23086635768413544,0.4642423689365387,0.0,0.022905424237251282,0.022905424237251282,0.15652982890605927,0.15652982890605927,0.26760154962539673,-1.6938849687576294,1.2321058511734009,0.0,-0.11107172071933746,-0.11107172071933746,-0.3270473778247833,-0.3270473778247833,-0.03701086714863777,-1.0871572494506836,-1.694413423538208,0.0,-0.29003651067614555,-0.29003651067614555,-0.0292077474296093,-0.0292077474296093,-0.01699724607169628,1.0611324310302734,0.0033597955480217934,0.0,-0.012210501357913017,-0.012210501357913017
820,27.333333333333332,24,0,0,,4,uneven rough,11,0.0,92.71176147460938,33.47970199584961,0.4167068302631378,1.856732964515686,0.19985049962997437,1.856732964515686,0.19985049962997437,9.712352752685547,0.0,0.0,-0.07921954244375229,0.2847684621810913,0.928366482257843,0.09992524981498718,-0.6011384725570679,0.33356228470802307,0.016998788341879845,0.1511683613061905,0.31248942017555237,0.33558958768844604,-0.4207969307899475,-0.4207969307899475,0.02090117335319519,-1.8106437921524048,1.2358571290969849,0.0,-0.4416981041431427,-0.4416981041431427,0.16678114235401154,0.16678114235401154,0.15562328696250916,-0.5526679158210754,0.7750248312950134,0.0,0.01115785539150238,0.01115785539150238,0.008499394170939922,0.008499394170939922,0.025898506864905357,-0.038036443293094635,0.7848054766654968,0.0,-0.017399112693965435,-0.017399112693965435,0.10581785440444946,0.10581785440444946,0.048089832067489624,1.9911291599273682,0.585308849811554,0.0,0.05772802233695984,0.05772802233695984,0.15624471008777618,0.15624471008777618,0.1618872433900833,1.339073896408081,-0.7024402618408203,0.0,-0.005642533302307129,-0.005642533302307129,0.16779479384422302,0.16779479384422302,0.029718682169914246,0.45039117336273193,-0.8911749720573425,0.0,0.13807611167430878,0.13807611167430878
821,27.366666666666667,4,0,0,,4,uneven rough,5,0.0,49.61624526977539,34.152774810791016,0.26217684149742126,1.0851141214370728,0.40903618931770325,1.0851141214370728,0.40903618931770325,4.932402610778809,4.400318622589111,0.5,1.1314339637756348,0.13544486463069916,0.5425570607185364,0.20451809465885162,0.8231066465377808,-0.1815624088048935,0.0923146978020668,0.29329705238342285,0.417491614818573,0.14166823029518127,0.5761746168136597,0.5761746168136597,0.428117960691452,1.9134037494659424,0.3291638195514679,0.0,0.14805665612220764,0.14805665612220764,-0.29049986600875854,-0.29049986600875854,-0.03785538673400879,0.4610441327095032,-0.19803385436534882,0.0,-0.25264447927474976,-0.25264447927474976,0.0461573489010334,0.0461573489010334,0.09863493591547012,-1.9223549365997314,1.3322687149047852,0.0,-0.05247758701443672,-0.05247758701443672,0.20530793070793152,0.20530793070793152,0.14799273014068604,1.91913902759552,-0.11411192268133163,0.0,0.05731520056724548,0.05731520056724548,0.2087458074092865,0.2087458074092865,0.1788320392370224,1.7185237407684326,1.4589558839797974,0.0,0.0299137681722641,0.0299137681722641,0.07083411514759064,0.07083411514759064,-0.01654810458421707,1.4762364625930786,-1.0445663928985596,0.0,0.08738221973180771,0.08738221973180771
821,27.366666666666667,14,0,0,,4,uneven rough,5,0.0,49.28838348388672,35.96588897705078,0.3109273910522461,0.9427093863487244,-0.3446172773838043,0.9427093863487244,-0.3446172773838043,3.173091411590576,0.2557867765426636,0.3333333432674408,0.2894253730773926,0.18816009163856506,0.4713546931743622,-0.17230863869190216,0.3655835688114166,0.4200448989868164,0.05322733893990517,0.0343184657394886,0.6099872589111328,-0.38144904375076294,0.2559084892272949,0.2559084892272949,0.24912969768047333,1.7855972051620483,-0.21548090875148773,0.0,0.006778791546821594,0.006778791546821594,0.2100224494934082,0.2100224494934082,0.21126839518547058,1.168487310409546,0.9405143857002258,0.0,-0.001245945692062378,-0.001245945692062378,0.026613669469952583,0.026613669469952583,0.17206725478172302,-1.9994736909866333,0.07122665643692017,0.0,-0.14545358531177044,-0.14545358531177044,0.02402292564511299,0.02402292564511299,0.20017920434474945,-1.8519095182418823,-0.4222545623779297,0.0,-0.17615627869963646,-0.17615627869963646,0.3049936294555664,0.3049936294555664,0.005121086724102497,1.3471146821975708,-1.351069688796997,0.0,0.2998725427314639,0.2998725427314639,-0.19072452187538147,-0.19072452187538147,-0.06824735552072525,-1.7692005634307861,0.601426362991333,0.0,-0.12247716635465622,-0.12247716635465622
821,27.366666666666667,24,0,0,,4,uneven rough,11,0.0,92.76729583740234,33.483665466308594,0.40785878896713257,1.972226619720459,0.7271975874900818,1.8428192138671875,0.7271975874900818,10.052901268005371,9.385265350341797,0.5,0.27419865131378174,0.2922307252883911,0.9861133098602295,0.3635987937450409,-0.3979332447052002,0.34256696701049805,-0.07186438143253326,0.28580135107040405,0.6469218730926514,0.2037363052368164,-0.2785532772541046,-0.2785532772541046,-0.046030979603528976,-1.9903583526611328,-0.48663997650146484,0.0,-0.23252229765057564,-0.23252229765057564,0.17128348350524902,0.17128348350524902,0.13539262115955353,0.304241806268692,0.02434498630464077,0.0,0.035890862345695496,0.035890862345695496,-0.03593219071626663,-0.03593219071626663,0.009783917106688023,-0.9518967866897583,0.3195692002773285,0.0,-0.045716107822954655,-0.045716107822954655,0.20006094872951508,0.20006094872951508,0.1110880970954895,1.913081169128418,1.3801621198654175,0.0,0.08897285163402557,0.08897285163402557,0.3234609365463257,0.3234609365463257,0.2363462895154953,1.9685559272766113,0.4518354833126068,0.0,0.08711464703083038,0.08711464703083038,0.1018681526184082,0.1018681526184082,0.05951568856835365,0.46008065342903137,-0.13265107572078705,0.0,0.04235246405005455,0.04235246405005455
822,27.4,4,0,0,,4,uneven rough,5,0.0,49.58726501464844,34.10459899902344,0.2546725869178772,1.3832802772521973,0.0601998046040535,1.3832802772521973,0.0601998046040535,6.859572410583496,0.6037089228630066,0.1666666716337204,0.9641553163528442,0.33330294489860535,0.6916401386260986,0.03009990230202675,-0.2826274037361145,-0.08748167008161545,0.630915641784668,0.7196009159088135,0.5585893988609314,0.11171241849660873,-0.1978391855955124,-0.1978391855955124,0.4058360159397125,-1.4180347919464111,1.22489595413208,0.0,-0.6036752015352249,-0.6036752015352249,-0.13997067511081696,-0.13997067511081696,-0.07698559761047363,-0.7874441742897034,0.17461001873016357,0.0,-0.06298507750034332,-0.06298507750034332,0.315457820892334,0.315457820892334,0.14955714344978333,1.6388083696365356,-0.5079013109207153,0.0,0.16590067744255066,0.16590067744255066,0.5037206411361694,0.5037206411361694,0.21603018045425415,2.057541847229004,1.0354918241500854,0.0,0.2876904606819153,0.2876904606819153,0.2792946994304657,0.2792946994304657,0.22042614221572876,0.3496224284172058,1.6057159900665283,0.0,0.05886855721473694,0.05886855721473694,0.05585620924830437,0.05585620924830437,0.050269849598407745,1.5116569995880127,0.3807000517845154,0.0,0.005586359649896622,0.005586359649896622
822,27.4,14,0,0,,4,uneven rough,5,0.0,49.26686477661133,35.92901611328125,0.30131301283836365,0.4032551646232605,0.2971575856208801,0.4032551646232605,0.2971575856208801,1.0987014770507812,0.856052041053772,0.1666666716337204,0.2539843022823334,0.22178056836128235,0.20162758231163025,0.14857879281044006,0.7404945492744446,0.24194635450839996,0.18400758504867554,0.42460671067237854,0.22476549446582794,-0.4269460439682007,0.5183461904525757,0.5183461904525757,0.2927459180355072,1.003536581993103,0.9159322381019592,0.0,0.22560027241706848,0.22560027241706848,0.12097317725419998,0.12097317725419998,0.19036953151226044,-1.7471500635147095,1.0694106817245483,0.0,-0.06939635425806046,-0.06939635425806046,0.09200379252433777,0.09200379252433777,0.1243390366435051,-1.9961127042770386,-1.0995510816574097,0.0,-0.03233524411916733,-0.03233524411916733,0.2972247004508972,0.2972247004508972,0.2118459939956665,1.7430369853973389,-1.2305840253829956,0.0,0.08537870645523071,0.08537870645523071,0.11238274723291397,0.11238274723291397,0.046724360436201096,1.3630738258361816,0.1744886040687561,0.0,0.06565838679671288,0.06565838679671288,-0.21347302198410034,-0.21347302198410034,-0.08671395480632782,-0.8944536447525024,-0.738930344581604,0.0,-0.12675906717777252,-0.12675906717777252
822,27.4,24,0,0,,4,uneven rough,11,0.0,92.82568359375,33.497013092041016,0.4117998778820038,1.9566400051116943,0.4212684631347656,1.8774473667144775,0.4212684631347656,10.226423263549805,5.6606597900390625,0.3333333432674408,0.17841196060180664,0.23154151439666748,0.9783200025558472,0.2106342315673828,-0.2936131954193115,0.28962427377700806,-0.33940401673316956,-0.058027483522892,0.6148025989532471,0.39855366945266724,-0.20552922785282135,-0.20552922785282135,-0.11335916817188263,-1.9999948740005493,-1.33684504032135,0.0,-0.09217005968093872,-0.09217005968093872,0.14481213688850403,0.14481213688850403,0.15533769130706787,0.19775836169719696,0.18259915709495544,0.0,-0.010525554418563843,-0.010525554418563843,-0.16970200836658478,-0.16970200836658478,-0.02270122431218624,-0.8703600764274597,-0.39931994676589966,0.0,-0.14700078405439854,-0.14700078405439854,-0.04061923921108246,-0.04061923921108246,0.08101464062929153,-1.7194591760635376,1.6814755201339722,0.0,-0.12163387984037399,-0.12163387984037399,0.30740129947662354,0.30740129947662354,0.29369035363197327,1.102229118347168,1.309391975402832,0.0,0.013710945844650269,0.013710945844650269,0.19927683472633362,0.19927683472633362,0.11264065653085709,2.0029594898223877,0.2024805098772049,0.0,0.08663617819547653,0.08663617819547653
823,27.433333333333334,4,0,0,,4,uneven rough,5,0.0,49.55936813354492,34.0545654296875,0.26148515939712524,1.6308226585388184,0.18648084998130798,1.6308226585388184,0.18648084998130798,8.178674697875977,1.8210303783416748,0.3333333432674408,0.9678475260734558,0.2893199324607849,0.8154113292694092,0.09324042499065399,0.18946877121925354,0.03385872766375542,0.5313532948493958,0.4843493402004242,-0.08260602504014969,0.4092459976673126,0.13262814283370972,0.13262814283370972,0.34133997559547424,-1.9604936838150024,-0.2694218158721924,0.0,-0.20871183276176453,-0.20871183276176453,0.01692936383187771,0.01692936383187771,-0.03581666201353073,1.992842197418213,-0.36933714151382446,0.0,0.05274602584540844,0.05274602584540844,0.2656766474246979,0.2656766474246979,0.21618735790252686,1.9998576641082764,0.705852210521698,0.0,0.04948928952217102,0.04948928952217102,0.3390445411205292,0.3390445411205292,0.28185558319091797,1.9984781742095947,1.6133607625961304,0.0,0.057188957929611206,0.057188957929611206,-0.13216964900493622,-0.13216964900493622,0.20848892629146576,-0.6528069376945496,0.89551842212677,0.0,-0.340658575296402,-0.340658575296402,0.2046229988336563,0.2046229988336563,0.07904274016618729,0.6499195694923401,1.0201451778411865,0.0,0.12558025866746902,0.12558025866746902
823,27.433333333333334,14,0,0,,4,uneven rough,5,0.0,49.249698638916016,35.892921447753906,0.30025532841682434,1.5628023147583008,-0.06357154250144958,1.5628023147583008,-0.06357154250144958,7.050588130950928,4.185786724090576,0.3333333432674408,0.03010968491435051,0.17327666282653809,0.7814011573791504,-0.03178577125072479,0.20277288556098938,0.39615583419799805,0.16953738033771515,0.42508548498153687,-0.004338468424975872,0.2469060719013214,0.14194101095199585,0.14194101095199585,0.2461417317390442,-1.9560110569000244,0.9654638767242432,0.0,-0.10420072078704834,-0.10420072078704834,0.19807791709899902,0.19807791709899902,0.18087834119796753,1.302078366279602,-0.5230777859687805,0.0,0.017199575901031494,0.017199575901031494,0.08476869016885757,0.08476869016885757,0.07242640852928162,-0.7562064528465271,-1.606468677520752,0.0,0.012342281639575958,0.012342281639575958,0.29755982756614685,0.29755982756614685,0.2810603380203247,1.9469356536865234,0.4507066607475281,0.0,0.016499489545822144,0.016499489545822144,-0.006941549479961395,-0.006941549479961395,0.019950484856963158,-1.8169625997543335,0.8465168476104736,0.0,-0.026892034336924553,-0.026892034336924553,0.1234530359506607,0.1234530359506607,-0.028546473011374474,1.9985191822052002,-0.8268635272979736,0.0,0.15199950896203518,0.15199950896203518
823,27.433333333333334,24,0,0,,4,uneven rough,11,0.0,92.88227844238281,33.50260543823242,0.41421404480934143,1.9440714120864868,0.26853328943252563,1.9065368175506592,0.26853328943252563,7.82157039642334,1.7602113485336304,0.3333333432674408,0.10172872245311737,0.19931742548942566,0.9720357060432434,0.13426664471626282,0.6096581220626831,0.09284713119268417,-0.314457505941391,-0.5558781623840332,0.6721566915512085,-0.42333436012268066,0.4267606735229492,0.4267606735229492,-0.08074568957090378,1.7793121337890625,-1.7117911577224731,0.0,0.507506363093853,0.507506363093853,0.04642356559634209,0.04642356559634209,0.09985729306936264,-1.529025673866272,0.19117020070552826,0.0,-0.053433727473020554,-0.053433727473020554,-0.1572287529706955,-0.1572287529706955,-0.08025969564914703,-1.9493980407714844,-0.6656469106674194,0.0,-0.07696905732154846,-0.07696905732154846,-0.38911470770835876,-0.38911470770835876,0.010282917879521847,-1.999315857887268,-0.24141906201839447,0.0,-0.3993976255878806,-0.3993976255878806,0.33607834577560425,0.33607834577560425,0.28325456380844116,0.5370360612869263,1.1922616958618164,0.0,0.052823781967163086,0.052823781967163086,-0.21166718006134033,-0.21166718006134033,0.06697117537260056,-1.6181774139404297,1.2204746007919312,0.0,-0.2786383554339409,-0.2786383554339409
824,27.466666666666665,4,0,0,,4,uneven rough,5,0.0,49.53330993652344,34.00349807739258,0.2669135332107544,1.2914317846298218,0.46267953515052795,1.2914317846298218,0.46267953515052795,7.779012203216553,1.0699983835220337,0.1666666716337204,0.6311813592910767,0.2550041675567627,0.6457158923149109,0.23133976757526398,0.18240298330783844,0.22537660598754883,0.11721120029687881,0.4809556305408478,-0.014910695143043995,0.08110179007053375,0.12768208980560303,0.12768208980560303,0.27717241644859314,-1.8005908727645874,-1.2255568504333496,0.0,-0.1494903266429901,-0.1494903266429901,0.11268830299377441,0.11268830299377441,0.029832428321242332,1.9253710508346558,0.9662432670593262,0.0,0.08285587467253208,0.08285587467253208,0.05860560014843941,0.05860560014843941,0.15512996912002563,-1.928261160850525,1.4374852180480957,0.0,-0.09652436897158623,-0.09652436897158623,0.3366689383983612,0.3366689383983612,0.34147343039512634,1.1163071393966675,1.8311069011688232,0.0,-0.004804491996765137,-0.004804491996765137,-0.02385711297392845,-0.02385711297392845,0.1419052630662918,-1.740565538406372,0.020092491060495377,0.0,-0.16576237604022026,-0.16576237604022026,0.040550895035266876,0.040550895035266876,0.025302937254309654,-1.452620029449463,0.8108189702033997,0.0,0.015247957780957222,0.015247957780957222
824,27.466666666666665,14,0,0,,4,uneven rough,5,0.0,49.23698425292969,35.852935791015625,0.3111814856529236,0.9870452284812927,0.4725341796875,0.9870452284812927,0.4725341796875,5.0112714767456055,0.5856029987335205,0.016399867832660675,0.5463375449180603,0.1327139139175415,0.49352261424064636,0.23626708984375,0.2632059156894684,0.6167070865631104,0.6157299280166626,0.41251763701438904,-0.24413400888442993,0.12072262912988663,0.18424414098262787,0.18424414098262787,0.19506056606769562,-0.7950155735015869,-0.6863433122634888,0.0,-0.010816425085067749,-0.010816425085067749,0.3083535432815552,0.3083535432815552,0.24877993762493134,1.9871476888656616,0.5088687539100647,0.0,0.05957360565662384,0.05957360565662384,0.3078649640083313,0.3078649640083313,0.10707712918519974,1.5900040864944458,-1.1257288455963135,0.0,0.20078783482313156,0.20078783482313156,0.28876233100891113,0.28876233100891113,0.3184482157230377,-0.06353142112493515,1.2966772317886353,0.0,-0.029685884714126587,-0.029685884714126587,-0.39061442017555237,-0.39061442017555237,0.007143685128539801,0.24471616744995117,-0.6594191789627075,0.0,-0.39775810530409217,-0.39775810530409217,0.060361314564943314,0.060361314564943314,0.03498169779777527,1.078992486000061,0.7706129550933838,0.0,0.025379616767168045,0.025379616767168045
824,27.466666666666665,24,0,0,,4,uneven rough,11,0.0,92.94319915771484,33.5009765625,0.42248114943504333,1.9180881977081299,-0.39831772446632385,1.8804539442062378,-0.39831772446632385,9.758499145507812,2.4860453605651855,0.1666666716337204,0.0935741662979126,0.32688596844673157,0.9590440988540649,-0.19915886223316193,0.0954403281211853,0.40258073806762695,-0.1634591519832611,-0.40006327629089355,0.2500016987323761,-0.2765626311302185,0.06680823117494583,0.06680823117494583,-0.014407515525817871,1.9944405555725098,0.2620849013328552,0.0,0.0812157467007637,0.0812157467007637,0.20129036903381348,0.20129036903381348,0.14096054434776306,2.0000016689300537,-0.7814316153526306,0.0,0.060329824686050415,0.060329824686050415,-0.08172957599163055,-0.08172957599163055,-0.0765584260225296,1.2162566184997559,-1.3914821147918701,0.0,-0.005171149969100952,-0.005171149969100952,-0.280044287443161,-0.280044287443161,-0.05639263615012169,-1.9994475841522217,-1.2353370189666748,0.0,-0.22365165129303932,-0.22365165129303932,0.12500084936618805,0.12500084936618805,0.2522784173488617,-1.9249528646469116,0.8217959403991699,0.0,-0.12727756798267365,-0.12727756798267365,-0.13828131556510925,-0.13828131556510925,0.0037940731272101402,-2.0000007152557373,-0.3845043480396271,0.0,-0.1420753886923194,-0.1420753886923194
825,27.5,4,0,0,,4,uneven rough,5,0.0,49.511009216308594,33.95173645019531,0.25903016328811646,1.0441783666610718,0.6877061128616333,1.0441783666610718,0.6877061128616333,5.915142059326172,3.184548854827881,0.1666666716337204,0.3307308554649353,0.261088490486145,0.5220891833305359,0.34385305643081665,0.20550447702407837,-0.0392981581389904,0.3616444766521454,0.41290992498397827,-0.19434717297554016,0.02261803112924099,0.14385312795639038,0.14385312795639038,0.2118891179561615,-1.995232343673706,-1.5506820678710938,0.0,-0.06803598999977112,-0.06803598999977112,-0.06287705153226852,-0.06287705153226852,-0.005923416465520859,1.4335284233093262,1.5085358619689941,0.0,-0.056953635066747665,-0.056953635066747665,0.1808222383260727,0.1808222383260727,0.16640649735927582,-0.6660715341567993,-0.46551382541656494,0.0,0.014415740966796875,0.014415740966796875,0.28903692960739136,0.28903692960739136,0.3155668079853058,-1.2120617628097534,1.4269578456878662,0.0,-0.02652987837791443,-0.02652987837791443,-0.3109554946422577,-0.3109554946422577,0.06475137174129486,-2.0000059604644775,-0.9753867387771606,0.0,-0.37570686638355255,-0.37570686638355255,0.011309015564620495,0.011309015564620495,0.01789925992488861,-1.8507097959518433,-0.46893349289894104,0.0,-0.006590244360268116,-0.006590244360268116
825,27.5,14,0,0,,4,uneven rough,5,0.0,49.22948455810547,35.812782287597656,0.3055685758590698,1.381748914718628,0.037763360887765884,1.381748914718628,0.037763360887765884,5.461048126220703,4.914322853088379,0.5,0.5559035539627075,0.07193440943956375,0.690874457359314,0.018881680443882942,0.5800931453704834,0.3962545096874237,-0.018976112827658653,0.08233263343572617,0.2849305272102356,-0.32335057854652405,0.4060651957988739,0.4060651957988739,0.2560669779777527,1.9997066259384155,-0.747786819934845,0.0,0.14999821782112122,0.14999821782112122,0.19812725484371185,0.19812725484371185,0.2298848032951355,-1.9980571269989014,1.3446903228759766,0.0,-0.031757548451423645,-0.031757548451423645,-0.009488056413829327,-0.009488056413829327,0.04592078551650047,-1.9998775720596313,0.40975141525268555,0.0,-0.0554088419303298,-0.0554088419303298,0.05763284116983414,0.05763284116983414,0.2517305016517639,-1.9666717052459717,0.5276128053665161,0.0,-0.19409766048192978,-0.19409766048192978,0.1424652636051178,0.1424652636051178,0.045898739248514175,1.914106011390686,-0.14821942150592804,0.0,0.09656652435660362,0.09656652435660362,-0.16167528927326202,-0.16167528927326202,-0.01181505061686039,-1.782820463180542,0.9449712634086609,0.0,-0.14986023865640163,-0.14986023865640163
825,27.5,24,0,0,,4,uneven rough,11,0.0,93.00390625,33.50846481323242,0.42771443724632263,1.7913199663162231,-0.6966426372528076,1.7913199663162231,-0.6966426372528076,9.279001235961914,0.0,0.0,0.07431519031524658,0.3781209886074066,0.8956599831581116,-0.3483213186264038,-0.3918250501155853,0.4714869558811188,0.05121724307537079,-0.362449586391449,0.3586832582950592,-0.5791225433349609,-0.27427753806114197,-0.27427753806114197,-0.042152490466833115,-1.9357950687408447,1.2415618896484375,0.0,-0.23212504759430885,-0.23212504759430885,0.2357434779405594,0.2357434779405594,0.20763720571994781,2.0000011920928955,0.7911957502365112,0.0,0.028106272220611572,0.028106272220611572,0.025608621537685394,0.025608621537685394,-0.010312476195394993,2.000000238418579,0.0829380601644516,0.0,0.03592109773308039,0.03592109773308039,-0.2537147104740143,-0.2537147104740143,-0.11648714542388916,-1.996888279914856,-1.6673665046691895,0.0,-0.13722756505012512,-0.13722756505012512,0.1793416291475296,0.1793416291475296,0.18619894981384277,-1.821228265762329,-0.7312207818031311,0.0,-0.006857320666313171,-0.006857320666313171,-0.28956127166748047,-0.28956127166748047,-0.06205437704920769,-2.0000181198120117,-1.297908902168274,0.0,-0.22750689461827278,-0.22750689461827278
826,27.53333333333333,4,0,0,,4,uneven rough,5,0.0,49.48744583129883,33.899566650390625,0.2611086666584015,1.5324633121490479,-0.7199476361274719,1.5324633121490479,-0.7199476361274719,7.940380096435547,2.10953426361084,0.1666666716337204,0.07003165781497955,0.2796327471733093,0.7662316560745239,-0.35997381806373596,0.3920533061027527,-0.21533922851085663,0.5747220516204834,0.27358001470565796,-0.33776041865348816,-0.10771503299474716,0.2744373083114624,0.2744373083114624,0.23033660650253296,1.1201187372207642,-1.8020316362380981,0.0,0.04410070180892944,0.04410070180892944,-0.3445427715778351,-0.3445427715778351,0.009401747956871986,0.6779959797859192,1.466126561164856,0.0,-0.35394451953470707,-0.35394451953470707,0.2873610258102417,0.2873610258102417,0.19382652640342712,-0.6342393755912781,-0.5789095163345337,0.0,0.09353449940681458,0.09353449940681458,0.1915060132741928,0.1915060132741928,0.24427549540996552,-1.9884107112884521,-0.06514858454465866,0.0,-0.052769482135772705,-0.052769482135772705,-0.5404166579246521,-0.5404166579246521,-0.016396930441260338,-1.9925748109817505,-1.5547082424163818,0.0,-0.5240197274833918,-0.5240197274833918,-0.05385751649737358,-0.05385751649737358,-0.03226377069950104,-1.9789338111877441,-1.2501922845840454,0.0,-0.021593745797872543,-0.021593745797872543
826,27.53333333333333,14,0,0,,4,uneven rough,5,0.0,49.22153091430664,35.7746467590332,0.296893447637558,0.7454259395599365,-0.7387375235557556,0.7454259395599365,-0.7387375235557556,1.5099799633026123,0.2382533997297287,0.1666666716337204,0.15417814254760742,0.018525920808315277,0.37271296977996826,-0.3693687617778778,0.6917010545730591,0.3575729727745056,0.6962617039680481,0.010237902402877808,-0.21839478611946106,-0.1419888585805893,0.4841907322406769,0.4841907322406769,0.3210529685020447,1.853775143623352,0.8056508898735046,0.0,0.1631377637386322,0.1631377637386322,0.1787864863872528,0.1787864863872528,0.17575602233409882,-0.6734646558761597,-0.545305073261261,0.0,0.0030304640531539917,0.0030304640531539917,0.34813085198402405,0.34813085198402405,0.047031667083501816,0.25397127866744995,-0.9526571035385132,0.0,0.30109918490052223,0.30109918490052223,0.007166531402617693,0.007166531402617693,0.18946021795272827,-1.755272626876831,-0.8826601505279541,0.0,-0.18229368655011058,-0.18229368655011058,-0.3494316637516022,-0.3494316637516022,0.054286692291498184,0.4110415577888489,1.0178231000900269,0.0,-0.40371835604310036,-0.40371835604310036,-0.07099442929029465,-0.07099442929029465,-0.0328153520822525,-0.5440288186073303,-0.5973270535469055,0.0,-0.038179077208042145,-0.038179077208042145
826,27.53333333333333,24,0,0,,4,uneven rough,11,0.0,93.06319427490234,33.51693344116211,0.4163706600666046,1.855178952217102,-0.1634003221988678,1.8532390594482422,-0.1634003221988678,9.578413009643555,0.0,0.0,0.010800997726619244,0.416013240814209,0.927589476108551,-0.0817001610994339,0.5092459917068481,0.4116736054420471,0.021775204688310623,-0.3572160005569458,0.3745588958263397,-0.632615327835083,0.3564721941947937,0.3564721941947937,-0.015516704879701138,1.932322382926941,-0.5549213886260986,0.0,0.37198889907449484,0.37198889907449484,0.20583680272102356,0.20583680272102356,0.22381339967250824,-0.6812678575515747,1.4746564626693726,0.0,-0.01797659695148468,-0.01797659695148468,0.010887602344155312,0.010887602344155312,0.021356021985411644,-0.07827399671077728,1.1668484210968018,0.0,-0.010468419641256332,-0.010468419641256332,-0.25005120038986206,-0.25005120038986206,-0.1872558891773224,-2.0002553462982178,-1.8536787033081055,0.0,-0.06279531121253967,-0.06279531121253967,0.18727944791316986,0.18727944791316986,0.17024382948875427,0.7968282103538513,-1.34751296043396,0.0,0.01703561842441559,0.01703561842441559,-0.3163076639175415,-0.3163076639175415,-0.11413281410932541,-1.4152436256408691,-1.6948826313018799,0.0,-0.2021748498082161,-0.2021748498082161
827,27.566666666666666,4,0,0,,4,uneven rough,5,0.0,49.47056198120117,33.8459587097168,0.27158987522125244,1.374828577041626,-0.9890865087509155,1.374828577041626,-0.9890865087509155,6.46461296081543,3.3847665786743164,0.3333333432674408,-0.011165222153067589,0.23445948958396912,0.687414288520813,-0.49454325437545776,-0.1827833205461502,0.13788484036922455,0.6380284428596497,0.06737086176872253,-0.054052550345659256,-0.33216020464897156,-0.1279483288526535,-0.1279483288526535,0.18181367218494415,-1.9511362314224243,-0.14984259009361267,0.0,-0.30976200103759766,-0.30976200103759766,0.06894242018461227,0.06894242018461227,0.05707579851150513,0.5203925371170044,1.0205161571502686,0.0,0.011866621673107147,0.011866621673107147,0.31901422142982483,0.31901422142982483,0.21354863047599792,0.5622776746749878,-0.6101930737495422,0.0,0.1054655909538269,0.1054655909538269,0.047159601002931595,0.047159601002931595,0.18868908286094666,-1.9497451782226562,-1.1525644063949585,0.0,-0.14152948185801506,-0.14152948185801506,-0.08648408204317093,-0.08648408204317093,-0.047111451625823975,-1.553308129310608,-1.802278757095337,0.0,-0.039372630417346954,-0.039372630417346954,-0.16608010232448578,-0.16608010232448578,-0.06573644280433655,0.44501572847366333,-1.6622240543365479,0.0,-0.10034365952014923,-0.10034365952014923
827,27.566666666666666,14,0,0,,4,uneven rough,5,0.0,49.21275329589844,35.735755920410156,0.28843390941619873,0.8189646601676941,-0.46987250447273254,0.8189646601676941,-0.46987250447273254,1.6210546493530273,1.924343466758728,0.3333333432674408,0.09813763946294785,0.033231671899557114,0.40948233008384705,-0.23493625223636627,0.6299316883087158,0.31589192152023315,0.7318258285522461,0.23335345089435577,0.21486058831214905,-0.253708153963089,0.4409521818161011,0.4409521818161011,0.38747838139533997,1.9769786596298218,1.3982622623443604,0.0,0.05347380042076111,0.05347380042076111,0.15794596076011658,0.15794596076011658,0.1601850539445877,-1.127582311630249,-0.6177667379379272,0.0,-0.0022390931844711304,-0.0022390931844711304,0.36591291427612305,0.36591291427612305,0.06346745789051056,0.08118886500597,-0.27042725682258606,0.0,0.3024454563856125,0.3024454563856125,0.16334740817546844,0.16334740817546844,0.13753515481948853,-0.7323578000068665,-1.3760367631912231,0.0,0.02581225335597992,0.02581225335597992,0.10743029415607452,0.10743029415607452,0.11903974413871765,1.126801609992981,0.6747477054595947,0.0,-0.011609449982643127,-0.011609449982643127,-0.1268540769815445,-0.1268540769815445,-0.07211979478597641,-1.9652973413467407,-0.5671921372413635,0.0,-0.054734282195568085,-0.054734282195568085
827,27.566666666666666,24,0,0,,4,uneven rough,11,0.0,93.12812805175781,33.51487731933594,0.40478187799453735,1.7770317792892456,-1.0313547849655151,1.7770317792892456,-1.0313547849655151,10.21981430053711,4.625434875488281,0.2918848693370819,0.2859884202480316,0.37095117568969727,0.8885158896446228,-0.5156773924827576,0.7203994989395142,0.45155519247055054,0.31058958172798157,0.37082257866859436,0.3693428635597229,-0.20835722982883453,0.504279613494873,0.504279613494873,0.04432474821805954,1.8875644207000732,0.8513706922531128,0.0,0.4599548652768135,0.4599548652768135,0.22577759623527527,0.22577759623527527,0.21925343573093414,0.30211538076400757,0.2556929588317871,0.0,0.0065241605043411255,0.0065241605043411255,0.15529479086399078,0.15529479086399078,0.047318823635578156,0.35837921500205994,0.46285396814346313,0.0,0.10797596722841263,0.10797596722841263,0.25957581400871277,0.25957581400871277,-0.16529402136802673,1.8984959125518799,-1.9365534782409668,0.0,0.4248698353767395,0.4248698353767395,0.18467143177986145,0.18467143177986145,0.18016479909420013,0.1660170555114746,-0.1350986212491989,0.0,0.004506632685661316,0.004506632685661316,-0.10417861491441727,-0.10417861491441727,-0.07234282791614532,0.8013853430747986,-1.5367742776870728,0.0,-0.03183578699827194,-0.03183578699827194
828,27.599999999999998,4,0,0,,4,uneven rough,5,0.0,49.45662307739258,33.794097900390625,0.26661399006843567,1.4735307693481445,-1.0331233739852905,1.4735307693481445,-1.0331233739852905,5.237884521484375,2.086014747619629,0.3333333432674408,0.18455243110656738,0.20239762961864471,0.7367653846740723,-0.5165616869926453,0.6870373487472534,-0.026242034509778023,-0.009518436156213284,-0.2623298764228821,0.43093159794807434,-0.5662304759025574,0.48092612624168396,0.48092612624168396,0.20613466203212738,1.8228468894958496,-1.168297290802002,0.0,0.2747914642095566,0.2747914642095566,-0.041987255215644836,-0.041987255215644836,0.015927420929074287,-1.9637796878814697,0.7377453446388245,0.0,-0.057914676144719124,-0.057914676144719124,-0.004759218078106642,-0.004759218078106642,0.1477578580379486,-1.9949181079864502,0.05272399261593819,0.0,-0.15251707611605525,-0.15251707611605525,-0.18363091349601746,-0.18363091349601746,0.1176924929022789,-1.773838758468628,-1.6032918691635132,0.0,-0.30132340639829636,-0.30132340639829636,0.21546579897403717,0.21546579897403717,-0.032143134623765945,1.6664886474609375,-1.6615103483200073,0.0,0.24760893359780312,0.24760893359780312,-0.2831152379512787,-0.2831152379512787,-0.11979260295629501,-1.3380037546157837,-0.4707868993282318,0.0,-0.16332263499498367,-0.16332263499498367
828,27.599999999999998,14,0,0,,4,uneven rough,5,0.0,49.19236373901367,35.70441818237305,0.28124481439590454,0.48305243253707886,0.05139452964067459,0.48305243253707886,0.05139452964067459,2.485163688659668,2.8068816661834717,0.3333333432674408,0.04682469367980957,0.10671739280223846,0.24152621626853943,0.025697264820337296,0.6442886590957642,0.15381349623203278,0.8278366923332214,0.47878316044807434,0.032731086015701294,-0.06610127538442612,0.4510020613670349,0.4510020613670349,0.4340369403362274,1.4762341976165771,1.7254695892333984,0.0,0.016965121030807495,0.016965121030807495,0.07690674811601639,0.07690674811601639,0.09449642896652222,-1.9894499778747559,-0.9060173630714417,0.0,-0.01758968085050583,-0.01758968085050583,0.4139183461666107,0.4139183461666107,0.1098228469491005,1.1173381805419922,-0.07162287086248398,0.0,0.3040954992175102,0.3040954992175102,0.3351482152938843,0.3351482152938843,0.18694770336151123,1.987608551979065,-1.0120995044708252,0.0,0.14820051193237305,0.14820051193237305,0.016365543007850647,0.016365543007850647,0.07607689499855042,-1.9961674213409424,0.9303398132324219,0.0,-0.05971135199069977,-0.05971135199069977,-0.03305063769221306,-0.03305063769221306,-0.03390469029545784,1.3368476629257202,-1.3576833009719849,0.0,0.0008540526032447815,0.0008540526032447815
828,27.599999999999998,24,0,0,,4,uneven rough,11,0.0,93.19769287109375,33.517822265625,0.39712321758270264,1.8992235660552979,-0.392398476600647,1.8298872709274292,-0.392398476600647,7.933173179626465,1.2600548267364502,0.5,0.6947412490844727,0.3176548182964325,0.9496117830276489,-0.1961992383003235,-0.04764771834015846,0.7164552211761475,0.23732326924800873,0.707184374332428,0.5063475966453552,0.6067137718200684,-0.033353403210639954,-0.033353403210639954,0.014956161379814148,-1.9101940393447876,1.4372364282608032,0.0,-0.0483095645904541,-0.0483095645904541,0.35822761058807373,0.35822761058807373,0.28667303919792175,1.9321812391281128,0.2819402813911438,0.0,0.07155457139015198,0.07155457139015198,0.11866163462400436,0.11866163462400436,0.07722514122724533,0.6904079914093018,0.40378373861312866,0.0,0.04143649339675903,0.04143649339675903,0.4950290620326996,0.4950290620326996,-0.09554441273212433,1.7222192287445068,0.23179034888744354,0.0,0.5905734747648239,0.5905734747648239,0.2531737983226776,0.2531737983226776,0.24220170080661774,1.3931798934936523,0.03515272215008736,0.0,0.010972097516059875,0.010972097516059875,0.3033568859100342,0.3033568859100342,-0.006973439361900091,1.8139411211013794,-0.21477463841438293,0.0,0.31033032527193427,0.31033032527193427
829,27.633333333333333,4,0,0,,4,uneven rough,5,0.0,49.423152923583984,33.74656295776367,0.26324671506881714,0.7022135853767395,-1.1404027938842773,0.7022135853767395,-1.1404027938842773,2.3399672508239746,0.3300311267375946,0.1666666716337204,0.39392873644828796,0.07755681872367859,0.35110679268836975,-0.5702013969421387,0.7264583110809326,0.29907047748565674,0.627962589263916,0.3984304666519165,0.08373313397169113,-0.2169615477323532,0.508520781993866,0.508520781993866,0.25829917192459106,1.6617852449417114,0.5229009985923767,0.0,0.2502216100692749,0.2502216100692749,0.14953523874282837,0.14953523874282837,0.05986880138516426,1.7616298198699951,-0.7897017598152161,0.0,0.08966643735766411,0.08966643735766411,0.313981294631958,0.313981294631958,0.1804586946964264,0.8376123905181885,-1.1050164699554443,0.0,0.13352259993553162,0.13352259993553162,0.2789013087749481,0.2789013087749481,0.13624034821987152,1.9013081789016724,-1.6997194290161133,0.0,0.1426609605550766,0.1426609605550766,0.041866566985845566,0.041866566985845566,0.060453057289123535,1.9485516548156738,0.22014625370502472,0.0,-0.01858649030327797,-0.01858649030327797,-0.1084807738661766,-0.1084807738661766,-0.09272212535142899,0.6661921143531799,-0.9611128568649292,0.0,-0.01575864851474762,-0.01575864851474762
829,27.633333333333333,14,0,0,,4,uneven rough,5,0.0,49.180416107177734,35.6701774597168,0.2782882750034332,1.02130925655365,-0.3501983880996704,1.02130925655365,-0.3501983880996704,0.9586233496665955,0.3709099292755127,0.1666666716337204,0.008526047691702843,0.2835453152656555,0.510654628276825,-0.1750991940498352,-0.24454283714294434,0.6930349469184875,0.7804266214370728,0.4786331355571747,0.1786542385816574,-0.1918819546699524,-0.17117998003959656,-0.17117998003959656,0.40033963322639465,-1.593232274055481,1.584551453590393,0.0,-0.5715196132659912,-0.5715196132659912,0.3465174734592438,0.3465174734592438,0.1450956016778946,0.43982797861099243,-1.518592119216919,0.0,0.20142187178134918,0.20142187178134918,0.3902133107185364,0.3902133107185364,0.13141046464443207,-0.2544493079185486,0.6006178259849548,0.0,0.2588028460741043,0.2588028460741043,0.33504319190979004,0.33504319190979004,0.2532188296318054,1.918030858039856,0.6839408278465271,0.0,0.08182436227798462,0.08182436227798462,0.0893271192908287,0.0893271192908287,0.13060982525348663,-0.1969316452741623,-0.7243126034736633,0.0,-0.04128270596265793,-0.04128270596265793,-0.0959409773349762,-0.0959409773349762,-0.05545537918806076,-1.2851598262786865,0.16580936312675476,0.0,-0.040485598146915436,-0.040485598146915436
829,27.633333333333333,24,0,0,,4,uneven rough,11,0.0,93.26436614990234,33.51897048950195,0.38645729422569275,1.9367650747299194,0.14878050982952118,1.8013876676559448,0.14878050982952118,9.070192337036133,0.1465144008398056,0.3333333432674408,0.6181520819664001,0.28745323419570923,0.9683825373649597,0.07439025491476059,0.2037251889705658,0.4111570119857788,-0.3928510248661041,0.16791188716888428,0.619988739490509,0.6157480478286743,0.14260762929916382,0.14260762929916382,0.03431374207139015,1.873190999031067,-0.4554067552089691,0.0,0.10829388722777367,0.10829388722777367,0.2055785059928894,0.2055785059928894,0.27701878547668457,-0.6081110835075378,1.214989423751831,0.0,-0.07144027948379517,-0.07144027948379517,-0.19642551243305206,-0.19642551243305206,0.02025560289621353,-1.5349431037902832,0.5658416152000427,0.0,-0.2166811153292656,-0.2166811153292656,0.11753831803798676,0.11753831803798676,-0.04794495180249214,1.6611695289611816,1.07448148727417,0.0,0.1654832698404789,0.1654832698404789,0.3099943697452545,0.3099943697452545,0.24291548132896423,-0.4044608473777771,0.8029837012290955,0.0,0.06707888841629028,0.06707888841629028,0.30787402391433716,0.30787402391433716,0.054843753576278687,1.8876378536224365,0.9322648644447327,0.0,0.25303027033805847,0.25303027033805847
830,27.666666666666668,4,0,0,,4,uneven rough,5,0.0,49.39227294921875,33.701412200927734,0.26887181401252747,1.4812623262405396,-0.2952832877635956,1.4812623262405396,-0.2952832877635956,4.281466007232666,2.4051997661590576,0.5,0.39701899886131287,0.18495683372020721,0.7406311631202698,-0.1476416438817978,0.19489054381847382,0.4429105520248413,-0.19999757409095764,0.7411803603172302,0.7917094826698303,0.039789821952581406,0.13642337918281555,0.13642337918281555,0.224818617105484,-1.9991726875305176,1.1668281555175781,0.0,-0.08839523792266846,-0.08839523792266846,0.22145527601242065,0.22145527601242065,0.12269249558448792,1.8884546756744385,0.652825653553009,0.0,0.09876278042793274,0.09876278042793274,-0.09999878704547882,-0.09999878704547882,0.1263582706451416,-1.8244457244873047,-0.006650622468441725,0.0,-0.22635705769062042,-0.22635705769062042,0.5188262462615967,0.5188262462615967,0.20759540796279907,1.9326945543289185,0.3363080322742462,0.0,0.3112308382987976,0.3112308382987976,0.39585474133491516,0.39585474133491516,0.13040967285633087,1.9905030727386475,1.1973897218704224,0.0,0.2654450684785843,0.2654450684785843,0.019894910976290703,0.019894910976290703,-0.048746995627880096,1.9775811433792114,-0.041031721979379654,0.0,0.0686419066041708,0.0686419066041708
830,27.666666666666668,14,0,0,,4,uneven rough,5,0.0,49.16791915893555,35.63961410522461,0.28102508187294006,0.6920151710510254,0.5131134986877441,0.6920151710510254,0.5131134986877441,3.9481589794158936,5.749514579772949,0.5,-0.17360985279083252,0.09202738851308823,0.3460075855255127,0.25655674934387207,0.5158828496932983,0.2242279201745987,0.3724001348018646,0.5741615891456604,0.10800836235284805,0.02268669754266739,0.36111798882484436,0.36111798882484436,0.34661978483200073,-0.8185136318206787,-0.21217316389083862,0.0,0.014498203992843628,0.014498203992843628,0.11211396008729935,0.11211396008729935,0.09574870020151138,-0.3414691984653473,-0.41129791736602783,0.0,0.016365259885787964,0.016365259885787964,0.1862000674009323,0.1862000674009323,0.1735297292470932,1.1643414497375488,0.1171613335609436,0.0,0.012670338153839111,0.012670338153839111,0.4019131064414978,0.4019131064414978,0.3125627338886261,1.0303133726119995,1.3816975355148315,0.0,0.0893503725528717,0.0893503725528717,0.054004181176424026,0.054004181176424026,0.07683983445167542,-1.012136697769165,-0.426130473613739,0.0,-0.02283565327525139,-0.02283565327525139,0.011343348771333694,0.011343348771333694,-0.011608704924583435,0.9770724773406982,-0.6545712351799011,0.0,0.02295205369591713,0.02295205369591713
830,27.666666666666668,24,0,0,,4,uneven rough,11,0.0,93.33125305175781,33.522239685058594,0.3842758536338806,1.9692093133926392,0.39828020334243774,1.809047818183899,0.39828020334243774,9.283914566040039,2.2461225986480713,0.3333333432674408,0.5503706336021423,0.3521856665611267,0.9846046566963196,0.19914010167121887,-0.5512650012969971,0.5189723372459412,0.23027098178863525,0.010726192966103554,0.5511012077331543,0.4935501515865326,-0.3858855068683624,-0.3858855068683624,0.0009583519422449172,-1.8153172731399536,0.8611865639686584,0.0,-0.38684385881060734,-0.38684385881060734,0.2594861686229706,0.2594861686229706,0.29321181774139404,-0.14522607624530792,0.18420514464378357,0.0,-0.03372564911842346,-0.03372564911842346,0.11513549089431763,0.11513549089431763,0.05849878117442131,1.6599613428115845,-0.6219457983970642,0.0,0.056636709719896317,0.056636709719896317,0.007508335169404745,0.007508335169404745,0.006627413909882307,0.692687451839447,1.4061959981918335,0.0,0.000880921259522438,0.000880921259522438,0.27555060386657715,0.27555060386657715,0.24470190703868866,-0.11142638325691223,0.12029238045215607,0.0,0.03084869682788849,0.03084869682788849,0.2467750757932663,0.2467750757932663,0.09978748857975006,0.8596928119659424,1.4724345207214355,0.0,0.14698758721351624,0.14698758721351624
831,27.7,4,0,0,,4,uneven rough,5,0.0,49.35603332519531,33.65727996826172,0.26916080713272095,1.1456058025360107,0.6313012838363647,1.1456058025360107,0.6313012838363647,6.776362419128418,3.215850830078125,0.1666666716337204,0.21114328503608704,0.22233471274375916,0.5728029012680054,0.3156506419181824,0.6532855033874512,0.38423117995262146,0.002936878241598606,0.5140202641487122,0.49080339074134827,0.32983511686325073,0.4572998583316803,0.4572998583316803,0.24849122762680054,1.8009438514709473,-0.6232343912124634,0.0,0.20880863070487976,0.20880863070487976,0.19211558997631073,0.19211558997631073,0.18550348281860352,1.4887157678604126,1.3514524698257446,0.0,0.006612107157707214,0.006612107157707214,0.001468439120799303,0.001468439120799303,0.05997549742460251,-2.0000009536743164,-1.0344352722167969,0.0,-0.058507058303803205,-0.058507058303803205,0.3598141670227051,0.3598141670227051,0.2645912766456604,2.0000226497650146,1.238907814025879,0.0,0.09522289037704468,0.09522289037704468,0.24540169537067413,0.24540169537067413,0.19521860778331757,1.9221504926681519,1.6458173990249634,0.0,0.05018308758735657,0.05018308758735657,0.16491755843162537,0.16491755843162537,0.013134905137121677,2.000030517578125,1.1002956628799438,0.0,0.1517826532945037,0.1517826532945037
831,27.7,14,0,0,,4,uneven rough,5,0.0,49.15665817260742,35.60482406616211,0.28878000378608704,0.9816916584968567,0.022241994738578796,0.9816916584968567,0.022241994738578796,5.101973533630371,3.7942817211151123,0.536040186882019,-0.34534674882888794,0.09513047337532043,0.49084582924842834,0.011120997369289398,0.4395614266395569,0.2825128138065338,0.46359145641326904,0.5357658863067627,-0.16815166175365448,-0.03263961896300316,0.3076930046081543,0.3076930046081543,0.3031092882156372,-0.47329461574554443,-0.5549991726875305,0.0,0.00458371639251709,0.00458371639251709,0.1412564069032669,0.1412564069032669,0.12498479336500168,1.331282377243042,-0.37181663513183594,0.0,0.01627161353826523,0.01627161353826523,0.23179572820663452,0.23179572820663452,0.19338777661323547,0.5521690845489502,0.7092388272285461,0.0,0.03840795159339905,0.03840795159339905,0.3750361204147339,0.3750361204147339,0.3672844469547272,0.8457485437393188,1.183024287223816,0.0,0.007751673460006714,0.007751673460006714,-0.2690426707267761,-0.2690426707267761,0.057565394788980484,-0.2817218005657196,-0.7574594616889954,0.0,-0.3266080655157566,-0.3266080655157566,-0.01631980948150158,-0.01631980948150158,0.010992876254022121,0.12657123804092407,0.2679630517959595,0.0,-0.0273126857355237,-0.0273126857355237
831,27.7,24,0,0,,4,uneven rough,11,0.0,93.39024353027344,33.538238525390625,0.383456826210022,1.9600807428359985,0.03362498804926872,1.8396971225738525,0.03362498804926872,9.276954650878906,5.382558822631836,0.3333333432674408,0.4784016013145447,0.1417781412601471,0.9800403714179993,0.01681249402463436,-0.07977326214313507,0.3636370301246643,-0.3915024697780609,-0.11435384303331375,0.5278659462928772,0.030272971838712692,-0.05584128201007843,-0.05584128201007843,-0.04461513087153435,-1.3563432693481445,-0.6521134972572327,0.0,-0.011226151138544083,-0.011226151138544083,0.18181851506233215,0.18181851506233215,0.23403072357177734,-1.8121604919433594,-0.0020558545365929604,0.0,-0.05221220850944519,-0.05221220850944519,-0.19575123488903046,-0.19575123488903046,0.007993697188794613,-1.668306589126587,0.6682485938072205,0.0,-0.20374493207782507,-0.20374493207782507,-0.08004768937826157,-0.08004768937826157,-0.036293212324380875,-1.9733866453170776,1.0027769804000854,0.0,-0.04375447705388069,-0.04375447705388069,0.2639329731464386,0.2639329731464386,0.21800914406776428,0.10400396585464478,-0.010721823200583458,0.0,0.045923829078674316,0.045923829078674316,0.015136485919356346,0.015136485919356346,0.04471529275178909,-1.7076495885849,1.1259891986846924,0.0,-0.029578806832432747,-0.029578806832432747
832,27.733333333333334,4,0,0,,4,uneven rough,5,0.0,49.32646942138672,33.609615325927734,0.2648332118988037,1.6479456424713135,0.22999970614910126,1.6479456424713135,0.22999970614910126,8.131092071533203,0.0,0.0,0.30590176582336426,0.3955668807029724,0.8239728212356567,0.11499985307455063,-0.6253501176834106,0.7812118530273438,0.005506169516593218,0.739586353302002,0.5417980551719666,0.478278785943985,-0.437745064496994,-0.437745064496994,0.22240480780601501,-1.6896368265151978,0.7474003434181213,0.0,-0.660149872303009,-0.660149872303009,0.3906059265136719,0.3906059265136719,0.25223100185394287,1.9993696212768555,1.4290614128112793,0.0,0.138374924659729,0.138374924659729,0.002753084758296609,0.002753084758296609,0.002023926004767418,-1.1201215982437134,-1.5803678035736084,0.0,0.000729158753529191,0.000729158753529191,0.5177104473114014,0.5177104473114014,0.32816168665885925,1.416758418083191,1.6692434549331665,0.0,0.18954876065254211,0.18954876065254211,0.2708990275859833,0.2708990275859833,0.23586782813072205,1.1081435680389404,1.8020565509796143,0.0,0.03503119945526123,0.03503119945526123,0.2391393929719925,0.2391393929719925,0.056933317333459854,0.2896609902381897,1.6090073585510254,0.0,0.18220607563853264,0.18220607563853264
832,27.733333333333334,14,0,0,,4,uneven rough,5,0.0,49.153751373291016,35.566078186035156,0.287063330411911,0.9667158722877502,0.05690617114305496,0.9667158722877502,0.05690617114305496,4.616897106170654,1.7851998805999756,0.5,-0.4375081956386566,0.09591726958751678,0.4833579361438751,0.02845308557152748,0.4736219346523285,0.23766128718852997,0.14465993642807007,0.352255642414093,0.10858100652694702,-0.18290670216083527,0.33153533935546875,0.33153533935546875,0.34421196579933167,0.7085405588150024,-0.5088032484054565,0.0,-0.012676626443862915,-0.012676626443862915,0.11883064359426498,0.11883064359426498,0.13705088198184967,0.16954895853996277,0.591118574142456,0.0,-0.018220238387584686,-0.018220238387584686,0.07232996821403503,0.07232996821403503,0.1289794147014618,-2.0000157356262207,0.6204313039779663,0.0,-0.05664944648742676,-0.05664944648742676,0.24657894670963287,0.24657894670963287,0.31065210700035095,-1.6340864896774292,0.9923279881477356,0.0,-0.06407316029071808,-0.06407316029071808,0.05429050326347351,0.05429050326347351,0.04635277017951012,2.0061097145080566,-0.48847654461860657,0.0,0.007937733083963394,0.007937733083963394,-0.09145335108041763,-0.09145335108041763,-0.043528489768505096,-1.3055888414382935,0.18801987171173096,0.0,-0.04792486131191254,-0.04792486131191254
832,27.733333333333334,24,0,0,,4,uneven rough,11,0.0,93.45063018798828,33.5493278503418,0.37969276309013367,1.8937047719955444,0.6530802249908447,1.7998199462890625,0.6530802249908447,9.378236770629883,0.4833875894546509,0.1666666716337204,0.3796546459197998,0.3182048797607422,0.9468523859977722,0.32654011249542236,0.6538696885108948,0.17896679043769836,-0.2295510172843933,-0.22443099319934845,0.40663835406303406,-0.11958508938550949,0.45770877599716187,0.45770877599716187,-0.007259347476065159,1.1223379373550415,-1.0502862930297852,0.0,0.464968123473227,0.464968123473227,0.08948339521884918,0.08948339521884918,0.17158570885658264,-1.9349292516708374,-1.0254923105239868,0.0,-0.08210231363773346,-0.08210231363773346,-0.11477550864219666,-0.11477550864219666,-0.05387931689620018,-1.9220099449157715,-0.6528438925743103,0.0,-0.060896191745996475,-0.060896191745996475,-0.15710169076919556,-0.15710169076919556,-0.10839268565177917,-1.9841256141662598,-0.6799512505531311,0.0,-0.04870900511741638,-0.04870900511741638,0.20331917703151703,0.20331917703151703,0.17955759167671204,-1.9694279432296753,0.054144345223903656,0.0,0.023761585354804993,0.023761585354804993,-0.059792544692754745,-0.059792544692754745,0.01819896139204502,0.22489546239376068,-0.47615525126457214,0.0,-0.07799150608479977,-0.07799150608479977
833,27.766666666666666,4,0,0,,4,uneven rough,5,0.0,49.30616760253906,33.560546875,0.2526407837867737,1.3770904541015625,0.8638070821762085,1.3770904541015625,0.8638070821762085,7.077527046203613,0.8211250305175781,0.3333333432674408,0.30216264724731445,0.19045941531658173,0.6885452270507812,0.43190354108810425,0.2605847716331482,0.2612014710903168,0.24257177114486694,0.4412430226802826,0.3098362982273102,0.06320861726999283,0.18240933120250702,0.18240933120250702,0.19657652080059052,-0.3326583504676819,-0.630504846572876,0.0,-0.014167189598083496,-0.014167189598083496,0.1306007355451584,0.1306007355451584,0.1911398321390152,-2.0000016689300537,1.7515146732330322,0.0,-0.06053909659385681,-0.06053909659385681,0.12128588557243347,0.12128588557243347,0.05001036077737808,1.9998316764831543,-1.3201438188552856,0.0,0.07127552479505539,0.07127552479505539,0.3088701069355011,0.3088701069355011,0.31937769055366516,-1.3875739574432373,1.526487946510315,0.0,-0.010507583618164062,-0.010507583618164062,0.1549181491136551,0.1549181491136551,0.1664171814918518,-1.7805094718933105,1.4097168445587158,0.0,-0.011499032378196716,-0.011499032378196716,0.031604308634996414,0.031604308634996414,0.043605487793684006,0.6241442561149597,0.8630465865135193,0.0,-0.012001179158687592,-0.012001179158687592
833,27.766666666666666,14,0,0,,4,uneven rough,5,0.0,49.144954681396484,35.53215408325195,0.2691170573234558,1.3773045539855957,-0.4852912425994873,1.3773045539855957,-0.4852912425994873,2.4435219764709473,0.7422341108322144,0.3333333432674408,-0.3666552007198334,0.1262345314025879,0.6886522769927979,-0.24264562129974365,0.5875309705734253,-0.14824125170707703,-0.023950770497322083,0.5704938173294067,0.2624550461769104,-0.04610063508152962,0.4112716615200043,0.4112716615200043,0.37173184752464294,1.0054212808609009,0.17948512732982635,0.0,0.03953981399536133,0.03953981399536133,-0.237185999751091,-0.237185999751091,0.07827792316675186,-1.997562050819397,0.3527623414993286,0.0,-0.31546392291784286,-0.31546392291784286,-0.011975385248661041,-0.011975385248661041,0.06314403563737869,-2.0000181198120117,-0.8611741662025452,0.0,-0.07511942088603973,-0.07511942088603973,0.39934566617012024,0.39934566617012024,0.3254602253437042,1.406741738319397,-0.49265146255493164,0.0,0.07388544082641602,0.07388544082641602,0.1312275230884552,0.1312275230884552,0.10776679217815399,2.053184986114502,0.9219669699668884,0.0,0.02346073091030121,0.02346073091030121,-0.02305031754076481,-0.02305031754076481,-0.022234506905078888,0.2711879014968872,-0.6564691662788391,0.0,-0.0008158106356859207,-0.0008158106356859207
833,27.766666666666666,24,0,0,,4,uneven rough,11,0.0,93.51335144042969,33.556583404541016,0.381181001663208,1.9656919240951538,-0.536462664604187,1.8087762594223022,-0.536462664604187,10.260408401489258,3.3851356506347656,0.3333333432674408,0.12431758642196655,0.14756940305233002,0.9828459620475769,-0.2682313323020935,0.34709829092025757,0.3668263852596283,-0.33758190274238586,-0.17931059002876282,0.291099488735199,0.12249626964330673,0.24296879768371582,0.24296879768371582,0.0534137599170208,1.5942140817642212,0.17811933159828186,0.0,0.18955503776669502,0.18955503776669502,0.18341319262981415,0.18341319262981415,0.17167197167873383,0.507298469543457,-1.539689540863037,0.0,0.011741220951080322,0.011741220951080322,-0.16879095137119293,-0.16879095137119293,-0.12049506604671478,-2.000000238418579,-1.3704326152801514,0.0,-0.04829588532447815,-0.04829588532447815,-0.12551741302013397,-0.12551741302013397,-0.15045224130153656,-0.005523968022316694,-1.417333722114563,0.0,0.024934828281402588,0.024934828281402588,0.1455497443675995,0.1455497443675995,0.15222854912281036,-0.20390234887599945,-1.08998703956604,0.0,-0.0066788047552108765,-0.0066788047552108765,0.061248134821653366,0.061248134821653366,0.053834982216358185,1.1836661100387573,-0.07977993041276932,0.0,0.007413152605295181,0.007413152605295181
834,27.8,4,0,0,,4,uneven rough,5,0.0,49.289306640625,33.510189056396484,0.23281928896903992,1.1627306938171387,0.10919664055109024,1.1627306938171387,0.10919664055109024,4.12783145904541,3.7050626277923584,0.3333333432674408,0.5253722667694092,0.11456870287656784,0.5813653469085693,0.05459832027554512,0.41223520040512085,0.005135416518896818,0.7202893495559692,0.4145642817020416,-0.23355285823345184,-0.09161040931940079,0.28856462240219116,0.28856462240219116,0.2521698772907257,1.7564889192581177,-0.46210190653800964,0.0,0.036394745111465454,0.036394745111465454,0.002567708259448409,0.002567708259448409,0.12708653509616852,-1.9197274446487427,-0.3695994019508362,0.0,-0.12451882683672011,-0.12451882683672011,0.3601446747779846,0.3601446747779846,0.10550343245267868,1.5711674690246582,0.5569762587547302,0.0,0.25464124232530594,0.25464124232530594,0.2901949882507324,0.2901949882507324,0.2651524841785431,-0.5715644955635071,-0.12112786620855331,0.0,0.02504250407218933,0.02504250407218933,-0.3736845850944519,-0.3736845850944519,0.10847960412502289,-1.5257900953292847,-0.39404284954071045,0.0,-0.4821641892194748,-0.4821641892194748,-0.045805204659700394,-0.045805204659700394,0.006609887350350618,-1.4598941802978516,0.7279707789421082,0.0,-0.05241509201005101,-0.05241509201005101
834,27.8,14,0,0,,4,uneven rough,5,0.0,49.138736724853516,35.502349853515625,0.2646041214466095,1.0121115446090698,-0.24887344241142273,1.0121115446090698,-0.24887344241142273,3.8221864700317383,1.0855896472930908,0.3333333432674408,-0.31558844447135925,0.2334163635969162,0.5060557723045349,-0.12443672120571136,0.34148097038269043,-0.18466168642044067,0.5049832463264465,0.6232448816299438,0.13741156458854675,0.05573365092277527,0.2390366792678833,0.2390366792678833,0.3257540464401245,-2.000930070877075,0.6464709043502808,0.0,-0.08671736717224121,-0.08671736717224121,-0.29545870423316956,-0.29545870423316956,0.02416914515197277,-1.805403470993042,-0.9761152863502502,0.0,-0.3196278493851423,-0.3196278493851423,0.25249162316322327,0.25249162316322327,0.03469577804207802,-0.2626327574253082,-1.5050785541534424,0.0,0.21779584512114525,0.21779584512114525,0.43627139925956726,0.43627139925956726,0.395140141248703,1.9646421670913696,0.581268846988678,0.0,0.04113125801086426,0.04113125801086426,0.06870578229427338,0.06870578229427338,0.08341781049966812,-1.41639244556427,1.5615596771240234,0.0,-0.014712028205394745,-0.014712028205394745,0.027866825461387634,0.027866825461387634,-0.005251436028629541,1.4049615859985352,-0.13197018206119537,0.0,0.033118261490017176,0.033118261490017176
834,27.8,24,0,0,,4,uneven rough,11,0.0,93.5775146484375,33.563472747802734,0.37753987312316895,1.9350237846374512,0.10001124441623688,1.8332974910736084,0.10001124441623688,9.617963790893555,0.0,0.0,0.07333588600158691,0.15004141628742218,0.9675118923187256,0.05000562220811844,-0.0011489610187709332,0.5512539148330688,0.2668650150299072,0.1127423346042633,0.576096773147583,-0.06442984938621521,-0.0008042727131396532,-0.0008042727131396532,0.017646754160523415,-1.4856983423233032,0.9787818193435669,0.0,-0.018451026873663068,-0.018451026873663068,0.2756269574165344,0.2756269574165344,0.2384360432624817,1.9268006086349487,-0.3823188245296478,0.0,0.037190914154052734,0.037190914154052734,0.1334325075149536,0.1334325075149536,-0.08546099811792374,1.6094738245010376,-1.726391315460205,0.0,0.21889350563287735,0.21889350563287735,0.07891963422298431,0.07891963422298431,-0.08293411135673523,1.9284642934799194,-0.6190939545631409,0.0,0.16185374557971954,0.16185374557971954,0.2880483865737915,0.2880483865737915,0.2203013002872467,1.9999942779541016,-0.5889931917190552,0.0,0.0677470862865448,0.0677470862865448,-0.032214924693107605,-0.032214924693107605,0.04766802489757538,-1.4944120645523071,0.6345747113227844,0.0,-0.07988294959068298,-0.07988294959068298
835,27.833333333333332,4,0,0,,4,uneven rough,5,0.0,49.279273986816406,33.46132278442383,0.22466257214546204,0.9871557950973511,-0.7482544183731079,0.9871557950973511,-0.7482544183731079,3.0647339820861816,1.093693733215332,0.1666666716337204,0.4035647511482239,0.18527844548225403,0.49357789754867554,-0.37412720918655396,0.2943459451198578,-0.17638130486011505,0.8544232249259949,0.20025813579559326,0.09651611745357513,-0.11544434726238251,0.20604215562343597,0.20604215562343597,0.24837392568588257,-0.8640241622924805,0.7922933101654053,0.0,-0.042331770062446594,-0.042331770062446594,-0.2822100818157196,-0.2822100818157196,0.06833972036838531,-1.9845694303512573,-1.2460445165634155,0.0,-0.3505498021841049,-0.3505498021841049,0.42721161246299744,0.42721161246299744,0.07300098985433578,-1.4307303428649902,1.1304017305374146,0.0,0.35421062260866165,0.35421062260866165,0.14018069207668304,0.14018069207668304,0.23110610246658325,-1.6700282096862793,-0.3758055567741394,0.0,-0.09092541038990021,-0.09092541038990021,0.04825805872678757,0.04825805872678757,0.1072983592748642,-1.6541603803634644,-1.0339347124099731,0.0,-0.05904030054807663,-0.05904030054807663,-0.057722173631191254,-0.057722173631191254,-0.0008748364052735269,-0.6500923037528992,-0.5090519785881042,0.0,-0.05684733722591773,-0.05684733722591773
835,27.833333333333332,14,0,0,,4,uneven rough,5,0.0,49.141475677490234,35.46474075317383,0.26594623923301697,1.2682700157165527,0.27422529458999634,1.2682700157165527,0.27422529458999634,5.704174995422363,5.321619987487793,0.5,-0.15742962062358856,0.0867881029844284,0.6341350078582764,0.13711264729499817,0.046258218586444855,0.09380283951759338,0.621202826499939,0.40589284896850586,0.3279620409011841,-0.25764864683151245,0.03238075226545334,0.03238075226545334,0.27955350279808044,-1.2559512853622437,-0.8503743410110474,0.0,-0.2471727505326271,-0.2471727505326271,0.04690141975879669,0.04690141975879669,0.062380582094192505,0.09175705164670944,-1.4449963569641113,0.0,-0.015479162335395813,-0.015479162335395813,0.3106014132499695,0.3106014132499695,0.05822296068072319,0.33490779995918274,-0.8025975227355957,0.0,0.2523784525692463,0.2523784525692463,0.2841250002384186,0.2841250002384186,0.3760681748390198,-1.9097896814346313,1.3634306192398071,0.0,-0.0919431746006012,-0.0919431746006012,0.16398102045059204,0.16398102045059204,0.1486784964799881,1.5442951917648315,-0.1221797913312912,0.0,0.015302523970603943,0.015302523970603943,-0.12882432341575623,-0.12882432341575623,-0.04596780985593796,-1.345132827758789,0.7370138168334961,0.0,-0.08285651355981827,-0.08285651355981827
835,27.833333333333332,24,0,0,,4,uneven rough,11,0.0,93.63579559326172,33.56553268432617,0.36458298563957214,1.920486330986023,1.1973989009857178,1.8054052591323853,1.1973989009857178,8.258194923400879,0.07205995172262192,0.1666666716337204,0.3499344289302826,0.05222305655479431,0.9602431654930115,0.5986994504928589,0.40479379892349243,0.2953897714614868,-0.40400606393814087,0.2582222521305084,0.4495355486869812,0.13066670298576355,0.2833556532859802,0.2833556532859802,0.06134605407714844,1.917899250984192,-0.4146396815776825,0.0,0.2220095992088318,0.2220095992088318,0.1476948857307434,0.1476948857307434,0.17806583642959595,-1.9981666803359985,0.9232614636421204,0.0,-0.03037095069885254,-0.03037095069885254,-0.20200303196907043,-0.20200303196907043,-0.11022277176380157,-1.8306878805160522,0.1597128063440323,0.0,-0.09178026020526886,-0.09178026020526886,0.18075557053089142,0.18075557053089142,-0.0325147770345211,1.9390203952789307,0.8213000297546387,0.0,0.21327034756541252,0.21327034756541252,0.2247677743434906,0.2247677743434906,0.2269243746995926,0.2835894823074341,0.8748249411582947,0.0,-0.0021566003561019897,-0.0021566003561019897,0.06533335149288177,0.06533335149288177,0.024430759251117706,0.7750012874603271,-0.5691582560539246,0.0,0.04090259224176407,0.04090259224176407
836,27.866666666666667,4,0,0,,4,uneven rough,5,0.0,49.27177429199219,33.414249420166016,0.22413821518421173,1.2789106369018555,-1.1793181896209717,1.2789106369018555,-1.1793181896209717,3.0973825454711914,4.961202144622803,0.3333333432674408,0.23892858624458313,0.2221463918685913,0.6394553184509277,-0.5896590948104858,0.5240292549133301,-0.07440812885761261,0.7372455596923828,-0.030879735946655273,0.1884482055902481,-0.2616943418979645,0.36682048439979553,0.36682048439979553,0.28950878977775574,1.999127745628357,-0.14419157803058624,0.0,0.0773116946220398,0.0773116946220398,-0.11905300617218018,-0.11905300617218018,0.007344586309045553,-1.997795820236206,-1.6636078357696533,0.0,-0.12639759248122573,-0.12639759248122573,0.3686227798461914,0.3686227798461914,0.061296358704566956,-0.5667036771774292,-0.3176669180393219,0.0,0.30732642114162445,0.30732642114162445,-0.02161581441760063,-0.02161581441760063,0.16053809225559235,-1.9374228715896606,-1.1075613498687744,0.0,-0.18215390667319298,-0.18215390667319298,0.09422410279512405,0.09422410279512405,0.09584841132164001,0.03251546248793602,-1.3846114873886108,0.0,-0.0016243085265159607,-0.0016243085265159607,-0.13084717094898224,-0.13084717094898224,-0.012733707204461098,-0.9864927530288696,-0.5887964367866516,0.0,-0.11811346374452114,-0.11811346374452114
836,27.866666666666667,14,0,0,,4,uneven rough,5,0.0,49.140323638916016,35.423702239990234,0.2594539225101471,1.4546420574188232,-0.1915992945432663,1.4546420574188232,-0.1915992945432663,3.9118382930755615,6.658391952514648,0.5,0.08915837854146957,0.2293478548526764,0.7273210287094116,-0.09579964727163315,0.8591086864471436,-0.38216933608055115,0.42853617668151855,0.1517641693353653,0.37781551480293274,-0.3975204825401306,0.6013760566711426,0.6013760566711426,0.3228609263896942,1.9824085235595703,-1.079688310623169,0.0,0.27851513028144836,0.27851513028144836,-0.6114709377288818,-0.6114709377288818,0.023536421358585358,-1.9564048051834106,-0.576113224029541,0.0,-0.6350073590874672,-0.6350073590874672,0.21426808834075928,0.21426808834075928,0.0789920911192894,0.5477712154388428,-0.1594499796628952,0.0,0.13527599722146988,0.13527599722146988,0.10623491555452347,0.10623491555452347,0.31226953864097595,-1.6445822715759277,-0.4872540235519409,0.0,-0.20603462308645248,-0.20603462308645248,0.18890775740146637,0.18890775740146637,0.20176582038402557,0.8015215396881104,0.8200481534004211,0.0,-0.012858062982559204,-0.012858062982559204,-0.1987602412700653,-0.1987602412700653,-0.07758742570877075,-1.2564400434494019,-0.4402356445789337,0.0,-0.12117281556129456,-0.12117281556129456
836,27.866666666666667,24,0,0,,4,uneven rough,11,0.0,93.69461059570312,33.572696685791016,0.3462299704551697,1.9419549703598022,-0.2809038758277893,1.8617892265319824,-0.2809038758277893,8.793204307556152,0.9000364542007446,0.1666666716337204,0.040564775466918945,0.47755560278892517,0.9709774851799011,-0.14045193791389465,-0.15815509855747223,0.06506256014108658,0.6093474626541138,-0.12562932074069977,0.6875801086425781,0.05966506525874138,-0.1107085645198822,-0.1107085645198822,0.036007676273584366,-1.3816548585891724,0.9041820168495178,0.0,-0.14671624079346657,-0.14671624079346657,0.03253128007054329,0.03253128007054329,0.12172006815671921,-1.8828275203704834,-0.7285192608833313,0.0,-0.08918878808617592,-0.08918878808617592,0.3046737313270569,0.3046737313270569,-0.04319261759519577,2.0105481147766113,-0.9656633138656616,0.0,0.34786634892225266,0.34786634892225266,-0.0879405215382576,-0.0879405215382576,-0.020608151331543922,-1.9372577667236328,1.453261137008667,0.0,-0.06733237020671368,-0.06733237020671368,0.34379005432128906,0.34379005432128906,0.278647243976593,1.7643276453018188,0.5405393242835999,0.0,0.06514281034469604,0.06514281034469604,0.02983253262937069,0.02983253262937069,0.056380659341812134,0.4501991868019104,0.1908319592475891,0.0,-0.026548126712441444,-0.026548126712441444
837,27.9,4,0,0,,4,uneven rough,5,0.0,49.265533447265625,33.370086669921875,0.217401921749115,0.7252450585365295,-0.9969870448112488,0.7252450585365295,-0.9969870448112488,1.8392596244812012,3.1008448600769043,0.3333333432674408,0.07168736308813095,0.04749641939997673,0.36262252926826477,-0.4984935224056244,0.3812815546989441,-0.029706299304962158,0.8372406959533691,0.20324967801570892,0.3212883472442627,-0.22599880397319794,0.2668970823287964,0.2668970823287964,0.2716277837753296,-1.3507921695709229,1.0676449537277222,0.0,-0.004730701446533203,-0.004730701446533203,-0.04753008112311363,-0.04753008112311363,-0.038824662566185,-1.567905306816101,-1.8525583744049072,0.0,-0.008705418556928635,-0.008705418556928635,0.41862034797668457,0.41862034797668457,0.08533558249473572,0.10205171257257462,-0.45847275853157043,0.0,0.33328476548194885,0.33328476548194885,0.14227476716041565,0.14227476716041565,0.14839494228363037,0.12431041896343231,-1.5767664909362793,0.0,-0.006120175123214722,-0.006120175123214722,0.16064417362213135,0.16064417362213135,0.16224485635757446,1.6141728162765503,-0.5833653807640076,0.0,-0.0016006827354431152,-0.0016006827354431152,-0.11299940198659897,-0.11299940198659897,-0.040236860513687134,-1.8329577445983887,-0.8136546611785889,0.0,-0.07276254147291183,-0.07276254147291183
837,27.9,14,0,0,,4,uneven rough,5,0.0,49.13480758666992,35.3796272277832,0.25404518842697144,1.5250569581985474,-1.2353298664093018,1.5250569581985474,-1.2353298664093018,2.034925937652588,5.323647975921631,0.3333333432674408,0.2454901784658432,0.15719860792160034,0.7625284790992737,-0.6176649332046509,0.6652013659477234,-0.11291198432445526,0.6653723120689392,0.21779918670654297,0.5262687802314758,-0.5680842995643616,0.46564096212387085,0.46564096212387085,0.3879008889198303,1.9638513326644897,0.6516267657279968,0.0,0.07774007320404053,0.07774007320404053,-0.18065917491912842,-0.18065917491912842,-0.033695466816425323,-0.9523377418518066,-1.3565325736999512,0.0,-0.1469637081027031,-0.1469637081027031,0.3326861560344696,0.3326861560344696,0.13894374668598175,1.9529011249542236,0.24041415750980377,0.0,0.19374240934848785,0.19374240934848785,0.15245942771434784,0.15245942771434784,0.24907748401165009,-1.9334908723831177,-1.1416095495224,0.0,-0.09661805629730225,-0.09661805629730225,0.2631343901157379,0.2631343901157379,0.23339949548244476,-0.4219919443130493,0.8095731735229492,0.0,0.029734894633293152,0.029734894633293152,-0.2840421497821808,-0.2840421497821808,-0.09341055154800415,0.038329511880874634,-0.9017190933227539,0.0,-0.19063159823417664,-0.19063159823417664
837,27.9,24,0,0,,4,uneven rough,11,0.0,93.75550079345703,33.57632064819336,0.33495795726776123,1.8903472423553467,1.2095288038253784,1.8819406032562256,1.2095288038253784,9.7914457321167,2.189059019088745,0.1666666716337204,0.06779086589813232,0.2787158489227295,0.9451736211776733,0.6047644019126892,0.7803459167480469,0.13262319564819336,0.46695223450660706,0.2911060154438019,0.3343939781188965,-0.1551564782857895,0.5462421178817749,0.5462421178817749,0.020099658519029617,-0.027552491053938866,-0.3882342576980591,0.0,0.5261424593627453,0.5261424593627453,0.06631159782409668,0.06631159782409668,0.061634209007024765,-1.3650169372558594,-1.3811671733856201,0.0,0.004677388817071915,0.004677388817071915,0.23347611725330353,0.23347611725330353,0.00889237318187952,1.1650879383087158,0.717091977596283,0.0,0.224583744071424,0.224583744071424,0.20377421379089355,0.20377421379089355,-0.0021124989725649357,1.9898320436477661,-0.46374431252479553,0.0,0.2058867127634585,0.2058867127634585,0.16719698905944824,0.16719698905944824,0.23159587383270264,-1.544192910194397,1.2324714660644531,0.0,-0.0643988847732544,-0.0643988847732544,-0.07757823914289474,-0.07757823914289474,-0.00138079933822155,-1.9700744152069092,0.3374786674976349,0.0,-0.0761974398046732,-0.0761974398046732
838,27.933333333333334,4,0,0,,4,uneven rough,5,0.0,49.25115203857422,33.32966232299805,0.2137354612350464,0.915602445602417,-0.09453238546848297,0.915602445602417,-0.09453238546848297,2.821587324142456,1.9745229482650757,0.3333333432674408,-0.1313449591398239,0.14288002252578735,0.4578012228012085,-0.047266192734241486,0.8023887276649475,-0.057559527456760406,0.4280224144458771,0.2472294718027115,0.271014541387558,0.1711779683828354,0.5616720914840698,0.5616720914840698,0.3079761862754822,1.2515246868133545,-0.2997437119483948,0.0,0.25369590520858765,0.25369590520858765,-0.09209524840116501,-0.09209524840116501,-0.09841452538967133,-1.0990846157073975,-1.6916149854660034,0.0,0.006319276988506317,0.006319276988506317,0.21401120722293854,0.21401120722293854,0.14814266562461853,1.693296194076538,-0.14155122637748718,0.0,0.06586854159832001,0.06586854159832001,0.17306062579154968,0.17306062579154968,0.12645721435546875,0.9553307890892029,-0.6149745583534241,0.0,0.04660341143608093,0.04660341143608093,0.135507270693779,0.135507270693779,0.15598800778388977,-0.6608287692070007,0.6591266393661499,0.0,-0.02048073709011078,-0.02048073709011078,0.0855889841914177,0.0855889841914177,0.021943092346191406,2.0066423416137695,-1.3899704217910767,0.0,0.06364589184522629,0.06364589184522629
838,27.933333333333334,14,0,0,,4,uneven rough,5,0.0,49.13119125366211,35.33805465698242,0.2696223855018616,1.141197681427002,-0.4268050789833069,1.141197681427002,-0.4268050789833069,2.0700697898864746,1.4145936965942383,0.3333333432674408,0.4724051356315613,0.18887001276016235,0.570598840713501,-0.21340253949165344,0.4762648344039917,0.564095139503479,0.6514454483985901,0.1681060642004013,0.4173842668533325,-0.3549848198890686,0.3333853781223297,0.3333853781223297,0.39619550108909607,-0.26670363545417786,1.3935608863830566,0.0,-0.06281012296676636,-0.06281012296676636,0.2820475697517395,0.2820475697517395,0.025553299114108086,0.8445823788642883,-1.1280001401901245,0.0,0.2564942706376314,0.2564942706376314,0.32572272419929504,0.32572272419929504,0.2066187709569931,0.6341884136199951,1.2086573839187622,0.0,0.11910395324230194,0.11910395324230194,0.11767424643039703,0.11767424643039703,0.19425711035728455,-1.959105134010315,-1.5893406867980957,0.0,-0.07658286392688751,-0.07658286392688751,0.20869213342666626,0.20869213342666626,0.21915115416049957,-1.6047730445861816,0.11324403434991837,0.0,-0.010459020733833313,-0.010459020733833313,-0.1774924099445343,-0.1774924099445343,-0.12122232466936111,-0.4173048734664917,-0.37021392583847046,0.0,-0.05627008527517319,-0.05627008527517319
838,27.933333333333334,24,0,0,,4,uneven rough,11,0.0,93.82254028320312,33.57892608642578,0.33744147419929504,1.8366526365280151,1.3294001817703247,1.8366526365280151,1.3294001817703247,9.704669952392578,2.4844136238098145,0.1666666716337204,-0.4107229709625244,0.24889060854911804,0.9183263182640076,0.6647000908851624,-0.5091027021408081,0.23979434370994568,0.29461681842803955,0.26088911294937134,0.17777054011821747,0.46024245023727417,-0.3563718795776367,-0.3563718795776367,-0.0373886376619339,-1.8563172817230225,-0.1843041330575943,0.0,-0.3189832419157028,-0.3189832419157028,0.11989717185497284,0.11989717185497284,0.09528443217277527,1.4164036512374878,-1.3720358610153198,0.0,0.02461273968219757,0.02461273968219757,0.14730840921401978,0.14730840921401978,0.05453234910964966,1.9476505517959595,0.9703896641731262,0.0,0.09277606010437012,0.09277606010437012,0.18262237310409546,0.18262237310409546,0.06542138010263443,1.9981640577316284,0.9235121607780457,0.0,0.11720099300146103,0.11720099300146103,0.08888527005910873,0.08888527005910873,0.18317493796348572,-1.906618595123291,-0.3374595642089844,0.0,-0.09428966790437698,-0.09428966790437698,0.23012122511863708,0.23012122511863708,0.04648895561695099,1.998077154159546,-0.9672159552574158,0.0,0.1836322695016861,0.1836322695016861
839,27.966666666666665,4,0,0,,4,uneven rough,5,0.0,49.23678970336914,33.28940200805664,0.2176962047815323,0.638763964176178,-0.7266523838043213,0.638763964176178,-0.7266523838043213,3.1344032287597656,0.3086162209510803,0.17792853713035583,-0.18382957577705383,0.1888134926557541,0.319381982088089,-0.36332619190216064,0.0448894165456295,0.5978237390518188,0.47535422444343567,0.4795837104320526,0.1946869045495987,-0.012424751184880733,0.03142259269952774,0.03142259269952774,0.25728821754455566,-1.8938956260681152,0.5773462057113647,0.0,-0.22586562484502792,-0.22586562484502792,0.2989118695259094,0.2989118695259094,-0.07185371220111847,0.37734830379486084,-1.3565973043441772,0.0,0.3707655817270279,0.3707655817270279,0.23767711222171783,0.23767711222171783,0.18777009844779968,0.5313612222671509,0.8958747982978821,0.0,0.04990701377391815,0.04990701377391815,0.3357085883617401,0.3357085883617401,0.19543105363845825,1.9994381666183472,0.2728789150714874,0.0,0.14027753472328186,0.14027753472328186,0.09734345227479935,0.09734345227479935,0.14109861850738525,-1.7649787664413452,-0.08717852830886841,0.0,-0.04375516623258591,-0.04375516623258591,-0.006212375592440367,-0.006212375592440367,0.03815709054470062,0.049217164516448975,0.5304805040359497,0.0,-0.04436946613714099,-0.04436946613714099
839,27.966666666666665,14,0,0,,4,uneven rough,5,0.0,49.1279296875,35.2956657409668,0.2881109118461609,0.9673582911491394,-0.5673078894615173,0.9673582911491394,-0.5673078894615173,1.371659755706787,4.944812774658203,0.5,0.6184213161468506,0.2689472436904907,0.4836791455745697,-0.28365394473075867,0.6191918849945068,0.31329578161239624,0.6065137982368469,0.21850967407226562,0.3122929632663727,-0.4254075884819031,0.43343430757522583,0.43343430757522583,0.4179411828517914,0.5916022062301636,0.45484432578086853,0.0,0.015493124723434448,0.015493124723434448,0.15664789080619812,0.15664789080619812,0.0941784530878067,1.9204696416854858,-0.012698443606495857,0.0,0.06246943771839142,0.06246943771839142,0.30325689911842346,0.30325689911842346,0.24768413603305817,1.151883602142334,0.8838516473770142,0.0,0.055572763085365295,0.055572763085365295,0.1529567688703537,0.1529567688703537,0.13983483612537384,-0.7443470358848572,-1.7984061241149902,0.0,0.013121932744979858,0.013121932744979858,0.15614648163318634,0.15614648163318634,0.17040058970451355,-1.2131550312042236,-0.8581259250640869,0.0,-0.01425410807132721,-0.01425410807132721,-0.21270379424095154,-0.21270379424095154,-0.15827272832393646,-1.3737632036209106,-0.3968392312526703,0.0,-0.054431065917015076,-0.054431065917015076
839,27.966666666666665,24,0,0,,4,uneven rough,11,0.0,93.88705444335938,33.597862243652344,0.3467594385147095,1.801918625831604,0.17204417288303375,1.801918625831604,0.17204417288303375,9.357672691345215,0.13868004083633423,0.03528500720858574,-0.6277508735656738,0.12794452905654907,0.900959312915802,0.08602208644151688,-0.2316177785396576,0.7121995091438293,-0.1768970638513565,-0.16626858711242676,0.07927219569683075,-0.15662993490695953,-0.16213244199752808,-0.16213244199752808,-0.09976419061422348,-1.991935133934021,-1.129663348197937,0.0,-0.062368251383304596,-0.062368251383304596,0.3560997545719147,0.3560997545719147,0.144756481051445,0.18551355600357056,0.20455282926559448,0.0,0.21134327352046967,0.21134327352046967,-0.08844853192567825,-0.08844853192567825,-0.010574170388281345,-1.9314504861831665,1.5229346752166748,0.0,-0.07787436153739691,-0.07787436153739691,-0.11638800799846649,-0.11638800799846649,0.044125571846961975,-0.22718055546283722,1.5311222076416016,0.0,-0.16051357984542847,-0.16051357984542847,0.039636097848415375,0.039636097848415375,0.1272185742855072,-1.2844791412353516,-1.2246649265289307,0.0,-0.08758247643709183,-0.08758247643709183,-0.07831496745347977,-0.07831496745347977,0.06058564409613609,-1.5260076522827148,0.7093660831451416,0.0,-0.13890061154961586,-0.13890061154961586
840,28.0,4,0,0,,4,uneven rough,5,0.0,49.223506927490234,33.24840545654297,0.2271248996257782,0.26839491724967957,-0.33733028173446655,0.26839491724967957,-0.33733028173446655,3.5073342323303223,1.2903625965118408,0.3333333432674408,-0.35009655356407166,0.06914042681455612,0.13419745862483978,-0.16866514086723328,0.37262576818466187,0.22795388102531433,0.43877407908439636,0.394643634557724,-0.08961065113544464,0.02219618856906891,0.26083803176879883,0.26083803176879883,0.2318788766860962,0.3813236951828003,-0.8198983669281006,0.0,0.028959155082702637,0.028959155082702637,0.11397694051265717,0.11397694051265717,-0.0047286273911595345,1.9939463138580322,-0.37622135877609253,0.0,0.1187055679038167,0.1187055679038167,0.21938703954219818,0.21938703954219818,0.1875695288181305,0.16680458188056946,0.6897781491279602,0.0,0.03181751072406769,0.03181751072406769,0.27625054121017456,0.27625054121017456,0.2513761520385742,1.1445358991622925,1.249078631401062,0.0,0.024874389171600342,0.024874389171600342,-0.14337705075740814,-0.14337705075740814,0.09654954075813293,-1.3980060815811157,-1.0358097553253174,0.0,-0.23992659151554108,-0.23992659151554108,0.011098094284534454,0.011098094284534454,0.02826906554400921,-0.06284403055906296,0.25837334990501404,0.0,-0.017170971259474754,-0.017170971259474754
840,28.0,14,0,0,,4,uneven rough,5,0.0,49.12253189086914,35.25867462158203,0.2921817898750305,0.5598807334899902,-0.751384437084198,0.5598807334899902,-0.751384437084198,1.3948917388916016,2.03043532371521,0.3333333432674408,0.5179519653320312,0.20239600539207458,0.2799403667449951,-0.375692218542099,0.3715894818305969,0.06781703978776932,0.6142432689666748,0.2793727517127991,0.32933780550956726,-0.4629320204257965,0.2601126432418823,0.2601126432418823,0.3555182218551636,-1.9188344478607178,0.5321674942970276,0.0,-0.09540557861328125,-0.09540557861328125,0.03390851989388466,0.03390851989388466,0.0683957114815712,-1.1006730794906616,1.0803182125091553,0.0,-0.03448719158768654,-0.03448719158768654,0.3071216344833374,0.3071216344833374,0.302327036857605,1.8853992223739624,1.0353974103927612,0.0,0.004794597625732422,0.004794597625732422,0.19556091725826263,0.19556091725826263,0.1959291249513626,1.437174677848816,-1.2024391889572144,0.0,-0.0003682076930999756,-0.0003682076930999756,0.16466890275478363,0.16466890275478363,0.13133253157138824,-0.3992963433265686,-1.058859944343567,0.0,0.033336371183395386,0.033336371183395386,-0.23146601021289825,-0.23146601021289825,-0.18867802619934082,-0.6020944118499756,-0.9491937756538391,0.0,-0.042787984013557434,-0.042787984013557434
840,28.0,24,0,0,,4,uneven rough,11,0.0,93.94905090332031,33.60802459716797,0.3486933708190918,1.9695370197296143,0.38185134530067444,1.8791099786758423,0.38185134530067444,8.50788402557373,4.143813133239746,0.5,-0.14573895931243896,0.22457873821258545,0.9847685098648071,0.19092567265033722,0.363229364156723,0.6007002592086792,-0.23647844791412354,0.10572199523448944,0.5219592452049255,-0.05563592165708542,0.2542605400085449,0.2542605400085449,-0.06936603039503098,0.8404304385185242,-1.617193341255188,0.0,0.3236265704035759,0.3236265704035759,0.3003501296043396,0.3003501296043396,0.21124926209449768,1.7044665813446045,0.19378799200057983,0.0,0.08910086750984192,0.08910086750984192,-0.11823922395706177,-0.11823922395706177,-0.07635051757097244,-0.7132902145385742,-0.4301808774471283,0.0,-0.041888706386089325,-0.041888706386089325,0.07400539517402649,0.07400539517402649,0.02730143629014492,1.0776519775390625,0.5369746685028076,0.0,0.04670395888388157,0.04670395888388157,0.26097962260246277,0.26097962260246277,0.1937113106250763,1.9999840259552002,-1.2584840059280396,0.0,0.06726831197738647,0.06726831197738647,-0.02781796082854271,-0.02781796082854271,-0.004854557570070028,-1.9999747276306152,-0.5545182228088379,0.0,-0.02296340325847268,-0.02296340325847268
841,28.03333333333333,4,0,0,,4,uneven rough,5,0.0,49.219505310058594,33.20426940917969,0.2209910750389099,0.6285827159881592,-0.4740631580352783,0.6285827159881592,-0.4740631580352783,4.1080546379089355,0.7108089923858643,0.3333333432674408,-0.4673822820186615,0.13491493463516235,0.3142913579940796,-0.23703157901763916,0.1672208607196808,0.1562565714120865,0.36654582619667053,0.2525712847709656,0.3015718162059784,-0.39152249693870544,0.11705460399389267,0.11705460399389267,0.19341835379600525,-1.9227628707885742,-0.1407252699136734,0.0,-0.07636374980211258,-0.07636374980211258,0.07812828570604324,0.07812828570604324,0.06050731614232063,1.4111950397491455,0.9638757109642029,0.0,0.01762096956372261,0.01762096956372261,0.18327291309833527,0.18327291309833527,0.1670033484697342,-0.9785224199295044,0.39408794045448303,0.0,0.016269564628601074,0.016269564628601074,0.17679989337921143,0.17679989337921143,0.25412407517433167,-1.0805261135101318,1.1899700164794922,0.0,-0.07732418179512024,-0.07732418179512024,0.1507859081029892,0.1507859081029892,0.1382531225681305,2.030287504196167,-1.2405961751937866,0.0,0.012532785534858704,0.012532785534858704,-0.19576124846935272,-0.19576124846935272,-0.015863770619034767,-1.3296223878860474,0.07675646990537643,0.0,-0.17989747785031796,-0.17989747785031796
841,28.03333333333333,14,0,0,,4,uneven rough,5,0.0,49.10755920410156,35.221622467041016,0.2984384596347809,1.064215898513794,-0.18685773015022278,1.064215898513794,-0.18685773015022278,4.514589309692383,1.0542289018630981,0.3333333432674408,0.2990109324455261,0.2532127797603607,0.532107949256897,-0.09342886507511139,0.7833437919616699,0.2575690448284149,-0.1802223175764084,0.4446595013141632,-0.1034369096159935,0.26090237498283386,0.5483406186103821,0.5483406186103821,0.36901894211769104,1.5835894346237183,-0.8536334037780762,0.0,0.17932167649269104,0.17932167649269104,0.12878452241420746,0.12878452241420746,0.11264298856258392,1.876510739326477,-0.15281817317008972,0.0,0.016141533851623535,0.016141533851623535,-0.0901111587882042,-0.0901111587882042,0.25380638241767883,-2.000000238418579,1.5159900188446045,0.0,-0.343917541205883,-0.343917541205883,0.3112616539001465,0.3112616539001465,0.24680598080158234,1.9981731176376343,0.2900032103061676,0.0,0.06445567309856415,0.06445567309856415,-0.16549906134605408,-0.16549906134605408,0.08442909270524979,-1.8821345567703247,-0.6859415173530579,0.0,-0.24992815405130386,-0.24992815405130386,0.13045118749141693,0.13045118749141693,-0.13938584923744202,1.9245070219039917,-0.7529431581497192,0.0,0.26983703672885895,0.26983703672885895
841,28.03333333333333,24,0,0,,4,uneven rough,11,0.0,94.00708770751953,33.61492156982422,0.348060667514801,1.8702152967453003,0.05845487117767334,1.8702152967453003,0.05845487117767334,9.416001319885254,2.3356804847717285,0.1666666716337204,-0.17543962597846985,0.20674416422843933,0.9351076483726501,0.02922743558883667,0.07363695651292801,0.28319045901298523,-0.0889185443520546,-0.07158425450325012,0.274952232837677,-0.21240739524364471,0.051545869559049606,0.051545869559049606,-0.0029579056426882744,1.9741820096969604,-0.22764842212200165,0.0,0.05450377520173788,0.05450377520173788,0.14159522950649261,0.14159522950649261,0.16398434340953827,-0.4335445165634155,1.0479283332824707,0.0,-0.022389113903045654,-0.022389113903045654,-0.0444592721760273,-0.0444592721760273,-0.036140259355306625,1.0513917207717896,-0.5902513861656189,0.0,-0.008319012820720673,-0.008319012820720673,-0.050108976662158966,-0.050108976662158966,-0.024633320048451424,-1.9951329231262207,0.8426746129989624,0.0,-0.025475656613707542,-0.025475656613707542,0.1374761164188385,0.1374761164188385,0.1274317353963852,-1.9859589338302612,0.5838596224784851,0.0,0.010044381022453308,0.010044381022453308,-0.10620369762182236,-0.10620369762182236,-0.03882668539881706,-0.49358293414115906,-1.3717819452285767,0.0,-0.0673770122230053,-0.0673770122230053
842,28.066666666666666,4,0,0,,4,uneven rough,5,0.0,49.21577453613281,33.16141891479492,0.21520927548408508,0.6260951161384583,0.3270540237426758,0.6260951161384583,0.3270540237426758,3.088134527206421,3.7126150131225586,0.3333333432674408,-0.566989541053772,0.22129301726818085,0.3130475580692291,0.1635270118713379,0.898510217666626,-0.1877012997865677,0.24714365601539612,0.27011123299598694,0.309266060590744,-0.3228589594364166,0.6289571523666382,0.6289571523666382,0.23468628525733948,1.6670856475830078,-1.1482925415039062,0.0,0.3942708671092987,0.3942708671092987,-0.3003220856189728,-0.3003220856189728,0.025732601061463356,0.14678868651390076,1.216790795326233,0.0,-0.32605468668043613,-0.32605468668043613,0.12357182800769806,0.12357182800769806,0.14233681559562683,-1.2621101140975952,-0.38198843598365784,0.0,-0.018764987587928772,-0.018764987587928772,0.18907785415649414,0.18907785415649414,0.1846931427717209,-1.6256980895996094,-0.09377259761095047,0.0,0.004384711384773254,0.004384711384773254,0.154633030295372,0.154633030295372,0.12922237813472748,0.528139591217041,0.6087673306465149,0.0,0.02541065216064453,0.02541065216064453,-0.1614294797182083,-0.1614294797182083,-0.012987987138330936,-0.04221682250499725,-0.7184126377105713,0.0,-0.14844149257987738,-0.14844149257987738
842,28.066666666666666,14,0,0,,4,uneven rough,5,0.0,49.089698791503906,35.18429183959961,0.29920855164527893,1.405168056488037,-0.16362859308719635,1.405168056488037,-0.16362859308719635,7.15729284286499,0.0,0.0,0.3780350685119629,0.4202606678009033,0.7025840282440186,-0.08181429654359818,-0.6679031848907471,0.6081618070602417,0.5987166166305542,0.6922343969345093,0.14212776720523834,0.12002581357955933,-0.467532217502594,-0.467532217502594,0.344496488571167,-1.5334312915802002,0.5243767499923706,0.0,-0.812028706073761,-0.812028706073761,0.30408090353012085,0.30408090353012085,0.17700853943824768,1.6391760110855103,0.9945680499076843,0.0,0.12707236409187317,0.12707236409187317,0.2993583083152771,0.2993583083152771,0.2956021726131439,1.514700174331665,-0.47195717692375183,0.0,0.0037561357021331787,0.0037561357021331787,0.48456406593322754,0.48456406593322754,0.3172052502632141,1.9998964071273804,1.255805492401123,0.0,0.16735881567001343,0.16735881567001343,0.07106388360261917,0.07106388360261917,0.08255153149366379,-0.09018061310052872,-1.3622711896896362,0.0,-0.011487647891044617,-0.011487647891044617,0.06001290678977966,0.06001290678977966,-0.09242384880781174,1.5882989168167114,0.7608919739723206,0.0,0.1524367555975914,0.1524367555975914
842,28.066666666666666,24,0,0,,4,uneven rough,11,0.0,94.06470489501953,33.62818145751953,0.35486680269241333,1.9329715967178345,-0.304591566324234,1.8609459400177002,-0.304591566324234,9.902503967285156,3.1672885417938232,0.3333333432674408,0.11386387050151825,0.10129549354314804,0.9664857983589172,-0.152295783162117,0.03678103908896446,0.32639384269714355,-0.01827021688222885,-0.32794657349586487,0.12781552970409393,-0.4149770438671112,0.025746727362275124,0.025746727362275124,0.04940236359834671,0.6012833118438721,1.0172704458236694,0.0,-0.023655636236071587,-0.023655636236071587,0.16319692134857178,0.16319692134857178,0.17001749575138092,0.5350614190101624,0.21030092239379883,0.0,-0.006820574402809143,-0.006820574402809143,-0.009135108441114426,-0.009135108441114426,-0.009479958564043045,0.09910334646701813,0.33793655037879944,0.0,0.0003448501229286194,0.0003448501229286194,-0.22956259548664093,-0.22956259548664093,-0.08422910422086716,-1.4738311767578125,-0.7618268728256226,0.0,-0.14533349126577377,-0.14533349126577377,0.06390776485204697,0.06390776485204697,0.06421566754579544,-1.5085885524749756,-0.8691204190254211,0.0,-0.0003079026937484741,-0.0003079026937484741,-0.2074885219335556,-0.2074885219335556,-0.070426806807518,-1.4386909008026123,-0.8752467036247253,0.0,-0.1370617151260376,-0.1370617151260376
843,28.099999999999998,4,0,0,,4,uneven rough,5,0.0,49.21488571166992,33.11468505859375,0.21561941504478455,1.2485361099243164,-0.9441468119621277,1.2485361099243164,-0.9441468119621277,3.963574171066284,4.109868049621582,0.3333333432674408,-0.7663617134094238,0.07959897071123123,0.6242680549621582,-0.47207340598106384,0.31629323959350586,0.27876362204551697,0.4538968503475189,0.1235564649105072,0.2828221321105957,-0.2553628981113434,0.2214052677154541,0.2214052677154541,0.2587880790233612,-0.08839152008295059,0.44352734088897705,0.0,-0.037382811307907104,-0.037382811307907104,0.13938181102275848,0.13938181102275848,0.09271383285522461,1.6896414756774902,0.6118096709251404,0.0,0.046667978167533875,0.046667978167533875,0.22694842517375946,0.22694842517375946,0.18437154591083527,-0.9966447353363037,-0.8796107769012451,0.0,0.042576879262924194,0.042576879262924194,0.08648952096700668,0.08648952096700668,0.13207906484603882,-1.5199909210205078,-0.9599260091781616,0.0,-0.045589543879032135,-0.045589543879032135,0.14141106605529785,0.14141106605529785,0.16188493371009827,0.5104386806488037,0.5631802678108215,0.0,-0.020473867654800415,-0.020473867654800415,-0.1276814490556717,-0.1276814490556717,-0.03461359441280365,-0.5920853018760681,-0.3360902965068817,0.0,-0.09306785464286804,-0.09306785464286804
843,28.099999999999998,14,0,0,,4,uneven rough,5,0.0,49.07978057861328,35.14712905883789,0.305889368057251,0.7761471271514893,0.6856128573417664,0.7761471271514893,0.6856128573417664,5.741090297698975,3.3333334922790527,0.1666666716337204,0.15766778588294983,0.39808496832847595,0.38807356357574463,0.3428064286708832,0.017328428104519844,0.653130292892456,0.11506316810846329,0.4590885639190674,-0.10587434470653534,0.4053516983985901,0.012129899114370346,0.012129899114370346,0.285169780254364,-1.2629960775375366,-0.6391116380691528,0.0,-0.27303988113999367,-0.27303988113999367,0.326565146446228,0.326565146446228,0.24318142235279083,1.9715265035629272,1.3590306043624878,0.0,0.0833837240934372,0.0833837240934372,0.057531584054231644,0.057531584054231644,0.2309228777885437,-1.9420576095581055,0.6513024568557739,0.0,-0.17339129373431206,-0.17339129373431206,0.3213619887828827,0.3213619887828827,0.34323588013648987,-0.3975168764591217,1.676515817642212,0.0,-0.021873891353607178,-0.021873891353607178,-0.1693989485502243,-0.1693989485502243,0.0322376973927021,-1.3898688554763794,-0.6430288553237915,0.0,-0.2016366459429264,-0.2016366459429264,0.20267584919929504,0.20267584919929504,-0.046088818460702896,1.562002182006836,1.22870934009552,0.0,0.24876466765999794,0.24876466765999794
843,28.099999999999998,24,0,0,,4,uneven rough,11,0.0,94.12354278564453,33.64241027832031,0.3492366671562195,1.8902992010116577,-0.5260327458381653,1.8734240531921387,-0.5260327458381653,10.458919525146484,2.065253734588623,0.2944416403770447,0.3202071785926819,0.1299583613872528,0.9451496005058289,-0.26301637291908264,0.3662894070148468,0.23168811202049255,-0.008197485469281673,-0.21064549684524536,0.2182108759880066,-0.6684529781341553,0.2564025819301605,0.2564025819301605,0.11610343307256699,1.9427485466003418,0.7820705771446228,0.0,0.14029914885759354,0.14029914885759354,0.11584405601024628,0.11584405601024628,0.14613671600818634,-1.2619506120681763,0.3939210772514343,0.0,-0.030292659997940063,-0.030292659997940063,-0.004098742734640837,-0.004098742734640837,-0.010715397074818611,0.5238150954246521,0.20289982855319977,0.0,0.006616654340177774,0.006616654340177774,-0.14745184779167175,-0.14745184779167175,-0.14110076427459717,-1.3106105327606201,-1.1643953323364258,0.0,-0.006351083517074585,-0.006351083517074585,0.1091054379940033,0.1091054379940033,0.07471977919340134,1.3538198471069336,-1.2306768894195557,0.0,0.03438565880060196,0.03438565880060196,-0.33422648906707764,-0.33422648906707764,-0.1134525015950203,-1.662556767463684,-1.1938190460205078,0.0,-0.22077398747205734,-0.22077398747205734
844,28.133333333333333,4,0,0,,4,uneven rough,5,0.0,49.20916748046875,33.067344665527344,0.21891115605831146,0.3819918930530548,-0.12276463210582733,0.3819918930530548,-0.12276463210582733,0.7652047872543335,0.7937220931053162,0.3333333432674408,-0.6830383539199829,0.1887497901916504,0.1909959465265274,-0.061382316052913666,0.64737468957901,0.38430342078208923,0.10443305969238281,0.3160555958747864,0.27356722950935364,-0.05390195921063423,0.453162282705307,0.453162282705307,0.29970988631248474,1.5910741090774536,0.14277946949005127,0.0,0.15345239639282227,0.15345239639282227,0.19215171039104462,0.19215171039104462,0.1607026606798172,1.9979287385940552,1.2212177515029907,0.0,0.03144904971122742,0.03144904971122742,0.052216529846191406,0.052216529846191406,0.11818883568048477,-1.9999995231628418,-0.9457820057868958,0.0,-0.06597230583429337,-0.06597230583429337,0.221238911151886,0.221238911151886,0.14157184958457947,1.9961124658584595,-1.276587724685669,0.0,0.07966706156730652,0.07966706156730652,0.13678361475467682,0.13678361475467682,0.1482338309288025,-1.0135446786880493,0.5333600640296936,0.0,-0.011450216174125671,-0.011450216174125671,-0.026950979605317116,-0.026950979605317116,-0.03891318291425705,0.4627488851547241,-0.4808303415775299,0.0,0.011962203308939934,0.011962203308939934
844,28.133333333333333,14,0,0,,4,uneven rough,5,0.0,49.0825309753418,35.1086540222168,0.31322094798088074,0.8976091742515564,0.6952218413352966,0.8976091742515564,0.6952218413352966,4.502114772796631,2.5828208923339844,0.5,0.36434686183929443,0.36110377311706543,0.4488045871257782,0.3476109206676483,-0.0459827221930027,0.5209386348724365,0.4640901982784271,0.1699342131614685,-0.06616778671741486,0.0006312243058346212,-0.03218790516257286,-0.03218790516257286,0.22714044153690338,-1.7179604768753052,-0.9918570518493652,0.0,-0.25932834669947624,-0.25932834669947624,0.26046931743621826,0.26046931743621826,0.2648983895778656,-0.027769185602664948,1.7053369283676147,0.0,-0.004429072141647339,-0.004429072141647339,0.23204509913921356,0.23204509913921356,0.20762784779071808,-0.5572860240936279,-0.8149879574775696,0.0,0.024417251348495483,0.024417251348495483,0.11895395070314407,0.11895395070314407,0.2898736894130707,-1.9884741306304932,0.503853976726532,0.0,-0.1709197387099266,-0.1709197387099266,-0.10586845874786377,-0.10586845874786377,-0.03281472995877266,-1.897566318511963,-1.065293550491333,0.0,-0.07305372878909111,-0.07305372878909111,0.0003156121529173106,0.0003156121529173106,0.02346053346991539,1.8922605514526367,1.4171537160873413,0.0,-0.02314492131699808,-0.02314492131699808
844,28.133333333333333,24,0,0,,4,uneven rough,11,0.0,94.18461608886719,33.64667892456055,0.32968199253082275,1.9121181964874268,0.307789146900177,1.8901461362838745,0.307789146900177,9.900908470153809,3.3333334922790527,0.1666666716337204,0.6886464953422546,0.10933591425418854,0.9560590982437134,0.1538945734500885,0.6691449880599976,0.15163205564022064,0.02422178164124489,0.22616907954216003,0.36879023909568787,-0.3577582538127899,0.4684014916419983,0.4684014916419983,0.1776823103427887,1.240931510925293,1.4383199214935303,0.0,0.2907191812992096,0.2907191812992096,0.07581602782011032,0.07581602782011032,0.08490222692489624,-1.3661576509475708,-0.5423117280006409,0.0,-0.00908619910478592,-0.00908619910478592,0.012110890820622444,0.012110890820622444,-0.0025745334569364786,-0.9658578038215637,0.3843458890914917,0.0,0.014685424277558923,0.014685424277558923,0.15831835567951202,0.15831835567951202,-0.09749242663383484,1.9176418781280518,-1.2470656633377075,0.0,0.25581078231334686,0.25581078231334686,0.18439511954784393,0.18439511954784393,0.13638994097709656,2.0031321048736572,0.2306022197008133,0.0,0.048005178570747375,0.048005178570747375,-0.17887912690639496,-0.17887912690639496,-0.13768324255943298,0.1227080300450325,-1.4588441848754883,0.0,-0.041195884346961975,-0.041195884346961975
845,28.166666666666668,4,0,0,,4,uneven rough,5,0.0,49.201602935791016,33.02470779418945,0.22088992595672607,0.5346043109893799,-0.5881674885749817,0.5346043109893799,-0.5881674885749817,2.598444938659668,0.0,0.0,-0.7526962757110596,0.2120376080274582,0.26730215549468994,-0.29408374428749084,0.08699676394462585,0.35789918899536133,0.48277348279953003,0.5419800877571106,0.06499945372343063,-0.012841930612921715,0.06089773401618004,0.06089773401618004,0.2645019590854645,-1.8589227199554443,0.9616478681564331,0.0,-0.20360422506928444,-0.20360422506928444,0.17894959449768066,0.17894959449768066,0.17784981429576874,0.40855202078819275,1.6603715419769287,0.0,0.0010997802019119263,0.0010997802019119263,0.24138674139976501,0.24138674139976501,0.15059219300746918,0.5871192812919617,-1.5418384075164795,0.0,0.09079454839229584,0.09079454839229584,0.3793860673904419,0.3793860673904419,0.2135802060365677,2.0110690593719482,0.5738028287887573,0.0,0.1658058613538742,0.1658058613538742,0.03249972686171532,0.03249972686171532,0.09001711010932922,-1.5946621894836426,-0.34126266837120056,0.0,-0.05751738324761391,-0.05751738324761391,-0.006420965306460857,-0.006420965306460857,0.02093527838587761,2.011887311935425,0.052671048790216446,0.0,-0.027356243692338467,-0.027356243692338467
845,28.166666666666668,14,0,0,,4,uneven rough,5,0.0,49.084190368652344,35.064876556396484,0.30237865447998047,1.1616194248199463,-0.24503429234027863,1.1616194248199463,-0.24503429234027863,4.186993598937988,3.4016242027282715,0.3333333432674408,0.1811918318271637,0.2942625880241394,0.5808097124099731,-0.12251714617013931,0.5019151568412781,0.4246371388435364,0.5400136113166809,-0.17889732122421265,0.12583400309085846,-0.29781338572502136,0.3513405919075012,0.3513405919075012,0.2696000635623932,2.0001299381256104,-1.4023972749710083,0.0,0.08174052834510803,0.08174052834510803,0.2123185694217682,0.2123185694217682,0.2536819875240326,-1.6306970119476318,0.7254356145858765,0.0,-0.041363418102264404,-0.041363418102264404,0.27000680565834045,0.27000680565834045,0.24811634421348572,0.7247155904769897,-0.669282853603363,0.0,0.021890461444854736,0.021890461444854736,-0.1252281218767166,-0.1252281218767166,0.22205306589603424,-1.7556997537612915,-0.9053127765655518,0.0,-0.34728118777275085,-0.34728118777275085,0.06291700154542923,0.06291700154542923,0.010673468001186848,1.8330535888671875,-1.5358620882034302,0.0,0.05224353354424238,0.05224353354424238,-0.14890669286251068,-0.14890669286251068,0.042203061282634735,-0.7823504209518433,1.6857799291610718,0.0,-0.19110975414514542,-0.19110975414514542
845,28.166666666666668,24,0,0,,4,uneven rough,11,0.0,94.24993896484375,33.651214599609375,0.3183511197566986,1.972877860069275,0.37230926752090454,1.874165654182434,0.37230926752090454,6.157845973968506,5.980001449584961,0.5,1.0323090553283691,0.08813995122909546,0.9864389300346375,0.18615463376045227,0.07540488988161087,0.3704746663570404,0.12632621824741364,0.6402987241744995,0.5567108988761902,0.5862303972244263,0.05278342217206955,0.05278342217206955,0.1366063952445984,-1.9553258419036865,1.3267161846160889,0.0,-0.08382297307252884,-0.08382297307252884,0.1852373331785202,0.1852373331785202,0.1265968680381775,1.8369919061660767,-1.0081156492233276,0.0,0.05864046514034271,0.05864046514034271,0.06316310912370682,0.06316310912370682,0.03970026969909668,-0.6516259908676147,-0.3790616989135742,0.0,0.023462839424610138,0.023462839424610138,0.44820910692214966,0.44820910692214966,-0.027441617101430893,1.4430922269821167,0.5422656536102295,0.0,0.47565072402358055,0.47565072402358055,0.2783554494380951,0.2783554494380951,0.2203780561685562,1.5474505424499512,1.2327938079833984,0.0,0.05797739326953888,0.05797739326953888,0.29311519861221313,0.29311519861221313,-0.07662876695394516,0.7471095323562622,-0.5646317601203918,0.0,0.3697439655661583,0.3697439655661583
846,28.2,4,0,0,,4,uneven rough,5,0.0,49.2031364440918,32.97697067260742,0.22965964674949646,1.0686357021331787,-0.25639113783836365,1.0686357021331787,-0.25639113783836365,6.388069152832031,1.3710825443267822,0.3333333432674408,-0.44377511739730835,0.19374297559261322,0.5343178510665894,-0.12819556891918182,0.5152455568313599,0.6249758005142212,0.00025061145424842834,0.14277350902557373,0.022505175322294235,-0.15536850690841675,0.36067187786102295,0.36067187786102295,0.3146010935306549,2.00093150138855,-0.6331077814102173,0.0,0.04607078433036804,0.04607078433036804,0.3124879002571106,0.3124879002571106,0.2437436282634735,1.9987149238586426,0.9525905847549438,0.0,0.06874427199363708,0.06874427199363708,0.00012530572712421417,0.00012530572712421417,0.08376368880271912,-2.0013134479522705,-0.3381218910217285,0.0,-0.0836383830755949,-0.0836383830755949,0.09994145482778549,0.09994145482778549,0.1703159511089325,-1.9207231998443604,1.3864357471466064,0.0,-0.070374496281147,-0.070374496281147,0.011252587661147118,0.011252587661147118,0.041293445974588394,-1.8016281127929688,-1.0499370098114014,0.0,-0.030040858313441277,-0.030040858313441277,-0.07768425345420837,-0.07768425345420837,-0.030496766790747643,-1.850867509841919,1.1604154109954834,0.0,-0.04718748666346073,-0.04718748666346073
846,28.2,14,0,0,,4,uneven rough,5,0.0,49.078208923339844,35.022247314453125,0.2726869285106659,0.857181191444397,0.8739215731620789,0.857181191444397,0.8739215731620789,1.3690869808197021,1.486635446548462,0.3333333432674408,0.09632323682308197,0.17539626359939575,0.4285905957221985,0.43696078658103943,0.6814867258071899,0.06801506876945496,0.21002784371376038,0.4633082151412964,0.18632151186466217,0.124424509704113,0.47704070806503296,0.47704070806503296,0.3262903392314911,1.9476732015609741,0.5213977098464966,0.0,0.15075036883354187,0.15075036883354187,0.03400753438472748,0.03400753438472748,0.18786877393722534,-1.9988988637924194,-0.6067259907722473,0.0,-0.15386123955249786,-0.15386123955249786,0.10501392185688019,0.10501392185688019,0.18667104840278625,-2.0000007152557373,0.11888637393712997,0.0,-0.08165712654590607,-0.08165712654590607,0.32431575655937195,0.32431575655937195,0.24647480249404907,1.999981164932251,-1.3861230611801147,0.0,0.07784095406532288,0.07784095406532288,0.09316075593233109,0.09316075593233109,0.07359418272972107,1.985593557357788,0.3689288794994354,0.0,0.019566573202610016,0.019566573202610016,0.0622122548520565,0.0622122548520565,0.0521174892783165,1.0874003171920776,0.2902945876121521,0.0,0.010094765573740005,0.010094765573740005
846,28.2,24,0,0,,4,uneven rough,11,0.0,94.31172180175781,33.658241271972656,0.3040274977684021,1.9269542694091797,0.5055485367774963,1.8744094371795654,0.5055485367774963,9.507183074951172,1.1913596391677856,0.3333333432674408,1.3469719886779785,0.10589786618947983,0.9634771347045898,0.25277426838874817,0.30447277426719666,-0.035192523151636124,-0.31911182403564453,0.34868428111076355,0.3940163552761078,0.5331518650054932,0.21313093602657318,0.21313093602657318,0.15498605370521545,1.946232557296753,-0.5289562940597534,0.0,0.05814488232135773,0.05814488232135773,-0.05630803853273392,-0.05630803853273392,0.06922651827335358,-0.46387583017349243,0.6005132794380188,0.0,-0.1255345568060875,-0.1255345568060875,-0.15955591201782227,-0.15955591201782227,-0.026813317090272903,-0.8456959128379822,-0.5331700444221497,0.0,-0.13274259492754936,-0.13274259492754936,0.24407899379730225,0.24407899379730225,0.02061721310019493,1.882828950881958,1.051594614982605,0.0,0.22346178069710732,0.22346178069710732,0.1970081776380539,0.1970081776380539,0.1758110374212265,-1.4740111827850342,1.4107012748718262,0.0,0.021197140216827393,0.021197140216827393,0.2665759325027466,0.2665759325027466,-0.019849877804517746,0.757236659526825,0.17702911794185638,0.0,0.28642581030726433,0.28642581030726433
847,28.233333333333334,4,0,0,,4,uneven rough,5,0.0,49.21023941040039,32.93396759033203,0.23002684116363525,0.7145310044288635,-0.798750638961792,0.7145310044288635,-0.798750638961792,1.0589768886566162,2.1610629558563232,0.3333333432674408,-0.4771985709667206,0.1326945424079895,0.35726550221443176,-0.399375319480896,0.1427195519208908,0.24395938217639923,0.612555980682373,-0.32937803864479065,-0.3006410300731659,-0.4948427379131317,0.09990368783473969,0.09990368783473969,0.28831321001052856,-1.927496314048767,0.8561827540397644,0.0,-0.18840952217578888,-0.18840952217578888,0.12197969108819962,0.12197969108819962,0.1993989199399948,-1.9817699193954468,1.5440711975097656,0.0,-0.0774192288517952,-0.0774192288517952,0.3062779903411865,0.3062779903411865,0.08123321831226349,-0.1665382981300354,-1.2784934043884277,0.0,0.22504477202892303,0.22504477202892303,-0.23056462407112122,-0.23056462407112122,0.14081840217113495,-0.8811973333358765,-0.48343780636787415,0.0,-0.37138302624225616,-0.37138302624225616,-0.48102566599845886,-0.48102566599845886,-0.022552283480763435,-1.4634252786636353,-1.4749444723129272,0.0,-0.4584733825176954,-0.4584733825176954,-0.24742136895656586,-0.24742136895656586,-0.04329487681388855,0.11776241660118103,-0.5421693325042725,0.0,-0.2041264921426773,-0.2041264921426773
847,28.233333333333334,14,0,0,,4,uneven rough,5,0.0,49.07573699951172,34.97877883911133,0.2589508295059204,1.0365186929702759,1.2805278301239014,1.0365186929702759,1.2805278301239014,5.274180889129639,0.0,0.0,0.40844863653182983,0.40900954604148865,0.5182593464851379,0.6402639150619507,-0.2999119162559509,0.5631892681121826,0.683005690574646,0.8351588249206543,0.16562487185001373,0.2376355677843094,-0.20993833243846893,-0.20993833243846893,0.301663875579834,-1.311888575553894,1.3278164863586426,0.0,-0.5116022080183029,-0.5116022080183029,0.2815946340560913,0.2815946340560913,0.2352515310049057,1.9922857284545898,-1.3938630819320679,0.0,0.04634310305118561,0.04634310305118561,0.341502845287323,0.341502845287323,0.20699025690555573,-0.78103107213974,-1.0791361331939697,0.0,0.13451258838176727,0.13451258838176727,0.584611177444458,0.584611177444458,0.3149581551551819,1.6935358047485352,0.5283862948417664,0.0,0.2696530222892761,0.2696530222892761,0.08281243592500687,0.08281243592500687,0.10009190440177917,-0.4115939140319824,1.282994031906128,0.0,-0.01727946847677231,-0.01727946847677231,0.1188177838921547,0.1188177838921547,0.07855755090713501,-0.9549269676208496,0.7409796118736267,0.0,0.040260232985019684,0.040260232985019684
847,28.233333333333334,24,0,0,,4,uneven rough,11,0.0,94.37940216064453,33.6646728515625,0.3003336489200592,1.9606611728668213,-0.6018580794334412,1.8325541019439697,-0.6018580794334412,7.5476508140563965,3.4203591346740723,0.3333333432674408,1.3046929836273193,0.18956725299358368,0.9803305864334106,-0.3009290397167206,-0.7212688326835632,-0.10472379624843597,0.42082375288009644,0.2498411238193512,0.5493524074554443,0.43068036437034607,-0.5048881769180298,-0.5048881769180298,0.13450424373149872,-1.7238620519638062,0.8705199360847473,0.0,-0.6393924206495285,-0.6393924206495285,-0.16755807399749756,-0.16755807399749756,0.07626864314079285,2.0037848949432373,-0.0012942190514877439,0.0,-0.2438267171382904,-0.2438267171382904,0.21041187644004822,0.21041187644004822,-0.0034737803507596254,1.4847062826156616,-0.7098727226257324,0.0,0.21388565679080784,0.21388565679080784,0.17488878965377808,0.17488878965377808,0.08873309195041656,1.7327567338943481,1.5215760469436646,0.0,0.08615569770336151,0.08615569770336151,0.27467620372772217,0.27467620372772217,0.18881434202194214,1.4128693342208862,-0.22032031416893005,0.0,0.08586186170578003,0.08586186170578003,0.21534018218517303,0.21534018218517303,0.03138206526637077,1.2001829147338867,0.5050795078277588,0.0,0.18395811691880226,0.18395811691880226
848,28.266666666666666,4,0,0,,4,uneven rough,5,0.0,49.211097717285156,32.88739776611328,0.22031766176223755,1.3669847249984741,-0.415569007396698,1.3669847249984741,-0.415569007396698,5.283077239990234,3.7138891220092773,0.3333333432674408,-0.18890991806983948,0.20275196433067322,0.6834923624992371,-0.207784503698349,0.6922855377197266,0.08442787826061249,0.4794689118862152,0.05755024775862694,0.18929557502269745,-0.21212202310562134,0.48459985852241516,0.48459985852241516,0.33252280950546265,1.6389836072921753,-0.7177143692970276,0.0,0.15207704901695251,0.15207704901695251,0.042213939130306244,0.042213939130306244,0.13862593472003937,-1.95120108127594,-0.4494457244873047,0.0,-0.09641199558973312,-0.09641199558973312,0.2397344559431076,0.2397344559431076,0.126620814204216,0.8580289483070374,-0.649791955947876,0.0,0.1131136417388916,0.1131136417388916,0.040285173803567886,0.040285173803567886,0.0732015073299408,-1.9469281435012817,-0.7083317637443542,0.0,-0.03291633352637291,-0.03291633352637291,0.09464778751134872,0.09464778751134872,0.0343288779258728,1.9831411838531494,-1.4684314727783203,0.0,0.06031890958547592,0.06031890958547592,-0.10606101155281067,-0.10606101155281067,-0.019403822720050812,0.458101361989975,-0.16904273629188538,0.0,-0.08665718883275986,-0.08665718883275986
848,28.266666666666666,14,0,0,,4,uneven rough,5,0.0,49.083126068115234,34.93587875366211,0.2590566873550415,1.232013463973999,1.3870956897735596,1.232013463973999,1.3870956897735596,5.168499946594238,2.870405673980713,0.5,0.20845043659210205,0.09162546694278717,0.6160067319869995,0.6935478448867798,0.21584956347942352,0.4425797164440155,-0.02218954637646675,0.45860227942466736,0.396609365940094,0.2838073968887329,0.1510946899652481,0.1510946899652481,0.2369731366634369,-1.992667555809021,-0.1646774858236313,0.0,-0.08587844669818878,-0.08587844669818878,0.22128985822200775,0.22128985822200775,0.26890361309051514,-0.6400936245918274,0.5206714868545532,0.0,-0.047613754868507385,-0.047613754868507385,-0.011094773188233376,-0.011094773188233376,0.1365646868944168,-0.6462721228599548,-0.9105870127677917,0.0,-0.14765946008265018,-0.14765946008265018,0.32102158665657043,0.32102158665657043,0.35153016448020935,0.16739118099212646,1.1871639490127563,0.0,-0.030508577823638916,-0.030508577823638916,0.198304682970047,0.198304682970047,0.0898272767663002,-0.7457385063171387,0.3248709738254547,0.0,0.1084774062037468,0.1084774062037468,0.14190369844436646,0.14190369844436646,0.08429708331823349,1.1727272272109985,-0.21788902580738068,0.0,0.057606615126132965,0.057606615126132965
848,28.266666666666666,24,0,0,,4,uneven rough,11,0.0,94.44449615478516,33.68100357055664,0.3078998029232025,1.9083948135375977,1.1095250844955444,1.8725570440292358,1.1095250844955444,9.623628616333008,2.016573429107666,0.3333333432674408,1.1482045650482178,0.12508565187454224,0.9541974067687988,0.5547625422477722,-0.00129219819791615,-0.22147849202156067,-0.31921401619911194,-0.1437751203775406,0.5453557968139648,0.07746252417564392,-0.0009045387268997729,-0.0009045387268997729,0.08143585920333862,-2.000141143798828,-0.5963482856750488,0.0,-0.0823403979302384,-0.0823403979302384,-0.35436558723449707,-0.35436558723449707,0.0776304304599762,1.6075795888900757,1.1323810815811157,0.0,-0.43199601769447327,-0.43199601769447327,-0.15960700809955597,-0.15960700809955597,-0.04649997502565384,-1.9512758255004883,0.5309461951255798,0.0,-0.11310703307390213,-0.11310703307390213,-0.10064258426427841,-0.10064258426427841,0.05545477941632271,-1.2938441038131714,1.6409779787063599,0.0,-0.15609736368060112,-0.15609736368060112,0.2726778984069824,0.2726778984069824,0.1971481293439865,2.00079345703125,0.7030880451202393,0.0,0.07552976906299591,0.07552976906299591,0.03873126208782196,0.03873126208782196,0.048464786261320114,-0.6336965560913086,0.8980922102928162,0.0,-0.009733524173498154,-0.009733524173498154
849,28.3,4,0,0,,4,uneven rough,5,0.0,49.19963836669922,32.84032440185547,0.21143706142902374,1.170538306236267,-1.107816457748413,1.170538306236267,-1.107816457748413,2.8013272285461426,3.0009841918945312,0.3333333432674408,-0.13635487854480743,0.07422555983066559,0.5852691531181335,-0.5539082288742065,0.7636734843254089,0.2830922603607178,0.16312995553016663,0.2704816162586212,0.530051589012146,0.1063537448644638,0.5345714092254639,0.5345714092254639,0.3935762941837311,1.9683115482330322,0.6147668957710266,0.0,0.1409951150417328,0.1409951150417328,0.1415461301803589,0.1415461301803589,0.13260066509246826,0.7178994417190552,-1.2985409498214722,0.0,0.008945465087890625,0.008945465087890625,0.08156497776508331,0.08156497776508331,0.09073083102703094,-1.711650013923645,0.20273266732692719,0.0,-0.009165853261947632,-0.009165853261947632,0.1893371343612671,0.1893371343612671,0.08824707567691803,1.9997888803482056,-1.4086363315582275,0.0,0.10109005868434906,0.10109005868434906,0.265025794506073,0.265025794506073,0.10439000278711319,2.0000007152557373,0.48309388756752014,0.0,0.1606357917189598,0.1606357917189598,0.0531768724322319,0.0531768724322319,0.04092099517583847,1.859464406967163,0.1855456680059433,0.0,0.012255877256393433,0.012255877256393433
849,28.3,14,0,0,,4,uneven rough,5,0.0,49.09178161621094,34.893531799316406,0.2553495764732361,1.64994215965271,-0.3610169291496277,1.64994215965271,-0.3610169291496277,6.761568069458008,3.2014307975769043,0.5,0.3334580361843109,0.09025837481021881,0.824971079826355,-0.18050846457481384,0.4122892916202545,0.16402257978916168,0.23918747901916504,0.15222565829753876,-0.13297538459300995,-0.0968235433101654,0.2886025011539459,0.2886025011539459,0.2661367654800415,1.424791693687439,-1.1982263326644897,0.0,0.02246573567390442,0.02246573567390442,0.08201128989458084,0.08201128989458084,0.2073691487312317,-1.7590446472167969,-0.13562719523906708,0.0,-0.12535785883665085,-0.12535785883665085,0.11959373950958252,0.11959373950958252,0.09446574002504349,-1.3831887245178223,-0.761142909526825,0.0,0.025127999484539032,0.025127999484539032,0.10655795782804489,0.10655795782804489,0.28549835085868835,-1.5417693853378296,0.6105825901031494,0.0,-0.17894039303064346,-0.17894039303064346,-0.21276061236858368,-0.21276061236858368,0.03606593981385231,-0.8122554421424866,-0.28045356273651123,0.0,-0.248826552182436,-0.248826552182436,-0.0484117716550827,-0.0484117716550827,0.03231927007436752,0.06958258152008057,0.5683678984642029,0.0,-0.08073104172945023,-0.08073104172945023
849,28.3,24,0,0,,4,uneven rough,11,0.0,94.51073455810547,33.69062042236328,0.30636921525001526,1.8812596797943115,1.1878645420074463,1.848075270652771,1.1878645420074463,9.43362045288086,0.5613659620285034,0.1666666716337204,0.7404072284698486,0.30645155906677246,0.9406298398971558,0.5939322710037231,0.6879228353500366,-0.46929246187210083,-0.37148529291152954,-0.09558963030576706,0.7060352563858032,-0.5400829315185547,0.48154598474502563,0.48154598474502563,0.12243689596652985,1.956795334815979,-1.3900552988052368,0.0,0.3591090887784958,0.3591090887784958,-0.7508679628372192,-0.7508679628372192,0.07168597728013992,0.6976462602615356,1.4010591506958008,0.0,-0.8225539401173592,-0.8225539401173592,-0.18574264645576477,-0.18574264645576477,-0.11280196905136108,-2.0806760787963867,-0.8725065588951111,0.0,-0.07294067740440369,-0.07294067740440369,-0.06691274046897888,-0.06691274046897888,-0.014243604615330696,-1.7175923585891724,-0.018375657498836517,0.0,-0.052669135853648186,-0.052669135853648186,0.3530176281929016,0.3530176281929016,0.24721162021160126,1.6206111907958984,1.4368129968643188,0.0,0.10580600798130035,0.10580600798130035,-0.27004146575927734,-0.27004146575927734,-0.013725708238780499,-2.032043218612671,0.03201610594987869,0.0,-0.25631575752049685,-0.25631575752049685
850,28.333333333333332,4,0,0,,4,uneven rough,5,0.0,49.19300842285156,32.79365921020508,0.20387840270996094,1.150566577911377,0.4645722210407257,1.150566577911377,0.4645722210407257,5.822305679321289,0.0,0.0,-0.2796666622161865,0.18370160460472107,0.5752832889556885,0.23228611052036285,-0.14152364432811737,0.4141245186328888,0.32001835107803345,0.8720027804374695,0.6270525455474854,-0.09231536090373993,-0.09906654804944992,-0.09906654804944992,0.37040773034095764,-1.6477411985397339,1.380063533782959,0.0,-0.46947427839040756,-0.46947427839040756,0.2070622593164444,0.2070622593164444,0.19807648658752441,1.4710814952850342,-0.1584419459104538,0.0,0.008985772728919983,0.008985772728919983,0.16000917553901672,0.16000917553901672,0.06919586658477783,-0.7090134620666504,-0.8796627521514893,0.0,0.09081330895423889,0.09081330895423889,0.6104019284248352,0.6104019284248352,0.1608518362045288,1.8353562355041504,0.5184933543205261,0.0,0.4495500922203064,0.4495500922203064,0.3135262727737427,0.3135262727737427,0.18332846462726593,1.9940311908721924,1.3407557010650635,0.0,0.13019780814647675,0.13019780814647675,-0.046157680451869965,-0.046157680451869965,0.025235818699002266,-0.5214183926582336,1.1319823265075684,0.0,-0.07139349915087223,-0.07139349915087223
850,28.333333333333332,14,0,0,,4,uneven rough,5,0.0,49.102684020996094,34.85375213623047,0.2553040385246277,1.1881558895111084,-0.5296826958656311,1.1881558895111084,-0.5296826958656311,2.34979510307312,3.4765377044677734,0.3333333432674408,0.562585175037384,0.05406889319419861,0.5940779447555542,-0.26484134793281555,0.29799163341522217,0.1529996693134308,0.4032191038131714,0.1564895063638687,0.1446557343006134,-0.04987134784460068,0.20859414339065552,0.20859414339065552,0.24794505536556244,-1.4207950830459595,0.28483277559280396,0.0,-0.03935091197490692,-0.03935091197490692,0.0764998346567154,0.0764998346567154,0.153370663523674,-1.7984555959701538,-1.053510308265686,0.0,-0.07687082886695862,-0.07687082886695862,0.2016095519065857,0.2016095519065857,0.15281295776367188,1.9741671085357666,-1.1128487586975098,0.0,0.04879659414291382,0.04879659414291382,0.10954265296459198,0.10954265296459198,0.2287980318069458,-1.921972393989563,-0.6063610911369324,0.0,-0.11925537884235382,-0.11925537884235382,0.0723278671503067,0.0723278671503067,0.03842789679765701,0.4364025592803955,-0.5811352729797363,0.0,0.03389997035264969,0.03389997035264969,-0.02493567392230034,-0.02493567392230034,0.07634784281253815,0.9775257110595703,0.28635379672050476,0.0,-0.10128351673483849,-0.10128351673483849
850,28.333333333333332,24,0,0,,4,uneven rough,11,0.0,94.57669830322266,33.68809127807617,0.3006290793418884,1.9183241128921509,-0.10905767977237701,1.8412383794784546,-0.10905767977237701,9.363533020019531,0.6379936933517456,0.3333333432674408,0.4264347553253174,0.25728610157966614,0.9591620564460754,-0.05452883988618851,0.23418442904949188,-0.13278362154960632,0.06442636251449585,0.21402327716350555,0.4416884481906891,-0.6448990106582642,0.16392910480499268,0.16392910480499268,0.14753936231136322,1.5035537481307983,0.5022600293159485,0.0,0.016389742493629456,0.016389742493629456,-0.21245379745960236,-0.21245379745960236,0.008636927232146263,-1.898023247718811,1.0033482313156128,0.0,-0.22109072469174862,-0.22109072469174862,0.032213181257247925,0.032213181257247925,-0.06551150977611542,1.455703616142273,-1.555607795715332,0.0,0.09772469103336334,0.09772469103336334,0.14981628954410553,0.14981628954410553,0.024771317839622498,0.2760806083679199,-0.9791158437728882,0.0,0.12504497170448303,0.12504497170448303,0.22084422409534454,0.22084422409534454,0.2146814912557602,0.018184643238782883,1.5407328605651855,0.0,0.006162732839584351,0.006162732839584351,-0.3224495053291321,-0.3224495053291321,-0.06698772311210632,1.855027675628662,-1.1350067853927612,0.0,-0.25546178221702576,-0.25546178221702576
851,28.366666666666667,4,0,0,,4,uneven rough,5,0.0,49.180274963378906,32.752769470214844,0.19057326018810272,0.5570560097694397,0.4547354578971863,0.5570560097694397,0.4547354578971863,2.687682867050171,2.3936634063720703,0.3333333432674408,-0.025827011093497276,0.08145923912525177,0.27852800488471985,0.22736772894859314,0.7169972658157349,-0.12513670325279236,0.19587434828281403,0.49833887815475464,0.3377479314804077,0.23761478066444397,0.5018980503082275,0.5018980503082275,0.398586243391037,2.0000929832458496,-0.3318627178668976,0.0,0.10331180691719055,0.10331180691719055,-0.20021872222423553,-0.20021872222423553,0.13186588883399963,-2.0002498626708984,0.762893557548523,0.0,-0.33208461105823517,-0.33208461105823517,0.09793717414140701,0.09793717414140701,0.09981129318475723,1.1894638538360596,-0.7831773161888123,0.0,-0.0018741190433502197,-0.0018741190433502197,0.3488371968269348,0.3488371968269348,0.20702724158763885,1.2347419261932373,1.2630499601364136,0.0,0.14180995523929596,0.14180995523929596,0.16887396574020386,0.16887396574020386,0.18846553564071655,0.7445916533470154,1.7101187705993652,0.0,-0.019591569900512695,-0.019591569900512695,0.11880739033222198,0.11880739033222198,0.07508108764886856,0.799985945224762,0.19714659452438354,0.0,0.043726302683353424,0.043726302683353424
851,28.366666666666667,14,0,0,,4,uneven rough,5,0.0,49.11009979248047,34.8165397644043,0.2598026394844055,1.4144821166992188,-0.04421757161617279,1.4144821166992188,-0.04421757161617279,4.167028427124023,2.592341661453247,0.5358291268348694,0.6087650060653687,0.19794540107250214,0.7072410583496094,-0.022108785808086395,0.8408404588699341,0.049370281398296356,0.10058173537254333,0.06136739253997803,-0.15098750591278076,-0.0566570907831192,0.588588297367096,0.588588297367096,0.2897426187992096,1.9979121685028076,-0.6795322895050049,0.0,0.29884567856788635,0.29884567856788635,0.024685140699148178,0.024685140699148178,0.08616060763597488,-1.9349464178085327,-1.4747036695480347,0.0,-0.061475466936826706,-0.061475466936826706,0.05029086768627167,0.05029086768627167,0.10150711983442307,-1.6252050399780273,0.6325555443763733,0.0,-0.0512162521481514,-0.0512162521481514,0.04295717552304268,0.04295717552304268,0.15914557874202728,-1.8399354219436646,-1.3502100706100464,0.0,-0.1161884032189846,-0.1161884032189846,-0.24158000946044922,-0.24158000946044922,-0.029459217563271523,-1.9997406005859375,-0.005817558150738478,0.0,-0.2121207918971777,-0.2121207918971777,-0.0283285453915596,-0.0283285453915596,0.05837994068861008,-1.4352426528930664,0.6771436333656311,0.0,-0.08670848608016968,-0.08670848608016968
851,28.366666666666667,24,0,0,,4,uneven rough,11,0.0,94.63825988769531,33.67955017089844,0.3035088777542114,1.8399910926818848,-0.3702528476715088,1.80066978931427,-0.3702528476715088,9.219679832458496,2.175183057785034,0.1666666716337204,0.21969902515411377,0.23026558756828308,0.9199955463409424,-0.1851264238357544,0.23993000388145447,0.6250979900360107,0.2358848750591278,0.42733314633369446,0.23028966784477234,0.19366024434566498,0.16795100271701813,0.16795100271701813,0.1601896733045578,0.37037843465805054,1.068393349647522,0.0,0.007761329412460327,0.007761329412460327,0.31254899501800537,0.31254899501800537,0.00650285417214036,0.023978471755981445,-0.6370924115180969,0.0,0.306046140845865,0.306046140845865,0.1179424375295639,0.1179424375295639,-0.0009181639761663973,1.9996987581253052,0.14699305593967438,0.0,0.1188606015057303,0.1188606015057303,0.29913321137428284,0.29913321137428284,0.0864313468337059,1.8699684143066406,-0.26942554116249084,0.0,0.21270186454057693,0.21270186454057693,0.11514483392238617,0.11514483392238617,0.18836472928524017,-1.9994508028030396,0.6798813343048096,0.0,-0.073219895362854,-0.073219895362854,0.09683012217283249,0.09683012217283249,-0.02536194957792759,1.777476191520691,0.5555640459060669,0.0,0.12219207175076008,0.12219207175076008
852,28.4,4,0,0,,4,uneven rough,5,0.0,49.17157745361328,32.7137565612793,0.17573027312755585,1.5241796970367432,-0.6257637143135071,1.5241796970367432,-0.6257637143135071,7.836691856384277,1.7573890686035156,0.37571486830711365,-0.11811642348766327,0.1961580514907837,0.7620898485183716,-0.31288185715675354,0.14875246584415436,-0.5178937911987305,0.544866681098938,0.5952320694923401,0.5471109747886658,-0.14122813940048218,0.10412672162055969,0.10412672162055969,0.3670290410518646,-1.6599024534225464,0.9866292476654053,0.0,-0.26290231943130493,-0.26290231943130493,-0.8286300897598267,-0.8286300897598267,0.09571823477745056,-1.772961139678955,-0.7993927001953125,0.0,-0.9243483245372772,-0.9243483245372772,0.272433340549469,0.272433340549469,0.1522274613380432,1.4579882621765137,0.33215752243995667,0.0,0.12020587921142578,0.12020587921142578,0.41666245460510254,0.41666245460510254,0.27923476696014404,1.9782572984695435,1.247044563293457,0.0,0.1374276876449585,0.1374276876449585,0.2735554873943329,0.2735554873943329,0.2520458698272705,1.9625272750854492,1.1642080545425415,0.0,0.021509617567062378,0.021509617567062378,-0.07061406970024109,-0.07061406970024109,0.04132784530520439,-1.3113046884536743,0.5379930138587952,0.0,-0.11194191500544548,-0.11194191500544548
852,28.4,14,0,0,,4,uneven rough,5,0.0,49.12076950073242,34.781768798828125,0.2674950659275055,1.488802194595337,-0.673570454120636,1.488802194595337,-0.673570454120636,5.013710975646973,1.5475702285766602,0.3333333432674408,0.854188084602356,0.09592963755130768,0.7444010972976685,-0.336785227060318,0.20215359330177307,0.15449504554271698,0.5645568370819092,0.19218911230564117,-0.3039478063583374,-0.11542762070894241,0.14150750637054443,0.14150750637054443,0.24352245032787323,-1.7103031873703003,0.834299623966217,0.0,-0.1020149439573288,-0.1020149439573288,0.07724752277135849,0.07724752277135849,0.06965430825948715,0.33395394682884216,-1.7349257469177246,0.0,0.007593214511871338,0.007593214511871338,0.2822784185409546,0.2822784185409546,0.10198244452476501,0.8515774011611938,-0.6439863443374634,0.0,0.18029597401618958,0.18029597401618958,0.1345323771238327,0.1345323771238327,0.16559651494026184,-0.3187883794307709,-1.6271016597747803,0.0,-0.031064137816429138,-0.031064137816429138,-0.4863165020942688,-0.4863165020942688,-0.042696475982666016,-0.18003568053245544,-1.1331852674484253,0.0,-0.4436200261116028,-0.4436200261116028,-0.05771381035447121,-0.05771381035447121,0.01903759129345417,-1.78119957447052,-0.5172033309936523,0.0,-0.07675140164792538,-0.07675140164792538
852,28.4,24,0,0,,4,uneven rough,11,0.0,94.6987075805664,33.67190933227539,0.31050530076026917,1.8526701927185059,0.539889395236969,1.8526701927185059,0.539889395236969,10.165307998657227,3.3333334922790527,0.1666666716337204,-0.23863188922405243,0.32543787360191345,0.9263350963592529,0.2699446976184845,-0.7249462604522705,0.757270097732544,0.4001264274120331,0.32561731338500977,0.2934902310371399,0.0698428675532341,-0.5074623823165894,-0.5074623823165894,0.1078559011220932,-1.8617925643920898,0.6737344264984131,0.0,-0.6153182834386826,-0.6153182834386826,0.378635048866272,0.378635048866272,0.06557999551296234,2.000000238418579,-0.26332175731658936,0.0,0.31305505335330963,0.31305505335330963,0.20006321370601654,0.20006321370601654,0.0653512179851532,1.928958535194397,1.1945161819458008,0.0,0.13471199572086334,0.13471199572086334,0.22793211042881012,0.22793211042881012,0.15615031123161316,2.0000016689300537,0.9401916265487671,0.0,0.07178179919719696,0.07178179919719696,0.14674511551856995,0.14674511551856995,0.14639107882976532,-1.0232069492340088,-0.8350178599357605,0.0,0.00035403668880462646,0.00035403668880462646,0.03492143377661705,0.03492143377661705,0.03157928213477135,1.2709405422210693,1.2464354038238525,0.0,0.003342151641845703,0.003342151641845703
853,28.433333333333334,4,0,0,,4,uneven rough,5,0.0,49.163917541503906,32.67290115356445,0.1738997846841812,0.6299102306365967,0.20392544567584991,0.6299102306365967,0.20392544567584991,3.7475221157073975,2.7186336517333984,0.3333333432674408,0.0042137703858315945,0.14872825145721436,0.31495511531829834,0.10196272283792496,0.6961960792541504,-0.15914103388786316,0.3624856472015381,0.47398874163627625,0.12528680264949799,0.4599367678165436,0.48733726143836975,0.48733726143836975,0.409134179353714,1.9971678256988525,-0.5097245573997498,0.0,0.07820308208465576,0.07820308208465576,-0.2546256482601166,-0.2546256482601166,0.051620181649923325,-1.4793319702148438,-1.349850058555603,0.0,-0.3062458299100399,-0.3062458299100399,0.18124282360076904,0.18124282360076904,0.13984981179237366,-0.6223880052566528,0.9687042236328125,0.0,0.041393011808395386,0.041393011808395386,0.33179211616516113,0.33179211616516113,0.30036458373069763,0.9509344696998596,1.6604735851287842,0.0,0.0314275324344635,0.0314275324344635,0.06264340132474899,0.06264340132474899,0.1966823935508728,-1.1584546566009521,1.6155791282653809,0.0,-0.1340389922261238,-0.1340389922261238,0.2299683839082718,0.2299683839082718,0.042125921696424484,-0.062284745275974274,-0.5076032280921936,0.0,0.1878424622118473,0.1878424622118473
853,28.433333333333334,14,0,0,,4,uneven rough,5,0.0,49.13118362426758,34.745582580566406,0.2668953239917755,1.2912484407424927,-0.15223297476768494,1.2912484407424927,-0.15223297476768494,4.615114212036133,0.597160816192627,0.3333333432674408,0.8650338053703308,0.1282494068145752,0.6456242203712463,-0.07611648738384247,0.754272997379303,-0.10172928124666214,0.2762100100517273,0.129264697432518,0.029041703790426254,-0.28407609462738037,0.5279911160469055,0.5279911160469055,0.2907082438468933,1.8405101299285889,-0.6044233441352844,0.0,0.2372828722000122,0.2372828722000122,-0.16276685893535614,-0.16276685893535614,0.02687583863735199,-1.273352026939392,-0.5651774406433105,0.0,-0.18964269757270813,-0.18964269757270813,0.13810500502586365,0.13810500502586365,0.12515658140182495,1.4725309610366821,0.2016080766916275,0.0,0.012948423624038696,0.012948423624038696,0.09048528969287872,0.09048528969287872,0.09920791536569595,-1.7414830923080444,-0.8873789310455322,0.0,-0.00872262567281723,-0.00872262567281723,0.014520851895213127,0.014520851895213127,-0.008409771136939526,1.3033874034881592,-0.594272792339325,0.0,0.022930623032152653,0.022930623032152653,-0.14203804731369019,-0.14203804731369019,-0.0193351861089468,-1.0293748378753662,-1.231869101524353,0.0,-0.12270286120474339,-0.12270286120474339
853,28.433333333333334,24,0,0,,4,uneven rough,11,0.0,94.75883483886719,33.68111801147461,0.2976608872413635,1.7471097707748413,0.23581562936306,1.7471097707748413,0.23581562936306,9.089231491088867,0.0,0.0,-0.43399709463119507,0.3332456052303314,0.8735548853874207,0.11790781468153,-0.6032129526138306,0.7538522481918335,-0.10119923204183578,-0.17882387340068817,0.44322851300239563,-0.3803190588951111,-0.42224904894828796,-0.42224904894828796,0.05315703526139259,-1.8173431158065796,-0.7598571181297302,0.0,-0.47540608420968056,-0.47540608420968056,0.37692612409591675,0.37692612409591675,0.13199934363365173,1.9872136116027832,1.016364574432373,0.0,0.24492678046226501,0.24492678046226501,-0.05059961602091789,-0.05059961602091789,0.0038010417483747005,-2.000000238418579,1.6097712516784668,0.0,-0.05440065776929259,-0.05440065776929259,-0.12517671287059784,-0.12517671287059784,0.1366039663553238,-1.9125607013702393,1.53941011428833,0.0,-0.26178067922592163,-0.26178067922592163,0.22161425650119781,0.22161425650119781,0.1899712085723877,2.0000016689300537,-0.941420316696167,0.0,0.03164304792881012,0.03164304792881012,-0.19015952944755554,-0.19015952944755554,-0.03397997096180916,-1.999889850616455,1.2602906227111816,0.0,-0.15617955848574638,-0.15617955848574638
854,28.466666666666665,4,0,0,,4,uneven rough,5,0.0,49.16111755371094,32.63269805908203,0.17613038420677185,1.095548391342163,-0.14501066505908966,1.095548391342163,-0.14501066505908966,2.356106996536255,4.677694320678711,0.5,0.3556867837905884,0.14942358434200287,0.5477741956710815,-0.07250533252954483,-0.30854207277297974,-0.45155295729637146,0.8157317638397217,0.5692576169967651,0.4252238869667053,-0.09640315175056458,-0.2159794420003891,-0.2159794420003891,0.3717397153377533,-1.7631144523620605,0.9076768755912781,0.0,-0.5877191573381424,-0.5877191573381424,-0.7224847674369812,-0.7224847674369812,0.041499946266412735,-0.6188114285469055,-1.423059344291687,0.0,-0.7639847137033939,-0.7639847137033939,0.40786588191986084,0.40786588191986084,0.14218643307685852,-0.09976861625909805,0.06909781694412231,0.0,0.2656794488430023,0.2656794488430023,0.3984803259372711,0.3984803259372711,0.37004533410072327,1.980702519416809,1.2592989206314087,0.0,0.02843499183654785,0.02843499183654785,0.21261194348335266,0.21261194348335266,0.21402113139629364,-0.020543530583381653,0.047135476022958755,0.0,-0.001409187912940979,-0.001409187912940979,-0.04820157587528229,-0.04820157587528229,-0.0156055623665452,-1.935394287109375,-0.2558193504810333,0.0,-0.03259601350873709,-0.03259601350873709
854,28.466666666666665,14,0,0,,4,uneven rough,5,0.0,49.13493347167969,34.7059211730957,0.2685413062572479,1.199979305267334,-0.1297651082277298,1.199979305267334,-0.1297651082277298,3.9675986766815186,4.073017120361328,0.3762028217315674,0.8465671539306641,0.08704017847776413,0.599989652633667,-0.0648825541138649,0.72107994556427,0.1134619265794754,0.2094247043132782,0.13873867690563202,0.11569591611623764,-0.028930136933922768,0.504755973815918,0.504755973815918,0.35316377878189087,1.7055178880691528,0.777946412563324,0.0,0.1515921950340271,0.1515921950340271,0.0567309632897377,0.0567309632897377,0.058240000158548355,0.550419807434082,-0.9655806422233582,0.0,-0.0015090368688106537,-0.0015090368688106537,0.1047123521566391,0.1047123521566391,0.12179692834615707,-1.1470446586608887,0.920190155506134,0.0,-0.017084576189517975,-0.017084576189517975,0.09711707383394241,0.09711707383394241,0.07396752387285233,0.2327623963356018,-1.370290994644165,0.0,0.023149549961090088,0.023149549961090088,0.05784795805811882,0.05784795805811882,0.05078214406967163,0.6519228219985962,0.4786677062511444,0.0,0.007065813988447189,0.007065813988447189,-0.014465068466961384,-0.014465068466961384,-0.019956238567829132,0.5745471715927124,-1.1173784732818604,0.0,0.005491170100867748,0.005491170100867748
854,28.466666666666665,24,0,0,,4,uneven rough,11,0.0,94.8162612915039,33.685081481933594,0.271837443113327,1.497740387916565,1.4992055892944336,1.497740387916565,1.4992055892944336,7.560199737548828,0.0,0.0,-0.5002177953720093,0.3610835075378418,0.7488701939582825,0.7496027946472168,0.6735615134239197,0.03595577925443649,0.05923846736550331,0.13955290615558624,0.3716437518596649,-0.2995501160621643,0.47149306535720825,0.47149306535720825,0.08811712265014648,1.5997090339660645,-1.3577616214752197,0.0,0.38337594270706177,0.38337594270706177,0.017977889627218246,0.017977889627218246,0.07157466560602188,-1.94051992893219,1.5652843713760376,0.0,-0.053596775978803635,-0.053596775978803635,0.029619233682751656,0.029619233682751656,-0.004303055349737406,0.7887971997261047,-0.4312000572681427,0.0,0.03392228903248906,0.03392228903248906,0.09768703579902649,0.09768703579902649,0.07975968718528748,-0.5022794008255005,-0.412340372800827,0.0,0.017927348613739014,0.017927348613739014,0.18582187592983246,0.18582187592983246,0.1558981090784073,-0.8602187633514404,0.7216649651527405,0.0,0.02992376685142517,0.02992376685142517,-0.14977505803108215,-0.14977505803108215,-0.08337485790252686,-1.317629337310791,-0.5830212235450745,0.0,-0.0664002001285553,-0.0664002001285553
855,28.5,4,0,0,,4,uneven rough,5,0.0,49.16596221923828,32.59360885620117,0.18468362092971802,1.1526411771774292,0.25297781825065613,1.1526411771774292,0.25297781825065613,4.319827079772949,1.3316367864608765,0.3333333432674408,0.5786314606666565,0.11583477258682251,0.5763205885887146,0.12648890912532806,0.3496926724910736,-0.24109913408756256,0.5830622315406799,0.3049010932445526,0.25092706084251404,0.034815408289432526,0.2447848618030548,0.2447848618030548,0.3078141510486603,-1.9933823347091675,-0.6023933291435242,0.0,-0.06302928924560547,-0.06302928924560547,-0.3857586085796356,-0.3857586085796356,-0.008856715634465218,-1.2478779554367065,-0.9683361649513245,0.0,-0.3769018929451704,-0.3769018929451704,0.29153111577033997,0.29153111577033997,0.19413387775421143,2.004310369491577,-0.026379568502306938,0.0,0.09739723801612854,0.09739723801612854,0.2134307622909546,0.2134307622909546,0.34487009048461914,-1.6017462015151978,1.6671818494796753,0.0,-0.13143932819366455,-0.13143932819366455,0.12546353042125702,0.12546353042125702,0.15111173689365387,-1.7908536195755005,0.00886964425444603,0.0,-0.02564820647239685,-0.02564820647239685,0.017407704144716263,0.017407704144716263,0.013359970413148403,0.05184715613722801,-1.2054539918899536,0.0,0.00404773373156786,0.00404773373156786
855,28.5,14,0,0,,4,uneven rough,5,0.0,49.13789367675781,34.66672897338867,0.26920416951179504,0.7959832549095154,-0.31080785393714905,0.7959832549095154,-0.31080785393714905,3.60162353515625,0.4227886199951172,0.1666666716337204,0.6114977598190308,0.15207809209823608,0.3979916274547577,-0.15540392696857452,0.4735991358757019,0.3884170949459076,0.321256548166275,0.44575992226600647,0.3724866807460785,-0.1951422393321991,0.33151939511299133,0.33151939511299133,0.33921828866004944,-0.769370973110199,1.3023970127105713,0.0,-0.0076988935470581055,-0.0076988935470581055,0.1942085474729538,0.1942085474729538,0.12686549127101898,1.8363622426986694,-0.10843127220869064,0.0,0.06734305620193481,0.06734305620193481,0.1606282740831375,0.1606282740831375,0.11989085376262665,-0.4663768410682678,-0.24862812459468842,0.0,0.040737420320510864,0.040737420320510864,0.31203195452690125,0.31203195452690125,0.14075006544589996,1.9556492567062378,-0.46392175555229187,0.0,0.17128188908100128,0.17128188908100128,0.18624334037303925,0.18624334037303925,0.1228443831205368,2.0007286071777344,0.5766264796257019,0.0,0.06339895725250244,0.06339895725250244,-0.09757111966609955,-0.09757111966609955,-0.052743904292583466,-1.1318576335906982,-0.16076068580150604,0.0,-0.04482721537351608,-0.04482721537351608
855,28.5,24,0,0,,4,uneven rough,11,0.0,94.87577819824219,33.69133377075195,0.26234889030456543,1.8384180068969727,-0.5949967503547668,1.8277493715286255,-0.5949967503547668,8.702138900756836,1.8105640411376953,0.1666666716337204,-0.5192145109176636,0.36011290550231934,0.9192090034484863,-0.2974983751773834,0.1825939118862152,0.07761339098215103,0.5699139833450317,-0.00032795965671539307,0.25072455406188965,-0.20468761026859283,0.12781573832035065,0.12781573832035065,0.13028547167778015,0.827690601348877,0.3143976032733917,0.0,-0.0024697333574295044,-0.0024697333574295044,0.038806695491075516,0.038806695491075516,0.04991086944937706,-0.20977410674095154,-0.41690367460250854,0.0,-0.011104173958301544,-0.011104173958301544,0.28495699167251587,0.28495699167251587,0.015705762431025505,-1.6153053045272827,0.258588582277298,0.0,0.26925122924149036,0.26925122924149036,-0.0002295717567903921,-0.0002295717567903921,0.025506146252155304,-1.22874915599823,-0.46319207549095154,0.0,-0.025735718008945696,-0.025735718008945696,0.12536227703094482,0.12536227703094482,0.12028880417346954,-0.527067244052887,-0.17273493111133575,0.0,0.005073472857475281,0.005073472857475281,-0.10234380513429642,-0.10234380513429642,-0.05161558464169502,-0.41362684965133667,-0.9983699321746826,0.0,-0.050728220492601395,-0.050728220492601395
856,28.53333333333333,4,0,0,,4,uneven rough,5,0.0,49.1669921875,32.55422592163086,0.18620331585407257,1.3245830535888672,-0.13535736501216888,1.3245830535888672,-0.13535736501216888,4.745757102966309,1.8126161098480225,0.5,0.7008781433105469,0.24877917766571045,0.6622915267944336,-0.06767868250608444,0.5797384977340698,-0.12877845764160156,0.5335786938667297,0.06226440891623497,-0.041542235761880875,-0.3133394122123718,0.4058169424533844,0.4058169424533844,0.3290470242500305,1.9829694032669067,-1.388861060142517,0.0,0.07676991820335388,0.07676991820335388,-0.20604553818702698,-0.20604553818702698,-0.07224012911319733,-1.9283543825149536,-1.1263896226882935,0.0,-0.13380540907382965,-0.13380540907382965,0.26678934693336487,0.26678934693336487,0.25551483035087585,1.564401626586914,1.1217761039733887,0.0,0.011274516582489014,0.011274516582489014,0.04358508437871933,0.04358508437871933,0.2726212739944458,-1.9993932247161865,-0.18107593059539795,0.0,-0.22903618961572647,-0.22903618961572647,-0.06646757572889328,-0.06646757572889328,0.0836295560002327,-1.9924521446228027,-1.0086971521377563,0.0,-0.15009713172912598,-0.15009713172912598,-0.1566697061061859,-0.1566697061061859,-0.048393405973911285,-1.9987573623657227,-0.4945736825466156,0.0,-0.10827630013227463,-0.10827630013227463
856,28.53333333333333,14,0,0,,4,uneven rough,5,0.0,49.135597229003906,34.6302490234375,0.2599779963493347,0.8979254364967346,0.8243699073791504,0.8979254364967346,0.8243699073791504,3.100534439086914,2.4125988483428955,0.3333333432674408,0.43890440464019775,0.06972873955965042,0.4489627182483673,0.4121849536895752,0.6949841976165771,0.14736677706241608,-0.09767846018075943,0.5703942179679871,0.24142134189605713,0.07010169327259064,0.486488938331604,0.486488938331604,0.3883610963821411,1.998677134513855,0.13101568818092346,0.0,0.09812784194946289,0.09812784194946289,0.07368338853120804,0.07368338853120804,0.07452955096960068,-1.12092924118042,0.9911584854125977,0.0,-0.0008461624383926392,-0.0008461624383926392,-0.048839230090379715,-0.048839230090379715,0.05609046667814255,-2.000000238418579,-0.37174364924430847,0.0,-0.10492969676852226,-0.10492969676852226,0.3992759585380554,0.3992759585380554,0.19221772253513336,1.9733102321624756,0.9041080474853516,0.0,0.20705823600292206,0.20705823600292206,0.12071067094802856,0.12071067094802856,0.1221030056476593,0.788355827331543,1.3818163871765137,0.0,-0.0013923346996307373,-0.0013923346996307373,0.03505084663629532,0.03505084663629532,0.0023641218431293964,1.9765065908432007,-0.7098206281661987,0.0,0.03268672479316592,0.03268672479316592
856,28.53333333333333,24,0,0,,4,uneven rough,11,0.0,94.93831634521484,33.70221710205078,0.26574522256851196,1.7808095216751099,-1.108526587486267,1.7808095216751099,-1.108526587486267,7.784605979919434,6.352207183837891,0.6666666865348816,-0.743452250957489,0.10962647199630737,0.8904047608375549,-0.5542632937431335,-0.0003681219823192805,0.3872874081134796,0.41140154004096985,0.3225348889827728,0.2727005183696747,0.014170298352837563,-0.0002576853730715811,-0.0002576853730715811,0.06725621223449707,-1.9828840494155884,0.6046143770217896,0.0,-0.06751389760756865,-0.06751389760756865,0.1936437040567398,0.1936437040567398,0.11876465380191803,1.9396774768829346,-0.29979223012924194,0.0,0.07487905025482178,0.07487905025482178,0.20570077002048492,0.20570077002048492,0.03771848976612091,1.1029775142669678,-0.8009144067764282,0.0,0.167982280254364,0.167982280254364,0.22577442228794098,0.22577442228794098,0.08648078888654709,1.9761210680007935,-0.8960394263267517,0.0,0.1392936334013939,0.1392936334013939,0.13635025918483734,0.13635025918483734,0.1274947226047516,-0.12335553765296936,-0.37307506799697876,0.0,0.008855536580085754,0.008855536580085754,0.007085149176418781,0.007085149176418781,0.00020372919971123338,1.5129765272140503,-0.667755126953125,0.0,0.006881419976707548,0.006881419976707548
857,28.566666666666666,4,0,0,,4,uneven rough,5,0.0,49.17560958862305,32.514076232910156,0.17386263608932495,1.133777141571045,-1.1381804943084717,1.133777141571045,-1.1381804943084717,4.721035003662109,0.20847833156585693,0.05777398869395256,0.6903974413871765,0.22386454045772552,0.5668885707855225,-0.5690902471542358,-0.018600603565573692,-0.5052846074104309,0.5157662630081177,-0.08619119971990585,0.4897260069847107,-0.6582732200622559,-0.01302042230963707,-0.01302042230963707,0.3044412136077881,-1.9998897314071655,0.5175779461860657,0.0,-0.31746163591742516,-0.31746163591742516,-0.8084554076194763,-0.8084554076194763,-0.06763595342636108,-0.47039514780044556,-1.5798219442367554,0.0,-0.7408194541931152,-0.7408194541931152,0.25788313150405884,0.25788313150405884,0.2545323371887207,-0.6640220880508423,1.372037410736084,0.0,0.0033507943153381348,0.0033507943153381348,-0.06033384054899216,-0.06033384054899216,0.2238127738237381,-1.5398319959640503,-1.209155797958374,0.0,-0.28414661437273026,-0.28414661437273026,0.24486300349235535,0.24486300349235535,0.13116541504859924,1.999182105064392,-1.5649139881134033,0.0,0.1136975884437561,0.1136975884437561,-0.32913661003112793,-0.32913661003112793,-0.09836313873529434,-1.4806387424468994,-1.3450418710708618,0.0,-0.2307734712958336,-0.2307734712958336
857,28.566666666666666,14,0,0,,4,uneven rough,5,0.0,49.138641357421875,34.59554672241211,0.25415724515914917,1.4640796184539795,-0.3659406900405884,1.4640796184539795,-0.3659406900405884,7.34332275390625,0.0,0.0,0.49602600932121277,0.28663894534111023,0.7320398092269897,-0.1829703450202942,-0.21340347826480865,0.18873678147792816,0.8812075257301331,0.638015627861023,0.04565603286027908,-0.04789164662361145,-0.14938242733478546,-0.14938242733478546,0.37085187435150146,-1.9998044967651367,1.1869947910308838,0.0,-0.5202343016862869,-0.5202343016862869,0.09436839073896408,0.09436839073896408,0.06607546657323837,-0.04113960266113281,-0.20301969349384308,0.0,0.028292924165725708,0.028292924165725708,0.44060376286506653,0.44060376286506653,0.06431418657302856,-1.2799323797225952,-1.2923628091812134,0.0,0.37628957629203796,0.37628957629203796,0.4466109275817871,0.4466109275817871,0.25056010484695435,1.797635555267334,1.5086368322372437,0.0,0.19605082273483276,0.19605082273483276,0.02282801643013954,0.02282801643013954,0.0847352147102356,-1.6738637685775757,1.0462727546691895,0.0,-0.061907198280096054,-0.061907198280096054,-0.023945823311805725,-0.023945823311805725,0.018708117306232452,0.36816152930259705,0.8090336322784424,0.0,-0.04265394061803818,-0.04265394061803818
857,28.566666666666666,24,0,0,,4,uneven rough,11,0.0,94.99979400634766,33.71468734741211,0.26295173168182373,1.7463879585266113,0.26256999373435974,1.7463879585266113,0.26256999373435974,9.339884757995605,2.0382673740386963,0.3333333432674408,-0.8523985147476196,0.08022196590900421,0.8731939792633057,0.13128499686717987,-0.006460994016379118,0.4460888206958771,-0.40363258123397827,0.4529089033603668,0.49439293146133423,0.23803164064884186,-0.004522695671766996,-0.004522695671766996,0.004124734550714493,-1.5795832872390747,-0.8583618402481079,0.0,-0.00864743022248149,-0.00864743022248149,0.22304441034793854,0.22304441034793854,0.18537361919879913,1.9892017841339111,0.9664079546928406,0.0,0.037670791149139404,0.037670791149139404,-0.20181629061698914,-0.20181629061698914,-0.022527696564793587,-1.9275277853012085,0.2755495011806488,0.0,-0.17928859405219555,-0.17928859405219555,0.3170362412929535,0.3170362412929535,0.15323945879936218,1.8018285036087036,0.7278852462768555,0.0,0.1637967824935913,0.1637967824935913,0.24719646573066711,0.24719646573066711,0.19192315638065338,1.9080240726470947,-0.2318831980228424,0.0,0.05527330935001373,0.05527330935001373,0.11901582032442093,0.11901582032442093,-0.010955043137073517,-0.3374026417732239,0.5652344822883606,0.0,0.12997086346149445,0.12997086346149445
858,28.599999999999998,4,0,0,,4,uneven rough,5,0.0,49.1746826171875,32.47525405883789,0.17127302289009094,0.6997940540313721,-0.2321586161851883,0.6997940540313721,-0.2321586161851883,1.2021677494049072,0.10385008901357651,0.1666666716337204,0.5864343047142029,0.3640001714229584,0.34989702701568604,-0.11607930809259415,0.8988003134727478,-0.09578771889209747,0.2836887836456299,0.26336368918418884,0.2530026435852051,-0.17995475232601166,0.6291602253913879,0.6291602253913879,0.33594775199890137,1.1625685691833496,-0.9058027863502502,0.0,0.2932124733924866,0.2932124733924866,-0.15326035022735596,-0.15326035022735596,-0.11387602239847183,-0.8093756437301636,-0.9525500535964966,0.0,-0.039384327828884125,-0.039384327828884125,0.14184439182281494,0.14184439182281494,0.20310936868190765,-1.9337408542633057,0.22084569931030273,0.0,-0.06126497685909271,-0.06126497685909271,0.18435457348823547,0.18435457348823547,0.15767009556293488,-1.18727707862854,-1.3961207866668701,0.0,0.026684477925300598,0.026684477925300598,0.12650132179260254,0.12650132179260254,0.0871635302901268,-0.027154775336384773,0.4502323567867279,0.0,0.03933779150247574,0.03933779150247574,-0.08997737616300583,-0.08997737616300583,-0.06877623498439789,0.9023743271827698,-1.421708583831787,0.0,-0.02120114117860794,-0.02120114117860794
858,28.599999999999998,14,0,0,,4,uneven rough,5,0.0,49.14572525024414,34.56090545654297,0.255901038646698,0.9042416214942932,0.12096056342124939,0.9042416214942932,0.12096056342124939,4.82318639755249,2.1494710445404053,0.3333333432674408,0.26255714893341064,0.05871770530939102,0.4521208107471466,0.060480281710624695,0.21846529841423035,0.20672199130058289,0.6128954887390137,0.5327869057655334,0.09468542039394379,0.05232803151011467,0.15292569994926453,0.15292569994926453,0.30571791529655457,-1.8710740804672241,-0.6148272156715393,0.0,-0.15279221534729004,-0.15279221534729004,0.10336099565029144,0.10336099565029144,0.09967826306819916,0.47625094652175903,-0.11149240285158157,0.0,0.003682732582092285,0.003682732582092285,0.30644774436950684,0.30644774436950684,0.07347912341356277,0.1533716768026352,-1.285334587097168,0.0,0.23296862095594406,0.23296862095594406,0.37295082211494446,0.37295082211494446,0.31505435705184937,1.9233486652374268,1.6720372438430786,0.0,0.05789646506309509,0.05789646506309509,0.04734271019697189,0.04734271019697189,0.06379462778568268,-1.0553900003433228,-0.4916973114013672,0.0,-0.016451917588710785,-0.016451917588710785,0.026164015755057335,0.026164015755057335,0.03935815766453743,0.19647900760173798,0.5597637891769409,0.0,-0.013194141909480095,-0.013194141909480095
858,28.599999999999998,24,0,0,,4,uneven rough,11,0.0,95.05741882324219,33.72624206542969,0.26127156615257263,1.818203091621399,0.9560597538948059,1.818203091621399,0.9560597538948059,9.787010192871094,3.756647825241089,0.3333333432674408,-0.30782490968704224,0.0664626732468605,0.9091015458106995,0.47802987694740295,0.023388076573610306,0.3405914604663849,-0.46836188435554504,0.24057959020137787,0.4417068362236023,0.47722241282463074,0.016371652483940125,0.016371652483940125,0.004508867859840393,0.5160555839538574,-1.2661417722702026,0.0,0.011862784624099731,0.011862784624099731,0.17029573023319244,0.17029573023319244,0.19142772257328033,0.3953174650669098,1.5446974039077759,0.0,-0.02113199234008789,-0.02113199234008789,-0.23418094217777252,-0.23418094217777252,-0.09555181115865707,-2.0038387775421143,-0.9700743556022644,0.0,-0.13862913101911545,-0.13862913101911545,0.1684057116508484,0.1684057116508484,0.1576051563024521,-0.2883746922016144,1.335094690322876,0.0,0.010800555348396301,0.010800555348396301,0.22085341811180115,0.22085341811180115,0.1888502687215805,0.04140442982316017,0.9780241847038269,0.0,0.03200314939022064,0.03200314939022064,0.23861120641231537,0.23861120641231537,0.02060105837881565,0.8844401836395264,0.054881829768419266,0.0,0.21801014803349972,0.21801014803349972
859,28.633333333333333,4,0,0,,4,uneven rough,5,0.0,49.17458724975586,32.43678665161133,0.1722816675901413,0.9249027967453003,-0.21585975587368011,0.9249027967453003,-0.21585975587368011,2.745001792907715,0.10142326354980469,0.3351406455039978,0.7879704236984253,0.25939512252807617,0.46245139837265015,-0.10792987793684006,0.3245261311531067,0.20646224915981293,0.40084853768348694,0.501771867275238,0.2882978916168213,-0.13826791942119598,0.22716829180717468,0.22716829180717468,0.2747112810611725,-2.000199317932129,0.2636580765247345,0.0,-0.0475429892539978,-0.0475429892539978,0.10323112457990646,0.10323112457990646,-0.04412693902850151,1.9644124507904053,-0.871599018573761,0.0,0.14735806360840797,0.14735806360840797,0.20042426884174347,0.20042426884174347,0.17937742173671722,0.05725512281060219,-0.997361421585083,0.0,0.021046847105026245,0.021046847105026245,0.3512403070926666,0.3512403070926666,0.21355660259723663,1.7849640846252441,-1.2780401706695557,0.0,0.13768370449543,0.13768370449543,0.14414894580841064,0.14414894580841064,0.12657636404037476,0.6554210186004639,0.18031682074069977,0.0,0.01757258176803589,0.01757258176803589,-0.06913395971059799,-0.06913395971059799,-0.05382178723812103,0.18598005175590515,-0.107667937874794,0.0,-0.01531217247247696,-0.01531217247247696
859,28.633333333333333,14,0,0,,4,uneven rough,5,0.0,49.15303421020508,34.522300720214844,0.2543352544307709,1.1969845294952393,-0.278075635433197,1.1969845294952393,-0.278075635433197,7.709161281585693,8.717004776000977,0.6666666865348816,0.09390567243099213,0.05283132940530777,0.5984922647476196,-0.1390378177165985,0.47683534026145935,0.15069609880447388,0.6124574542045593,0.45871153473854065,0.018398815765976906,-0.06618858128786087,0.33378472924232483,0.33378472924232483,0.34103167057037354,1.7152162790298462,-1.3251113891601562,0.0,-0.007246941328048706,-0.007246941328048706,0.07534804940223694,0.07534804940223694,0.07414495199918747,-0.5195630192756653,0.22081874310970306,0.0,0.001203097403049469,0.001203097403049469,0.30622872710227966,0.30622872710227966,0.09306733310222626,-1.3174512386322021,-0.4718874990940094,0.0,0.2131613940000534,0.2131613940000534,0.32109805941581726,0.32109805941581726,0.3091910779476166,-0.3302961587905884,1.814129114151001,0.0,0.011906981468200684,0.011906981468200684,0.009199407882988453,0.009199407882988453,0.018148748204112053,-0.5795242190361023,-0.8104101419448853,0.0,-0.0089493403211236,-0.0089493403211236,-0.033094290643930435,-0.033094290643930435,0.01808660291135311,-1.5383208990097046,0.3543619215488434,0.0,-0.051180893555283546,-0.051180893555283546
859,28.633333333333333,24,0,0,,4,uneven rough,11,0.0,95.11247253417969,33.74732208251953,0.25460895895957947,1.8249763250350952,-0.537647008895874,1.8249763250350952,-0.537647008895874,9.380244255065918,0.9423030614852905,0.1666666716337204,-0.009044925682246685,0.08854635804891586,0.9124881625175476,-0.268823504447937,-0.1516897827386856,0.31851279735565186,-0.17355607450008392,-0.4393196105957031,0.2801426649093628,-0.09711834043264389,-0.10618284344673157,-0.10618284344673157,-0.031862203031778336,-1.9967015981674194,-0.2584841847419739,0.0,-0.07432064041495323,-0.07432064041495323,0.15925639867782593,0.15925639867782593,0.1668645292520523,-0.010334739461541176,0.894835889339447,0.0,-0.007608130574226379,-0.007608130574226379,-0.08677803725004196,-0.08677803725004196,-0.10117895156145096,1.107959270477295,-1.5545666217803955,0.0,0.014400914311408997,0.014400914311408997,-0.3075237274169922,-0.3075237274169922,0.1190398633480072,-1.5608991384506226,0.41718217730522156,0.0,-0.4265635907649994,-0.4265635907649994,0.1400713324546814,0.1400713324546814,0.13819602131843567,-0.8204046487808228,0.4484576880931854,0.0,0.0018753111362457275,0.0018753111362457275,-0.048559170216321945,-0.048559170216321945,-0.020803263410925865,-1.9880776405334473,0.5239155888557434,0.0,-0.02775590680539608,-0.02775590680539608
860,28.666666666666668,4,0,0,,4,uneven rough,5,0.0,49.169090270996094,32.398109436035156,0.16999246180057526,0.6359660029411316,0.7949466109275818,0.6359660029411316,0.7949466109275818,3.4513022899627686,2.760638952255249,0.48824167251586914,0.790721595287323,0.1153004989027977,0.3179830014705658,0.3974733054637909,0.759554386138916,0.03947976976633072,0.23767341673374176,0.5827884078025818,0.2169972062110901,0.07295291125774384,0.5316880345344543,0.5316880345344543,0.29572880268096924,1.682662010192871,-1.0163309574127197,0.0,0.2359592318534851,0.2359592318534851,0.01973988488316536,0.01973988488316536,0.016569606959819794,0.5161615610122681,0.7318869233131409,0.0,0.003170277923345566,0.003170277923345566,0.11883670836687088,0.11883670836687088,0.12371935695409775,-1.3183979988098145,-0.40107932686805725,0.0,-0.004882648587226868,-0.004882648587226868,0.40795189142227173,0.40795189142227173,0.2727225720882416,2.0243899822235107,0.4537878930568695,0.0,0.13522931933403015,0.13522931933403015,0.10849860310554504,0.10849860310554504,0.1114327609539032,-0.5772832632064819,0.44894158840179443,0.0,-0.0029341578483581543,-0.0029341578483581543,0.03647645562887192,0.03647645562887192,-0.0014447660651057959,-1.9412981271743774,0.05836116522550583,0.0,0.037921221693977714,0.037921221693977714
860,28.666666666666668,14,0,0,,4,uneven rough,5,0.0,49.16317367553711,34.47840118408203,0.24963730573654175,1.34659743309021,0.1629580706357956,1.34659743309021,0.1629580706357956,3.4020965099334717,1.3204177618026733,0.5,-0.3184395432472229,0.10477735102176666,0.673298716545105,0.0814790353178978,-0.019016427919268608,0.22622081637382507,0.7325644493103027,0.6264337301254272,0.18979008495807648,-0.06060190871357918,-0.01331149972975254,-0.01331149972975254,0.28969112038612366,-1.9412517547607422,0.39389532804489136,0.0,-0.3030026201158762,-0.3030026201158762,0.11311040818691254,0.11311040818691254,0.12268643826246262,0.41317394375801086,-0.19779443740844727,0.0,-0.00957603007555008,-0.00957603007555008,0.36628222465515137,0.36628222465515137,0.1098579540848732,0.5343555808067322,-0.9499707818031311,0.0,0.25642427057027817,0.25642427057027817,0.43850359320640564,0.43850359320640564,0.3753688633441925,1.9869675636291504,0.6016672253608704,0.0,0.06313472986221313,0.06313472986221313,0.09489504247903824,0.09489504247903824,0.08026763051748276,0.9711509346961975,-0.6798668503761292,0.0,0.014627411961555481,0.014627411961555481,-0.03030095435678959,-0.03030095435678959,-0.022337978705763817,-0.48773840069770813,-0.7157643437385559,0.0,-0.007962975651025772,-0.007962975651025772
860,28.666666666666668,24,0,0,,4,uneven rough,11,0.0,95.17240142822266,33.762508392333984,0.24689480662345886,1.8448667526245117,0.4112243354320526,1.8448667526245117,0.4112243354320526,9.566970825195312,0.0,0.0,0.11845877021551132,0.17972466349601746,0.9224333763122559,0.2056121677160263,0.2528422176837921,0.37498483061790466,-0.06274540722370148,-0.3160232901573181,0.15987449884414673,-0.6112124919891357,0.17698955535888672,0.17698955535888672,0.008534407243132591,2.0000011920928955,-1.241275429725647,0.0,0.16845514811575413,0.16845514811575413,0.18749241530895233,0.18749241530895233,0.177594393491745,-0.14899533987045288,0.383050799369812,0.0,0.009898021817207336,0.009898021817207336,-0.03137270361185074,-0.03137270361185074,-0.06454496830701828,0.871964156627655,-0.04916969686746597,0.0,0.03317226469516754,0.03317226469516754,-0.22121630609035492,-0.22121630609035492,0.048766400665044785,-1.936234474182129,-0.7012285590171814,0.0,-0.2699827067553997,-0.2699827067553997,0.07993724942207336,0.07993724942207336,0.1011146605014801,0.373261421918869,-0.2689593434333801,0.0,-0.02117741107940674,-0.02117741107940674,-0.30560624599456787,-0.30560624599456787,-0.06285510957241058,-0.1457841992378235,-0.8963698744773865,0.0,-0.2427511364221573,-0.2427511364221573
861,28.7,4,0,0,,4,uneven rough,5,0.0,49.16938018798828,32.36821365356445,0.17154520750045776,1.5784423351287842,-0.012638646177947521,1.5784423351287842,-0.012638646177947521,7.74130916595459,1.5624020099639893,0.1666666716337204,0.6979829668998718,0.249396413564682,0.7892211675643921,-0.006319323088973761,0.15212348103523254,-0.34446290135383606,0.6131719350814819,0.5332775712013245,0.18676400184631348,-0.3821801543235779,0.10648643225431442,0.10648643225431442,0.25593850016593933,-1.9108502864837646,0.5096845030784607,0.0,-0.1494520679116249,-0.1494520679116249,-0.5511406660079956,-0.5511406660079956,0.03161720559000969,1.6280627250671387,0.6099154353141785,0.0,-0.5827578715980053,-0.5827578715980053,0.30658596754074097,0.30658596754074097,0.15589918196201324,0.5836220979690552,-0.919732928276062,0.0,0.15068678557872772,0.15068678557872772,0.37329429388046265,0.37329429388046265,0.34165748953819275,1.8877300024032593,1.3418091535568237,0.0,0.0316368043422699,0.0316368043422699,0.09338200092315674,0.09338200092315674,0.0740046501159668,1.0073466300964355,-0.13128778338432312,0.0,0.01937735080718994,0.01937735080718994,-0.19109007716178894,-0.19109007716178894,-0.03773926943540573,-1.2753984928131104,-1.0722497701644897,0.0,-0.1533508077263832,-0.1533508077263832
861,28.7,14,0,0,,4,uneven rough,5,0.0,49.16956329345703,34.43513870239258,0.2502136826515198,1.1841695308685303,0.40363359451293945,1.1841695308685303,0.40363359451293945,5.714225769042969,2.332528591156006,0.39738935232162476,-0.5265929102897644,0.10156238079071045,0.5920847654342651,0.20181679725646973,0.5100111961364746,0.04599140211939812,0.3431474566459656,0.5086268186569214,0.03916311264038086,0.05496053770184517,0.35700783133506775,0.35700783133506775,0.32996636629104614,1.832576036453247,-0.9264010190963745,0.0,0.027041465044021606,0.027041465044021606,0.02299570105969906,0.02299570105969906,0.06187744438648224,-1.862725019454956,0.1476481705904007,0.0,-0.03888174332678318,-0.03888174332678318,0.1715737283229828,0.1715737283229828,0.11099805682897568,0.5187135934829712,-0.11072999238967896,0.0,0.06057567149400711,0.06057567149400711,0.35603877902030945,0.35603877902030945,0.34131327271461487,-1.1154907941818237,1.3849185705184937,0.0,0.01472550630569458,0.01472550630569458,0.01958155632019043,0.01958155632019043,0.040037866681814194,-1.3570983409881592,0.25362154841423035,0.0,-0.020456310361623764,-0.020456310361623764,0.027480268850922585,0.027480268850922585,0.006687983870506287,1.0117928981781006,-0.5868380665779114,0.0,0.020792284980416298,0.020792284980416298
861,28.7,24,0,0,,4,uneven rough,11,0.0,95.23815155029297,33.776309967041016,0.24558153748512268,1.8627800941467285,-1.5096532106399536,1.8377494812011719,-1.5096532106399536,8.649141311645508,3.174192428588867,0.3333333432674408,0.4418950080871582,0.11006089299917221,0.9313900470733643,-0.7548266053199768,0.35838833451271057,0.4643791615962982,-0.305980920791626,-0.46431875228881836,0.47452011704444885,-0.5680995583534241,0.25087183713912964,0.25087183713912964,0.07284149527549744,1.801061749458313,0.5913481712341309,0.0,0.1780303418636322,0.1780303418636322,0.2321895807981491,0.2321895807981491,0.23876258730888367,1.6966252326965332,0.08223096281290054,0.0,-0.006573006510734558,-0.006573006510734558,-0.152990460395813,-0.152990460395813,-0.09404873102903366,-0.7138017416000366,0.47164103388786316,0.0,-0.05894172936677933,-0.05894172936677933,-0.3250231146812439,-0.3250231146812439,-0.01330993976444006,-1.5799789428710938,-1.3995031118392944,0.0,-0.31171317491680384,-0.31171317491680384,0.23726005852222443,0.23726005852222443,0.15801632404327393,1.7661542892456055,0.09415343403816223,0.0,0.0792437344789505,0.0792437344789505,-0.28404977917671204,-0.28404977917671204,-0.09544207900762558,-0.134458988904953,-0.47198736667633057,0.0,-0.18860770016908646,-0.18860770016908646
862,28.733333333333334,4,0,0,,4,uneven rough,5,0.0,49.180702209472656,32.33698272705078,0.17689764499664307,1.171635389328003,0.7792888283729553,1.171635389328003,0.7792888283729553,6.364788055419922,3.1556410789489746,0.6666666865348816,0.6755339503288269,0.10139518976211548,0.5858176946640015,0.38964441418647766,0.35469114780426025,0.21256816387176514,-0.3389720618724823,0.37131938338279724,0.14364878833293915,0.13106073439121246,0.24828380346298218,0.24828380346298218,0.2612413167953491,0.2282136082649231,-0.8588902354240417,0.0,-0.012957513332366943,-0.012957513332366943,0.10628408193588257,0.10628408193588257,0.0915561094880104,1.2429815530776978,1.1855777502059937,0.0,0.014727972447872162,0.014727972447872162,-0.16948603093624115,-0.16948603093624115,0.09750470519065857,-1.9393242597579956,-0.06973331421613693,0.0,-0.2669907361268997,-0.2669907361268997,0.2599235773086548,0.2599235773086548,0.29929256439208984,-1.9721992015838623,1.650473713874817,0.0,-0.03936898708343506,-0.03936898708343506,0.07182439416646957,0.07182439416646957,0.0775233656167984,-1.1266570091247559,0.512498140335083,0.0,-0.005698971450328827,-0.005698971450328827,0.06553036719560623,0.06553036719560623,-0.010822060517966747,0.982790470123291,-1.187110424041748,0.0,0.07635242771357298,0.07635242771357298
862,28.733333333333334,14,0,0,,4,uneven rough,5,0.0,49.187103271484375,34.39166259765625,0.25518569350242615,1.228410243988037,-0.06385423988103867,1.228410243988037,-0.06385423988103867,2.2952799797058105,2.445554256439209,0.5,-0.6745626330375671,0.12348711490631104,0.6142051219940186,-0.03192711994051933,-0.2019028216600418,0.3873583972454071,0.6697224974632263,0.2693387269973755,0.22985419631004333,-0.17468518018722534,-0.1413319706916809,-0.1413319706916809,0.31970083713531494,-1.2514673471450806,0.633529543876648,0.0,-0.46103280782699585,-0.46103280782699585,0.19367919862270355,0.19367919862270355,0.129665806889534,1.9628900289535522,-0.9890204071998596,0.0,0.06401339173316956,0.06401339173316956,0.33486124873161316,0.33486124873161316,0.15394552052021027,0.6573948860168457,0.24515853822231293,0.0,0.1809157282114029,0.1809157282114029,0.1885371059179306,0.1885371059179306,0.29469403624534607,-1.8149760961532593,-0.02881738170981407,0.0,-0.10615693032741547,-0.10615693032741547,0.11492709815502167,0.11492709815502167,0.11165913939476013,1.7218562364578247,-0.6570823788642883,0.0,0.0032679587602615356,0.0032679587602615356,-0.08734259009361267,-0.08734259009361267,-0.013043761253356934,-1.3648781776428223,0.31703075766563416,0.0,-0.07429882884025574,-0.07429882884025574
862,28.733333333333334,24,0,0,,4,uneven rough,11,0.0,95.3023452758789,33.78984069824219,0.24133288860321045,1.762742042541504,-0.29824748635292053,1.762742042541504,-0.29824748635292053,7.573836326599121,4.187511444091797,0.5,0.5930375456809998,0.09391045570373535,0.881371021270752,-0.14912374317646027,0.2459309995174408,0.2593536376953125,-0.19872045516967773,-0.24418458342552185,0.616860032081604,-0.6457847356796265,0.17215169966220856,0.17215169966220856,0.13966834545135498,1.8638319969177246,1.275322437286377,0.0,0.03248335421085358,0.03248335421085358,0.12967681884765625,0.12967681884765625,0.21907006204128265,-1.8899050951004028,0.9950124025344849,0.0,-0.0893932431936264,-0.0893932431936264,-0.09936022758483887,-0.09936022758483887,-0.09066959470510483,0.18521130084991455,-0.19861042499542236,0.0,-0.00869063287973404,-0.00869063287973404,-0.1709292083978653,-0.1709292083978653,-0.07846986502408981,-1.9734292030334473,-1.50154447555542,0.0,-0.09245934337377548,-0.09245934337377548,0.308430016040802,0.308430016040802,0.19538339972496033,1.2726259231567383,1.0395057201385498,0.0,0.11304661631584167,0.11304661631584167,-0.32289236783981323,-0.32289236783981323,-0.10461002588272095,-0.4158116579055786,-0.281148225069046,0.0,-0.21828234195709229,-0.21828234195709229
863,28.766666666666666,4,0,0,,4,uneven rough,5,0.0,49.20087814331055,32.30986785888672,0.18421712517738342,1.2796752452850342,-0.17975689470767975,1.2796752452850342,-0.17975689470767975,3.8238577842712402,0.8151113390922546,0.3333333432674408,0.5260469913482666,0.12731575965881348,0.6398376226425171,-0.08987844735383987,0.19486476480960846,0.27590668201446533,0.5959528088569641,-0.05735134333372116,-0.10853321105241776,-0.30584800243377686,0.1364053338766098,0.1364053338766098,0.20572036504745483,-1.9988282918930054,-0.24423976242542267,0.0,-0.06931503117084503,-0.06931503117084503,0.13795334100723267,0.13795334100723267,0.13481776416301727,0.5610361695289612,1.2180339097976685,0.0,0.003135576844215393,0.003135576844215393,0.29797640442848206,0.29797640442848206,0.08882927894592285,-1.2663148641586304,-1.1268033981323242,0.0,0.2091471254825592,0.2091471254825592,-0.04014594107866287,-0.04014594107866287,0.25144240260124207,-1.5043998956680298,-0.3977920711040497,0.0,-0.29158834367990494,-0.29158834367990494,-0.17365314066410065,-0.17365314066410065,0.033605556935071945,-1.332694172859192,-0.4142831265926361,0.0,-0.2072586975991726,-0.2072586975991726,-0.15292400121688843,-0.15292400121688843,-0.014938442967832088,-0.622479259967804,0.0397554449737072,0.0,-0.13798555824905634,-0.13798555824905634
863,28.766666666666666,14,0,0,,4,uneven rough,5,0.0,49.20765686035156,34.35244369506836,0.24482138454914093,1.4596803188323975,0.33215317130088806,1.4596803188323975,0.33215317130088806,3.2609167098999023,2.4706103801727295,0.3333333432674408,-0.9788708686828613,0.2177169770002365,0.7298401594161987,0.16607658565044403,0.8651085495948792,-0.34917157888412476,0.13240201771259308,0.07373815774917603,0.599064826965332,-0.5593700408935547,0.6055759787559509,0.6055759787559509,0.3593780994415283,1.9998552799224854,-0.43225106596946716,0.0,0.2461978793144226,0.2461978793144226,-0.5586745142936707,-0.5586745142936707,0.09948398917913437,-1.94373619556427,0.679995059967041,0.0,-0.658158503472805,-0.658158503472805,0.06620100885629654,0.06620100885629654,0.09262096881866455,-2.0000007152557373,0.47823771834373474,0.0,-0.02641995996236801,-0.02641995996236801,0.05161670967936516,0.05161670967936516,0.2278369665145874,-1.9728033542633057,-1.0387147665023804,0.0,-0.17622025683522224,-0.17622025683522224,0.299532413482666,0.299532413482666,0.16578485071659088,1.999037742614746,0.6879737377166748,0.0,0.13374756276607513,0.13374756276607513,-0.27968502044677734,-0.27968502044677734,-0.07989980280399323,-1.9999873638153076,-0.6339235901832581,0.0,-0.19978521764278412,-0.19978521764278412
863,28.766666666666666,24,0,0,,4,uneven rough,11,0.0,95.36797332763672,33.79609680175781,0.23357579112052917,1.8490947484970093,-0.27813994884490967,1.812332272529602,-0.27813994884490967,9.901556015014648,3.5300612449645996,0.3333333432674408,0.45091018080711365,0.15244323015213013,0.9245473742485046,-0.13906997442245483,0.44475483894348145,0.2251693308353424,0.03957792744040489,-0.09000763297080994,0.3073720335960388,-0.12160603702068329,0.31132838129997253,0.31132838129997253,0.2023715078830719,1.8261518478393555,1.6080667972564697,0.0,0.10895687341690063,0.10895687341690063,0.1125846654176712,0.1125846654176712,0.15245330333709717,-1.9967485666275024,-0.6361251473426819,0.0,-0.039868637919425964,-0.039868637919425964,0.019788963720202446,0.019788963720202446,-0.025250783190131187,2.0000011920928955,0.0184030644595623,0.0,0.04503974691033363,0.04503974691033363,-0.06300534307956696,-0.06300534307956696,-0.10079548507928848,0.796898365020752,-1.7683489322662354,0.0,0.03779014199972153,0.03779014199972153,0.1536860167980194,0.1536860167980194,0.16120103001594543,-1.6075974702835083,1.1713123321533203,0.0,-0.007515013217926025,-0.007515013217926025,-0.060803018510341644,-0.060803018510341644,-0.05956462770700455,0.8244705200195312,-0.3572871685028076,0.0,-0.0012383908033370972,-0.0012383908033370972
864,28.8,4,0,0,,4,uneven rough,5,0.0,49.21501922607422,32.282230377197266,0.18616318702697754,1.4913644790649414,-0.22969894111156464,1.4913644790649414,-0.22969894111156464,4.9017438888549805,1.604832649230957,0.3333333432674408,0.5355850458145142,0.2465806007385254,0.7456822395324707,-0.11484947055578232,0.7456434965133667,0.03184938430786133,0.44814157485961914,-0.22570297122001648,0.13437040150165558,-0.6232847571372986,0.5219504237174988,0.5219504237174988,0.2407965362071991,1.7901328802108765,-1.236287236213684,0.0,0.2811538875102997,0.2811538875102997,0.015924692153930664,0.015924692153930664,0.09402839839458466,-1.0363342761993408,0.8465662002563477,0.0,-0.07810370624065399,-0.07810370624065399,0.22407078742980957,0.22407078742980957,0.09421142935752869,0.23563840985298157,-1.2056834697723389,0.0,0.12985935807228088,0.12985935807228088,-0.15799207985401154,-0.15799207985401154,0.1893429458141327,-1.2282969951629639,-1.023470163345337,0.0,-0.3473350256681442,-0.3473350256681442,0.06718520075082779,0.06718520075082779,0.002945496467873454,-0.5585406422615051,-0.9335544109344482,0.0,0.06423970428295434,0.06423970428295434,-0.3116423785686493,-0.3116423785686493,-0.040541961789131165,-1.328502893447876,-0.3346732556819916,0.0,-0.2711004167795181,-0.2711004167795181
864,28.8,14,0,0,,4,uneven rough,5,0.0,49.2182731628418,34.3123893737793,0.23678869009017944,1.0307248830795288,0.28975212574005127,1.0307248830795288,0.28975212574005127,5.183230400085449,0.0,0.0,-1.0020463466644287,0.12823693454265594,0.5153624415397644,0.14487606287002563,0.5683455467224121,-0.029592547565698624,0.7569912075996399,0.3571568727493286,0.374626487493515,-0.36609503626823425,0.3978418707847595,0.3978418707847595,0.40021637082099915,0.12754006683826447,0.9428662061691284,0.0,-0.002374500036239624,-0.002374500036239624,-0.04734807834029198,-0.04734807834029198,0.0377318449318409,-1.9920989274978638,-0.8034672737121582,0.0,-0.08507992327213287,-0.08507992327213287,0.37849560379981995,0.37849560379981995,0.12471175193786621,0.5965337753295898,-0.9229627251625061,0.0,0.25378385186195374,0.25378385186195374,0.25000980496406555,0.25000980496406555,0.22800873219966888,1.1850172281265259,-1.566850185394287,0.0,0.022001072764396667,0.022001072764396667,0.1873132437467575,0.1873132437467575,0.18851099908351898,-0.23996655642986298,1.4292516708374023,0.0,-0.0011977553367614746,-0.0011977553367614746,-0.18304751813411713,-0.18304751813411713,-0.12469809502363205,-0.8874512314796448,-1.4062985181808472,0.0,-0.05834942311048508,-0.05834942311048508
864,28.8,24,0,0,,4,uneven rough,11,0.0,95.43413543701172,33.80891799926758,0.23835791647434235,1.8179712295532227,0.498243123292923,1.8179712295532227,0.498243123292923,9.617768287658691,0.0,0.0,0.35206279158592224,0.10649728775024414,0.9089856147766113,0.2491215616464615,-0.37441563606262207,0.6956358551979065,0.13848818838596344,0.6579271554946899,0.1138434037566185,0.3757725954055786,-0.2620909512042999,-0.2620909512042999,0.14989976584911346,-2.000004291534424,1.7313724756240845,0.0,-0.4119907170534134,-0.4119907170534134,0.34781792759895325,0.34781792759895325,0.20468850433826447,1.0113086700439453,-1.4054241180419922,0.0,0.14312942326068878,0.14312942326068878,0.06924409419298172,0.06924409419298172,0.02165605127811432,-0.1631843000650406,1.138802170753479,0.0,0.0475880429148674,0.0475880429148674,0.460548996925354,0.460548996925354,-0.03478176146745682,1.461558222770691,-0.317953497171402,0.0,0.4953307583928108,0.4953307583928108,0.05692170187830925,0.05692170187830925,0.14616897702217102,-1.9443681240081787,-0.3998882472515106,0.0,-0.08924727514386177,-0.08924727514386177,0.1878862977027893,0.1878862977027893,0.017792822793126106,2.015590190887451,0.31088075041770935,0.0,0.1700934749096632,0.1700934749096632
865,28.833333333333332,4,0,0,,4,uneven rough,5,0.0,49.22728729248047,32.2513542175293,0.19071625173091888,1.4601020812988281,-0.8186736106872559,1.4601020812988281,-0.8186736106872559,3.255430221557617,1.4987516403198242,0.5,0.6011912226676941,0.053609609603881836,0.7300510406494141,-0.40933680534362793,0.09817065298557281,0.33631905913352966,0.7152194976806641,0.2653035521507263,0.2630505859851837,-0.3707242012023926,0.06871945410966873,0.06871945410966873,0.1940232217311859,-1.7193149328231812,0.4748561382293701,0.0,-0.12530376762151718,-0.12530376762151718,0.16815952956676483,0.16815952956676483,0.159571573138237,1.6867246627807617,-0.21802909672260284,0.0,0.008587956428527832,0.008587956428527832,0.35760974884033203,0.35760974884033203,0.12639552354812622,0.7106761932373047,-0.3907575011253357,0.0,0.2312142252922058,0.2312142252922058,0.18571248650550842,0.18571248650550842,0.21240529417991638,0.23396925628185272,-1.1392796039581299,0.0,-0.02669280767440796,-0.02669280767440796,0.13152529299259186,0.13152529299259186,0.07669763267040253,1.9213502407073975,-0.7215209603309631,0.0,0.05482766032218933,0.05482766032218933,-0.1853621006011963,-0.1853621006011963,-0.09052810817956924,-1.7318698167800903,-0.8965862989425659,0.0,-0.09483399242162704,-0.09483399242162704
865,28.833333333333332,14,0,0,,4,uneven rough,5,0.0,49.22230529785156,34.270938873291016,0.24747854471206665,1.2252178192138672,-0.16795162856578827,1.2252178192138672,-0.16795162856578827,2.038928747177124,1.0050485134124756,0.3333333432674408,-0.83698570728302,0.187157541513443,0.6126089096069336,-0.08397581428289413,0.5318869948387146,0.2955295443534851,0.6292831301689148,0.5475535988807678,0.3009532392024994,0.12138141691684723,0.37232089042663574,0.37232089042663574,0.37215688824653625,-0.6651851534843445,0.481879323720932,0.0,0.0001640021800994873,0.0001640021800994873,0.14776477217674255,0.14776477217674255,0.08037843555212021,1.9962198734283447,-1.4755216836929321,0.0,0.06738633662462234,0.06738633662462234,0.3146415650844574,0.3146415650844574,0.1839907467365265,1.6351767778396606,-0.06383668631315231,0.0,0.1306508183479309,0.1306508183479309,0.3832875192165375,0.3832875192165375,0.2931445240974426,1.9936333894729614,-0.010939419269561768,0.0,0.09014299511909485,0.09014299511909485,0.1504766196012497,0.1504766196012497,0.20537011325359344,-0.8074373006820679,0.4854726791381836,0.0,-0.05489349365234375,-0.05489349365234375,0.060690708458423615,0.060690708458423615,-0.09006837010383606,1.1902580261230469,-1.1129413843154907,0.0,0.15075907856225967,0.15075907856225967
865,28.833333333333332,24,0,0,,4,uneven rough,11,0.0,95.49703216552734,33.82570266723633,0.24501881003379822,1.8855810165405273,-0.8618015050888062,1.8064327239990234,-0.8618015050888062,8.92898178100586,1.3855470418930054,0.3333333432674408,0.019471049308776855,0.12809497117996216,0.9427905082702637,-0.4309007525444031,-0.05049523711204529,0.48119452595710754,-0.1472773253917694,0.0736241266131401,0.23403826355934143,0.1753062754869461,-0.03534666448831558,-0.03534666448831558,0.08317063003778458,-1.8683528900146484,-0.37835463881492615,0.0,-0.11851729452610016,-0.11851729452610016,0.24059726297855377,0.24059726297855377,0.25510668754577637,1.1092510223388672,-0.0389990471303463,0.0,-0.014509424567222595,-0.014509424567222595,-0.0736386626958847,-0.0736386626958847,-0.039427176117897034,-0.7404756546020508,0.4026567041873932,0.0,-0.03421148657798767,-0.03421148657798767,0.051536887884140015,0.051536887884140015,0.03102252073585987,1.9907524585723877,0.6881856322288513,0.0,0.020514367148280144,0.020514367148280144,0.11701913177967072,0.11701913177967072,0.09721420705318451,-0.7791626453399658,-1.2731399536132812,0.0,0.019804924726486206,0.019804924726486206,0.08765313774347305,0.08765313774347305,0.08192295581102371,1.6130648851394653,1.2747265100479126,0.0,0.005730181932449341,0.005730181932449341
866,28.866666666666667,4,0,0,,4,uneven rough,5,0.0,49.23690414428711,32.22412109375,0.1866491734981537,1.0951957702636719,1.005122184753418,1.0951957702636719,1.005122184753418,4.315017223358154,1.0531672239303589,0.3333333432674408,0.5052220821380615,0.17713473737239838,0.5475978851318359,0.502561092376709,0.7816718220710754,0.10741796344518661,0.05489284545183182,0.13323523104190826,0.3549480140209198,-0.11994350701570511,0.5471702814102173,0.5471702814102173,0.2541491985321045,1.980997085571289,-0.7657321095466614,0.0,0.2930210828781128,0.2930210828781128,0.05370898172259331,0.05370898172259331,0.11196690052747726,-1.65682053565979,0.8589221239089966,0.0,-0.05825791880488396,-0.05825791880488396,0.02744642272591591,0.02744642272591591,0.09191889315843582,-1.5040035247802734,0.23199507594108582,0.0,-0.06447247043251991,-0.06447247043251991,0.09326466172933578,0.09326466172933578,0.15099942684173584,-1.7501803636550903,-0.36284223198890686,0.0,-0.057734765112400055,-0.057734765112400055,0.1774740070104599,0.1774740070104599,0.10996747761964798,1.0333216190338135,0.7727631330490112,0.0,0.06750652939081192,0.06750652939081192,-0.059971753507852554,-0.059971753507852554,-0.08393862843513489,1.978369951248169,-1.3688570261001587,0.0,0.023966874927282333,0.023966874927282333
866,28.866666666666667,14,0,0,,4,uneven rough,5,0.0,49.229583740234375,34.23302459716797,0.2661876678466797,1.1705539226531982,0.6157061457633972,1.1705539226531982,0.6157061457633972,4.567876815795898,3.3424506187438965,0.3333333432674408,-0.565083920955658,0.17502915859222412,0.5852769613265991,0.3078530728816986,0.20152932405471802,0.6680427193641663,0.32854726910591125,0.39380642771720886,-0.06387785822153091,0.04899577796459198,0.14107052981853485,0.14107052981853485,0.31558313965797424,-1.5312117338180542,-0.1666729897260666,0.0,-0.1745126098394394,-0.1745126098394394,0.33402135968208313,0.33402135968208313,0.13698339462280273,1.7267260551452637,0.48740720748901367,0.0,0.1970379650592804,0.1970379650592804,0.16427363455295563,0.16427363455295563,0.17856615781784058,-0.9299625158309937,0.8967885971069336,0.0,-0.014292523264884949,-0.014292523264884949,0.2756645083427429,0.2756645083427429,0.3173336684703827,-0.7377251386642456,1.1224496364593506,0.0,-0.04166916012763977,-0.04166916012763977,-0.1022045761346817,-0.1022045761346817,0.15028312802314758,-1.65199875831604,-0.24554094672203064,0.0,-0.2524877041578293,-0.2524877041578293,0.02449788898229599,0.02449788898229599,-0.03169459104537964,1.9976370334625244,0.18929168581962585,0.0,0.05619248002767563,0.05619248002767563
866,28.866666666666667,24,0,0,,4,uneven rough,11,0.0,95.55430603027344,33.851070404052734,0.22599400579929352,1.7925204038619995,-0.5228163599967957,1.7925204038619995,-0.5228163599967957,9.845839500427246,3.3333334922790527,0.1666666716337204,-0.07693894952535629,0.08713414520025253,0.8962602019309998,-0.2614081799983978,-0.05721366032958031,0.37170520424842834,-0.5307716727256775,-0.00544963963329792,0.2594577372074127,0.06973440945148468,-0.040049560368061066,-0.040049560368061066,0.017876582220196724,-1.9997005462646484,-1.2208023071289062,0.0,-0.05792614258825779,-0.05792614258825779,0.18585260212421417,0.18585260212421417,0.2080596536397934,-1.8806151151657104,0.6102235913276672,0.0,-0.022207051515579224,-0.022207051515579224,-0.26538583636283875,-0.26538583636283875,-0.10513228923082352,-1.825710415840149,-0.24367237091064453,0.0,-0.16025354713201523,-0.16025354713201523,-0.003814747789874673,-0.003814747789874673,0.034343115985393524,-1.3343327045440674,1.424659252166748,0.0,-0.0381578637752682,-0.0381578637752682,0.12972886860370636,0.12972886860370636,0.10838719457387924,1.8715192079544067,-0.9938442707061768,0.0,0.021341674029827118,0.021341674029827118,0.03486720472574234,0.03486720472574234,0.037035007029771805,-1.571204662322998,1.4660236835479736,0.0,-0.0021678023040294647,-0.0021678023040294647
867,28.9,4,0,0,,4,uneven rough,5,0.0,49.2440185546875,32.19585418701172,0.18675920367240906,1.4464510679244995,-0.7055547833442688,1.4464510679244995,-0.7055547833442688,4.570856094360352,1.3203258514404297,0.5,0.3935577869415283,0.10066922008991241,0.7232255339622498,-0.3527773916721344,0.30439630150794983,0.31001371145248413,0.6210297346115112,0.24508903920650482,0.2801437973976135,-0.2935521602630615,0.21307741105556488,0.21307741105556488,0.2258836328983307,-1.1872835159301758,0.7872734665870667,0.0,-0.012806221842765808,-0.012806221842765808,0.15500685572624207,0.15500685572624207,0.13716016709804535,0.39839887619018555,-0.5634832978248596,0.0,0.017846688628196716,0.017846688628196716,0.3105148673057556,0.3105148673057556,0.13918821513652802,1.944823145866394,-0.7495416402816772,0.0,0.1713266521692276,0.1713266521692276,0.1715623289346695,0.1715623289346695,0.18237881362438202,0.8546953201293945,-1.1472456455230713,0.0,-0.010816484689712524,-0.010816484689712524,0.14007189869880676,0.14007189869880676,0.16070452332496643,-0.1773381382226944,0.9200833439826965,0.0,-0.020632624626159668,-0.020632624626159668,-0.14677608013153076,-0.14677608013153076,-0.12143446505069733,-2.0000009536743164,0.5236710906028748,0.0,-0.025341615080833435,-0.025341615080833435
867,28.9,14,0,0,,4,uneven rough,5,0.0,49.249481201171875,34.19713592529297,0.28108564019203186,1.1736116409301758,0.22170573472976685,1.1736116409301758,0.22170573472976685,4.385622024536133,0.2236064374446869,0.1666666716337204,-0.5647932291030884,0.20139387249946594,0.5868058204650879,0.11085286736488342,0.27621373534202576,0.5347052216529846,0.6587322950363159,-0.01582779362797737,-0.11589054018259048,-0.24409903585910797,0.19334961473941803,0.19334961473941803,0.2553497552871704,-1.9681591987609863,-0.9381856322288513,0.0,-0.06200014054775238,-0.06200014054775238,0.2673526108264923,0.2673526108264923,0.20383445918560028,1.999524712562561,1.1881202459335327,0.0,0.06351815164089203,0.06351815164089203,0.32936614751815796,0.32936614751815796,0.2062673419713974,0.8276843428611755,-0.13605977594852448,0.0,0.12309880554676056,0.12309880554676056,-0.011079455725848675,-0.011079455725848675,0.2688072919845581,-1.5217945575714111,0.07070349156856537,0.0,-0.2798867477104068,-0.2798867477104068,-0.18542486429214478,-0.18542486429214478,0.11357409507036209,-0.5602157115936279,-1.0407546758651733,0.0,-0.29899895936250687,-0.29899895936250687,-0.12204951792955399,-0.12204951792955399,-0.0020939200185239315,1.3356624841690063,1.211733341217041,0.0,-0.11995559791103005,-0.11995559791103005
867,28.9,24,0,0,,4,uneven rough,11,0.0,95.61095428466797,33.86994171142578,0.2014133483171463,1.7694900035858154,0.5117496252059937,1.7694900035858154,0.5117496252059937,9.224505424499512,0.0,0.0,0.09556017816066742,0.23789048194885254,0.8847450017929077,0.2558748126029968,0.5023882389068604,0.24080193042755127,0.041119568049907684,-0.020326772704720497,0.26982444524765015,-0.06570782512426376,0.3516717553138733,0.3516717553138733,0.046357546001672745,0.7856525182723999,-1.661192774772644,0.0,0.30531420931220055,0.30531420931220055,0.12040096521377563,0.12040096521377563,0.141563281416893,-2.0000112056732178,-0.7981010675430298,0.0,-0.02116231620311737,-0.02116231620311737,0.020559784024953842,0.020559784024953842,-0.0976441353559494,-0.9080337882041931,-1.1381595134735107,0.0,0.11820391938090324,0.11820391938090324,-0.014228740707039833,-0.014228740707039833,-0.02283395081758499,-0.7945693731307983,-0.13527977466583252,0.0,0.008605210110545158,0.008605210110545158,0.13491222262382507,0.13491222262382507,0.172983318567276,1.3941395282745361,0.6262373924255371,0.0,-0.03807109594345093,-0.03807109594345093,-0.03285391256213188,-0.03285391256213188,0.04760242998600006,1.6728848218917847,-0.2512306571006775,0.0,-0.08045634254813194,-0.08045634254813194
868,28.933333333333334,4,0,0,,4,uneven rough,5,0.0,49.2475471496582,32.16971969604492,0.18324029445648193,0.7272728681564331,0.26202192902565,0.7272728681564331,0.26202192902565,3.733288526535034,0.0,0.0,0.6527972221374512,0.03938768804073334,0.36363643407821655,0.131010964512825,0.7396337985992432,-0.032788459211587906,0.34214961528778076,0.2240011841058731,0.05489782616496086,-0.19677458703517914,0.5177436470985413,0.5177436470985413,0.2825642228126526,1.499558448791504,-0.32914456725120544,0.0,0.23517942428588867,0.23517942428588867,-0.05246153473854065,-0.05246153473854065,0.0805651992559433,-1.0010401010513306,-0.01963338814675808,0.0,-0.13302673399448395,-0.13302673399448395,0.17107480764389038,0.17107480764389038,0.1767125129699707,0.715449333190918,0.773857057094574,0.0,-0.005637705326080322,-0.005637705326080322,0.15680082142353058,0.15680082142353058,0.14796245098114014,0.009084604680538177,-0.015344620682299137,0.0,0.008838370442390442,0.008838370442390442,0.02744891308248043,0.02744891308248043,0.08321437984704971,-1.9576425552368164,0.299599289894104,0.0,-0.05576546676456928,-0.05576546676456928,-0.09838729351758957,-0.09838729351758957,-0.12175066024065018,1.1099269390106201,-0.903217613697052,0.0,0.023363366723060608,0.023363366723060608
868,28.933333333333334,14,0,0,,4,uneven rough,5,0.0,49.27170181274414,34.16116714477539,0.2744905352592468,1.3539609909057617,-0.02857246994972229,1.3539609909057617,-0.02857246994972229,5.510936260223389,3.7121615409851074,0.3333333432674408,-0.3439132571220398,0.20631685853004456,0.6769804954528809,-0.014286234974861145,0.8322726488113403,0.1768924593925476,0.3271466791629791,-0.08684533089399338,0.3785850703716278,-0.4436798691749573,0.5825908184051514,0.5825908184051514,0.2865830659866333,1.9982904195785522,-1.5205345153808594,0.0,0.29600775241851807,0.29600775241851807,0.0884462296962738,0.0884462296962738,0.17739368975162506,-2.0000061988830566,1.6468898057937622,0.0,-0.08894746005535126,-0.08894746005535126,0.16357333958148956,0.16357333958148956,0.1583206057548523,-1.1465351581573486,0.40884286165237427,0.0,0.005252733826637268,0.005252733826637268,-0.060791730880737305,-0.060791730880737305,0.19954557716846466,-1.9354431629180908,-0.8296977877616882,0.0,-0.26033730804920197,-0.26033730804920197,0.1892925351858139,0.1892925351858139,0.12721285223960876,2.005953550338745,-0.7690570950508118,0.0,0.06207968294620514,0.06207968294620514,-0.22183993458747864,-0.22183993458747864,-0.031832825392484665,-1.2124370336532593,1.2818031311035156,0.0,-0.19000710919499397,-0.19000710919499397
868,28.933333333333334,24,0,0,,4,uneven rough,11,0.0,95.66842651367188,33.880088806152344,0.1859743893146515,1.891642451286316,-1.1019084453582764,1.84175443649292,-1.1019084453582764,9.775457382202148,4.579067230224609,0.3333333432674408,0.05282183736562729,0.17552076280117035,0.945821225643158,-0.5509542226791382,0.14403784275054932,0.21510636806488037,-0.30891066789627075,0.12383502721786499,0.5538750886917114,0.18994280695915222,0.10082648694515228,0.10082648694515228,0.0813928097486496,1.7344845533370972,-0.27774208784103394,0.0,0.019433677196502686,0.019433677196502686,0.10755318403244019,0.10755318403244019,0.101433165371418,-1.0909582376480103,-1.4776631593704224,0.0,0.006120018661022186,0.006120018661022186,-0.15445533394813538,-0.15445533394813538,-0.12963120639324188,-0.2569029629230499,-1.00804603099823,0.0,-0.024824127554893494,-0.024824127554893494,0.08668451756238937,0.08668451756238937,0.01855442486703396,1.8715397119522095,-0.5080432891845703,0.0,0.06813009269535542,0.06813009269535542,0.2769375443458557,0.2769375443458557,0.24401649832725525,2.047323703765869,1.0604106187820435,0.0,0.032921046018600464,0.032921046018600464,0.09497140347957611,0.09497140347957611,0.06253477185964584,-0.5616701245307922,0.8366676568984985,0.0,0.03243663161993027,0.03243663161993027
869,28.966666666666665,4,0,0,,4,uneven rough,5,0.0,49.250850677490234,32.139503479003906,0.17878490686416626,1.0037169456481934,-0.7945473194122314,1.0037169456481934,-0.7945473194122314,5.245283126831055,1.516867995262146,0.3333333432674408,0.6056419014930725,0.14917120337486267,0.5018584728240967,-0.3972736597061157,0.06279294937849045,0.24841274321079254,0.7248246669769287,0.3219245970249176,0.25861677527427673,-0.2884327471256256,0.04395506531000137,0.04395506531000137,0.2323397845029831,-1.9714454412460327,0.7048074007034302,0.0,-0.18838471919298172,-0.18838471919298172,0.12420637160539627,0.12420637160539627,0.13528497517108917,-0.2832645773887634,-0.5745224952697754,0.0,-0.011078603565692902,-0.011078603565692902,0.36241233348846436,0.36241233348846436,0.19061073660850525,0.2801741361618042,0.7408332228660583,0.0,0.1718015968799591,0.1718015968799591,0.22534722089767456,0.22534722089767456,0.2080596387386322,1.2617827653884888,-0.001532292808406055,0.0,0.01728758215904236,0.01728758215904236,0.12930838763713837,0.12930838763713837,0.13611984252929688,0.4153241515159607,-0.976649284362793,0.0,-0.006811454892158508,-0.006811454892158508,-0.1442163735628128,-0.1442163735628128,-0.1122046411037445,1.0133287906646729,0.23501792550086975,0.0,-0.0320117324590683,-0.0320117324590683
869,28.966666666666665,14,0,0,,4,uneven rough,5,0.0,49.28632736206055,34.12171173095703,0.2554683983325958,0.8036988973617554,-0.475298672914505,0.8036988973617554,-0.475298672914505,1.7602370977401733,1.5649007558822632,0.1666666716337204,-0.39625388383865356,0.0589652955532074,0.4018494486808777,-0.2376493364572525,0.695663332939148,-0.13775157928466797,0.727731466293335,0.2816431224346161,0.3734930157661438,-0.31009626388549805,0.48696431517601013,0.48696431517601013,0.35210177302360535,1.6280076503753662,0.4690154194831848,0.0,0.13486254215240479,0.13486254215240479,-0.2204025238752365,-0.2204025238752365,0.11553800851106644,-1.529414415359497,-0.4150717258453369,0.0,-0.33594053238630295,-0.33594053238630295,0.3638657331466675,0.3638657331466675,0.19528979063034058,1.457086205482483,-0.4705706536769867,0.0,0.1685759425163269,0.1685759425163269,0.19715018570423126,0.19715018570423126,0.16912926733493805,-0.7436402440071106,-1.4548882246017456,0.0,0.028020918369293213,0.028020918369293213,0.1867465078830719,0.1867465078830719,0.18898792564868927,0.749209463596344,0.7999389171600342,0.0,-0.0022414177656173706,-0.0022414177656173706,-0.15504813194274902,-0.15504813194274902,-0.054331451654434204,1.0261774063110352,-0.12844471633434296,0.0,-0.10071668028831482,-0.10071668028831482
869,28.966666666666665,24,0,0,,4,uneven rough,11,0.0,95.7218017578125,33.89228820800781,0.17646999657154083,1.8613896369934082,-0.3491021394729614,1.8411777019500732,-0.3491021394729614,8.66297435760498,3.10811710357666,0.5,-0.06776981055736542,0.21790330111980438,0.9306948184967041,-0.1745510697364807,-0.48520195484161377,-0.006902946624904871,-0.006141350604593754,-0.18980486690998077,0.6152831315994263,-0.6673241853713989,-0.33964136242866516,-0.33964136242866516,0.04524628445506096,-1.6065208911895752,0.8599744439125061,0.0,-0.3848876468837261,-0.3848876468837261,-0.011044714599847794,-0.011044714599847794,0.036827296018600464,-2.001154661178589,-1.2590194940567017,0.0,-0.04787201061844826,-0.04787201061844826,-0.003070675302296877,-0.003070675302296877,-0.08401477336883545,1.0044983625411987,-0.5833483934402466,0.0,0.08094409806653857,0.08094409806653857,-0.13286340236663818,-0.13286340236663818,0.04606848955154419,-0.39079755544662476,0.8373771905899048,0.0,-0.17893189191818237,-0.17893189191818237,0.30764156579971313,0.30764156579971313,0.2990339696407318,0.29342028498649597,1.6184130907058716,0.0,0.008607596158981323,0.008607596158981323,-0.33366209268569946,-0.33366209268569946,0.06171029806137085,-0.47980996966362,0.0460449643433094,0.0,-0.3953723907470703,-0.3953723907470703
870,29.0,4,0,0,,4,uneven rough,5,0.0,49.24917984008789,32.11030960083008,0.16935180127620697,0.6410932540893555,-0.31018945574760437,0.6410932540893555,-0.31018945574760437,4.185615539550781,5.52585506439209,0.5,0.4798012971878052,0.11526446789503098,0.32054662704467773,-0.15509472787380219,0.7802779078483582,0.08143317699432373,0.3876722455024719,0.5178351998329163,0.39375901222229004,-0.09153203666210175,0.5461945533752441,0.5461945533752441,0.24301984906196594,0.9894759058952332,-0.8083507418632507,0.0,0.3031747043132782,0.3031747043132782,0.040716588497161865,0.040716588497161865,0.08505669236183167,-1.057011365890503,-0.4098447561264038,0.0,-0.0443401038646698,-0.0443401038646698,0.19383612275123596,0.19383612275123596,0.1713082194328308,0.6826188564300537,0.4803757667541504,0.0,0.02252790331840515,0.02252790331840515,0.3624846339225769,0.3624846339225769,0.2566479742527008,1.9512654542922974,0.7127482891082764,0.0,0.1058366596698761,0.1058366596698761,0.19687950611114502,0.19687950611114502,0.15865279734134674,0.7896316051483154,-0.18962502479553223,0.0,0.03822670876979828,0.03822670876979828,-0.04576601833105087,-0.04576601833105087,-0.05061020702123642,1.9208952188491821,0.6750763058662415,0.0,0.004844188690185547,0.004844188690185547
870,29.0,14,0,0,,4,uneven rough,5,0.0,49.295963287353516,34.07854461669922,0.2523340880870819,1.6637804508209229,-0.5718796253204346,1.6637804508209229,-0.5718796253204346,2.5361576080322266,5.782083511352539,0.5,-0.025712650269269943,0.07464051991701126,0.8318902254104614,-0.2859398126602173,0.6022403240203857,0.5115856528282166,0.2453041821718216,0.44616228342056274,0.44097644090652466,0.21187724173069,0.42156821489334106,0.42156821489334106,0.39528897404670715,1.6760762929916382,1.1243116855621338,0.0,0.02627924084663391,0.02627924084663391,0.2557928264141083,0.2557928264141083,0.16677774488925934,2.0000245571136475,-1.0451231002807617,0.0,0.08901508152484894,0.08901508152484894,0.1226520910859108,0.1226520910859108,0.15007704496383667,-2.0000550746917725,0.6193299889564514,0.0,-0.027424953877925873,-0.027424953877925873,0.31231358647346497,0.31231358647346497,0.21660557389259338,1.956830620765686,-1.052747368812561,0.0,0.09570801258087158,0.09570801258087158,0.22048822045326233,0.22048822045326233,0.23107703030109406,0.3434307873249054,0.7712563872337341,0.0,-0.010588809847831726,-0.010588809847831726,0.105938620865345,0.105938620865345,0.006145965773612261,1.9799764156341553,0.5243806838989258,0.0,0.09979265509173274,0.09979265509173274
870,29.0,24,0,0,,4,uneven rough,11,0.0,95.77501678466797,33.908267974853516,0.18224066495895386,1.847426414489746,-0.01700202375650406,1.847426414489746,-0.01700202375650406,9.769133567810059,5.578970909118652,0.5,-0.16388718783855438,0.17101487517356873,0.923713207244873,-0.00850101187825203,0.3760082423686981,0.11232149600982666,0.09745816141366959,-0.33054119348526,0.5657254457473755,-0.5844550132751465,0.26320576667785645,0.26320576667785645,0.09147001802921295,1.8667117357254028,-0.5345864295959473,0.0,0.1717357486486435,0.1717357486486435,0.05616074800491333,0.05616074800491333,0.02034188248217106,0.29636141657829285,-1.6786240339279175,0.0,0.03581886552274227,0.03581886552274227,0.04872908070683479,0.04872908070683479,-0.032280147075653076,1.827246069908142,0.3144230246543884,0.0,0.08100922778248787,0.08100922778248787,-0.23137883841991425,-0.23137883841991425,-0.01934489980340004,-1.735013723373413,0.14296498894691467,0.0,-0.2120339386165142,-0.2120339386165142,0.28286272287368774,0.28286272287368774,0.3260532319545746,-0.1958254873752594,0.869259774684906,0.0,-0.04319050908088684,-0.04319050908088684,-0.29222750663757324,-0.29222750663757324,0.04445367306470871,-0.38492822647094727,-0.25127434730529785,0.0,-0.33668117970228195,-0.33668117970228195
871,29.03333333333333,4,0,0,,4,uneven rough,5,0.0,49.248409271240234,32.07981872558594,0.17824825644493103,1.2509409189224243,0.17076903581619263,1.2509409189224243,0.17076903581619263,6.4437360763549805,3.2461605072021484,0.3333333432674408,0.28179317712783813,0.24238936603069305,0.6254704594612122,0.08538451790809631,0.17052103579044342,0.6722328662872314,0.4312741458415985,0.5450602769851685,0.0798497423529625,0.04177435114979744,0.11936472356319427,0.11936472356319427,0.19867855310440063,-1.9969650506973267,0.2081436663866043,0.0,-0.07931382954120636,-0.07931382954120636,0.3361164331436157,0.3361164331436157,0.10252531617879868,0.3711196780204773,-0.775753915309906,0.0,0.23359111696481705,0.23359111696481705,0.21563707292079926,0.21563707292079926,0.20891982316970825,0.3105846345424652,0.5947243571281433,0.0,0.006717249751091003,0.006717249751091003,0.3815421760082245,0.3815421760082245,0.3222845196723938,1.9618096351623535,1.4130080938339233,0.0,0.05925765633583069,0.05925765633583069,0.03992487117648125,0.03992487117648125,0.1463499367237091,-1.958120346069336,0.36404842138290405,0.0,-0.10642506554722786,-0.10642506554722786,0.02088717557489872,0.02088717557489872,-0.025296399369835854,1.6465411186218262,1.3794645071029663,0.0,0.04618357494473457,0.04618357494473457
871,29.03333333333333,14,0,0,,4,uneven rough,5,0.0,49.30807876586914,34.03672409057617,0.25316131114959717,0.987265944480896,0.44898921251296997,0.987265944480896,0.44898921251296997,4.877288818359375,0.9968565702438354,0.1666666716337204,-0.11988680064678192,0.24651788175106049,0.493632972240448,0.22449460625648499,-0.19212888181209564,0.6747676134109497,0.41861626505851746,0.8233540058135986,0.3020956516265869,0.2043481022119522,-0.1344902217388153,-0.1344902217388153,0.375276654958725,-1.497418999671936,1.436280369758606,0.0,-0.5097668766975403,-0.5097668766975403,0.33738380670547485,0.33738380670547485,0.22728095948696136,1.092939853668213,0.6766088604927063,0.0,0.11010284721851349,0.11010284721851349,0.20930813252925873,0.20930813252925873,0.1643928736448288,0.7367123365402222,-0.8616750240325928,0.0,0.04491525888442993,0.04491525888442993,0.5763477683067322,0.5763477683067322,0.28756117820739746,2.0122811794281006,0.6488733887672424,0.0,0.2887865900993347,0.2887865900993347,0.15104782581329346,0.15104782581329346,0.19355237483978271,-0.5311309695243835,0.5293630361557007,0.0,-0.04250454902648926,-0.04250454902648926,0.1021740511059761,0.1021740511059761,0.0687934160232544,1.9418015480041504,1.347377061843872,0.0,0.03338063508272171,0.03338063508272171
871,29.03333333333333,24,0,0,,4,uneven rough,11,0.0,95.82778930664062,33.93421173095703,0.19782859086990356,1.7921520471572876,0.07911285758018494,1.7921520471572876,0.07911285758018494,8.623917579650879,3.677093982696533,0.3333333432674408,-0.22852230072021484,0.12428226321935654,0.8960760235786438,0.03955642879009247,-0.11030511558055878,0.5138275623321533,-0.19327569007873535,-0.18784406781196594,0.5501611232757568,-0.49693527817726135,-0.0772135779261589,-0.0772135779261589,0.06947692483663559,-1.8314476013183594,0.8231118321418762,0.0,-0.1466905027627945,-0.1466905027627945,0.25691378116607666,0.25691378116607666,0.0738634318113327,1.4894368648529053,-0.5619637370109558,0.0,0.18305034935474396,0.18305034935474396,-0.09663784503936768,-0.09663784503936768,-0.08371540158987045,-1.7190101146697998,1.1697758436203003,0.0,-0.012922443449497223,-0.012922443449497223,-0.13149084150791168,-0.13149084150791168,-0.05963683873414993,-1.052976369857788,-0.9188475608825684,0.0,-0.07185400277376175,-0.07185400277376175,0.2750805616378784,0.2750805616378784,0.29139474034309387,-1.191512107849121,0.26705867052078247,0.0,-0.016314178705215454,-0.016314178705215454,-0.24846763908863068,-0.24846763908863068,-0.014405502006411552,-1.661753535270691,-0.3268424868583679,0.0,-0.23406213708221912,-0.23406213708221912
872,29.066666666666666,4,0,0,,4,uneven rough,5,0.0,49.246910095214844,32.04743957519531,0.2003249228000641,0.7956215739250183,-0.09213127940893173,0.7956215739250183,-0.09213127940893173,7.022550106048584,7.821895122528076,0.5,-0.1333054155111313,0.12381310760974884,0.39781078696250916,-0.046065639704465866,0.11280596256256104,0.39487358927726746,0.5096331238746643,0.5548977851867676,0.15953746438026428,0.1179988756775856,0.07896417379379272,0.07896417379379272,0.1329546570777893,-2.000000238418579,-1.0386286973953247,0.0,-0.05399048328399658,-0.05399048328399658,0.19743679463863373,0.19743679463863373,0.1680721789598465,2.0000011920928955,-0.12730954587459564,0.0,0.02936461567878723,0.02936461567878723,0.25481656193733215,0.25481656193733215,0.24632807075977325,0.8541929125785828,0.43407127261161804,0.0,0.008488491177558899,0.008488491177558899,0.3884284496307373,0.3884284496307373,0.38827216625213623,1.8133418560028076,1.7233015298843384,0.0,0.00015628337860107422,0.00015628337860107422,0.07976873219013214,0.07976873219013214,0.09291017055511475,-1.7564280033111572,-0.9489099383354187,0.0,-0.013141438364982605,-0.013141438364982605,0.0589994378387928,0.0589994378387928,0.04011230170726776,1.994706153869629,1.5304701328277588,0.0,0.01888713613152504,0.01888713613152504
872,29.066666666666666,14,0,0,,4,uneven rough,5,0.0,49.32692337036133,33.99676513671875,0.2588135600090027,1.5486983060836792,-0.1699484884738922,1.5486983060836792,-0.1699484884738922,6.738526821136475,5.653573513031006,0.5,0.45454251766204834,0.10393482446670532,0.7743491530418396,-0.0849742442369461,-0.2795471251010895,0.5756629109382629,-0.010833938606083393,0.6660394072532654,0.23830802738666534,0.016869714483618736,-0.19568298757076263,-0.19568298757076263,0.3122852146625519,-1.5512664318084717,-0.2224385142326355,0.0,-0.5079682022333145,-0.5079682022333145,0.28783145546913147,0.28783145546913147,0.2894571125507355,1.5997774600982666,0.9120031595230103,0.0,-0.001625657081604004,-0.001625657081604004,-0.0054169693030416965,-0.0054169693030416965,0.09845501184463501,-2.0273854732513428,0.04205605387687683,0.0,-0.1038719811476767,-0.1038719811476767,0.46622759103775024,0.46622759103775024,0.35393670201301575,1.9073923826217651,1.4197466373443604,0.0,0.1122908890247345,0.1122908890247345,0.11915401369333267,0.11915401369333267,0.12941236793994904,-1.3849797248840332,-0.07024218142032623,0.0,-0.010258354246616364,-0.010258354246616364,0.008434857241809368,0.008434857241809368,0.054293595254421234,-0.8366900086402893,1.6834657192230225,0.0,-0.045858738012611866,-0.045858738012611866
872,29.066666666666666,24,0,0,,4,uneven rough,11,0.0,95.88530731201172,33.952110290527344,0.2151705026626587,1.8385934829711914,0.4931635558605194,1.8235808610916138,0.4931635558605194,10.074552536010742,4.166085243225098,0.3333333432674408,0.1331864893436432,0.29673367738723755,0.9192967414855957,0.2465817779302597,0.583031177520752,0.3511379063129425,0.06400049477815628,-0.09093277901411057,0.3912679851055145,-0.3246597945690155,0.40812182426452637,0.40812182426452637,0.10369834303855896,1.1434588432312012,-0.67778080701828,0.0,0.3044234812259674,0.3044234812259674,0.17556895315647125,0.17556895315647125,0.13907819986343384,1.9017850160598755,0.5979018211364746,0.0,0.036490753293037415,0.036490753293037415,0.03200024738907814,0.03200024738907814,-0.042446836829185486,1.4864009618759155,-0.4635488986968994,0.0,0.07444708421826363,0.07444708421826363,-0.06365294754505157,-0.06365294754505157,-0.1048344224691391,0.19251087307929993,-0.9946842193603516,0.0,0.041181474924087524,0.041181474924087524,0.19563399255275726,0.19563399255275726,0.23498359322547913,-1.370988368988037,-0.5576198697090149,0.0,-0.03934960067272186,-0.03934960067272186,-0.16232989728450775,-0.16232989728450775,-0.06528415530920029,-0.6269035935401917,-1.0816035270690918,0.0,-0.09704574197530746,-0.09704574197530746
873,29.099999999999998,4,0,0,,4,uneven rough,5,0.0,49.25649642944336,32.01322937011719,0.2162816822528839,0.8063949346542358,0.10022150725126266,0.8063949346542358,0.10022150725126266,4.1385111808776855,0.0,0.0,-0.35784077644348145,0.1340450495481491,0.4031974673271179,0.05011075362563133,0.1500774770975113,0.5650495290756226,0.281203031539917,0.14842621982097626,0.006687023676931858,-0.05430677905678749,0.10505422949790955,0.10505422949790955,0.12377167493104935,-0.09428036212921143,-1.582189917564392,0.0,-0.0187174454331398,-0.0187174454331398,0.2825247645378113,0.2825247645378113,0.23569448292255402,1.9709761142730713,1.075475811958313,0.0,0.04683028161525726,0.04683028161525726,0.1406015157699585,0.1406015157699585,0.1815851330757141,-1.983203649520874,0.6716088056564331,0.0,-0.040983617305755615,-0.040983617305755615,0.10389835387468338,0.10389835387468338,0.3650140166282654,-1.2828248739242554,1.7742104530334473,0.0,-0.261115662753582,-0.261115662753582,0.003343511838465929,0.003343511838465929,0.03358219936490059,-1.2853631973266602,-1.4054820537567139,0.0,-0.03023868752643466,-0.03023868752643466,-0.027153389528393745,-0.027153389528393745,0.019533026963472366,-0.764519214630127,1.7929500341415405,0.0,-0.04668641649186611,-0.04668641649186611
873,29.099999999999998,14,0,0,,4,uneven rough,5,0.0,49.34868240356445,33.96002960205078,0.2510899603366852,0.6882642507553101,0.3520146608352661,0.6882642507553101,0.3520146608352661,5.816544532775879,1.706772804260254,0.5,0.5641436576843262,0.10395126044750214,0.34413212537765503,0.17600733041763306,0.08546176552772522,0.2726764678955078,0.2064785212278366,0.4478328824043274,-0.11065776646137238,0.018462195992469788,0.059823233634233475,0.059823233634233475,0.25776639580726624,-1.222686767578125,-0.973760187625885,0.0,-0.19794316217303276,-0.19794316217303276,0.1363382339477539,0.1363382339477539,0.23395606875419617,-1.9644392728805542,1.3008719682693481,0.0,-0.09761783480644226,-0.09761783480644226,0.1032392606139183,0.1032392606139183,0.06548235565423965,-0.47990506887435913,-1.1280099153518677,0.0,0.03775690495967865,0.03775690495967865,0.31348299980163574,0.31348299980163574,0.362562358379364,-1.2388014793395996,1.6954624652862549,0.0,-0.04907935857772827,-0.04907935857772827,-0.17705242335796356,-0.17705242335796356,0.07027377188205719,-1.21346116065979,-0.8135971426963806,0.0,-0.24732619524002075,-0.24732619524002075,0.009231097996234894,0.009231097996234894,0.048622917383909225,-0.049918465316295624,0.25856512784957886,0.0,-0.03939181938767433,-0.03939181938767433
873,29.099999999999998,24,0,0,,4,uneven rough,11,0.0,95.94804382324219,33.96297073364258,0.22292560338974,1.8700199127197266,-0.4100482165813446,1.6507961750030518,-0.4100482165813446,7.881563186645508,3.2655839920043945,0.3333333432674408,0.4324519634246826,0.14206264913082123,0.9350099563598633,-0.2050241082906723,-0.17970088124275208,0.49248602986335754,0.15993043780326843,0.13288186490535736,0.538654088973999,0.012336943298578262,-0.12579061090946198,-0.12579061090946198,0.04482332244515419,-1.7702018022537231,0.35195136070251465,0.0,-0.17061393335461617,-0.17061393335461617,0.24624301493167877,0.24624301493167877,0.20452657341957092,1.8936525583267212,1.3351197242736816,0.0,0.04171644151210785,0.04171644151210785,0.07996521890163422,0.07996521890163422,0.021879734471440315,2.0,0.6389562487602234,0.0,0.0580854844301939,0.0580854844301939,0.09301730245351791,0.09301730245351791,-0.0409449078142643,1.8385136127471924,-0.3234420120716095,0.0,0.1339622102677822,0.1339622102677822,0.2693270444869995,0.2693270444869995,0.2715004086494446,2.0022048950195312,-1.0174999237060547,0.0,-0.0021733641624450684,-0.0021733641624450684,0.006168471649289131,0.006168471649289131,-0.022232266142964363,1.4835964441299438,-0.8245153427124023,0.0,0.028400737792253494,0.028400737792253494
874,29.133333333333333,4,0,0,,4,uneven rough,5,0.0,49.26633071899414,31.979623794555664,0.21420574188232422,0.849184513092041,0.07662142068147659,0.849184513092041,0.07662142068147659,2.9801502227783203,2.4026780128479004,0.37289655208587646,-0.6217591762542725,0.06130698323249817,0.4245922565460205,0.038310710340738297,0.4397965669631958,0.14007872343063354,0.20204773545265198,-0.03336283937096596,0.16549186408519745,-0.525642991065979,0.30785760283470154,0.30785760283470154,0.18632088601589203,1.9561049938201904,-0.7409231662750244,0.0,0.12153671681880951,0.12153671681880951,0.07003936171531677,0.07003936171531677,0.20359009504318237,-1.723093867301941,1.5817933082580566,0.0,-0.1335507333278656,-0.1335507333278656,0.10102386772632599,0.10102386772632599,0.11465811729431152,-1.9734244346618652,-0.8294269442558289,0.0,-0.013634249567985535,-0.013634249567985535,-0.02335398644208908,-0.02335398644208908,0.3005821108818054,-1.7308038473129272,0.04575720801949501,0.0,-0.3239360973238945,-0.3239360973238945,0.08274593204259872,0.08274593204259872,0.042498890310525894,1.977552056312561,-1.337566614151001,0.0,0.04024704173207283,0.04024704173207283,-0.2628214955329895,-0.2628214955329895,-0.02949395775794983,-1.5759795904159546,0.346952348947525,0.0,-0.23332753777503967,-0.23332753777503967
874,29.133333333333333,14,0,0,,4,uneven rough,5,0.0,49.36905288696289,33.92224884033203,0.24906745553016663,1.027535080909729,-0.34505411982536316,1.027535080909729,-0.34505411982536316,3.9592437744140625,4.608705520629883,0.3333333432674408,0.731059730052948,0.16084328293800354,0.5137675404548645,-0.17252705991268158,0.5611665844917297,-0.10885903984308243,0.5557564496994019,0.04368045926094055,-0.07239711284637451,-0.3711188733577728,0.39281660318374634,0.39281660318374634,0.29483237862586975,2.0009124279022217,-1.1145037412643433,0.0,0.09798422455787659,0.09798422455787659,-0.1741744726896286,-0.1741744726896286,0.1776132881641388,-2.000795602798462,-0.545340895652771,0.0,-0.3517877608537674,-0.3517877608537674,0.2778782248497009,0.2778782248497009,0.05067187920212746,-0.21579742431640625,-0.7615702748298645,0.0,0.22720634564757347,0.22720634564757347,0.030576320365071297,0.030576320365071297,0.299192875623703,-1.6141215562820435,0.03642437979578972,0.0,-0.2686165552586317,-0.2686165552586317,-0.11583538353443146,-0.11583538353443146,0.028274081647396088,-0.9555820822715759,-1.0396809577941895,0.0,-0.14410946518182755,-0.14410946518182755,-0.1855594366788864,-0.1855594366788864,0.07101824134588242,0.06463328003883362,0.08414795249700546,0.0,-0.25657767802476883,-0.25657767802476883
874,29.133333333333333,24,0,0,,4,uneven rough,11,0.0,96.0091323852539,33.97450256347656,0.2253832072019577,1.8094699382781982,0.6933561563491821,1.7863876819610596,0.6933561563491821,8.730196952819824,1.4436426162719727,0.1666666716337204,0.4479846954345703,0.115493044257164,0.9047349691390991,0.34667807817459106,-0.11621591448783875,0.4447033703327179,-0.6190609931945801,0.03752140328288078,0.49757811427116394,0.1211792454123497,-0.081351138651371,-0.081351138651371,-0.023112023249268532,-1.9994369745254517,-0.8479178547859192,0.0,-0.05823911540210247,-0.05823911540210247,0.22235168516635895,0.22235168516635895,0.21509882807731628,0.6207760572433472,1.650915265083313,0.0,0.007252857089042664,0.007252857089042664,-0.30953049659729004,-0.30953049659729004,-0.028961580246686935,-1.9110348224639893,1.4084928035736084,0.0,-0.2805689163506031,-0.2805689163506031,0.026264982298016548,0.026264982298016548,0.022282131016254425,1.6613467931747437,0.8989315629005432,0.0,0.003982851281762123,0.003982851281762123,0.24878905713558197,0.24878905713558197,0.25361183285713196,-0.6988762021064758,0.6898465752601624,0.0,-0.004822775721549988,-0.004822775721549988,0.06058962270617485,0.06058962270617485,0.029594358056783676,1.8309911489486694,0.4804951846599579,0.0,0.030995264649391174,0.030995264649391174
875,29.166666666666668,4,0,0,,4,uneven rough,5,0.0,49.2741584777832,31.944833755493164,0.20140382647514343,1.0893239974975586,0.1425718367099762,1.0893239974975586,0.1425718367099762,1.2105706930160522,2.4086592197418213,0.3333333432674408,-0.7250787615776062,0.06994190812110901,0.5446619987487793,0.0712859183549881,0.6175132989883423,0.04081323742866516,0.4813024401664734,0.24226252734661102,0.2431745082139969,-0.34005388617515564,0.43225929141044617,0.43225929141044617,0.2517130672931671,1.9463284015655518,0.7839813828468323,0.0,0.18054622411727905,0.18054622411727905,0.02040661871433258,0.02040661871433258,0.1399918496608734,-1.9618834257125854,-0.28679585456848145,0.0,-0.11958523094654083,-0.11958523094654083,0.2406512200832367,0.2406512200832367,0.13946770131587982,1.5033704042434692,-1.4762451648712158,0.0,0.10118351876735687,0.10118351876735687,0.1695837676525116,0.1695837676525116,0.2393139749765396,-1.9149366617202759,-0.9587135910987854,0.0,-0.06973020732402802,-0.06973020732402802,0.12158725410699844,0.12158725410699844,0.11550784111022949,2.083113431930542,0.5368074178695679,0.0,0.006079412996768951,0.006079412996768951,-0.17002694308757782,-0.17002694308757782,-0.05540537089109421,-0.27485713362693787,-0.7402768135070801,0.0,-0.11462157219648361,-0.11462157219648361
875,29.166666666666668,14,0,0,,4,uneven rough,5,0.0,49.381561279296875,33.88466262817383,0.24495020508766174,1.442500352859497,0.15658210217952728,1.442500352859497,0.15658210217952728,1.056348204612732,7.301614284515381,0.5,0.4917474687099457,0.0685533732175827,0.7212501764297485,0.07829105108976364,0.4325093924999237,-0.0316060408949852,0.4822414517402649,0.5973862409591675,0.44382262229919434,-0.17963308095932007,0.30275657773017883,0.30275657773017883,0.2812027037143707,-0.647975504398346,0.6469581723213196,0.0,0.021553874015808105,0.021553874015808105,-0.05056966468691826,-0.05056966468691826,0.12000875174999237,-1.6910053491592407,-1.3682576417922974,0.0,-0.17057841643691063,-0.17057841643691063,0.24112072587013245,0.24112072587013245,0.09342262893915176,0.5060380101203918,-0.4529893398284912,0.0,0.14769809693098068,0.14769809693098068,0.41817036271095276,0.41817036271095276,0.35179564356803894,1.8548473119735718,-0.896797239780426,0.0,0.06637471914291382,0.06637471914291382,0.22191131114959717,0.22191131114959717,0.0942605584859848,1.5038915872573853,-0.9921312928199768,0.0,0.12765075266361237,0.12765075266361237,-0.08981654047966003,-0.08981654047966003,0.07406830042600632,-0.8761175274848938,0.0731143206357956,0.0,-0.16388484090566635,-0.16388484090566635
875,29.166666666666668,24,0,0,,4,uneven rough,11,0.0,96.06629180908203,33.9993896484375,0.2200019657611847,1.8057414293289185,0.25440680980682373,1.725733757019043,0.25440680980682373,8.995558738708496,0.2698593735694885,0.1666666716337204,0.7602852582931519,0.14459948241710663,0.9028707146644592,0.12720340490341187,-0.20190350711345673,0.4377540051937103,-0.44903483986854553,-0.3788946568965912,0.5037351250648499,-0.36534383893013,-0.1413324475288391,-0.1413324475288391,-0.0798480361700058,-1.9867783784866333,-1.4989888668060303,0.0,-0.06148441135883331,-0.06148441135883331,0.21887700259685516,0.21887700259685516,0.22072969377040863,-1.070155143737793,1.0684727430343628,0.0,-0.0018526911735534668,-0.0018526911735534668,-0.22451741993427277,-0.22451741993427277,-0.0711279883980751,-1.980519413948059,-0.4683740735054016,0.0,-0.15338943153619766,-0.15338943153619766,-0.26522624492645264,-0.26522624492645264,0.008404131978750229,-1.4519513845443726,1.3300025463104248,0.0,-0.27363037690520287,-0.27363037690520287,0.2518675625324249,0.2518675625324249,0.26563000679016113,0.2505611479282379,-0.09533976763486862,0.0,-0.013762444257736206,-0.013762444257736206,-0.182671919465065,-0.182671919465065,-0.006731933914124966,-1.3880778551101685,1.2440680265426636,0.0,-0.17593998555094004,-0.17593998555094004
876,29.2,4,0,0,,4,uneven rough,5,0.0,49.28257369995117,31.90860366821289,0.19749322533607483,1.2387107610702515,-0.13869495689868927,1.2387107610702515,-0.13869495689868927,1.542806625366211,1.8347171545028687,0.3333333432674408,-0.8649417757987976,0.12387700378894806,0.6193553805351257,-0.06934747844934464,0.754105269908905,0.4196377396583557,0.19074314832687378,0.26947078108787537,0.4949395954608917,-0.010790402069687843,0.527873694896698,0.527873694896698,0.31553715467453003,1.7164422273635864,1.4411745071411133,0.0,0.21233654022216797,0.21233654022216797,0.20981886982917786,0.20981886982917786,0.17938749492168427,1.2392451763153076,-1.2338933944702148,0.0,0.03043137490749359,0.03043137490749359,0.09537157416343689,0.09537157416343689,0.11510108411312103,-0.806265652179718,0.2084348350763321,0.0,-0.019729509949684143,-0.019729509949684143,0.18862953782081604,0.18862953782081604,0.18131166696548462,-0.8474255204200745,-1.4993637800216675,0.0,0.007317870855331421,0.007317870855331421,0.24746979773044586,0.24746979773044586,0.19140000641345978,2.0040781497955322,1.4110915660858154,0.0,0.056069791316986084,0.056069791316986084,-0.005395201034843922,-0.005395201034843922,-0.05862147733569145,0.16621482372283936,-0.47712770104408264,0.0,0.05322627630084753,0.05322627630084753
876,29.2,14,0,0,,4,uneven rough,5,0.0,49.39710235595703,33.854225158691406,0.24606069922447205,0.7756320834159851,0.9543694257736206,0.7756320834159851,0.9543694257736206,2.86179780960083,2.1417226791381836,0.5,0.37120184302330017,0.17816442251205444,0.38781604170799255,0.4771847128868103,0.33529308438301086,0.0027484786696732044,0.27387717366218567,0.5503522753715515,0.20933236181735992,0.31537583470344543,0.2347051501274109,0.2347051501274109,0.2329849749803543,-0.8386119604110718,-0.08519966155290604,0.0,0.0017201751470565796,0.0017201751470565796,0.0013742393348366022,0.0013742393348366022,0.05876785144209862,-1.9670511484146118,-1.5507397651672363,0.0,-0.057393612107262015,-0.057393612107262015,0.13693858683109283,0.13693858683109283,0.1070455014705658,0.4338890314102173,0.08924643695354462,0.0,0.02989308536052704,0.02989308536052704,0.3852465748786926,0.3852465748786926,0.40044140815734863,0.3409734070301056,0.6589875221252441,0.0,-0.015194833278656006,-0.015194833278656006,0.10466618090867996,0.10466618090867996,0.08803021162748337,-0.1657465100288391,0.4191245138645172,0.0,0.016635969281196594,0.016635969281196594,0.15768791735172272,0.15768791735172272,0.12089157849550247,2.000812530517578,-0.4635830819606781,0.0,0.036796338856220245,0.036796338856220245
876,29.2,24,0,0,,4,uneven rough,11,0.0,96.12108612060547,34.02091598510742,0.2181779146194458,1.7873539924621582,-0.07106322050094604,1.7288939952850342,-0.07106322050094604,8.878765106201172,0.533680260181427,0.1666666716337204,0.5527133345603943,0.2090153992176056,0.8936769962310791,-0.03553161025047302,0.5531871318817139,0.4561978578567505,-0.04510185867547989,-0.5143552422523499,0.23678262531757355,-0.4148966073989868,0.3872309923171997,0.3872309923171997,-0.03848632052540779,1.946376085281372,-1.7747858762741089,0.0,0.4257173128426075,0.4257173128426075,0.22809892892837524,0.22809892892837524,0.1963474601507187,0.7033143043518066,-0.14071130752563477,0.0,0.031751468777656555,0.031751468777656555,-0.022550929337739944,-0.022550929337739944,-0.03851241618394852,1.5873758792877197,-1.3233437538146973,0.0,0.015961486846208572,0.015961486846208572,-0.36004865169525146,-0.36004865169525146,-0.061908919364213943,-1.9958274364471436,-0.2429192215204239,0.0,-0.2981397323310375,-0.2981397323310375,0.11839131265878677,0.11839131265878677,0.21435168385505676,-1.566502332687378,0.10023322701454163,0.0,-0.09596037119626999,-0.09596037119626999,-0.2074483036994934,-0.2074483036994934,-0.04661937057971954,-1.47957444190979,-0.24415196478366852,0.0,-0.16082893311977386,-0.16082893311977386
877,29.233333333333334,4,0,0,,4,uneven rough,5,0.0,49.27688217163086,31.872732162475586,0.18021580576896667,1.0609936714172363,0.9776939153671265,1.0609936714172363,0.9776939153671265,3.396029233932495,0.6734437942504883,0.1666666716337204,-0.6489330530166626,0.2180606573820114,0.5304968357086182,0.48884695768356323,0.6094760894775391,0.11872172355651855,0.08399459719657898,0.5270568132400513,0.5711832046508789,-0.08893637359142303,0.4266332685947418,0.4266332685947418,0.3774327039718628,1.9968825578689575,1.5968114137649536,0.0,0.04920056462287903,0.04920056462287903,0.05936086177825928,0.05936086177825928,0.12125132977962494,-2.000075101852417,0.1644235998392105,0.0,-0.06189046800136566,-0.06189046800136566,0.04199729859828949,0.04199729859828949,0.05064268782734871,-1.8900558948516846,-0.3652786314487457,0.0,-0.00864538922905922,-0.00864538922905922,0.36893975734710693,0.36893975734710693,0.222776859998703,1.6436576843261719,-1.1307567358016968,0.0,0.14616289734840393,0.14616289734840393,0.28559160232543945,0.28559160232543945,0.2468578964471817,2.0989809036254883,1.7463672161102295,0.0,0.03873370587825775,0.03873370587825775,-0.04446818679571152,-0.04446818679571152,-0.047475699335336685,0.42244499921798706,-0.11338067799806595,0.0,0.003007512539625168,0.003007512539625168
877,29.233333333333334,14,0,0,,4,uneven rough,5,0.0,49.41733169555664,33.82579040527344,0.24828803539276123,1.4960296154022217,0.30923113226890564,1.4960296154022217,0.30923113226890564,6.612252712249756,2.315861463546753,0.3333333432674408,0.28246739506721497,0.14758428931236267,0.7480148077011108,0.15461556613445282,0.19709941744804382,-0.048032671213150024,0.4779532253742218,0.40368595719337463,0.22801439464092255,-0.24223648011684418,0.13796958327293396,0.13796958327293396,0.1859906017780304,-1.687847375869751,-0.5111803412437439,0.0,-0.048021018505096436,-0.048021018505096436,-0.07685227692127228,-0.07685227692127228,0.0006182792712934315,-1.9656612873077393,-1.7861229181289673,0.0,-0.07747055619256571,-0.07747055619256571,0.2389766126871109,0.2389766126871109,0.15253867208957672,1.9773259162902832,0.2841079831123352,0.0,0.08643794059753418,0.08643794059753418,0.28258016705513,0.28258016705513,0.3723691403865814,-1.7724354267120361,0.47918176651000977,0.0,-0.08978897333145142,-0.08978897333145142,0.11400719732046127,0.11400719732046127,0.0839652270078659,-0.2199491411447525,0.08843739330768585,0.0,0.030041970312595367,0.030041970312595367,-0.12111824005842209,-0.12111824005842209,0.07748395204544067,-1.6558021306991577,0.9297906160354614,0.0,-0.19860219210386276,-0.19860219210386276
877,29.233333333333334,24,0,0,,4,uneven rough,11,0.0,96.17742919921875,34.03500747680664,0.22356881201267242,1.7531455755233765,-1.2306065559387207,1.7531455755233765,-1.2306065559387207,9.611917495727539,1.114012598991394,0.1666666716337204,0.34523099660873413,0.05476055294275284,0.8765727877616882,-0.6153032779693604,0.13149726390838623,0.4741882383823395,-0.03590978682041168,-0.50076824426651,0.2178199738264084,-0.6916117668151855,0.09204808622598648,0.09204808622598648,0.028790632262825966,1.9973753690719604,0.3291657865047455,0.0,0.06325745396316051,0.06325745396316051,0.23709411919116974,0.23709411919116974,0.20900428295135498,-0.03210609406232834,0.3365022838115692,0.0,0.02808983623981476,0.02808983623981476,-0.01795489341020584,-0.01795489341020584,-0.04829413443803787,-0.8864116072654724,0.3223823308944702,0.0,0.03033924102783203,0.03033924102783203,-0.3505377769470215,-0.3505377769470215,-0.12650996446609497,-1.7466377019882202,-1.2340166568756104,0.0,-0.2240278124809265,-0.2240278124809265,0.1089099869132042,0.1089099869132042,0.15647509694099426,-1.6239088773727417,-0.8421420454978943,0.0,-0.04756511002779007,-0.04756511002779007,-0.3458058834075928,-0.3458058834075928,-0.09215214103460312,-0.7906765937805176,-0.9426620602607727,0.0,-0.25365374237298965,-0.25365374237298965
878,29.266666666666666,4,0,0,,4,uneven rough,5,0.0,49.2793083190918,31.841468811035156,0.17061056196689606,1.2907779216766357,0.4627549350261688,1.2907779216766357,0.4627549350261688,5.625041961669922,2.575927257537842,0.3333333432674408,-0.7053408026695251,0.335986852645874,0.6453889608383179,0.2313774675130844,-0.013120457530021667,0.07165355980396271,0.6354470252990723,0.5380038022994995,0.47063857316970825,0.06994011253118515,-0.009184320457279682,-0.009184320457279682,0.344465434551239,-1.8878568410873413,1.823012351989746,0.0,-0.3536497550085187,-0.3536497550085187,0.035826779901981354,0.035826779901981354,0.07536446303129196,-1.9318674802780151,-1.0593878030776978,0.0,-0.03953768312931061,-0.03953768312931061,0.31772351264953613,0.31772351264953613,0.06348934769630432,-0.35801342129707336,-1.2273904085159302,0.0,0.2542341649532318,0.2542341649532318,0.3766026496887207,0.3766026496887207,0.28731584548950195,1.8425731658935547,0.43790215253829956,0.0,0.08928680419921875,0.08928680419921875,0.23531928658485413,0.23531928658485413,0.22045408189296722,-1.4108220338821411,1.9457355737686157,0.0,0.014865204691886902,0.014865204691886902,0.034970056265592575,0.034970056265592575,-0.03426579758524895,0.4262591302394867,0.18957611918449402,0.0,0.06923585385084152,0.06923585385084152
878,29.266666666666666,14,0,0,,4,uneven rough,5,0.0,49.434993743896484,33.791507720947266,0.25153017044067383,1.2681472301483154,-0.13801713287830353,1.2681472301483154,-0.13801713287830353,7.07633113861084,3.3979434967041016,0.3333333432674408,-0.05158722400665283,0.24599406123161316,0.6340736150741577,-0.06900856643915176,0.7496263384819031,-0.36914825439453125,0.5049163699150085,0.11085919290781021,0.3114638328552246,-0.34827083349227905,0.5247384309768677,0.5247384309768677,0.21586021780967712,1.2360254526138306,-1.1764700412750244,0.0,0.30887821316719055,0.30887821316719055,-0.59063720703125,-0.59063720703125,-0.009197373874485493,0.6130887269973755,-1.88763427734375,0.0,-0.5814398331567645,-0.5814398331567645,0.2524581849575043,0.2524581849575043,0.21628238260746002,1.99973464012146,1.241456389427185,0.0,0.03617580235004425,0.03617580235004425,0.07760143280029297,0.07760143280029297,0.30006879568099976,-1.9755566120147705,-0.7938866019248962,0.0,-0.2224673628807068,-0.2224673628807068,0.1557319164276123,0.1557319164276123,0.12059234082698822,1.6764332056045532,-0.0859249085187912,0.0,0.035139575600624084,0.035139575600624084,-0.17413541674613953,-0.17413541674613953,0.01759755052626133,-1.4829673767089844,-0.5321081280708313,0.0,-0.19173296727240086,-0.19173296727240086
878,29.266666666666666,24,0,0,,4,uneven rough,11,0.0,96.24051666259766,34.038761138916016,0.22547978162765503,1.8219044208526611,-0.19206847250461578,1.7041232585906982,-0.19206847250461578,10.308601379394531,4.176421165466309,0.5,0.2173568457365036,0.15540188550949097,0.9109522104263306,-0.09603423625230789,0.047157950699329376,0.49716833233833313,0.14331591129302979,-0.0030279215425252914,0.5261915922164917,-0.3026396632194519,0.033010564744472504,0.033010564744472504,0.04060177877545357,-0.19379964470863342,1.2723745107650757,0.0,-0.007591214030981064,-0.007591214030981064,0.24858416616916656,0.24858416616916656,0.24310511350631714,0.08603557199239731,0.12809044122695923,0.0,0.005479052662849426,0.005479052662849426,0.07165795564651489,0.07165795564651489,-0.010527375154197216,2.051223039627075,-0.36107194423675537,0.0,0.08218533080071211,0.08218533080071211,-0.0021195451263338327,-0.0021195451263338327,-0.07489941269159317,1.886918067932129,-1.5238535404205322,0.0,0.07277986756525934,0.07277986756525934,0.26309579610824585,0.26309579610824585,0.21565820276737213,0.8105801343917847,-1.2841544151306152,0.0,0.04743759334087372,0.04743759334087372,-0.15131983160972595,-0.15131983160972595,-0.10573159903287888,1.264886736869812,-0.8567292094230652,0.0,-0.045588232576847076,-0.045588232576847076
879,29.3,4,0,0,,4,uneven rough,5,0.0,49.286529541015625,31.806034088134766,0.18127110600471497,1.373769760131836,0.8886180520057678,1.373769760131836,0.8886180520057678,5.0761895179748535,5.223593711853027,0.5,-0.6117713451385498,0.11612802743911743,0.686884880065918,0.4443090260028839,0.13856719434261322,0.45191195607185364,0.6146625876426697,0.5509957671165466,0.33645763993263245,0.22793184220790863,0.09699703752994537,0.09699703752994537,0.27977216243743896,-1.930998682975769,-0.2751197814941406,0.0,-0.1827751249074936,-0.1827751249074936,0.22595597803592682,0.22595597803592682,0.11462569236755371,1.1205662488937378,-1.5526893138885498,0.0,0.11133028566837311,0.11133028566837311,0.30733129382133484,0.30733129382133484,0.11729733645915985,1.9158921241760254,-0.7358431220054626,0.0,0.190033957362175,0.190033957362175,0.38569703698158264,0.38569703698158264,0.3509555160999298,2.00127911567688,1.2321056127548218,0.0,0.03474152088165283,0.03474152088165283,0.16822881996631622,0.16822881996631622,0.21962031722068787,-1.2564183473587036,0.04793187603354454,0.0,-0.05139149725437164,-0.05139149725437164,0.11396592110395432,0.11396592110395432,0.013743367977440357,1.9989612102508545,0.32339712977409363,0.0,0.10022255312651396,0.10022255312651396
879,29.3,14,0,0,,4,uneven rough,5,0.0,49.452701568603516,33.75642395019531,0.25613802671432495,1.5522884130477905,-0.16079169511795044,1.5522884130477905,-0.16079169511795044,7.939617156982422,2.8376922607421875,0.3333333432674408,-0.11004894971847534,0.1690540611743927,0.7761442065238953,-0.08039584755897522,0.7008074522018433,-0.35984712839126587,0.13040898740291595,-0.0749126598238945,0.5486618876457214,-0.5160120129585266,0.4905652105808258,0.4905652105808258,0.27376776933670044,1.766687035560608,0.18755926191806793,0.0,0.21679744124412537,0.21679744124412537,-0.5757554173469543,-0.5757554173469543,-0.003399517619982362,0.1536267250776291,-0.4737209975719452,0.0,-0.572355899726972,-0.572355899726972,0.06520449370145798,0.06520449370145798,0.17665497958660126,-1.993278980255127,1.670188307762146,0.0,-0.11145048588514328,-0.11145048588514328,-0.05243886262178421,-0.05243886262178421,0.2317260354757309,-1.8504167795181274,-1.4620048999786377,0.0,-0.2841648980975151,-0.2841648980975151,0.2743309438228607,0.2743309438228607,0.16744524240493774,1.9815688133239746,0.910515546798706,0.0,0.10688570141792297,0.10688570141792297,-0.2580060064792633,-0.2580060064792633,-0.03223886713385582,-0.605126142501831,-1.0697256326675415,0.0,-0.22576713934540749,-0.22576713934540749
879,29.3,24,0,0,,4,uneven rough,11,0.0,96.2989273071289,34.0514030456543,0.2371651530265808,1.94459867477417,0.32378488779067993,1.775025725364685,0.32378488779067993,8.673162460327148,3.3814377784729004,0.5,0.09154808521270752,0.11399157345294952,0.972299337387085,0.16189244389533997,-0.43656855821609497,0.5867880582809448,-0.20836228132247925,0.123319610953331,0.4338974058628082,0.6098997592926025,-0.3055979907512665,-0.3055979907512665,-0.021735846996307373,-1.7600412368774414,0.44339698553085327,0.0,-0.2838621437549591,-0.2838621437549591,0.2933940291404724,0.2933940291404724,0.28266897797584534,0.9847268462181091,0.10431254655122757,0.0,0.010725051164627075,0.010725051164627075,-0.10418114066123962,-0.10418114066123962,-0.03733063116669655,-1.1104625463485718,1.002843976020813,0.0,-0.06685050949454308,-0.06685050949454308,0.08632372319698334,0.08632372319698334,-0.01013709045946598,1.9693676233291626,0.40460285544395447,0.0,0.09646081365644932,0.09646081365644932,0.2169487029314041,0.2169487029314041,0.22520232200622559,-0.07396947592496872,-0.09978776425123215,0.0,-0.008253619074821472,-0.008253619074821472,0.30494987964630127,0.30494987964630127,-0.05626121163368225,0.5884727239608765,0.3428362309932709,0.0,0.3612110912799835,0.3612110912799835
880,29.333333333333332,4,0,0,,4,uneven rough,5,0.0,49.294288635253906,31.76841163635254,0.19919553399085999,1.282151222229004,0.6784348487854004,1.282151222229004,0.6784348487854004,7.315122127532959,5.2187981605529785,0.3333333432674408,-0.30037349462509155,0.06896470487117767,0.641075611114502,0.3392174243927002,-0.1760125756263733,0.5548739433288574,0.5264632701873779,0.6392418146133423,-0.2387588769197464,0.10757464915513992,-0.12320879846811295,-0.12320879846811295,0.21832001209259033,-1.575884222984314,-1.2113566398620605,0.0,-0.3415288105607033,-0.3415288105607033,0.2774369716644287,0.2774369716644287,0.17750392854213715,1.9927985668182373,-0.041225820779800415,0.0,0.09993304312229156,0.09993304312229156,0.26323163509368896,0.26323163509368896,0.17961835861206055,1.8767142295837402,0.7634527087211609,0.0,0.08361327648162842,0.08361327648162842,0.4474692642688751,0.4474692642688751,0.41644182801246643,1.7915318012237549,1.6669976711273193,0.0,0.03102743625640869,0.03102743625640869,-0.3820142149925232,-0.3820142149925232,0.20000340044498444,-0.1328568309545517,-0.6895501017570496,0.0,-0.5820176154375076,-0.5820176154375076,0.05378732457756996,0.05378732457756996,0.06932482868432999,2.023489475250244,1.2707641124725342,0.0,-0.015537504106760025,-0.015537504106760025
880,29.333333333333332,14,0,0,,4,uneven rough,5,0.0,49.4729118347168,33.725196838378906,0.2635784447193146,1.2363049983978271,0.09465372562408447,1.2363049983978271,0.09465372562408447,1.9528608322143555,1.1208752393722534,0.36843785643577576,-0.22021667659282684,0.13089248538017273,0.6181524991989136,0.047326862812042236,0.41551682353019714,0.1396738886833191,-0.23253729939460754,0.16138611733913422,0.5535563230514526,-0.4284307360649109,0.2908617854118347,0.2908617854118347,0.32547900080680847,0.6762142181396484,1.0804009437561035,0.0,-0.034617215394973755,-0.034617215394973755,0.06983694434165955,0.06983694434165955,0.05852983891963959,1.8093546628952026,-0.11901747435331345,0.0,0.011307105422019958,0.011307105422019958,-0.11626864969730377,-0.11626864969730377,0.11558316648006439,-1.760010004043579,-0.4011426866054535,0.0,-0.23185181617736816,-0.23185181617736816,0.1129702776670456,0.1129702776670456,0.17475080490112305,-1.8755981922149658,-1.6816136837005615,0.0,-0.061780527234077454,-0.061780527234077454,0.2767781615257263,0.2767781615257263,0.24072705209255219,1.921311616897583,1.516090989112854,0.0,0.03605110943317413,0.03605110943317413,-0.21421536803245544,-0.21421536803245544,-0.08591311424970627,-1.5903202295303345,-0.807040274143219,0.0,-0.12830225378274918,-0.12830225378274918
880,29.333333333333332,24,0,0,,4,uneven rough,11,0.0,96.35353088378906,34.06669616699219,0.23801204562187195,1.8442184925079346,-0.09043469280004501,1.7413700819015503,-0.09043469280004501,8.85476303100586,1.51376473903656,0.1666666716337204,0.020567655563354492,0.1449689269065857,0.9221092462539673,-0.04521734640002251,0.07050322741270065,0.34152311086654663,-0.3076041638851166,-0.299172580242157,0.5906760692596436,-0.020351380109786987,0.0493522584438324,0.0493522584438324,0.03545859083533287,1.8274915218353271,-0.8024309277534485,0.0,0.013893667608499527,0.013893667608499527,0.17076155543327332,0.17076155543327332,0.23574331402778625,-1.8377764225006104,0.6021003723144531,0.0,-0.06498175859451294,-0.06498175859451294,-0.1538020819425583,-0.1538020819425583,-0.07040012627840042,-0.5466272234916687,-0.19202332198619843,0.0,-0.08340195566415787,-0.08340195566415787,-0.2094208002090454,-0.2094208002090454,-0.06738146394491196,-1.79694402217865,1.2893236875534058,0.0,-0.14203933626413345,-0.14203933626413345,0.2953380346298218,0.2953380346298218,0.23605434596538544,1.547023892402649,-0.0851900577545166,0.0,0.05928368866443634,0.05928368866443634,-0.010175690054893494,-0.010175690054893494,0.0017991811037063599,1.3037346601486206,0.4817195534706116,0.0,-0.011974871158599854,-0.011974871158599854
881,29.366666666666667,4,0,0,,4,uneven rough,5,0.0,49.31809616088867,31.732423782348633,0.2113986611366272,1.4104777574539185,0.4646759331226349,1.4104777574539185,0.4646759331226349,8.064311981201172,2.3914875984191895,0.3333333432674408,-0.14571833610534668,0.10797371715307236,0.7052388787269592,0.23233796656131744,-0.16041988134384155,0.6358113884925842,0.2518566846847534,0.44726482033729553,-0.07092291116714478,-0.20468276739120483,-0.11229391396045685,-0.11229391396045685,0.17503848671913147,-0.7952559590339661,-1.4174611568450928,0.0,-0.2873324006795883,-0.2873324006795883,0.3179056942462921,0.3179056942462921,0.24177303910255432,1.9958473443984985,1.1088151931762695,0.0,0.07613265514373779,0.07613265514373779,0.1259283423423767,0.1259283423423767,0.11787581443786621,-1.7440656423568726,1.3928927183151245,0.0,0.008052527904510498,0.008052527904510498,0.3130853772163391,0.3130853772163391,0.4079095125198364,-1.9978280067443848,1.7374094724655151,0.0,-0.09482413530349731,-0.09482413530349731,-0.11347665637731552,-0.11347665637731552,0.15218974649906158,-0.9765447378158569,-0.37479475140571594,0.0,-0.2656664028763771,-0.2656664028763771,-0.10234138369560242,-0.10234138369560242,0.029663143679499626,-1.3787826299667358,1.6963564157485962,0.0,-0.13200452737510204,-0.13200452737510204
881,29.366666666666667,14,0,0,,4,uneven rough,5,0.0,49.4842529296875,33.692256927490234,0.2582234740257263,0.7691651582717896,0.9788048267364502,0.7691651582717896,0.9788048267364502,1.6272192001342773,3.7184503078460693,0.3333333432674408,-0.032519690692424774,0.22752225399017334,0.3845825791358948,0.4894024133682251,0.608827531337738,-0.13435839116573334,0.4113958477973938,0.334401935338974,0.5424486398696899,-0.23995758593082428,0.42617926001548767,0.42617926001548767,0.3744671940803528,1.1348899602890015,0.8518730401992798,0.0,0.05171206593513489,0.05171206593513489,-0.21497343480587006,-0.21497343480587006,0.00588923180475831,-1.681652545928955,0.9712876081466675,0.0,-0.22086266661062837,-0.22086266661062837,0.2056979238986969,0.2056979238986969,0.16641250252723694,2.0093512535095215,-1.169448733329773,0.0,0.03928542137145996,0.03928542137145996,0.23408135771751404,0.23408135771751404,0.16532716155052185,1.8207502365112305,-1.7912929058074951,0.0,0.06875419616699219,0.06875419616699219,0.27122431993484497,0.27122431993484497,0.26781633496284485,0.6859164834022522,1.7452034950256348,0.0,0.003407984972000122,0.003407984972000122,-0.11997879296541214,-0.11997879296541214,-0.1003509983420372,-0.5251114964485168,-1.249908208847046,0.0,-0.01962779462337494,-0.01962779462337494
881,29.366666666666667,24,0,0,,4,uneven rough,11,0.0,96.4079818725586,34.082054138183594,0.2415878027677536,1.9074443578720093,0.545525074005127,1.7437530755996704,0.545525074005127,8.579916954040527,0.7750171422958374,0.3333333432674408,-0.019140124320983887,0.11737348884344101,0.9537221789360046,0.2727625370025635,0.1100999265909195,0.49963614344596863,-0.16288426518440247,-0.1675683557987213,0.43010446429252625,-0.19561037421226501,0.07706994563341141,0.07706994563341141,0.08561665564775467,0.4202861189842224,0.6845319271087646,0.0,-0.008546710014343262,-0.008546710014343262,0.24981807172298431,0.24981807172298431,0.21869555115699768,0.060244668275117874,-0.7774103283882141,0.0,0.031122520565986633,0.031122520565986633,-0.08144213259220123,-0.08144213259220123,-0.09940367937088013,-0.9074200987815857,-0.39251700043678284,0.0,0.017961546778678894,0.017961546778678894,-0.11729785054922104,-0.11729785054922104,-0.10907711088657379,0.0471855029463768,-0.45565760135650635,0.0,-0.008220739662647247,-0.008220739662647247,0.21505223214626312,0.21505223214626312,0.24922914803028107,-0.14955992996692657,0.8376666307449341,0.0,-0.034176915884017944,-0.034176915884017944,-0.09780518710613251,-0.09780518710613251,-0.02469492331147194,-1.020197868347168,0.9464883804321289,0.0,-0.07311026379466057,-0.07311026379466057
882,29.4,4,0,0,,4,uneven rough,5,0.0,49.33551025390625,31.695219039916992,0.21862809360027313,1.3422424793243408,0.0017310972325503826,1.3422424793243408,0.0017310972325503826,3.730576992034912,3.1313977241516113,0.3333333432674408,0.10443326830863953,0.13533377647399902,0.6711212396621704,0.0008655486162751913,0.5670382380485535,0.1489749699831009,0.423215389251709,-0.34581562876701355,0.0058167739771306515,-0.7148003578186035,0.39692676067352295,0.39692676067352295,0.22477492690086365,1.9512807130813599,-1.0656652450561523,0.0,0.1721518337726593,0.1721518337726593,0.07448748499155045,0.07448748499155045,0.1830471009016037,-1.934563398361206,1.6103447675704956,0.0,-0.10855961591005325,-0.10855961591005325,0.2116076946258545,0.2116076946258545,0.11222067475318909,0.13838917016983032,-0.3807491362094879,0.0,0.0993870198726654,0.0993870198726654,-0.24207094311714172,-0.24207094311714172,0.3420543670654297,-1.830427885055542,-0.3745005130767822,0.0,-0.5841253101825714,-0.5841253101825714,0.0029083869885653257,0.0029083869885653257,0.09907324612140656,-1.7468963861465454,-0.7150252461433411,0.0,-0.09616485913284123,-0.09616485913284123,-0.35740017890930176,-0.35740017890930176,0.027058295905590057,0.05233418568968773,-0.04233270883560181,0.0,-0.3844584748148918,-0.3844584748148918
882,29.4,14,0,0,,4,uneven rough,5,0.0,49.49226379394531,33.66036605834961,0.26060089468955994,0.8766536116600037,0.5392323136329651,0.8766536116600037,0.5392323136329651,4.137042045593262,2.8065710067749023,0.3333333432674408,0.08770253509283066,0.26584872603416443,0.43832680583000183,0.26961615681648254,0.07373180240392685,0.1716286838054657,0.44895246624946594,0.49141326546669006,0.26130011677742004,0.4476403295993805,0.051612261682748795,0.051612261682748795,0.3313690721988678,-1.6053924560546875,1.0118913650512695,0.0,-0.279756810516119,-0.279756810516119,0.08581434190273285,0.08581434190273285,0.02081090584397316,1.9974877834320068,-0.5286895036697388,0.0,0.06500343605875969,0.06500343605875969,0.22447623312473297,0.22447623312473297,0.22726064920425415,1.1863425970077515,0.6278504729270935,0.0,-0.002784416079521179,-0.002784416079521179,0.3439892828464508,0.3439892828464508,0.23671270906925201,1.9459764957427979,0.2509627640247345,0.0,0.10727657377719879,0.10727657377719879,0.13065005838871002,0.13065005838871002,0.24116025865077972,-1.4614640474319458,1.1462807655334473,0.0,-0.1105102002620697,-0.1105102002620697,0.22382016479969025,0.22382016479969025,-0.06113163381814957,0.07716135680675507,-0.8401068449020386,0.0,0.2849517986178398,0.2849517986178398
882,29.4,24,0,0,,4,uneven rough,11,0.0,96.45889282226562,34.097496032714844,0.24445730447769165,1.8691301345825195,-0.13868816196918488,1.7917569875717163,-0.13868816196918488,8.91240119934082,2.3195455074310303,0.3333333432674408,-0.24360816180706024,0.08617778867483139,0.9345650672912598,-0.06934408098459244,0.11807882785797119,0.27871453762054443,0.11220317333936691,-0.1966239959001541,0.44358766078948975,-0.20890341699123383,0.0826551765203476,0.0826551765203476,0.10023534297943115,-0.264417439699173,0.5351268649101257,0.0,-0.017580166459083557,-0.017580166459083557,0.13935726881027222,0.13935726881027222,0.15763352811336517,-1.0593626499176025,-0.3037986755371094,0.0,-0.018276259303092957,-0.018276259303092957,0.056101586669683456,0.056101586669683456,-0.038138143718242645,1.9830350875854492,-0.6836441159248352,0.0,0.0942397303879261,0.0942397303879261,-0.13763679563999176,-0.13763679563999176,-0.11367093771696091,0.4107813835144043,-0.17134921252727509,0.0,-0.023965857923030853,-0.023965857923030853,0.22179383039474487,0.22179383039474487,0.20543122291564941,-0.20429781079292297,0.2794869542121887,0.0,0.01636260747909546,0.01636260747909546,-0.10445170849561691,-0.10445170849561691,-0.06795059889554977,-0.4023604989051819,-0.16547955572605133,0.0,-0.03650110960006714,-0.03650110960006714
883,29.433333333333334,4,0,0,,4,uneven rough,5,0.0,49.355186462402344,31.657073974609375,0.2226925492286682,1.6177647113800049,-0.6718599200248718,1.6177647113800049,-0.6718599200248718,2.3878514766693115,2.117109775543213,0.3333333432674408,0.29330945014953613,0.06717683374881744,0.8088823556900024,-0.3359299600124359,0.2838343679904938,0.3195198178291321,0.4892137348651886,-0.003597065107896924,0.25516068935394287,-0.5851069688796997,0.19868405163288116,0.19868405163288116,0.2324446439743042,-1.1287646293640137,0.6401214003562927,0.0,-0.033760592341423035,-0.033760592341423035,0.15975990891456604,0.15975990891456604,0.16938801109790802,-1.0521535873413086,-0.3939526677131653,0.0,-0.00962810218334198,-0.00962810218334198,0.2446068674325943,0.2446068674325943,0.16423101723194122,1.9719759225845337,-0.08722741156816483,0.0,0.08037585020065308,0.08037585020065308,-0.002517945598810911,-0.002517945598810911,0.2922126054763794,-1.3410767316818237,-1.197684407234192,0.0,-0.2947305510751903,-0.2947305510751903,0.12758034467697144,0.12758034467697144,0.13012932240962982,0.7653055787086487,-1.2984470129013062,0.0,-0.0025489777326583862,-0.0025489777326583862,-0.29255348443984985,-0.29255348443984985,0.014373701065778732,-0.16870543360710144,0.011192123405635357,0.0,-0.3069271855056286,-0.3069271855056286
883,29.433333333333334,14,0,0,,4,uneven rough,5,0.0,49.50182342529297,33.631919860839844,0.2684904932975769,1.1781916618347168,1.1440513134002686,1.1781916618347168,1.1440513134002686,6.458158016204834,1.8549997806549072,0.1666666716337204,-0.08884521573781967,0.2764820456504822,0.5890958309173584,0.5720256567001343,0.28116294741630554,0.36602625250816345,0.11635332554578781,0.4801326394081116,-0.047294095158576965,0.10372397303581238,0.19681406021118164,0.19681406021118164,0.26489102840423584,-2.0000014305114746,-0.4679256081581116,0.0,-0.0680769681930542,-0.0680769681930542,0.18301312625408173,0.18301312625408173,0.08597957342863083,1.9871145486831665,0.8996156454086304,0.0,0.0970335528254509,0.0970335528254509,0.058176662772893906,0.058176662772893906,0.1739918291568756,-1.8836385011672974,0.9436229467391968,0.0,-0.1158151663839817,-0.1158151663839817,0.33609282970428467,0.33609282970428467,0.3020536005496979,1.9473302364349365,1.2093266248703003,0.0,0.03403922915458679,0.03403922915458679,-0.07567055523395538,-0.07567055523395538,0.18353885412216187,-1.5880240201950073,-0.32814282178878784,0.0,-0.25920940935611725,-0.25920940935611725,0.05186198651790619,0.05186198651790619,-0.03777746111154556,1.9359766244888306,-0.32148176431655884,0.0,0.08963944762945175,0.08963944762945175
883,29.433333333333334,24,0,0,,4,uneven rough,11,0.0,96.51463317871094,34.100440979003906,0.2506392300128937,1.921614646911621,0.31532663106918335,1.6754047870635986,0.31532663106918335,8.246086120605469,1.8156638145446777,0.3333333432674408,-0.2823611795902252,0.11821967363357544,0.9608073234558105,0.15766331553459167,0.36495283246040344,0.4272629916667938,-0.08169019967317581,0.060258157551288605,0.3367396891117096,0.004671968054026365,0.2554669678211212,0.2554669678211212,0.14027225971221924,1.9562500715255737,0.08306308835744858,0.0,0.11519470810890198,0.11519470810890198,0.2136314958333969,0.2136314958333969,0.18943816423416138,1.335326910018921,-0.7309958934783936,0.0,0.024193331599235535,0.024193331599235535,-0.040845099836587906,-0.040845099836587906,-0.004106211010366678,-0.3922542631626129,0.8241010904312134,0.0,-0.03673888882622123,-0.03673888882622123,0.042180709540843964,0.042180709540843964,-0.06378842890262604,1.8880493640899658,0.1577884703874588,0.0,0.10596913844347,0.10596913844347,0.1683698445558548,0.1683698445558548,0.1912781000137329,-1.2391661405563354,0.005954179912805557,0.0,-0.022908255457878113,-0.022908255457878113,0.0023359840270131826,0.0023359840270131826,-0.052821043878793716,1.1098302602767944,-0.29941245913505554,0.0,0.0551570279058069,0.0551570279058069
884,29.466666666666665,4,0,0,,4,uneven rough,5,0.0,49.376136779785156,31.620759963989258,0.21681436896324158,1.3321247100830078,0.40220317244529724,1.3321247100830078,0.40220317244529724,2.8914904594421387,2.935494899749756,0.3333333432674408,0.21263687312602997,0.11568772792816162,0.6660623550415039,0.20110158622264862,0.900906503200531,0.14780031144618988,0.12578116357326508,0.23318850994110107,0.23492026329040527,-0.3961678147315979,0.6306345462799072,0.6306345462799072,0.28158360719680786,1.9943255186080933,-0.36000993847846985,0.0,0.34905093908309937,0.34905093908309937,0.07390015572309494,0.07390015572309494,0.1025407537817955,-1.9172649383544922,-0.7661006450653076,0.0,-0.02864059805870056,-0.02864059805870056,0.06289058178663254,0.06289058178663254,0.1041841059923172,-1.9999996423721313,1.0770498514175415,0.0,-0.04129352420568466,-0.04129352420568466,0.1632319539785385,0.1632319539785385,0.2231038361787796,-1.9995671510696411,-1.2787586450576782,0.0,-0.05987188220024109,-0.05987188220024109,0.11746013164520264,0.11746013164520264,0.1036318838596344,-0.11758748441934586,-0.1315975934267044,0.0,0.013828247785568237,0.013828247785568237,-0.19808390736579895,-0.19808390736579895,-0.04780086502432823,-1.9881824254989624,-0.09052227437496185,0.0,-0.15028304234147072,-0.15028304234147072
884,29.466666666666665,14,0,0,,4,uneven rough,5,0.0,49.51649475097656,33.60475540161133,0.2756240963935852,1.162815809249878,0.9779065251350403,1.162815809249878,0.9779065251350403,7.057568550109863,1.9548596143722534,0.1666666716337204,-0.25257498025894165,0.3282604217529297,0.581407904624939,0.48895326256752014,-0.08432002365589142,0.6858879327774048,0.571078896522522,0.44080716371536255,-0.32507285475730896,0.09728455543518066,-0.05902401730418205,-0.05902401730418205,0.2055939882993698,-1.756991982460022,-1.334164023399353,0.0,-0.26461800560355186,-0.26461800560355186,0.3429439663887024,0.3429439663887024,0.15451042354106903,1.997283935546875,1.5144894123077393,0.0,0.18843354284763336,0.18843354284763336,0.285539448261261,0.285539448261261,0.2197323441505432,1.8084975481033325,-0.6549157500267029,0.0,0.06580710411071777,0.06580710411071777,0.30856502056121826,0.30856502056121826,0.3246040642261505,-0.2444455921649933,1.626595139503479,0.0,-0.01603904366493225,-0.01603904366493225,-0.5201165676116943,-0.5201165676116943,0.13585275411605835,-1.9552311897277832,-1.0404819250106812,0.0,-0.6559693217277527,-0.6559693217277527,0.04864227771759033,0.04864227771759033,0.025465862825512886,1.184723138809204,0.9548892378807068,0.0,0.023176414892077446,0.023176414892077446
884,29.466666666666665,24,0,0,,4,uneven rough,11,0.0,96.56964874267578,34.11205291748047,0.24823430180549622,1.8254526853561401,-0.011030957102775574,1.7780550718307495,-0.011030957102775574,8.616891860961914,2.622795343399048,0.1666666716337204,-0.5224703550338745,0.17543062567710876,0.9127263426780701,-0.005515478551387787,-0.6947107315063477,0.42116713523864746,-0.30966660380363464,-0.16354061663150787,0.7435805797576904,-0.28758564591407776,-0.48629751801490784,-0.48629751801490784,0.13381344079971313,-0.8278312087059021,1.1421663761138916,0.0,-0.620110958814621,-0.620110958814621,0.21058356761932373,0.21058356761932373,0.2314966320991516,0.6476859450340271,0.4373067319393158,0.0,-0.02091306447982788,-0.02091306447982788,-0.15483330190181732,-0.15483330190181732,-0.02580687589943409,0.5698215961456299,0.13637159764766693,0.0,-0.12902642600238323,-0.12902642600238323,-0.11447843164205551,-0.11447843164205551,-0.04344765469431877,-0.8751376271247864,1.1360810995101929,0.0,-0.07103077694773674,-0.07103077694773674,0.3717902898788452,0.3717902898788452,0.23425719141960144,0.7431460618972778,-0.6980390548706055,0.0,0.13753309845924377,0.13753309845924377,-0.14379282295703888,-0.14379282295703888,-0.10116255283355713,-0.46351319551467896,0.4973759055137634,0.0,-0.04263027012348175,-0.04263027012348175
885,29.5,4,0,0,,4,uneven rough,5,0.0,49.39449691772461,31.580625534057617,0.2116979956626892,1.0045664310455322,-0.696861982345581,1.0045664310455322,-0.696861982345581,5.243483066558838,0.0,0.0,0.45965808629989624,0.11333948373794556,0.5022832155227661,-0.3484309911727905,0.5167363286018372,0.19961827993392944,0.7548874616622925,0.136112242937088,0.057750098407268524,-0.37976154685020447,0.3617154359817505,0.3617154359817505,0.3485787510871887,1.7582530975341797,0.9711355566978455,0.0,0.013136684894561768,0.013136684894561768,0.09980913996696472,0.09980913996696472,0.07064367085695267,0.11438262462615967,-1.41697096824646,0.0,0.029165469110012054,0.029165469110012054,0.37744373083114624,0.37744373083114624,0.10273265093564987,-1.4292861223220825,-0.6627194285392761,0.0,0.27471107989549637,0.27471107989549637,0.09527856856584549,0.09527856856584549,0.15821143984794617,-1.9063737392425537,-1.686305046081543,0.0,-0.06293287128210068,-0.06293287128210068,0.028875049203634262,0.028875049203634262,0.08055400848388672,-0.960404634475708,-0.12367625534534454,0.0,-0.05167895928025246,-0.05167895928025246,-0.18988077342510223,-0.18988077342510223,-0.1008126437664032,-1.9928640127182007,-1.16346275806427,0.0,-0.08906812965869904,-0.08906812965869904
885,29.5,14,0,0,,4,uneven rough,5,0.0,49.54111862182617,33.579986572265625,0.27477341890335083,1.3332408666610718,0.30872318148612976,1.3332408666610718,0.30872318148612976,5.899741172790527,1.559975028038025,0.2896539866924286,0.03275827690958977,0.22598758339881897,0.6666204333305359,0.15436159074306488,0.3831213712692261,0.446155309677124,0.4677600860595703,0.04866616427898407,-0.27012118697166443,-0.42546144127845764,0.26818495988845825,0.26818495988845825,0.24879804253578186,1.7351908683776855,-1.5732316970825195,0.0,0.01938691735267639,0.01938691735267639,0.223077654838562,0.223077654838562,0.21745996177196503,1.3256179094314575,1.7874622344970703,0.0,0.005617693066596985,0.005617693066596985,0.23388004302978516,0.23388004302978516,0.22164125740528107,-0.02703767642378807,0.7379025816917419,0.0,0.01223878562450409,0.01223878562450409,0.03406631574034691,0.03406631574034691,0.2566966414451599,-1.9995495080947876,0.5687053203582764,0.0,-0.222630325704813,-0.222630325704813,-0.43219390511512756,-0.43219390511512756,0.07112353295087814,-1.9993155002593994,-1.557682752609253,0.0,-0.5033174380660057,-0.5033174380660057,-0.21273072063922882,-0.21273072063922882,-0.01849479041993618,-1.4821194410324097,1.0848376750946045,0.0,-0.19423593021929264,-0.19423593021929264
885,29.5,24,0,0,,4,uneven rough,11,0.0,96.62483215332031,34.1182746887207,0.24352985620498657,1.6385197639465332,1.3310272693634033,1.6385197639465332,1.3310272693634033,7.501399993896484,6.6666669845581055,0.3333333432674408,-0.5170204639434814,0.19604113698005676,0.8192598819732666,0.6655136346817017,0.4818865954875946,-0.0040066177025437355,-0.3118768632411957,0.05157040059566498,0.4501539468765259,0.17633205652236938,0.33732062578201294,0.33732062578201294,0.14358915388584137,0.5105221271514893,0.028326209634542465,0.0,0.19373147189617157,0.19373147189617157,-0.006410588510334492,-0.006410588510334492,0.176383376121521,-0.07529059052467346,0.5562555193901062,0.0,-0.1827939646318555,-0.1827939646318555,-0.15593843162059784,-0.15593843162059784,-0.032257597893476486,-0.8372795581817627,0.3814449906349182,0.0,-0.12368083372712135,-0.12368083372712135,0.036099281162023544,0.036099281162023544,-0.028552858158946037,1.2472878694534302,-0.0010655828518792987,0.0,0.06465213932096958,0.06465213932096958,0.22507697343826294,0.22507697343826294,0.21137212216854095,-0.47642332315444946,0.11680960655212402,0.0,0.013704851269721985,0.013704851269721985,0.08816602826118469,0.08816602826118469,-0.06032606214284897,-0.8970824480056763,-0.045912519097328186,0.0,0.14849209040403366,0.14849209040403366
886,29.53333333333333,4,0,0,,4,uneven rough,5,0.0,49.4062385559082,31.539113998413086,0.19821253418922424,0.5994722247123718,-0.2810603082180023,0.5994722247123718,-0.2810603082180023,2.5496881008148193,4.463786602020264,0.3333333432674408,0.35658392310142517,0.1325874626636505,0.2997361123561859,-0.14053015410900116,0.27333953976631165,-0.11614570766687393,0.8781577348709106,0.39671993255615234,0.583014726638794,-0.18431171774864197,0.1913376748561859,0.1913376748561859,0.2882973551750183,-1.5121382474899292,1.4161732196807861,0.0,-0.0969596803188324,-0.0969596803188324,-0.185833141207695,-0.185833141207695,0.022978568449616432,-0.5517878532409668,-0.5511409044265747,0.0,-0.20881170965731144,-0.20881170965731144,0.4390788674354553,0.4390788674354553,0.1649763286113739,-0.44307518005371094,-1.0961376428604126,0.0,0.2741025388240814,0.2741025388240814,0.2777039408683777,0.2777039408683777,0.21604271233081818,1.8274273872375488,-1.8107322454452515,0.0,0.06166122853755951,0.06166122853755951,0.291507363319397,0.291507363319397,0.12985160946846008,0.9092348217964172,-0.5967639684677124,0.0,0.1616557538509369,0.1616557538509369,-0.09215585887432098,-0.09215585887432098,-0.08367461711168289,-0.811843991279602,-1.6324076652526855,0.0,-0.008481241762638092,-0.008481241762638092
886,29.53333333333333,14,0,0,,4,uneven rough,5,0.0,49.56510543823242,33.5583610534668,0.2585684061050415,1.2020602226257324,-0.5242518186569214,1.2020602226257324,-0.5242518186569214,3.0557055473327637,0.5786275863647461,0.1666666716337204,-0.012380501255393028,0.21679028868675232,0.6010301113128662,-0.2621259093284607,0.25076770782470703,0.14553360641002655,0.6667449474334717,-0.0857069119811058,-0.13159190118312836,-0.6936838626861572,0.17553739249706268,0.17553739249706268,0.229786679148674,-1.7595256567001343,0.29735633730888367,0.0,-0.05424928665161133,-0.05424928665161133,0.07276680320501328,0.07276680320501328,0.15965068340301514,-1.974545955657959,1.5263346433639526,0.0,-0.08688388019800186,-0.08688388019800186,0.33337247371673584,0.33337247371673584,0.21502435207366943,-1.7670066356658936,0.3054039776325226,0.0,0.1183481216430664,0.1183481216430664,-0.05999483913183212,-0.05999483913183212,0.2150193452835083,-1.0778683423995972,-0.8833905458450317,0.0,-0.2750141844153404,-0.2750141844153404,-0.2105470448732376,-0.2105470448732376,0.018688544631004333,-0.7225450873374939,-1.8073827028274536,0.0,-0.22923558950424194,-0.22923558950424194,-0.3468419313430786,-0.3468419313430786,-0.039783261716365814,-0.31384849548339844,-0.36652448773384094,0.0,-0.3070586696267128,-0.3070586696267128
886,29.53333333333333,24,0,0,,4,uneven rough,11,0.0,96.68177795410156,34.128170013427734,0.2474551796913147,1.96686589717865,0.36944156885147095,1.7470433712005615,0.36944156885147095,7.656508445739746,4.207742691040039,0.6666666865348816,-0.4774239659309387,0.05309014767408371,0.983432948589325,0.18472078442573547,-0.0822332352399826,0.10944678634405136,-0.18830926716327667,0.12917351722717285,0.43376725912094116,0.12915247678756714,-0.057563263922929764,-0.057563263922929764,0.08433374762535095,-1.8088217973709106,0.3009606599807739,0.0,-0.14189701154828072,-0.14189701154828072,0.05472339317202568,0.05472339317202568,0.11959722638130188,-1.6422162055969238,0.19917821884155273,0.0,-0.0648738332092762,-0.0648738332092762,-0.09415463358163834,-0.09415463358163834,-0.08898483961820602,-2.0465614795684814,-0.30762404203414917,0.0,-0.005169793963432312,-0.005169793963432312,0.09042146056890488,0.09042146056890488,0.03670678660273552,1.9831304550170898,0.7047557234764099,0.0,0.05371467396616936,0.05371467396616936,0.21688362956047058,0.21688362956047058,0.16193392872810364,-0.5675217509269714,-0.21860535442829132,0.0,0.05494970083236694,0.05494970083236694,0.06457623839378357,0.06457623839378357,-0.036330871284008026,-2.108062267303467,-0.5271655321121216,0.0,0.1009071096777916,0.1009071096777916
887,29.566666666666666,4,0,0,,4,uneven rough,5,0.0,49.413963317871094,31.493581771850586,0.19694030284881592,0.39607322216033936,0.5942469239234924,0.39607322216033936,0.5942469239234924,1.9735435247421265,3.5669302940368652,0.3333333432674408,0.36122387647628784,0.17625761032104492,0.19803661108016968,0.2971234619617462,0.5828145742416382,0.09083202481269836,0.4691401422023773,0.5804654359817505,0.12301258742809296,0.5198562741279602,0.4079701900482178,0.4079701900482178,0.3157432973384857,1.9232079982757568,-0.2394993156194687,0.0,0.09222689270973206,0.09222689270973206,0.04541601240634918,0.04541601240634918,0.03955121710896492,1.3876099586486816,-0.5515066981315613,0.0,0.005864795297384262,0.005864795297384262,0.23457007110118866,0.23457007110118866,0.18214008212089539,-0.20068196952342987,-0.7268949747085571,0.0,0.052429988980293274,0.052429988980293274,0.4063257873058319,0.4063257873058319,0.2654683291912079,1.8013298511505127,0.24628973007202148,0.0,0.14085745811462402,0.14085745811462402,0.06150629371404648,0.06150629371404648,0.10201697796583176,-1.848386526107788,0.2547304332256317,0.0,-0.04051068425178528,-0.04051068425178528,0.2599281370639801,0.2599281370639801,-0.024769704788923264,0.9724078178405762,-1.168459415435791,0.0,0.28469784185290337,0.28469784185290337
887,29.566666666666666,14,0,0,,4,uneven rough,5,0.0,49.58827590942383,33.53085708618164,0.2546050548553467,0.8220577836036682,0.09531457722187042,0.8220577836036682,0.09531457722187042,2.508481025695801,0.45087897777557373,0.3333333432674408,0.1454000622034073,0.3239445388317108,0.4110288918018341,0.04765728861093521,0.7477087378501892,0.2723633348941803,0.4542407989501953,0.3313747048377991,-0.11785107105970383,-0.07772662490606308,0.5233961343765259,0.5233961343765259,0.26820310950279236,1.1778790950775146,-0.8656084537506104,0.0,0.2551930248737335,0.2551930248737335,0.13618166744709015,0.13618166744709015,0.11122473329305649,-0.04139597713947296,-0.4530695378780365,0.0,0.02495693415403366,0.02495693415403366,0.22712039947509766,0.22712039947509766,0.21184371411800385,-0.01563265174627304,-0.866340696811676,0.0,0.015276685357093811,0.015276685357093811,0.23196229338645935,0.23196229338645935,0.1754559427499771,0.11256800591945648,-0.9933486580848694,0.0,0.05650635063648224,0.05650635063648224,-0.18856172263622284,-0.18856172263622284,-0.008511495776474476,-0.05380058288574219,-1.1940135955810547,0.0,-0.18005022685974836,-0.18005022685974836,-0.03886331245303154,-0.03886331245303154,-0.0268317312002182,-0.10882651805877686,-0.3367413878440857,0.0,-0.01203158125281334,-0.01203158125281334
887,29.566666666666666,24,0,0,,4,uneven rough,11,0.0,96.73910522460938,34.13320541381836,0.26214975118637085,1.900673508644104,0.8215699791908264,1.6627484560012817,0.8215699791908264,9.163446426391602,4.154328346252441,0.3333333432674408,-0.2963811159133911,0.14486317336559296,0.950336754322052,0.4107849895954132,0.18354608118534088,0.3473605811595917,0.24224819242954254,0.4904741942882538,0.36746692657470703,0.3852556645870209,0.12848225235939026,0.12848225235939026,0.09614960104227066,1.3888589143753052,-0.8919141292572021,0.0,0.0323326513171196,0.0323326513171196,0.17368029057979584,0.17368029057979584,0.16736456751823425,1.2025744915008545,-0.841949462890625,0.0,0.0063157230615615845,0.0063157230615615845,0.12112409621477127,0.12112409621477127,-0.04167598858475685,1.8211466073989868,-1.2908223867416382,0.0,0.16280008479952812,0.16280008479952812,0.3433319330215454,0.3433319330215454,0.08201871812343597,1.3749613761901855,1.427551031112671,0.0,0.26131321489810944,0.26131321489810944,0.18373346328735352,0.18373346328735352,0.18253682553768158,-0.5000507235527039,-0.41588330268859863,0.0,0.001196637749671936,0.001196637749671936,0.19262783229351044,0.19262783229351044,-0.02526688762009144,-0.27276819944381714,-1.4210073947906494,0.0,0.21789471991360188,0.21789471991360188
888,29.599999999999998,4,0,0,,4,uneven rough,5,0.0,49.4289436340332,31.450986862182617,0.19190028309822083,1.5459568500518799,0.3283489942550659,1.5459568500518799,0.3283489942550659,3.8732848167419434,2.116602897644043,0.3333333432674408,0.2793484926223755,0.34578853845596313,0.7729784250259399,0.16417449712753296,-0.522255539894104,0.6259956359863281,0.3110637664794922,0.36592069268226624,0.6071364879608154,-0.3642791509628296,-0.36557886004447937,-0.36557886004447937,0.29987746477127075,-0.9840391278266907,0.9832992553710938,0.0,-0.6654563248157501,-0.6654563248157501,0.31299781799316406,0.31299781799316406,0.09656157344579697,2.0200934410095215,0.5448733568191528,0.0,0.2164362445473671,0.2164362445473671,0.1555318832397461,0.1555318832397461,0.15922527015209198,0.5061103701591492,-0.429373174905777,0.0,-0.0036933869123458862,-0.0036933869123458862,0.2561444938182831,0.2561444938182831,0.3067687749862671,-1.2852840423583984,1.1255122423171997,0.0,-0.05062428116798401,-0.05062428116798401,0.3035682439804077,0.3035682439804077,0.14893637597560883,-0.0036913976073265076,-0.9343756437301636,0.0,0.1546318680047989,0.1546318680047989,-0.1821395754814148,-0.1821395754814148,-0.07358355820178986,0.24505478143692017,0.041990768164396286,0.0,-0.10855601727962494,-0.10855601727962494
888,29.599999999999998,14,0,0,,4,uneven rough,5,0.0,49.605323791503906,33.501434326171875,0.2391694337129593,1.049440622329712,-1.0422366857528687,1.049440622329712,-1.0422366857528687,2.323915481567383,0.9170292615890503,0.5,0.4285316467285156,0.07861631363630295,0.524720311164856,-0.5211183428764343,0.45369839668273926,-0.04694877192378044,0.26471468806266785,0.31240957975387573,0.3727901577949524,-0.38903388381004333,0.3175888657569885,0.3175888657569885,0.3041665852069855,0.7804877161979675,0.2897830605506897,0.0,0.013422280550003052,0.013422280550003052,-0.0751180350780487,-0.0751180350780487,0.05538029223680496,-1.9939149618148804,-0.2203085720539093,0.0,-0.13049832731485367,-0.13049832731485367,0.13235734403133392,0.13235734403133392,0.14592257142066956,-2.0143542289733887,-0.3853488564491272,0.0,-0.013565227389335632,-0.013565227389335632,0.21868669986724854,0.21868669986724854,0.2013079822063446,1.0430699586868286,-0.3680614233016968,0.0,0.01737871766090393,0.01737871766090393,0.1863950788974762,0.1863950788974762,0.04053368791937828,2.044536828994751,-0.5493351221084595,0.0,0.14586139097809792,0.14586139097809792,-0.19451694190502167,-0.19451694190502167,-0.0820261761546135,-1.429525375366211,-0.20787791907787323,0.0,-0.11249076575040817,-0.11249076575040817
888,29.599999999999998,24,0,0,,4,uneven rough,11,0.0,96.79357147216797,34.14809799194336,0.2764894664287567,1.8114631175994873,0.2213570773601532,1.7028518915176392,0.2213570773601532,9.399316787719727,3.500164031982422,0.3333333432674408,-0.036381207406520844,0.1932794153690338,0.9057315587997437,0.1106785386800766,-0.5645235776901245,0.5029194355010986,-0.3361576497554779,0.07808636128902435,0.5691664814949036,0.17722241580486298,-0.3951664865016937,-0.3951664865016937,0.05925581976771355,-1.1051422357559204,0.39763903617858887,0.0,-0.4544223062694073,-0.4544223062694073,0.2514597177505493,0.2514597177505493,0.23537930846214294,1.832245111465454,0.3140280544757843,0.0,0.016080409288406372,0.016080409288406372,-0.16807882487773895,-0.16807882487773895,-0.09340506792068481,-0.5121487379074097,0.4686904847621918,0.0,-0.07467375695705414,-0.07467375695705414,0.05466045066714287,0.05466045066714287,0.10261472314596176,-0.8721694946289062,1.397816777229309,0.0,-0.04795427247881889,-0.04795427247881889,0.2845832407474518,0.2845832407474518,0.21820087730884552,1.376791000366211,-0.4634717106819153,0.0,0.06638236343860626,0.06638236343860626,0.08861120790243149,0.08861120790243149,-0.024268586188554764,0.6067304611206055,-0.7717908620834351,0.0,0.11287979409098625,0.11287979409098625
889,29.633333333333333,4,0,0,,4,uneven rough,5,0.0,49.4417839050293,31.41326332092285,0.1970842480659485,1.4658751487731934,1.4508554935455322,1.4658751487731934,1.4508554935455322,3.8823695182800293,3.211760997772217,0.5,0.08786380290985107,0.19725337624549866,0.7329375743865967,0.7254277467727661,0.652301549911499,-0.18019795417785645,-0.43608635663986206,0.15461383759975433,0.5379291772842407,-0.18604031205177307,0.4566110670566559,0.4566110670566559,0.3456507921218872,1.931886911392212,-0.12903739511966705,0.0,0.11096027493476868,0.11096027493476868,-0.2883167266845703,-0.2883167266845703,0.09644211828708649,0.39829275012016296,1.3789653778076172,0.0,-0.3847588449716568,-0.3847588449716568,-0.21804317831993103,-0.21804317831993103,0.11193040758371353,-1.503767490386963,0.09955089539289474,0.0,-0.32997358590364456,-0.32997358590364456,0.10822968184947968,0.10822968184947968,0.23473893105983734,-1.9787466526031494,-0.23755629360675812,0.0,-0.12650924921035767,-0.12650924921035767,0.26896458864212036,0.26896458864212036,0.17415083944797516,1.9761323928833008,-0.4081650972366333,0.0,0.0948137491941452,0.0948137491941452,-0.09302015602588654,-0.09302015602588654,-0.05660437420010567,0.3418644666671753,0.15680351853370667,0.0,-0.03641578182578087,-0.03641578182578087
889,29.633333333333333,14,0,0,,4,uneven rough,5,0.0,49.61959457397461,33.469852447509766,0.22735196352005005,0.6282769441604614,-0.5052325129508972,0.6282769441604614,-0.5052325129508972,1.1187094449996948,1.2549079656600952,0.3333333432674408,0.379497230052948,0.06962047517299652,0.3141384720802307,-0.2526162564754486,0.5012145042419434,0.018709387630224228,0.4843103289604187,0.4730944037437439,0.31990358233451843,-0.026398546993732452,0.3508501350879669,0.3508501350879669,0.32569214701652527,0.7276550531387329,0.567228376865387,0.0,0.02515798807144165,0.02515798807144165,0.009354693815112114,0.009354693815112114,0.03522248938679695,-0.30390363931655884,-1.2231087684631348,0.0,-0.025867795571684837,-0.025867795571684837,0.24215516448020935,0.24215516448020935,0.1328764706850052,0.11208239942789078,-1.3063913583755493,0.0,0.10927869379520416,0.10927869379520416,0.3311660885810852,0.3311660885810852,0.2619233727455139,1.9420077800750732,0.4297947883605957,0.0,0.06924271583557129,0.06924271583557129,0.15995179116725922,0.15995179116725922,0.10787614434957504,1.7652820348739624,0.9172447323799133,0.0,0.052075646817684174,0.052075646817684174,-0.013199273496866226,-0.013199273496866226,-0.0336991548538208,1.9592746496200562,-0.8985995650291443,0.0,0.020499881356954575,0.020499881356954575
889,29.633333333333333,24,0,0,,4,uneven rough,11,0.0,96.84413146972656,34.16521453857422,0.27926698327064514,1.8479636907577515,0.03148488700389862,1.711620569229126,0.03148488700389862,8.264739990234375,0.6543537974357605,0.5,0.45700526237487793,0.12020900100469589,0.9239818453788757,0.01574244350194931,0.25867360830307007,0.06255660951137543,-0.3987121284008026,-0.38263392448425293,0.4811494052410126,-0.40118688344955444,0.18107151985168457,0.18107151985168457,0.11485087126493454,1.8934738636016846,-0.45203620195388794,0.0,0.06622064858675003,0.06622064858675003,0.031278304755687714,0.031278304755687714,0.17863376438617706,-1.244174838066101,1.1724307537078857,0.0,-0.14735545963048935,-0.14735545963048935,-0.1993560642004013,-0.1993560642004013,-0.1437985748052597,1.6575005054473877,-0.08587776869535446,0.0,-0.0555574893951416,-0.0555574893951416,-0.26784375309944153,-0.26784375309944153,0.03325856849551201,-1.7371870279312134,0.11436249315738678,0.0,-0.30110232159495354,-0.30110232159495354,0.2405747026205063,0.2405747026205063,0.22695361077785492,0.8896510004997253,0.5770161151885986,0.0,0.013621091842651367,0.013621091842651367,-0.20059344172477722,-0.20059344172477722,-0.08351442217826843,1.3291945457458496,0.007627550512552261,0.0,-0.11707901954650879,-0.11707901954650879
890,29.666666666666668,4,0,0,,4,uneven rough,5,0.0,49.45949172973633,31.382341384887695,0.20048625767230988,1.471402645111084,0.19483645260334015,1.471402645111084,0.19483645260334015,4.111845016479492,1.612112045288086,0.3333333432674408,0.15491530299186707,0.1689433753490448,0.735701322555542,0.09741822630167007,0.40158748626708984,-0.12585800886154175,-0.19794678688049316,0.18554151058197021,0.6078550219535828,-0.4665067195892334,0.2811112403869629,0.2811112403869629,0.3295426070690155,-1.6674998998641968,1.0362129211425781,0.0,-0.04843136668205261,-0.04843136668205261,-0.20137281715869904,-0.20137281715869904,0.07083605974912643,-1.2421703338623047,0.8244912624359131,0.0,-0.27220887690782547,-0.27220887690782547,-0.09897339344024658,-0.09897339344024658,0.05813375115394592,-1.5604201555252075,-0.8069682121276855,0.0,-0.1571071445941925,-0.1571071445941925,0.12987905740737915,0.12987905740737915,0.17728835344314575,-1.7086395025253296,-1.2220284938812256,0.0,-0.0474092960357666,-0.0474092960357666,0.3039275109767914,0.3039275109767914,0.22533442080020905,2.005872964859009,0.939920961856842,0.0,0.07859309017658234,0.07859309017658234,-0.2332533597946167,-0.2332533597946167,-0.0679040178656578,-0.5447244048118591,0.2614372968673706,0.0,-0.1653493419289589,-0.1653493419289589
890,29.666666666666668,14,0,0,,4,uneven rough,5,0.0,49.64070129394531,33.43939208984375,0.2201019525527954,1.1067371368408203,0.4100055694580078,1.1067371368408203,0.4100055694580078,2.3701212406158447,4.036275863647461,0.3333333432674408,0.6794188022613525,0.21374711394309998,0.5533685684204102,0.2050027847290039,0.20250794291496277,0.20863445103168488,0.5838143825531006,0.6494494676589966,0.41752859950065613,0.018870247527956963,0.14175555109977722,0.14175555109977722,0.27875688672065735,-1.7909443378448486,0.6579338908195496,0.0,-0.13700133562088013,-0.13700133562088013,0.10431722551584244,0.10431722551584244,0.07827254384756088,1.9092434644699097,-0.7033885717391968,0.0,0.026044681668281555,0.026044681668281555,0.2919071912765503,0.2919071912765503,0.1755821406841278,0.05925552919507027,-0.5043837428092957,0.0,0.11632505059242249,0.11632505059242249,0.4546146094799042,0.4546146094799042,0.33205026388168335,2.000868797302246,1.2848026752471924,0.0,0.12256434559822083,0.12256434559822083,0.20876429975032806,0.20876429975032806,0.1877090334892273,1.5094062089920044,1.3967264890670776,0.0,0.02105526626110077,0.02105526626110077,0.009435123763978481,0.009435123763978481,0.021439680829644203,-0.1851562112569809,0.7172476649284363,0.0,-0.012004557065665722,-0.012004557065665722
890,29.666666666666668,24,0,0,,4,uneven rough,11,0.0,96.89639282226562,34.177242279052734,0.296671986579895,1.8939802646636963,-0.34133169054985046,1.6817667484283447,-0.34133169054985046,7.230785369873047,3.0298819541931152,0.3333333432674408,0.7148882150650024,0.14391747117042542,0.9469901323318481,-0.17066584527492523,0.1546340435743332,0.5195719599723816,-0.30695295333862305,-0.3202838599681854,0.4185387194156647,-0.44053563475608826,0.10824383050203323,0.10824383050203323,0.13704577088356018,-0.2746048867702484,0.8741194009780884,0.0,-0.028801940381526947,-0.028801940381526947,0.2597859799861908,0.2597859799861908,0.24031266570091248,1.8440808057785034,-0.19392235577106476,0.0,0.01947331428527832,0.01947331428527832,-0.15347647666931152,-0.15347647666931152,-0.1146063506603241,0.25773096084594727,0.8998314142227173,0.0,-0.03887012600898743,-0.03887012600898743,-0.22419869899749756,-0.22419869899749756,-0.02289557084441185,-1.553566813468933,-0.9325069189071655,0.0,-0.2013031281530857,-0.2013031281530857,0.20926935970783234,0.20926935970783234,0.23223581910133362,-1.4985815286636353,0.7537804245948792,0.0,-0.022966459393501282,-0.022966459393501282,-0.22026781737804413,-0.22026781737804413,-0.1399078518152237,-1.9750076532363892,0.7548438906669617,0.0,-0.08035996556282043,-0.08035996556282043
891,29.7,4,0,0,,4,uneven rough,5,0.0,49.472381591796875,31.350353240966797,0.19972071051597595,1.1182184219360352,0.8102385401725769,1.1182184219360352,0.8102385401725769,3.232262372970581,1.6045453548431396,0.3333333432674408,-0.0028284788131713867,0.3173336982727051,0.5591092109680176,0.40511927008628845,0.8672744631767273,-0.2609729468822479,0.27565106749534607,0.011490770615637302,0.41139519214630127,-0.19342470169067383,0.6070921421051025,0.6070921421051025,0.367538183927536,1.9907780885696411,-0.4924711585044861,0.0,0.23955395817756653,0.23955395817756653,-0.4175567328929901,-0.4175567328929901,0.00532342167571187,-1.9783518314361572,-0.34400293231010437,0.0,-0.422880154568702,-0.422880154568702,0.13782553374767303,0.13782553374767303,0.10445588827133179,1.9790641069412231,-1.2329713106155396,0.0,0.03336964547634125,0.03336964547634125,0.008043539710342884,0.008043539710342884,0.10650916397571564,-1.9166914224624634,-1.4971592426300049,0.0,-0.09846562426537275,-0.09846562426537275,0.20569759607315063,0.20569759607315063,0.22635188698768616,-1.1003726720809937,1.5426121950149536,0.0,-0.020654290914535522,-0.020654290914535522,-0.09671235084533691,-0.09671235084533691,-0.06428523361682892,-0.5914369821548462,-0.19436797499656677,0.0,-0.032427117228507996,-0.032427117228507996
891,29.7,14,0,0,,4,uneven rough,5,0.0,49.66238021850586,33.41099166870117,0.21392180025577545,1.3032406568527222,0.7925962805747986,1.3032406568527222,0.7925962805747986,5.793544769287109,2.647831916809082,0.3333333432674408,0.9509860873222351,0.06674887239933014,0.6516203284263611,0.3962981402873993,0.73454749584198,-0.12887008488178253,-0.1016523465514183,0.4461301863193512,0.44770169258117676,0.03849339112639427,0.5141832232475281,0.5141832232475281,0.3254450857639313,1.2549700736999512,-0.726666271686554,0.0,0.1887381374835968,0.1887381374835968,-0.20619213581085205,-0.20619213581085205,0.05186788737773895,0.4626433849334717,0.7737982273101807,0.0,-0.258060023188591,-0.258060023188591,-0.05082617327570915,-0.05082617327570915,0.12448708713054657,-1.5439554452896118,-0.18570108711719513,0.0,-0.17531326040625572,-0.17531326040625572,0.31229111552238464,0.31229111552238464,0.29240021109580994,-1.5894242525100708,1.6896677017211914,0.0,0.019890904426574707,0.019890904426574707,0.22385084629058838,0.22385084629058838,0.1843975931406021,0.8491007089614868,1.4604358673095703,0.0,0.03945325314998627,0.03945325314998627,0.019246695563197136,0.019246695563197136,0.05087590962648392,0.8961162567138672,0.2070268988609314,0.0,-0.03162921406328678,-0.03162921406328678
891,29.7,24,0,0,,4,uneven rough,11,0.0,96.94207000732422,34.19352722167969,0.30428221821784973,1.697617769241333,-0.7230803370475769,1.697617769241333,-0.7230803370475769,7.491586208343506,0.6555453538894653,0.1666666716337204,0.8517343401908875,0.24488601088523865,0.8488088846206665,-0.36154016852378845,0.007471256423741579,0.31058621406555176,0.3142591416835785,-0.1219806894659996,0.14900298416614532,-0.6601861715316772,0.0052298796363174915,0.0052298796363174915,0.07923170924186707,-1.9698199033737183,0.22462861239910126,0.0,-0.07400182960554957,-0.07400182960554957,0.15529310703277588,0.15529310703277588,0.19147641956806183,-1.729499101638794,0.9583683013916016,0.0,-0.03618331253528595,-0.03618331253528595,0.15712957084178925,0.15712957084178925,-0.04570269584655762,1.9953094720840454,0.536786675453186,0.0,0.20283226668834686,0.20283226668834686,-0.0853864848613739,-0.0853864848613739,-0.06873293220996857,-1.0883216857910156,-1.2836552858352661,0.0,-0.016653552651405334,-0.016653552651405334,0.07450149208307266,0.07450149208307266,0.1581018567085266,-1.9896305799484253,-0.519709050655365,0.0,-0.08360036462545395,-0.08360036462545395,-0.3300930857658386,-0.3300930857658386,-0.16743025183677673,1.0324963331222534,-0.7886190414428711,0.0,-0.1626628339290619,-0.1626628339290619
892,29.733333333333334,4,0,0,,4,uneven rough,5,0.0,49.48186492919922,31.319242477416992,0.19416333734989166,1.183013677597046,-0.20951169729232788,1.183013677597046,-0.20951169729232788,4.151117324829102,0.7722516059875488,0.1666666716337204,0.19576822221279144,0.12658685445785522,0.591506838798523,-0.10475584864616394,0.555670440196991,-0.08528855443000793,0.6850031614303589,0.2706179916858673,0.36031296849250793,-0.2353747934103012,0.3889693021774292,0.3889693021774292,0.37716978788375854,-0.031917259097099304,0.911562442779541,0.0,0.011799514293670654,0.011799514293670654,-0.13646169006824493,-0.13646169006824493,-0.060791242867708206,-1.7181692123413086,-1.2680667638778687,0.0,-0.07567044720053673,-0.07567044720053673,0.34250158071517944,0.34250158071517944,0.16904869675636292,2.002938985824585,0.58311927318573,0.0,0.17345288395881653,0.17345288395881653,0.18943259119987488,0.18943259119987488,0.15237852931022644,1.954848289489746,-1.7343634366989136,0.0,0.03705406188964844,0.03705406188964844,0.18015648424625397,0.18015648424625397,0.16681340336799622,-2.004287004470825,0.0482637919485569,0.0,0.013343080878257751,0.013343080878257751,-0.1176873967051506,-0.1176873967051506,-0.10592018812894821,-0.24589106440544128,-0.4188714921474457,0.0,-0.011767208576202393,-0.011767208576202393
892,29.733333333333334,14,0,0,,4,uneven rough,5,0.0,49.68209457397461,33.390960693359375,0.21748408675193787,1.5206096172332764,-0.21689832210540771,1.5206096172332764,-0.21689832210540771,5.165396690368652,1.0189354419708252,0.3333333432674408,0.7532308101654053,0.03618573024868965,0.7603048086166382,-0.10844916105270386,0.36652135848999023,-0.05745706707239151,0.06787149608135223,0.17333567142486572,0.41719865798950195,-0.23331141471862793,0.2565649449825287,0.2565649449825287,0.30793675780296326,-1.2823946475982666,0.3937544822692871,0.0,-0.05137181282043457,-0.05137181282043457,-0.0919313058257103,-0.0919313058257103,-0.008679220452904701,-1.5030614137649536,0.5978707075119019,0.0,-0.0832520853728056,-0.0832520853728056,0.03393574804067612,0.03393574804067612,0.06784572452306747,-1.9735270738601685,-0.9536605477333069,0.0,-0.03390997648239136,-0.03390997648239136,0.121334969997406,0.121334969997406,0.23456081748008728,-1.8644492626190186,-0.16433678567409515,0.0,-0.11322584748268127,-0.11322584748268127,0.20859932899475098,0.20859932899475098,0.16997763514518738,-0.26936545968055725,1.11478590965271,0.0,0.0386216938495636,0.0386216938495636,-0.11665570735931396,-0.11665570735931396,0.06951671093702316,-0.44896990060806274,0.5966392755508423,0.0,-0.18617241829633713,-0.18617241829633713
892,29.733333333333334,24,0,0,,4,uneven rough,11,0.0,96.99208068847656,34.19978713989258,0.3142733573913574,1.9071996212005615,-0.8623227477073669,1.741262674331665,-0.8623227477073669,9.52198600769043,3.5716617107391357,0.3333333432674408,0.943976879119873,0.26571643352508545,0.9535998106002808,-0.43116137385368347,0.11254198104143143,0.4933481216430664,0.5605632066726685,0.12837600708007812,0.15337207913398743,-0.21357718110084534,0.07877938449382782,0.07877938449382782,0.03467867895960808,-0.09847266227006912,-1.0161164999008179,0.0,0.04410070553421974,0.04410070553421974,0.2466740608215332,0.2466740608215332,0.23007921874523163,1.3983465433120728,-0.5613567233085632,0.0,0.016594842076301575,0.016594842076301575,0.28028160333633423,0.28028160333633423,0.0185527540743351,1.665452480316162,1.3614380359649658,0.0,0.26172884926199913,0.26172884926199913,0.08986320346593857,0.08986320346593857,-0.03233334422111511,1.9205296039581299,-1.173213243484497,0.0,0.12219654768705368,0.12219654768705368,0.07668603956699371,0.07668603956699371,0.09962555766105652,-1.917527437210083,-1.3508052825927734,0.0,-0.022939518094062805,-0.022939518094062805,-0.10678859055042267,-0.10678859055042267,-0.10275093466043472,2.0106728076934814,0.2410428524017334,0.0,-0.0040376558899879456,-0.0040376558899879456
893,29.766666666666666,4,0,0,,4,uneven rough,5,0.0,49.49472427368164,31.287900924682617,0.19698412716388702,1.2759416103363037,0.9850190877914429,1.2759416103363037,0.9850190877914429,6.784487724304199,2.4598660469055176,0.1666666716337204,0.21266114711761475,0.2116282433271408,0.6379708051681519,0.49250954389572144,0.4207538962364197,0.3391360342502594,0.34153497219085693,0.4278928339481354,-0.17761977016925812,0.17763984203338623,0.29452770948410034,0.29452770948410034,0.3249400556087494,-1.9944216012954712,0.37811732292175293,0.0,-0.030412346124649048,-0.030412346124649048,0.1695680171251297,0.1695680171251297,-0.00113247602712363,1.9997304677963257,-1.5225554704666138,0.0,0.17070049315225333,0.17070049315225333,0.17076748609542847,0.17076748609542847,0.16333824396133423,-0.8094017505645752,1.385887861251831,0.0,0.007429242134094238,0.007429242134094238,0.2995249927043915,0.2995249927043915,0.2225557565689087,2.0000147819519043,0.3515235185623169,0.0,0.07696923613548279,0.07696923613548279,-0.28419163823127747,-0.28419163823127747,0.14499445259571075,-1.1732827425003052,-1.112252116203308,0.0,-0.4291860908269882,-0.4291860908269882,0.08881992101669312,0.08881992101669312,-0.046636179089546204,1.9999957084655762,-0.32106804847717285,0.0,0.13545610010623932,0.13545610010623932
893,29.766666666666666,14,0,0,,4,uneven rough,5,0.0,49.70058822631836,33.37007522583008,0.22918377816677094,1.2511134147644043,-0.17253676056861877,1.2511134147644043,-0.17253676056861877,3.581037998199463,2.640451192855835,0.5,0.5188614130020142,0.261465847492218,0.6255567073822021,-0.08626838028430939,0.7914245128631592,0.008782820776104927,0.6480206251144409,0.062495604157447815,0.11683567613363266,-0.07477995753288269,0.5539971590042114,0.5539971590042114,0.35337746143341064,1.98820161819458,-0.5539432168006897,0.0,0.20061969757080078,0.20061969757080078,0.0043914103880524635,0.0043914103880524635,-0.0059771426022052765,1.0572426319122314,-0.5900000929832458,0.0,0.01036855299025774,0.01036855299025774,0.32401031255722046,0.32401031255722046,0.0918564423918724,1.6197638511657715,-1.5302948951721191,0.0,0.23215387016534805,0.23215387016534805,0.04374692216515541,0.04374692216515541,0.16687946021556854,-1.9298019409179688,-1.1255834102630615,0.0,-0.12313253805041313,-0.12313253805041313,0.05841783806681633,0.05841783806681633,0.11772693693637848,-1.9994021654129028,0.3321842551231384,0.0,-0.05930909886956215,-0.05930909886956215,-0.037389978766441345,-0.037389978766441345,0.033136606216430664,-1.9174485206604004,0.005449967924505472,0.0,-0.07052658498287201,-0.07052658498287201
893,29.766666666666666,24,0,0,,4,uneven rough,11,0.0,97.0439224243164,34.20444869995117,0.3195633888244629,1.7349600791931152,-0.7256031036376953,1.7349600791931152,-0.7256031036376953,8.995319366455078,1.5160870552062988,0.1666666716337204,0.8692251443862915,0.19890765845775604,0.8674800395965576,-0.36280155181884766,-0.4265383780002594,0.817861020565033,0.21983394026756287,0.33977407217025757,0.25297555327415466,0.14024290442466736,-0.29857686161994934,-0.29857686161994934,-0.025952579453587532,-1.6497087478637695,-0.49727901816368103,0.0,-0.2726242821663618,-0.2726242821663618,0.4089305102825165,0.4089305102825165,0.2973051369190216,1.784466028213501,0.5466629862785339,0.0,0.11162537336349487,0.11162537336349487,0.10991697013378143,0.10991697013378143,0.07966524362564087,-1.3817882537841797,1.5333284139633179,0.0,0.030251726508140564,0.030251726508140564,0.23784184455871582,0.23784184455871582,0.036154795438051224,1.815297245979309,0.5759944915771484,0.0,0.2016870491206646,0.2016870491206646,0.12648777663707733,0.12648777663707733,0.09535614401102066,1.4383964538574219,-1.6712310314178467,0.0,0.03113163262605667,0.03113163262605667,0.07012145221233368,0.07012145221233368,-0.03361503779888153,1.9994930028915405,1.2415947914123535,0.0,0.10373649001121521,0.10373649001121521
894,29.8,4,0,0,,4,uneven rough,5,0.0,49.50615692138672,31.254840850830078,0.19607093930244446,1.0932024717330933,0.747994065284729,1.0932024717330933,0.747994065284729,5.323163032531738,0.6866282224655151,0.1666666716337204,0.1371590793132782,0.1685999631881714,0.5466012358665466,0.3739970326423645,0.5910310745239258,0.41507598757743835,0.18155379593372345,0.48419898748397827,-0.04686513543128967,-0.010705900378525257,0.4137217402458191,0.4137217402458191,0.34254753589630127,2.0110585689544678,-0.9633204340934753,0.0,0.07117420434951782,0.07117420434951782,0.20753799378871918,0.20753799378871918,0.06445935368537903,2.0356736183166504,0.4689513146877289,0.0,0.14307864010334015,0.14307864010334015,0.09077689796686172,0.09077689796686172,0.09676626324653625,-2.0933213233947754,0.14466719329357147,0.0,-0.00598936527967453,-0.00598936527967453,0.33893927931785583,0.33893927931785583,0.2829909920692444,1.4878106117248535,1.283583402633667,0.0,0.05594828724861145,0.05594828724861145,-0.07498421519994736,-0.07498421519994736,0.0810384675860405,-0.06963282823562622,-1.1467589139938354,0.0,-0.15602268278598785,-0.15602268278598785,-0.0053529501892626286,-0.0053529501892626286,0.00235177599824965,1.9797991514205933,0.991265594959259,0.0,-0.0077047261875122786,-0.0077047261875122786
894,29.8,14,0,0,,4,uneven rough,5,0.0,49.71907043457031,33.354209899902344,0.23431232571601868,0.9693506360054016,-1.2333104610443115,0.9693506360054016,-1.2333104610443115,2.524528980255127,1.2605257034301758,0.1666666716337204,0.40766215324401855,0.044576626271009445,0.4846753180027008,-0.6166552305221558,0.2633894979953766,-0.21561501920223236,0.8354707360267639,0.00399757269769907,0.17729628086090088,-0.5105798244476318,0.1843726485967636,0.1843726485967636,0.33889034390449524,-1.641689419746399,0.8833900094032288,0.0,-0.15451769530773163,-0.15451769530773163,-0.3449840247631073,-0.3449840247631073,-0.04792359471321106,-0.4035611152648926,0.3413538932800293,0.0,-0.29706043004989624,-0.29706043004989624,0.41773536801338196,0.41773536801338196,0.16438469290733337,1.9742066860198975,0.2507539391517639,0.0,0.2533506751060486,0.2533506751060486,0.0027983009349554777,0.0027983009349554777,0.10772150754928589,-1.988411784172058,-1.5802899599075317,0.0,-0.10492320661433041,-0.10492320661433041,0.08864814043045044,0.08864814043045044,0.05832307040691376,0.14706100523471832,-0.9860988855361938,0.0,0.030325070023536682,0.030325070023536682,-0.2552899122238159,-0.2552899122238159,0.010864827781915665,-0.9082617163658142,-1.081760287284851,0.0,-0.2661547400057316,-0.2661547400057316
894,29.8,24,0,0,,4,uneven rough,11,0.0,97.09407043457031,34.21360397338867,0.32213327288627625,1.8640509843826294,0.02562122605741024,1.7470475435256958,0.02562122605741024,8.36473274230957,0.4748409390449524,0.1666666716337204,0.9802891612052917,0.24279141426086426,0.9320254921913147,0.01281061302870512,-0.3127908408641815,0.5384417176246643,-0.550740659236908,0.2163848876953125,0.5875842571258545,0.2864411771297455,-0.21895357966423035,-0.21895357966423035,-0.09446027129888535,-1.9756044149398804,-1.1488648653030396,0.0,-0.124493308365345,-0.124493308365345,0.26922085881233215,0.26922085881233215,0.3109581172466278,-0.6807623505592346,1.2465190887451172,0.0,-0.041737258434295654,-0.041737258434295654,-0.275370329618454,-0.275370329618454,0.05257363244891167,-1.1305159330368042,-0.11488378047943115,0.0,-0.32794396206736565,-0.32794396206736565,0.151469424366951,0.151469424366951,0.09643887728452682,1.9165860414505005,1.2766984701156616,0.0,0.055030547082424164,0.055030547082424164,0.29379212856292725,0.29379212856292725,0.1254955232143402,-0.2999505400657654,0.08695792406797409,0.0,0.16829660534858704,0.16829660534858704,0.14322058856487274,0.14322058856487274,0.032397836446762085,1.942629098892212,1.6701117753982544,0.0,0.11082275211811066,0.11082275211811066
895,29.833333333333332,4,0,0,,4,uneven rough,5,0.0,49.51737594604492,31.228099822998047,0.19202549755573273,0.9121865034103394,-0.17212873697280884,0.9121865034103394,-0.17212873697280884,3.20137357711792,0.7440857887268066,0.3333333432674408,0.17892013490200043,0.2257925271987915,0.4560932517051697,-0.08606436848640442,-0.26792261004447937,0.3322456479072571,0.14673282206058502,0.7968729734420776,0.5616670846939087,0.22306127846240997,-0.18754582107067108,-0.18754582107067108,0.30375730991363525,-1.6845005750656128,0.7183988094329834,0.0,-0.49130313098430634,-0.49130313098430634,0.16612282395362854,0.16612282395362854,0.13262450695037842,1.934110164642334,1.3547788858413696,0.0,0.03349831700325012,0.03349831700325012,0.07336641103029251,0.07336641103029251,0.041547562927007675,-1.0263746976852417,-1.1206954717636108,0.0,0.031818848103284836,0.031818848103284836,0.5578110814094543,0.5578110814094543,0.3499392867088318,2.0219898223876953,1.3990538120269775,0.0,0.20787179470062256,0.20787179470062256,0.28083354234695435,0.28083354234695435,0.13502763211727142,1.178447961807251,-0.5377498865127563,0.0,0.14580591022968292,0.14580591022968292,0.11153063923120499,0.11153063923120499,0.03763613477349281,0.8783484697341919,1.5501842498779297,0.0,0.07389450445771217,0.07389450445771217
895,29.833333333333332,14,0,0,,4,uneven rough,5,0.0,49.73550033569336,33.334468841552734,0.2303861379623413,1.321441888809204,-0.2749747037887573,1.321441888809204,-0.2749747037887573,4.877381801605225,3.5691275596618652,0.3333333432674408,0.3584984242916107,0.3109816014766693,0.660720944404602,-0.13748735189437866,0.8794155716896057,-0.11097952723503113,0.5651196837425232,0.015645748004317284,0.32076495885849,-0.0868360698223114,0.6155908703804016,0.6155908703804016,0.3659631013870239,1.7757803201675415,-0.5442944169044495,0.0,0.24962776899337769,0.24962776899337769,-0.1775672435760498,-0.1775672435760498,-0.1032455638051033,-1.130741000175476,-0.07982239127159119,0.0,-0.0743216797709465,-0.0743216797709465,0.2825598418712616,0.2825598418712616,0.21056881546974182,-0.16951608657836914,1.225197196006775,0.0,0.07199102640151978,0.07199102640151978,0.010952023789286613,0.010952023789286613,0.03717867285013199,-1.826626181602478,-1.8110427856445312,0.0,-0.026226649060845375,-0.026226649060845375,0.160382479429245,0.160382479429245,0.096905916929245,1.2485655546188354,-0.34540823101997375,0.0,0.0634765625,0.0634765625,-0.0434180349111557,-0.0434180349111557,-0.00861357245594263,-2.0780928134918213,-0.9836638569831848,0.0,-0.03480446245521307,-0.03480446245521307
895,29.833333333333332,24,0,0,,4,uneven rough,11,0.0,97.13714599609375,34.23097229003906,0.32887953519821167,1.674318790435791,-0.46729519963264465,1.674318790435791,-0.46729519963264465,6.824370384216309,7.322796821594238,0.5,0.508163571357727,0.15217235684394836,0.8371593952178955,-0.23364759981632233,-0.164800226688385,0.41986513137817383,-0.5178400874137878,-0.2341265231370926,0.1107601597905159,0.20177505910396576,-0.11536015570163727,-0.11536015570163727,-0.11019137501716614,-0.4086066484451294,-1.616304874420166,0.0,-0.00516878068447113,-0.00516878068447113,0.20993256568908691,0.20993256568908691,0.24502141773700714,-1.986330509185791,0.15683068335056305,0.0,-0.03508885204792023,-0.03508885204792023,-0.2589200437068939,-0.2589200437068939,0.02097960188984871,-0.4645906388759613,-0.6891240477561951,0.0,-0.27989964559674263,-0.27989964559674263,-0.16388855874538422,-0.16388855874538422,0.048987843096256256,-1.9712105989456177,1.6384921073913574,0.0,-0.21287640184164047,-0.21287640184164047,0.05538007989525795,0.05538007989525795,0.08149401843547821,-0.44044116139411926,-0.1318008154630661,0.0,-0.02611393854022026,-0.02611393854022026,0.10088752955198288,0.10088752955198288,0.06660442799329758,-0.12135647982358932,1.8241935968399048,0.0,0.0342831015586853,0.0342831015586853
896,29.866666666666667,4,0,0,,4,uneven rough,5,0.0,49.53163146972656,31.206315994262695,0.1928650438785553,1.3841692209243774,-0.25910449028015137,1.3841692209243774,-0.25910449028015137,6.485381126403809,5.578991889953613,0.5,0.2686375379562378,0.154400035738945,0.6920846104621887,-0.12955224514007568,0.32359370589256287,-0.24759416282176971,0.2473633885383606,0.45457157492637634,0.47109168767929077,-0.5448196530342102,0.22651559114456177,0.22651559114456177,0.2649812400341034,-0.8747808337211609,-0.6402048468589783,0.0,-0.038465648889541626,-0.038465648889541626,-0.396150678396225,-0.396150678396225,0.14151214063167572,0.6601769328117371,1.6823338270187378,0.0,-0.5376628190279007,-0.5376628190279007,0.1236816942691803,0.1236816942691803,0.0372600294649601,0.5927332639694214,-1.067366361618042,0.0,0.0864216648042202,0.0864216648042202,0.31820011138916016,0.31820011138916016,0.34932613372802734,-1.0411149263381958,1.751262903213501,0.0,-0.031126022338867188,-0.031126022338867188,0.23554584383964539,0.23554584383964539,0.17956434190273285,1.9990483522415161,0.4325914680957794,0.0,0.05598150193691254,0.05598150193691254,-0.2724098265171051,-0.2724098265171051,-0.0015812732744961977,-1.5042260885238647,1.170327067375183,0.0,-0.2708285532426089,-0.2708285532426089
896,29.866666666666667,14,0,0,,4,uneven rough,5,0.0,49.74873352050781,33.30619430541992,0.23673981428146362,1.5336626768112183,-0.22220568358898163,1.5336626768112183,-0.22220568358898163,2.972189426422119,7.224360466003418,0.46756064891815186,0.06710013747215271,0.06962509453296661,0.7668313384056091,-0.11110284179449081,0.5918368101119995,0.006393624935299158,0.688959002494812,0.6659401655197144,0.2573671042919159,0.3464921712875366,0.4142857491970062,0.4142857491970062,0.3922198712825775,1.136656403541565,0.7674800157546997,0.0,0.02206587791442871,0.02206587791442871,0.003196812467649579,0.003196812467649579,-0.04573453962802887,1.9900766611099243,-0.6740136742591858,0.0,0.04893135209567845,0.04893135209567845,0.344479501247406,0.344479501247406,0.2649151086807251,1.959773302078247,0.43662381172180176,0.0,0.07956439256668091,0.07956439256668091,0.4661581218242645,0.4661581218242645,0.07006450742483139,1.6330316066741943,-1.819853663444519,0.0,0.39609361439943314,0.39609361439943314,0.12868355214595795,0.12868355214595795,0.15593115985393524,0.7520679831504822,0.5558274388313293,0.0,-0.027247607707977295,-0.027247607707977295,0.1732460856437683,0.1732460856437683,0.04200354591012001,2.000084638595581,-1.602455973625183,0.0,0.1312425397336483,0.1312425397336483
896,29.866666666666667,24,0,0,,4,uneven rough,11,0.0,97.18377685546875,34.244285583496094,0.3372213840484619,1.9317052364349365,-0.09718181937932968,1.7348724603652954,-0.09718181937932968,7.666404724121094,3.8724098205566406,0.34605535864830017,-0.14908914268016815,0.12790200114250183,0.9658526182174683,-0.04859090968966484,0.49190136790275574,0.5062208771705627,-0.17436924576759338,-0.400692343711853,0.2681635916233063,-0.2167510986328125,0.34433096647262573,0.34433096647262573,-0.05510697886347771,1.8222030401229858,-0.9334701299667358,0.0,0.39943794533610344,0.39943794533610344,0.25311043858528137,0.25311043858528137,0.25404006242752075,0.14511816203594208,-1.054916501045227,0.0,-0.0009296238422393799,-0.0009296238422393799,-0.08718462288379669,-0.08718462288379669,-0.03845268860459328,-1.7098811864852905,-0.5621724128723145,0.0,-0.048731934279203415,-0.048731934279203415,-0.2804846465587616,-0.2804846465587616,-0.014986534602940083,-1.2930893898010254,-0.40244027972221375,0.0,-0.2654981119558215,-0.2654981119558215,0.13408179581165314,0.13408179581165314,0.12498936057090759,0.8620631694793701,-0.3063066303730011,0.0,0.009092435240745544,0.009092435240745544,-0.10837554931640625,-0.10837554931640625,0.017581719905138016,-0.9258984923362732,0.7241760492324829,0.0,-0.12595726922154427,-0.12595726922154427
897,29.9,4,0,0,,4,uneven rough,5,0.0,49.54264450073242,31.18052864074707,0.19352051615715027,1.2292826175689697,-0.8620694279670715,1.2292826175689697,-0.8620694279670715,4.091691017150879,4.765503883361816,0.5,0.3481994569301605,0.18192021548748016,0.6146413087844849,-0.43103471398353577,0.8636476397514343,-0.27782970666885376,0.5561798214912415,0.02490197867155075,0.4835226833820343,-0.5215162634849548,0.6045533418655396,0.6045533418655396,0.3226560652256012,1.9140748977661133,-0.7728345394134521,0.0,0.28189727663993835,0.28189727663993835,-0.4445275366306305,-0.4445275366306305,0.12899024784564972,-0.6863230466842651,1.1044044494628906,0.0,-0.5735177844762802,-0.5735177844762802,0.2780899107456207,0.2780899107456207,0.06781922280788422,0.9638268351554871,-0.12874305248260498,0.0,0.2102706879377365,0.2102706879377365,0.017431383952498436,0.017431383952498436,0.27918311953544617,-1.922070026397705,0.17244745790958405,0.0,-0.26175173558294773,-0.26175173558294773,0.24176134169101715,0.24176134169101715,0.23343917727470398,1.2170634269714355,1.3182690143585205,0.0,0.008322164416313171,0.008322164416313171,-0.2607581317424774,-0.2607581317424774,-0.044620923697948456,-1.2644267082214355,-0.3418700695037842,0.0,-0.21613720804452896,-0.21613720804452896
897,29.9,14,0,0,,4,uneven rough,5,0.0,49.766902923583984,33.28104019165039,0.23461952805519104,1.2224271297454834,1.0961788892745972,1.2224271297454834,1.0961788892745972,2.2387280464172363,3.4470319747924805,0.2688865661621094,0.07329912483692169,0.193075031042099,0.6112135648727417,0.5480894446372986,-0.5020345449447632,0.8114827871322632,-0.13118524849414825,0.5766808986663818,0.6310451030731201,0.1833425909280777,-0.3514241874217987,-0.3514241874217987,0.35491982102394104,-1.1604684591293335,0.9762130379676819,0.0,-0.7063440084457397,-0.7063440084457397,0.4057413935661316,0.4057413935661316,0.02098480798304081,2.0222573280334473,0.8322677612304688,0.0,0.3847565855830908,0.3847565855830908,-0.06559262424707413,-0.06559262424707413,0.21254467964172363,-2.0139501094818115,1.2978153228759766,0.0,-0.27813730388879776,-0.27813730388879776,0.4036766290664673,0.4036766290664673,0.13954295217990875,1.8601064682006836,0.13241387903690338,0.0,0.26413367688655853,0.26413367688655853,0.31552255153656006,0.31552255153656006,0.21977144479751587,1.3636705875396729,0.6667822003364563,0.0,0.09575110673904419,0.09575110673904419,0.09167129546403885,0.09167129546403885,0.08812819421291351,0.7882170677185059,0.4344269633293152,0.0,0.0035431012511253357,0.0035431012511253357
897,29.9,24,0,0,,4,uneven rough,11,0.0,97.23151397705078,34.25838088989258,0.350473552942276,1.720560073852539,-0.31025567650794983,1.720560073852539,-0.31025567650794983,9.235513687133789,5.085740089416504,0.5,-0.3856160044670105,0.11325341463088989,0.8602800369262695,-0.15512783825397491,0.02067241258919239,0.6194294691085815,-0.3869592845439911,-0.36498332023620605,0.29304638504981995,-0.18361683189868927,0.014470688998699188,0.014470688998699188,0.007908961735665798,1.5587825775146484,0.6245924234390259,0.0,0.00656172726303339,0.00656172726303339,0.30971473455429077,0.30971473455429077,0.29709312319755554,0.7134756445884705,-0.37641477584838867,0.0,0.01262161135673523,0.01262161135673523,-0.19347964227199554,-0.19347964227199554,-0.09823831170797348,-0.755507230758667,-1.211089015007019,0.0,-0.09524133056402206,-0.09524133056402206,-0.2554883062839508,-0.2554883062839508,-0.07139852643013,-1.5490179061889648,-0.9060149192810059,0.0,-0.1840897798538208,-0.1840897798538208,0.14652319252490997,0.14652319252490997,0.1512875258922577,0.042464107275009155,0.35429173707962036,0.0,-0.004764333367347717,-0.004764333367347717,-0.09180841594934464,-0.09180841594934464,-0.03900861367583275,-1.6545872688293457,-0.20877906680107117,0.0,-0.05279980227351189,-0.05279980227351189
898,29.933333333333334,4,0,0,,4,uneven rough,5,0.0,49.552730560302734,31.155475616455078,0.1947479248046875,0.5031476616859436,-1.1568505764007568,0.5031476616859436,-1.1568505764007568,1.8366641998291016,5.5575361251831055,0.5,0.33390122652053833,0.1886172741651535,0.2515738308429718,-0.5784252882003784,0.5186539888381958,-0.35886794328689575,0.8232514262199402,0.21381708979606628,0.5840256810188293,-0.26316142082214355,0.36305779218673706,0.36305779218673706,0.3707905113697052,0.8076251149177551,0.7463488578796387,0.0,-0.00773271918296814,-0.00773271918296814,-0.5741887092590332,-0.5741887092590332,0.09888255596160889,-0.781964123249054,0.09192389994859695,0.0,-0.6730712652206421,-0.6730712652206421,0.4116257131099701,0.4116257131099701,0.1132710799574852,1.4200135469436646,0.4889979362487793,0.0,0.2983546331524849,0.2983546331524849,0.14967195689678192,0.14967195689678192,0.213996022939682,-1.9429749250411987,-1.011796474456787,0.0,-0.06432406604290009,-0.06432406604290009,0.2920128405094147,0.2920128405094147,0.2805177569389343,1.0643996000289917,1.2610472440719604,0.0,0.011495083570480347,0.011495083570480347,-0.13158071041107178,-0.13158071041107178,-0.06366834789514542,-0.6405516266822815,-0.8634852766990662,0.0,-0.06791236251592636,-0.06791236251592636
898,29.933333333333334,14,0,0,,4,uneven rough,5,0.0,49.78037643432617,33.251731872558594,0.23385584354400635,0.9223772883415222,0.8063836097717285,0.9223772883415222,0.8063836097717285,4.563218116760254,1.5594463348388672,0.1666666716337204,0.08908089995384216,0.15222841501235962,0.4611886441707611,0.40319180488586426,0.5784271955490112,0.20581047236919403,-0.1460687518119812,0.6609375476837158,0.3981919288635254,0.329704612493515,0.4048990309238434,0.4048990309238434,0.37639036774635315,1.6536003351211548,-0.23187050223350525,0.0,0.028508663177490234,0.028508663177490234,0.10290523618459702,0.10290523618459702,0.074134960770607,1.128363013267517,1.5050899982452393,0.0,0.02877027541399002,0.02877027541399002,-0.0730343759059906,-0.0730343759059906,0.14974603056907654,-1.8373297452926636,-0.5746628046035767,0.0,-0.22278040647506714,-0.22278040647506714,0.46265628933906555,0.46265628933906555,0.19080449640750885,1.3975526094436646,1.1092543601989746,0.0,0.2718517929315567,0.2718517929315567,0.1990959644317627,0.1990959644317627,0.22321157157421112,-0.5837077498435974,1.0608041286468506,0.0,-0.024115607142448425,-0.024115607142448425,0.1648523062467575,0.1648523062467575,0.09956306219100952,0.5371280312538147,0.6344605088233948,0.0,0.06528924405574799,0.06528924405574799
898,29.933333333333334,24,0,0,,4,uneven rough,11,0.0,97.2759017944336,34.27413558959961,0.361183762550354,1.680326223373413,-0.46795982122421265,1.680326223373413,-0.46795982122421265,8.785778045654297,3.042468547821045,0.3333333432674408,-0.5839213132858276,0.0589059516787529,0.8401631116867065,-0.23397991061210632,0.02316143736243248,0.577064037322998,0.08041445165872574,-0.5289870500564575,0.2870744466781616,-0.5251637697219849,0.016213005408644676,0.016213005408644676,0.05103500932455063,-0.024111803621053696,1.1527851819992065,0.0,-0.03482200391590595,-0.03482200391590595,0.288532018661499,0.288532018661499,0.28257936239242554,-0.005767057649791241,0.2398112267255783,0.0,0.005952656269073486,0.005952656269073486,0.04020722582936287,0.04020722582936287,-0.03561151400208473,1.9424057006835938,-0.9535022377967834,0.0,0.0758187398314476,0.0758187398314476,-0.37029093503952026,-0.37029093503952026,-0.12293589860200882,-1.1477324962615967,-1.269569993019104,0.0,-0.24735503643751144,-0.24735503643751144,0.1435372233390808,0.1435372233390808,0.14038240909576416,0.5078524947166443,0.1779838353395462,0.0,0.0031548142433166504,0.0031548142433166504,-0.26258188486099243,-0.26258188486099243,-0.10365975648164749,-1.544800877571106,-1.026241660118103,0.0,-0.15892212837934494,-0.15892212837934494
899,29.966666666666665,4,0,0,,4,uneven rough,5,0.0,49.56163024902344,31.132837295532227,0.19925379753112793,0.9470341205596924,-0.40565529465675354,0.9470341205596924,-0.40565529465675354,1.2255533933639526,1.915567398071289,0.5,0.29510778188705444,0.15528368949890137,0.4735170602798462,-0.20282764732837677,0.7743217945098877,0.16216576099395752,0.6661319732666016,-0.08396463841199875,0.6433895826339722,-0.3745341897010803,0.5420252680778503,0.5420252680778503,0.4362024664878845,1.9952210187911987,0.7809945940971375,0.0,0.10582280158996582,0.10582280158996582,0.08108288049697876,0.08108288049697876,0.0834309309720993,-0.7380641102790833,-0.4021739661693573,0.0,-0.0023480504751205444,-0.0023480504751205444,0.3330659866333008,0.3330659866333008,0.16812913119792938,1.4293104410171509,1.0153958797454834,0.0,0.1649368554353714,0.1649368554353714,-0.058775246143341064,-0.058775246143341064,0.14734365046024323,-1.7729392051696777,-1.5382864475250244,0.0,-0.2061188966035843,-0.2061188966035843,0.3216947913169861,0.3216947913169861,0.3320240080356598,0.8165550231933594,1.149862289428711,0.0,-0.010329216718673706,-0.010329216718673706,-0.18726709485054016,-0.18726709485054016,-0.09377801418304443,-1.2792521715164185,-0.7374382019042969,0.0,-0.09348908066749573,-0.09348908066749573
899,29.966666666666665,14,0,0,,4,uneven rough,5,0.0,49.79627227783203,33.22589874267578,0.23673126101493835,1.4075160026550293,0.11568477749824524,1.4075160026550293,0.11568477749824524,7.625117301940918,5.201055526733398,0.3333333432674408,-0.4088742733001709,0.27424439787864685,0.7037580013275146,0.05784238874912262,-0.5443246364593506,0.1874699592590332,0.3097262680530548,0.6176974773406982,0.43612051010131836,-0.28060439229011536,-0.3810272514820099,-0.3810272514820099,0.34885385632514954,-1.2894513607025146,0.83417809009552,0.0,-0.7298811078071594,-0.7298811078071594,0.0937349796295166,0.0937349796295166,0.12485237419605255,1.2281506061553955,1.2920879125595093,0.0,-0.03111739456653595,-0.03111739456653595,0.1548631340265274,0.1548631340265274,0.12690401077270508,0.4213204085826874,-1.2885769605636597,0.0,0.027959123253822327,0.027959123253822327,0.43238821625709534,0.43238821625709534,0.2618911564350128,1.8845670223236084,1.2722587585449219,0.0,0.17049705982208252,0.17049705982208252,0.21806025505065918,0.21806025505065918,0.1906949281692505,-1.272400975227356,0.13099415600299835,0.0,0.02736532688140869,0.02736532688140869,-0.14030219614505768,-0.14030219614505768,0.05717417225241661,-1.5188130140304565,0.5794285535812378,0.0,-0.1974763683974743,-0.1974763683974743
899,29.966666666666665,24,0,0,,4,uneven rough,11,0.0,97.32473754882812,34.28038787841797,0.35809770226478577,1.7937545776367188,0.6422838568687439,1.7112946510314941,0.6422838568687439,9.311121940612793,2.133373260498047,0.18336908519268036,-0.5481665134429932,0.1657525897026062,0.8968772888183594,0.32114192843437195,0.565946102142334,0.4497952461242676,0.1790100336074829,-0.009461392648518085,0.4824873208999634,-0.3949146270751953,0.3961622714996338,0.3961622714996338,0.09798021614551544,1.7241473197937012,0.4873655140399933,0.0,0.29818205535411835,0.29818205535411835,0.2248976230621338,0.2248976230621338,0.2320811003446579,-2.0000412464141846,0.10096082836389542,0.0,-0.007183477282524109,-0.007183477282524109,0.08950501680374146,0.08950501680374146,0.015224429778754711,1.9843926429748535,0.6838493347167969,0.0,0.07428058702498674,0.07428058702498674,-0.006622974760830402,-0.006622974760830402,-0.09942584484815598,1.9102106094360352,-1.2006828784942627,0.0,0.09280287008732557,0.09280287008732557,0.2412436604499817,0.2412436604499817,0.19881974160671234,2.0567169189453125,0.36449217796325684,0.0,0.04242391884326935,0.04242391884326935,-0.19745731353759766,-0.19745731353759766,-0.15038934350013733,-0.32291844487190247,-1.319435954093933,0.0,-0.04706797003746033,-0.04706797003746033
900,30.0,4,0,0,,4,uneven rough,5,0.0,49.565574645996094,31.109905242919922,0.20798414945602417,1.0541505813598633,0.18653960525989532,1.0541505813598633,0.18653960525989532,1.6791982650756836,3.400123119354248,0.5,0.20908191800117493,0.14902622997760773,0.5270752906799316,0.09326980262994766,0.7376832962036133,0.2151794731616974,0.6392563581466675,0.26196932792663574,0.6525259017944336,-0.4462227523326874,0.5163782835006714,0.5163782835006714,0.4985254406929016,1.4139485359191895,1.4675203561782837,0.0,0.017852842807769775,0.017852842807769775,0.1075897365808487,0.1075897365808487,0.08329254388809204,0.3203722834587097,-0.5920868515968323,0.0,0.024297192692756653,0.024297192692756653,0.31962817907333374,0.31962817907333374,0.22208330035209656,1.5714601278305054,1.249423861503601,0.0,0.09754487872123718,0.09754487872123718,0.18337853252887726,0.18337853252887726,0.14733555912971497,1.3956561088562012,-1.6709595918655396,0.0,0.03604297339916229,0.03604297339916229,0.3262629508972168,0.3262629508972168,0.3620113432407379,0.156209334731102,0.9614097476005554,0.0,-0.03574839234352112,-0.03574839234352112,-0.2231113761663437,-0.2231113761663437,-0.1461692899465561,-1.941778540611267,-1.04378080368042,0.0,-0.0769420862197876,-0.0769420862197876
900,30.0,14,0,0,,4,uneven rough,5,0.0,49.815547943115234,33.205440521240234,0.23907163739204407,0.6002015471458435,-0.21159467101097107,0.6002015471458435,-0.21159467101097107,4.466617107391357,2.243368625640869,0.3333333432674408,-0.35687220096588135,0.15181633830070496,0.30010077357292175,-0.10579733550548553,0.15732239186763763,0.028474777936935425,0.6872895956039429,0.1843271255493164,0.06519562751054764,-0.1454433649778366,0.11012567579746246,0.11012567579746246,0.30035027861595154,-1.1730635166168213,-0.3665258288383484,0.0,-0.19022460281848907,-0.19022460281848907,0.014237388968467712,0.014237388968467712,0.08897396177053452,-2.0007166862487793,1.2559376955032349,0.0,-0.0747365728020668,-0.0747365728020668,0.34364479780197144,0.34364479780197144,0.15049053728580475,-0.15777482092380524,-0.3217979073524475,0.0,0.1931542605161667,0.1931542605161667,0.12902899086475372,0.12902899086475372,0.28584185242652893,-0.25319018959999084,1.6184589862823486,0.0,-0.1568128615617752,-0.1568128615617752,0.03259781375527382,0.03259781375527382,0.10674363374710083,-1.7713552713394165,-0.6624879837036133,0.0,-0.07414581999182701,-0.07414581999182701,-0.0727216824889183,-0.0727216824889183,-0.0003939023881684989,-1.7016339302062988,-0.6069210171699524,0.0,-0.0723277801007498,-0.0723277801007498
900,30.0,24,0,0,,4,uneven rough,11,0.0,97.37503051757812,34.282875061035156,0.3585641384124756,1.8727585077285767,0.952040433883667,1.6951804161071777,0.952040433883667,7.039361476898193,4.44347620010376,0.3333333432674408,-0.43962860107421875,0.33760035037994385,0.9363792538642883,0.4760202169418335,0.05222959443926811,0.6961649060249329,0.05223115533590317,0.45097699761390686,0.5458073616027832,0.5865308046340942,0.03656071424484253,0.03656071424484253,0.06559313088655472,-1.8448982238769531,1.186644196510315,0.0,-0.02903241664171219,-0.02903241664171219,0.34808245301246643,0.34808245301246643,0.2683718800544739,1.6026155948638916,-1.0869494676589966,0.0,0.07971057295799255,0.07971057295799255,0.026115577667951584,0.026115577667951584,0.04200880974531174,0.26742807030677795,1.41917884349823,0.0,-0.015893232077360153,-0.015893232077360153,0.31568390130996704,0.31568390130996704,-0.027859026566147804,2.0094404220581055,0.5582218766212463,0.0,0.34354292787611485,0.34354292787611485,0.2729036808013916,0.2729036808013916,0.27717408537864685,2.0039186477661133,1.3212790489196777,0.0,-0.004270404577255249,-0.004270404577255249,0.2932654023170471,0.2932654023170471,-0.11096697300672531,0.8743120431900024,-0.756003201007843,0.0,0.40423237532377243,0.40423237532377243
901,30.03333333333333,4,0,0,,4,uneven rough,5,0.0,49.56659698486328,31.09048843383789,0.21852397918701172,1.2744219303131104,0.5729620456695557,1.2744219303131104,0.5729620456695557,1.2989284992218018,4.484911918640137,0.3696403503417969,0.23208212852478027,0.21045124530792236,0.6372109651565552,0.28648102283477783,0.42564913630485535,0.19271884858608246,0.5784691572189331,0.5601223111152649,0.580625057220459,-0.09904888272285461,0.29795438051223755,0.29795438051223755,0.4521077573299408,-1.9249632358551025,1.4372308254241943,0.0,-0.15415337681770325,-0.15415337681770325,0.09635942429304123,0.09635942429304123,0.06064138934016228,1.051485300064087,-0.0761808305978775,0.0,0.03571803495287895,0.03571803495287895,0.28923457860946655,0.28923457860946655,0.2849348783493042,1.5247912406921387,1.4315037727355957,0.0,0.0042997002601623535,0.0042997002601623535,0.39208561182022095,0.39208561182022095,0.21560944616794586,2.0000016689300537,0.06291041523218155,0.0,0.17647616565227509,0.17647616565227509,0.2903125286102295,0.2903125286102295,0.32058513164520264,-1.094589114189148,0.5061479806900024,0.0,-0.030272603034973145,-0.030272603034973145,-0.04952444136142731,-0.04952444136142731,-0.09423834085464478,1.9026809930801392,-1.5515103340148926,0.0,0.04471389949321747,0.04471389949321747
901,30.03333333333333,14,0,0,,4,uneven rough,5,0.0,49.83667755126953,33.18109893798828,0.2453826367855072,1.0656620264053345,-0.16891872882843018,1.0656620264053345,-0.16891872882843018,4.559796333312988,3.0014140605926514,0.5,-0.4473276734352112,0.12133282423019409,0.5328310132026672,-0.08445936441421509,0.4714166522026062,-0.02604031376540661,0.6869055032730103,0.1684068739414215,-0.10640712827444077,-0.07800080627202988,0.3299916386604309,0.3299916386604309,0.3357796370983124,1.0844701528549194,-0.8225436806678772,0.0,-0.00578799843788147,-0.00578799843788147,-0.04166450351476669,-0.04166450351476669,0.027274252846837044,-1.8018574714660645,-0.585380494594574,0.0,-0.06893875636160374,-0.06893875636160374,0.3434527516365051,0.3434527516365051,0.19241686165332794,0.6395590305328369,-0.22905896604061127,0.0,0.15103588998317719,0.15103588998317719,0.1178848072886467,0.1178848072886467,0.2215844839811325,-1.7751277685165405,0.5602251887321472,0.0,-0.10369967669248581,-0.10369967669248581,-0.17025141417980194,-0.17025141417980194,0.03142271563410759,-1.996350884437561,-1.2894434928894043,0.0,-0.20167412981390953,-0.20167412981390953,-0.03900040313601494,-0.03900040313601494,-0.02968367002904415,-0.9744887948036194,-1.2258737087249756,0.0,-0.009316733106970787,-0.009316733106970787
901,30.03333333333333,24,0,0,,4,uneven rough,11,0.0,97.41899871826172,34.28512191772461,0.3549268841743469,1.807098627090454,0.629074215888977,1.7379862070083618,0.629074215888977,8.8508882522583,4.605552673339844,0.3333333432674408,-0.5712550282478333,0.29992660880088806,0.903549313545227,0.3145371079444885,-0.3110641837120056,0.20900139212608337,-0.22834132611751556,0.2195928394794464,0.5692890882492065,0.5130372047424316,-0.21774493157863617,-0.21774493157863617,-0.002907842630520463,-1.942182183265686,-0.5273953080177307,0.0,-0.2148370889481157,-0.2148370889481157,0.10450069606304169,0.10450069606304169,0.20585419237613678,-1.7979635000228882,0.4337354302406311,0.0,-0.10135349631309509,-0.10135349631309509,-0.11417066305875778,-0.11417066305875778,-0.007354558911174536,1.2143440246582031,0.7679768800735474,0.0,-0.10681610414758325,-0.10681610414758325,0.15371498465538025,0.15371498465538025,0.03697054460644722,1.8902459144592285,1.3787434101104736,0.0,0.11674444004893303,0.11674444004893303,0.28464454412460327,0.28464454412460327,0.25861549377441406,0.859494149684906,1.707244634628296,0.0,0.02602905035018921,0.02602905035018921,0.2565186023712158,0.2565186023712158,-0.07233811914920807,1.3155585527420044,0.1657799631357193,0.0,0.3288567215204239,0.3288567215204239
902,30.066666666666666,4,0,0,,4,uneven rough,5,0.0,49.568973541259766,31.06906509399414,0.23263002932071686,1.398927927017212,-0.719738781452179,1.398927927017212,-0.719738781452179,6.875110626220703,0.0,0.0,0.290715754032135,0.21545128524303436,0.699463963508606,-0.3598693907260895,-0.19732347130775452,0.46612611413002014,0.8258270621299744,0.5322740077972412,0.29545533657073975,0.2029464691877365,-0.1381264328956604,-0.1381264328956604,0.39369940757751465,-1.7316310405731201,-0.46375972032546997,0.0,-0.531825840473175,-0.531825840473175,0.23306305706501007,0.23306305706501007,0.1256498247385025,1.999703288078308,0.5614036321640015,0.0,0.10741323232650757,0.10741323232650757,0.4129135310649872,0.4129135310649872,0.3403972089290619,1.9968639612197876,1.4842486381530762,0.0,0.07251632213592529,0.07251632213592529,0.3725917935371399,0.3725917935371399,0.2818964421749115,2.0000109672546387,1.1581453084945679,0.0,0.0906953513622284,0.0906953513622284,0.14772766828536987,0.14772766828536987,0.26920071244239807,-1.849015235900879,-0.39891165494918823,0.0,-0.1214730441570282,-0.1214730441570282,0.10147323459386826,0.10147323459386826,-0.026159871369600296,2.0000016689300537,0.4014956057071686,0.0,0.12763310596346855,0.12763310596346855
902,30.066666666666666,14,0,0,,4,uneven rough,5,0.0,49.86703872680664,33.15690994262695,0.24795302748680115,1.410323143005371,-0.9197812080383301,1.410323143005371,-0.9197812080383301,4.5996198654174805,2.3094654083251953,0.3333333432674408,-0.6177331209182739,0.1159261018037796,0.7051615715026855,-0.45989060401916504,0.07267670333385468,0.14231476187705994,0.7329899072647095,0.043688543140888214,0.2019827663898468,-0.2672685980796814,0.05087369307875633,0.05087369307875633,0.3085978627204895,-1.7497199773788452,0.25568535923957825,0.0,-0.25772416964173317,-0.25772416964173317,0.07115738093852997,0.07115738093852997,0.07404306530952454,0.42671725153923035,-1.2731788158416748,0.0,-0.002885684370994568,-0.002885684370994568,0.36649495363235474,0.36649495363235474,0.24367038905620575,1.172156572341919,0.26205921173095703,0.0,0.12282456457614899,0.12282456457614899,0.03058197908103466,0.03058197908103466,0.1631220430135727,-1.8930307626724243,-0.760187566280365,0.0,-0.13254006393253803,-0.13254006393253803,0.1009913831949234,0.1009913831949234,0.09723065793514252,1.347021460533142,-1.689130187034607,0.0,0.003760725259780884,0.003760725259780884,-0.1336342990398407,-0.1336342990398407,-0.0724114328622818,-1.5875046253204346,-1.083740234375,0.0,-0.0612228661775589,-0.0612228661775589
902,30.066666666666666,24,0,0,,4,uneven rough,11,0.0,97.46143341064453,34.30055236816406,0.3586215078830719,1.7839549779891968,-0.7355027198791504,1.7041409015655518,-0.7355027198791504,8.770959854125977,3.3333334922790527,0.1666666716337204,-0.36439061164855957,0.22665444016456604,0.8919774889945984,-0.3677513599395752,-0.16804662346839905,0.6946228742599487,-0.26579898595809937,-0.32336243987083435,0.3002474009990692,0.0035860049538314342,-0.11763263493776321,-0.11763263493776321,-0.06654375046491623,-1.9315897226333618,-1.3273183107376099,0.0,-0.051088884472846985,-0.051088884472846985,0.34731143712997437,0.34731143712997437,0.17554223537445068,-0.9225364327430725,-0.828071117401123,0.0,0.17176920175552368,0.17176920175552368,-0.13289949297904968,-0.13289949297904968,0.011659584008157253,1.2872891426086426,1.0203536748886108,0.0,-0.14455907698720694,-0.14455907698720694,-0.2263537049293518,-0.2263537049293518,0.007048470433801413,-1.8963068723678589,1.6679478883743286,0.0,-0.23340217536315322,-0.23340217536315322,0.1501237004995346,0.1501237004995346,0.23651155829429626,-1.981819748878479,1.2279250621795654,0.0,-0.08638785779476166,-0.08638785779476166,0.0017930024769157171,0.0017930024769157171,-0.0582360178232193,0.49617841839790344,0.8158668279647827,0.0,0.060029020300135016,0.060029020300135016
903,30.099999999999998,4,0,0,,4,uneven rough,5,0.0,49.577842712402344,31.051837921142578,0.2409900724887848,0.8405402898788452,0.09461867809295654,0.8405402898788452,0.09461867809295654,5.776536464691162,2.241502285003662,0.1666666716337204,0.28757575154304504,0.2328680455684662,0.4202701449394226,0.04730933904647827,-0.422475665807724,0.624518632888794,0.5478346943855286,0.37004023790359497,0.2549402117729187,0.1581321358680725,-0.2957329750061035,-0.2957329750061035,0.34003719687461853,-0.9812384843826294,-1.1806163787841797,0.0,-0.635770171880722,-0.635770171880722,0.312259316444397,0.312259316444397,0.18852967023849487,1.0779942274093628,1.374620795249939,0.0,0.1237296462059021,0.1237296462059021,0.2739173471927643,0.2739173471927643,0.2919478416442871,-1.8439195156097412,1.7740821838378906,0.0,-0.018030494451522827,-0.018030494451522827,0.2590281665325165,0.2590281665325165,0.2827347218990326,-2.0011534690856934,1.6341376304626465,0.0,-0.023706555366516113,-0.023706555366516113,0.12747010588645935,0.12747010588645935,0.207284614443779,-1.9603909254074097,-1.218802809715271,0.0,-0.07981450855731964,-0.07981450855731964,0.07906606793403625,0.07906606793403625,0.031099285930395126,-0.4300297498703003,1.3052937984466553,0.0,0.04796678200364113,0.04796678200364113
903,30.099999999999998,14,0,0,,4,uneven rough,5,0.0,49.89413833618164,33.134220123291016,0.24262666702270508,1.2266325950622559,0.2420135885477066,1.2266325950622559,0.2420135885477066,4.02455997467041,4.631170272827148,0.5,-0.37050002813339233,0.2645270824432373,0.6133162975311279,0.1210067942738533,0.8675819635391235,-0.08719953149557114,0.21745873987674713,0.233310729265213,0.10817144811153412,-0.13341525197029114,0.6073073744773865,0.6073073744773865,0.3238302171230316,0.9739077091217041,-0.8781744241714478,0.0,0.28347715735435486,0.28347715735435486,-0.13951925933361053,-0.13951925933361053,0.008454671129584312,-1.5351005792617798,-0.3120545446872711,0.0,-0.14797393046319485,-0.14797393046319485,0.10872936993837357,0.10872936993837357,0.18165528774261475,-2.000000238418579,0.7766298651695251,0.0,-0.07292591780424118,-0.07292591780424118,0.1633175015449524,0.1633175015449524,0.11234603822231293,-0.03834289312362671,-1.4006991386413574,0.0,0.050971463322639465,0.050971463322639465,0.05408572405576706,0.05408572405576706,0.04520722106099129,-0.5915817022323608,0.02751539833843708,0.0,0.008878502994775772,0.008878502994775772,-0.06670762598514557,-0.06670762598514557,-0.08485398441553116,0.8834896087646484,-1.3685694932937622,0.0,0.01814635843038559,0.01814635843038559
903,30.099999999999998,24,0,0,,4,uneven rough,11,0.0,97.5049819946289,34.310115814208984,0.37468355894088745,1.8130404949188232,0.4797220528125763,1.6443374156951904,0.4797220528125763,7.4435272216796875,3.7330708503723145,0.3333333432674408,0.06089010089635849,0.2424534261226654,0.9065202474594116,0.23986102640628815,0.15705309808254242,0.5680078864097595,0.26248258352279663,-0.016589386388659477,0.17590273916721344,-0.18589544296264648,0.1099371686577797,0.1099371686577797,-0.03607361018657684,1.9936102628707886,-1.66897451877594,0.0,0.14601077884435654,0.14601077884435654,0.28400394320487976,0.28400394320487976,0.2331063449382782,1.599554181098938,-0.881481945514679,0.0,0.05089759826660156,0.05089759826660156,0.13124129176139832,0.13124129176139832,0.06638267636299133,-0.12884387373924255,1.1712794303894043,0.0,0.06485861539840698,0.06485861539840698,-0.01161256991326809,-0.01161256991326809,-0.04944146052002907,-0.7009219527244568,-0.3472881019115448,0.0,0.03782889060676098,0.03782889060676098,0.08795136958360672,0.08795136958360672,0.1861676722764969,-1.4130135774612427,-0.5868704319000244,0.0,-0.09821630269289017,-0.09821630269289017,-0.09294772148132324,-0.09294772148132324,-0.0688803419470787,-0.39766818284988403,0.6351144313812256,0.0,-0.024067379534244537,-0.024067379534244537
904,30.133333333333333,4,0,0,,4,uneven rough,5,0.0,49.58595657348633,31.034099578857422,0.23695459961891174,1.001205563545227,0.3779590427875519,1.001205563545227,0.3779590427875519,2.393885374069214,3.21132230758667,0.3333333432674408,0.016211476176977158,0.3143573999404907,0.5006027817726135,0.18897952139377594,0.5439822673797607,0.05888523533940315,0.5434108972549438,0.33437037467956543,0.17151835560798645,-0.023756403475999832,0.38078758120536804,0.38078758120536804,0.3571757376194,1.074433445930481,-1.067887783050537,0.0,0.023611843585968018,0.023611843585968018,0.029442617669701576,0.029442617669701576,0.1324978619813919,-1.9027481079101562,1.2069076299667358,0.0,-0.10305524431169033,-0.10305524431169033,0.2717054486274719,0.2717054486274719,0.2521117925643921,-0.3976738154888153,-0.27154242992401123,0.0,0.019593656063079834,0.019593656063079834,0.23405925929546356,0.23405925929546356,0.22083719074726105,-1.0399558544158936,-0.4212624728679657,0.0,0.013222068548202515,0.013222068548202515,0.08575917780399323,0.08575917780399323,0.1346668303012848,-1.9118797779083252,-1.6380980014801025,0.0,-0.048907652497291565,-0.048907652497291565,-0.011878201737999916,-0.011878201737999916,0.027995625510811806,-0.6918512582778931,0.32413873076438904,0.0,-0.03987382724881172,-0.03987382724881172
904,30.133333333333333,14,0,0,,4,uneven rough,5,0.0,49.91820526123047,33.104713439941406,0.23373378813266754,1.082517147064209,-0.8631082773208618,1.082517147064209,-0.8631082773208618,5.603571891784668,0.0,0.0,-0.33439216017723083,0.23872792720794678,0.5412585735321045,-0.4315541386604309,0.32672548294067383,0.23690947890281677,0.7172690629959106,0.4317152798175812,0.1544630378484726,-0.21964673697948456,0.22870783507823944,0.22870783507823944,0.26643460988998413,-1.999924898147583,0.16899612545967102,0.0,-0.03772677481174469,-0.03772677481174469,0.11845473945140839,0.11845473945140839,0.07565371692180634,1.9983408451080322,-1.0035669803619385,0.0,0.04280102252960205,0.04280102252960205,0.3586345314979553,0.3586345314979553,0.22864867746829987,1.7575445175170898,-0.7932817935943604,0.0,0.12998585402965546,0.12998585402965546,0.30220070481300354,0.30220070481300354,0.18038174510002136,1.9998375177383423,-0.6304205060005188,0.0,0.12181895971298218,0.12181895971298218,0.0772315189242363,0.0772315189242363,0.07867112755775452,-0.6104670166969299,-0.32252320647239685,0.0,-0.001439608633518219,-0.001439608633518219,-0.10982336848974228,-0.10982336848974228,-0.10507651418447495,-1.3826849460601807,-0.09525121748447418,0.0,-0.004746854305267334,-0.004746854305267334
904,30.133333333333333,24,0,0,,4,uneven rough,11,0.0,97.55249786376953,34.32476043701172,0.3915501832962036,1.7701034545898438,0.23561951518058777,1.7701034545898438,0.23561951518058777,9.341129302978516,5.790971279144287,0.3333333432674408,0.1739080846309662,0.11962782591581345,0.8850517272949219,0.11780975759029388,-0.4107690155506134,0.7543148994445801,-0.30465465784072876,-0.12446271628141403,0.32362884283065796,-0.11414308100938797,-0.2875383198261261,-0.2875383198261261,-0.07405940443277359,-0.9521660208702087,0.40185749530792236,0.0,-0.2134789153933525,-0.2134789153933525,0.37715744972229004,0.37715744972229004,0.2964032292366028,1.897201418876648,0.5213003158569336,0.0,0.08075422048568726,0.08075422048568726,-0.15232732892036438,-0.15232732892036438,0.0315895713865757,-0.6391403079032898,0.43618738651275635,0.0,-0.18391690030694008,-0.18391690030694008,-0.08712390065193176,-0.08712390065193176,-0.05460093542933464,-1.8056942224502563,-0.5472333431243896,0.0,-0.03252296522259712,-0.03252296522259712,0.16181442141532898,0.16181442141532898,0.17579521238803864,0.47841498255729675,-1.0539731979370117,0.0,-0.013980790972709656,-0.013980790972709656,-0.057071540504693985,-0.057071540504693985,-0.08798575401306152,-0.6409382820129395,0.05117730051279068,0.0,0.03091421350836754,0.03091421350836754
905,30.166666666666668,4,0,0,,4,uneven rough,5,0.0,49.59733581542969,31.01299476623535,0.22104686498641968,0.8909873366355896,-0.33966442942619324,0.8909873366355896,-0.33966442942619324,2.7507998943328857,1.0982383489608765,0.1666666716337204,-0.09850402921438217,0.24517469108104706,0.4454936683177948,-0.16983221471309662,0.14931529760360718,-0.14925789833068848,0.7806351184844971,0.2630231976509094,0.38531261682510376,-0.058683641254901886,0.10452070832252502,0.10452070832252502,0.3205036222934723,-1.3796658515930176,0.14338447153568268,0.0,-0.21598291397094727,-0.21598291397094727,-0.2388126403093338,-0.2388126403093338,0.08267517387866974,-1.985823392868042,-0.5512972474098206,0.0,-0.32148781418800354,-0.32148781418800354,0.39031755924224854,0.39031755924224854,0.2907958924770355,1.0331082344055176,-0.34285733103752136,0.0,0.09952166676521301,0.09952166676521301,0.18411622941493988,0.18411622941493988,0.22055338323116302,-0.32481542229652405,-0.7710728049278259,0.0,-0.036437153816223145,-0.036437153816223145,0.19265630841255188,0.19265630841255188,0.19464111328125,1.9908838272094727,-1.792894721031189,0.0,-0.00198480486869812,-0.00198480486869812,-0.029341820627450943,-0.029341820627450943,0.023693127557635307,-0.49377068877220154,-0.25030383467674255,0.0,-0.05303494818508625,-0.05303494818508625
905,30.166666666666668,14,0,0,,4,uneven rough,5,0.0,49.93932342529297,33.069664001464844,0.22456389665603638,0.5797916650772095,0.2846834659576416,0.5797916650772095,0.2846834659576416,3.0116031169891357,3.3333334922790527,0.1666666716337204,-0.4197445809841156,0.18895797431468964,0.28989583253860474,0.1423417329788208,0.6324259042739868,0.2649688720703125,0.13300813734531403,0.5673869848251343,0.23601946234703064,0.1514900177717209,0.4426981210708618,0.4426981210708618,0.29485368728637695,1.973401427268982,-1.057315707206726,0.0,0.14784443378448486,0.14784443378448486,0.13248443603515625,0.13248443603515625,0.14083421230316162,1.9679515361785889,0.6937170624732971,0.0,-0.008349776268005371,-0.008349776268005371,0.06650406867265701,0.06650406867265701,0.17478445172309875,-0.947176992893219,0.6489599943161011,0.0,-0.10828038305044174,-0.10828038305044174,0.39717087149620056,0.39717087149620056,0.2087099254131317,-0.39207950234413147,0.8567320704460144,0.0,0.18846094608306885,0.18846094608306885,0.11800973117351532,0.11800973117351532,0.0834449753165245,0.4783228635787964,-0.4853271543979645,0.0,0.034564755856990814,0.034564755856990814,0.07574500888586044,0.07574500888586044,-0.1204051822423935,0.22931089997291565,-0.8231685757637024,0.0,0.19615019112825394,0.19615019112825394
905,30.166666666666668,24,0,0,,4,uneven rough,11,0.0,97.59808349609375,34.3415641784668,0.3933340013027191,1.850153923034668,0.19198556244373322,1.695777416229248,0.19198556244373322,8.764833450317383,1.4993972778320312,0.5,0.5761460661888123,0.15107935667037964,0.925076961517334,0.09599278122186661,0.49594977498054504,0.3899869918823242,-0.33730268478393555,-0.42593201994895935,0.38793718814849854,-0.40370994806289673,0.3471648395061493,0.3471648395061493,-0.028328651562333107,1.9465138912200928,-0.36370983719825745,0.0,0.3754934910684824,0.3754934910684824,0.1949934959411621,0.1949934959411621,0.23869015276432037,-1.9998623132705688,1.2992372512817383,0.0,-0.043696656823158264,-0.043696656823158264,-0.16865134239196777,-0.16865134239196777,-0.029207687824964523,-1.9986355304718018,-0.17180481553077698,0.0,-0.13944365456700325,-0.13944365456700325,-0.2981524169445038,-0.2981524169445038,-0.12470473349094391,-1.9874259233474731,-1.2587693929672241,0.0,-0.17344768345355988,-0.17344768345355988,0.19396859407424927,0.19396859407424927,0.17100027203559875,1.224018931388855,-0.18755818903446198,0.0,0.022968322038650513,0.022968322038650513,-0.20185497403144836,-0.20185497403144836,-0.15505848824977875,-2.0000014305114746,-0.34014609456062317,0.0,-0.04679648578166962,-0.04679648578166962
906,30.2,4,0,0,,4,uneven rough,5,0.0,49.602508544921875,30.989713668823242,0.22040189802646637,0.7269390225410461,0.817223310470581,0.7269390225410461,0.817223310470581,1.54167640209198,3.1125705242156982,0.5,-0.07079310715198517,0.13133156299591064,0.36346951127052307,0.4086116552352905,0.7912880778312683,0.21589671075344086,0.12221228331327438,0.4268070161342621,0.3155224025249481,0.396334171295166,0.5539016723632812,0.5539016723632812,0.34295734763145447,1.1581714153289795,-0.7177509069442749,0.0,0.21094432473182678,0.21094432473182678,0.10794835537672043,0.10794835537672043,0.06518621742725372,1.2439225912094116,-1.362380862236023,0.0,0.042762137949466705,0.042762137949466705,0.06110614165663719,0.06110614165663719,0.23200581967830658,-1.9990586042404175,0.43511608242988586,0.0,-0.1708996780216694,-0.1708996780216694,0.2987649142742157,0.2987649142742157,0.2270900011062622,1.6485823392868042,-0.5187580585479736,0.0,0.07167491316795349,0.07167491316795349,0.15776120126247406,0.15776120126247406,0.18652711808681488,-0.45804277062416077,0.3464604616165161,0.0,-0.02876591682434082,-0.02876591682434082,0.198167085647583,0.198167085647583,0.034986525774002075,0.939352810382843,-0.38796043395996094,0.0,0.16318055987358093,0.16318055987358093
906,30.2,14,0,0,,4,uneven rough,5,0.0,49.960166931152344,33.033355712890625,0.22171267867088318,1.2689588069915771,1.3476967811584473,1.2689588069915771,1.3476967811584473,3.4755752086639404,4.628934860229492,0.6666666865348816,0.21908029913902283,0.22459149360656738,0.6344794034957886,0.6738483905792236,-0.3001673221588135,0.3868336081504822,0.2718740701675415,0.6252145767211914,0.25940296053886414,0.3965168297290802,-0.21011711657047272,-0.21011711657047272,0.24043495953083038,-1.8162862062454224,0.656257152557373,0.0,-0.4505520761013031,-0.4505520761013031,0.1934168040752411,0.1934168040752411,0.2044585943222046,1.0613703727722168,1.414171576499939,0.0,-0.011041790246963501,-0.011041790246963501,0.13593703508377075,0.13593703508377075,0.12816587090492249,-0.7253834009170532,-0.25349873304367065,0.0,0.007771164178848267,0.007771164178848267,0.437650203704834,0.437650203704834,0.27144598960876465,1.7263259887695312,0.150651752948761,0.0,0.16620421409606934,0.16620421409606934,0.12970148026943207,0.12970148026943207,0.11597809195518494,0.1378406435251236,0.05952228978276253,0.0,0.013723388314247131,0.013723388314247131,0.1982584148645401,0.1982584148645401,-0.08378999680280685,1.7428922653198242,-0.22809478640556335,0.0,0.28204841166734695,0.28204841166734695
906,30.2,24,0,0,,4,uneven rough,11,0.0,97.64647674560547,34.34454345703125,0.39785221219062805,1.4023411273956299,-0.8655805587768555,1.4023411273956299,-0.8655805587768555,7.186458587646484,0.0,0.0,0.6558663845062256,0.07206539809703827,0.7011705636978149,-0.43279027938842773,0.42855000495910645,0.5804274082183838,0.34178218245506287,-0.1560526192188263,0.0871133804321289,-0.38254502415657043,0.29998499155044556,0.29998499155044556,0.02174084074795246,0.8290049433708191,0.942494809627533,0.0,0.2782441508024931,0.2782441508024931,0.2902137041091919,0.2902137041091919,0.23535536229610443,1.4207072257995605,-0.5660795569419861,0.0,0.05485834181308746,0.05485834181308746,0.17089109122753143,0.17089109122753143,0.002308060647919774,0.8003844022750854,-1.2046982049942017,0.0,0.16858303057961166,0.16858303057961166,-0.10923682898283005,-0.10923682898283005,-0.13800732791423798,0.9775893688201904,-1.6707531213760376,0.0,0.02877049893140793,0.02877049893140793,0.04355669021606445,0.04355669021606445,0.15257130563259125,-0.5498086214065552,0.610550045967102,0.0,-0.1090146154165268,-0.1090146154165268,-0.19127251207828522,-0.19127251207828522,-0.13252709805965424,1.1291955709457397,-1.278631329536438,0.0,-0.05874541401863098,-0.05874541401863098
907,30.233333333333334,4,0,0,,4,uneven rough,5,0.0,49.60514831542969,30.968379974365234,0.2270350307226181,1.2501640319824219,0.3024473488330841,1.2501640319824219,0.3024473488330841,6.2361860275268555,3.3333334922790527,0.1666666716337204,0.14482331275939941,0.3152868151664734,0.6250820159912109,0.15122367441654205,-0.40707194805145264,0.502974271774292,0.4228675067424774,0.6671240925788879,0.3193349242210388,0.016601962968707085,-0.2849503457546234,-0.2849503457546234,0.30224138498306274,-1.5901585817337036,0.3428989350795746,0.0,-0.5871917307376862,-0.5871917307376862,0.251487135887146,0.251487135887146,0.13156774640083313,2.0000014305114746,0.11122778058052063,0.0,0.11991938948631287,0.11991938948631287,0.2114337533712387,0.2114337533712387,0.18799814581871033,-0.13560497760772705,-0.9411706328392029,0.0,0.02343560755252838,0.02343560755252838,0.46698686480522156,0.46698686480522156,0.2959959805011749,1.861711859703064,0.7066600918769836,0.0,0.17099088430404663,0.17099088430404663,0.1596674621105194,0.1596674621105194,0.16190940141677856,-0.661329448223114,-0.10840710997581482,0.0,-0.0022419393062591553,-0.0022419393062591553,0.008300981484353542,0.008300981484353542,0.03998217359185219,-0.501961350440979,0.36250486969947815,0.0,-0.031681192107498646,-0.031681192107498646
907,30.233333333333334,14,0,0,,4,uneven rough,5,0.0,49.9804573059082,32.99778366088867,0.22360311448574066,1.0475451946258545,0.6342623233795166,1.0475451946258545,0.6342623233795166,5.808633804321289,4.113029479980469,0.3333333432674408,0.39084726572036743,0.25172269344329834,0.5237725973129272,0.3171311616897583,-0.07466684281826019,0.4281037747859955,0.32834699749946594,0.6489745378494263,-0.040765441954135895,0.5686497688293457,-0.052266787737607956,-0.052266787737607956,0.1785338968038559,-1.6542047262191772,-0.7417232990264893,0.0,-0.23080068454146385,-0.23080068454146385,0.21405188739299774,0.21405188739299774,0.2008988857269287,0.5297026634216309,1.2146971225738525,0.0,0.01315300166606903,0.01315300166606903,0.16417349874973297,0.16417349874973297,0.1379992812871933,0.5769128799438477,-0.5203031897544861,0.0,0.026174217462539673,0.026174217462539673,0.45428216457366943,0.45428216457366943,0.3375755548477173,1.9517197608947754,1.0415407419204712,0.0,0.11670660972595215,0.11670660972595215,-0.06522470712661743,-0.06522470712661743,0.06518824398517609,-1.282623529434204,0.10380362719297409,0.0,-0.13041295111179352,-0.13041295111179352,0.28432488441467285,0.28432488441467285,-0.032241351902484894,0.06656864285469055,0.8863047957420349,0.0,0.31656623631715775,0.31656623631715775
907,30.233333333333334,24,0,0,,4,uneven rough,11,0.0,97.69536590576172,34.348594665527344,0.40500324964523315,1.754103660583496,-0.4017610549926758,1.7099850177764893,-0.4017610549926758,8.280592918395996,1.8357985019683838,0.3333333432674408,0.4889173209667206,0.08249994367361069,0.877051830291748,-0.2008805274963379,-0.4871506690979004,0.709721028804779,0.0409538559615612,0.21614262461662292,0.6428744196891785,0.1371987909078598,-0.34100547432899475,-0.34100547432899475,-0.03433939442038536,-1.4526439905166626,0.8783274292945862,0.0,-0.3066660799086094,-0.3066660799086094,0.3548605144023895,0.3548605144023895,0.3021312654018402,1.8814005851745605,0.5572532415390015,0.0,0.052729249000549316,0.052729249000549316,0.0204769279807806,0.0204769279807806,0.03550395369529724,2.2290635108947754,-0.07102091610431671,0.0,-0.01502702571451664,-0.01502702571451664,0.1512998342514038,0.1512998342514038,-0.06855833530426025,1.9002066850662231,-0.17337550222873688,0.0,0.21985816955566406,0.21985816955566406,0.32143720984458923,0.32143720984458923,0.21854396164417267,2.0886807441711426,-0.04551881551742554,0.0,0.10289324820041656,0.10289324820041656,0.0685993954539299,0.0685993954539299,-0.07407627254724503,0.9246608018875122,0.08275831490755081,0.0,0.14267566800117493,0.14267566800117493
908,30.266666666666666,4,0,0,,4,uneven rough,5,0.0,49.607994079589844,30.947891235351562,0.22951722145080566,0.17549602687358856,0.527694821357727,0.17549602687358856,0.527694821357727,3.928468704223633,1.4222021102905273,0.3333333432674408,0.2851541340351105,0.18287639319896698,0.08774801343679428,0.2638474106788635,0.12169358134269714,0.29319441318511963,0.5309647917747498,0.4790016710758209,-0.09971445798873901,0.21531373262405396,0.08518550544977188,0.08518550544977188,0.23929090797901154,-1.2402764558792114,-0.7500552535057068,0.0,-0.15410540252923965,-0.15410540252923965,0.14659720659255981,0.14659720659255981,0.13381049036979675,-0.1807875633239746,1.1791437864303589,0.0,0.012786716222763062,0.012786716222763062,0.2654823958873749,0.2654823958873749,0.2257106453180313,0.9204356074333191,-0.48570236563682556,0.0,0.03977175056934357,0.03977175056934357,0.33530116081237793,0.33530116081237793,0.35868990421295166,0.9345583915710449,1.359728455543518,0.0,-0.02338874340057373,-0.02338874340057373,-0.15954314172267914,-0.15954314172267914,0.11297882348299026,-0.1586834192276001,-0.4210304021835327,0.0,-0.2725219652056694,-0.2725219652056694,0.10765686631202698,0.10765686631202698,0.10492834448814392,1.131044864654541,-0.12626586854457855,0.0,0.0027285218238830566,0.0027285218238830566
908,30.266666666666666,14,0,0,,4,uneven rough,5,0.0,50.01017379760742,32.96868133544922,0.23249003291130066,1.426102876663208,0.8217929601669312,1.426102876663208,0.8217929601669312,8.020310401916504,3.1200740337371826,0.5,0.5645375847816467,0.06609685719013214,0.713051438331604,0.4108964800834656,0.17877119779586792,0.5080524682998657,-0.11973369121551514,0.3412318229675293,-0.2830224335193634,0.22626538574695587,0.12513983249664307,0.12513983249664307,0.15163864195346832,-0.5399941205978394,-1.2576419115066528,0.0,-0.026498809456825256,-0.026498809456825256,0.25402623414993286,0.25402623414993286,0.2198420763015747,0.8075070977210999,0.8274000287055969,0.0,0.034184157848358154,0.034184157848358154,-0.05986684560775757,-0.05986684560775757,0.11908722668886185,1.5424672365188599,0.10006474703550339,0.0,-0.17895407229661942,-0.17895407229661942,0.2388622760772705,0.2388622760772705,0.3166566491127014,-1.935787320137024,1.5561575889587402,0.0,-0.07779437303543091,-0.07779437303543091,-0.45283588767051697,-0.45283588767051697,0.02128218673169613,-0.24104873836040497,-0.680084764957428,0.0,-0.4741180744022131,-0.4741180744022131,0.11313269287347794,0.11313269287347794,0.0018998247105628252,0.7128196358680725,0.422824501991272,0.0,0.11123286816291511,0.11123286816291511
908,30.266666666666666,24,0,0,,4,uneven rough,11,0.0,97.73580932617188,34.35323715209961,0.41028326749801636,1.771016001701355,0.47483086585998535,1.771016001701355,0.47483086585998535,8.029365539550781,2.03598952293396,0.3333333432674408,0.4461561143398285,0.10925547778606415,0.8855080008506775,0.23741543292999268,0.23284552991390228,0.38531434535980225,-0.4539971351623535,-0.06944544613361359,0.48823943734169006,0.060951169580221176,0.16299186646938324,0.16299186646938324,0.012490184046328068,1.6572489738464355,-0.43960797786712646,0.0,0.15050168242305517,0.15050168242305517,0.19265717267990112,0.19265717267990112,0.24652382731437683,-1.3289233446121216,1.3059284687042236,0.0,-0.05386665463447571,-0.05386665463447571,-0.22699856758117676,-0.22699856758117676,0.015540950000286102,-1.9816484451293945,1.2294509410858154,0.0,-0.24253951758146286,-0.24253951758146286,-0.04861181229352951,-0.04861181229352951,-0.0754261165857315,0.41202956438064575,0.9990316033363342,0.0,0.026814304292201996,0.026814304292201996,0.24411971867084503,0.24411971867084503,0.19666266441345215,-0.7951781153678894,1.1611614227294922,0.0,0.04745705425739288,0.04745705425739288,0.030475584790110588,0.030475584790110588,-0.06442293524742126,0.31829750537872314,0.5587714910507202,0.0,0.09489852003753185,0.09489852003753185
909,30.3,4,0,0,,4,uneven rough,5,0.0,49.628387451171875,30.927793502807617,0.23648706078529358,0.9706916213035583,0.6304633617401123,0.9706916213035583,0.6304633617401123,5.829860687255859,5.107090950012207,0.5,0.25203830003738403,0.09083785861730576,0.4853458106517792,0.31523168087005615,0.24459673464298248,0.4736612141132355,0.41768506169319153,0.32648029923439026,-0.08611045032739639,-0.0903477743268013,0.17121770977973938,0.17121770977973938,0.21007375419139862,-0.37049242854118347,-1.0272271633148193,0.0,-0.03885604441165924,-0.03885604441165924,0.23683060705661774,0.23683060705661774,0.18908467888832092,1.979347586631775,0.4102361798286438,0.0,0.047745928168296814,0.047745928168296814,0.20884253084659576,0.20884253084659576,0.16838154196739197,-1.1565595865249634,0.309330552816391,0.0,0.040460988879203796,0.040460988879203796,0.2285362035036087,0.2285362035036087,0.341718852519989,-1.6911829710006714,1.119336485862732,0.0,-0.11318264901638031,-0.11318264901638031,-0.137776717543602,-0.137776717543602,0.08536134660243988,-0.45265993475914,-0.27269893884658813,0.0,-0.22313806414604187,-0.22313806414604187,-0.04517388716340065,-0.04517388716340065,0.06209607049822807,-1.451266884803772,0.5846198797225952,0.0,-0.10726995766162872,-0.10726995766162872
909,30.3,14,0,0,,4,uneven rough,5,0.0,50.04299545288086,32.94345474243164,0.23803310096263885,1.7068216800689697,-0.15960697829723358,1.7068216800689697,-0.15960697829723358,5.725944519042969,4.560030937194824,0.3333333432674408,0.6549937725067139,0.09827545285224915,0.8534108400344849,-0.07980348914861679,0.6755580902099609,0.4792233407497406,-0.40712234377861023,0.01829531043767929,-0.17039154469966888,-0.253182590007782,0.4728906452655792,0.4728906452655792,0.1887102723121643,1.2477872371673584,-0.8518825769424438,0.0,0.2841803729534149,0.2841803729534149,0.2396116703748703,0.2396116703748703,0.21461845934391022,-0.29214945435523987,0.8161525130271912,0.0,0.024993211030960083,0.024993211030960083,-0.20356117188930511,-0.20356117188930511,0.07324305176734924,-0.31534647941589355,0.9156016707420349,0.0,-0.27680422365665436,-0.27680422365665436,0.012806717306375504,0.012806717306375504,0.24841812252998352,-1.6427239179611206,-0.4181942939758301,0.0,-0.23561140522360802,-0.23561140522360802,-0.27262648940086365,-0.27262648940086365,-0.028148669749498367,-0.43398383259773254,-0.4318529963493347,0.0,-0.24447781965136528,-0.24447781965136528,-0.126591295003891,-0.126591295003891,-0.06651845574378967,-1.9797682762145996,0.5867882370948792,0.0,-0.06007283926010132,-0.06007283926010132
909,30.3,24,0,0,,4,uneven rough,11,0.0,97.77250671386719,34.3620491027832,0.417380690574646,1.799468755722046,-1.034861445426941,1.726023554801941,-1.034861445426941,8.44931697845459,2.8307366371154785,0.3333333432674408,0.31208691000938416,0.09453658759593964,0.899734377861023,-0.5174307227134705,-0.1432437300682068,0.3818965256214142,0.10446571558713913,-0.18755502998828888,0.4375482201576233,-0.3046591281890869,-0.10027060657739639,-0.10027060657739639,0.005378582049161196,-1.3387895822525024,0.745958685874939,0.0,-0.10564918862655759,-0.10564918862655759,0.1909482628107071,0.1909482628107071,0.2143489271402359,-0.9781723022460938,-0.18382146954536438,0.0,-0.02340066432952881,-0.02340066432952881,0.052232857793569565,0.052232857793569565,0.0012840296840295196,0.6040530800819397,-0.5861104130744934,0.0,0.050948828109540045,0.050948828109540045,-0.13128851354122162,-0.13128851354122162,-0.08029229193925858,-1.1047927141189575,0.6671395897865295,0.0,-0.05099622160196304,-0.05099622160196304,0.21877411007881165,0.21877411007881165,0.20131251215934753,0.7153911590576172,0.0550435408949852,0.0,0.01746159791946411,0.01746159791946411,-0.15232956409454346,-0.15232956409454346,-0.1210741251707077,-1.3526617288589478,0.42280706763267517,0.0,-0.031255438923835754,-0.031255438923835754
910,30.333333333333332,4,0,0,,4,uneven rough,5,0.0,49.64773178100586,30.902984619140625,0.22948966920375824,1.0585565567016602,0.5377134084701538,1.0585565567016602,0.5377134084701538,3.0388247966766357,4.482823848724365,0.3333333432674408,0.40429896116256714,0.11694478988647461,0.5292782783508301,0.2688567042350769,0.5602012872695923,0.09537436068058014,0.35446736216545105,0.01624523289501667,0.19166730344295502,-0.4645257294178009,0.3921408951282501,0.3921408951282501,0.2678515911102295,1.9796016216278076,-0.6559081673622131,0.0,0.12428930401802063,0.12428930401802063,0.04768718034029007,0.04768718034029007,0.13281767070293427,-1.9974908828735352,1.2974145412445068,0.0,-0.0851304903626442,-0.0851304903626442,0.17723368108272552,0.17723368108272552,0.16079938411712646,0.2213745415210724,-0.5194863677024841,0.0,0.01643429696559906,0.01643429696559906,0.011371662840247154,0.011371662840247154,0.27874884009361267,-1.6691454648971558,-0.469736248254776,0.0,-0.2673771772533655,-0.2673771772533655,0.09583365172147751,0.09583365172147751,0.06038077548146248,1.1411657333374023,-0.374449223279953,0.0,0.03545287624001503,0.03545287624001503,-0.23226286470890045,-0.23226286470890045,0.016566837206482887,-1.360533356666565,-0.5664741396903992,0.0,-0.24882970191538334,-0.24882970191538334
910,30.333333333333332,14,0,0,,4,uneven rough,5,0.0,50.071964263916016,32.918212890625,0.23691996932029724,1.5522782802581787,-0.3293697237968445,1.5522782802581787,-0.3293697237968445,3.514798641204834,3.368889570236206,0.3333333432674408,0.592011570930481,0.07110583037137985,0.7761391401290894,-0.16468486189842224,0.6198968887329102,0.3634931445121765,-0.11514012515544891,-0.010376513004302979,-0.3227265179157257,-0.5288798213005066,0.4339278042316437,0.4339278042316437,0.24531109631061554,1.659803032875061,0.33527448773384094,0.0,0.18861670792102814,0.18861670792102814,0.18174657225608826,0.18174657225608826,0.15616869926452637,-0.6366502642631531,0.1895165890455246,0.0,0.02557787299156189,0.02557787299156189,-0.05757006257772446,-0.05757006257772446,0.022312534973025322,0.1945015788078308,0.21962139010429382,0.0,-0.07988259755074978,-0.07988259755074978,-0.00726355891674757,-0.00726355891674757,0.18980252742767334,-0.9304043650627136,-1.1105455160140991,0.0,-0.1970660863444209,-0.1970660863444209,-0.5163624286651611,-0.5163624286651611,-0.0710761547088623,-0.027238357812166214,-0.4330577850341797,0.0,-0.44528627395629883,-0.44528627395629883,-0.2644399106502533,-0.2644399106502533,-0.13411179184913635,0.08097654581069946,-0.8643474578857422,0.0,-0.13032811880111694,-0.13032811880111694
910,30.333333333333332,24,0,0,,4,uneven rough,11,0.0,97.80850982666016,34.360694885253906,0.42523881793022156,1.5248095989227295,0.6309292912483215,1.5248095989227295,0.6309292912483215,7.957272529602051,0.9601207971572876,0.1666666716337204,0.20340131223201752,0.21085476875305176,0.7624047994613647,0.31546464562416077,0.7327423095703125,0.300372838973999,0.14001809060573578,-0.02309967204928398,0.3251234292984009,-0.18597924709320068,0.5129196047782898,0.5129196047782898,0.037604957818984985,0.8485409021377563,-0.4327617287635803,0.0,0.4753146469593048,0.4753146469593048,0.1501864194869995,0.1501864194869995,0.16097047924995422,-0.6191194653511047,-0.6329488754272461,0.0,-0.010784059762954712,-0.010784059762954712,0.07000904530286789,0.07000904530286789,0.047027863562107086,1.3147515058517456,0.0868101567029953,0.0,0.022981181740760803,0.022981181740760803,-0.016169769689440727,-0.016169769689440727,-0.09947394579648972,1.4801799058914185,-0.3347141146659851,0.0,0.08330417610704899,0.08330417610704899,0.16256171464920044,0.16256171464920044,0.1550023853778839,-0.266271710395813,0.4284052550792694,0.0,0.007559329271316528,0.007559329271316528,-0.09298962354660034,-0.09298962354660034,-0.10602298378944397,0.7316769361495972,-0.5810461640357971,0.0,0.013033360242843628,0.013033360242843628
911,30.366666666666667,4,0,0,,4,uneven rough,5,0.0,49.663719177246094,30.871580123901367,0.21796715259552002,0.9601837396621704,0.34675273299217224,0.9601837396621704,0.34675273299217224,1.6870397329330444,3.006709575653076,0.1666666716337204,0.22954492270946503,0.0676286518573761,0.4800918698310852,0.17337636649608612,0.5706741809844971,0.1039755642414093,0.6034132242202759,0.3532367944717407,0.170906201004982,-0.217593714594841,0.3994719088077545,0.3994719088077545,0.3323601484298706,1.990195870399475,0.8342137932777405,0.0,0.06711176037788391,0.06711176037788391,0.05198778212070465,0.05198778212070465,0.06907176971435547,-1.9907057285308838,-0.5655308961868286,0.0,-0.017083987593650818,-0.017083987593650818,0.30170661211013794,0.30170661211013794,0.17311610281467438,0.7550013065338135,-0.10060229152441025,0.0,0.12859050929546356,0.12859050929546356,0.2472657561302185,0.2472657561302185,0.25315678119659424,-0.08978254348039627,-1.1478843688964844,0.0,-0.005891025066375732,-0.005891025066375732,0.085453100502491,0.085453100502491,0.10778418183326721,0.30388548970222473,0.4824821949005127,0.0,-0.022331081330776215,-0.022331081330776215,-0.1087968572974205,-0.1087968572974205,-0.021361758932471275,-0.9413322806358337,-1.0154366493225098,0.0,-0.08743509836494923,-0.08743509836494923
911,30.366666666666667,14,0,0,,4,uneven rough,5,0.0,50.1029052734375,32.88627624511719,0.2410161793231964,1.4207981824874878,-0.2660689055919647,1.4207981824874878,-0.2660689055919647,2.5810723304748535,6.431395530700684,0.5,0.4981192946434021,0.09536832571029663,0.7103990912437439,-0.13303445279598236,0.4684869945049286,0.39504796266555786,-0.09547906368970871,0.0779019370675087,0.3486972451210022,-0.5781944990158081,0.3279408812522888,0.3279408812522888,0.31050655245780945,1.8993703126907349,1.084165334701538,0.0,0.01743432879447937,0.01743432879447937,0.19752398133277893,0.19752398133277893,0.20979051291942596,0.41824689507484436,-0.27759963274002075,0.0,-0.012266531586647034,-0.012266531586647034,-0.047739531844854355,-0.047739531844854355,0.0009630894637666643,-0.1605651080608368,0.20541860163211823,0.0,-0.04870262130862102,-0.04870262130862102,0.05453135445713997,0.05453135445713997,0.12530657649040222,-1.9526302814483643,-1.0086933374404907,0.0,-0.07077522203326225,-0.07077522203326225,0.1743486225605011,0.1743486225605011,-0.018532047048211098,0.6336870193481445,-0.2036067545413971,0.0,0.1928806696087122,0.1928806696087122,-0.28909724950790405,-0.28909724950790405,-0.19544416666030884,-1.6904981136322021,-0.32985955476760864,0.0,-0.09365308284759521,-0.09365308284759521
911,30.366666666666667,24,0,0,,4,uneven rough,11,0.0,97.84974670410156,34.34983825683594,0.4340134263038635,1.5316946506500244,0.21939925849437714,1.5316946506500244,0.21939925849437714,8.001505851745605,2.041130781173706,0.23417362570762634,0.14719009399414062,0.15484760701656342,0.7658473253250122,0.10969962924718857,0.09835221618413925,0.5687648057937622,0.050237465649843216,0.39796677231788635,0.29859670996665955,0.1203727051615715,0.06884655356407166,0.06884655356407166,0.06484972685575485,0.6212460994720459,0.29168906807899475,0.0,0.003996826708316803,0.003996826708316803,0.2843824028968811,0.2843824028968811,0.22619746625423431,1.8230100870132446,-0.6251296997070312,0.0,0.05818493664264679,0.05818493664264679,0.025118732824921608,0.025118732824921608,0.0558382123708725,-1.2289390563964844,0.7810903787612915,0.0,-0.03071947954595089,-0.03071947954595089,0.27857673168182373,0.27857673168182373,-0.045456960797309875,1.53720223903656,0.6914302110671997,0.0,0.3240336924791336,0.3240336924791336,0.14929835498332977,0.14929835498332977,0.1850995272397995,-0.7045888900756836,0.03563364967703819,0.0,-0.03580117225646973,-0.03580117225646973,0.06018635258078575,0.06018635258078575,-0.0771205872297287,0.7082064151763916,0.16116981208324432,0.0,0.13730693981051445,0.13730693981051445
912,30.4,4,0,0,,4,uneven rough,5,0.0,49.683563232421875,30.84021759033203,0.21985989809036255,1.0081214904785156,0.42932620644569397,1.0081214904785156,0.42932620644569397,1.2103108167648315,1.369443655014038,0.3333333432674408,0.26414012908935547,0.16293872892856598,0.5040607452392578,0.21466310322284698,0.3565290868282318,0.38048917055130005,0.547299861907959,0.31233054399490356,0.27124708890914917,0.09492750465869904,0.2495703548192978,0.2495703548192978,0.3177180588245392,-1.896836280822754,1.487808108329773,0.0,-0.0681477040052414,-0.0681477040052414,0.19024458527565002,0.19024458527565002,0.11788025498390198,1.9663281440734863,-1.37132728099823,0.0,0.07236433029174805,0.07236433029174805,0.2736499309539795,0.2736499309539795,0.23606416583061218,1.6292451620101929,0.38315752148628235,0.0,0.03758576512336731,0.03758576512336731,0.21863137185573578,0.21863137185573578,0.26361900568008423,-0.021532082930207253,-0.5496317148208618,0.0,-0.04498763382434845,-0.04498763382434845,0.13562354445457458,0.13562354445457458,0.17030595242977142,0.7149292826652527,0.38150328397750854,0.0,-0.03468240797519684,-0.03468240797519684,0.04746375232934952,0.04746375232934952,0.028549501672387123,0.10744760930538177,-0.9735379219055176,0.0,0.018914250656962395,0.018914250656962395
912,30.4,14,0,0,,4,uneven rough,5,0.0,50.1306037902832,32.85292053222656,0.23530489206314087,1.0297048091888428,-0.14706872403621674,1.0297048091888428,-0.14706872403621674,1.785386085510254,3.5495963096618652,0.3333333432674408,0.42807909846305847,0.10266532003879547,0.5148524045944214,-0.07353436201810837,0.6704250574111938,0.10583867877721786,0.4272611141204834,0.15924206376075745,0.1459607034921646,-0.5011800527572632,0.46929752826690674,0.46929752826690674,0.3751777112483978,1.4729750156402588,1.5450836420059204,0.0,0.09411981701850891,0.09411981701850891,0.05291933938860893,0.05291933938860893,0.16296932101249695,-1.4541200399398804,0.11583324521780014,0.0,-0.11004998162388802,-0.11004998162388802,0.2136305570602417,0.2136305570602417,0.06711427867412567,2.0069353580474854,-0.0015092444373294711,0.0,0.14651627838611603,0.14651627838611603,0.11146944016218185,0.11146944016218185,0.0888499990105629,0.09374816715717316,-1.5423970222473145,0.0,0.022619441151618958,0.022619441151618958,0.0729803517460823,0.0729803517460823,0.026824388653039932,1.62867271900177,0.2698006331920624,0.0,0.046155963093042374,0.046155963093042374,-0.2505900263786316,-0.2505900263786316,-0.20892959833145142,1.225683331489563,-1.099166989326477,0.0,-0.041660428047180176,-0.041660428047180176
912,30.4,24,0,0,,4,uneven rough,11,0.0,97.88982391357422,34.34593200683594,0.4405907392501831,1.7381350994110107,0.0775909274816513,1.7381350994110107,0.0775909274816513,8.649295806884766,2.4128284454345703,0.3333333432674408,0.22301709651947021,0.2306075543165207,0.8690675497055054,0.03879546374082565,-0.43051689863204956,0.4843241274356842,0.0247214213013649,0.24637055397033691,0.49149730801582336,0.24495773017406464,-0.3013618290424347,-0.3013618290424347,0.007550580892711878,-1.7549327611923218,0.47802120447158813,0.0,-0.30891240993514657,-0.30891240993514657,0.2421620637178421,0.2421620637178421,0.2753594219684601,0.5461025834083557,0.7590529322624207,0.0,-0.03319735825061798,-0.03319735825061798,0.01236071065068245,0.01236071065068245,0.00461153918877244,-1.9321966171264648,-0.35538384318351746,0.0,0.007749171461910009,0.007749171461910009,0.17245937883853912,0.17245937883853912,0.01736605353653431,1.3639029264450073,1.1696312427520752,0.0,0.15509332530200481,0.15509332530200481,0.24574865400791168,0.24574865400791168,0.2079460173845291,0.25175395607948303,-0.3828895092010498,0.0,0.03780263662338257,0.03780263662338257,0.12247886508703232,0.12247886508703232,-0.028000205755233765,0.8309346437454224,0.4704652726650238,0.0,0.15047907084226608,0.15047907084226608
913,30.433333333333334,4,0,0,,4,uneven rough,5,0.0,49.70789337158203,30.8137264251709,0.21813496947288513,1.4228014945983887,1.1498768329620361,1.4228014945983887,1.1498768329620361,4.581993103027344,3.6586997509002686,0.3333333432674408,0.31327593326568604,0.12928853929042816,0.7114007472991943,0.5749384164810181,0.8438857793807983,0.09848418086767197,-0.2290567010641098,0.19373391568660736,0.0831998661160469,-0.07255847752094269,0.5907200574874878,0.5907200574874878,0.367490291595459,1.993272304534912,-0.42587587237358093,0.0,0.2232297658920288,0.2232297658920288,0.04924209043383598,0.04924209043383598,0.06784687936306,-0.7634742856025696,0.5157890915870667,0.0,-0.018604788929224014,-0.018604788929224014,-0.1145283505320549,-0.1145283505320549,0.1687108725309372,-1.9155282974243164,1.0876977443695068,0.0,-0.2832392230629921,-0.2832392230629921,0.13561373949050903,0.13561373949050903,0.19982567429542542,-1.312649130821228,-0.2510432302951813,0.0,-0.06421193480491638,-0.06421193480491638,0.04159993305802345,0.04159993305802345,0.10028088837862015,-1.9029603004455566,0.5700229406356812,0.0,-0.058680955320596695,-0.058680955320596695,-0.036279238760471344,-0.036279238760471344,-0.002928779926151037,-0.7047939300537109,-0.3623467683792114,0.0,-0.03335045883432031,-0.03335045883432031
913,30.433333333333334,14,0,0,,4,uneven rough,5,0.0,50.156394958496094,32.81035232543945,0.2334814965724945,1.1613308191299438,0.5819212198257446,1.1613308191299438,0.5819212198257446,5.57080078125,2.016409397125244,0.3333333432674408,0.3069168031215668,0.02679297886788845,0.5806654095649719,0.2909606099128723,0.707411527633667,0.47145381569862366,0.4819523096084595,0.5086330771446228,0.4387447237968445,0.06719634681940079,0.49518805742263794,0.49518805742263794,0.43559321761131287,1.993054986000061,1.504313349723816,0.0,0.05959483981132507,0.05959483981132507,0.23572690784931183,0.23572690784931183,0.2153574824333191,1.9517028331756592,-0.771821141242981,0.0,0.020369425415992737,0.020369425415992737,0.24097615480422974,0.24097615480422974,0.12827031314373016,1.0969228744506836,1.1340689659118652,0.0,0.11270584166049957,0.11270584166049957,0.35604315996170044,0.35604315996170044,0.14295686781406403,1.5150202512741089,-0.6173175573348999,0.0,0.2130862921476364,0.2130862921476364,0.21937236189842224,0.21937236189842224,0.0997813493013382,1.2887934446334839,1.038109302520752,0.0,0.11959101259708405,0.11959101259708405,0.033598173409700394,0.033598173409700394,-0.1485765427350998,1.460317611694336,0.2153075486421585,0.0,0.1821747161448002,0.1821747161448002
913,30.433333333333334,24,0,0,,4,uneven rough,11,0.0,97.92930603027344,34.347721099853516,0.4365594983100891,1.7816871404647827,-0.20724891126155853,1.7816871404647827,-0.20724891126155853,9.362634658813477,4.319900035858154,0.3333333432674408,0.05681876465678215,0.16511529684066772,0.8908435702323914,-0.10362445563077927,0.0883372575044632,0.12548470497131348,0.02917362004518509,-0.09183986485004425,0.4625271260738373,0.012017759494483471,0.06183607876300812,0.06183607876300812,0.06245138496160507,1.8034149408340454,-0.7844949960708618,0.0,-0.0006153061985969543,-0.0006153061985969543,0.06274235248565674,0.06274235248565674,0.23151326179504395,-0.7706747651100159,0.6386504173278809,0.0,-0.1687709093093872,-0.1687709093093872,0.014586810022592545,0.014586810022592545,-0.006595412734895945,-0.05415303260087967,-1.246916651725769,0.0,0.02118222275748849,0.02118222275748849,-0.06428790092468262,-0.06428790092468262,-0.04496322199702263,-1.9903359413146973,1.279472827911377,0.0,-0.01932467892765999,-0.01932467892765999,0.23126356303691864,0.23126356303691864,0.19745232164859772,1.0603200197219849,-0.024060962721705437,0.0,0.03381124138832092,0.03381124138832092,0.0060088797472417355,0.0060088797472417355,-0.00013315309479366988,-0.4455682039260864,0.674275279045105,0.0,0.006142032842035405,0.006142032842035405
914,30.466666666666665,4,0,0,,4,uneven rough,5,0.0,49.726280212402344,30.784114837646484,0.2337624430656433,1.6206140518188477,-0.4245222210884094,1.6206140518188477,-0.4245222210884094,2.309739589691162,3.9144656658172607,0.6666666865348816,0.34870752692222595,0.042051009833812714,0.8103070259094238,-0.2122611105442047,-0.07351795583963394,0.4097127318382263,0.7030845284461975,0.3993145525455475,-0.09903702884912491,-0.051263477653265,-0.0514625683426857,-0.0514625683426857,0.31216439604759216,-1.7789255380630493,0.9419148564338684,0.0,-0.36362696439027786,-0.36362696439027786,0.20485636591911316,0.20485636591911316,0.1352168619632721,1.7454484701156616,-0.20750871300697327,0.0,0.06963950395584106,0.06963950395584106,0.35154226422309875,0.35154226422309875,0.19845344126224518,1.0291390419006348,-0.610331654548645,0.0,0.15308882296085358,0.15308882296085358,0.279520183801651,0.279520183801651,0.2627004384994507,1.5355439186096191,-0.8512771129608154,0.0,0.016819745302200317,0.016819745302200317,-0.15845924615859985,-0.15845924615859985,0.08486291021108627,-0.8523167371749878,-0.8282061815261841,0.0,-0.24332215636968613,-0.24332215636968613,-0.0256317388266325,-0.0256317388266325,0.012858234345912933,1.5904065370559692,-0.5559670329093933,0.0,-0.03848997317254543,-0.03848997317254543
914,30.466666666666665,14,0,0,,4,uneven rough,5,0.0,50.18524169921875,32.77678298950195,0.2320076823234558,1.6194565296173096,0.06307544559240341,1.6194565296173096,0.06307544559240341,2.259321689605713,2.812558650970459,0.5,0.026096900925040245,0.13726365566253662,0.8097282648086548,0.031537722796201706,0.02426305040717125,0.2637830078601837,0.5533744692802429,0.6534287929534912,0.5617973804473877,0.23336605727672577,0.016984134912490845,0.016984134912490845,0.41068968176841736,-1.623231291770935,1.7806487083435059,0.0,-0.3937055468559265,-0.3937055468559265,0.13189150393009186,0.13189150393009186,0.21427175402641296,-1.8251216411590576,0.7680642008781433,0.0,-0.0823802500963211,-0.0823802500963211,0.27668723464012146,0.27668723464012146,0.14308883249759674,0.39592263102531433,1.113066554069519,0.0,0.13359840214252472,0.13359840214252472,0.4574001431465149,0.4574001431465149,0.211870476603508,1.9597235918045044,0.5883100628852844,0.0,0.2455296665430069,0.2455296665430069,0.28089869022369385,0.28089869022369385,0.13130588829517365,0.4079013764858246,1.1798465251922607,0.0,0.1495928019285202,0.1495928019285202,0.11668302863836288,0.11668302863836288,-0.08363507688045502,1.9696766138076782,0.9192384481430054,0.0,0.2003181055188179,0.2003181055188179
914,30.466666666666665,24,0,0,,4,uneven rough,11,0.0,97.96953582763672,34.34230422973633,0.42894041538238525,1.6017215251922607,0.29101163148880005,1.6017215251922607,0.29101163148880005,8.371392250061035,3.569798469543457,0.3333333432674408,-0.11561983823776245,0.1486351490020752,0.8008607625961304,0.14550581574440002,0.5146743059158325,0.16897305846214294,0.3289296329021454,0.27265864610671997,0.28922343254089355,-0.18708349764347076,0.36027202010154724,0.36027202010154724,0.12967926263809204,1.9938536882400513,0.6787139177322388,0.0,0.2305927574634552,0.2305927574634552,0.08448652923107147,0.08448652923107147,0.16497676074504852,-1.9714218378067017,-0.15818455815315247,0.0,-0.08049023151397705,-0.08049023151397705,0.1644648164510727,0.1644648164510727,0.04810028523206711,-1.4581243991851807,-0.5725259780883789,0.0,0.11636453121900558,0.11636453121900558,0.1908610463142395,0.1908610463142395,-0.027532508596777916,1.5468928813934326,-0.5692828893661499,0.0,0.21839355491101742,0.21839355491101742,0.14461171627044678,0.14461171627044678,0.15024615824222565,-0.9938530921936035,0.5890499949455261,0.0,-0.00563444197177887,-0.00563444197177887,-0.09354174882173538,-0.09354174882173538,-0.05063668638467789,-1.8747212886810303,0.041113752871751785,0.0,-0.042905062437057495,-0.042905062437057495
915,30.5,4,0,0,,4,uneven rough,5,0.0,49.755699157714844,30.762178421020508,0.23839661478996277,1.1593284606933594,0.11486698687076569,1.1593284606933594,0.11486698687076569,4.99412727355957,1.5880317687988281,0.5,-0.07143227756023407,0.012916630133986473,0.5796642303466797,0.05743349343538284,0.2270488291978836,0.41774260997772217,0.26308220624923706,0.3048543334007263,0.409437894821167,-0.27024367451667786,0.15893417596817017,0.15893417596817017,0.2477482259273529,-1.9876433610916138,-0.5964531898498535,0.0,-0.08881404995918274,-0.08881404995918274,0.20887130498886108,0.20887130498886108,0.20025843381881714,1.6825753450393677,0.8966968059539795,0.0,0.008612871170043945,0.008612871170043945,0.13154110312461853,0.13154110312461853,0.13876286149024963,-1.8013708591461182,0.31662800908088684,0.0,-0.0072217583656311035,-0.0072217583656311035,0.2133980244398117,0.2133980244398117,0.25355833768844604,-1.528518557548523,0.4982357919216156,0.0,-0.04016031324863434,-0.04016031324863434,0.2047189474105835,0.2047189474105835,0.13253073394298553,1.9373114109039307,-0.8418383598327637,0.0,0.07218821346759796,0.07218821346759796,-0.13512183725833893,-0.13512183725833893,-0.03796803206205368,-1.8509575128555298,0.6575964093208313,0.0,-0.09715380519628525,-0.09715380519628525
915,30.5,14,0,0,,4,uneven rough,5,0.0,50.21521759033203,32.74639129638672,0.22747080028057098,1.5195058584213257,0.4433215260505676,1.5195058584213257,0.4433215260505676,4.697429180145264,3.4008755683898926,0.3333333432674408,-0.2965117394924164,0.08901563286781311,0.7597529292106628,0.2216607630252838,0.15799705684185028,0.22418241202831268,0.5487815141677856,0.6487308740615845,0.2975151240825653,0.3544025123119354,0.11059793829917908,0.11059793829917908,0.3487100303173065,-1.996412754058838,-0.14391116797924042,0.0,-0.23811209201812744,-0.23811209201812744,0.11209120601415634,0.11209120601415634,0.1519290655851364,-1.9983329772949219,-0.6981276869773865,0.0,-0.03983785957098007,-0.03983785957098007,0.2743907570838928,0.2743907570838928,0.18954528868198395,1.999999761581421,0.7075920701026917,0.0,0.08484546840190887,0.08484546840190887,0.45411160588264465,0.45411160588264465,0.27491989731788635,2.0000007152557373,1.3637096881866455,0.0,0.1791917085647583,0.1791917085647583,0.14875756204128265,0.14875756204128265,0.15164563059806824,0.4525175392627716,0.7433874011039734,0.0,-0.0028880685567855835,-0.0028880685567855835,0.1772012561559677,0.1772012561559677,-0.017317065969109535,1.9855213165283203,1.5131580829620361,0.0,0.19451832212507725,0.19451832212507725
915,30.5,24,0,0,,4,uneven rough,11,0.0,98.01673889160156,34.33715057373047,0.42283910512924194,1.8542933464050293,1.0028778314590454,1.8542933464050293,1.0028778314590454,7.390653133392334,4.446773529052734,0.3333333432674408,-0.16537421941757202,0.2985520362854004,0.9271466732025146,0.5014389157295227,-0.5706160068511963,0.3142947256565094,0.567132830619812,0.5950181484222412,0.6797152757644653,0.3590075373649597,-0.3994311988353729,-0.3994311988353729,0.12135833501815796,-0.8987218737602234,1.4222962856292725,0.0,-0.5207895338535309,-0.5207895338535309,0.1571473628282547,0.1571473628282547,0.16829654574394226,-0.13263118267059326,-1.1833921670913696,0.0,-0.011149182915687561,-0.011149182915687561,0.283566415309906,0.283566415309906,0.07325074821710587,0.7236772775650024,-1.0732449293136597,0.0,0.21031566709280014,0.21031566709280014,0.41651269793510437,0.41651269793510437,0.02348189242184162,1.2527990341186523,0.6272066831588745,0.0,0.39303080551326275,0.39303080551326275,0.33985763788223267,0.33985763788223267,0.21109263598918915,1.6747775077819824,-0.30592623353004456,0.0,0.12876500189304352,0.12876500189304352,0.17950376868247986,0.17950376868247986,-0.020469266921281815,0.6099979877471924,-1.0421028137207031,0.0,0.19997303560376167,0.19997303560376167
916,30.53333333333333,4,0,0,,4,uneven rough,5,0.0,49.77943801879883,30.739704132080078,0.23130463063716888,1.401378870010376,0.2593476474285126,1.401378870010376,0.2593476474285126,4.855426788330078,1.7083466053009033,0.12156720459461212,0.15043696761131287,0.24830299615859985,0.700689435005188,0.1296738237142563,0.8946732878684998,-0.11751782149076462,0.27557721734046936,0.10885149985551834,0.23445267975330353,-0.519347608089447,0.6262713074684143,0.6262713074684143,0.28227493166923523,1.7410259246826172,-1.383034586906433,0.0,0.3439963757991791,0.3439963757991791,-0.1880285143852234,-0.1880285143852234,0.14300338923931122,-1.5580490827560425,1.341033935546875,0.0,-0.3310319036245346,-0.3310319036245346,0.13778860867023468,0.13778860867023468,0.10965054482221603,0.530032753944397,-0.8808923363685608,0.0,0.028138063848018646,0.028138063848018646,0.07619605213403702,0.07619605213403702,0.18285971879959106,-2.0003786087036133,-0.6476947665214539,0.0,-0.10666366666555405,-0.10666366666555405,0.11722633987665176,0.11722633987665176,0.11872068047523499,0.1369849592447281,0.7294979095458984,0.0,-0.0014943405985832214,-0.0014943405985832214,-0.2596738040447235,-0.2596738040447235,-0.0652901902794838,0.3396354913711548,-0.7607444524765015,0.0,-0.19438361376523972,-0.19438361376523972
916,30.53333333333333,14,0,0,,4,uneven rough,5,0.0,50.24583053588867,32.71795654296875,0.21997159719467163,1.250230073928833,0.6599782109260559,1.250230073928833,0.6599782109260559,6.41159200668335,0.0,0.0,-0.3065859377384186,0.10329817980527878,0.6251150369644165,0.32998910546302795,0.3374702036380768,0.15559281408786774,0.35157495737075806,0.6241569519042969,-0.017480120062828064,0.17215625941753387,0.23622913658618927,0.23622913658618927,0.2819039225578308,-1.9626414775848389,-1.1913188695907593,0.0,-0.04567478597164154,-0.04567478597164154,0.07779640704393387,0.07779640704393387,0.08500664681196213,-1.940889835357666,-1.433266043663025,0.0,-0.007210239768028259,-0.007210239768028259,0.17578747868537903,0.17578747868537903,0.1848207712173462,-0.08232828974723816,1.4383217096328735,0.0,-0.009033292531967163,-0.009033292531967163,0.43690985441207886,0.43690985441207886,0.3412953317165375,1.9297678470611572,1.7234697341918945,0.0,0.09561452269554138,0.09561452269554138,-0.027968192473053932,-0.027968192473053932,0.09225272387266159,-1.3157731294631958,0.57892906665802,0.0,-0.12022091634571552,-0.12022091634571552,0.08607812970876694,0.08607812970876694,0.03195648267865181,-0.46268418431282043,1.7802331447601318,0.0,0.05412164703011513,0.05412164703011513
916,30.53333333333333,24,0,0,,4,uneven rough,11,0.0,98.06414031982422,34.34141159057617,0.4210169017314911,1.8510493040084839,0.37882402539253235,1.8510493040084839,0.37882402539253235,9.056549072265625,9.163578033447266,0.5,-0.47382408380508423,0.1605444848537445,0.9255246520042419,0.18941201269626617,-0.13733287155628204,0.19832853972911835,0.08308932930231094,0.3679743707180023,0.4913402795791626,0.37723806500434875,-0.09613300859928131,-0.09613300859928131,0.06359614431858063,-1.7540736198425293,0.10998844355344772,0.0,-0.15972915291786194,-0.15972915291786194,0.09916426986455917,0.09916426986455917,0.11784450709819794,-0.7992748022079468,-0.5892900228500366,0.0,-0.018680237233638763,-0.018680237233638763,0.04154466465115547,0.04154466465115547,0.03954740986227989,-1.262675166130066,-0.05726190656423569,0.0,0.00199725478887558,0.00199725478887558,0.25758206844329834,0.25758206844329834,0.07679003477096558,1.5836713314056396,0.9809176921844482,0.0,0.18079203367233276,0.18079203367233276,0.2456701397895813,0.2456701397895813,0.23150400817394257,0.4807099997997284,0.813967227935791,0.0,0.014166131615638733,0.014166131615638733,0.18861903250217438,0.18861903250217438,-0.00902685709297657,-0.13940933346748352,-0.10800207406282425,0.0,0.19764588959515095,0.19764588959515095
917,30.566666666666666,4,0,0,,4,uneven rough,5,0.0,49.79716491699219,30.713016510009766,0.23035438358783722,1.3440308570861816,-0.7592834234237671,1.3440308570861816,-0.7592834234237671,2.6716737747192383,4.246026515960693,0.5,0.16757425665855408,0.04031004756689072,0.6720154285430908,-0.37964171171188354,0.7514220476150513,0.19899001717567444,0.48481255769729614,0.1663883477449417,0.2656685709953308,-0.29660099744796753,0.5259954333305359,0.5259954333305359,0.34659481048583984,1.9344100952148438,0.383314847946167,0.0,0.17940062284469604,0.17940062284469604,0.09949500858783722,0.09949500858783722,0.11357130110263824,-0.5269166231155396,-0.29811280965805054,0.0,-0.014076292514801025,-0.014076292514801025,0.24240627884864807,0.24240627884864807,0.1277778446674347,0.05923117324709892,-0.08315275609493256,0.0,0.11462843418121338,0.11462843418121338,0.11647184193134308,0.11647184193134308,0.12428431212902069,-1.3481255769729614,-1.4125046730041504,0.0,-0.007812470197677612,-0.007812470197677612,0.1328342854976654,0.1328342854976654,0.13692475855350494,0.16790547966957092,0.39449000358581543,0.0,-0.004090473055839539,-0.004090473055839539,-0.14830049872398376,-0.14830049872398376,-0.060631733387708664,-0.5841286778450012,-0.13858765363693237,0.0,-0.0876687653362751,-0.0876687653362751
917,30.566666666666666,14,0,0,,4,uneven rough,5,0.0,50.275291442871094,32.68566131591797,0.2155287265777588,1.1198103427886963,0.32211023569107056,1.1198103427886963,0.32211023569107056,7.193962097167969,1.5360136032104492,0.1666666716337204,-0.2574397921562195,0.18109291791915894,0.5599051713943481,0.16105511784553528,0.40412065386772156,-0.11579065769910812,0.444840669631958,0.5226495862007141,-0.2196016013622284,0.17262829840183258,0.2828844487667084,0.2828844487667084,0.27194908261299133,0.3984754979610443,-1.627426028251648,0.0,0.010935366153717041,0.010935366153717041,-0.18526504933834076,-0.18526504933834076,0.024714680388569832,-1.830533742904663,-1.7202774286270142,0.0,-0.2099797297269106,-0.2099797297269106,0.222420334815979,0.222420334815979,0.20623202621936798,0.4940589368343353,0.578543484210968,0.0,0.016188308596611023,0.016188308596611023,0.3658547103404999,0.3658547103404999,0.35798895359039307,0.157848060131073,1.8401111364364624,0.0,0.007865756750106812,0.007865756750106812,-0.35136255621910095,-0.35136255621910095,0.03727607801556587,-1.7823563814163208,-0.4923389256000519,0.0,-0.3886386342346668,-0.3886386342346668,0.08631414920091629,0.08631414920091629,0.042025789618492126,-0.2550660967826843,0.5120836496353149,0.0,0.044288359582424164,0.044288359582424164
917,30.566666666666666,24,0,0,,4,uneven rough,11,0.0,98.11174011230469,34.33998489379883,0.4291965961456299,1.6845744848251343,-0.05865808203816414,1.6845744848251343,-0.05865808203816414,9.26423454284668,4.4930009841918945,0.3333333432674408,-0.6338383555412292,0.08180667459964752,0.8422872424125671,-0.02932904101908207,0.15554122626781464,0.11866367608308792,0.16497719287872314,0.19772310554981232,0.3844078779220581,0.18704509735107422,0.10887885838747025,0.10887885838747025,0.08014755696058273,1.794945478439331,-0.9439556002616882,0.0,0.028731301426887512,0.028731301426887512,0.05933183804154396,0.05933183804154396,0.07081299275159836,-0.3739441931247711,-0.7080157995223999,0.0,-0.011481154710054398,-0.011481154710054398,0.08248859643936157,0.08248859643936157,0.06549344956874847,-0.7233562469482422,-0.7388046979904175,0.0,0.016995146870613098,0.016995146870613098,0.1384061723947525,0.1384061723947525,0.09520404785871506,0.6038435101509094,1.3217157125473022,0.0,0.043202124536037445,0.043202124536037445,0.19220393896102905,0.19220393896102905,0.18026326596736908,-0.6702369451522827,0.6255429983139038,0.0,0.011940672993659973,0.011940672993659973,0.09352254867553711,0.09352254867553711,0.019538819789886475,0.16782015562057495,-0.1257597953081131,0.0,0.07398372888565063,0.07398372888565063
918,30.599999999999998,4,0,0,,4,uneven rough,5,0.0,49.812435150146484,30.688779830932617,0.23148313164710999,0.13219083845615387,-0.4947901666164398,0.13219083845615387,-0.4947901666164398,2.560981273651123,2.5184342861175537,0.3333333432674408,0.02286984585225582,0.048539064824581146,0.06609541922807693,-0.2473950833082199,0.4355142414569855,0.08137454092502594,0.7908116579055786,0.34544599056243896,0.46050432324409485,-0.020912304520606995,0.3048599660396576,0.3048599660396576,0.307015985250473,-1.4308048486709595,1.2603068351745605,0.0,-0.0021560192108154297,-0.0021560192108154297,0.04068727046251297,0.04068727046251297,0.10696113854646683,-1.2714656591415405,-0.4274789094924927,0.0,-0.06627386808395386,-0.06627386808395386,0.3954058289527893,0.3954058289527893,0.15815332531929016,1.1274422407150269,-0.002648627618327737,0.0,0.23725250363349915,0.23725250363349915,0.24181218445301056,0.24181218445301056,0.1805042177438736,1.996846079826355,-1.3761045932769775,0.0,0.06130796670913696,0.06130796670913696,0.23025216162204742,0.23025216162204742,0.1742124706506729,0.5657728314399719,0.2663787007331848,0.0,0.05603969097137451,0.05603969097137451,-0.010456152260303497,-0.010456152260303497,-0.023901285603642464,1.5472437143325806,-0.3904973566532135,0.0,0.013445133343338966,0.013445133343338966
918,30.599999999999998,14,0,0,,4,uneven rough,5,0.0,50.31792449951172,32.66211700439453,0.21032419800758362,1.2383193969726562,0.6830644607543945,1.2383193969726562,0.6830644607543945,5.061580181121826,2.422290086746216,0.5,-0.33198413252830505,0.10043614357709885,0.6191596984863281,0.34153223037719727,0.0278957299888134,0.1066170260310173,0.43144962191581726,0.4260284900665283,0.26549553871154785,-0.1017615795135498,0.01952701061964035,0.01952701061964035,0.22728465497493744,-1.498248815536499,-0.4819777011871338,0.0,-0.2077576443552971,-0.2077576443552971,0.05330851301550865,0.05330851301550865,0.06052468717098236,0.04762251302599907,-1.7826164960861206,0.0,-0.007216174155473709,-0.007216174155473709,0.21572481095790863,0.21572481095790863,0.20185914635658264,-0.34049034118652344,0.530775785446167,0.0,0.013865664601325989,0.013865664601325989,0.2982199490070343,0.2982199490070343,0.345652312040329,-1.388374924659729,0.888956606388092,0.0,-0.04743236303329468,-0.04743236303329468,0.13274776935577393,0.13274776935577393,0.10018227249383926,1.9855804443359375,-1.221717119216919,0.0,0.03256549686193466,0.03256549686193466,-0.0508807897567749,-0.0508807897567749,-0.013778455555438995,-1.599098563194275,0.07833579927682877,0.0,-0.03710233420133591,-0.03710233420133591
918,30.599999999999998,24,0,0,,4,uneven rough,11,0.0,98.16466522216797,34.3410530090332,0.43912234902381897,1.6926733255386353,0.4875040054321289,1.6926733255386353,0.4875040054321289,8.481417655944824,3.3836116790771484,0.5,-0.5901302099227905,0.16282574832439423,0.8463366627693176,0.24375200271606445,-0.5719445943832397,0.4810222387313843,0.2876512110233307,0.2855759561061859,0.4941462576389313,-0.13458351790905,-0.40036121010780334,-0.40036121010780334,0.03960471227765083,-1.719106912612915,0.6046239733695984,0.0,-0.4399659223854542,-0.4399659223854542,0.24051111936569214,0.24051111936569214,0.13707540929317474,1.9525372982025146,-0.5191311240196228,0.0,0.1034357100725174,0.1034357100725174,0.14382560551166534,0.14382560551166534,0.09007351845502853,0.9543396234512329,-0.7300701141357422,0.0,0.05375208705663681,0.05375208705663681,0.19990316033363342,0.19990316033363342,0.16507385671138763,1.9353452920913696,0.9158294796943665,0.0,0.03482930362224579,0.03482930362224579,0.24707312881946564,0.24707312881946564,0.23859572410583496,1.1277916431427002,-0.10709331929683685,0.0,0.008477404713630676,0.008477404713630676,-0.067291758954525,-0.067291758954525,-0.03875143080949783,-1.8332667350769043,0.04023083671927452,0.0,-0.02854032814502716,-0.02854032814502716
919,30.633333333333333,4,0,0,,4,uneven rough,5,0.0,49.823177337646484,30.663042068481445,0.23489528894424438,1.0950850248336792,-0.2050410807132721,1.0950850248336792,-0.2050410807132721,4.499264240264893,4.228456974029541,0.3265998959541321,-0.010496815666556358,0.05570128560066223,0.5475425124168396,-0.10252054035663605,0.46160945296287537,0.12579254806041718,0.672467827796936,0.6114345788955688,0.2443411648273468,0.06011798605322838,0.3231266140937805,0.3231266140937805,0.29855215549468994,0.6249750852584839,-0.2612525224685669,0.0,0.024574458599090576,0.024574458599090576,0.06289627403020859,0.06289627403020859,0.0652630552649498,-0.2409190982580185,-0.9046705365180969,0.0,-0.002366781234741211,-0.002366781234741211,0.336233913898468,0.336233913898468,0.2042936086654663,0.871206521987915,0.6363067626953125,0.0,0.1319403052330017,0.1319403052330017,0.4280042052268982,0.4280042052268982,0.23685550689697266,1.6481196880340576,0.5309677720069885,0.0,0.19114869832992554,0.19114869832992554,0.1221705824136734,0.1221705824136734,0.14205531775951385,-1.0724499225616455,0.43565666675567627,0.0,-0.019884735345840454,-0.019884735345840454,0.03005899302661419,0.03005899302661419,0.03263848274946213,0.6088538765907288,0.7051049470901489,0.0,-0.0025794897228479385,-0.0025794897228479385
919,30.633333333333333,14,0,0,,4,uneven rough,5,0.0,50.35689926147461,32.638671875,0.20522692799568176,1.307054042816162,0.43336981534957886,1.307054042816162,0.43336981534957886,3.8575968742370605,1.1831226348876953,0.3333333432674408,-0.21590816974639893,0.16648876667022705,0.653527021408081,0.21668490767478943,0.8590730428695679,-0.20078331232070923,-0.05595739185810089,0.13071194291114807,0.11733149737119675,-0.24600553512573242,0.6013511419296265,0.6013511419296265,0.2725035548210144,1.9532698392868042,-1.0565792322158813,0.0,0.32884758710861206,0.32884758710861206,-0.32125329971313477,-0.32125329971313477,0.009213815443217754,0.050224240869283676,-0.7477960586547852,0.0,-0.3304671151563525,-0.3304671151563525,-0.027978695929050446,-0.027978695929050446,0.1487841159105301,-1.755129337310791,0.038160357624292374,0.0,-0.17676281183958054,-0.17676281183958054,0.09149836003780365,0.09149836003780365,0.2774493098258972,-1.8251479864120483,-0.39865073561668396,0.0,-0.18595094978809357,-0.18595094978809357,0.05866574868559837,0.05866574868559837,0.05376250669360161,-0.8163650035858154,0.5916946530342102,0.0,0.004903241991996765,0.004903241991996765,-0.12300276756286621,-0.12300276756286621,-0.05481186881661415,-1.3990105390548706,-0.8700885772705078,0.0,-0.06819089874625206,-0.06819089874625206
919,30.633333333333333,24,0,0,,4,uneven rough,11,0.0,98.21276092529297,34.3455924987793,0.45438167452812195,1.6827648878097534,0.49278369545936584,1.6827648878097534,0.49278369545936584,8.696308135986328,2.417328357696533,0.3333333432674408,-0.4952986240386963,0.07157354056835175,0.8413824439048767,0.24639184772968292,0.1027364581823349,0.4295986294746399,-0.42373836040496826,0.1180785521864891,0.14655673503875732,0.16587963700294495,0.07191552221775055,0.07191552221775055,0.06490223854780197,0.787982165813446,-0.7092176079750061,0.0,0.007013283669948578,0.007013283669948578,0.21479931473731995,0.21479931473731995,0.1804697960615158,1.8458383083343506,0.8783546090126038,0.0,0.03432951867580414,0.03432951867580414,-0.21186918020248413,-0.21186918020248413,0.035711951553821564,-2.00000262260437,0.22229816019535065,0.0,-0.2475811317563057,-0.2475811317563057,0.08265498280525208,0.08265498280525208,0.10981863737106323,-1.9998717308044434,1.4922655820846558,0.0,-0.027163654565811157,-0.027163654565811157,0.07327836751937866,0.07327836751937866,0.19579298794269562,-1.5223488807678223,0.5911128520965576,0.0,-0.12251462042331696,-0.12251462042331696,0.08293981850147247,0.08293981850147247,0.010946618393063545,2.002488613128662,-1.0190480947494507,0.0,0.07199320010840893,0.07199320010840893
920,30.666666666666668,4,0,0,,4,uneven rough,5,0.0,49.8390007019043,30.637248992919922,0.2380153238773346,0.9074941873550415,0.248012974858284,0.9074941873550415,0.248012974858284,2.9869861602783203,0.9867310523986816,0.3333333432674408,-0.019515177235007286,0.18369245529174805,0.45374709367752075,0.124006487429142,-0.0961606577038765,0.2571386694908142,0.5352798104286194,0.4699743390083313,0.43645504117012024,0.01761798746883869,-0.06731245666742325,-0.06731245666742325,0.2446535974740982,-1.9975007772445679,0.2398221641778946,0.0,-0.31196605414152145,-0.31196605414152145,0.1285693347454071,0.1285693347454071,0.12974902987480164,1.3395434617996216,-0.5293842554092407,0.0,-0.0011796951293945312,-0.0011796951293945312,0.2676399052143097,0.2676399052143097,0.25520992279052734,1.513893961906433,0.7691195011138916,0.0,0.012429982423782349,0.012429982423782349,0.32898202538490295,0.32898202538490295,0.3055723011493683,1.9302208423614502,1.1626074314117432,0.0,0.023409724235534668,0.023409724235534668,0.21822752058506012,0.21822752058506012,0.19612126052379608,1.2100173234939575,-0.4170295000076294,0.0,0.022106260061264038,0.022106260061264038,0.008808993734419346,0.008808993734419346,0.009430594742298126,-0.9955914616584778,0.6506844162940979,0.0,-0.0006216010078787804,-0.0006216010078787804
920,30.666666666666668,14,0,0,,4,uneven rough,5,0.0,50.398868560791016,32.617252349853516,0.20946013927459717,1.2755835056304932,-0.4225409924983978,1.2755835056304932,-0.4225409924983978,2.473839282989502,1.6913776397705078,0.3333333432674408,-0.5094064474105835,0.14595741033554077,0.6377917528152466,-0.2112704962491989,0.15907113254070282,0.08292117714881897,0.3635012209415436,0.10779564827680588,-0.1507185399532318,-0.43527519702911377,0.11134979128837585,0.11134979128837585,0.25960439443588257,-1.642922043800354,0.6451948285102844,0.0,-0.1482546031475067,-0.1482546031475067,0.041460588574409485,0.041460588574409485,0.03203490749001503,0.7574945092201233,-0.29659396409988403,0.0,0.009425681084394455,0.009425681084394455,0.1817506104707718,0.1817506104707718,0.13315719366073608,0.016740281134843826,-0.9757688641548157,0.0,0.048593416810035706,0.048593416810035706,0.07545695453882217,0.07545695453882217,0.23686020076274872,-1.2173078060150146,-1.2051948308944702,0.0,-0.16140324622392654,-0.16140324622392654,-0.2411496639251709,-0.2411496639251709,0.025507694110274315,-0.49501365423202515,-0.20442481338977814,0.0,-0.2666573580354452,-0.2666573580354452,-0.21763759851455688,-0.21763759851455688,-0.0992429330945015,-1.2574958801269531,-1.1691420078277588,0.0,-0.11839466542005539,-0.11839466542005539
920,30.666666666666668,24,0,0,,4,uneven rough,11,0.0,98.25692749023438,34.36107635498047,0.46242451667785645,1.6338014602661133,-1.027809739112854,1.6338014602661133,-1.027809739112854,7.555171012878418,2.332463264465332,0.1666666716337204,-0.37289223074913025,0.19510924816131592,0.8169007301330566,-0.513904869556427,-0.3146032989025116,0.4825749695301056,0.09046945720911026,-0.4134127199649811,0.5210987329483032,-0.4028359651565552,-0.22022230923175812,-0.22022230923175812,0.015255970880389214,-1.42866849899292,0.13730181753635406,0.0,-0.23547828011214733,-0.23547828011214733,0.2412874847650528,0.2412874847650528,0.2329588085412979,0.36406928300857544,1.4253716468811035,0.0,0.008328676223754883,0.008328676223754883,0.04523472860455513,0.04523472860455513,-0.0032467672135680914,-0.27558770775794983,-1.0341947078704834,0.0,0.04848149581812322,0.04848149581812322,-0.28938889503479004,-0.28938889503479004,0.06293504685163498,-1.8454231023788452,-0.482195109128952,0.0,-0.352323941886425,-0.352323941886425,0.2605493664741516,0.2605493664741516,0.24212735891342163,1.986258625984192,-0.6038421988487244,0.0,0.01842200756072998,0.01842200756072998,-0.2014179825782776,-0.2014179825782776,-0.011388364247977734,0.41319942474365234,0.6893341541290283,0.0,-0.19002961833029985,-0.19002961833029985
921,30.7,4,0,0,,4,uneven rough,5,0.0,49.854366302490234,30.614864349365234,0.24243593215942383,0.9708190560340881,0.9307406544685364,0.9708190560340881,0.9307406544685364,6.368589401245117,4.529987335205078,0.3333333432674408,-0.2869408130645752,0.11584213376045227,0.48540952801704407,0.4653703272342682,0.7321165800094604,0.047070231288671494,-0.16907984018325806,0.3354189991950989,0.10401168465614319,0.15693777799606323,0.5124815702438354,0.5124815702438354,0.2961941659450531,1.7237306833267212,-1.025164246559143,0.0,0.21628740429878235,0.21628740429878235,0.023535115644335747,0.023535115644335747,0.06518000364303589,-1.7416106462478638,0.527310848236084,0.0,-0.04164488799870014,-0.04164488799870014,-0.08453992009162903,-0.08453992009162903,0.20147046446800232,-1.9852813482284546,1.190216302871704,0.0,-0.28601038455963135,-0.28601038455963135,0.2347932904958725,0.2347932904958725,0.2445363998413086,-1.9926320314407349,1.5966174602508545,0.0,-0.009743109345436096,-0.009743109345436096,0.052005842328071594,0.052005842328071594,0.12173356115818024,-1.9794156551361084,0.5029056668281555,0.0,-0.06972771883010864,-0.06972771883010864,0.07846888899803162,0.07846888899803162,0.00787915289402008,0.23786847293376923,-0.28012290596961975,0.0,0.07058973610401154,0.07058973610401154
921,30.7,14,0,0,,4,uneven rough,5,0.0,50.443355560302734,32.595069885253906,0.2031249701976776,1.3013923168182373,0.026028050109744072,1.3013923168182373,0.026028050109744072,3.32257342338562,1.1871521472930908,0.3333333432674408,-0.3345922827720642,0.20746931433677673,0.6506961584091187,0.013014025054872036,0.7579406499862671,-0.00014537200331687927,0.33185532689094543,-0.03234578296542168,0.18921366333961487,-0.5408389568328857,0.5305584669113159,0.5305584669113159,0.30241528153419495,1.8270909786224365,-0.6485105752944946,0.0,0.22814318537712097,0.22814318537712097,-0.00023259520821738988,-0.00023259520821738988,0.018020540475845337,-1.848986029624939,0.2993895411491394,0.0,-0.018253135684062727,-0.018253135684062727,0.16592766344547272,0.16592766344547272,0.14288266003131866,0.7410664558410645,-0.4146024286746979,0.0,0.023045003414154053,0.023045003414154053,-0.022642048075795174,-0.022642048075795174,0.16988703608512878,-1.941215991973877,-1.2120435237884521,0.0,-0.19252908416092396,-0.19252908416092396,0.09460683166980743,0.09460683166980743,0.07794947177171707,2.001398801803589,-0.3687242567539215,0.0,0.016657359898090363,0.016657359898090363,-0.27041947841644287,-0.27041947841644287,-0.13827994465827942,0.05085637420415878,-1.219097375869751,0.0,-0.13213953375816345,-0.13213953375816345
921,30.7,24,0,0,,4,uneven rough,11,0.0,98.29474639892578,34.369476318359375,0.47432512044906616,1.4917452335357666,-0.32999610900878906,1.4917452335357666,-0.32999610900878906,6.907927513122559,3.864220142364502,0.3333333432674408,-0.21088746190071106,0.22068548202514648,0.7458726167678833,-0.16499805450439453,0.825514018535614,0.14554546773433685,-0.19541868567466736,-0.2211102843284607,0.4790970981121063,-0.45925453305244446,0.5778598189353943,0.5778598189353943,0.05009617283940315,1.4464322328567505,-0.7481005787849426,0.0,0.5277636460959911,0.5277636460959911,0.07277273386716843,0.07277273386716843,0.1770794540643692,-0.9249561429023743,0.8253093957901001,0.0,-0.10430672019720078,-0.10430672019720078,-0.09770934283733368,-0.09770934283733368,-0.055415164679288864,-1.8760937452316284,-0.6052769422531128,0.0,-0.042294178158044815,-0.042294178158044815,-0.15477719902992249,-0.15477719902992249,-0.009185987524688244,-1.9802850484848022,-1.2529666423797607,0.0,-0.14559121150523424,-0.14559121150523424,0.23954854905605316,0.23954854905605316,0.18676674365997314,-1.1452946662902832,0.8606054782867432,0.0,0.05278180539608002,0.05278180539608002,-0.22962726652622223,-0.22962726652622223,-0.04186001420021057,-0.9252570271492004,0.5332070589065552,0.0,-0.18776725232601166,-0.18776725232601166
922,30.733333333333334,4,0,0,,4,uneven rough,5,0.0,49.87828063964844,30.59813690185547,0.2549261152744293,1.4534224271774292,-0.2926445007324219,1.4534224271774292,-0.2926445007324219,5.202276229858398,2.071436643600464,0.3333333432674408,-0.3196752667427063,0.1343163698911667,0.7267112135887146,-0.14632225036621094,-0.09666803479194641,0.28776124119758606,0.6967688798904419,0.03265387937426567,-0.010064787231385708,-0.2900809645652771,-0.06766762584447861,-0.06766762584447861,0.27379077672958374,-1.5535050630569458,0.5290658473968506,0.0,-0.34145840257406235,-0.34145840257406235,0.14388062059879303,0.14388062059879303,0.11618484556674957,1.1989631652832031,-0.7555414438247681,0.0,0.027695775032043457,0.027695775032043457,0.34838443994522095,0.34838443994522095,0.2252357453107834,-0.1546294391155243,-0.6052157878875732,0.0,0.12314869463443756,0.12314869463443756,0.02285771444439888,0.02285771444439888,0.19127188622951508,-1.6774734258651733,-0.4327506124973297,0.0,-0.1684141717851162,-0.1684141717851162,-0.016103660687804222,-0.016103660687804222,0.07977939397096634,-2.020207405090332,-0.9006032347679138,0.0,-0.09588305465877056,-0.09588305465877056,-0.14504048228263855,-0.14504048228263855,-0.01785109005868435,-0.5084365010261536,0.012750346213579178,0.0,-0.1271893922239542,-0.1271893922239542
922,30.733333333333334,14,0,0,,4,uneven rough,5,0.0,50.480464935302734,32.56377410888672,0.20003244280815125,1.3878183364868164,-0.1785910427570343,1.3878183364868164,-0.1785910427570343,2.0540037155151367,3.0203709602355957,0.5,-0.42794090509414673,0.12944120168685913,0.6939091682434082,-0.08929552137851715,0.7567835450172424,0.4964928925037384,0.23691430687904358,0.22892339527606964,0.5732557773590088,-0.08729242533445358,0.5297484993934631,0.5297484993934631,0.36440756916999817,1.646236777305603,0.751198947429657,0.0,0.16534093022346497,0.16534093022346497,0.2482464462518692,0.2482464462518692,0.05736980959773064,1.449669599533081,-0.9153058528900146,0.0,0.19087663665413857,0.19087663665413857,0.11845715343952179,0.11845715343952179,0.1401667594909668,-0.6312681436538696,0.2388148307800293,0.0,-0.021709606051445007,-0.021709606051445007,0.1602463722229004,0.1602463722229004,0.131317600607872,-0.10141893476247787,-1.6243189573287964,0.0,0.02892877161502838,0.02892877161502838,0.2866278886795044,0.2866278886795044,0.15245991945266724,1.826387643814087,0.9713475704193115,0.0,0.13416796922683716,0.13416796922683716,-0.04364621266722679,-0.04364621266722679,-0.0953153744339943,1.6816701889038086,-0.5010632276535034,0.0,0.0516691617667675,0.0516691617667675
922,30.733333333333334,24,0,0,,4,uneven rough,11,0.0,98.32939147949219,34.38251495361328,0.49918967485427856,1.8799858093261719,-1.051565408706665,1.8799858093261719,-1.051565408706665,9.801047325134277,4.400877952575684,0.3333333432674408,0.14134562015533447,0.10493172705173492,0.9399929046630859,-0.5257827043533325,-0.10990682244300842,0.6206648349761963,0.23205481469631195,-0.21778987348079681,0.08248391002416611,-0.25975537300109863,-0.07693477720022202,-0.07693477720022202,0.01972060464322567,-1.778315544128418,0.4926922023296356,0.0,-0.09665538184344769,-0.09665538184344769,0.31033241748809814,0.31033241748809814,0.23320668935775757,1.7631018161773682,-0.16429388523101807,0.0,0.07712572813034058,0.07712572813034058,0.11602740734815598,0.11602740734815598,-0.024357935413718224,-0.2146090865135193,-1.3237990140914917,0.0,0.1403853427618742,0.1403853427618742,-0.15245291590690613,-0.15245291590690613,-0.06774260848760605,-1.8190059661865234,-1.6641937494277954,0.0,-0.08471030741930008,-0.08471030741930008,0.041241955012083054,0.041241955012083054,0.13611522316932678,-1.8304911851882935,-0.27353405952453613,0.0,-0.09487326815724373,-0.09487326815724373,-0.12987768650054932,-0.12987768650054932,-0.07497169077396393,-1.16562819480896,-0.2914111614227295,0.0,-0.05490599572658539,-0.05490599572658539
923,30.766666666666666,4,0,0,,4,uneven rough,5,0.0,49.905704498291016,30.580730438232422,0.2637519836425781,1.2616268396377563,-0.16519750654697418,1.2616268396377563,-0.16519750654697418,4.150865077972412,3.464287519454956,0.3333333432674408,-0.42906975746154785,0.19367317855358124,0.6308134198188782,-0.08259875327348709,0.6232483983039856,0.3250112235546112,0.3580752909183502,0.024918194860219955,0.19878537952899933,-0.3382018804550171,0.43627387285232544,0.43627387285232544,0.31215229630470276,1.9373583793640137,-0.6484234929084778,0.0,0.12412157654762268,0.12412157654762268,0.1625056117773056,0.1625056117773056,0.1768973022699356,1.3577053546905518,0.34953898191452026,0.0,-0.014391690492630005,-0.014391690492630005,0.1790376454591751,0.1790376454591751,0.17276130616664886,-1.435299277305603,-0.3504534661769867,0.0,0.006276339292526245,0.006276339292526245,0.017442736774683,0.017442736774683,0.12195267528295517,-1.887600064277649,-1.1365190744400024,0.0,-0.10450993850827217,-0.10450993850827217,0.09939268976449966,0.09939268976449966,0.06952682882547379,0.7442570328712463,-1.5336294174194336,0.0,0.02986586093902588,0.02986586093902588,-0.16910094022750854,-0.16910094022750854,-0.07917680591344833,-1.8643708229064941,-0.2819296419620514,0.0,-0.08992413431406021,-0.08992413431406021
923,30.766666666666666,14,0,0,,4,uneven rough,5,0.0,50.51601791381836,32.535057067871094,0.20293843746185303,1.2562320232391357,0.9003974795341492,1.2562320232391357,0.9003974795341492,5.389491558074951,2.4139862060546875,0.1666666716337204,-0.5437602996826172,0.18155169486999512,0.6281160116195679,0.4501987397670746,0.3593170940876007,0.6072599291801453,0.09439707547426224,0.6397237181663513,0.44997426867485046,0.018130863085389137,0.2515219748020172,0.2515219748020172,0.3095285892486572,-1.9911057949066162,1.257254958152771,0.0,-0.058006614446640015,-0.058006614446640015,0.30362996459007263,0.30362996459007263,0.12417513132095337,2.0020015239715576,0.42185550928115845,0.0,0.17945483326911926,0.17945483326911926,0.04719853773713112,0.04719853773713112,0.0713954046368599,-2.0017271041870117,-0.2531316578388214,0.0,-0.024196866899728775,-0.024196866899728775,0.44780659675598145,0.44780659675598145,0.1958715170621872,1.6232296228408813,-0.7632685899734497,0.0,0.25193507969379425,0.25193507969379425,0.22498713433742523,0.22498713433742523,0.18324975669384003,0.9959545135498047,1.4547888040542603,0.0,0.041737377643585205,0.041737377643585205,0.009065431542694569,0.009065431542694569,-0.0601118765771389,0.8066055178642273,0.7330581545829773,0.0,0.06917730811983347,0.06917730811983347
923,30.766666666666666,24,0,0,,4,uneven rough,11,0.0,98.3677749633789,34.38531494140625,0.5050684213638306,1.8614906072616577,-0.07794751971960068,1.8614906072616577,-0.07794751971960068,10.400348663330078,6.6666669845581055,0.3333333432674408,0.12264224141836166,0.29224902391433716,0.9307453036308289,-0.03897375985980034,0.6252948045730591,0.28719237446784973,0.3992938995361328,-0.07627252489328384,0.4756884276866913,-0.6135804653167725,0.4377063512802124,0.4377063512802124,0.06025487557053566,1.4476431608200073,-0.791339635848999,0.0,0.37745147570967674,0.37745147570967674,0.14359618723392487,0.14359618723392487,0.18385446071624756,-2.000028610229492,0.925459086894989,0.0,-0.04025827348232269,-0.04025827348232269,0.1996469497680664,0.1996469497680664,0.023898642510175705,0.7201408743858337,-0.6966609954833984,0.0,0.1757483072578907,0.1757483072578907,-0.05339076742529869,-0.05339076742529869,-0.09857860952615738,0.8870634436607361,-1.7517248392105103,0.0,0.04518784210085869,0.04518784210085869,0.23784421384334564,0.23784421384334564,0.14525000751018524,2.039020538330078,-1.15384042263031,0.0,0.0925942063331604,0.0925942063331604,-0.30679023265838623,-0.30679023265838623,-0.11171318590641022,-1.9832062721252441,-0.7856950163841248,0.0,-0.195077046751976,-0.195077046751976
924,30.8,4,0,0,,4,uneven rough,5,0.0,49.920372009277344,30.55126190185547,0.26413387060165405,0.19949784874916077,0.06831967085599899,0.19949784874916077,0.06831967085599899,1.8821861743927002,4.417506217956543,0.3333333432674408,-0.17972788214683533,0.1134377121925354,0.09974892437458038,0.034159835427999496,0.5512188673019409,0.44666197896003723,0.5070531964302063,0.29408010840415955,0.3360743224620819,-0.1709567755460739,0.38585320115089417,0.38585320115089417,0.3579863905906677,1.309289574623108,0.813582181930542,0.0,0.02786681056022644,0.02786681056022644,0.22333098948001862,0.22333098948001862,0.2372543066740036,1.011966347694397,0.919558048248291,0.0,-0.013923317193984985,-0.013923317193984985,0.25352659821510315,0.25352659821510315,0.2146865725517273,1.3049569129943848,-0.9638272523880005,0.0,0.038840025663375854,0.038840025663375854,0.2058560699224472,0.2058560699224472,0.1486341804265976,1.9736043214797974,-1.561181664466858,0.0,0.05722188949584961,0.05722188949584961,0.16803716123104095,0.16803716123104095,0.13768549263477325,1.8116694688796997,-0.24570834636688232,0.0,0.0303516685962677,0.0303516685962677,-0.08547838777303696,-0.08547838777303696,-0.05954858288168907,0.8640878200531006,-1.1766446828842163,0.0,-0.025929804891347885,-0.025929804891347885
924,30.8,14,0,0,,4,uneven rough,5,0.0,50.549110412597656,32.506553649902344,0.21188920736312866,1.32395601272583,0.9801971912384033,1.32395601272583,0.9801971912384033,6.676695823669434,6.6666669845581055,0.3333333432674408,-0.3255702555179596,0.10060318559408188,0.661978006362915,0.49009859561920166,0.6151885986328125,-0.011178463697433472,0.346329927444458,0.5799734592437744,0.21054308116436005,0.24768835306167603,0.4306320250034332,0.4306320250034332,0.31271958351135254,1.081592082977295,-0.5793740749359131,0.0,0.11791244149208069,0.11791244149208069,-0.017885541543364525,-0.017885541543364525,0.08547127991914749,-0.9808631539344788,1.3152729272842407,0.0,-0.10335682146251202,-0.10335682146251202,0.173164963722229,0.173164963722229,0.0743054449558258,-0.0925302654504776,-1.2417906522750854,0.0,0.0988595187664032,0.0988595187664032,0.4059814214706421,0.4059814214706421,0.23471923172473907,1.245003342628479,0.5860617756843567,0.0,0.17126218974590302,0.17126218974590302,0.10527154058218002,0.10527154058218002,0.10483773797750473,-1.511909008026123,1.1953630447387695,0.0,0.00043380260467529297,0.00043380260467529297,0.12384417653083801,0.12384417653083801,-0.012270142324268818,1.6835211515426636,0.7746419310569763,0.0,0.13611431885510683,0.13611431885510683
924,30.8,24,0,0,,4,uneven rough,11,0.0,98.4089584350586,34.38423156738281,0.5064215660095215,1.8657102584838867,0.32360199093818665,1.8657102584838867,0.32360199093818665,9.341285705566406,3.3333334922790527,0.1666666716337204,0.4829014539718628,0.18313662707805634,0.9328551292419434,0.16180099546909332,0.419602632522583,0.28128355741500854,0.3397314250469208,0.626533567905426,0.630298376083374,0.29599428176879883,0.2937218248844147,0.2937218248844147,0.11954906582832336,1.9125397205352783,0.47458526492118835,0.0,0.1741727590560913,0.1741727590560913,0.14064177870750427,0.14064177870750427,0.15446679294109344,-0.7713038921356201,-0.7286168932914734,0.0,-0.013825014233589172,-0.013825014233589172,0.1698657125234604,0.1698657125234604,0.050487663596868515,0.9047194123268127,0.10440130531787872,0.0,0.11937804892659187,0.11937804892659187,0.4385734796524048,0.4385734796524048,-0.05877159535884857,1.5858018398284912,-0.2597492039203644,0.0,0.49734507501125336,0.49734507501125336,0.315149188041687,0.315149188041687,0.20300427079200745,1.874862551689148,0.6514089107513428,0.0,0.11214491724967957,0.11214491724967957,0.14799714088439941,0.14799714088439941,-0.08880969136953354,1.8167754411697388,-1.4627699851989746,0.0,0.23680683225393295,0.23680683225393295
925,30.833333333333332,4,0,0,,4,uneven rough,5,0.0,49.93645477294922,30.52560806274414,0.26159384846687317,1.1442387104034424,1.4587156772613525,1.1442387104034424,1.4587156772613525,2.5640740394592285,0.3871389627456665,0.1666666716337204,-0.2151707112789154,0.1828155219554901,0.5721193552017212,0.7293578386306763,0.1861589103937149,0.8073540925979614,-0.35063639283180237,0.7239121198654175,0.5405508279800415,0.17490555346012115,0.13031123578548431,0.13031123578548431,0.3133564591407776,-1.9322612285614014,1.0938560962677002,0.0,-0.18304522335529327,-0.18304522335529327,0.4036770462989807,0.4036770462989807,0.30048254132270813,1.908544659614563,0.9718058705329895,0.0,0.10319450497627258,0.10319450497627258,-0.17531819641590118,-0.17531819641590118,0.16266171634197235,-1.3334201574325562,0.31894737482070923,0.0,-0.33797991275787354,-0.33797991275787354,0.5067384839057922,0.5067384839057922,0.21588248014450073,1.8446155786514282,0.4373926520347595,0.0,0.2908560037612915,0.2908560037612915,0.27027541399002075,0.27027541399002075,0.2091846913099289,1.9533066749572754,0.917536735534668,0.0,0.06109072268009186,0.06109072268009186,0.08745277673006058,0.08745277673006058,-0.021826820448040962,1.5628671646118164,-0.02281087636947632,0.0,0.10927959717810154,0.10927959717810154
925,30.833333333333332,14,0,0,,4,uneven rough,5,0.0,50.586647033691406,32.47756576538086,0.2305639088153839,1.5458420515060425,-0.21136845648288727,1.5458420515060425,-0.21136845648288727,4.858882427215576,4.091557025909424,0.3333333432674408,-0.07486467063426971,0.1805807203054428,0.7729210257530212,-0.10568422824144363,-0.39774289727211,0.45408961176872253,0.7733732461929321,0.38543078303337097,-0.0421782024204731,0.3024042546749115,-0.27842003107070923,-0.27842003107070923,0.2754489481449127,-0.8460385799407959,0.35973915457725525,0.0,-0.553868979215622,-0.553868979215622,0.22704480588436127,0.22704480588436127,0.1452162116765976,1.9866292476654053,0.017033493146300316,0.0,0.08182859420776367,0.08182859420776367,0.38668662309646606,0.38668662309646606,0.12393659353256226,1.046703577041626,-0.5919967889785767,0.0,0.2627500295639038,0.2627500295639038,0.2698015570640564,0.2698015570640564,0.2905179262161255,0.2242794781923294,0.9586285352706909,0.0,-0.020716369152069092,-0.020716369152069092,-0.06748512387275696,-0.06748512387275696,0.06718552857637405,-1.1597892045974731,-0.3353334367275238,0.0,-0.134670652449131,-0.134670652449131,0.15120212733745575,0.15120212733745575,0.05622585862874985,1.952523946762085,1.2885239124298096,0.0,0.0949762687087059,0.0949762687087059
925,30.833333333333332,24,0,0,,4,uneven rough,11,0.0,98.45252990722656,34.38664245605469,0.5126588344573975,1.7713080644607544,0.25679904222488403,1.7713080644607544,0.25679904222488403,7.521109580993652,1.6734298467636108,0.3333333432674408,0.6634588241577148,0.18381249904632568,0.8856540322303772,0.12839952111244202,-0.3663533329963684,0.5280895829200745,0.34206995368003845,0.5071960687637329,0.5587034225463867,0.5582116842269897,-0.25644731521606445,-0.25644731521606445,0.08932360261678696,-1.5610584020614624,1.2876073122024536,0.0,-0.3457709178328514,-0.3457709178328514,0.26404479146003723,0.26404479146003723,0.21716558933258057,1.9674186706542969,-0.7527521848678589,0.0,0.046879202127456665,0.046879202127456665,0.17103497684001923,0.17103497684001923,0.1091398224234581,0.1802331656217575,0.5569025874137878,0.0,0.06189515441656113,0.06189515441656113,0.35503724217414856,0.35503724217414856,0.010296809487044811,1.6902555227279663,0.7837286591529846,0.0,0.34474043268710375,0.34474043268710375,0.27935171127319336,0.27935171127319336,0.273359090089798,1.4522533416748047,1.3431518077850342,0.0,0.005992621183395386,0.005992621183395386,0.2791058421134949,0.2791058421134949,-0.02390472963452339,1.6421502828598022,0.3914908766746521,0.0,0.30301057174801826,0.30301057174801826
926,30.866666666666667,4,0,0,,4,uneven rough,5,0.0,49.94704818725586,30.50171661376953,0.2621139883995056,1.4037022590637207,1.408496618270874,1.4037022590637207,1.408496618270874,7.673004150390625,3.3333334922790527,0.1666666716337204,-0.5046290755271912,0.14850163459777832,0.7018511295318604,0.704248309135437,0.6712826490402222,0.384178102016449,-0.12290021032094955,0.6016879081726074,0.1256641447544098,0.24687965214252472,0.4698978364467621,0.4698978364467621,0.3373396694660187,1.9846101999282837,-0.6171160340309143,0.0,0.1325581669807434,0.1325581669807434,0.1920890510082245,0.1920890510082245,0.2386583536863327,-1.994278073310852,1.5014396905899048,0.0,-0.046569302678108215,-0.046569302678108215,-0.06145010516047478,-0.06145010516047478,0.13685372471809387,-0.4004613161087036,-0.615304172039032,0.0,-0.19830382987856865,-0.19830382987856865,0.4211815297603607,0.4211815297603607,0.25978249311447144,1.437770128250122,1.2330390214920044,0.0,0.16139903664588928,0.16139903664588928,0.0628320723772049,0.0628320723772049,0.13687901198863983,-1.9609582424163818,1.5031628608703613,0.0,-0.07404693961143494,-0.07404693961143494,0.12343982607126236,0.12343982607126236,-0.014282645657658577,-0.4478025734424591,0.8737343549728394,0.0,0.13772247172892094,0.13772247172892094
926,30.866666666666667,14,0,0,,4,uneven rough,5,0.0,50.635860443115234,32.461143493652344,0.23524819314479828,1.369277000427246,0.2426442950963974,1.369277000427246,0.2426442950963974,5.5527849197387695,3.8359079360961914,0.5,0.030536076053977013,0.02662513218820095,0.684638500213623,0.1213221475481987,-0.13290201127529144,0.38632485270500183,0.357321560382843,0.03255242854356766,0.31536614894866943,-0.3779635429382324,-0.09303140640258789,-0.09303140640258789,0.21847891807556152,-1.8642890453338623,-0.32200974225997925,0.0,-0.3115103244781494,-0.3115103244781494,0.19316242635250092,0.19316242635250092,0.1987801343202591,0.6498058438301086,1.1306464672088623,0.0,-0.005617707967758179,-0.005617707967758179,0.1786607801914215,0.1786607801914215,0.151250422000885,0.8006723523139954,0.3345273435115814,0.0,0.0274103581905365,0.0274103581905365,0.0227866992354393,0.0227866992354393,0.24531899392604828,-1.9971437454223633,0.5434262752532959,0.0,-0.22253229469060898,-0.22253229469060898,0.15768307447433472,0.15768307447433472,0.12298580259084702,1.9089196920394897,-0.8014822006225586,0.0,0.0346972718834877,0.0346972718834877,-0.1889817714691162,-0.1889817714691162,0.04711342602968216,-1.1269596815109253,1.6639506816864014,0.0,-0.23609519749879837,-0.23609519749879837
926,30.866666666666667,24,0,0,,4,uneven rough,11,0.0,98.49385070800781,34.3934211730957,0.5152387619018555,1.7037551403045654,0.7383289933204651,1.7037551403045654,0.7383289933204651,8.613654136657715,5.073915481567383,0.3333333432674408,0.4204128384590149,0.10339923948049545,0.8518775701522827,0.36916449666023254,-0.3712129592895508,0.26440033316612244,-0.5442594289779663,0.3308785557746887,0.5755535364151001,0.36719951033592224,-0.25984907150268555,-0.25984907150268555,0.023035449907183647,-1.989827036857605,-0.3230333924293518,0.0,-0.2828845214098692,-0.2828845214098692,0.13220016658306122,0.13220016658306122,0.1808243691921234,-0.8339369893074036,0.7852373123168945,0.0,-0.048624202609062195,-0.048624202609062195,-0.27212971448898315,-0.27212971448898315,0.04608161747455597,-1.7219507694244385,0.34393301606178284,0.0,-0.3182113319635391,-0.3182113319635391,0.23161499202251434,0.23161499202251434,0.07475987821817398,1.9576290845870972,1.2962806224822998,0.0,0.15685511380434036,0.15685511380434036,0.28777676820755005,0.28777676820755005,0.24663273990154266,-0.41508013010025024,1.404837965965271,0.0,0.041144028306007385,0.041144028306007385,0.18359975516796112,0.18359975516796112,0.04048877954483032,2.0031163692474365,1.0986160039901733,0.0,0.1431109756231308,0.1431109756231308
927,30.9,4,0,0,,4,uneven rough,5,0.0,49.96215057373047,30.479677200317383,0.26202675700187683,1.4005351066589355,-0.5162121057510376,1.4005351066589355,-0.5162121057510376,4.308603286743164,5.509313583374023,0.3333333432674408,0.1906062811613083,0.22351068258285522,0.7002675533294678,-0.2581060528755188,-0.40115970373153687,0.23104281723499298,0.5650094151496887,0.16197071969509125,0.025764908641576767,-0.14408642053604126,-0.28081178665161133,-0.28081178665161133,0.3408757746219635,-0.8464078307151794,0.8539046049118042,0.0,-0.6216875612735748,-0.6216875612735748,0.11552140861749649,0.11552140861749649,0.17395247519016266,-1.9822431802749634,-0.47504541277885437,0.0,-0.05843106657266617,-0.05843106657266617,0.28250470757484436,0.28250470757484436,0.16999489068984985,0.2649422585964203,-0.4938316345214844,0.0,0.1125098168849945,0.1125098168849945,0.11337950080633163,0.11337950080633163,0.2743285000324249,-0.5365117192268372,1.3487943410873413,0.0,-0.1609489992260933,-0.1609489992260933,0.012882454320788383,0.012882454320788383,0.0850120559334755,-1.9149696826934814,-0.4554573893547058,0.0,-0.07212960161268711,-0.07212960161268711,-0.07204321026802063,-0.07204321026802063,-0.028385138139128685,-0.006087873131036758,0.12653499841690063,0.0,-0.043658072128891945,-0.043658072128891945
927,30.9,14,0,0,,4,uneven rough,5,0.0,50.682373046875,32.444854736328125,0.22246864438056946,1.7366421222686768,-0.2587444484233856,1.7366421222686768,-0.2587444484233856,6.036762237548828,5.011232376098633,0.2757095992565155,0.2505849003791809,0.235783189535141,0.8683210611343384,-0.1293722242116928,0.8199490308761597,-0.2232016921043396,0.2403179407119751,0.13581199944019318,0.2953798174858093,-0.682935357093811,0.5739642977714539,0.5739642977714539,0.2503319978713989,1.999979019165039,-1.1940171718597412,0.0,0.32363229990005493,0.32363229990005493,-0.3571227192878723,-0.3571227192878723,0.14642712473869324,-1.7310150861740112,0.8587782979011536,0.0,-0.5035498440265656,-0.5035498440265656,0.12015897035598755,0.12015897035598755,0.11384347081184387,-0.7516061663627625,0.5980865359306335,0.0,0.006315499544143677,0.006315499544143677,0.09506839513778687,0.09506839513778687,0.1738169938325882,-1.9927351474761963,-0.8930165767669678,0.0,-0.07874859869480133,-0.07874859869480133,0.14768990874290466,0.14768990874290466,0.14104793965816498,0.6308247447013855,0.7309839129447937,0.0,0.006641969084739685,0.006641969084739685,-0.3414676785469055,-0.3414676785469055,-0.005386854987591505,-1.45621919631958,0.08596493303775787,0.0,-0.336080823559314,-0.336080823559314
927,30.9,24,0,0,,4,uneven rough,11,0.0,98.53815460205078,34.40668487548828,0.5231773257255554,1.716732382774353,-0.08190180361270905,1.716732382774353,-0.08190180361270905,8.869418144226074,3.3333334922790527,0.1666666716337204,0.40578553080558777,0.15975823998451233,0.8583661913871765,-0.04095090180635452,-0.1592719852924347,0.41533103585243225,-0.30870792269706726,-0.30760565400123596,0.4502282440662384,0.04631054028868675,-0.1114903911948204,-0.1114903911948204,-0.03897955268621445,-1.9773114919662476,-1.2654415369033813,0.0,-0.07251083850860596,-0.07251083850860596,0.20766551792621613,0.20766551792621613,0.218001127243042,1.2025766372680664,-0.13024674355983734,0.0,-0.010335609316825867,-0.010335609316825867,-0.15435396134853363,-0.15435396134853363,-0.013054553419351578,-1.3750617504119873,-0.824121356010437,0.0,-0.14129940792918205,-0.14129940792918205,-0.21532395482063293,-0.21532395482063293,0.05820196494460106,-1.5287654399871826,1.670208215713501,0.0,-0.273525919765234,-0.273525919765234,0.2251141220331192,0.2251141220331192,0.2282058596611023,-1.760161280632019,0.3758529722690582,0.0,-0.0030917376279830933,-0.0030917376279830933,0.023155270144343376,0.023155270144343376,0.055696625262498856,0.06573992967605591,1.6100220680236816,0.0,-0.03254135511815548,-0.03254135511815548
928,30.933333333333334,4,0,0,,4,uneven rough,5,0.0,49.98474884033203,30.464868545532227,0.27259665727615356,1.0608537197113037,-0.5075687170028687,1.0608537197113037,-0.5075687170028687,3.292886257171631,0.168003648519516,0.3333333432674408,0.22976148128509521,0.09384725987911224,0.5304268598556519,-0.2537843585014343,0.24646292626857758,0.13022929430007935,0.6492465734481812,0.0014147674664855003,-0.029786214232444763,0.13487844169139862,0.17252404987812042,0.17252404987812042,0.285081148147583,-2.0022192001342773,-0.10745510458946228,0.0,-0.11255709826946259,-0.11255709826946259,0.06511464715003967,0.06511464715003967,0.11383190006017685,-1.5631331205368042,-1.327217698097229,0.0,-0.048717252910137177,-0.048717252910137177,0.3246232867240906,0.3246232867240906,0.2265917807817459,2.0018911361694336,-0.06481951475143433,0.0,0.09803150594234467,0.09803150594234467,0.0009903372265398502,0.0009903372265398502,0.22631607949733734,-1.4505553245544434,0.2828389108181,0.0,-0.2253257422707975,-0.2253257422707975,-0.04765794426202774,-0.04765794426202774,0.016491148620843887,-1.9847633838653564,-1.2806682586669922,0.0,-0.06414909288287163,-0.06414909288287163,0.06743922084569931,0.06743922084569931,0.030455362051725388,1.4602235555648804,0.05154978856444359,0.0,0.03698385879397392,0.03698385879397392
928,30.933333333333334,14,0,0,,4,uneven rough,5,0.0,50.7284049987793,32.42291259765625,0.20202979445457458,1.3993549346923828,-1.0421068668365479,1.3993549346923828,-1.0421068668365479,4.112287998199463,0.46763259172439575,0.1666666716337204,0.5850090384483337,0.07456742972135544,0.6996774673461914,-0.5210534334182739,0.5872015357017517,-0.02601798065006733,0.7055448293685913,0.07731147110462189,0.2887011468410492,-0.4132063090801239,0.4110410809516907,0.4110410809516907,0.3190835118293762,1.9892905950546265,0.611873984336853,0.0,0.09195756912231445,0.09195756912231445,-0.041628770530223846,-0.041628770530223846,0.07992181926965714,-1.9877933263778687,-0.6054955124855042,0.0,-0.12155058979988098,-0.12155058979988098,0.35277241468429565,0.35277241468429565,0.13675814867019653,0.13546471297740936,-0.16503214836120605,0.0,0.21601426601409912,0.21601426601409912,0.05411802977323532,0.05411802977323532,0.10921324789524078,-1.9798167943954468,-1.5147994756698608,0.0,-0.05509521812200546,-0.05509521812200546,0.1443505734205246,0.1443505734205246,0.17136676609516144,0.3892615735530853,0.6743537187576294,0.0,-0.02701619267463684,-0.02701619267463684,-0.20660315454006195,-0.20660315454006195,-0.036987677216529846,-0.9864541292190552,-0.7859887480735779,0.0,-0.1696154773235321,-0.1696154773235321
928,30.933333333333334,24,0,0,,4,uneven rough,11,0.0,98.5818862915039,34.4130744934082,0.5222441554069519,1.4938039779663086,0.4538692533969879,1.4938039779663086,0.4538692533969879,7.719787120819092,1.3888919353485107,0.1666666716337204,0.16295687854290009,0.26321637630462646,0.7469019889831543,0.22693462669849396,0.35876384377479553,0.12235400080680847,-0.11043418943881989,-0.2870367467403412,0.34538671374320984,-0.5364474058151245,0.2511346936225891,0.2511346936225891,-0.006547071039676666,1.1177221536636353,-1.6679340600967407,0.0,0.2576817646622658,0.2576817646622658,0.061177000403404236,0.061177000403404236,0.17304648458957672,0.08526478707790375,0.6233339905738831,0.0,-0.11186948418617249,-0.11186948418617249,-0.05521709471940994,-0.05521709471940994,-0.053584739565849304,-1.175071358680725,-1.1356240510940552,0.0,-0.0016323551535606384,-0.0016323551535606384,-0.20092572271823883,-0.20092572271823883,-0.013599843718111515,-1.9675530195236206,-0.1384972482919693,0.0,-0.18732587900012732,-0.18732587900012732,0.17269335687160492,0.17269335687160492,0.14916712045669556,-1.6730061769485474,-0.8318533301353455,0.0,0.023526236414909363,0.023526236414909363,-0.26822370290756226,-0.26822370290756226,0.0013353460235521197,-1.7317408323287964,0.7368821501731873,0.0,-0.2695590489311144,-0.2695590489311144
929,30.966666666666665,4,0,0,,4,uneven rough,5,0.0,50.0074577331543,30.445920944213867,0.28650176525115967,1.461776852607727,-0.4617496728897095,1.461776852607727,-0.4617496728897095,5.6818695068359375,4.006650924682617,0.4679848551750183,0.27559053897857666,0.21218816936016083,0.7308884263038635,-0.23087483644485474,0.6930407285690308,0.274326890707016,0.5819355249404907,-0.08265852928161621,-0.10605306178331375,-0.16731992363929749,0.4851284921169281,0.4851284921169281,0.31875139474868774,2.0,-1.178758144378662,0.0,0.16637709736824036,0.16637709736824036,0.137163445353508,0.137163445353508,0.12704235315322876,0.8865454792976379,-1.4606046676635742,0.0,0.010121092200279236,0.010121092200279236,0.29096776247024536,0.29096776247024536,0.23622258007526398,-0.34945881366729736,1.103702425956726,0.0,0.054745182394981384,0.054745182394981384,-0.05786097049713135,-0.05786097049713135,0.15324971079826355,-1.9532334804534912,-0.6972252726554871,0.0,-0.2111106812953949,-0.2111106812953949,-0.16968490183353424,-0.16968490183353424,-0.026769252493977547,-1.0712085962295532,-1.6787649393081665,0.0,-0.1429156493395567,-0.1429156493395567,-0.08365996181964874,-0.08365996181964874,0.0031998821068555117,-1.3703573942184448,0.8480164408683777,0.0,-0.08685984392650425,-0.08685984392650425
929,30.966666666666665,14,0,0,,4,uneven rough,5,0.0,50.77218246459961,32.39503860473633,0.1806214451789856,1.1315467357635498,-0.4825419485569,1.1315467357635498,-0.4825419485569,1.798069953918457,3.6977133750915527,0.3333333432674408,0.7393707633018494,0.10155566036701202,0.5657733678817749,-0.24127097427845,0.6014161109924316,-0.05914965644478798,0.7426285147666931,0.33250105381011963,0.43823346495628357,-0.21425122022628784,0.42099127173423767,0.42099127173423767,0.3703329563140869,1.9578303098678589,1.3906677961349487,0.0,0.05065831542015076,0.05065831542015076,-0.09463945031166077,-0.09463945031166077,0.02502264454960823,-1.2612454891204834,-1.3870491981506348,0.0,-0.119662094861269,-0.119662094861269,0.37131425738334656,0.37131425738334656,0.1523057371377945,0.5108898282051086,0.004869312513619661,0.0,0.21900852024555206,0.21900852024555206,0.23275072872638702,0.23275072872638702,0.12790922820568085,0.9020749926567078,-1.7777210474014282,0.0,0.10484150052070618,0.10484150052070618,0.21911673247814178,0.21911673247814178,0.22262154519557953,-0.43634167313575745,0.5131620764732361,0.0,-0.003504812717437744,-0.003504812717437744,-0.10712561011314392,-0.10712561011314392,-0.06970055401325226,-0.33664780855178833,-0.8993322253227234,0.0,-0.03742505609989166,-0.03742505609989166
929,30.966666666666665,24,0,0,,4,uneven rough,11,0.0,98.62772369384766,34.421756744384766,0.5288631916046143,1.7329071760177612,-0.40311363339424133,1.7329071760177612,-0.40311363339424133,9.112743377685547,5.095392227172852,0.3333333432674408,0.2418183535337448,0.13265828788280487,0.8664535880088806,-0.20155681669712067,-0.007023464888334274,0.42583751678466797,0.1552407443523407,-0.16749711334705353,-0.07428014278411865,-0.4417090117931366,-0.0049164253287017345,-0.0049164253287017345,0.01498449593782425,0.1648259311914444,-0.09291906654834747,0.0,-0.019900921266525984,-0.019900921266525984,0.21291875839233398,0.21291875839233398,0.22726839780807495,1.3510754108428955,0.3191086947917938,0.0,-0.014349639415740967,-0.014349639415740967,0.07762037217617035,0.07762037217617035,-0.003077484667301178,2.000000476837158,-1.1579276323318481,0.0,0.08069785684347153,0.08069785684347153,-0.11724797636270523,-0.11724797636270523,-0.07947564870119095,-1.9280714988708496,-1.1726486682891846,0.0,-0.03777232766151428,-0.03777232766151428,-0.11884822696447372,-0.11884822696447372,0.08196353167295456,-1.999935269355774,-1.3074426651000977,0.0,-0.20081175863742828,-0.20081175863742828,-0.2208545058965683,-0.2208545058965683,-0.06265036761760712,-2.0000195503234863,-0.6588817238807678,0.0,-0.15820413827896118,-0.15820413827896118
930,31.0,4,0,0,,4,uneven rough,5,0.0,50.03361129760742,30.424755096435547,0.2880544066429138,1.2369334697723389,-1.0817430019378662,1.2369334697723389,-1.0817430019378662,2.529669761657715,3.7114598751068115,0.3333333432674408,0.47484302520751953,0.018598435446619987,0.6184667348861694,-0.5408715009689331,0.46657076478004456,0.352649986743927,0.4760347306728363,0.06982486695051193,0.3376569151878357,-0.37016022205352783,0.3265995383262634,0.3265995383262634,0.3556387424468994,0.31665343046188354,0.6185173988342285,0.0,-0.029039204120635986,-0.029039204120635986,0.1763249933719635,0.1763249933719635,0.1737789511680603,0.03127093240618706,-0.13352176547050476,0.0,0.0025460422039031982,0.0025460422039031982,0.23801736533641815,0.23801736533641815,0.21323908865451813,-0.34194451570510864,0.2820824682712555,0.0,0.024778276681900024,0.024778276681900024,0.04887740686535835,0.04887740686535835,0.0893530622124672,-1.930799126625061,-1.4073745012283325,0.0,-0.04047565534710884,-0.04047565534710884,0.16882845759391785,0.16882845759391785,0.03486179560422897,1.9892388582229614,-1.3352514505386353,0.0,0.13396666198968887,0.13396666198968887,-0.18508011102676392,-0.18508011102676392,-0.05700644850730896,-1.857587218284607,-0.4062561094760895,0.0,-0.12807366251945496,-0.12807366251945496
930,31.0,14,0,0,,4,uneven rough,5,0.0,50.81146240234375,32.36620330810547,0.19053331017494202,1.6394436359405518,0.11031124740839005,1.6394436359405518,0.11031124740839005,1.917157530784607,6.131749629974365,0.6666666865348816,0.8157750964164734,0.12463172525167465,0.8197218179702759,0.05515562370419502,0.032899245619773865,0.3373875021934509,0.5371650457382202,0.5744956731796265,0.2817758321762085,0.2615714371204376,0.023029470816254616,0.023029470816254616,0.322358101606369,-1.9980757236480713,1.711342453956604,0.0,-0.2993286307901144,-0.2993286307901144,0.16869375109672546,0.16869375109672546,0.08070622384548187,1.9959046840667725,-1.3159195184707642,0.0,0.08798752725124359,0.08798752725124359,0.2685825228691101,0.2685825228691101,0.19944162666797638,1.7337204217910767,0.2909742295742035,0.0,0.06914089620113373,0.06914089620113373,0.40214696526527405,0.40214696526527405,0.19649481773376465,1.9166113138198853,-0.26255956292152405,0.0,0.2056521475315094,0.2056521475315094,0.14088791608810425,0.14088791608810425,0.21229632198810577,-1.6412569284439087,-0.023689046502113342,0.0,-0.07140840590000153,-0.07140840590000153,0.1307857185602188,0.1307857185602188,-0.006756372284144163,1.9998602867126465,-0.5811894536018372,0.0,0.13754209084436297,0.13754209084436297
930,31.0,24,0,0,,4,uneven rough,11,0.0,98.67430114746094,34.425724029541016,0.5275821685791016,1.1031100749969482,0.543449342250824,1.1031100749969482,0.543449342250824,5.8213324546813965,0.0,0.0,0.26133185625076294,0.16186362504959106,0.5515550374984741,0.271724671125412,0.40375712513923645,0.23994037508964539,0.30385175347328186,-0.14769238233566284,0.24989664554595947,-0.6141171455383301,0.28262999653816223,0.28262999653816223,0.07329916954040527,1.4663995504379272,0.052810415625572205,0.0,0.20933082699775696,0.20933082699775696,0.11997018754482269,0.11997018754482269,0.19538208842277527,-1.2790629863739014,0.9025845527648926,0.0,-0.07541190087795258,-0.07541190087795258,0.15192587673664093,0.15192587673664093,0.0325908325612545,2.0182652473449707,0.627570629119873,0.0,0.11933504417538643,0.11933504417538643,-0.10338466614484787,-0.10338466614484787,-0.1234774962067604,-0.9872975945472717,-1.5997661352157593,0.0,0.020092830061912537,0.020092830061912537,0.12494832277297974,0.12494832277297974,0.055490560829639435,-0.39434733986854553,-1.698979139328003,0.0,0.0694577619433403,0.0694577619433403,-0.30705857276916504,-0.30705857276916504,-0.061160240322351456,0.6812911033630371,-1.4171634912490845,0.0,-0.24589833244681358,-0.24589833244681358
931,31.03333333333333,4,0,0,,4,uneven rough,5,0.0,50.05131149291992,30.398801803588867,0.27792656421661377,1.4615588188171387,0.0710485652089119,1.4615588188171387,0.0710485652089119,4.529405117034912,2.0288898944854736,0.3333333432674408,0.4538010358810425,0.1452682465314865,0.7307794094085693,0.03552428260445595,0.8616310954093933,0.10023443400859833,0.3813026547431946,0.454080730676651,0.10160000622272491,-0.17685644328594208,0.6031417846679688,0.6031417846679688,0.40839409828186035,1.9055407047271729,0.44784295558929443,0.0,0.1947476863861084,0.1947476863861084,0.050117217004299164,0.050117217004299164,0.10740575194358826,-2.0000133514404297,-0.04034768044948578,0.0,-0.05728853493928909,-0.05728853493928909,0.1906513273715973,0.1906513273715973,0.1849425733089447,-0.12560352683067322,-0.07074350118637085,0.0,0.005708754062652588,0.005708754062652588,0.3178565204143524,0.3178565204143524,0.09729356318712234,1.742267370223999,-1.7033196687698364,0.0,0.22056295722723007,0.22056295722723007,0.05080000311136246,0.05080000311136246,0.06151328980922699,0.9504567980766296,0.5444213151931763,0.0,-0.010713286697864532,-0.010713286697864532,-0.08842822164297104,-0.08842822164297104,-0.09209849685430527,-0.36598244309425354,-1.2268413305282593,0.0,0.0036702752113342285,0.0036702752113342285
931,31.03333333333333,14,0,0,,4,uneven rough,5,0.0,50.852684020996094,32.35091018676758,0.20535558462142944,1.1974096298217773,-0.09318776428699493,1.1974096298217773,-0.09318776428699493,5.392531394958496,0.2046855092048645,0.1666666716337204,0.5269836187362671,0.05122815817594528,0.5987048149108887,-0.04659388214349747,0.02450377680361271,0.5433849692344666,0.19401349127292633,0.1927569955587387,0.183487206697464,-0.03652643412351608,0.01715264283120632,0.01715264283120632,0.26819443702697754,-1.49947190284729,-0.38596925139427185,0.0,-0.2510417941957712,-0.2510417941957712,0.2716924846172333,0.2716924846172333,0.14705845713615417,1.999841332435608,0.556591808795929,0.0,0.1246340274810791,0.1246340274810791,0.09700674563646317,0.09700674563646317,0.14054617285728455,-1.9999526739120483,1.1067055463790894,0.0,-0.04353942722082138,-0.04353942722082138,0.13492989540100098,0.13492989540100098,0.18543097376823425,-1.8618029356002808,0.9695475697517395,0.0,-0.050501078367233276,-0.050501078367233276,0.091743603348732,0.091743603348732,0.14647600054740906,-1.9842495918273926,-0.9382648468017578,0.0,-0.05473239719867706,-0.05473239719867706,-0.01826321706175804,-0.01826321706175804,0.01192816998809576,0.048000581562519073,0.8781406879425049,0.0,-0.0301913870498538,-0.0301913870498538
931,31.03333333333333,24,0,0,,4,uneven rough,11,0.0,98.72576904296875,34.426090240478516,0.5379963517189026,1.8084031343460083,-0.7923511266708374,1.8084031343460083,-0.7923511266708374,9.701141357421875,11.619433403015137,0.6666666865348816,-0.15034952759742737,0.0803227573633194,0.9042015671730042,-0.3961755633354187,0.2705898880958557,0.4348454177379608,0.09226997196674347,-0.061907388269901276,0.49816009402275085,-0.2694552540779114,0.189412921667099,0.189412921667099,0.1324605792760849,1.9887558221817017,0.8520562648773193,0.0,0.0569523423910141,0.0569523423910141,0.2174227088689804,0.2174227088689804,0.24402692914009094,0.6337997913360596,-0.3309228718280792,0.0,-0.026604220271110535,-0.026604220271110535,0.046134985983371735,0.046134985983371735,0.056306444108486176,-0.012860984541475773,1.4138718843460083,0.0,-0.010171458125114441,-0.010171458125114441,-0.043335169553756714,-0.043335169553756714,-0.0868004634976387,1.934760332107544,-1.253475308418274,0.0,0.04346529394388199,0.04346529394388199,0.24908004701137543,0.24908004701137543,0.10467685759067535,0.38765832781791687,-0.9613379836082458,0.0,0.14440318942070007,0.14440318942070007,-0.1347276270389557,-0.1347276270389557,-0.08820420503616333,-0.9794155359268188,-0.2306934893131256,0.0,-0.04652342200279236,-0.04652342200279236
932,31.066666666666666,4,0,0,,4,uneven rough,5,0.0,50.06351089477539,30.37047576904297,0.265605628490448,1.1099529266357422,-0.5178255438804626,1.1099529266357422,-0.5178255438804626,5.2577128410339355,1.0184006690979004,0.3333333432674408,0.2591763436794281,0.1545376032590866,0.5549764633178711,-0.2589127719402313,0.41538238525390625,0.1809389591217041,0.4730697572231293,0.6139286756515503,0.34600499272346497,0.22903922200202942,0.2907676696777344,0.2907676696777344,0.3838738799095154,-1.9364038705825806,1.272027850151062,0.0,-0.093106210231781,-0.093106210231781,0.09046947956085205,0.09046947956085205,0.058193325996398926,-0.6760580539703369,-1.148346185684204,0.0,0.032276153564453125,0.032276153564453125,0.23653487861156464,0.23653487861156464,0.2292589694261551,0.5092352628707886,-0.10176146030426025,0.0,0.007275909185409546,0.007275909185409546,0.4297500550746918,0.4297500550746918,0.16921977698802948,1.9974116086959839,0.2448214441537857,0.0,0.2605302780866623,0.2605302780866623,0.17300249636173248,0.17300249636173248,0.13728512823581696,1.9969156980514526,0.773994505405426,0.0,0.03571736812591553,0.03571736812591553,0.11451961100101471,0.11451961100101471,-0.03747294098138809,1.6008410453796387,-0.7401101589202881,0.0,0.1519925519824028,0.1519925519824028
932,31.066666666666666,14,0,0,,4,uneven rough,5,0.0,50.89036560058594,32.33525085449219,0.20631611347198486,0.9899351596832275,-0.8186727166175842,0.9899351596832275,-0.8186727166175842,3.5198898315429688,0.42417454719543457,0.1666666716337204,0.36581355333328247,0.30459994077682495,0.49496757984161377,-0.4093363583087921,0.5122897624969482,-0.10411485284566879,0.5326086282730103,-0.29210588335990906,0.23109400272369385,-0.6504517197608948,0.3586028218269348,0.3586028218269348,0.29887524247169495,1.9550384283065796,-1.0155456066131592,0.0,0.05972757935523987,0.05972757935523987,-0.16658376157283783,-0.16658376157283783,0.11037620157003403,-1.7173168659210205,1.372607707977295,0.0,-0.27695996314287186,-0.27695996314287186,0.2663043141365051,0.2663043141365051,0.1393224149942398,1.2155267000198364,-0.6498045921325684,0.0,0.12698189914226532,0.12698189914226532,-0.20447412133216858,-0.20447412133216858,0.11532585322856903,-1.969316840171814,-0.631303071975708,0.0,-0.3197999745607376,-0.3197999745607376,0.11554700136184692,0.11554700136184692,0.11680649220943451,-0.0149303013458848,-1.529666543006897,0.0,-0.0012594908475875854,-0.0012594908475875854,-0.3252258598804474,-0.3252258598804474,0.014968417584896088,0.10710220783948898,0.40877798199653625,0.0,-0.3401942774653435,-0.3401942774653435
932,31.066666666666666,24,0,0,,4,uneven rough,11,0.0,98.77726745605469,34.43279266357422,0.5459051132202148,1.641476035118103,0.21564921736717224,1.641476035118103,0.21564921736717224,7.98892879486084,1.6391899585723877,0.3333333432674408,-0.6055011749267578,0.17934899032115936,0.8207380175590515,0.10782460868358612,-0.4487990438938141,0.6701655387878418,-0.006478330586105585,0.5457340478897095,0.4837616980075836,0.46334150433540344,-0.3141593337059021,-0.3141593337059021,0.09773076325654984,-1.875762939453125,1.4947482347488403,0.0,-0.41189009696245193,-0.41189009696245193,0.3350827693939209,0.3350827693939209,0.3109418749809265,2.000000476837158,0.21453306078910828,0.0,0.024140894412994385,0.024140894412994385,-0.0032391652930527925,-0.0032391652930527925,0.004672627430409193,-1.7355505228042603,0.6071945428848267,0.0,-0.007911792723461986,-0.007911792723461986,0.38201382756233215,0.38201382756233215,-0.015005340799689293,1.980966329574585,0.5491588115692139,0.0,0.39701916836202145,0.39701916836202145,0.2418808490037918,0.2418808490037918,0.17004749178886414,1.9996910095214844,-0.19861306250095367,0.0,0.07183335721492767,0.07183335721492767,0.23167075216770172,0.23167075216770172,-0.0313204750418663,2.0000009536743164,-0.6540222764015198,0.0,0.262991227209568,0.262991227209568
933,31.099999999999998,4,0,0,,4,uneven rough,5,0.0,50.07725524902344,30.343303680419922,0.2687346935272217,1.174272894859314,0.682586133480072,1.174272894859314,0.682586133480072,4.887149333953857,3.1306025981903076,0.3333333432674408,0.17876891791820526,0.0521455854177475,0.587136447429657,0.341293066740036,0.7374579310417175,0.4793062210083008,0.018386999145150185,0.6281652450561523,-0.14437545835971832,0.2565704584121704,0.5162205696105957,0.5162205696105957,0.4142291247844696,1.990074872970581,-0.5420252084732056,0.0,0.1019914448261261,0.1019914448261261,0.2396531105041504,0.2396531105041504,0.0947335734963417,2.0353636741638184,-0.8813136219978333,0.0,0.14491953700780869,0.14491953700780869,0.009193499572575092,0.009193499572575092,0.16178478300571442,-2.054629325866699,0.2436971813440323,0.0,-0.15259128343313932,-0.15259128343313932,0.4397156536579132,0.4397156536579132,0.20774932205677032,1.524891972541809,1.2357391119003296,0.0,0.23196633160114288,0.23196633160114288,-0.23100073635578156,-0.23100073635578156,0.141642227768898,-0.43180304765701294,1.465436339378357,0.0,-0.37264296412467957,-0.37264296412467957,0.1282852292060852,0.1282852292060852,-0.005021264310926199,1.1160385608673096,0.5834678411483765,0.0,0.1333064935170114,0.1333064935170114
933,31.099999999999998,14,0,0,,4,uneven rough,5,0.0,50.92491912841797,32.31269454956055,0.1928168684244156,0.5412270426750183,-0.7875117063522339,0.5412270426750183,-0.7875117063522339,1.3400063514709473,3.3835227489471436,0.3333333432674408,0.6434482932090759,0.1431034356355667,0.27061352133750916,-0.39375585317611694,0.513357937335968,-0.03602265194058418,0.6194546222686768,0.16164793074131012,0.4893087148666382,-0.3492462933063507,0.3593505620956421,0.3593505620956421,0.3524332344532013,1.3171080350875854,0.6640279293060303,0.0,0.006917327642440796,0.006917327642440796,-0.05763624235987663,-0.05763624235987663,0.04801566153764725,-1.3657387495040894,-0.3744412064552307,0.0,-0.10565190389752388,-0.10565190389752388,0.3097273111343384,0.3097273111343384,0.2034599334001541,1.9512877464294434,0.4048570692539215,0.0,0.10626737773418427,0.10626737773418427,0.11315354704856873,0.11315354704856873,0.09075108915567398,-1.0062099695205688,-1.387818455696106,0.0,0.022402457892894745,0.022402457892894745,0.2446543574333191,0.2446543574333191,0.17581140995025635,1.2050883769989014,-0.6732319593429565,0.0,0.06884294748306274,0.06884294748306274,-0.17462314665317535,-0.17462314665317535,-0.007439984939992428,0.767423689365387,0.23820996284484863,0.0,-0.16718316171318293,-0.16718316171318293
933,31.099999999999998,24,0,0,,4,uneven rough,11,0.0,98.82598876953125,34.4345703125,0.539250910282135,1.6603522300720215,0.4894564151763916,1.6603522300720215,0.4894564151763916,8.399985313415527,0.0,0.0,-0.5295185446739197,0.0447351448237896,0.8301761150360107,0.2447282075881958,0.21367278695106506,0.35236576199531555,-0.533648669719696,0.16834565997123718,0.6879676580429077,0.19262777268886566,0.14957094192504883,0.14957094192504883,0.10712303221225739,1.7106486558914185,-0.41094478964805603,0.0,0.04244790971279144,0.04244790971279144,0.17618288099765778,0.17618288099765778,0.2724458575248718,-2.0000529289245605,1.2240395545959473,0.0,-0.09626297652721405,-0.09626297652721405,-0.266824334859848,-0.266824334859848,-0.049822524189949036,-1.119361162185669,-0.7173977494239807,0.0,-0.217001810669899,-0.217001810669899,0.11784195899963379,0.11784195899963379,0.044640541076660156,2.011032819747925,1.3587054014205933,0.0,0.07320141792297363,0.07320141792297363,0.34398382902145386,0.34398382902145386,0.21589908003807068,2.073631763458252,1.0443120002746582,0.0,0.12808474898338318,0.12808474898338318,0.09631388634443283,0.09631388634443283,0.02136281691491604,1.4597578048706055,0.8465672135353088,0.0,0.07495106942951679,0.07495106942951679
934,31.133333333333333,4,0,0,,4,uneven rough,5,0.0,50.095542907714844,30.32069969177246,0.2861008048057556,1.4581289291381836,0.395129919052124,1.4581289291381836,0.395129919052124,3.5020580291748047,1.4683561325073242,0.5,0.08691978454589844,0.17578653991222382,0.7290644645690918,0.197564959526062,-0.23084323108196259,0.4324442148208618,0.5377889275550842,0.6977403163909912,0.25539305806159973,0.10233065485954285,-0.16159026324748993,-0.16159026324748993,0.37627968192100525,-1.8796364068984985,0.8896287083625793,0.0,-0.5378699451684952,-0.5378699451684952,0.2162221074104309,0.2162221074104309,0.1679057627916336,1.65641188621521,0.7677809596061707,0.0,0.0483163446187973,0.0483163446187973,0.2688944637775421,0.2688944637775421,0.1833673119544983,1.3236973285675049,-1.0557807683944702,0.0,0.08552715182304382,0.08552715182304382,0.48841822147369385,0.48841822147369385,0.2760695815086365,1.8606984615325928,1.3992266654968262,0.0,0.21234863996505737,0.21234863996505737,0.12769652903079987,0.12769652903079987,0.13934198021888733,-0.776886522769928,0.39273378252983093,0.0,-0.011645451188087463,-0.011645451188087463,0.05116532742977142,0.05116532742977142,0.04453682899475098,1.357214093208313,0.8845842480659485,0.0,0.006628498435020447,0.006628498435020447
934,31.133333333333333,14,0,0,,4,uneven rough,5,0.0,50.95701599121094,32.28741455078125,0.19537359476089478,1.4066886901855469,0.33878448605537415,1.4066886901855469,0.33878448605537415,6.276101112365723,0.8316650390625,0.3333333432674408,0.671602725982666,0.14601010084152222,0.7033443450927734,0.16939224302768707,0.5934543609619141,0.40663841366767883,-0.11812197417020798,0.47134530544281006,0.39844003319740295,0.18755367398262024,0.4154180586338043,0.4154180586338043,0.3845607340335846,1.5311906337738037,1.033280611038208,0.0,0.030857324600219727,0.030857324600219727,0.20331920683383942,0.20331920683383942,0.1080860123038292,1.9993075132369995,-0.9349226355552673,0.0,0.09523319453001022,0.09523319453001022,-0.05906098708510399,-0.05906098708510399,0.16075639426708221,-1.9683059453964233,1.2792117595672607,0.0,-0.2198173813521862,-0.2198173813521862,0.3299417197704315,0.3299417197704315,0.13134801387786865,1.6083765029907227,-1.1720563173294067,0.0,0.19859370589256287,0.19859370589256287,0.19922001659870148,0.19922001659870148,0.20489290356636047,-0.24654699862003326,0.38877373933792114,0.0,-0.005672886967658997,-0.005672886967658997,0.09377683699131012,0.09377683699131012,0.05190595984458923,1.8015668392181396,0.5374283790588379,0.0,0.041870877146720886,0.041870877146720886
934,31.133333333333333,24,0,0,,4,uneven rough,11,0.0,98.87071228027344,34.44060134887695,0.5360769629478455,1.8288923501968384,0.067886121571064,1.8288923501968384,0.067886121571064,9.827018737792969,3.3333334922790527,0.1666666716337204,-0.849635124206543,0.21083539724349976,0.9144461750984192,0.033943060785532,-0.7866231799125671,0.40283849835395813,0.11319413781166077,0.379161536693573,0.5928012132644653,0.030066965147852898,-0.5506362318992615,-0.5506362318992615,0.07888009399175644,-1.589029312133789,0.7886079549789429,0.0,-0.6295163258910179,-0.6295163258910179,0.20141924917697906,0.20141924917697906,0.2368037849664688,-1.0961940288543701,-0.5988681316375732,0.0,-0.035384535789489746,-0.035384535789489746,0.05659706890583038,0.05659706890583038,-0.02472183108329773,1.9386975765228271,-0.9446685910224915,0.0,0.08131889998912811,0.08131889998912811,0.2654130756855011,0.2654130756855011,0.11015192419290543,1.8536816835403442,1.7275325059890747,0.0,0.15526115149259567,0.15526115149259567,0.29640060663223267,0.29640060663223267,0.25244855880737305,1.3175214529037476,1.626291275024414,0.0,0.04395204782485962,0.04395204782485962,0.015033482573926449,0.015033482573926449,0.00892671663314104,-0.7027590870857239,1.1932662725448608,0.0,0.006106765940785408,0.006106765940785408
935,31.166666666666668,4,0,0,,4,uneven rough,5,0.0,50.12160873413086,30.307504653930664,0.2923806309700012,1.4158263206481934,0.15670228004455566,1.4158263206481934,0.15670228004455566,6.521241188049316,4.208887100219727,0.4088420271873474,-0.19462381303310394,0.11302982270717621,0.7079131603240967,0.07835114002227783,0.5229198932647705,0.26587268710136414,0.2870739698410034,0.33080193400382996,-0.061462536454200745,-0.2274964302778244,0.36604392528533936,0.36604392528533936,0.37633126974105835,0.6459676623344421,-0.6761187314987183,0.0,-0.010287344455718994,-0.010287344455718994,0.13293634355068207,0.13293634355068207,0.14904512465000153,-1.3550691604614258,1.2702144384384155,0.0,-0.016108781099319458,-0.016108781099319458,0.1435369849205017,0.1435369849205017,0.12614655494689941,-1.9145913124084473,0.28958040475845337,0.0,0.017390429973602295,0.017390429973602295,0.2315613478422165,0.2315613478422165,0.254216730594635,-1.6286259889602661,1.6601436138153076,0.0,-0.022655382752418518,-0.022655382752418518,-0.09834005683660507,-0.09834005683660507,0.07000137865543365,-1.6042413711547852,-0.2685716450214386,0.0,-0.16834143549203873,-0.16834143549203873,-0.1137482151389122,-0.1137482151389122,0.013684696517884731,-1.4098470211029053,1.1518100500106812,0.0,-0.12743291165679693,-0.12743291165679693
935,31.166666666666668,14,0,0,,4,uneven rough,5,0.0,50.987709045410156,32.268035888671875,0.20157304406166077,1.3384863138198853,0.15002377331256866,1.3384863138198853,0.15002377331256866,6.765208721160889,2.249577045440674,0.25233763456344604,0.44674158096313477,0.30457693338394165,0.6692431569099426,0.07501188665628433,-0.20049333572387695,0.4080740213394165,0.2082085758447647,0.7069393396377563,0.4343331456184387,0.00378913851454854,-0.14034533500671387,-0.14034533500671387,0.3377414047718048,-1.8147165775299072,1.3147997856140137,0.0,-0.4780867397785187,-0.4780867397785187,0.20403701066970825,0.20403701066970825,0.1753534972667694,1.8628556728363037,0.7240963578224182,0.0,0.028683513402938843,0.028683513402938843,0.10410428792238235,0.10410428792238235,0.10076078772544861,-0.771472692489624,-0.5569405555725098,0.0,0.0033435001969337463,0.0033435001969337463,0.494857519865036,0.494857519865036,0.19849584996700287,1.8076571226119995,0.40000540018081665,0.0,0.29636166989803314,0.29636166989803314,0.21716657280921936,0.21716657280921936,0.20744478702545166,0.3386152982711792,0.029562262818217278,0.0,0.0097217857837677,0.0097217857837677,0.00189456925727427,0.00189456925727427,0.05042401701211929,0.48630332946777344,1.2521744966506958,0.0,-0.04852944775484502,-0.04852944775484502
935,31.166666666666668,24,0,0,,4,uneven rough,11,0.0,98.91218566894531,34.454933166503906,0.5389482378959656,1.5360950231552124,0.41155219078063965,1.5360950231552124,0.41155219078063965,8.84646224975586,6.6666669845581055,0.3333333432674408,-0.3836302161216736,0.0853591188788414,0.7680475115776062,0.20577609539031982,-0.2236427515745163,0.25302404165267944,0.07014071196317673,0.12045467644929886,0.3770023584365845,0.4167616069316864,-0.15654993057250977,-0.15654993057250977,0.018379492685198784,-1.9999984502792358,-0.5557124018669128,0.0,-0.17492942325770855,-0.17492942325770855,0.12651202082633972,0.12651202082633972,0.1720445156097412,-2.0000011920928955,-0.8800570964813232,0.0,-0.04553249478340149,-0.04553249478340149,0.035070355981588364,0.035070355981588364,0.03748989477753639,1.5278782844543457,0.6855918169021606,0.0,-0.0024195387959480286,-0.0024195387959480286,0.08431827276945114,0.08431827276945114,0.10213258117437363,-1.3598811626434326,1.7988574504852295,0.0,-0.017814308404922485,-0.017814308404922485,0.18850117921829224,0.18850117921829224,0.19689776003360748,-1.9367278814315796,1.4517122507095337,0.0,-0.008396580815315247,-0.008396580815315247,0.2083808034658432,0.2083808034658432,0.055751025676727295,1.523107886314392,0.12125016003847122,0.0,0.1526297777891159,0.1526297777891159
936,31.2,4,0,0,,4,uneven rough,5,0.0,50.152339935302734,30.300308227539062,0.28874820470809937,1.236043930053711,-0.4256174862384796,1.236043930053711,-0.4256174862384796,2.8395755290985107,2.2178375720977783,0.3333333432674408,-0.14945915341377258,0.12408177554607391,0.6180219650268555,-0.2128087431192398,0.4202210009098053,-0.039679113775491714,0.7850741147994995,-0.03372964262962341,0.05479241907596588,-0.3807123601436615,0.29415470361709595,0.29415470361709595,0.33536142110824585,-1.9999892711639404,0.0713912844657898,0.0,-0.0412067174911499,-0.0412067174911499,-0.06348658353090286,-0.06348658353090286,0.08546382933855057,-1.9884696006774902,-0.2141255885362625,0.0,-0.14895041286945343,-0.14895041286945343,0.39253705739974976,0.39253705739974976,0.09256154298782349,-0.9202944040298462,-0.9566622376441956,0.0,0.29997551441192627,0.29997551441192627,-0.02361075021326542,-0.02361075021326542,0.2067357301712036,-1.6958701610565186,-0.1993326097726822,0.0,-0.23034648038446903,-0.23034648038446903,0.02739620953798294,0.02739620953798294,0.03880896791815758,-0.3722357749938965,-1.0237617492675781,0.0,-0.011412758380174637,-0.011412758380174637,-0.19035618007183075,-0.19035618007183075,-0.014381478540599346,-0.9534178972244263,-0.29655542969703674,0.0,-0.1759747015312314,-0.1759747015312314
936,31.2,14,0,0,,4,uneven rough,5,0.0,51.01275634765625,32.2539176940918,0.20230278372764587,0.934816837310791,0.4090397357940674,0.934816837310791,0.4090397357940674,5.5768537521362305,0.8932474851608276,0.3333333432674408,0.6008754968643188,0.14311936497688293,0.4674084186553955,0.2045198678970337,0.3878004848957062,0.09815452247858047,0.20974814891815186,0.4588773250579834,0.08485406637191772,-0.01899198442697525,0.27146032452583313,0.27146032452583313,0.27214568853378296,-1.8184202909469604,-0.4546343684196472,0.0,-0.0006853640079498291,-0.0006853640079498291,0.04907726123929024,0.04907726123929024,0.11531374603509903,-1.8878109455108643,1.3679529428482056,0.0,-0.06623648479580879,-0.06623648479580879,0.10487407445907593,0.10487407445907593,0.09119094908237457,0.4444420635700226,-0.6782374382019043,0.0,0.013683125376701355,0.013683125376701355,0.32121410965919495,0.32121410965919495,0.263130247592926,1.9392292499542236,1.1958942413330078,0.0,0.05808386206626892,0.05808386206626892,0.04242703318595886,0.04242703318595886,0.13402709364891052,-1.999974012374878,0.2043014019727707,0.0,-0.09160006046295166,-0.09160006046295166,-0.009495992213487625,-0.009495992213487625,0.04750582575798035,-0.8455091118812561,0.8191495537757874,0.0,-0.05700181797146797,-0.05700181797146797
936,31.2,24,0,0,,4,uneven rough,11,0.0,98.95533752441406,34.46384811401367,0.5362392067909241,1.6997485160827637,0.6603633165359497,1.6997485160827637,0.6603633165359497,8.788965225219727,2.023381233215332,0.1666666716337204,-0.08659549802541733,0.1363900899887085,0.8498742580413818,0.33018165826797485,0.2520565688610077,0.18898248672485352,0.20444901287555695,0.2414744347333908,-0.07070617377758026,-0.00885897409170866,0.17643959820270538,0.17643959820270538,0.023391325026750565,1.9963469505310059,-1.3723143339157104,0.0,0.15304827317595482,0.15304827317595482,0.09449124336242676,0.09449124336242676,0.10511472821235657,-1.968524694442749,-1.5132755041122437,0.0,-0.01062348484992981,-0.01062348484992981,0.10222450643777847,0.10222450643777847,0.08964329957962036,-1.9247806072235107,1.1618220806121826,0.0,0.012581206858158112,0.012581206858158112,0.16903209686279297,0.16903209686279297,0.10156341642141342,0.882038414478302,0.012900996021926403,0.0,0.06746868044137955,0.06746868044137955,-0.1131298765540123,-0.1131298765540123,0.13189856708049774,-1.3314721584320068,-0.4641178846359253,0.0,-0.24502844363451004,-0.24502844363451004,-0.00442948704585433,-0.00442948704585433,0.02465129643678665,-1.0026402473449707,0.9138630032539368,0.0,-0.02908078348264098,-0.02908078348264098
937,31.233333333333334,4,0,0,,4,uneven rough,5,0.0,50.181739807128906,30.286365509033203,0.27995607256889343,1.637491226196289,-0.4474523961544037,1.637491226196289,-0.4474523961544037,5.241663932800293,3.929529905319214,0.3333333432674408,-0.2799920439720154,0.22252385318279266,0.8187456130981445,-0.22372619807720184,0.8564263582229614,-0.09383026510477066,0.5369335412979126,0.06897585839033127,0.39958345890045166,-0.2537030279636383,0.599498450756073,0.599498450756073,0.3652476370334625,1.9821624755859375,-1.0997710227966309,0.0,0.23425081372261047,0.23425081372261047,-0.15012842416763306,-0.15012842416763306,0.03603626787662506,-1.233582615852356,-1.2173428535461426,0.0,-0.18616469204425812,-0.18616469204425812,0.2684667706489563,0.2684667706489563,0.10292179137468338,0.29665902256965637,-0.9360998272895813,0.0,0.16554497927427292,0.16554497927427292,0.04828310012817383,0.04828310012817383,0.13724280893802643,-1.9900591373443604,-1.0454776287078857,0.0,-0.0889597088098526,-0.0889597088098526,0.19979172945022583,0.19979172945022583,0.10308083146810532,2.0001413822174072,-0.6553877592086792,0.0,0.09671089798212051,0.09671089798212051,-0.12685151398181915,-0.12685151398181915,-0.049293071031570435,-1.8294399976730347,-0.6679466366767883,0.0,-0.07755844295024872,-0.07755844295024872
937,31.233333333333334,14,0,0,,4,uneven rough,5,0.0,51.0435791015625,32.24482345581055,0.20119984447956085,1.1614234447479248,0.06642875075340271,1.1614234447479248,0.06642875075340271,7.0992536544799805,1.2966704368591309,0.3333333432674408,0.6848012208938599,0.12481945753097534,0.5807117223739624,0.033214375376701355,0.37285953760147095,0.20160706341266632,0.5580666065216064,0.18449503183364868,-0.3983617126941681,0.018202949315309525,0.26100167632102966,0.26100167632102966,0.2773329019546509,0.21278157830238342,-1.2257213592529297,0.0,-0.016331225633621216,-0.016331225633621216,0.10080353170633316,0.10080353170633316,0.10148054361343384,0.8034471869468689,-0.47286179661750793,0.0,-0.0006770119071006775,-0.0006770119071006775,0.2790333032608032,0.2790333032608032,0.14667446911334991,0.46640482544898987,-0.043472424149513245,0.0,0.1323588341474533,0.1323588341474533,0.1291465163230896,0.1291465163230896,0.22037510573863983,-1.9375715255737305,1.6161772012710571,0.0,-0.09122858941555023,-0.09122858941555023,-0.6373787522315979,-0.6373787522315979,0.11253504455089569,1.2702635526657104,-1.0419998168945312,0.0,-0.7499137967824936,-0.7499137967824936,0.009101474657654762,0.009101474657654762,0.04209829121828079,0.09155513346195221,-0.12205144017934799,0.0,-0.03299681656062603,-0.03299681656062603
937,31.233333333333334,24,0,0,,4,uneven rough,11,0.0,99.00615692138672,34.47106170654297,0.5327479839324951,1.6614758968353271,-0.051399197429418564,1.6614758968353271,-0.051399197429418564,8.76833724975586,5.321641445159912,0.3333333432674408,-0.1234491765499115,0.16785919666290283,0.8307379484176636,-0.025699598714709282,-0.6388211846351624,0.2662186324596405,0.47916221618652344,0.13439597189426422,0.28260669112205505,0.12674184143543243,-0.4471748173236847,-0.4471748173236847,0.019401855766773224,-0.7319172620773315,0.5323328375816345,0.0,-0.4665766730904579,-0.4665766730904579,0.13310931622982025,0.13310931622982025,0.11425148695707321,1.0944586992263794,-1.770674228668213,0.0,0.01885782927274704,0.01885782927274704,0.23958110809326172,0.23958110809326172,0.10670030117034912,0.18456216156482697,-0.5833486318588257,0.0,0.1328808069229126,0.1328808069229126,0.09407717734575272,0.09407717734575272,0.12781159579753876,0.1295263022184372,0.5043128728866577,0.0,-0.03373441845178604,-0.03373441845178604,0.14130334556102753,0.14130334556102753,0.14367584884166718,0.18113578855991364,-0.9545215368270874,0.0,-0.0023725032806396484,-0.0023725032806396484,0.06337092071771622,0.06337092071771622,0.06545720249414444,1.6841555833816528,-0.16973137855529785,0.0,-0.0020862817764282227,-0.0020862817764282227
938,31.266666666666666,4,0,0,,4,uneven rough,5,0.0,50.202510833740234,30.259279251098633,0.28114020824432373,1.1441857814788818,-0.15572518110275269,1.1441857814788818,-0.15572518110275269,1.5027828216552734,5.070274353027344,0.5,-0.2519000470638275,0.08482539653778076,0.5720928907394409,-0.07786259055137634,0.7387604117393494,0.08173855394124985,0.7510691285133362,0.30736762285232544,0.4622567594051361,-0.15343837440013885,0.5171322822570801,0.5171322822570801,0.43140625953674316,1.9346342086791992,0.6427597403526306,0.0,0.08572602272033691,0.08572602272033691,0.040869276970624924,0.040869276970624924,0.06211015209555626,1.2288888692855835,-1.226524829864502,0.0,-0.021240875124931335,-0.021240875124931335,0.3755345642566681,0.3755345642566681,0.1426069438457489,1.1575140953063965,-0.2390957623720169,0.0,0.2329276204109192,0.2329276204109192,0.21515733003616333,0.21515733003616333,0.15540985763072968,1.9719693660736084,-1.5795457363128662,0.0,0.059747472405433655,0.059747472405433655,0.23112837970256805,0.23112837970256805,0.1673620492219925,1.6186127662658691,0.8460531830787659,0.0,0.06376633048057556,0.06376633048057556,-0.07671918720006943,-0.07671918720006943,-0.08462875336408615,-0.8454623818397522,-1.3246570825576782,0.0,0.007909566164016724,0.007909566164016724
938,31.266666666666666,14,0,0,,4,uneven rough,5,0.0,51.078514099121094,32.2365837097168,0.19831040501594543,1.553271770477295,0.2712165117263794,1.553271770477295,0.2712165117263794,5.263745307922363,2.051398754119873,0.3333333432674408,0.44389113783836365,0.15250876545906067,0.7766358852386475,0.1356082558631897,0.5362860560417175,0.41611310839653015,-0.42013615369796753,0.14987921714782715,0.4405229091644287,0.16627204418182373,0.37540024518966675,0.37540024518966675,0.3355645537376404,2.0000007152557373,-0.41238921880722046,0.0,0.03983569145202637,0.03983569145202637,0.20805655419826508,0.20805655419826508,0.16758131980895996,2.0000007152557373,0.24876558780670166,0.0,0.040475234389305115,0.040475234389305115,-0.21006807684898376,-0.21006807684898376,0.0861222967505455,-2.000000476837158,0.24481308460235596,0.0,-0.29619037359952927,-0.29619037359952927,0.10491544753313065,0.10491544753313065,0.1508275717496872,-1.9906284809112549,-0.3931187093257904,0.0,-0.04591212421655655,-0.04591212421655655,0.22026145458221436,0.22026145458221436,0.17861813306808472,1.9868743419647217,0.265358030796051,0.0,0.04164332151412964,0.04164332151412964,0.08313602209091187,0.08313602209091187,0.07697488367557526,1.4741699695587158,-0.0012778991367667913,0.0,0.006161138415336609,0.006161138415336609
938,31.266666666666666,24,0,0,,4,uneven rough,11,0.0,99.06024169921875,34.492347717285156,0.5312775373458862,1.5050588846206665,0.3887506425380707,1.5050588846206665,0.3887506425380707,7.801475524902344,5.368507385253906,0.5,0.3801440894603729,0.0555163137614727,0.7525294423103333,0.19437532126903534,-0.366167277097702,0.376392662525177,0.0186137855052948,0.1138823926448822,0.5464191436767578,-0.2076927125453949,-0.2563170790672302,-0.2563170790672302,-0.029500845819711685,-0.1349964141845703,-0.18247643113136292,0.0,-0.22681623324751854,-0.22681623324751854,0.1881963312625885,0.1881963312625885,0.17230485379695892,1.936182975769043,-0.150722935795784,0.0,0.015891477465629578,0.015891477465629578,0.0093068927526474,0.0093068927526474,0.055153604596853256,0.5508233308792114,-0.14917050302028656,0.0,-0.045846711844205856,-0.045846711844205856,0.07971767336130142,0.07971767336130142,0.11963160336017609,-2.0216434001922607,0.2924078702926636,0.0,-0.039913929998874664,-0.039913929998874664,0.2732095718383789,0.2732095718383789,0.20744994282722473,1.627845287322998,-0.3124188482761383,0.0,0.06575962901115417,0.06575962901115417,-0.10384635627269745,-0.10384635627269745,0.04023811221122742,1.902087926864624,0.878459632396698,0.0,-0.14408446848392487,-0.14408446848392487
939,31.3,4,0,0,,4,uneven rough,5,0.0,50.2226676940918,30.23392677307129,0.2832079529762268,1.1303277015686035,1.3114049434661865,1.1303277015686035,1.3114049434661865,2.3463504314422607,4.80880069732666,0.5,-0.3447805643081665,0.20206785202026367,0.5651638507843018,0.6557024717330933,0.39669060707092285,0.2449663281440735,0.3660711944103241,0.5654385089874268,0.5568307042121887,0.15603411197662354,0.27768340706825256,0.27768340706825256,0.4076507091522217,-1.9214974641799927,1.3731878995895386,0.0,-0.12996730208396912,-0.12996730208396912,0.12248316407203674,0.12248316407203674,0.11833617091178894,1.4166227579116821,0.16177049279212952,0.0,0.004146993160247803,0.004146993160247803,0.18303559720516205,0.18303559720516205,0.1871693879365921,0.5129295587539673,0.5505499839782715,0.0,-0.004133790731430054,-0.004133790731430054,0.3958069384098053,0.3958069384098053,0.22627203166484833,1.8091527223587036,0.42848724126815796,0.0,0.16953490674495697,0.16953490674495697,0.27841535210609436,0.27841535210609436,0.22918236255645752,1.7922406196594238,1.2828598022460938,0.0,0.04923298954963684,0.04923298954963684,0.07801705598831177,0.07801705598831177,-0.05179716646671295,-0.4291830360889435,-1.0537195205688477,0.0,0.12981422245502472,0.12981422245502472
939,31.3,14,0,0,,4,uneven rough,5,0.0,51.107662200927734,32.2262077331543,0.19546544551849365,0.695774495601654,1.2839839458465576,0.695774495601654,1.2839839458465576,3.445840835571289,0.0,0.0,0.43833017349243164,0.14713053405284882,0.347887247800827,0.6419919729232788,0.386744886636734,0.2788437604904175,-0.11078818142414093,0.5889685750007629,0.43610289692878723,-0.06711336970329285,0.2707214057445526,0.2707214057445526,0.28794291615486145,-1.5750038623809814,0.9515804052352905,0.0,-0.017221510410308838,-0.017221510410308838,0.13942188024520874,0.13942188024520874,0.18571022152900696,-0.03795509412884712,1.2389171123504639,0.0,-0.04628834128379822,-0.04628834128379822,-0.055394090712070465,-0.055394090712070465,0.025940755382180214,-1.964362621307373,-1.0244085788726807,0.0,-0.08133484609425068,-0.08133484609425068,0.4122779965400696,0.4122779965400696,0.21383816003799438,1.964278221130371,-1.2963535785675049,0.0,0.1984398365020752,0.1984398365020752,0.21805144846439362,0.21805144846439362,0.17446044087409973,-0.2886221706867218,1.2387064695358276,0.0,0.043591007590293884,0.043591007590293884,-0.03355668485164642,-0.03355668485164642,0.05537645146250725,-1.3536349534988403,0.8329429626464844,0.0,-0.08893313631415367,-0.08893313631415367
939,31.3,24,0,0,,4,uneven rough,11,0.0,99.11138916015625,34.50878143310547,0.5338956117630005,1.8160878419876099,0.1170649603009224,1.8160878419876099,0.1170649603009224,7.951146602630615,3.4465365409851074,0.5,0.72263503074646,0.06273694336414337,0.9080439209938049,0.0585324801504612,0.26106053590774536,0.19371920824050903,-0.5271106362342834,-0.13794022798538208,0.6247708797454834,-0.3974039852619171,0.18274237215518951,0.18274237215518951,0.01803125999867916,1.4933675527572632,-0.1556311398744583,0.0,0.16471111215651035,0.16471111215651035,0.09685960412025452,0.09685960412025452,0.1661985069513321,-1.749097228050232,1.0292173624038696,0.0,-0.06933890283107758,-0.06933890283107758,-0.2635553181171417,-0.2635553181171417,0.013821179047226906,-1.2334941625595093,0.24660727381706238,0.0,-0.27737649716436863,-0.27737649716436863,-0.09655816107988358,-0.09655816107988358,0.047501951456069946,-1.6762200593948364,-1.0159608125686646,0.0,-0.14406011253595352,-0.14406011253595352,0.3123854398727417,0.3123854398727417,0.2297677993774414,0.9989947080612183,0.7846099734306335,0.0,0.08261764049530029,0.08261764049530029,-0.19870199263095856,-0.19870199263095856,0.021816302090883255,0.30288389325141907,1.4572209119796753,0.0,-0.2205182947218418,-0.2205182947218418
940,31.333333333333332,4,0,0,,4,uneven rough,5,0.0,50.237422943115234,30.209590911865234,0.2856956124305725,1.7299643754959106,0.9522835612297058,1.7299643754959106,0.9522835612297058,6.275418758392334,7.954134941101074,0.5,-0.42484331130981445,0.09189800918102264,0.8649821877479553,0.4761417806148529,0.8237801790237427,-0.14754430949687958,-0.043240439146757126,0.7088737487792969,0.40670260787010193,0.27527403831481934,0.576646089553833,0.576646089553833,0.4286324381828308,1.989965796470642,-0.48963311314582825,0.0,0.1480136513710022,0.1480136513710022,-0.2360709011554718,-0.2360709011554718,0.06446562707424164,-0.7151283025741577,0.8712661862373352,0.0,-0.30053652822971344,-0.30053652822971344,-0.021620219573378563,-0.021620219573378563,0.11927098035812378,-1.9920576810836792,0.529279351234436,0.0,-0.14089119993150234,-0.14089119993150234,0.49621161818504333,0.49621161818504333,0.2606631815433502,1.0855478048324585,1.2091180086135864,0.0,0.23554843664169312,0.23554843664169312,0.20335130393505096,0.20335130393505096,0.19116486608982086,-0.2267390340566635,1.5708645582199097,0.0,0.012186437845230103,0.012186437845230103,0.13763701915740967,0.13763701915740967,-0.041852742433547974,0.998914361000061,-0.7006054520606995,0.0,0.17948976159095764,0.17948976159095764
940,31.333333333333332,14,0,0,,4,uneven rough,5,0.0,51.13733673095703,32.22007369995117,0.1980031281709671,1.1921464204788208,0.4755762219429016,1.1921464204788208,0.4755762219429016,5.704176902770996,8.82967758178711,0.5,0.18964116275310516,0.08174454420804977,0.5960732102394104,0.2377881109714508,0.2838626801967621,0.05384615436196327,0.5704878568649292,0.238081693649292,0.20587728917598724,0.16976192593574524,0.19870387017726898,0.19870387017726898,0.2425648272037506,-1.4104102849960327,-0.476954847574234,0.0,-0.04386095702648163,-0.04386095702648163,0.026923077180981636,0.026923077180981636,0.13615404069423676,-0.8974988460540771,0.5169712901115417,0.0,-0.10923096351325512,-0.10923096351325512,0.2852439284324646,0.2852439284324646,0.06428598612546921,0.08912654221057892,-1.5558602809906006,0.0,0.2209579423069954,0.2209579423069954,0.16665717959403992,0.16665717959403992,0.2011520266532898,-0.9086880087852478,0.5472134947776794,0.0,-0.03449484705924988,-0.03449484705924988,0.10293864458799362,0.10293864458799362,0.09394878894090652,-1.5623940229415894,0.3751521110534668,0.0,0.008989855647087097,0.008989855647087097,0.08488096296787262,0.08488096296787262,0.08468828350305557,0.5730961561203003,-0.40335211157798767,0.0,0.00019267946481704712,0.00019267946481704712
940,31.333333333333332,24,0,0,,4,uneven rough,11,0.0,99.15760040283203,34.53309631347656,0.5361757278442383,1.6867655515670776,-0.8789618611335754,1.6867655515670776,-0.8789618611335754,8.206087112426758,1.6170982122421265,0.3333333432674408,1.1400961875915527,0.19756779074668884,0.8433827757835388,-0.4394809305667877,-0.040168460458517075,0.2693641185760498,-0.07774100452661514,-0.4201144874095917,-0.04743538424372673,-0.23990263044834137,-0.028117921203374863,-0.028117921203374863,0.007524043321609497,-1.3604037761688232,0.7767156958580017,0.0,-0.03564196452498436,-0.03564196452498436,0.1346820592880249,0.1346820592880249,0.12040893733501434,-0.06336410343647003,-0.5416466593742371,0.0,0.014273121953010559,0.014273121953010559,-0.03887050226330757,-0.03887050226330757,-0.04662773385643959,-1.1550747156143188,-0.590244710445404,0.0,0.007757231593132019,0.007757231593132019,-0.29408013820648193,-0.29408013820648193,0.004323860164731741,-1.2276517152786255,-1.3892725706100464,0.0,-0.2984039983712137,-0.2984039983712137,-0.07589661329984665,-0.07589661329984665,0.1868414580821991,-0.8658272624015808,0.9058234691619873,0.0,-0.26273807138204575,-0.26273807138204575,-0.11995131522417068,-0.11995131522417068,-0.03187818080186844,-0.7175318598747253,0.8045567274093628,0.0,-0.08807313442230225,-0.08807313442230225
941,31.366666666666667,4,0,0,,4,uneven rough,5,0.0,50.25322723388672,30.186914443969727,0.2888261079788208,1.713606595993042,0.22193267941474915,1.713606595993042,0.22193267941474915,8.169966697692871,5.450679302215576,0.3333333432674408,-0.4761979281902313,0.24134331941604614,0.856803297996521,0.11096633970737457,-0.2625301480293274,-0.03155260533094406,0.7196668386459351,0.6014416217803955,0.4405306279659271,0.1560995876789093,-0.18377110362052917,-0.18377110362052917,0.3977380096912384,-1.8893274068832397,0.912336528301239,0.0,-0.5815091133117676,-0.5815091133117676,-0.05048416927456856,-0.05048416927456856,0.012794646434485912,-1.7685270309448242,-0.02568409964442253,0.0,-0.06327881570905447,-0.06327881570905447,0.35983341932296753,0.35983341932296753,0.1598549783229828,1.6030648946762085,-0.8962891101837158,0.0,0.19997844099998474,0.19997844099998474,0.4210091233253479,0.4210091233253479,0.32520046830177307,1.9025193452835083,1.1392512321472168,0.0,0.09580865502357483,0.09580865502357483,0.22026531398296356,0.22026531398296356,0.1632504016160965,-0.2751816511154175,0.5544962286949158,0.0,0.057014912366867065,0.057014912366867065,0.07804979383945465,0.07804979383945465,0.00701921759173274,1.6129584312438965,0.26030611991882324,0.0,0.07103057624772191,0.07103057624772191
941,31.366666666666667,14,0,0,,4,uneven rough,5,0.0,51.17119216918945,32.20161437988281,0.20327311754226685,1.7446693181991577,0.01440440583974123,1.7446693181991577,0.01440440583974123,8.533260345458984,3.9458866119384766,0.3333333432674408,-0.11639564484357834,0.1551676094532013,0.8723346590995789,0.007202202919870615,0.589765191078186,0.3539561331272125,0.5170343518257141,0.5360713005065918,0.17531247437000275,0.13013577461242676,0.41283562779426575,0.41283562779426575,0.26386791467666626,1.8169145584106445,-1.0047322511672974,0.0,0.1489677131175995,0.1489677131175995,0.17697806656360626,0.17697806656360626,0.17816747725009918,0.7224668264389038,-0.28277266025543213,0.0,-0.00118941068649292,-0.00118941068649292,0.25851717591285706,0.25851717591285706,0.10761368274688721,0.44218242168426514,-0.625781774520874,0.0,0.15090349316596985,0.15090349316596985,0.3752498924732208,0.3752498924732208,0.21958738565444946,1.6514250040054321,-0.27595582604408264,0.0,0.15566250681877136,0.15566250681877136,0.08765623718500137,0.08765623718500137,0.10207682847976685,-1.086828589439392,-0.7203399538993835,0.0,-0.014420591294765472,-0.014420591294765472,0.06506788730621338,0.06506788730621338,0.08936404436826706,-0.6731809377670288,0.1487334966659546,0.0,-0.02429615706205368,-0.02429615706205368
941,31.366666666666667,24,0,0,,4,uneven rough,11,0.0,99.20787048339844,34.5546760559082,0.5475538969039917,1.6759430170059204,-0.48371216654777527,1.6759430170059204,-0.48371216654777527,8.653435707092285,1.1363877058029175,0.1666666716337204,1.2861357927322388,0.2637990117073059,0.8379715085029602,-0.24185608327388763,0.31788870692253113,0.4112038016319275,0.21801015734672546,-0.4472595155239105,0.0487811379134655,-0.517639696598053,0.2225220948457718,0.2225220948457718,0.05539252236485481,1.7955881357192993,-0.4316154718399048,0.0,0.16712957248091698,0.16712957248091698,0.20560190081596375,0.20560190081596375,0.16911160945892334,1.6182336807250977,-0.27122485637664795,0.0,0.036490291357040405,0.036490291357040405,0.10900507867336273,0.10900507867336273,-0.04715130850672722,-0.059340741485357285,-0.9096006155014038,0.0,0.15615638718008995,0.15615638718008995,-0.31308165192604065,-0.31308165192604065,-0.060655321925878525,-1.902338981628418,-1.2978918552398682,0.0,-0.2524263300001621,-0.2524263300001621,0.02439056895673275,0.02439056895673275,0.1497344821691513,-1.2375938892364502,-0.09587103873491287,0.0,-0.12534391321241856,-0.12534391321241856,-0.2588198482990265,-0.2588198482990265,-0.04126015305519104,0.8893051147460938,-0.05603489279747009,0.0,-0.21755969524383545,-0.21755969524383545
942,31.4,4,0,0,,4,uneven rough,5,0.0,50.27570724487305,30.16498374938965,0.2983305752277374,1.5579532384872437,-0.1409086436033249,1.5579532384872437,-0.1409086436033249,7.9760236740112305,6.6666669845581055,0.3333333432674408,-0.5638124346733093,0.09607577323913574,0.7789766192436218,-0.07045432180166245,0.10525674372911453,0.18493953347206116,0.7552064061164856,0.5385569334030151,0.28911158442497253,0.12428019940853119,0.07367972284555435,0.07367972284555435,0.3389129042625427,-1.259990930557251,-0.6717292666435242,0.0,-0.2652331814169884,-0.2652331814169884,0.09246976673603058,0.09246976673603058,0.05779130756855011,1.9590225219726562,-1.011090636253357,0.0,0.03467845916748047,0.03467845916748047,0.3776032030582428,0.3776032030582428,0.2056182473897934,-0.3162272274494171,0.5168501138687134,0.0,0.1719849556684494,0.1719849556684494,0.37698984146118164,0.37698984146118164,0.378618448972702,0.9901940822601318,1.5708043575286865,0.0,-0.0016286075115203857,-0.0016286075115203857,0.14455579221248627,0.14455579221248627,0.1729220747947693,-1.3202511072158813,0.08539486676454544,0.0,-0.02836628258228302,-0.02836628258228302,0.062140099704265594,0.062140099704265594,0.03176009654998779,-0.105009526014328,1.025098204612732,0.0,0.0303800031542778,0.0303800031542778
942,31.4,14,0,0,,4,uneven rough,5,0.0,51.20551681518555,32.184444427490234,0.20535984635353088,1.3419171571731567,0.11300570517778397,1.3419171571731567,0.11300570517778397,4.520889759063721,0.7775566577911377,0.3333333432674408,-0.47124356031417847,0.21170513331890106,0.6709585785865784,0.05650285258889198,-0.29707467555999756,0.3137933015823364,0.4770573079586029,0.5766783952713013,0.2333260029554367,0.12146912515163422,-0.20795227587223053,-0.20795227587223053,0.23074458539485931,-1.9859497547149658,0.590631902217865,0.0,-0.43869686126708984,-0.43869686126708984,0.1568966507911682,0.1568966507911682,0.18726786971092224,-0.16099289059638977,0.2855915427207947,0.0,-0.03037121891975403,-0.03037121891975403,0.23852865397930145,0.23852865397930145,0.14564858376979828,0.991779625415802,-0.02195289172232151,0.0,0.09288007020950317,0.09288007020950317,0.4036748707294464,0.4036748707294464,0.2877641022205353,1.9227875471115112,0.8137887716293335,0.0,0.11591076850891113,0.11591076850891113,0.11666300147771835,0.11666300147771835,0.09858688712120056,-0.1236267164349556,-0.9275532960891724,0.0,0.018076114356517792,0.018076114356517792,0.06073456257581711,0.06073456257581711,0.07300042361021042,-0.8608309030532837,-0.31597840785980225,0.0,-0.01226586103439331,-0.01226586103439331
942,31.4,24,0,0,,4,uneven rough,11,0.0,99.25843811035156,34.583213806152344,0.555498480796814,1.8231968879699707,-1.3799734115600586,1.8231968879699707,-1.3799734115600586,9.533763885498047,2.194394111633301,0.3333333432674408,1.4366110563278198,0.26342537999153137,0.9115984439849854,-0.6899867057800293,-0.2126169353723526,0.6159697771072388,0.2826300859451294,-0.43308523297309875,0.4453457295894623,-0.4992065131664276,-0.14883185923099518,-0.14883185923099518,0.02884271927177906,-1.9033609628677368,0.8276494741439819,0.0,-0.17767457850277424,-0.17767457850277424,0.3079848885536194,0.3079848885536194,0.23582184314727783,1.9578310251235962,0.7970783710479736,0.0,0.07216304540634155,0.07216304540634155,0.1413150429725647,0.1413150429725647,-0.01372242346405983,1.0598481893539429,-0.42886215448379517,0.0,0.15503746643662453,0.15503746643662453,-0.3031596541404724,-0.3031596541404724,-0.10877013206481934,-1.7219451665878296,-1.639647364616394,0.0,-0.19438952207565308,-0.19438952207565308,0.22267286479473114,0.22267286479473114,0.19940494000911713,1.9709306955337524,-0.7414031624794006,0.0,0.023267924785614014,0.023267924785614014,-0.2496032565832138,-0.2496032565832138,-0.03970719128847122,0.10210951417684555,0.4784620404243469,0.0,-0.20989606529474258,-0.20989606529474258
943,31.433333333333334,4,0,0,,4,uneven rough,5,0.0,50.30527877807617,30.15004539489746,0.30560731887817383,1.0896824598312378,0.5192924737930298,1.0896824598312378,0.5192924737930298,5.539517402648926,1.6678762435913086,0.5,-0.5832210779190063,0.05926741659641266,0.5448412299156189,0.2596462368965149,0.28410282731056213,0.08614026010036469,0.3450451195240021,0.47097066044807434,0.14212201535701752,0.004395624157041311,0.19887197017669678,0.19887197017669678,0.27421414852142334,-1.8133575916290283,-1.00433349609375,0.0,-0.07534217834472656,-0.07534217834472656,0.04307013005018234,0.04307013005018234,0.052455391734838486,-1.1252355575561523,0.6682167053222656,0.0,-0.009385261684656143,-0.009385261684656143,0.17252255976200104,0.17252255976200104,0.16976571083068848,-0.9848911762237549,0.045826688408851624,0.0,0.002756848931312561,0.002756848931312561,0.3296794593334198,0.3296794593334198,0.36563217639923096,-1.6569148302078247,1.2425262928009033,0.0,-0.03595271706581116,-0.03595271706581116,0.07106100767850876,0.07106100767850876,0.10102605074644089,-2.0002853870391846,-0.709359884262085,0.0,-0.02996504306793213,-0.02996504306793213,0.0021978120785206556,0.0021978120785206556,0.013040880672633648,-0.4898320436477661,0.38613325357437134,0.0,-0.010843068594112992,-0.010843068594112992
943,31.433333333333334,14,0,0,,4,uneven rough,5,0.0,51.24011993408203,32.170501708984375,0.1998051553964615,1.2147974967956543,0.4441109299659729,1.2147974967956543,0.4441109299659729,6.327138423919678,2.7002267837524414,0.3333333432674408,-0.5751359462738037,0.061470985412597656,0.6073987483978271,0.22205546498298645,0.5041260719299316,0.18126776814460754,0.15789176523685455,0.39031970500946045,-0.04724478721618652,0.13746701180934906,0.3528882563114166,0.3528882563114166,0.2769463360309601,2.0000016689300537,-0.8661720156669617,0.0,0.07594192028045654,0.07594192028045654,0.09063388407230377,0.09063388407230377,0.12024600058794022,-1.9873936176300049,0.03309190645813942,0.0,-0.029612116515636444,-0.029612116515636444,0.07894588261842728,0.07894588261842728,0.09063082188367844,-1.8631235361099243,0.551213264465332,0.0,-0.01168493926525116,-0.01168493926525116,0.27322378754615784,0.27322378754615784,0.2637752890586853,-0.8689599633216858,1.4408186674118042,0.0,0.009448498487472534,0.009448498487472534,-0.07559166103601456,-0.07559166103601456,0.03164128214120865,-1.9280767440795898,-0.4730117619037628,0.0,-0.1072329431772232,-0.1072329431772232,0.06873350590467453,0.06873350590467453,0.06814990937709808,0.35138460993766785,-0.6240389943122864,0.0,0.0005835965275764465,0.0005835965275764465
943,31.433333333333334,24,0,0,,4,uneven rough,11,0.0,99.30510711669922,34.61212158203125,0.5470005869865417,1.8150203227996826,-0.17401082813739777,1.8150203227996826,-0.17401082813739777,10.101065635681152,2.868227005004883,0.3333333432674408,1.4707965850830078,0.30514001846313477,0.9075101613998413,-0.08700541406869888,0.8071049451828003,0.06955888122320175,-0.278372198343277,-0.4963839650154114,0.48297616839408875,-0.6993217468261719,0.5649734735488892,0.5649734735488892,0.06013447418808937,1.9977675676345825,-0.7164686918258667,0.0,0.5048389993607998,0.5048389993607998,0.034779440611600876,0.034779440611600876,0.17916209995746613,-1.9649171829223633,1.4533699750900269,0.0,-0.14438265934586525,-0.14438265934586525,-0.1391860991716385,-0.1391860991716385,-0.07834082096815109,-1.9134892225265503,0.4128573536872864,0.0,-0.060845278203487396,-0.060845278203487396,-0.347468763589859,-0.347468763589859,-0.17843466997146606,-1.9586186408996582,-1.6861786842346191,0.0,-0.16903409361839294,-0.16903409361839294,0.24148808419704437,0.24148808419704437,0.2251739203929901,1.5106030702590942,0.7921552658081055,0.0,0.01631416380405426,0.01631416380405426,-0.34966087341308594,-0.34966087341308594,-0.10170391201972961,-0.9877685904502869,0.26567164063453674,0.0,-0.24795696139335632,-0.24795696139335632
944,31.466666666666665,4,0,0,,4,uneven rough,5,0.0,50.335025787353516,30.129911422729492,0.3026766777038574,1.3402373790740967,0.2954820990562439,1.3402373790740967,0.2954820990562439,7.175171852111816,0.19543342292308807,0.1666666716337204,-0.6494622826576233,0.2642482817173004,0.6701186895370483,0.14774104952812195,0.5754129886627197,0.06309289485216141,0.4270310699939728,0.10099099576473236,-0.2509244382381439,-0.17867399752140045,0.40278908610343933,0.40278908610343933,0.30845293402671814,1.6966681480407715,-1.4617571830749512,0.0,0.09433615207672119,0.09433615207672119,0.031546447426080704,0.031546447426080704,0.029368456453084946,0.22258521616458893,-0.3458044230937958,0.0,0.002177990972995758,0.002177990972995758,0.2135155349969864,0.2135155349969864,0.17630642652511597,-0.8009293675422668,-0.5369430184364319,0.0,0.03720910847187042,0.03720910847187042,0.07069369405508041,0.07069369405508041,0.2932355999946594,-1.0644315481185913,-0.39682289958000183,0.0,-0.222541905939579,-0.222541905939579,-0.4014790952205658,-0.4014790952205658,0.05128874629735947,-1.9349640607833862,-1.4392515420913696,0.0,-0.45276784151792526,-0.45276784151792526,-0.08933699876070023,-0.08933699876070023,-0.05154004320502281,0.7311602830886841,-0.1091390922665596,0.0,-0.037796955555677414,-0.037796955555677414
944,31.466666666666665,14,0,0,,4,uneven rough,5,0.0,51.27799987792969,32.160240173339844,0.18716131150722504,1.1736159324645996,-0.13229164481163025,1.1736159324645996,-0.13229164481163025,4.995012283325195,0.9883788824081421,0.1666666716337204,-0.6242713928222656,0.16355058550834656,0.5868079662322998,-0.06614582240581512,-0.1717231571674347,-0.03402610123157501,0.7803715467453003,0.3038172125816345,0.10175703465938568,-0.11754879355430603,-0.12020620703697205,-0.12020620703697205,0.2568812966346741,-1.3061844110488892,0.7543677091598511,0.0,-0.3770875036716461,-0.3770875036716461,-0.05444176122546196,-0.05444176122546196,0.06412646174430847,-1.984859824180603,-1.1092941761016846,0.0,-0.11856822296977043,-0.11856822296977043,0.39018577337265015,0.39018577337265015,0.09478241205215454,0.019920848309993744,-0.8138570785522461,0.0,0.2954033613204956,0.2954033613204956,0.21267203986644745,0.21267203986644745,0.2533318102359772,-0.5836703777313232,0.1348656713962555,0.0,-0.040659770369529724,-0.040659770369529724,0.05087851732969284,0.05087851732969284,0.047269947826862335,1.0774348974227905,-1.2957080602645874,0.0,0.0036085695028305054,0.0036085695028305054,-0.058774396777153015,-0.058774396777153015,0.0346599705517292,-1.6123660802841187,-0.07253274321556091,0.0,-0.09343436732888222,-0.09343436732888222
944,31.466666666666665,24,0,0,,4,uneven rough,11,0.0,99.35884094238281,34.62347412109375,0.5484868288040161,1.232704758644104,-1.2426254749298096,1.232704758644104,-1.2426254749298096,7.0189619064331055,1.3588082790374756,0.3333333432674408,1.4212467670440674,0.27984321117401123,0.616352379322052,-0.6213127374649048,0.5608195066452026,0.4225279986858368,0.5452685356140137,-0.12288179248571396,-0.039866816252470016,-0.2425883263349533,0.39257365465164185,0.39257365465164185,0.1027790978550911,1.3122490644454956,0.8181653618812561,0.0,0.28979455679655075,0.28979455679655075,0.2112639993429184,0.2112639993429184,0.1905059963464737,0.8758324384689331,-0.4793357253074646,0.0,0.020758002996444702,0.020758002996444702,0.27263426780700684,0.27263426780700684,-0.06424940377473831,0.5290680527687073,-0.9024631381034851,0.0,0.33688367158174515,0.33688367158174515,-0.08601725101470947,-0.08601725101470947,-0.1466720849275589,1.9393913745880127,-1.8402167558670044,0.0,0.060654833912849426,0.060654833912849426,-0.06378690898418427,-0.06378690898418427,0.2033059298992157,-0.9121668338775635,1.1983668804168701,0.0,-0.26709283888339996,-0.26709283888339996,-0.12129416316747665,-0.12129416316747665,-0.09104899317026138,0.7790101766586304,-0.44302570819854736,0.0,-0.03024516999721527,-0.03024516999721527
945,31.5,4,0,0,,4,uneven rough,5,0.0,50.366329193115234,30.105031967163086,0.3018767833709717,1.3855469226837158,-0.3443084955215454,1.3855469226837158,-0.3443084955215454,2.386124610900879,5.8138837814331055,0.5,-0.3683117628097534,0.061898373067379,0.6927734613418579,-0.1721542477607727,0.07808463275432587,0.4284694790840149,0.6664727926254272,0.5949570536613464,0.515887975692749,-0.19240115582942963,0.054659243673086166,0.054659243673086166,0.2537488639354706,-1.7284692525863647,0.32402217388153076,0.0,-0.19908962026238441,-0.19908962026238441,0.21423473954200745,0.21423473954200745,0.10086580365896225,1.6362124681472778,-0.02443590946495533,0.0,0.1133689358830452,0.1133689358830452,0.3332363963127136,0.3332363963127136,0.19199658930301666,0.9756725430488586,-0.6862013936042786,0.0,0.14123980700969696,0.14123980700969696,0.416469931602478,0.416469931602478,0.35968074202537537,1.9774852991104126,-0.7742900252342224,0.0,0.05678918957710266,0.05678918957710266,0.2579439878463745,0.2579439878463745,0.08292370289564133,1.007797360420227,-1.719528317451477,0.0,0.17502028495073318,0.17502028495073318,-0.09620057791471481,-0.09620057791471481,-0.05748025327920914,0.9133865237236023,0.36596769094467163,0.0,-0.038720324635505676,-0.038720324635505676
945,31.5,14,0,0,,4,uneven rough,5,0.0,51.318336486816406,32.143611907958984,0.1776450127363205,1.1686954498291016,0.01893865317106247,1.1686954498291016,0.01893865317106247,3.6067581176757812,5.226970672607422,0.5,-0.6471471786499023,0.14699678122997284,0.5843477249145508,0.009469326585531235,0.7888981699943542,-0.10300607979297638,0.5978040099143982,0.377215176820755,0.15112338960170746,-0.039655931293964386,0.5522286891937256,0.5522286891937256,0.30816131830215454,1.6853206157684326,-0.4106721580028534,0.0,0.24406737089157104,0.24406737089157104,-0.16480973362922668,-0.16480973362922668,0.006255584303289652,-1.916104793548584,-1.6043405532836914,0.0,-0.17106531793251634,-0.17106531793251634,0.2989020049571991,0.2989020049571991,0.11525385826826096,0.07203799486160278,-0.3424375355243683,0.0,0.18364814668893814,0.18364814668893814,0.2640506327152252,0.2640506327152252,0.2312803864479065,0.5553309321403503,-0.27139589190483093,0.0,0.032770246267318726,0.032770246267318726,0.07556169480085373,0.07556169480085373,0.09140513092279434,0.917127251625061,0.04607124254107475,0.0,-0.015843436121940613,-0.015843436121940613,-0.019827965646982193,-0.019827965646982193,0.005538641940802336,-1.1840991973876953,-0.9431572556495667,0.0,-0.02536660758778453,-0.02536660758778453
945,31.5,24,0,0,,4,uneven rough,11,0.0,99.41397094726562,34.633544921875,0.5502254962921143,1.5328898429870605,-0.6865566372871399,1.5328898429870605,-0.6865566372871399,5.835731029510498,1.2572925090789795,0.3333333432674408,1.0847928524017334,0.1745479553937912,0.7664449214935303,-0.34327831864356995,-0.17124226689338684,0.7335180044174194,0.4632270932197571,0.35161280632019043,0.44166749715805054,-0.06986383348703384,-0.11986958235502243,-0.11986958235502243,0.06615663319826126,-1.9522488117218018,1.097521185874939,0.0,-0.1860262155532837,-0.1860262155532837,0.3667590022087097,0.3667590022087097,0.2561516761779785,1.7608964443206787,0.2868787944316864,0.0,0.1106073260307312,0.1106073260307312,0.23161354660987854,0.23161354660987854,-0.0006622333894483745,1.7904748916625977,-0.09307284653186798,0.0,0.23227577999932691,0.23227577999932691,0.24612896144390106,0.24612896144390106,-0.07749295234680176,1.979006052017212,0.29678043723106384,0.0,0.3236219137907028,0.3236219137907028,0.22083374857902527,0.22083374857902527,0.23310749232769012,0.11132983863353729,0.005067337770015001,0.0,-0.012273743748664856,-0.012273743748664856,-0.03493191674351692,-0.03493191674351692,-0.03677961602807045,1.0293116569519043,0.247915580868721,0.0,0.0018476992845535278,0.0018476992845535278
946,31.53333333333333,4,0,0,,4,uneven rough,5,0.0,50.39693069458008,30.074121475219727,0.29658642411231995,1.0728256702423096,0.48380616307258606,1.0728256702423096,0.48380616307258606,5.169134140014648,4.805426597595215,0.5,-0.11215043067932129,0.11538561433553696,0.5364128351211548,0.24190308153629303,0.5232934951782227,0.2973664700984955,0.13924291729927063,0.73466956615448,0.28507983684539795,0.1223364919424057,0.3663054406642914,0.3663054406642914,0.27818763256073,1.3002108335494995,-0.8364601731300354,0.0,0.0881178081035614,0.0881178081035614,0.14868323504924774,0.14868323504924774,0.16619771718978882,1.640457272529602,0.9144976735115051,0.0,-0.017514482140541077,-0.017514482140541077,0.06962145864963531,0.06962145864963531,0.13895104825496674,-1.6077083349227905,0.25342512130737305,0.0,-0.06932958960533142,-0.06932958960533142,0.514268696308136,0.514268696308136,0.4132349193096161,1.2440143823623657,0.781568706035614,0.0,0.1010337769985199,0.1010337769985199,0.14253991842269897,0.14253991842269897,0.12363190948963165,-1.7000950574874878,-0.17749346792697906,0.0,0.018908008933067322,0.018908008933067322,0.06116824597120285,0.06116824597120285,0.007928811945021152,1.7366491556167603,0.6754792928695679,0.0,0.0532394340261817,0.0532394340261817
946,31.53333333333333,14,0,0,,4,uneven rough,5,0.0,51.35821533203125,32.127811431884766,0.17053046822547913,1.3912453651428223,-0.4245980978012085,1.3912453651428223,-0.4245980978012085,2.934943675994873,2.165377616882324,0.5,-0.7426764369010925,0.11418232321739197,0.6956226825714111,-0.21229904890060425,0.07725268602371216,-0.2018379420042038,0.5625674724578857,0.4730054438114166,0.6196378469467163,-0.31980100274086,0.05407688021659851,0.05407688021659851,0.2609497308731079,-1.5743095874786377,0.7744058966636658,0.0,-0.2068728506565094,-0.2068728506565094,-0.3229407072067261,-0.3229407072067261,-0.038275137543678284,-0.15583930909633636,-1.780612587928772,0.0,-0.2846655696630478,-0.2846655696630478,0.28128373622894287,0.28128373622894287,0.17492876946926117,1.907038927078247,-0.10809233039617538,0.0,0.1063549667596817,0.1063549667596817,0.3311038017272949,0.3311038017272949,0.29597747325897217,1.3848804235458374,0.1960369348526001,0.0,0.035126328468322754,0.035126328468322754,0.30981892347335815,0.30981892347335815,0.147067129611969,0.8868505954742432,0.5385679006576538,0.0,0.16275179386138916,0.16275179386138916,-0.15990050137043,-0.15990050137043,-0.01573578082025051,0.5469506978988647,-1.0793862342834473,0.0,-0.14416472055017948,-0.14416472055017948
946,31.53333333333333,24,0,0,,4,uneven rough,11,0.0,99.46434783935547,34.6406364440918,0.5443198680877686,1.4595751762390137,0.6147691607475281,1.4595751762390137,0.6147691607475281,7.470215797424316,1.6459307670593262,0.05996569246053696,0.85691237449646,0.15914297103881836,0.7297875881195068,0.30738458037376404,0.3999347686767578,0.41275331377983093,-0.11984002590179443,0.08044973015785217,0.16588522493839264,-0.05755823478102684,0.27995434403419495,0.27995434403419495,0.09622873365879059,1.900943636894226,-0.6268242597579956,0.0,0.18372561037540436,0.18372561037540436,0.20637665688991547,0.20637665688991547,0.2055705338716507,-2.000002145767212,1.120290994644165,0.0,0.0008061230182647705,0.0008061230182647705,-0.05992001295089722,-0.05992001295089722,-0.019774578511714935,-0.7322568297386169,0.9718884229660034,0.0,-0.04014543443918228,-0.04014543443918228,0.05631481111049652,0.05631481111049652,-0.021390259265899658,0.38208165764808655,1.2479138374328613,0.0,0.07770507037639618,0.07770507037639618,0.08294261246919632,0.08294261246919632,0.16571161150932312,-1.6667388677597046,0.06514834612607956,0.0,-0.0827689990401268,-0.0827689990401268,-0.02877911739051342,-0.02877911739051342,-0.055548280477523804,-1.9313230514526367,0.6897183060646057,0.0,0.026769163087010384,0.026769163087010384
947,31.566666666666666,4,0,0,,4,uneven rough,5,0.0,50.42770767211914,30.053234100341797,0.31208130717277527,1.818416714668274,1.087267279624939,1.818416714668274,1.087267279624939,9.01544189453125,6.572086334228516,0.3333333432674408,0.07905691862106323,0.20941035449504852,0.909208357334137,0.5436336398124695,-0.21649454534053802,0.5843163132667542,0.24584703147411346,0.4438317120075226,-0.00976921059191227,0.29937949776649475,-0.1515461802482605,-0.1515461802482605,0.26307159662246704,-1.1308205127716064,0.37161746621131897,0.0,-0.41461777687072754,-0.41461777687072754,0.2921581566333771,0.2921581566333771,0.2275722324848175,1.9952445030212402,1.3249565362930298,0.0,0.06458592414855957,0.06458592414855957,0.12292351573705673,0.12292351573705673,0.12897063791751862,0.15998229384422302,-0.7988630533218384,0.0,-0.0060471221804618835,-0.0060471221804618835,0.3106822073459625,0.3106822073459625,0.4177659749984741,-0.8746415972709656,1.0430363416671753,0.0,-0.1070837676525116,-0.1070837676525116,-0.01563073694705963,-0.01563073694705963,0.07195702195167542,-1.9541072845458984,-1.0383751392364502,0.0,-0.08758775889873505,-0.08758775889873505,0.14968974888324738,0.14968974888324738,0.02839306741952896,1.4146084785461426,1.2754666805267334,0.0,0.12129668146371841,0.12129668146371841
947,31.566666666666666,14,0,0,,4,uneven rough,5,0.0,51.39239501953125,32.11165237426758,0.1885298788547516,0.9597365856170654,0.8105984330177307,0.9597365856170654,0.8105984330177307,5.055411338806152,0.2351228892803192,0.3333333432674408,-0.3496398627758026,0.07455210387706757,0.4798682928085327,0.40529921650886536,0.10875736176967621,0.3224239945411682,-0.04303966835141182,0.5153051614761353,0.09127185493707657,0.3699558973312378,0.07613015174865723,0.07613015174865723,0.19635209441184998,-1.8879544734954834,-0.5535620450973511,0.0,-0.12022194266319275,-0.12022194266319275,0.1612119972705841,0.1612119972705841,0.002568835159763694,1.4271445274353027,-0.8619628548622131,0.0,0.1586431621108204,0.1586431621108204,-0.02151983417570591,-0.02151983417570591,0.12109941989183426,-1.9923213720321655,1.031266450881958,0.0,-0.14261925406754017,-0.14261925406754017,0.3607136011123657,0.3607136011123657,0.3607959747314453,1.7276629209518433,0.8682111501693726,0.0,-8.237361907958984e-05,-8.237361907958984e-05,0.045635927468538284,0.045635927468538284,0.10277868807315826,-1.999728798866272,0.7354875802993774,0.0,-0.05714276060461998,-0.05714276060461998,0.1849779486656189,0.1849779486656189,0.0006772161577828228,0.9670620560646057,-0.15985241532325745,0.0,0.18430073250783607,0.18430073250783607
947,31.566666666666666,24,0,0,,4,uneven rough,11,0.0,99.51834106445312,34.64018249511719,0.5372325778007507,1.6420471668243408,-0.997058093547821,1.6420471668243408,-0.997058093547821,7.692076683044434,5.244695663452148,0.3333333432674408,0.3415088653564453,0.15294766426086426,0.8210235834121704,-0.4985290467739105,0.19522179663181305,0.7762460708618164,0.000612270028796047,0.11931626498699188,-0.3201563060283661,0.23907779157161713,0.13665525615215302,0.13665525615215302,0.1367706060409546,0.9264269471168518,0.8023802042007446,0.0,-0.00011534988880157471,-0.00011534988880157471,0.3881230354309082,0.3881230354309082,0.2632213830947876,1.8222382068634033,-0.6439283490180969,0.0,0.1249016523361206,0.1249016523361206,0.0003061350143980235,0.0003061350143980235,0.00892342533916235,0.10144763439893723,0.008361630141735077,0.0,-0.008617290324764326,-0.008617290324764326,0.08352138102054596,0.08352138102054596,0.04037810489535332,1.8480122089385986,0.7583707571029663,0.0,0.04314327612519264,0.04314327612519264,-0.5122501254081726,-0.5122501254081726,0.18757285177707672,0.03480102866888046,-0.9140638113021851,0.0,-0.6998229771852493,-0.6998229771852493,0.11953889578580856,0.11953889578580856,0.0008587902993895113,-0.11061771959066391,-0.7922232151031494,0.0,0.11868010548641905,0.11868010548641905
948,31.599999999999998,4,0,0,,4,uneven rough,5,0.0,50.46467971801758,30.044214248657227,0.32883864641189575,1.6069910526275635,1.1387965679168701,1.6069910526275635,1.1387965679168701,5.194475173950195,3.3333334922790527,0.1666666716337204,0.3735315799713135,0.16053655743598938,0.8034955263137817,0.5693982839584351,-0.0315251499414444,0.496738463640213,0.5160688161849976,0.2432783991098404,-0.1105823740363121,-0.29646748304367065,-0.022067604586482048,-0.022067604586482048,0.20883288979530334,-1.9411590099334717,-0.4778636693954468,0.0,-0.2309004943817854,-0.2309004943817854,0.2483692318201065,0.2483692318201065,0.266971617937088,-0.049302488565444946,1.7039384841918945,0.0,-0.018602386116981506,-0.018602386116981506,0.2580344080924988,0.2580344080924988,0.17904627323150635,1.9628586769104004,-0.25673016905784607,0.0,0.07898813486099243,0.07898813486099243,0.1702948808670044,0.1702948808670044,0.3626241981983185,-1.4160783290863037,-0.04122219979763031,0.0,-0.1923293173313141,-0.1923293173313141,-0.17693179845809937,-0.17693179845809937,0.007312313187867403,-1.9412996768951416,-1.5561317205429077,0.0,-0.18424411164596677,-0.18424411164596677,-0.14823374152183533,-0.14823374152183533,-0.006720313336700201,0.9328885078430176,1.354137659072876,0.0,-0.14151342818513513,-0.14151342818513513
948,31.599999999999998,14,0,0,,4,uneven rough,5,0.0,51.428428649902344,32.10085678100586,0.20940779149532318,1.2052838802337646,0.5272228121757507,1.2052838802337646,0.5272228121757507,6.440608978271484,3.3333334922790527,0.1666666716337204,0.07716343551874161,0.16926614940166473,0.6026419401168823,0.26361140608787537,-0.009505466558039188,0.5324167013168335,0.5270572900772095,0.3676187992095947,-0.09214118123054504,-0.08079209923744202,-0.006653826683759689,-0.006653826683759689,0.13660521805286407,-2.075317621231079,-1.3080298900604248,0.0,-0.14325904473662376,-0.14325904473662376,0.26620835065841675,0.26620835065841675,0.07055114954710007,2.044672727584839,0.4323025643825531,0.0,0.19565720111131668,0.19565720111131668,0.26352864503860474,0.26352864503860474,0.16654345393180847,1.3573670387268066,-0.6782755255699158,0.0,0.09698519110679626,0.09698519110679626,0.2573331594467163,0.2573331594467163,0.3482932448387146,-1.2321803569793701,1.3541467189788818,0.0,-0.09096008539199829,-0.09096008539199829,-0.14742588996887207,-0.14742588996887207,0.059383537620306015,-0.39498406648635864,-0.811008632183075,0.0,-0.20680942758917809,-0.20680942758917809,-0.04039604961872101,-0.04039604961872101,0.023132506757974625,0.13156777620315552,0.4773070514202118,0.0,-0.06352855637669563,-0.06352855637669563
948,31.599999999999998,24,0,0,,4,uneven rough,11,0.0,99.57109069824219,34.64868927001953,0.5286433696746826,1.677773118019104,0.8180161714553833,1.677773118019104,0.8180161714553833,9.024508476257324,3.3333334922790527,0.1666666716337204,0.04150565713644028,0.19918999075889587,0.838886559009552,0.40900808572769165,-0.37473243474960327,0.5826020836830139,-0.052723634988069534,0.36576056480407715,0.5163139700889587,0.267792284488678,-0.26231271028518677,-0.26231271028518677,0.07940925657749176,-1.9973342418670654,0.8725164532661438,0.0,-0.34172196686267853,-0.34172196686267853,0.29130104184150696,0.29130104184150696,0.28667986392974854,0.09455712139606476,0.7504466772079468,0.0,0.004621177911758423,0.004621177911758423,-0.026361817494034767,-0.026361817494034767,0.0231923870742321,0.009755446575582027,0.06099262461066246,0.0,-0.04955420456826687,-0.04955420456826687,0.25603237748146057,0.25603237748146057,0.10515523701906204,1.7535245418548584,1.3744559288024902,0.0,0.15087714046239853,0.15087714046239853,0.25815698504447937,0.25815698504447937,0.24177926778793335,1.6741613149642944,-0.3775739371776581,0.0,0.01637771725654602,0.01637771725654602,0.133896142244339,0.133896142244339,-0.010895928367972374,0.3581179976463318,-0.4068422317504883,0.0,0.14479207061231136,0.14479207061231136
949,31.633333333333333,4,0,0,,4,uneven rough,5,0.0,50.497859954833984,30.034221649169922,0.3379838168621063,1.8741008043289185,-0.11309811472892761,1.8741008043289185,-0.11309811472892761,5.548008918762207,2.4059481620788574,0.5,0.8381494283676147,0.1347864270210266,0.9370504021644592,-0.056549057364463806,0.6888441443443298,0.4077388346195221,0.3492773175239563,-0.11173363775014877,-0.07635374367237091,-0.761429488658905,0.48219090700149536,0.48219090700149536,0.233015775680542,1.790191650390625,-1.305213451385498,0.0,0.24917513132095337,0.24917513132095337,0.20386941730976105,0.20386941730976105,0.21981972455978394,-1.9790607690811157,0.712652862071991,0.0,-0.015950307250022888,-0.015950307250022888,0.17463865876197815,0.17463865876197815,0.15557265281677246,-0.9872117638587952,0.9982293248176575,0.0,0.01906600594520569,0.01906600594520569,-0.07821354269981384,-0.07821354269981384,0.2916022539138794,-1.9879406690597534,-0.8185683488845825,0.0,-0.36981579661369324,-0.36981579661369324,-0.1221659928560257,-0.1221659928560257,-0.062372371554374695,-1.8677618503570557,-1.7739063501358032,0.0,-0.059793621301651,-0.059793621301651,-0.3807147443294525,-0.3807147443294525,-0.021627014502882957,-0.6463703513145447,1.1159626245498657,0.0,-0.35908772982656956,-0.35908772982656956
949,31.633333333333333,14,0,0,,4,uneven rough,5,0.0,51.46984100341797,32.09756088256836,0.21540431678295135,1.63306725025177,0.5862044095993042,1.63306725025177,0.5862044095993042,6.292455196380615,4.3261213302612305,0.3333333432674408,0.19471530616283417,0.1220429465174675,0.816533625125885,0.2931022047996521,0.5253921151161194,0.1950831562280655,-0.2438007891178131,-0.1590539962053299,0.47124773263931274,-0.5817162394523621,0.36777448654174805,0.36777448654174805,0.17542004585266113,1.9131584167480469,-1.7418557405471802,0.0,0.19235444068908691,0.19235444068908691,0.09754157811403275,0.09754157811403275,0.11268704384565353,-0.15065743029117584,1.3439395427703857,0.0,-0.015145465731620789,-0.015145465731620789,-0.12190039455890656,-0.12190039455890656,0.10364951938390732,-1.9968194961547852,0.4726804196834564,0.0,-0.22554991394281387,-0.22554991394281387,-0.11133779585361481,-0.11133779585361481,0.27876016497612,-1.846239447593689,-0.10816724598407745,0.0,-0.3900979608297348,-0.3900979608297348,0.23562386631965637,0.23562386631965637,0.10149738192558289,1.3392072916030884,-0.5757876038551331,0.0,0.1341264843940735,0.1341264843940735,-0.29085811972618103,-0.29085811972618103,-0.03042912483215332,-1.3927196264266968,0.281825453042984,0.0,-0.2604289948940277,-0.2604289948940277
949,31.633333333333333,24,0,0,,4,uneven rough,11,0.0,99.62018585205078,34.66657638549805,0.5217585563659668,1.570798397064209,-0.05409599468111992,1.570798397064209,-0.05409599468111992,8.962523460388184,4.699633598327637,0.3333333432674408,-0.6135920882225037,0.014308160170912743,0.7853991985321045,-0.02704799734055996,-0.04315588250756264,0.10855623334646225,-0.3936116397380829,0.07635676860809326,0.4006328880786896,-0.06967461854219437,-0.030209116637706757,-0.030209116637706757,0.013582035899162292,-1.9022166728973389,-0.7501022815704346,0.0,-0.04379115253686905,-0.04379115253686905,0.054278116673231125,0.054278116673231125,0.22357623279094696,-1.2532458305358887,0.37960556149482727,0.0,-0.16929811611771584,-0.16929811611771584,-0.19680581986904144,-0.19680581986904144,0.01639402285218239,1.2959520816802979,0.03202303126454353,0.0,-0.21319984272122383,-0.21319984272122383,0.05344973877072334,0.05344973877072334,0.0908077210187912,-1.7481517791748047,1.5887819528579712,0.0,-0.037357982248067856,-0.037357982248067856,0.2003164440393448,0.2003164440393448,0.191563680768013,-1.0769822597503662,0.7824808359146118,0.0,0.008752763271331787,0.008752763271331787,-0.03483730927109718,-0.03483730927109718,-0.020480170845985413,1.7868715524673462,0.02566765621304512,0.0,-0.01435713842511177,-0.01435713842511177
950,31.666666666666668,4,0,0,,4,uneven rough,5,0.0,50.5295524597168,30.015596389770508,0.33945560455322266,1.495560646057129,-1.0795807838439941,1.495560646057129,-1.0795807838439941,2.3927106857299805,2.821556806564331,0.3333333432674408,0.9216811060905457,0.020013947039842606,0.7477803230285645,-0.5397903919219971,0.40643230080604553,0.40324294567108154,0.6816888451576233,0.06102859228849411,0.005362630821764469,-0.5656325817108154,0.2845025956630707,0.2845025956630707,0.2918010354042053,1.1402661800384521,0.4449341595172882,0.0,-0.0072984397411346436,-0.0072984397411346436,0.20162147283554077,0.20162147283554077,0.22199377417564392,-1.0333502292633057,-0.809246838092804,0.0,-0.02037230134010315,-0.02037230134010315,0.34084442257881165,0.34084442257881165,0.19645266234874725,1.5517377853393555,-0.12434262037277222,0.0,0.1443917602300644,0.1443917602300644,0.0427200123667717,0.0427200123667717,0.2278844118118286,-1.7709590196609497,-1.4797335863113403,0.0,-0.18516439944505692,-0.18516439944505692,0.0026813154108822346,0.0026813154108822346,-0.0034289658069610596,1.1922961473464966,-1.826972484588623,0.0,0.006110281217843294,0.006110281217843294,-0.2828162908554077,-0.2828162908554077,-0.03641104698181152,-0.2617763578891754,0.11953640729188919,0.0,-0.2464052438735962,-0.2464052438735962
950,31.666666666666668,14,0,0,,4,uneven rough,5,0.0,51.51047897338867,32.08959197998047,0.21920332312583923,0.8432403206825256,-0.17907506227493286,0.8432403206825256,-0.17907506227493286,1.3248506784439087,3.3333334922790527,0.1666666716337204,0.22903095185756683,0.03270164132118225,0.4216201603412628,-0.08953753113746643,0.5071907043457031,0.35688066482543945,0.24620862305164337,-0.018675178289413452,0.15083351731300354,-0.5614435076713562,0.3550334870815277,0.3550334870815277,0.24284331500530243,1.64264976978302,0.3246958255767822,0.0,0.11219017207622528,0.11219017207622528,0.17844033241271973,0.17844033241271973,0.1556527018547058,0.9453330039978027,0.4988917410373688,0.0,0.022787630558013916,0.022787630558013916,0.12310431152582169,0.12310431152582169,0.08792228996753693,-0.6122193336486816,-0.9235792756080627,0.0,0.03518202155828476,0.03518202155828476,-0.013072624802589417,-0.013072624802589417,0.22073471546173096,-1.1788012981414795,-1.0908763408660889,0.0,-0.23380734026432037,-0.23380734026432037,0.07541675865650177,0.07541675865650177,0.09724298119544983,-0.26919952034950256,0.5069539546966553,0.0,-0.02182622253894806,-0.02182622253894806,-0.2807217538356781,-0.2807217538356781,-0.06866590678691864,0.3933824300765991,-0.6649653315544128,0.0,-0.21205584704875946,-0.21205584704875946
950,31.666666666666668,24,0,0,,4,uneven rough,11,0.0,99.66983795166016,34.682701110839844,0.5267329812049866,1.853845477104187,-1.0378719568252563,1.853845477104187,-1.0378719568252563,9.206119537353516,6.888056755065918,0.5,-1.148495078086853,0.17030426859855652,0.9269227385520935,-0.5189359784126282,0.6797432899475098,0.21105140447616577,-0.310096800327301,-0.35732072591781616,0.16352501511573792,-0.3676479756832123,0.47582030296325684,0.47582030296325684,0.04273984953761101,1.9045038223266602,-1.4015098810195923,0.0,0.43308045342564583,0.43308045342564583,0.10552570223808289,0.10552570223808289,0.1597743183374405,-1.9867182970046997,-0.5436115264892578,0.0,-0.054248616099357605,-0.054248616099357605,-0.1550484001636505,-0.1550484001636505,-0.015428433194756508,-1.2091165781021118,0.746650755405426,0.0,-0.139619966968894,-0.139619966968894,-0.2501245141029358,-0.2501245141029358,0.026362277567386627,-1.8305095434188843,-0.2979263663291931,0.0,-0.2764867916703224,-0.2764867916703224,0.08176250755786896,0.08176250755786896,0.11924773454666138,-1.9361262321472168,-0.26886293292045593,0.0,-0.03748522698879242,-0.03748522698879242,-0.18382398784160614,-0.18382398784160614,-0.013083850964903831,-0.5267143845558167,1.0214555263519287,0.0,-0.1707401368767023,-0.1707401368767023
951,31.7,4,0,0,,4,uneven rough,5,0.0,50.55636215209961,29.996091842651367,0.33071959018707275,1.3662664890289307,0.24286504089832306,1.3662664890289307,0.24286504089832306,1.725982427597046,0.5717238187789917,0.3333333432674408,0.9280858039855957,0.08649330586194992,0.6831332445144653,0.12143252044916153,0.8167437314987183,0.34530386328697205,0.47859427332878113,0.3475589156150818,0.4841950535774231,-0.3774697184562683,0.5717206001281738,0.5717206001281738,0.34841570258140564,1.4234741926193237,0.838076114654541,0.0,0.2233048975467682,0.2233048975467682,0.17265193164348602,0.17265193164348602,0.17734718322753906,-1.5693883895874023,-0.935955286026001,0.0,-0.0046952515840530396,-0.0046952515840530396,0.23929713666439056,0.23929713666439056,0.20581522583961487,-0.2989020347595215,0.823316216468811,0.0,0.033481910824775696,0.033481910824775696,0.2432912439107895,0.2432912439107895,0.19787979125976562,0.44943785667419434,-1.644392967224121,0.0,0.045411452651023865,0.045411452651023865,0.24209752678871155,0.24209752678871155,0.06222410872578621,1.9786869287490845,-0.1198725774884224,0.0,0.17987341806292534,0.17987341806292534,-0.18873485922813416,-0.18873485922813416,-0.08567946404218674,-1.679519772529602,-0.09605851024389267,0.0,-0.10305539518594742,-0.10305539518594742
951,31.7,14,0,0,,4,uneven rough,5,0.0,51.55131149291992,32.07503890991211,0.2191823422908783,1.410476803779602,-0.7507880330085754,1.410476803779602,-0.7507880330085754,2.1580750942230225,1.5861304998397827,0.3333333432674408,0.41184648871421814,0.06972713023424149,0.705238401889801,-0.3753940165042877,0.38561004400253296,0.4098866879940033,0.23799529671669006,0.4419387876987457,0.6194872856140137,-0.4598037302494049,0.2699270248413086,0.2699270248413086,0.25822699069976807,0.7021993398666382,1.0698693990707397,0.0,0.011700034141540527,0.011700034141540527,0.20494334399700165,0.20494334399700165,0.20905080437660217,0.6470860838890076,0.751310408115387,0.0,-0.004107460379600525,-0.004107460379600525,0.11899764835834503,0.11899764835834503,0.08554739505052567,0.6375900506973267,-0.7475358247756958,0.0,0.033450253307819366,0.033450253307819366,0.3093571364879608,0.3093571364879608,0.2707586884498596,1.987931251525879,-1.1405892372131348,0.0,0.038598448038101196,0.038598448038101196,0.30974364280700684,0.30974364280700684,0.16433456540107727,1.9671140909194946,0.06811539083719254,0.0,0.14540907740592957,0.14540907740592957,-0.22990186512470245,-0.22990186512470245,-0.11612347513437271,-1.2243188619613647,-0.0665736049413681,0.0,-0.11377838999032974,-0.11377838999032974
951,31.7,24,0,0,,4,uneven rough,11,0.0,99.72196960449219,34.70199203491211,0.5438984632492065,1.734769344329834,-1.1646339893341064,1.734769344329834,-1.1646339893341064,8.721301078796387,4.952969551086426,0.5,-1.209416151046753,0.07906162738800049,0.867384672164917,-0.5823169946670532,0.015584767796099186,0.5845975875854492,0.018632415682077408,-0.23299705982208252,-0.0683828592300415,-0.06885049492120743,0.010909337550401688,0.010909337550401688,0.046131789684295654,-1.1329795122146606,0.4677162170410156,0.0,-0.03522245213389397,-0.03522245213389397,0.2922987937927246,0.2922987937927246,0.21987664699554443,1.9043903350830078,-1.3595466613769531,0.0,0.07242214679718018,0.07242214679718018,0.009316207841038704,0.009316207841038704,-0.010164660401642323,0.26011860370635986,-0.35914361476898193,0.0,0.019480868242681026,0.019480868242681026,-0.16309793293476105,-0.16309793293476105,-0.026507945731282234,-1.5154130458831787,-1.1644515991210938,0.0,-0.1365899872034788,-0.1365899872034788,-0.10941257327795029,-0.10941257327795029,0.08560703694820404,-1.8479688167572021,-1.2115366458892822,0.0,-0.19501961022615433,-0.19501961022615433,-0.034425247460603714,-0.034425247460603714,-0.0017683034529909492,0.04918265342712402,0.1461174637079239,0.0,-0.032656944007612765,-0.032656944007612765
952,31.733333333333334,4,0,0,,4,uneven rough,5,0.0,50.573333740234375,29.964670181274414,0.3180088996887207,0.860586404800415,0.4415062367916107,0.860586404800415,0.4415062367916107,1.0307706594467163,2.381464958190918,0.3333333432674408,0.7825374007225037,0.17392751574516296,0.4302932024002075,0.22075311839580536,0.691352367401123,0.2159278243780136,0.5686200857162476,0.6657440662384033,0.39485058188438416,0.16941070556640625,0.48394665122032166,0.48394665122032166,0.41291776299476624,1.999094843864441,1.1690611839294434,0.0,0.07102888822555542,0.07102888822555542,0.1079639121890068,0.1079639121890068,0.11308997124433517,-1.779520034790039,-1.2940994501113892,0.0,-0.005126059055328369,-0.005126059055328369,0.2843100428581238,0.2843100428581238,0.26377835869789124,1.4646515846252441,0.1888120025396347,0.0,0.020531684160232544,0.020531684160232544,0.4660208523273468,0.4660208523273468,0.25451263785362244,1.971280574798584,-0.46053725481033325,0.0,0.21150821447372437,0.21150821447372437,0.19742529094219208,0.19742529094219208,0.13361594080924988,2.000084400177002,1.0666567087173462,0.0,0.0638093501329422,0.0638093501329422,0.08470535278320312,0.08470535278320312,-0.021582631394267082,1.971989631652832,-0.9913503527641296,0.0,0.10628798417747021,0.10628798417747021
952,31.733333333333334,14,0,0,,4,uneven rough,5,0.0,51.58537292480469,32.04965591430664,0.21547985076904297,0.7585049271583557,1.009408712387085,0.7585049271583557,1.009408712387085,2.2755589485168457,1.6191322803497314,0.3333333432674408,0.29620110988616943,0.15846705436706543,0.37925246357917786,0.5047043561935425,0.5845264792442322,0.30380067229270935,0.30769237875938416,0.5548039674758911,0.14823585748672485,0.3485327363014221,0.409168541431427,0.409168541431427,0.3228992521762848,2.0000007152557373,0.8619880676269531,0.0,0.08626928925514221,0.08626928925514221,0.15190033614635468,0.15190033614635468,0.1452719122171402,-1.4606049060821533,0.6923817992210388,0.0,0.0066284239292144775,0.0066284239292144775,0.15384618937969208,0.15384618937969208,0.1448342204093933,1.6197320222854614,0.03561681881546974,0.0,0.009011968970298767,0.009011968970298767,0.3883627653121948,0.3883627653121948,0.33274054527282715,2.000023126602173,0.628281831741333,0.0,0.055622220039367676,0.055622220039367676,0.07411792874336243,0.07411792874336243,0.11472383141517639,-1.8280625343322754,1.1418126821517944,0.0,-0.040605902671813965,-0.040605902671813965,0.17426636815071106,0.17426636815071106,-0.05528147891163826,1.600965142250061,-0.7211648225784302,0.0,0.22954784706234932,0.22954784706234932
952,31.733333333333334,24,0,0,,4,uneven rough,11,0.0,99.77227020263672,34.717464447021484,0.5474538207054138,1.7721565961837769,-0.9328300356864929,1.7721565961837769,-0.9328300356864929,9.57813549041748,2.2967662811279297,0.1666666716337204,-0.9969972372055054,0.22947780787944794,0.8860782980918884,-0.46641501784324646,0.5194532871246338,0.2198212891817093,0.022621873766183853,-0.39665934443473816,0.32949578762054443,-0.6579660773277283,0.36361730098724365,0.36361730098724365,0.09767906367778778,0.8230855464935303,-0.4373200237751007,0.0,0.26593823730945587,0.26593823730945587,0.10991064459085464,0.10991064459085464,0.18953847885131836,-1.4066661596298218,0.48588916659355164,0.0,-0.07962783426046371,-0.07962783426046371,0.011310936883091927,0.011310936883091927,0.023989645764231682,-1.3514724969863892,-0.009011642076075077,0.0,-0.012678708881139755,-0.012678708881139755,-0.27766153216362,-0.27766153216362,-0.0933050811290741,-1.635865569114685,-1.36288583278656,0.0,-0.1843564510345459,-0.1843564510345459,0.16474789381027222,0.16474789381027222,0.04368094727396965,0.10023918747901917,-1.5713765621185303,0.0,0.12106694653630257,0.12106694653630257,-0.32898303866386414,-0.32898303866386414,-0.026357747614383698,-0.5058697462081909,0.09131034463644028,0.0,-0.30262529104948044,-0.30262529104948044
953,31.766666666666666,4,0,0,,4,uneven rough,5,0.0,50.59743118286133,29.943920135498047,0.3115813136100769,1.418296456336975,0.9557913541793823,1.418296456336975,0.9557913541793823,2.328181266784668,0.34163832664489746,0.1666666716337204,0.7246531248092651,0.3463006913661957,0.7091482281684875,0.47789567708969116,-0.07260791957378387,0.7116425037384033,0.5713497996330261,0.854214608669281,0.366691529750824,0.16591539978981018,-0.05082554370164871,-0.05082554370164871,0.39733871817588806,-1.878151774406433,1.6383637189865112,0.0,-0.4481642618775368,-0.4481642618775368,0.35582125186920166,0.35582125186920166,0.16997016966342926,1.8599876165390015,-1.5685571432113647,0.0,0.1858510822057724,0.1858510822057724,0.28567489981651306,0.28567489981651306,0.265400230884552,0.6675894260406494,0.9101740121841431,0.0,0.02027466893196106,0.02027466893196106,0.5979502201080322,0.5979502201080322,0.32353559136390686,2.0043418407440186,0.9144169092178345,0.0,0.27441462874412537,0.27441462874412537,0.183345764875412,0.183345764875412,0.1892867237329483,-0.16394269466400146,1.5944184064865112,0.0,-0.005940958857536316,-0.005940958857536316,0.08295769989490509,0.08295769989490509,0.03771453723311424,2.0014736652374268,0.6841273903846741,0.0,0.04524316266179085,0.04524316266179085
953,31.766666666666666,14,0,0,,4,uneven rough,5,0.0,51.62390899658203,32.029998779296875,0.22011232376098633,1.4859871864318848,0.19037461280822754,1.4859871864318848,0.19037461280822754,7.568266868591309,0.0,0.0,0.31242799758911133,0.25918254256248474,0.7429935932159424,0.09518730640411377,-0.5870945453643799,0.6232227087020874,0.6643449068069458,0.5706517100334167,-0.19072632491588593,0.07257590442895889,-0.4109661877155304,-0.4109661877155304,0.3138744831085205,-1.048264503479004,1.5054224729537964,0.0,-0.7248406708240509,-0.7248406708240509,0.3116113543510437,0.3116113543510437,0.19402489066123962,1.927108883857727,-0.5249207615852356,0.0,0.11758646368980408,0.11758646368980408,0.3321724534034729,0.3321724534034729,0.20962029695510864,1.77179753780365,0.9312784075737,0.0,0.12255215644836426,0.12255215644836426,0.3994562029838562,0.3994562029838562,0.40201693773269653,1.9644666910171509,1.4038667678833008,0.0,-0.002560734748840332,-0.002560734748840332,-0.30516213178634644,-0.30516213178634644,0.11375901848077774,0.34934863448143005,-0.5373600721359253,0.0,-0.4189211502671242,-0.4189211502671242,0.036287952214479446,0.036287952214479446,-0.009804935194551945,1.495099663734436,0.59177166223526,0.0,0.04609288740903139,0.04609288740903139
953,31.766666666666666,24,0,0,,4,uneven rough,11,0.0,99.82799530029297,34.722232818603516,0.5467835664749146,1.7440842390060425,-0.8107678890228271,1.7440842390060425,-0.8107678890228271,8.569211959838867,1.7005081176757812,0.3333333432674408,-0.8171663284301758,0.16104018688201904,0.8720421195030212,-0.4053839445114136,0.28348520398139954,0.4389449954032898,-0.1273908019065857,0.014144833199679852,0.06787578761577606,0.17421366274356842,0.19843964278697968,0.19843964278697968,0.1475534588098526,1.9069960117340088,0.2753155529499054,0.0,0.050886183977127075,0.050886183977127075,0.2194724977016449,0.2194724977016449,0.19699224829673767,0.3774586319923401,-0.5841650366783142,0.0,0.022480249404907227,0.022480249404907227,-0.06369540095329285,-0.06369540095329285,-0.008987595327198505,-0.4843137562274933,-0.7680414319038391,0.0,-0.05470780562609434,-0.05470780562609434,0.009901382960379124,0.009901382960379124,-0.07501771301031113,1.8075852394104004,-1.5172290802001953,0.0,0.08491909597069025,0.08491909597069025,0.03393789380788803,0.03393789380788803,0.062181223183870316,0.5902185440063477,-0.6262419819831848,0.0,-0.028243329375982285,-0.028243329375982285,0.08710683137178421,0.08710683137178421,0.032096587121486664,1.8519320487976074,-0.24633635580539703,0.0,0.055010244250297546,0.055010244250297546
954,31.8,4,0,0,,4,uneven rough,5,0.0,50.61792755126953,29.93320655822754,0.31589335203170776,1.5846796035766602,0.7309132218360901,1.5846796035766602,0.7309132218360901,5.681609153747559,3.913740873336792,0.5,0.690176248550415,0.15400081872940063,0.7923398017883301,0.36545661091804504,0.3090447187423706,0.2521558701992035,0.13833291828632355,0.5434268116950989,0.19400879740715027,0.08836738020181656,0.21633130311965942,0.21633130311965942,0.33041641116142273,-1.980945110321045,-0.3498804569244385,0.0,-0.1140851080417633,-0.1140851080417633,0.12607793509960175,0.12607793509960175,0.1393304467201233,-1.1203092336654663,0.36994820833206177,0.0,-0.013252511620521545,-0.013252511620521545,0.06916645914316177,0.06916645914316177,0.2063153088092804,-1.4551805257797241,0.7730162739753723,0.0,-0.13714884966611862,-0.13714884966611862,0.3803987503051758,0.3803987503051758,0.36490321159362793,1.2888225317001343,1.5306624174118042,0.0,0.015495538711547852,0.015495538711547852,0.09700439870357513,0.09700439870357513,0.11859842389822006,-1.8468769788742065,0.6002378463745117,0.0,-0.021594025194644928,-0.021594025194644928,0.04418369010090828,0.04418369010090828,0.07664361596107483,0.6005271673202515,1.4289573431015015,0.0,-0.03245992586016655,-0.03245992586016655
954,31.8,14,0,0,,4,uneven rough,5,0.0,51.66733932495117,32.03239822387695,0.2193714827299118,1.5752795934677124,0.8902316093444824,1.5752795934677124,0.8902316093444824,7.026397705078125,4.895176410675049,0.5,0.19371405243873596,0.09225624799728394,0.7876397967338562,0.4451158046722412,-0.18650463223457336,0.640181303024292,-0.15521112084388733,0.34644225239753723,0.2762177884578705,-0.21036703884601593,-0.1305532455444336,-0.1305532455444336,0.2593383193016052,-0.20969904959201813,0.06156327202916145,0.0,-0.3898915648460388,-0.3898915648460388,0.320090651512146,0.320090651512146,0.2602671980857849,1.0082118511199951,0.8614611625671387,0.0,0.059823453426361084,0.059823453426361084,-0.07760556042194366,-0.07760556042194366,0.14382967352867126,-1.9982569217681885,1.4065093994140625,0.0,-0.22143523395061493,-0.22143523395061493,0.24250957369804382,0.24250957369804382,0.41025882959365845,-1.8749300241470337,1.7208309173583984,0.0,-0.16774925589561462,-0.16774925589561462,0.13810889422893524,0.13810889422893524,0.13140317797660828,1.5902817249298096,-0.03601337596774101,0.0,0.006705716252326965,0.006705716252326965,-0.10518351942300797,-0.10518351942300797,-0.049499038606882095,-0.9310632348060608,1.1025149822235107,0.0,-0.05568448081612587,-0.05568448081612587
954,31.8,24,0,0,,4,uneven rough,11,0.0,99.88616943359375,34.73562240600586,0.5480212569236755,1.7440404891967773,-1.3484934568405151,1.7440404891967773,-1.3484934568405151,5.6197333335876465,4.084306716918945,0.3038727641105652,-0.7231888175010681,0.15023033320903778,0.8720202445983887,-0.6742467284202576,-0.38742688298225403,0.4886643588542938,-0.19378721714019775,0.1861962080001831,0.40528205037117004,0.1541644185781479,-0.2711988091468811,-0.2711988091468811,0.10773588716983795,-1.7054443359375,1.1978706121444702,0.0,-0.37893469631671906,-0.37893469631671906,0.2443321794271469,0.2443321794271469,0.24163156747817993,0.19278201460838318,-0.04046128690242767,0.0,0.00270061194896698,0.00270061194896698,-0.09689360857009888,-0.09689360857009888,-0.05167706310749054,0.33997559547424316,-0.6076213121414185,0.0,-0.04521654546260834,-0.04521654546260834,0.13033734261989594,0.13033734261989594,-0.005130387842655182,1.7211495637893677,0.36262691020965576,0.0,0.13546773046255112,0.13546773046255112,0.20264102518558502,0.20264102518558502,0.12567871809005737,1.9462902545928955,0.061546992510557175,0.0,0.07696230709552765,0.07696230709552765,0.07708220928907394,0.07708220928907394,0.04226326569914818,-0.257053941488266,0.9400283694267273,0.0,0.034818943589925766,0.034818943589925766
955,31.833333333333332,4,0,0,,4,uneven rough,5,0.0,50.64216613769531,29.926496505737305,0.3171243667602539,1.5021882057189941,-0.007421794813126326,1.5021882057189941,-0.007421794813126326,7.477679252624512,3.4802284240722656,0.3333333432674408,0.3027438521385193,0.0710185170173645,0.7510941028594971,-0.003710897406563163,0.2677455544471741,0.17729341983795166,0.7504262328147888,0.4606773853302002,-0.20225323736667633,-0.09975899010896683,0.18742188811302185,0.18742188811302185,0.26731958985328674,-1.9673618078231812,-1.2720873355865479,0.0,-0.07989770174026489,-0.07989770174026489,0.08864670991897583,0.08864670991897583,0.09070954471826553,-0.7780272364616394,-0.472646027803421,0.0,-0.0020628347992897034,-0.0020628347992897034,0.3752131164073944,0.3752131164073944,0.2338637262582779,1.5428539514541626,-0.48681020736694336,0.0,0.14134939014911652,0.14134939014911652,0.3224741518497467,0.3224741518497467,0.36472827196121216,-0.7934689521789551,1.393925666809082,0.0,-0.042254120111465454,-0.042254120111465454,-0.32360517978668213,-0.32360517978668213,0.07780850678682327,0.10256020724773407,-0.7833652496337891,0.0,-0.4014136865735054,-0.4014136865735054,-0.049879495054483414,-0.049879495054483414,0.0922073945403099,0.8780168890953064,0.9605613946914673,0.0,-0.14208688959479332,-0.14208688959479332
955,31.833333333333332,14,0,0,,4,uneven rough,5,0.0,51.711673736572266,32.03325653076172,0.2098943144083023,1.5891854763031006,0.35858088731765747,1.5891854763031006,0.35858088731765747,3.4856467247009277,3.6543374061584473,0.3333333432674408,0.2272695004940033,0.10364308208227158,0.7945927381515503,0.17929044365882874,0.5922404527664185,0.15801610052585602,0.31236934661865234,0.03998684883117676,0.07130426913499832,-0.5333532691001892,0.41456830501556396,0.41456830501556396,0.32038211822509766,1.9322774410247803,-0.09180893003940582,0.0,0.09418618679046631,0.09418618679046631,0.07900805026292801,0.07900805026292801,0.1937025785446167,-1.7879892587661743,0.9444342851638794,0.0,-0.11469452828168869,-0.11469452828168869,0.15618467330932617,0.15618467330932617,0.08320211619138718,-2.0022997856140137,-0.5185515880584717,0.0,0.072982557117939,0.072982557117939,0.0279907938092947,0.0279907938092947,0.34388166666030884,-1.7110645771026611,-0.3122187554836273,0.0,-0.31589087285101414,-0.31589087285101414,0.03565213456749916,0.03565213456749916,0.0862388014793396,-0.3173210918903351,0.8834967613220215,0.0,-0.05058666691184044,-0.05058666691184044,-0.2666766345500946,-0.2666766345500946,-0.08173421025276184,-0.31667566299438477,-0.04727378115057945,0.0,-0.18494242429733276,-0.18494242429733276
955,31.833333333333332,24,0,0,,4,uneven rough,11,0.0,99.9421157836914,34.744232177734375,0.5436036586761475,1.489187240600586,0.9099120497703552,1.489187240600586,0.9099120497703552,7.356590270996094,0.7788633108139038,0.23067031800746918,-0.1423143744468689,0.07790806889533997,0.744593620300293,0.4549560248851776,0.40079253911972046,0.2574722170829773,-0.20850086212158203,0.13751807808876038,0.19850406050682068,0.02823774330317974,0.28055477142333984,0.28055477142333984,0.1377846598625183,1.971943974494934,-0.4436689019203186,0.0,0.14277011156082153,0.14277011156082153,0.12873610854148865,0.12873610854148865,0.17560386657714844,-1.9668537378311157,0.09141489118337631,0.0,-0.04686775803565979,-0.04686775803565979,-0.10425043106079102,-0.10425043106079102,-0.08374974131584167,-0.3304467797279358,-0.0718483254313469,0.0,-0.02050068974494934,-0.02050068974494934,0.09626265615224838,0.09626265615224838,0.049607742577791214,1.9389725923538208,1.1307380199432373,0.0,0.04665491357445717,0.04665491357445717,0.09925203025341034,0.09925203025341034,0.10086330026388168,-0.5033153295516968,1.1271841526031494,0.0,-0.001611270010471344,-0.001611270010471344,0.01411887165158987,0.01411887165158987,-0.008949268609285355,-1.3040978908538818,0.26319587230682373,0.0,0.023068140260875225,0.023068140260875225
956,31.866666666666667,4,0,0,,4,uneven rough,5,0.0,50.67328643798828,29.91919708251953,0.32872381806373596,1.6581625938415527,0.5745482444763184,1.6581625938415527,0.5745482444763184,6.626636505126953,5.0939483642578125,0.5,0.10444547981023788,0.1195521205663681,0.8290812969207764,0.2872741222381592,0.7361712455749512,0.30185264348983765,0.32793915271759033,0.3021276891231537,-0.01774950884282589,-0.30418115854263306,0.5153198838233948,0.5153198838233948,0.31285378336906433,2.001354694366455,-1.6651967763900757,0.0,0.20246610045433044,0.20246610045433044,0.15092632174491882,0.15092632174491882,0.12703892588615417,1.1712223291397095,-0.6453090906143188,0.0,0.02388739585876465,0.02388739585876465,0.16396957635879517,0.16396957635879517,0.17561259865760803,-2.002639055252075,0.660765528678894,0.0,-0.011643022298812866,-0.011643022298812866,0.21148937940597534,0.21148937940597534,0.29634350538253784,-1.9465006589889526,0.15716882050037384,0.0,-0.0848541259765625,-0.0848541259765625,-0.028399214148521423,-0.028399214148521423,0.02667931467294693,-1.7151496410369873,-0.28246140480041504,0.0,-0.05507852882146835,-0.05507852882146835,-0.15209057927131653,-0.15209057927131653,0.044920895248651505,-1.4761998653411865,0.9138906002044678,0.0,-0.19701147451996803,-0.19701147451996803
956,31.866666666666667,14,0,0,,4,uneven rough,5,0.0,51.75708770751953,32.03703308105469,0.19743016362190247,1.5270559787750244,-0.43046507239341736,1.5270559787750244,-0.43046507239341736,1.3001772165298462,2.4976537227630615,0.3333333432674408,0.22384139895439148,0.042796067893505096,0.7635279893875122,-0.21523253619670868,0.23849187791347504,0.015222636051476002,0.7141122817993164,0.27135804295539856,0.47731882333755493,-0.19242297112941742,0.16694431006908417,0.16694431006908417,0.30331292748451233,-1.9434423446655273,1.0526131391525269,0.0,-0.13636861741542816,-0.13636861741542816,0.007611318025738001,0.007611318025738001,0.13457182049751282,-1.6569045782089233,-0.6004828810691833,0.0,-0.12696050247177482,-0.12696050247177482,0.3570561408996582,0.3570561408996582,0.11891373246908188,0.4905323386192322,-1.3574655055999756,0.0,0.23814240843057632,0.23814240843057632,0.189950630068779,0.189950630068779,0.28746962547302246,-1.8758140802383423,-1.1031286716461182,0.0,-0.09751899540424347,-0.09751899540424347,0.23865941166877747,0.23865941166877747,0.155069038271904,2.0067543983459473,0.20455220341682434,0.0,0.08359037339687347,0.08359037339687347,-0.09621148556470871,-0.09621148556470871,-0.03484658524394035,0.6157318353652954,-0.19959409534931183,0.0,-0.061364900320768356,-0.061364900320768356
956,31.866666666666667,24,0,0,,4,uneven rough,11,0.0,99.9985122680664,34.752967834472656,0.5320071578025818,1.4899883270263672,-0.1400192230939865,1.4899883270263672,-0.1400192230939865,6.588044166564941,0.4680260121822357,0.3333333432674408,-0.035327911376953125,0.18216252326965332,0.7449941635131836,-0.07000961154699326,-0.3523200750350952,0.11752697080373764,0.35439878702163696,0.12903040647506714,0.21446485817432404,-0.1498863846063614,-0.24662405252456665,-0.24662405252456665,0.11183030903339386,-1.5170910358428955,0.9221229553222656,0.0,-0.3584543615579605,-0.3584543615579605,0.05876348540186882,0.05876348540186882,0.10979430377483368,-1.9961484670639038,-1.0723339319229126,0.0,-0.05103081837296486,-0.05103081837296486,0.17719939351081848,0.17719939351081848,-0.0431622676551342,0.33233070373535156,-0.21806035935878754,0.0,0.22036166116595268,0.22036166116595268,0.09032128006219864,0.09032128006219864,0.11291208118200302,0.9024658799171448,1.5877152681350708,0.0,-0.022590801119804382,-0.022590801119804382,0.10723242908716202,0.10723242908716202,0.1184845119714737,1.045491337776184,0.2052968293428421,0.0,-0.011252082884311676,-0.011252082884311676,-0.0749431923031807,-0.0749431923031807,-0.024872886016964912,-0.5119854807853699,-0.6229548454284668,0.0,-0.05007030628621578,-0.05007030628621578
957,31.9,4,0,0,,4,uneven rough,5,0.0,50.706886291503906,29.913461685180664,0.3333367705345154,1.561481237411499,-0.6972194910049438,1.561481237411499,-0.6972194910049438,2.528590679168701,0.5779529809951782,0.3333333432674408,-0.1780221313238144,0.06727328151464462,0.7807406187057495,-0.3486097455024719,0.17589114606380463,0.25452449917793274,0.641461968421936,0.08001462370157242,0.0731348991394043,-0.5611605644226074,0.12312380224466324,0.12312380224466324,0.29845675826072693,-1.8764368295669556,0.40787801146507263,0.0,-0.1753329560160637,-0.1753329560160637,0.12726224958896637,0.12726224958896637,0.14391228556632996,-1.1411808729171753,0.3817610442638397,0.0,-0.016650035977363586,-0.016650035977363586,0.320730984210968,0.320730984210968,0.19803176820278168,0.8293774127960205,-0.8451281785964966,0.0,0.12269921600818634,0.12269921600818634,0.05601023510098457,0.05601023510098457,0.24539437890052795,-1.5773900747299194,-1.0322496891021729,0.0,-0.18938414379954338,-0.18938414379954338,0.03656744956970215,0.03656744956970215,0.039694011211395264,0.34652066230773926,-1.092505931854248,0.0,-0.0031265616416931152,-0.0031265616416931152,-0.2805802822113037,-0.2805802822113037,0.030051372945308685,0.13713504374027252,-0.43747082352638245,0.0,-0.3106316551566124,-0.3106316551566124
957,31.9,14,0,0,,4,uneven rough,5,0.0,51.80010223388672,32.046104431152344,0.18445822596549988,1.6722068786621094,0.39658430218696594,1.6722068786621094,0.39658430218696594,3.4298808574676514,1.3262189626693726,0.3333333432674408,-0.13487780094146729,0.2117043435573578,0.8361034393310547,0.19829215109348297,0.9302088022232056,-0.1342076063156128,0.03153855353593826,0.14135050773620605,0.33823391795158386,-0.2568526864051819,0.6511461734771729,0.6511461734771729,0.3241673409938812,1.282819151878357,-0.6413620114326477,0.0,0.3269788324832916,0.3269788324832916,-0.21473217010498047,-0.21473217010498047,0.07581662386655807,-1.8534750938415527,-1.1977856159210205,0.0,-0.29054879397153854,-0.29054879397153854,0.01576927676796913,0.01576927676796913,0.06866162270307541,-1.1998534202575684,-0.3126041889190674,0.0,-0.05289234593510628,-0.05289234593510628,0.09894535690546036,0.09894535690546036,0.2180369347333908,-1.6527116298675537,-1.540006399154663,0.0,-0.11909157782793045,-0.11909157782793045,0.16911695897579193,0.16911695897579193,0.1827603131532669,-0.7769613862037659,1.2235205173492432,0.0,-0.013643354177474976,-0.013643354177474976,-0.12842634320259094,-0.12842634320259094,-0.057757943868637085,0.6128116846084595,0.26139265298843384,0.0,-0.07066839933395386,-0.07066839933395386
957,31.9,24,0,0,,4,uneven rough,11,0.0,100.05667114257812,34.76396179199219,0.5255221128463745,1.3580467700958252,0.17822138965129852,1.3580467700958252,0.17822138965129852,8.177553176879883,4.935818195343018,0.5,0.42773959040641785,0.07800637185573578,0.6790233850479126,0.08911069482564926,0.5115978717803955,0.10320375114679337,0.13952672481536865,0.11229520291090012,0.3031090497970581,0.11525550484657288,0.3581185042858124,0.3581185042858124,0.16780789196491241,1.4894061088562012,-0.45701301097869873,0.0,0.19031061232089996,0.19031061232089996,0.05160187557339668,0.05160187557339668,0.0635952353477478,-0.08478903770446777,-1.5946602821350098,0.0,-0.01199335977435112,-0.01199335977435112,0.06976336240768433,0.06976336240768433,0.0015807378804311156,0.7008275389671326,0.09313173592090607,0.0,0.06818262452725321,0.06818262452725321,0.07860664278268814,0.07860664278268814,0.061260249465703964,-1.2504527568817139,1.200274109840393,0.0,0.017346393316984177,0.017346393316984177,0.15155452489852905,0.15155452489852905,0.13965655863285065,-0.029126452282071114,0.68034428358078,0.0,0.011897966265678406,0.011897966265678406,0.05762775242328644,0.05762775242328644,0.02175346203148365,1.614088535308838,-0.5602125525474548,0.0,0.03587429039180279,0.03587429039180279
958,31.933333333333334,4,0,0,,4,uneven rough,5,0.0,50.74058151245117,29.905780792236328,0.3241860568523407,1.6326078176498413,0.31751468777656555,1.6326078176498413,0.31751468777656555,4.592626094818115,2.7087535858154297,0.3333333432674408,-0.16831696033477783,0.19177982211112976,0.8163039088249207,0.15875734388828278,0.88641357421875,0.10687171667814255,0.22165194153785706,0.10773442685604095,0.21103595197200775,-0.48958948254585266,0.6204894781112671,0.6204894781112671,0.3311977684497833,1.7837711572647095,-0.8836777210235596,0.0,0.28929170966148376,0.28929170966148376,0.053435858339071274,0.053435858339071274,0.08108659833669662,-1.4819790124893188,-0.47931304574012756,0.0,-0.02765073999762535,-0.02765073999762535,0.11082597076892853,0.11082597076892853,0.14937415719032288,-1.6143908500671387,0.10164029151201248,0.0,-0.03854818642139435,-0.03854818642139435,0.07541409879922867,0.07541409879922867,0.175960510969162,-1.9499833583831787,-1.3404730558395386,0.0,-0.10054641216993332,-0.10054641216993332,0.10551797598600388,0.10551797598600388,0.07665890455245972,0.9949325919151306,-0.27887770533561707,0.0,0.02885907143354416,0.02885907143354416,-0.24479474127292633,-0.24479474127292633,-0.003562993835657835,-0.32803356647491455,-0.11258763819932938,0.0,-0.2412317474372685,-0.2412317474372685
958,31.933333333333334,14,0,0,,4,uneven rough,5,0.0,51.83915328979492,32.053035736083984,0.18492266535758972,1.72720205783844,-0.3010810911655426,1.72720205783844,-0.3010810911655426,4.950265884399414,4.28621244430542,0.3333333432674408,-0.15819600224494934,0.06957146525382996,0.86360102891922,-0.1505405455827713,0.350131630897522,0.10987544804811478,0.15148448944091797,0.07495444267988205,0.1541374921798706,0.003400208428502083,0.24509213864803314,0.24509213864803314,0.2951295077800751,-2.0049822330474854,0.4465734660625458,0.0,-0.05003736913204193,-0.05003736913204193,0.05493772402405739,0.05493772402405739,0.04184255376458168,0.2587812542915344,-1.5685136318206787,0.0,0.013095170259475708,0.013095170259475708,0.07574224472045898,0.07574224472045898,0.05942307040095329,-0.5325033068656921,-0.814256489276886,0.0,0.01631917431950569,0.01631917431950569,0.052468109875917435,0.052468109875917435,0.16391214728355408,-1.6677817106246948,-1.6037302017211914,0.0,-0.11144403740763664,-0.11144403740763664,0.0770687460899353,0.0770687460899353,0.12540307641029358,-1.6131974458694458,0.09244447201490402,0.0,-0.048334330320358276,-0.048334330320358276,0.0017001042142510414,0.0017001042142510414,0.007230697199702263,2.1222057342529297,0.46008560061454773,0.0,-0.0055305929854512215,-0.0055305929854512215
958,31.933333333333334,24,0,0,,4,uneven rough,11,0.0,100.11862182617188,34.775733947753906,0.518722414970398,1.4515050649642944,-0.8971614241600037,1.4515050649642944,-0.8971614241600037,6.171960830688477,1.5471305847167969,0.3333333432674408,0.7956895232200623,0.04706712067127228,0.7257525324821472,-0.44858071208000183,0.2996218800544739,0.179586723446846,0.10124822705984116,0.1336957961320877,0.437061071395874,-0.3822447657585144,0.20973531901836395,0.20973531901836395,0.20150330662727356,1.0202860832214355,0.6434958577156067,0.0,0.008232012391090393,0.008232012391090393,0.089793361723423,0.089793361723423,0.09365370869636536,-0.27964505553245544,-0.7409763932228088,0.0,-0.0038603469729423523,-0.0038603469729423523,0.05062411352992058,0.05062411352992058,0.025527292862534523,0.9297559857368469,0.4367240369319916,0.0,0.025096820667386055,0.025096820667386055,0.09358705580234528,0.09358705580234528,0.08592315018177032,1.34263014793396,-0.1853712648153305,0.0,0.007663905620574951,0.007663905620574951,0.218530535697937,0.218530535697937,0.2034657746553421,1.7297972440719604,0.2792082726955414,0.0,0.01506476104259491,0.01506476104259491,-0.1911223828792572,-0.1911223828792572,-0.025444164872169495,-0.6494196057319641,0.6691411733627319,0.0,-0.1656782180070877,-0.1656782180070877
959,31.966666666666665,4,0,0,,4,uneven rough,5,0.0,50.77383041381836,29.8897705078125,0.32700008153915405,1.560367465019226,0.16947387158870697,1.560367465019226,0.16947387158870697,4.997646808624268,2.819063186645508,0.3333333432674408,-0.23083043098449707,0.12247920036315918,0.780183732509613,0.08473693579435349,0.5884132385253906,0.2825016975402832,0.3388340175151825,0.25519996881484985,0.18985040485858917,-0.23198719322681427,0.4118892550468445,0.4118892550468445,0.3956162631511688,1.6414463520050049,0.6245026588439941,0.0,0.01627299189567566,0.01627299189567566,0.1412508487701416,0.1412508487701416,0.13083729147911072,1.0089701414108276,-1.04622220993042,0.0,0.010413557291030884,0.010413557291030884,0.16941700875759125,0.16941700875759125,0.13719817996025085,1.1656943559646606,-0.8686068058013916,0.0,0.03221882879734039,0.03221882879734039,0.1786399781703949,0.1786399781703949,0.15858574211597443,0.629849374294281,-1.685091257095337,0.0,0.02005423605442047,0.02005423605442047,0.09492520242929459,0.09492520242929459,0.11889839917421341,-0.7168906927108765,0.4413369297981262,0.0,-0.023973196744918823,-0.023973196744918823,-0.11599359661340714,-0.11599359661340714,-0.04555214196443558,-1.2565279006958008,-0.2344011515378952,0.0,-0.07044145464897156,-0.07044145464897156
959,31.966666666666665,14,0,0,,4,uneven rough,5,0.0,51.8811149597168,32.059814453125,0.18636326491832733,1.579460859298706,-0.3575078248977661,1.579460859298706,-0.3575078248977661,5.4481024742126465,2.6615381240844727,0.5,-0.5947244167327881,0.25164467096328735,0.789730429649353,-0.17875391244888306,0.7415003180503845,0.09426416456699371,0.07188240438699722,-0.13809749484062195,0.25543004274368286,-0.2922823429107666,0.5190502405166626,0.5190502405166626,0.3312656283378601,1.9241284132003784,-0.9395405054092407,0.0,0.1877846121788025,0.1877846121788025,0.04713208228349686,0.04713208228349686,0.06857329607009888,-0.08159559220075607,-0.5353578329086304,0.0,-0.02144121378660202,-0.02144121378660202,0.03594120219349861,0.03594120219349861,0.013225305825471878,0.0978316068649292,-0.6549527645111084,0.0,0.022715896368026733,0.022715896368026733,-0.09666824340820312,-0.09666824340820312,0.09481779485940933,-1.9056016206741333,-1.6399450302124023,0.0,-0.19148603826761246,-0.19148603826761246,0.12771502137184143,0.12771502137184143,0.11256023496389389,-0.02980603091418743,-0.8719285130500793,0.0,0.01515478640794754,0.01515478640794754,-0.1461411714553833,-0.1461411714553833,0.016424257308244705,1.2877981662750244,1.3998513221740723,0.0,-0.162565428763628,-0.162565428763628
959,31.966666666666665,24,0,0,,4,uneven rough,11,0.0,100.1787338256836,34.7862548828125,0.5065250396728516,1.1523866653442383,-0.415509968996048,1.1523866653442383,-0.415509968996048,4.237017631530762,5.180497169494629,0.3333333432674408,0.8502902388572693,0.12653571367263794,0.5761933326721191,-0.207754984498024,0.27923622727394104,-0.09103059023618698,0.6119579076766968,0.35524678230285645,0.3503756821155548,-0.4076445698738098,0.1954653561115265,0.1954653561115265,0.21327781677246094,0.1868988275527954,0.8565337061882019,0.0,-0.017812460660934448,-0.017812460660934448,-0.14564894139766693,-0.14564894139766693,0.029389508068561554,-1.9736236333847046,-0.4801388084888458,0.0,-0.17503844946622849,-0.17503844946622849,0.3059789538383484,0.3059789538383484,0.0657198503613472,0.43903979659080505,0.7154852151870728,0.0,0.2402591034770012,0.2402591034770012,0.2486727386713028,0.2486727386713028,0.15043780207633972,1.8446654081344604,0.6785634756088257,0.0,0.09823493659496307,0.09823493659496307,0.1751878410577774,0.1751878410577774,0.18906226754188538,-0.7621739506721497,1.0993738174438477,0.0,-0.013874426484107971,-0.013874426484107971,-0.2038222849369049,-0.2038222849369049,-0.09073291718959808,-1.9806044101715088,-0.07637546211481094,0.0,-0.11308936774730682,-0.11308936774730682
960,32.0,4,0,0,,4,uneven rough,5,0.0,50.802215576171875,29.87509536743164,0.3203203082084656,0.7327100038528442,-0.09326647967100143,0.7327100038528442,-0.09326647967100143,2.707845687866211,1.3297792673110962,0.3333333432674408,-0.3035421669483185,0.09451168775558472,0.3663550019264221,-0.04663323983550072,0.24377086758613586,-0.06739268451929092,0.6758076548576355,0.5064674019813538,0.26671186089515686,-0.18771320581436157,0.17063960433006287,0.17063960433006287,0.3492225408554077,-1.992103099822998,1.1994844675064087,0.0,-0.17858293652534485,-0.17858293652534485,-0.1078282967209816,-0.1078282967209816,0.07812177389860153,-1.8486874103546143,0.11578724533319473,0.0,-0.18595007061958313,-0.18595007061958313,0.33790382742881775,0.33790382742881775,0.17944365739822388,0.30726608633995056,0.2815907299518585,0.0,0.15846017003059387,0.15846017003059387,0.35452717542648315,0.35452717542648315,0.22724267840385437,1.9283533096313477,-0.3762196898460388,0.0,0.12728449702262878,0.12728449702262878,0.13335593044757843,0.13335593044757843,0.13363002240657806,1.9347000122070312,-0.21352703869342804,0.0,-0.0002740919589996338,-0.0002740919589996338,-0.09385660290718079,-0.09385660290718079,-0.046763330698013306,0.21656741201877594,-0.812313437461853,0.0,-0.04709327220916748,-0.04709327220916748
960,32.0,14,0,0,,4,uneven rough,5,0.0,51.92292785644531,32.05590057373047,0.18963058292865753,1.2583931684494019,-0.7178242206573486,1.2583931684494019,-0.7178242206573486,2.662902593612671,2.3848159313201904,0.5,-0.35437434911727905,0.11138486862182617,0.6291965842247009,-0.3589121103286743,0.5985062122344971,0.26245617866516113,0.32976749539375305,0.19721776247024536,0.4273388087749481,-0.36614763736724854,0.41895434260368347,0.41895434260368347,0.38505420088768005,1.0813928842544556,0.6795830130577087,0.0,0.03390014171600342,0.03390014171600342,0.13122808933258057,0.13122808933258057,0.1361970156431198,1.4553735256195068,-0.2787998616695404,0.0,-0.004968926310539246,-0.004968926310539246,0.16488374769687653,0.16488374769687653,0.059749435633420944,1.8004274368286133,-0.22932712733745575,0.0,0.10513431206345558,0.10513431206345558,0.13805243372917175,0.13805243372917175,0.0901661142706871,1.1665674448013306,-1.7901477813720703,0.0,0.04788631945848465,0.04788631945848465,0.21366940438747406,0.21366940438747406,0.17851217091083527,1.7309621572494507,-0.3957909345626831,0.0,0.035157233476638794,0.035157233476638794,-0.18307381868362427,-0.18307381868362427,0.04041636362671852,0.3252384662628174,1.3364962339401245,0.0,-0.2234901823103428,-0.2234901823103428
960,32.0,24,0,0,,4,uneven rough,11,0.0,100.23524475097656,34.80027389526367,0.5078641176223755,0.9491726160049438,0.00906208623200655,0.9491726160049438,0.00906208623200655,3.465085506439209,5.920610427856445,0.3333333432674408,1.0321433544158936,0.18238060176372528,0.4745863080024719,0.004531043116003275,-0.13285617530345917,0.007168106734752655,0.7718124985694885,0.2885211706161499,0.021046476438641548,0.2201250046491623,-0.09299932420253754,-0.09299932420253754,0.15721315145492554,-1.0641990900039673,0.4779209494590759,0.0,-0.2502124756574631,-0.2502124756574631,0.0035840533673763275,0.0035840533673763275,-0.007951637730002403,0.6694191098213196,-1.3245577812194824,0.0,0.01153569109737873,0.01153569109737873,0.38590624928474426,0.38590624928474426,0.12080109119415283,0.06145509332418442,0.5591824650764465,0.0,0.26510515809059143,0.26510515809059143,0.20196481049060822,0.20196481049060822,0.20877665281295776,0.6161847710609436,1.3378796577453613,0.0,-0.006811842322349548,-0.006811842322349548,0.010523238219320774,0.010523238219320774,0.13139016926288605,-1.919998288154602,0.04685136675834656,0.0,-0.12086693104356527,-0.12086693104356527,0.11006250232458115,0.11006250232458115,-0.10099533945322037,-1.6222105026245117,-1.1530299186706543,0.0,0.2110578417778015,0.2110578417778015
961,32.03333333333333,4,0,0,,4,uneven rough,5,0.0,50.831382751464844,29.857925415039062,0.31791090965270996,1.2588131427764893,0.8366936445236206,1.2588131427764893,0.8366936445236206,5.132224082946777,1.5499975681304932,0.3333333432674408,-0.11893391609191895,0.07380078732967377,0.6294065713882446,0.4183468222618103,0.737715482711792,0.1557047963142395,0.16640569269657135,0.4946471154689789,0.19131584465503693,0.21367590129375458,0.5164008140563965,0.5164008140563965,0.3678624927997589,1.8402897119522095,-0.6050448417663574,0.0,0.14853832125663757,0.14853832125663757,0.07785239815711975,0.07785239815711975,0.06369098275899887,1.0520830154418945,-0.9949302673339844,0.0,0.01416141539812088,0.01416141539812088,0.08320284634828568,0.08320284634828568,0.11513306945562363,-1.9457135200500488,0.29610762000083923,0.0,-0.03193022310733795,-0.03193022310733795,0.346252977848053,0.346252977848053,0.2847932279109955,1.9585272073745728,0.9267899990081787,0.0,0.061459749937057495,0.061459749937057495,0.09565792232751846,0.09565792232751846,0.1192556694149971,-0.41758987307548523,1.001084327697754,0.0,-0.023597747087478638,-0.023597747087478638,0.10683795064687729,0.10683795064687729,0.009101040661334991,2.0002994537353516,-0.2305823564529419,0.0,0.0977369099855423,0.0977369099855423
961,32.03333333333333,14,0,0,,4,uneven rough,5,0.0,51.960166931152344,32.05501937866211,0.19618239998817444,1.3291656970977783,0.25275611877441406,1.3291656970977783,0.25275611877441406,2.5051660537719727,1.3729960918426514,0.5,-0.10716595500707626,0.11849379539489746,0.6645828485488892,0.12637805938720703,0.5787883996963501,0.4283740818500519,-0.13006050884723663,0.4405505359172821,0.473071426153183,-0.21514908969402313,0.4051518738269806,0.4051518738269806,0.402311235666275,0.470994770526886,0.9067670106887817,0.0,0.0028406381607055664,0.0028406381607055664,0.21418704092502594,0.21418704092502594,0.20112836360931396,1.8040258884429932,0.7017048597335815,0.0,0.013058677315711975,0.013058677315711975,-0.06503025442361832,-0.06503025442361832,0.011429758742451668,-2.0005106925964355,0.9182997345924377,0.0,-0.07646001316606998,-0.07646001316606998,0.30838537216186523,0.30838537216186523,0.15141774713993073,1.7684770822525024,-0.11841566860675812,0.0,0.1569676250219345,0.1569676250219345,0.2365357130765915,0.2365357130765915,0.22266535460948944,1.2686973810195923,0.8066790699958801,0.0,0.01387035846710205,0.01387035846710205,-0.10757454484701157,-0.10757454484701157,-0.0033329282887279987,-1.0144743919372559,0.7647292613983154,0.0,-0.10424161655828357,-0.10424161655828357
961,32.03333333333333,24,0,0,,4,uneven rough,11,0.0,100.28993225097656,34.82011413574219,0.5240585207939148,1.5336480140686035,0.6391682028770447,1.5336480140686035,0.6391682028770447,7.136916160583496,5.052569389343262,0.5,0.8254060745239258,0.27395814657211304,0.7668240070343018,0.31958410143852234,-0.18391647934913635,0.3372328281402588,0.38991063833236694,0.32094913721084595,0.17909762263298035,0.11608772724866867,-0.1287415325641632,-0.1287415325641632,0.09368106722831726,-1.7617229223251343,-0.3939964771270752,0.0,-0.22242259979248047,-0.22242259979248047,0.1686164140701294,0.1686164140701294,0.05119652301073074,1.5420480966567993,-0.19715969264507294,0.0,0.11741989105939865,0.11741989105939865,0.19495531916618347,0.19495531916618347,0.17528997361660004,0.10801752656698227,0.27776652574539185,0.0,0.019665345549583435,0.019665345549583435,0.22466439008712769,0.22466439008712769,0.21671150624752045,-0.21309830248355865,0.9298320412635803,0.0,0.007952883839607239,0.007952883839607239,0.08954881131649017,0.08954881131649017,0.10703437030315399,-0.8780373930931091,-1.065208911895752,0.0,-0.01748555898666382,-0.01748555898666382,0.058043863624334335,0.058043863624334335,-0.057262081652879715,1.9063557386398315,-1.4183053970336914,0.0,0.11530594527721405,0.11530594527721405
962,32.06666666666666,4,0,0,,4,uneven rough,5,0.0,50.862850189208984,29.84455680847168,0.3242571949958801,1.2850162982940674,0.37136200070381165,1.2850162982940674,0.37136200070381165,2.413145065307617,1.2213691473007202,0.26100701093673706,-0.342498779296875,0.28347572684288025,0.6425081491470337,0.18568100035190582,-0.5224412083625793,0.2971215546131134,0.6098498702049255,0.6803435683250427,0.31138843297958374,0.012586789205670357,-0.3657088279724121,-0.3657088279724121,0.3439213037490845,-1.5571322441101074,0.7775517106056213,0.0,-0.7096301317214966,-0.7096301317214966,0.1485607773065567,0.1485607773065567,0.13531339168548584,2.002159595489502,0.16245469450950623,0.0,0.013247385621070862,0.013247385621070862,0.30492493510246277,0.30492493510246277,0.1377577781677246,1.5785768032073975,-0.9714220762252808,0.0,0.16716715693473816,0.16716715693473816,0.47624048590660095,0.47624048590660095,0.3566395342350006,2.002117395401001,1.5101361274719238,0.0,0.11960095167160034,0.11960095167160034,0.15569421648979187,0.15569421648979187,0.13714012503623962,0.4619520604610443,0.19896337389945984,0.0,0.018554091453552246,0.018554091453552246,0.006293394602835178,0.006293394602835178,0.026940368115901947,-0.5909125804901123,1.0307621955871582,0.0,-0.02064697351306677,-0.02064697351306677
962,32.06666666666666,14,0,0,,4,uneven rough,5,0.0,51.99018096923828,32.05582046508789,0.19534340500831604,1.4262721538543701,0.9190029501914978,1.4262721538543701,0.9190029501914978,7.421638011932373,2.473803997039795,0.3333333432674408,0.014248132705688477,0.16328690946102142,0.7131360769271851,0.4595014750957489,0.2834576666355133,0.10486147552728653,0.3482922315597534,0.3404010236263275,0.36963972449302673,-0.04828226566314697,0.19842036068439484,0.19842036068439484,0.3516807556152344,-1.9542385339736938,0.6603806018829346,0.0,-0.15326039493083954,-0.15326039493083954,0.052430737763643265,0.052430737763643265,0.1389656364917755,-1.9999748468399048,1.3249591588974,0.0,-0.08653489872813225,-0.08653489872813225,0.1741461157798767,0.1741461157798767,0.06844651699066162,1.9147801399230957,-0.7320008873939514,0.0,0.10569959878921509,0.10569959878921509,0.23828071355819702,0.23828071355819702,0.22112715244293213,1.9999974966049194,0.9484368562698364,0.0,0.017153561115264893,0.017153561115264893,0.18481986224651337,0.18481986224651337,0.18950366973876953,-0.9293497204780579,1.067905068397522,0.0,-0.0046838074922561646,-0.0046838074922561646,-0.024141132831573486,-0.024141132831573486,0.0032814780715852976,-0.2933539152145386,-0.24123568832874298,0.0,-0.027422610903158784,-0.027422610903158784
962,32.06666666666666,24,0,0,,4,uneven rough,11,0.0,100.3376235961914,34.85841751098633,0.5392255783081055,1.542824625968933,-0.09091783314943314,1.542824625968933,-0.09091783314943314,6.613227844238281,1.9157779216766357,0.5,0.8509306311607361,0.1549791544675827,0.7714123129844666,-0.04545891657471657,-0.1580730378627777,0.5621672868728638,0.11136331409215927,-0.31389832496643066,0.14210577309131622,-0.3152503967285156,-0.11065112799406052,-0.11065112799406052,0.028930870816111565,-1.9999473094940186,-1.167311429977417,0.0,-0.13958199881017208,-0.13958199881017208,0.2810836434364319,0.2810836434364319,0.11434702575206757,1.1371368169784546,0.7861915230751038,0.0,0.16673661768436432,0.16673661768436432,0.055681657046079636,0.055681657046079636,0.11412069201469421,-1.5362344980239868,0.18179012835025787,0.0,-0.05843903496861458,-0.05843903496861458,-0.21972882747650146,-0.21972882747650146,0.1641951948404312,-2.0021567344665527,0.28361716866493225,0.0,-0.3839240223169327,-0.3839240223169327,0.07105288654565811,0.07105288654565811,0.08761537820100784,-0.11094900965690613,-0.9593818187713623,0.0,-0.01656249165534973,-0.01656249165534973,-0.1576251983642578,-0.1576251983642578,-0.09201572090387344,-1.999184489250183,0.461463987827301,0.0,-0.06560947746038437,-0.06560947746038437
963,32.1,4,0,0,,4,uneven rough,5,0.0,50.89509201049805,29.842058181762695,0.3183973431587219,1.4498800039291382,0.9079371094703674,1.4498800039291382,0.9079371094703674,5.67584228515625,4.115777492523193,0.3333333432674408,-0.3185259699821472,0.08641795814037323,0.7249400019645691,0.4539685547351837,0.4584770202636719,-0.07877706736326218,0.26064491271972656,0.2779046297073364,0.285538911819458,-0.2045506089925766,0.32093390822410583,0.32093390822410583,0.3399335443973541,-0.13749182224273682,-0.5424827933311462,0.0,-0.01899963617324829,-0.01899963617324829,-0.12604330480098724,-0.12604330480098724,0.09434403479099274,-0.8932017087936401,1.202627182006836,0.0,-0.22038733959197998,-0.22038733959197998,0.13032245635986328,0.13032245635986328,0.1074112057685852,-0.6591436266899109,0.47035184502601624,0.0,0.022911250591278076,0.022911250591278076,0.19453324377536774,0.19453324377536774,0.31149643659591675,-1.8558259010314941,1.788303256034851,0.0,-0.11696319282054901,-0.11696319282054901,0.142769455909729,0.142769455909729,0.12595076858997345,1.2349358797073364,0.3476576507091522,0.0,0.016818687319755554,0.016818687319755554,-0.1022753044962883,-0.1022753044962883,-0.016041869297623634,-1.8685640096664429,0.11386437714099884,0.0,-0.08623343519866467,-0.08623343519866467
963,32.1,14,0,0,,4,uneven rough,5,0.0,52.02397918701172,32.05543899536133,0.19331467151641846,1.572953462600708,0.24603073298931122,1.572953462600708,0.24603073298931122,8.577380180358887,0.1122763454914093,0.1666666716337204,-0.013600965961813927,0.13262033462524414,0.786476731300354,0.12301536649465561,0.5730571746826172,0.29907917976379395,0.3018611669540405,0.41157177090644836,-0.2259208709001541,0.06493190675973892,0.4011400043964386,0.4011400043964386,0.3631700277328491,1.58052659034729,-0.817929744720459,0.0,0.03796997666358948,0.03796997666358948,0.14953958988189697,0.14953958988189697,0.13475671410560608,1.3116761445999146,-0.5549644827842712,0.0,0.014782875776290894,0.014782875776290894,0.15093058347702026,0.15093058347702026,0.11289434880018234,0.5598849058151245,0.7644938826560974,0.0,0.03803623467683792,0.03803623467683792,0.2881002426147461,0.2881002426147461,0.2584874927997589,0.6636989116668701,1.5429911613464355,0.0,0.029612749814987183,0.029612749814987183,-0.36147341132164,-0.36147341132164,0.15953749418258667,-1.155998706817627,-0.06134636700153351,0.0,-0.5210109055042267,-0.5210109055042267,0.03246595337986946,0.03246595337986946,0.019239436835050583,0.3901386857032776,-0.27070343494415283,0.0,0.013226516544818878,0.013226516544818878
963,32.1,24,0,0,,4,uneven rough,11,0.0,100.38396453857422,34.89276885986328,0.5568745136260986,1.6940102577209473,-1.2871173620224,1.6940102577209473,-1.2871173620224,9.113588333129883,2.523825168609619,0.1666666716337204,0.44091540575027466,0.2999189496040344,0.8470051288604736,-0.6435586810112,0.5055525302886963,0.4327898323535919,-0.09177886694669724,-0.5825848579406738,-0.06753651052713394,-0.6412571668624878,0.35388675332069397,0.35388675332069397,0.050615064799785614,1.620643138885498,-1.6380852460861206,0.0,0.30327168852090836,0.30327168852090836,0.21639491617679596,0.21639491617679596,0.1718634068965912,2.000002145767212,0.9846166372299194,0.0,0.04453150928020477,0.04453150928020477,-0.04588943347334862,-0.04588943347334862,0.0477885976433754,-1.9999756813049316,-0.7895841002464294,0.0,-0.09367803111672401,-0.09367803111672401,-0.40780940651893616,-0.40780940651893616,0.09087005257606506,-1.9594614505767822,-1.0087634325027466,0.0,-0.4986794590950012,-0.4986794590950012,-0.10805841535329819,-0.10805841535329819,0.0481751523911953,-1.3745043277740479,-0.47967636585235596,0.0,-0.15623356774449348,-0.15623356774449348,-0.3206285834312439,-0.3206285834312439,-0.1593511551618576,-1.9126540422439575,-0.9297910928726196,0.0,-0.1612774282693863,-0.1612774282693863
964,32.13333333333333,4,0,0,,4,uneven rough,5,0.0,50.92524719238281,29.830242156982422,0.31795045733451843,1.244532823562622,-0.5572725534439087,1.244532823562622,-0.5572725534439087,3.401034116744995,0.8860169649124146,0.1666666716337204,-0.5678998231887817,0.15731725096702576,0.622266411781311,-0.27863627672195435,0.8100001811981201,-0.2622532248497009,0.5947654247283936,0.06946782022714615,0.23172727227210999,-0.44440993666648865,0.5670000910758972,0.5670000910758972,0.3994750380516052,1.8040224313735962,-0.31350016593933105,0.0,0.167525053024292,0.167525053024292,-0.41960516571998596,-0.41960516571998596,0.046593956649303436,-1.155557632446289,0.01764175295829773,0.0,-0.4661991223692894,-0.4661991223692894,0.2973827123641968,0.2973827123641968,0.15529468655586243,1.990935206413269,-0.1682669222354889,0.0,0.14208802580833435,0.14208802580833435,0.048627473413944244,0.048627473413944244,0.2430620938539505,-1.9807422161102295,-0.27209392189979553,0.0,-0.19443462044000626,-0.19443462044000626,0.11586363613605499,0.11586363613605499,0.1137007400393486,-0.8179542422294617,0.8493263721466064,0.0,0.0021628960967063904,0.0021628960967063904,-0.22220496833324432,-0.22220496833324432,-0.028971543535590172,0.06533744931221008,-1.0070041418075562,0.0,-0.19323342479765415,-0.19323342479765415
964,32.13333333333333,14,0,0,,4,uneven rough,5,0.0,52.059959411621094,32.05881118774414,0.19327305257320404,1.499346375465393,0.07584147155284882,1.499346375465393,0.07584147155284882,3.1372790336608887,7.291621208190918,0.6666666865348816,0.20609581470489502,0.18136410415172577,0.7496731877326965,0.03792073577642441,-0.15557265281677246,0.274964839220047,0.43621888756752014,0.3681977689266205,0.322689414024353,-0.11820914596319199,-0.10890085250139236,-0.10890085250139236,0.32428207993507385,-1.4923503398895264,0.5381617546081543,0.0,-0.4331829324364662,-0.4331829324364662,0.1374824196100235,0.1374824196100235,0.16823707520961761,0.34422996640205383,0.5004374980926514,0.0,-0.030754655599594116,-0.030754655599594116,0.21810944378376007,0.21810944378376007,0.15909674763679504,1.4508850574493408,0.6488075852394104,0.0,0.05901269614696503,0.05901269614696503,0.2577384412288666,0.2577384412288666,0.2970745861530304,0.12414227426052094,1.0458377599716187,0.0,-0.03933614492416382,-0.03933614492416382,0.1613447070121765,0.1613447070121765,0.15625105798244476,-1.7180086374282837,-0.6802647709846497,0.0,0.0050936490297317505,0.0050936490297317505,-0.05910457298159599,-0.05910457298159599,-0.004525547847151756,-0.9596085548400879,0.10293788462877274,0.0,-0.05457902513444424,-0.05457902513444424
964,32.13333333333333,24,0,0,,4,uneven rough,11,0.0,100.4339599609375,34.914432525634766,0.5755818486213684,1.3665785789489746,-1.3018875122070312,1.3665785789489746,-1.3018875122070312,5.178738594055176,0.7977508306503296,0.1666666716337204,0.38358792662620544,0.22943180799484253,0.6832892894744873,-0.6509437561035156,0.31588754057884216,0.7115920186042786,0.32895132899284363,-0.45459645986557007,-0.2156515121459961,-0.7833945751190186,0.22112128138542175,0.22112128138542175,0.11705723404884338,1.9178770780563354,0.20440560579299927,0.0,0.10406404733657837,0.10406404733657837,0.3557960093021393,0.3557960093021393,0.23878899216651917,1.9422094821929932,1.5587173700332642,0.0,0.11700701713562012,0.11700701713562012,0.16447566449642181,0.16447566449642181,0.04701206460595131,0.46735841035842896,-1.473941683769226,0.0,0.1174635998904705,0.1174635998904705,-0.31821751594543457,-0.31821751594543457,0.023778140544891357,-1.955684781074524,-1.5462898015975952,0.0,-0.3419956564903259,-0.3419956564903259,-0.3450424373149872,-0.3450424373149872,0.016232099384069443,-0.6873852014541626,-0.9856137037277222,0.0,-0.3612745366990566,-0.3612745366990566,-0.3916972875595093,-0.3916972875595093,-0.17508381605148315,0.37024784088134766,-1.4855035543441772,0.0,-0.21661347150802612,-0.21661347150802612
965,32.166666666666664,4,0,0,,4,uneven rough,5,0.0,50.95869064331055,29.817588806152344,0.3238014578819275,1.335972785949707,-0.5839828252792358,1.335972785949707,-0.5839828252792358,2.1005845069885254,2.611616373062134,0.404021680355072,-0.37113067507743835,0.06552638858556747,0.6679863929748535,-0.2919914126396179,0.5761454701423645,0.1854955554008484,0.6462923884391785,0.21345758438110352,0.4530840218067169,-0.4293671250343323,0.40330183506011963,0.40330183506011963,0.4363192915916443,-0.09323085844516754,0.8837509155273438,0.0,-0.03301745653152466,-0.03301745653152466,0.0927477777004242,0.0927477777004242,0.10264507681131363,0.8512189984321594,-0.6456872820854187,0.0,-0.009897299110889435,-0.009897299110889435,0.32314619421958923,0.32314619421958923,0.22503192722797394,1.8478363752365112,1.0525498390197754,0.0,0.0981142669916153,0.0981142669916153,0.14942030608654022,0.14942030608654022,0.1861995905637741,-1.2093546390533447,-1.2381666898727417,0.0,-0.03677928447723389,-0.03677928447723389,0.22654201090335846,0.22654201090335846,0.1788122057914734,1.366052508354187,-0.09335708618164062,0.0,0.04772980511188507,0.04772980511188507,-0.21468356251716614,-0.21468356251716614,-0.05021926388144493,-0.656252384185791,-0.40070027112960815,0.0,-0.1644642986357212,-0.1644642986357212
965,32.166666666666664,14,0,0,,4,uneven rough,5,0.0,52.097171783447266,32.065677642822266,0.19342881441116333,1.478595495223999,0.4626307487487793,1.478595495223999,0.4626307487487793,6.165472030639648,4.477452754974365,0.5,0.4828880727291107,0.09667845815420151,0.7392977476119995,0.23131537437438965,0.486398309469223,-0.03283265605568886,0.3325060307979584,0.13439716398715973,-0.0290983859449625,-0.1329042762517929,0.3404788076877594,0.3404788076877594,0.33561137318611145,0.5866530537605286,-0.6098934412002563,0.0,0.004867434501647949,0.004867434501647949,-0.05253225192427635,-0.05253225192427635,0.1148863434791565,-1.4751956462860107,0.41211748123168945,0.0,-0.16741859540343285,-0.16741859540343285,0.1662530153989792,0.1662530153989792,0.17877113819122314,-0.7875738143920898,1.1023036241531372,0.0,-0.012518122792243958,-0.012518122792243958,0.09407801181077957,0.09407801181077957,0.23559610545635223,-1.7849408388137817,0.5247094631195068,0.0,-0.14151809364557266,-0.14151809364557266,-0.04655741900205612,-0.04655741900205612,0.07755103707313538,-1.9832956790924072,-1.2670069932937622,0.0,-0.1241084560751915,-0.1241084560751915,-0.06645213812589645,-0.06645213812589645,-0.02433064579963684,-1.1555542945861816,-0.49782776832580566,0.0,-0.04212149232625961,-0.04212149232625961
965,32.166666666666664,24,0,0,,4,uneven rough,11,0.0,100.4859390258789,34.9331169128418,0.5855515003204346,1.5400973558425903,-1.3252167701721191,1.5400973558425903,-1.3252167701721191,6.219418525695801,1.5523316860198975,0.3333333432674408,0.21657323837280273,0.12087775766849518,0.7700486779212952,-0.6626083850860596,0.5141350030899048,0.6349912881851196,0.34280648827552795,-0.3106900453567505,0.5747528076171875,-0.5506371259689331,0.3598944842815399,0.3598944842815399,0.18128953874111176,2.017397880554199,1.1732054948806763,0.0,0.17860494554042816,0.17860494554042816,0.3174956440925598,0.3174956440925598,0.30597808957099915,1.6749169826507568,1.77554452419281,0.0,0.011517554521560669,0.011517554521560669,0.17140324413776398,0.17140324413776398,0.0883808434009552,1.4809420108795166,-0.37632715702056885,0.0,0.08302240073680878,0.08302240073680878,-0.2174830287694931,-0.2174830287694931,-0.03589876741170883,-1.8966237306594849,-1.7777624130249023,0.0,-0.18158426135778427,-0.18158426135778427,0.28737640380859375,0.28737640380859375,0.07648184150457382,1.9487992525100708,-0.8169947862625122,0.0,0.21089456230401993,0.21089456230401993,-0.27531856298446655,-0.27531856298446655,-0.18463662266731262,-0.27111852169036865,-0.43625837564468384,0.0,-0.09068194031715393,-0.09068194031715393
966,32.2,4,0,0,,4,uneven rough,5,0.0,50.98930358886719,29.801185607910156,0.32689976692199707,1.3852605819702148,0.4259703755378723,1.3852605819702148,0.4259703755378723,4.394741535186768,4.128978729248047,0.3333333432674408,-0.23769789934158325,0.15026473999023438,0.6926302909851074,0.21298518776893616,0.8799236416816711,-0.07471898198127747,0.3651644289493561,0.3780742585659027,0.54488205909729,-0.44955453276634216,0.6159465312957764,0.6159465312957764,0.4552430510520935,0.9998325705528259,0.3313636779785156,0.0,0.16070348024368286,0.16070348024368286,-0.11955036967992783,-0.11955036967992783,0.08356816321611404,0.34734833240509033,0.20066621899604797,0.0,-0.20311853289604187,-0.20311853289604187,0.18258221447467804,0.18258221447467804,0.20628465712070465,-1.556330680847168,1.5022062063217163,0.0,-0.02370244264602661,-0.02370244264602661,0.26465198397636414,0.26465198397636414,0.20684027671813965,1.7062872648239136,-1.2218762636184692,0.0,0.05781170725822449,0.05781170725822449,0.272441029548645,0.272441029548645,0.20560230314731598,1.9892823696136475,0.7317957282066345,0.0,0.06683872640132904,0.06683872640132904,-0.22477726638317108,-0.22477726638317108,-0.09173794090747833,-1.5843764543533325,-0.5451898574829102,0.0,-0.13303932547569275,-0.13303932547569275
966,32.2,14,0,0,,4,uneven rough,5,0.0,52.13467788696289,32.069393157958984,0.18987932801246643,1.4317387342453003,-0.2506786286830902,1.4317387342453003,-0.2506786286830902,4.482426643371582,0.846477746963501,0.1666666716337204,0.6459192037582397,0.14096659421920776,0.7158693671226501,-0.1253393143415451,0.40158751606941223,-0.07879998534917831,0.547889232635498,0.40564215183258057,-0.04564294591546059,-0.25795355439186096,0.2811112701892853,0.2811112701892853,0.2791682481765747,-1.3423707485198975,0.06663607805967331,0.0,0.0019430220127105713,0.0019430220127105713,-0.1260799765586853,-0.1260799765586853,0.05765167251229286,-1.4574322700500488,-0.6549727320671082,0.0,-0.18373164907097816,-0.18373164907097816,0.273944616317749,0.273944616317749,0.24322710931301117,2.0045573711395264,0.033763542771339417,0.0,0.030717507004737854,0.030717507004737854,0.28394949436187744,0.28394949436187744,0.2791994512081146,1.4218086004257202,-0.7811709642410278,0.0,0.004750043153762817,0.004750043153762817,-0.07302871346473694,-0.07302871346473694,0.0103520592674613,-2.0056700706481934,-1.6719979047775269,0.0,-0.08338077273219824,-0.08338077273219824,-0.12897677719593048,-0.12897677719593048,-0.05727604404091835,-1.1333314180374146,-0.8697075247764587,0.0,-0.07170073315501213,-0.07170073315501213
966,32.2,24,0,0,,4,uneven rough,11,0.0,100.5376205444336,34.942901611328125,0.5815669298171997,1.0397447347640991,-0.6717053055763245,1.0397447347640991,-0.6717053055763245,3.362701416015625,1.2940863370895386,0.3333333432674408,0.15710991621017456,0.07492871582508087,0.5198723673820496,-0.33585265278816223,0.7689405679702759,0.5371425151824951,0.12884165346622467,0.17785553634166718,0.5178461670875549,-0.3056897222995758,0.5382583737373352,0.5382583737373352,0.2331293374300003,1.791657567024231,1.6505134105682373,0.0,0.3051290363073349,0.3051290363073349,0.26857125759124756,0.26857125759124756,0.2888405919075012,-1.3141895532608032,1.7186495065689087,0.0,-0.020269334316253662,-0.020269334316253662,0.06442082673311234,0.06442082673311234,0.08093754947185516,-1.1508126258850098,0.6737761497497559,0.0,-0.01651672273874283,-0.01651672273874283,0.1244988739490509,0.1244988739490509,-0.004753321409225464,1.9927390813827515,-1.8449667692184448,0.0,0.12925219535827637,0.12925219535827637,0.25892308354377747,0.25892308354377747,0.12481135874986649,1.6813547611236572,0.7467901110649109,0.0,0.13411172479391098,0.13411172479391098,-0.1528448611497879,-0.1528448611497879,-0.16195088624954224,0.8786598443984985,-0.3428880274295807,0.0,0.009106025099754333,0.009106025099754333
967,32.233333333333334,4,0,0,,4,uneven rough,5,0.0,51.02056121826172,29.786907196044922,0.3306763768196106,1.5447747707366943,0.4514016807079315,1.5447747707366943,0.4514016807079315,6.764119625091553,3.61090350151062,0.3333333432674408,0.21459369361400604,0.18205949664115906,0.7723873853683472,0.22570084035396576,0.23602497577667236,0.2576393783092499,0.09203130751848221,0.6292576789855957,0.7074071764945984,-0.07860518991947174,0.16521747410297394,0.16521747410297394,0.40888291597366333,-1.7586523294448853,0.7093172073364258,0.0,-0.2436654418706894,-0.2436654418706894,0.12881968915462494,0.12881968915462494,0.12695203721523285,2.0050745010375977,0.2836005389690399,0.0,0.0018676519393920898,0.0018676519393920898,0.046015653759241104,0.046015653759241104,0.1385202258825302,-2.004855155944824,-0.2270960509777069,0.0,-0.09250457212328911,-0.09250457212328911,0.44048038125038147,0.44048038125038147,0.27478596568107605,1.6260944604873657,0.4337126612663269,0.0,0.16569441556930542,0.16569441556930542,0.3537035882472992,0.3537035882472992,0.27173247933387756,1.6105830669403076,1.4427809715270996,0.0,0.08197110891342163,0.08197110891342163,-0.03930259495973587,-0.03930259495973587,-0.05685469135642052,1.2263250350952148,-1.132747769355774,0.0,0.017552096396684647,0.017552096396684647
967,32.233333333333334,14,0,0,,4,uneven rough,5,0.0,52.17804718017578,32.07647705078125,0.18957607448101044,1.431077003479004,-0.2061007171869278,1.431077003479004,-0.2061007171869278,5.8611602783203125,1.049286961555481,0.3333333432674408,0.8514425158500671,0.09390293061733246,0.715538501739502,-0.1030503585934639,0.4032818675041199,0.303550124168396,0.11173529922962189,0.33820509910583496,-0.24069638550281525,-0.015559829771518707,0.2822973132133484,0.2822973132133484,0.2897047996520996,0.32389840483665466,-0.7300189137458801,0.0,-0.007407486438751221,-0.007407486438751221,0.151775062084198,0.151775062084198,0.11412351578474045,1.571895718574524,-1.108684778213501,0.0,0.03765154629945755,0.03765154629945755,0.055867649614810944,0.055867649614810944,0.20310810208320618,-1.294651746749878,1.1480538845062256,0.0,-0.14724045246839523,-0.14724045246839523,0.23674356937408447,0.23674356937408447,0.24917875230312347,-1.5706323385238647,0.4643976092338562,0.0,-0.012435182929039001,-0.012435182929039001,-0.38511422276496887,-0.38511422276496887,-0.0328347310423851,-1.3563371896743774,-1.86065673828125,0.0,-0.35227949172258377,-0.35227949172258377,-0.007779914885759354,-0.007779914885759354,-0.04354275390505791,-0.5078162550926208,-1.0187609195709229,0.0,0.03576283901929855,0.03576283901929855
967,32.233333333333334,24,0,0,,4,uneven rough,11,0.0,100.58643341064453,34.952030181884766,0.5747899413108826,0.9248857498168945,0.15875162184238434,0.9248857498168945,0.15875162184238434,4.66136360168457,0.0,0.0,0.32836270332336426,0.16518478095531464,0.46244287490844727,0.07937581092119217,0.2303585261106491,0.5714935064315796,0.5180075764656067,0.7347139120101929,0.06731271743774414,0.44973641633987427,0.16125096380710602,0.16125096380710602,0.21723338961601257,-2.0000011920928955,1.7303166389465332,0.0,-0.055982425808906555,-0.055982425808906555,0.2857467532157898,0.2857467532157898,0.25401994585990906,0.5263597369194031,0.0038768870290368795,0.0,0.03172680735588074,0.03172680735588074,0.25900378823280334,0.25900378823280334,0.14096412062644958,1.9651148319244385,-0.3578495979309082,0.0,0.11803966760635376,0.11803966760635376,0.514299750328064,0.514299750328064,0.06716921925544739,1.9997270107269287,0.324878990650177,0.0,0.4471305310726166,0.4471305310726166,0.03365635871887207,0.03365635871887207,0.08514142036437988,-1.7787504196166992,1.2751946449279785,0.0,-0.05148506164550781,-0.05148506164550781,0.22486820816993713,0.22486820816993713,-0.09666475653648376,1.8706762790679932,0.3477773368358612,0.0,0.3215329647064209,0.3215329647064209
968,32.266666666666666,4,0,0,,4,uneven rough,5,0.0,51.05023956298828,29.774593353271484,0.3328208923339844,1.3091955184936523,1.6172186136245728,1.3091955184936523,1.6172186136245728,6.405110836029053,1.5586516857147217,0.1666666716337204,0.09531860053539276,0.21055155992507935,0.6545977592468262,0.8086093068122864,0.5891979336738586,0.1944419890642166,0.25874796509742737,0.6260380744934082,0.49433618783950806,0.20819814503192902,0.4124385416507721,0.4124385416507721,0.38115954399108887,0.09368178248405457,-0.6860771775245667,0.0,0.03127899765968323,0.03127899765968323,0.0972209945321083,0.0972209945321083,0.1182628720998764,-0.12196046859025955,1.2569249868392944,0.0,-0.021041877567768097,-0.021041877567768097,0.12937398254871368,0.12937398254871368,0.10589609295129776,0.5411600470542908,-1.2322442531585693,0.0,0.023477889597415924,0.023477889597415924,0.4382266402244568,0.4382266402244568,0.33300697803497314,1.6888644695281982,1.1078875064849854,0.0,0.10521966218948364,0.10521966218948364,0.24716809391975403,0.24716809391975403,0.23117494583129883,-0.8537898659706116,1.537656545639038,0.0,0.0159931480884552,0.0159931480884552,0.10409907251596451,0.10409907251596451,-0.01973319984972477,-0.39995652437210083,0.20107623934745789,0.0,0.12383227236568928,0.12383227236568928
968,32.266666666666666,14,0,0,,4,uneven rough,5,0.0,52.2200813293457,32.078033447265625,0.1829070895910263,1.25645112991333,0.967664897441864,1.25645112991333,0.967664897441864,4.104474067687988,1.1068812608718872,0.1666666716337204,0.7965387105941772,0.17565689980983734,0.628225564956665,0.483832448720932,0.5905730724334717,0.25982117652893066,0.10969509184360504,0.43160271644592285,-0.00910688005387783,-0.1106218472123146,0.41340115666389465,0.41340115666389465,0.32271796464920044,1.8615806102752686,-0.13413217663764954,0.0,0.09068319201469421,0.09068319201469421,0.12991058826446533,0.12991058826446533,0.139751136302948,-0.8172855377197266,0.40692025423049927,0.0,-0.009840548038482666,-0.009840548038482666,0.05484754592180252,0.05484754592180252,0.14498788118362427,-2.028961181640625,-0.23305624723434448,0.0,-0.09014033526182175,-0.09014033526182175,0.3021219074726105,0.3021219074726105,0.26039713621139526,0.9385479688644409,-0.6862120032310486,0.0,0.04172477126121521,0.04172477126121521,-0.014571008272469044,-0.014571008272469044,-0.01705896481871605,1.5895289182662964,-1.5755136013031006,0.0,0.0024879565462470055,0.0024879565462470055,-0.0553109236061573,-0.0553109236061573,-0.05781915783882141,1.203561544418335,-0.7298718690872192,0.0,0.0025082342326641083,0.0025082342326641083
968,32.266666666666666,24,0,0,,4,uneven rough,11,0.0,100.63188171386719,34.966339111328125,0.5647199153900146,0.6876435279846191,-0.049106061458587646,0.6876435279846191,-0.049106061458587646,3.567683696746826,0.0,0.0,0.26372575759887695,0.08348433673381805,0.34382176399230957,-0.024553030729293823,0.19748882949352264,0.4406561851501465,0.42476531863212585,0.3818105161190033,-0.3111310601234436,0.4901457130908966,0.1382421851158142,0.1382421851158142,0.15124040842056274,-1.9177871942520142,-0.3788117468357086,0.0,-0.012998223304748535,-0.012998223304748535,0.22032809257507324,0.22032809257507324,0.21985791623592377,-0.7719466686248779,0.29928961396217346,0.0,0.0004701763391494751,0.0004701763391494751,0.21238265931606293,0.21238265931606293,0.1755523681640625,-0.015401840209960938,0.9555586576461792,0.0,0.03683029115200043,0.03683029115200043,0.2672673463821411,0.2672673463821411,0.13448937237262726,1.9383764266967773,1.271841049194336,0.0,0.13277797400951385,0.13277797400951385,-0.4978097081184387,-0.4978097081184387,0.028639543801546097,-0.39155012369155884,-0.45151135325431824,0.0,-0.5264492519199848,-0.5264492519199848,0.2450728565454483,0.2450728565454483,-0.024978186935186386,2.1610097885131836,1.2088271379470825,0.0,0.2700510434806347,0.2700510434806347
969,32.3,4,0,0,,4,uneven rough,5,0.0,51.07765197753906,29.765657424926758,0.3384955823421478,1.5322291851043701,1.5248074531555176,1.5322291851043701,1.5248074531555176,7.621321678161621,4.083739280700684,0.3333333432674408,0.10717403888702393,0.18423472344875336,0.7661145925521851,0.7624037265777588,0.2192825824022293,-0.13585524260997772,0.6994030475616455,0.6545509696006775,0.22476543486118317,0.26520562171936035,0.15349780023097992,0.15349780023097992,0.3202480375766754,-1.9446015357971191,-0.24520006775856018,0.0,-0.1667502373456955,-0.1667502373456955,-0.21736839413642883,-0.21736839413642883,0.0786208063364029,-0.44614678621292114,0.47730064392089844,0.0,-0.2959892004728317,-0.2959892004728317,0.34970152378082275,0.34970152378082275,0.1608036905527115,1.5128213167190552,-0.2295583039522171,0.0,0.18889783322811127,0.18889783322811127,0.45818567276000977,0.45818567276000977,0.3979986310005188,1.9855841398239136,1.4363728761672974,0.0,0.06018704175949097,0.06018704175949097,0.11238271743059158,0.11238271743059158,0.15564878284931183,-1.996409296989441,0.1855284571647644,0.0,-0.043266065418720245,-0.043266065418720245,0.13260281085968018,0.13260281085968018,0.004804947879165411,0.9101452827453613,-0.13874876499176025,0.0,0.12779786298051476,0.12779786298051476
969,32.3,14,0,0,,4,uneven rough,5,0.0,52.255985260009766,32.077354431152344,0.16855406761169434,1.4878181219100952,-0.7282254099845886,1.4878181219100952,-0.7282254099845886,3.0546798706054688,3.925705671310425,0.3333333432674408,0.5385944843292236,0.17074505984783173,0.7439090609550476,-0.3641127049922943,0.02740662172436714,-0.02379055693745613,-0.12166000157594681,0.6987101435661316,0.5673797130584717,0.07118172198534012,0.01918463408946991,0.01918463408946991,0.2800600528717041,-1.927130103111267,0.9942474365234375,0.0,-0.2608754187822342,-0.2608754187822342,-0.03806489333510399,-0.03806489333510399,0.073857381939888,-1.0525518655776978,-0.28524789214134216,0.0,-0.11192227527499199,-0.11192227527499199,-0.060830000787973404,-0.060830000787973404,0.09252770245075226,1.013290524482727,-1.2484641075134277,0.0,-0.15335770323872566,-0.15335770323872566,0.48909708857536316,0.48909708857536316,0.33082643151283264,1.423693299293518,0.23243020474910736,0.0,0.15827065706253052,0.15827065706253052,0.28368985652923584,0.28368985652923584,0.03558025136590004,1.477129578590393,0.21400710940361023,0.0,0.2481096051633358,0.2481096051633358,0.03559086099267006,0.03559086099267006,0.01211252249777317,2.115962266921997,0.3632948398590088,0.0,0.02347833849489689,0.02347833849489689
969,32.3,24,0,0,,4,uneven rough,11,0.0,100.67986297607422,34.9855842590332,0.5548262596130371,0.6713809967041016,-0.34186461567878723,0.6713809967041016,-0.34186461567878723,5.853997707366943,4.114899635314941,0.3333333432674408,0.19483403861522675,0.033760037273168564,0.3356904983520508,-0.17093230783939362,-0.1408776193857193,0.6814730763435364,0.14443324506282806,0.26059195399284363,0.08434940129518509,0.1392165720462799,-0.09861433506011963,-0.09861433506011963,0.08626540005207062,-1.8706251382827759,-1.2489511966705322,0.0,-0.18487973511219025,-0.18487973511219025,0.3407365381717682,0.3407365381717682,0.2836901545524597,1.519138216972351,-0.30638930201530457,0.0,0.05704638361930847,0.05704638361930847,0.07221662253141403,0.07221662253141403,0.1120312437415123,-2.0000030994415283,0.4065758287906647,0.0,-0.03981462121009827,-0.03981462121009827,0.18241436779499054,0.18241436779499054,0.1931835114955902,1.0881199836730957,1.6487013101577759,0.0,-0.01076914370059967,-0.01076914370059967,0.042174700647592545,0.042174700647592545,0.043957531452178955,0.5535007119178772,-0.41760918498039246,0.0,-0.0017828308045864105,-0.0017828308045864105,0.06960828602313995,0.06960828602313995,0.03250856697559357,0.39367878437042236,1.7471928596496582,0.0,0.03709971904754639,0.03709971904754639
970,32.333333333333336,4,0,0,,4,uneven rough,5,0.0,51.10874557495117,29.759397506713867,0.35096389055252075,1.7433470487594604,0.8389993906021118,1.7433470487594604,0.8389993906021118,8.460527420043945,4.765436172485352,0.3333333432674408,-0.036583781242370605,0.15239325165748596,0.8716735243797302,0.4194996953010559,0.14801572263240814,0.2340640276670456,0.7710494995117188,0.6029607057571411,-0.056988995522260666,0.0917692482471466,0.10361100733280182,0.10361100733280182,0.25758445262908936,-1.6682555675506592,-1.2060446739196777,0.0,-0.15397344529628754,-0.15397344529628754,0.1170320138335228,0.1170320138335228,0.10640522092580795,0.9168415069580078,-0.04481819272041321,0.0,0.010626792907714844,0.010626792907714844,0.3855247497558594,0.3855247497558594,0.2095697969198227,1.4543049335479736,0.7555862665176392,0.0,0.17595495283603668,0.17595495283603668,0.42207249999046326,0.42207249999046326,0.44330793619155884,0.43960848450660706,1.7468979358673096,0.0,-0.02123543620109558,-0.02123543620109558,-0.0911823958158493,-0.0911823958158493,0.10613640397787094,-1.3612041473388672,-1.0481430292129517,0.0,-0.19731879979372025,-0.19731879979372025,0.0458846241235733,0.0458846241235733,0.02452816255390644,0.5483015775680542,0.454297810792923,0.0,0.021356461569666862,0.021356461569666862
970,32.333333333333336,14,0,0,,4,uneven rough,5,0.0,52.29545211791992,32.087242126464844,0.17837125062942505,1.3471474647521973,0.31988275051116943,1.3471474647521973,0.31988275051116943,5.795281887054443,1.8493099212646484,0.5261566638946533,0.6640240550041199,0.14094579219818115,0.6735737323760986,0.15994137525558472,0.8134511709213257,0.3528904318809509,-0.11833252012729645,0.17733769118785858,-0.2015654295682907,0.1168728768825531,0.569415807723999,0.569415807723999,0.336791455745697,1.9332979917526245,-0.657504677772522,0.0,0.232624351978302,0.232624351978302,0.17644521594047546,0.17644521594047546,0.11529778689146042,1.9999990463256836,-0.7190829515457153,0.0,0.061147429049015045,0.061147429049015045,-0.059166260063648224,-0.059166260063648224,0.0687524750828743,-1.4583117961883545,0.030336031690239906,0.0,-0.12791873514652252,-0.12791873514652252,0.12413638085126877,0.12413638085126877,0.2655516564846039,-1.8542855978012085,0.9059724807739258,0.0,-0.1414152756333351,-0.1414152756333351,-0.3225046992301941,-0.3225046992301941,0.016373055055737495,-0.8942944407463074,0.9281787872314453,0.0,-0.3388777542859316,-0.3388777542859316,0.05843643844127655,0.05843643844127655,0.0023373356088995934,-0.9183924794197083,1.3542561531066895,0.0,0.05609910283237696,0.05609910283237696
970,32.333333333333336,24,0,0,,4,uneven rough,11,0.0,100.7298355102539,34.99762725830078,0.5387514233589172,1.2654592990875244,-0.3528936505317688,1.2654592990875244,-0.3528936505317688,7.862226486206055,4.387966156005859,0.3333333432674408,0.2453983724117279,0.0823148787021637,0.6327296495437622,-0.1764468252658844,0.23229624330997467,0.1605868935585022,-0.11438719183206558,0.4666459560394287,0.22763240337371826,0.01856197603046894,0.1626073718070984,0.1626073718070984,0.07141748815774918,1.2357792854309082,-1.6004468202590942,0.0,0.09118988364934921,0.09118988364934921,0.0802934467792511,0.0802934467792511,0.23271812498569489,-2.0000054836273193,0.7257672548294067,0.0,-0.1524246782064438,-0.1524246782064438,-0.05719359591603279,-0.05719359591603279,0.061088886111974716,-1.9040923118591309,-0.9541082382202148,0.0,-0.11828248202800751,-0.11828248202800751,0.3266521692276001,0.3266521692276001,0.2512582838535309,1.9844369888305664,1.3317476511001587,0.0,0.07539388537406921,0.07539388537406921,0.11381620168685913,0.11381620168685913,0.07511205971240997,2.005113124847412,0.1314580887556076,0.0,0.03870414197444916,0.03870414197444916,0.00928098801523447,0.00928098801523447,-0.00039635697612538934,-1.0311689376831055,0.9819135665893555,0.0,0.00967734499135986,0.00967734499135986
971,32.36666666666667,4,0,0,,4,uneven rough,5,0.0,51.147132873535156,29.761638641357422,0.36454933881759644,1.6110398769378662,1.5298595428466797,1.6110398769378662,1.5298595428466797,7.0973052978515625,3.441143751144409,0.5,0.0007074674358591437,0.1756894588470459,0.8055199384689331,0.7649297714233398,0.38573676347732544,0.5408556461334229,0.04183357581496239,0.24318569898605347,-0.17197945713996887,-0.2378331571817398,0.2700157165527344,0.2700157165527344,0.2662237584590912,0.41672462224960327,-1.4673795700073242,0.0,0.0037919580936431885,0.0037919580936431885,0.2704278230667114,0.2704278230667114,0.17273180186748505,1.6168423891067505,0.4989059269428253,0.0,0.09769602119922638,0.09769602119922638,0.020916787907481194,0.020916787907481194,0.145584836602211,-1.8229962587356567,1.1506431102752686,0.0,-0.1246680486947298,-0.1246680486947298,0.1702299863100052,0.1702299863100052,0.3818740248680115,-2.005460023880005,1.0077542066574097,0.0,-0.2116440385580063,-0.2116440385580063,-0.2751671373844147,-0.2751671373844147,0.0416792631149292,-1.8976778984069824,-1.225148320198059,0.0,-0.31684640049934387,-0.31684640049934387,-0.1189165785908699,-0.1189165785908699,-0.041791077703237534,-2.017232656478882,0.5074477195739746,0.0,-0.07712550088763237,-0.07712550088763237
971,32.36666666666667,14,0,0,,4,uneven rough,5,0.0,52.330284118652344,32.10483169555664,0.19536593556404114,1.5443719625473022,-0.87636798620224,1.5443719625473022,-0.87636798620224,2.2862000465393066,3.6754672527313232,0.3333333432674408,0.3419014811515808,0.04617229104042053,0.7721859812736511,-0.43818399310112,0.26377439498901367,0.3652282953262329,0.06848610937595367,0.0044688209891319275,-0.08006901293992996,-0.36792975664138794,0.18464207649230957,0.18464207649230957,0.3182326853275299,-1.9799771308898926,0.8073397874832153,0.0,-0.13359060883522034,-0.13359060883522034,0.18261414766311646,0.18261414766311646,0.17710772156715393,1.5787559747695923,0.8182908892631531,0.0,0.005506426095962524,0.005506426095962524,0.03424305468797684,0.03424305468797684,0.03716053068637848,-0.35474473237991333,-0.8113481402397156,0.0,-0.002917475998401642,-0.002917475998401642,0.0031281746923923492,0.0031281746923923492,0.2193785160779953,-1.2618334293365479,-0.6546823978424072,0.0,-0.21625034138560295,-0.21625034138560295,-0.12811042368412018,-0.12811042368412018,-0.04923064261674881,-1.987846851348877,-0.1022508442401886,0.0,-0.07887978106737137,-0.07887978106737137,-0.18396487832069397,-0.18396487832069397,-0.05855155363678932,-1.6902934312820435,0.06929654628038406,0.0,-0.12541332468390465,-0.12541332468390465
971,32.36666666666667,24,0,0,,4,uneven rough,11,0.0,100.77794647216797,35.007999420166016,0.5383214354515076,1.267087459564209,0.33945322036743164,1.267087459564209,0.33945322036743164,7.585079193115234,0.9412824511528015,0.1666666716337204,0.03652765601873398,0.22527357935905457,0.6335437297821045,0.16972661018371582,-0.07101806253194809,0.16334168612957,0.45266538858413696,0.5122209191322327,-0.13067775964736938,0.2151746153831482,-0.0497126430273056,-0.0497126430273056,0.03458988666534424,-1.941117286682129,0.0031604873947799206,0.0,-0.08430252969264984,-0.08430252969264984,0.081670843064785,0.081670843064785,0.1671168953180313,-1.2509709596633911,-0.8153895735740662,0.0,-0.08544605225324631,-0.08544605225324631,0.22633269429206848,0.22633269429206848,0.09751760959625244,0.17896349728107452,-1.4912309646606445,0.0,0.12881508469581604,0.12881508469581604,0.3585546314716339,0.3585546314716339,0.3178475797176361,1.5346136093139648,1.7007794380187988,0.0,0.0407070517539978,0.0407070517539978,-0.2090844213962555,-0.2090844213962555,0.03519958630204201,-1.8487119674682617,1.1908260583877563,0.0,-0.2442840076982975,-0.2442840076982975,0.1075873076915741,0.1075873076915741,0.04500114545226097,0.831619143486023,-0.15628689527511597,0.0,0.06258616223931313,0.06258616223931313
972,32.4,4,0,0,,4,uneven rough,5,0.0,51.18629837036133,29.77105712890625,0.37068605422973633,1.6446412801742554,1.523667335510254,1.6446412801742554,1.523667335510254,3.992623805999756,1.3468888998031616,0.1666666716337204,0.1597576141357422,0.16665475070476532,0.8223206400871277,0.761833667755127,0.1572979986667633,0.4974520802497864,0.1960182785987854,0.26894500851631165,-0.1279841512441635,-0.5387811660766602,0.11010859906673431,0.11010859906673431,0.2126321792602539,-1.7915796041488647,-0.4021036624908447,0.0,-0.10252358019351959,-0.10252358019351959,0.2487260401248932,0.2487260401248932,0.2340424805879593,1.372205376625061,1.1309891939163208,0.0,0.014683559536933899,0.014683559536933899,0.0980091392993927,0.0980091392993927,0.07886660844087601,-1.5536476373672485,-0.530657947063446,0.0,0.019142530858516693,0.019142530858516693,0.1882615089416504,0.1882615089416504,0.3343542218208313,-1.39120614528656,-0.6959225535392761,0.0,-0.1460927128791809,-0.1460927128791809,-0.2047746479511261,-0.2047746479511261,-0.007360480725765228,-0.49140286445617676,-1.6053978204727173,0.0,-0.19741416722536087,-0.19741416722536087,-0.2693905830383301,-0.2693905830383301,-0.08705120533704758,-0.6438114047050476,-0.9200111031532288,0.0,-0.1823393777012825,-0.1823393777012825
972,32.4,14,0,0,,4,uneven rough,5,0.0,52.36799621582031,32.11461639404297,0.1951477825641632,1.6055161952972412,0.18284793198108673,1.6055161952972412,0.18284793198108673,4.652945518493652,2.063506841659546,0.5,0.20033180713653564,0.2259850949048996,0.8027580976486206,0.09142396599054337,0.7022956609725952,-0.0647866278886795,0.5188393592834473,-0.06673334538936615,0.2089080661535263,-0.7183761596679688,0.4916069507598877,0.4916069507598877,0.35844963788986206,1.7709850072860718,-0.7686141729354858,0.0,0.13315731287002563,0.13315731287002563,-0.10365860909223557,-0.10365860909223557,0.1507432460784912,-0.8081512451171875,1.24825918674469,0.0,-0.2544018551707268,-0.2544018551707268,0.25941967964172363,0.25941967964172363,0.10066735744476318,1.8306148052215576,-0.5531837344169617,0.0,0.15875232219696045,0.15875232219696045,-0.046713341027498245,-0.046713341027498245,0.14964336156845093,-1.9324822425842285,-0.9979666471481323,0.0,-0.19635670259594917,-0.19635670259594917,0.10445403307676315,0.10445403307676315,-0.022104570642113686,1.5993691682815552,-1.168370246887207,0.0,0.12655860371887684,0.12655860371887684,-0.3591880798339844,-0.3591880798339844,-0.08026418834924698,-0.3759258985519409,-0.925578773021698,0.0,-0.2789238914847374,-0.2789238914847374
972,32.4,24,0,0,,4,uneven rough,11,0.0,100.82340240478516,35.03322219848633,0.5471386313438416,1.4103927612304688,-0.1833728402853012,1.4103927612304688,-0.1833728402853012,7.933269500732422,4.364424705505371,0.5,-0.24464379251003265,0.09441474080085754,0.7051963806152344,-0.0916864201426506,-0.0026922794058918953,0.3514665961265564,0.6204612255096436,0.36585095524787903,-0.001963180722668767,0.06452510505914688,-0.001884595607407391,-0.001884595607407391,0.013305116444826126,-0.603245735168457,-1.0961376428604126,0.0,-0.015189712052233517,-0.015189712052233517,0.1757332980632782,0.1757332980632782,0.16487114131450653,0.6634369492530823,-1.061668038368225,0.0,0.010862156748771667,0.010862156748771667,0.3102306127548218,0.3102306127548218,0.13486497104167938,1.0447025299072266,-0.5469000339508057,0.0,0.1753656417131424,0.1753656417131424,0.25609567761421204,0.25609567761421204,0.27682554721832275,-1.9356119632720947,1.606829047203064,0.0,-0.020729869604110718,-0.020729869604110718,-0.0031410891097038984,-0.0031410891097038984,0.005212018266320229,-0.799963116645813,-0.5277342200279236,0.0,-0.008353107376024127,-0.008353107376024127,0.03226255252957344,0.03226255252957344,0.03604232147336006,-1.0113229751586914,0.4022769629955292,0.0,-0.003779768943786621,-0.003779768943786621
973,32.43333333333333,4,0,0,,4,uneven rough,5,0.0,51.22663116455078,29.7747859954834,0.35713744163513184,1.8254640102386475,1.15562105178833,1.8254640102386475,1.15562105178833,4.2296576499938965,2.271901845932007,0.3567730784416199,0.024215182289481163,0.28846943378448486,0.9127320051193237,0.577810525894165,0.8468427658081055,0.24970866739749908,-0.07930310815572739,0.030362091958522797,0.2717095911502838,-0.6386175155639648,0.5927899479866028,0.5927899479866028,0.2489669770002365,1.8318454027175903,-1.1877158880233765,0.0,0.34382297098636627,0.34382297098636627,0.12485433369874954,0.12485433369874954,0.19627366960048676,-2.0000224113464355,1.2673733234405518,0.0,-0.07141933590173721,-0.07141933590173721,-0.03965155407786369,-0.03965155407786369,0.012790967710316181,-1.6297457218170166,-1.109058141708374,0.0,-0.052442521788179874,-0.052442521788179874,0.021253464743494987,0.021253464743494987,0.26655957102775574,-1.8607935905456543,-1.0890371799468994,0.0,-0.24530610628426075,-0.24530610628426075,0.1358547955751419,0.1358547955751419,0.031882401555776596,2.0288968086242676,-0.9755430817604065,0.0,0.10397239401936531,0.10397239401936531,-0.3193087577819824,-0.3193087577819824,-0.14352157711982727,-2.0084035396575928,-0.763847291469574,0.0,-0.17578718066215515,-0.17578718066215515
973,32.43333333333333,14,0,0,,4,uneven rough,5,0.0,52.406333923339844,32.121307373046875,0.19825401902198792,1.634650468826294,0.24287720024585724,1.634650468826294,0.24287720024585724,5.938502311706543,2.869785785675049,0.3333333432674408,0.06101187691092491,0.06625636667013168,0.817325234413147,0.12143860012292862,0.7487940788269043,0.245995432138443,0.06032255291938782,0.24979719519615173,0.3241651952266693,-0.31118273735046387,0.524155855178833,0.524155855178833,0.4195047914981842,1.717704176902771,0.6672797799110413,0.0,0.1046510636806488,0.1046510636806488,0.1229977160692215,0.1229977160692215,0.14765922725200653,-0.4303205907344818,0.08556103706359863,0.0,-0.024661511182785034,-0.024661511182785034,0.03016127645969391,0.03016127645969391,0.06684846431016922,-0.5516117811203003,0.7946202158927917,0.0,-0.03668718785047531,-0.03668718785047531,0.17485803365707397,0.17485803365707397,0.1316559910774231,0.7718073129653931,-1.5263434648513794,0.0,0.04320204257965088,0.04320204257965088,0.16208259761333466,0.16208259761333466,0.01713702082633972,0.6002105474472046,0.3965145945549011,0.0,0.14494557678699493,0.14494557678699493,-0.15559136867523193,-0.15559136867523193,-0.1059197261929512,-0.62406986951828,-0.6148040294647217,0.0,-0.04967164248228073,-0.04967164248228073
973,32.43333333333333,24,0,0,,4,uneven rough,11,0.0,100.86795043945312,35.055503845214844,0.5501760244369507,1.2283785343170166,-0.5344383716583252,1.2283785343170166,-0.5344383716583252,6.406976222991943,0.4456107020378113,0.3333333432674408,-0.16718626022338867,0.06134318560361862,0.6141892671585083,-0.2672191858291626,0.5332059264183044,0.08737704902887344,0.2385968416929245,-0.2255401462316513,-0.1795569360256195,-0.40648695826530457,0.37324413657188416,0.37324413657188416,0.06401032954454422,1.974895715713501,-0.8174556493759155,0.0,0.30923380702733994,0.30923380702733994,0.04368852451443672,0.04368852451443672,0.10332965850830078,-1.9886651039123535,-0.08629057556390762,0.0,-0.05964113399386406,-0.05964113399386406,0.11929842084646225,0.11929842084646225,0.11075298488140106,-0.4519076943397522,0.3529949188232422,0.0,0.008545435965061188,0.008545435965061188,-0.1578781008720398,-0.1578781008720398,0.21003423631191254,-1.9789429903030396,-0.39607343077659607,0.0,-0.36791233718395233,-0.36791233718395233,-0.28729110956192017,-0.28729110956192017,-0.06439565867185593,-1.6658381223678589,-0.6816529035568237,0.0,-0.22289545089006424,-0.22289545089006424,-0.20324347913265228,-0.20324347913265228,-0.0222379881888628,-1.5794119834899902,-0.39697498083114624,0.0,-0.18100549094378948,-0.18100549094378948
974,32.46666666666667,4,0,0,,4,uneven rough,5,0.0,51.26704406738281,29.77371597290039,0.3330542743206024,1.2581143379211426,-0.26201003789901733,1.2581143379211426,-0.26201003789901733,1.4089139699935913,1.9487231969833374,0.3333333432674408,0.2615310251712799,0.1911896914243698,0.6290571689605713,-0.13100501894950867,0.732565701007843,-0.04825199767947197,0.48344850540161133,-0.0341239795088768,0.5056653618812561,-0.5082998871803284,0.5127959847450256,0.5127959847450256,0.3152058720588684,1.91629958152771,0.5195494890213013,0.0,0.19759011268615723,0.19759011268615723,-0.07720319926738739,-0.07720319926738739,0.13205182552337646,-1.9979697465896606,-0.5800181031227112,0.0,-0.20925502479076385,-0.20925502479076385,0.24172425270080566,0.24172425270080566,0.0521676130592823,-1.0134544372558594,-1.4034558534622192,0.0,0.18955663964152336,0.18955663964152336,-0.0238867849111557,-0.0238867849111557,0.20852532982826233,-1.7854421138763428,-1.5253896713256836,0.0,-0.23241211473941803,-0.23241211473941803,0.25283268094062805,0.25283268094062805,0.10127488523721695,2.021054983139038,0.7231726050376892,0.0,0.1515577957034111,0.1515577957034111,-0.2541499435901642,-0.2541499435901642,-0.20153704285621643,-2.0081183910369873,-1.4675216674804688,0.0,-0.052612900733947754,-0.052612900733947754
974,32.46666666666667,14,0,0,,4,uneven rough,5,0.0,52.438690185546875,32.129180908203125,0.20363250374794006,1.5533790588378906,-0.354409396648407,1.5533790588378906,-0.354409396648407,1.9644250869750977,2.5468318462371826,0.5,-0.21258577704429626,0.09995156526565552,0.7766895294189453,-0.1772046983242035,0.13849374651908875,0.08058429509401321,0.4224892854690552,0.4761843979358673,0.11605972796678543,0.19996647536754608,0.096945621073246,0.096945621073246,0.3807443678379059,-1.5888789892196655,1.2611916065216064,0.0,-0.2837987467646599,-0.2837987467646599,0.04029214754700661,0.04029214754700661,0.09479893743991852,-1.2954649925231934,-0.2061193585395813,0.0,-0.05450678989291191,-0.05450678989291191,0.2112446427345276,0.2112446427345276,0.11566781997680664,1.9205827713012695,0.03345822915434837,0.0,0.09557682275772095,0.09557682275772095,0.33332908153533936,0.33332908153533936,0.20206715166568756,1.999997854232788,-0.22696487605571747,0.0,0.1312619298696518,0.1312619298696518,0.058029863983392715,0.058029863983392715,0.001391328522004187,0.3514024615287781,0.5116846561431885,0.0,0.05663853546138853,0.05663853546138853,0.09998323768377304,0.09998323768377304,-0.056093841791152954,1.8562877178192139,-0.6200429201126099,0.0,0.156077079474926,0.156077079474926
974,32.46666666666667,24,0,0,,4,uneven rough,11,0.0,100.91448211669922,35.07315444946289,0.5519504547119141,0.9383754134178162,-1.2799696922302246,0.9383754134178162,-1.2799696922302246,2.2878379821777344,1.2170310020446777,0.1666666716337204,-0.15785419940948486,0.07181985676288605,0.4691877067089081,-0.6399848461151123,0.20493154227733612,0.0911230742931366,0.4980431795120239,-0.07169348001480103,-0.1573856770992279,-0.5266931653022766,0.14345207810401917,0.14345207810401917,0.12754057347774506,1.5732195377349854,0.761344850063324,0.0,0.01591150462627411,0.01591150462627411,0.0455615371465683,0.0455615371465683,0.044134046882390976,-1.0200870037078857,-1.1618965864181519,0.0,0.0014274902641773224,0.0014274902641773224,0.24902158975601196,0.24902158975601196,0.12513332068920135,0.22625596821308136,-0.10209846496582031,0.0,0.12388826906681061,0.12388826906681061,-0.0501854345202446,-0.0501854345202446,0.14742538332939148,-1.6704052686691284,-1.291030764579773,0.0,-0.19761081784963608,-0.19761081784963608,-0.25181707739830017,-0.25181707739830017,-0.1191679909825325,-1.1302595138549805,-1.2381130456924438,0.0,-0.13264908641576767,-0.13264908641576767,-0.2633465826511383,-0.2633465826511383,-0.056903544813394547,-1.1835695505142212,-1.0655269622802734,0.0,-0.20644303783774376,-0.20644303783774376
975,32.5,4,0,0,,4,uneven rough,5,0.0,51.30760192871094,29.762468338012695,0.32592305541038513,0.8693779706954956,0.29510998725891113,0.8693779706954956,0.29510998725891113,1.802783727645874,2.9074134826660156,0.3333333432674408,0.22811172902584076,0.11956550180912018,0.4346889853477478,0.14755499362945557,0.7612200379371643,0.17525435984134674,0.8208369016647339,0.2886432409286499,0.27905237674713135,-0.03774651512503624,0.5328540205955505,0.5328540205955505,0.3788997232913971,1.7823671102523804,1.3092745542526245,0.0,0.15395429730415344,0.15395429730415344,0.08762717992067337,0.08762717992067337,0.12249892950057983,0.05625445023179054,-1.381730556488037,0.0,-0.034871749579906464,-0.034871749579906464,0.41041845083236694,0.41041845083236694,0.08188700675964355,0.8590191602706909,-1.182948350906372,0.0,0.3285314440727234,0.3285314440727234,0.20205026865005493,0.20205026865005493,0.17682546377182007,0.0009400678100064397,-1.6724238395690918,0.0,0.025224804878234863,0.025224804878234863,0.13952618837356567,0.13952618837356567,0.11897458136081696,-0.8136345744132996,1.4569976329803467,0.0,0.020551607012748718,0.020551607012748718,-0.01887325756251812,-0.01887325756251812,-0.15337632596492767,1.7545042037963867,-1.7731759548187256,0.0,0.13450306840240955,0.13450306840240955
975,32.5,14,0,0,,4,uneven rough,5,0.0,52.47439956665039,32.13956832885742,0.20577482879161835,1.5668349266052246,0.02344990335404873,1.5668349266052246,0.02344990335404873,8.021288871765137,3.3333334922790527,0.1666666716337204,0.035168349742889404,0.06196071207523346,0.7834174633026123,0.011724951677024364,0.15918689966201782,0.28432726860046387,0.7025935053825378,0.5607112646102905,0.2170809805393219,0.25866052508354187,0.1114308312535286,0.1114308312535286,0.31541895866394043,-1.7545113563537598,-0.3502434194087982,0.0,-0.20398812741041183,-0.20398812741041183,0.14216363430023193,0.14216363430023193,0.14962472021579742,1.8495779037475586,-0.8220373392105103,0.0,-0.007461085915565491,-0.007461085915565491,0.3512967526912689,0.3512967526912689,0.16032324731349945,0.006537974812090397,1.100441813468933,0.0,0.19097350537776947,0.19097350537776947,0.39249786734580994,0.39249786734580994,0.2678965926170349,1.828101396560669,1.0321638584136963,0.0,0.12460127472877502,0.12460127472877502,0.10854049026966095,0.10854049026966095,0.06999441981315613,1.4340957403182983,0.42106083035469055,0.0,0.03854607045650482,0.03854607045650482,0.12933026254177094,0.12933026254177094,0.006354991812258959,1.2322536706924438,0.7800788879394531,0.0,0.12297527072951198,0.12297527072951198
975,32.5,24,0,0,,4,uneven rough,11,0.0,100.96379089355469,35.086761474609375,0.555304765701294,0.9214100241661072,-0.7305798530578613,0.9214100241661072,-0.7305798530578613,1.6013368368148804,5.234214782714844,0.6666666865348816,-0.3075210452079773,0.15811839699745178,0.4607050120830536,-0.36528992652893066,0.18116775155067444,0.10357355326414108,0.5750367641448975,0.33642300963401794,0.2999468147754669,-0.2221202850341797,0.12681742012500763,0.12681742012500763,0.10339697450399399,-0.9292610883712769,1.220380187034607,0.0,0.02342044562101364,0.02342044562101364,0.05178677663207054,0.05178677663207054,0.06876402348279953,-0.09612000733613968,-1.0817171335220337,0.0,-0.01697724685072899,-0.01697724685072899,0.28751838207244873,0.28751838207244873,0.1618063747882843,0.7940288782119751,0.08355371654033661,0.0,0.12571200728416443,0.12571200728416443,0.23549610376358032,0.23549610376358032,0.19552555680274963,1.8636038303375244,-1.505529761314392,0.0,0.03997054696083069,0.03997054696083069,0.14997340738773346,0.14997340738773346,-0.05788678675889969,1.6562576293945312,-1.177132487297058,0.0,0.20786019414663315,0.20786019414663315,-0.11106014251708984,-0.11106014251708984,-0.07877975702285767,-0.9043689370155334,-1.1322684288024902,0.0,-0.03228038549423218,-0.03228038549423218
976,32.53333333333333,4,0,0,,4,uneven rough,5,0.0,51.34733963012695,29.752126693725586,0.32701244950294495,1.303946852684021,0.18267275393009186,1.303946852684021,0.18267275393009186,1.5200927257537842,1.872467041015625,0.3333333432674408,0.0931658148765564,0.09560495615005493,0.6519734263420105,0.09133637696504593,0.3181869685649872,0.47962385416030884,0.7691829204559326,0.5901994109153748,0.3774947226047516,-0.19588427245616913,0.2227308750152588,0.2227308750152588,0.3266546428203583,-1.961398959159851,1.5767619609832764,0.0,-0.10392376780509949,-0.10392376780509949,0.23981192708015442,0.23981192708015442,0.1933327317237854,1.9457451105117798,-0.5686912536621094,0.0,0.04647919535636902,0.04647919535636902,0.3845914602279663,0.3845914602279663,0.1091601550579071,-0.16692927479743958,-0.028416253626346588,0.0,0.2754313051700592,0.2754313051700592,0.41313958168029785,0.41313958168029785,0.2466457635164261,1.8635921478271484,-0.7263008952140808,0.0,0.16649381816387177,0.16649381816387177,0.1887473613023758,0.1887473613023758,0.16460008919239044,1.5504556894302368,0.17317812144756317,0.0,0.02414727210998535,0.02414727210998535,-0.09794213622808456,-0.09794213622808456,-0.12402595579624176,0.087196946144104,0.22138072550296783,0.0,0.026083819568157196,0.026083819568157196
976,32.53333333333333,14,0,0,,4,uneven rough,5,0.0,52.50786209106445,32.14812088012695,0.20316824316978455,1.4219321012496948,0.8118929862976074,1.4219321012496948,0.8118929862976074,6.898309230804443,3.608407497406006,0.3333333432674408,-0.08347519487142563,0.108404740691185,0.7109660506248474,0.4059464931488037,0.2306591123342514,0.17861363291740417,-0.0628981962800026,0.518397867679596,0.5584701299667358,0.18319793045520782,0.16146138310432434,0.16146138310432434,0.25165385007858276,-1.896991491317749,-1.1442190408706665,0.0,-0.09019246697425842,-0.09019246697425842,0.08930681645870209,0.08930681645870209,0.12757422029972076,-0.9490269422531128,0.6884986758232117,0.0,-0.03826740384101868,-0.03826740384101868,-0.0314490981400013,-0.0314490981400013,0.09596961736679077,-1.8408631086349487,0.4819466173648834,0.0,-0.12741871550679207,-0.12741871550679207,0.3628785014152527,0.3628785014152527,0.33168718218803406,1.976792335510254,1.48218834400177,0.0,0.031191319227218628,0.031191319227218628,0.2792350649833679,0.2792350649833679,0.08719054609537125,-0.33393484354019165,0.9938325881958008,0.0,0.19204451888799667,0.19204451888799667,0.09159896522760391,0.09159896522760391,0.06866936385631561,1.9966585636138916,1.0357393026351929,0.0,0.0229296013712883,0.0229296013712883
976,32.53333333333333,24,0,0,,4,uneven rough,11,0.0,101.01634979248047,35.091575622558594,0.5611265897750854,0.6652675271034241,0.3227502107620239,0.6652675271034241,0.3227502107620239,3.267155170440674,0.16561618447303772,0.3333333432674408,-0.3732101321220398,0.17835120856761932,0.33263376355171204,0.16137510538101196,0.30180469155311584,0.3512774705886841,-0.18810290098190308,0.6097457408905029,0.2075987011194229,0.3128596842288971,0.2112632840871811,0.2112632840871811,0.15020668506622314,1.993066668510437,0.004969178233295679,0.0,0.06105659902095795,0.06105659902095795,0.17563873529434204,0.17563873529434204,0.13257038593292236,1.9942611455917358,-0.5244587659835815,0.0,0.04306834936141968,0.04306834936141968,-0.09405145049095154,-0.09405145049095154,0.10481218993663788,-1.9802794456481934,0.48525765538215637,0.0,-0.19886364042758942,-0.19886364042758942,0.4268220067024231,0.4268220067024231,0.24766764044761658,1.9361618757247925,0.39938443899154663,0.0,0.17915436625480652,0.17915436625480652,0.10379935055971146,0.10379935055971146,0.014742791652679443,1.970299482345581,0.4248713254928589,0.0,0.08905655890703201,0.08905655890703201,0.15642984211444855,0.15642984211444855,-0.06422848254442215,0.9626328945159912,-1.0034136772155762,0.0,0.2206583246588707,0.2206583246588707
977,32.56666666666666,4,0,0,,4,uneven rough,5,0.0,51.38142776489258,29.73650360107422,0.32692307233810425,1.565596580505371,1.1378707885742188,1.565596580505371,1.1378707885742188,5.892735958099365,2.3114256858825684,0.5,-0.20964913070201874,0.05974757298827171,0.7827982902526855,0.5689353942871094,0.8107514977455139,0.025224285200238228,0.05896501615643501,0.6809060573577881,0.3856199383735657,0.06240764260292053,0.5675260424613953,0.5675260424613953,0.342068612575531,1.6507402658462524,-0.4237205684185028,0.0,0.22545742988586426,0.22545742988586426,0.012612142600119114,0.012612142600119114,0.1453331708908081,-0.8028095364570618,0.852975606918335,0.0,-0.132721028290689,-0.132721028290689,0.029482508078217506,0.029482508078217506,0.0772532969713211,-0.20997637510299683,-0.10673176497220993,0.0,-0.0477707888931036,-0.0477707888931036,0.4766342341899872,0.4766342341899872,0.2899338901042938,1.4755475521087646,0.7380293011665344,0.0,0.18670034408569336,0.18670034408569336,0.19280996918678284,0.19280996918678284,0.1413688212633133,0.4599289894104004,0.9518933296203613,0.0,0.05144114792346954,0.05144114792346954,0.031203821301460266,0.031203821301460266,-0.07573027163743973,1.7183446884155273,0.14551296830177307,0.0,0.1069340929389,0.1069340929389
977,32.56666666666666,14,0,0,,4,uneven rough,5,0.0,52.541717529296875,32.16188049316406,0.20566511154174805,1.3919339179992676,0.3006048798561096,1.3919339179992676,0.3006048798561096,7.075467586517334,3.190178632736206,0.3333333432674408,-0.08370339125394821,0.20266471803188324,0.6959669589996338,0.1503024399280548,0.08828314393758774,0.2068549543619156,0.5473127365112305,0.3656686842441559,0.11777376383543015,0.14829333126544952,0.06179820001125336,0.06179820001125336,0.19576314091682434,-1.5814484357833862,-1.5698379278182983,0.0,-0.13396494090557098,-0.13396494090557098,0.1034274771809578,0.1034274771809578,0.11470633000135422,-0.10002047568559647,-0.23736123740673065,0.0,-0.011278852820396423,-0.011278852820396423,0.27365636825561523,0.27365636825561523,0.13948357105255127,1.7810641527175903,-0.8313741683959961,0.0,0.13417279720306396,0.13417279720306396,0.2559680640697479,0.2559680640697479,0.3213569223880768,-1.9971017837524414,1.7618383169174194,0.0,-0.06538885831832886,-0.06538885831832886,0.05888688191771507,0.05888688191771507,0.059581201523542404,-1.2149407863616943,0.2431105226278305,0.0,-0.0006943196058273315,-0.0006943196058273315,0.07414666563272476,0.07414666563272476,0.07488301396369934,-1.470759630203247,1.5790448188781738,0.0,-0.0007363483309745789,-0.0007363483309745789
977,32.56666666666666,24,0,0,,4,uneven rough,11,0.0,101.06511688232422,35.10124206542969,0.5679322481155396,1.557289481163025,0.33303725719451904,1.557289481163025,0.33303725719451904,8.210933685302734,4.711468696594238,0.3333333432674408,-0.47262606024742126,0.40189099311828613,0.7786447405815125,0.16651862859725952,-0.37456437945365906,0.5201756358146667,0.36466383934020996,0.6804541349411011,0.23259006440639496,0.17503564059734344,-0.26219505071640015,-0.26219505071640015,0.1180635541677475,-1.9675116539001465,1.1290431022644043,0.0,-0.38025860488414764,-0.38025860488414764,0.2600878179073334,0.2600878179073334,0.19978289306163788,1.9961482286453247,0.8996300101280212,0.0,0.060304924845695496,0.060304924845695496,0.18233191967010498,0.18233191967010498,0.13909710943698883,1.7333420515060425,-0.9087614417076111,0.0,0.04323481023311615,0.04323481023311615,0.4763178825378418,0.4763178825378418,0.3149484395980835,1.7740057706832886,1.268281102180481,0.0,0.1613694429397583,0.1613694429397583,0.11629503220319748,0.11629503220319748,0.07440491020679474,1.8159905672073364,1.2986592054367065,0.0,0.04189012199640274,0.04189012199640274,0.08751782029867172,0.08751782029867172,-0.01142998319119215,1.3441623449325562,0.1081925705075264,0.0,0.09894780348986387,0.09894780348986387
978,32.6,4,0,0,,4,uneven rough,5,0.0,51.415855407714844,29.72331428527832,0.3379661440849304,1.6706703901290894,0.10289940237998962,1.6706703901290894,0.10289940237998962,4.202779293060303,2.959179639816284,0.3333333432674408,-0.05506248399615288,0.19882266223430634,0.8353351950645447,0.05144970118999481,-0.014060613699257374,0.4300716519355774,0.4985904097557068,0.5183988809585571,-0.03498702123761177,0.24982896447181702,-0.00984242931008339,-0.00984242931008339,0.30402427911758423,-1.9326753616333008,0.7491832971572876,0.0,-0.3138667084276676,-0.3138667084276676,0.2150358259677887,0.2150358259677887,0.17725352942943573,1.7615731954574585,-0.08320827782154083,0.0,0.037782296538352966,0.037782296538352966,0.2492952048778534,0.2492952048778534,0.13845275342464447,2.00003981590271,-0.16510644555091858,0.0,0.11084245145320892,0.11084245145320892,0.36287921667099,0.36287921667099,0.35887154936790466,1.6520084142684937,1.155023455619812,0.0,0.004007667303085327,0.004007667303085327,-0.05597923323512077,-0.05597923323512077,0.11402666568756104,-1.1535497903823853,0.6737357974052429,0.0,-0.1700058989226818,-0.1700058989226818,0.12491448223590851,0.12491448223590851,-0.026819132268428802,1.1920621395111084,1.034794807434082,0.0,0.1517336145043373,0.1517336145043373
978,32.6,14,0,0,,4,uneven rough,5,0.0,52.57851791381836,32.17258834838867,0.20368307828903198,1.2662880420684814,-0.1674468070268631,1.2662880420684814,-0.1674468070268631,6.576632976531982,1.146834135055542,0.1666666716337204,-0.0052164895460009575,0.22142118215560913,0.6331440210342407,-0.08372340351343155,0.6305056810379028,-0.13617977499961853,0.519447386264801,0.08419475704431534,-0.08165515959262848,-0.3807695508003235,0.441353976726532,0.441353976726532,0.23158122599124908,1.5528852939605713,-1.5764025449752808,0.0,0.2097727507352829,0.2097727507352829,-0.21788763999938965,-0.21788763999938965,0.06317077577114105,-0.9680342674255371,-0.15970852971076965,0.0,-0.2810584157705307,-0.2810584157705307,0.2597236931324005,0.2597236931324005,0.18997515738010406,0.30357813835144043,0.645703136920929,0.0,0.06974853575229645,0.06974853575229645,0.05893632769584656,0.05893632769584656,0.24991682171821594,-1.9196759462356567,-0.36347317695617676,0.0,-0.19098049402236938,-0.19098049402236938,-0.13064825534820557,-0.13064825534820557,-0.011014096438884735,-1.2725787162780762,-0.5812743306159973,0.0,-0.11963415890932083,-0.11963415890932083,-0.19038477540016174,-0.19038477540016174,0.010887373238801956,-2.0000789165496826,-0.1453201025724411,0.0,-0.2012721486389637,-0.2012721486389637
978,32.6,24,0,0,,4,uneven rough,11,0.0,101.11082458496094,35.11787796020508,0.5724684596061707,1.2747106552124023,0.11159335821866989,1.2747106552124023,0.11159335821866989,7.023902893066406,2.34185528755188,0.3333333432674408,-0.30559512972831726,0.1909588873386383,0.6373553276062012,0.055796679109334946,0.19876810908317566,0.46764251589775085,-0.21479715406894684,0.36005374789237976,0.11020945012569427,0.1630987823009491,0.13913767039775848,0.13913767039775848,0.1365472376346588,0.8200424313545227,-0.62175452709198,0.0,0.0025904327630996704,0.0025904327630996704,0.23382125794887543,0.23382125794887543,0.22780293226242065,0.6843320727348328,1.5196033716201782,0.0,0.006018325686454773,0.006018325686454773,-0.10739857703447342,-0.10739857703447342,0.08704561740159988,-1.903012752532959,0.5850886106491089,0.0,-0.1944441944360733,-0.1944441944360733,0.2520376145839691,0.2520376145839691,0.2671377658843994,-1.8783071041107178,1.5542187690734863,0.0,-0.015100151300430298,-0.015100151300430298,0.05510472506284714,0.05510472506284714,0.058315180242061615,-0.6375484466552734,1.5911592245101929,0.0,-0.0032104551792144775,-0.0032104551792144775,0.08154939115047455,0.08154939115047455,0.03940097987651825,1.9988700151443481,0.8070120811462402,0.0,0.0421484112739563,0.0421484112739563
979,32.63333333333333,4,0,0,,4,uneven rough,5,0.0,51.45576477050781,29.724252700805664,0.3496132791042328,1.4192328453063965,0.15651702880859375,1.4192328453063965,0.15651702880859375,6.901219367980957,4.653133392333984,0.5,-0.06152280420064926,0.0893033966422081,0.7096164226531982,0.07825851440429688,0.42863592505455017,0.5560262799263,0.11994287371635437,0.3395976424217224,-0.08354341983795166,-0.29119428992271423,0.3000451326370239,0.3000451326370239,0.2992232143878937,0.3435697555541992,-0.7671443819999695,0.0,0.000821918249130249,0.000821918249130249,0.27801313996315,0.27801313996315,0.23997637629508972,1.655137538909912,0.9598344564437866,0.0,0.0380367636680603,0.0380367636680603,0.059971436858177185,0.059971436858177185,0.08440761268138885,-1.544694185256958,1.0590711832046509,0.0,-0.02443617582321167,-0.02443617582321167,0.2377183437347412,0.2377183437347412,0.3126274645328522,-1.987552285194397,1.4360196590423584,0.0,-0.07490912079811096,-0.07490912079811096,-0.13366948068141937,-0.13366948068141937,0.056918174028396606,-0.8829056620597839,-0.3594147562980652,0.0,-0.19058765470981598,-0.19058765470981598,-0.14559714496135712,-0.14559714496135712,-0.08623753488063812,-2.0062365531921387,1.1237140893936157,0.0,-0.059359610080718994,-0.059359610080718994
979,32.63333333333333,14,0,0,,4,uneven rough,5,0.0,52.61846923828125,32.184234619140625,0.19543996453285217,1.3819551467895508,-0.21857403218746185,1.3819551467895508,-0.21857403218746185,5.673487663269043,0.9941468238830566,0.3333333432674408,-0.28277310729026794,0.1757739633321762,0.6909775733947754,-0.10928701609373093,0.22271963953971863,-0.06898453086614609,0.39297688007354736,0.04242337867617607,0.2838907837867737,-0.6033580303192139,0.15590374171733856,0.15590374171733856,0.21021318435668945,-1.8690389394760132,0.19290238618850708,0.0,-0.05430944263935089,-0.05430944263935089,-0.11037524789571762,-0.11037524789571762,0.009932738728821278,-1.926084280014038,-0.6167373657226562,0.0,-0.1203079866245389,-0.1203079866245389,0.19648844003677368,0.19648844003677368,0.1966191679239273,0.009971361607313156,0.45226505398750305,0.0,-0.0001307278871536255,-0.0001307278871536255,0.02969636395573616,0.02969636395573616,0.2014145404100418,-1.3575942516326904,-1.243353009223938,0.0,-0.17171817645430565,-0.17171817645430565,0.14194539189338684,0.14194539189338684,-0.007914280518889427,0.646880030632019,-0.9721390604972839,0.0,0.14985967241227627,0.14985967241227627,-0.30167901515960693,-0.30167901515960693,-0.0526951439678669,-1.8437031507492065,-1.1940040588378906,0.0,-0.24898387119174004,-0.24898387119174004
979,32.63333333333333,24,0,0,,4,uneven rough,11,0.0,101.15336608886719,35.14209747314453,0.5738058686256409,1.2395075559616089,-0.04437901824712753,1.2395075559616089,-0.04437901824712753,6.266193389892578,0.0,0.0,-0.57869553565979,0.23651108145713806,0.6197537779808044,-0.022189509123563766,-0.37428519129753113,0.43847522139549255,0.703701913356781,0.26508209109306335,0.13341890275478363,0.22258730232715607,-0.26199963688850403,-0.26199963688850403,0.09498288482427597,-1.9997494220733643,0.19344006478786469,0.0,-0.35698252171278,-0.35698252171278,0.21923761069774628,0.21923761069774628,0.23812954127788544,-0.547619640827179,1.0473394393920898,0.0,-0.01889193058013916,-0.01889193058013916,0.3518509566783905,0.3518509566783905,0.12789542973041534,0.4466167092323303,-0.8216883540153503,0.0,0.22395552694797516,0.22395552694797516,0.18555745482444763,0.18555745482444763,0.21627871692180634,-1.5212666988372803,-0.3865375220775604,0.0,-0.030721262097358704,-0.030721262097358704,0.06670945137739182,0.06670945137739182,0.06057019531726837,-0.7751296162605286,0.33104392886161804,0.0,0.006139256060123444,0.006139256060123444,0.11129365116357803,0.11129365116357803,0.09359728544950485,0.7082505822181702,1.4808907508850098,0.0,0.01769636571407318,0.01769636571407318
980,32.666666666666664,4,0,0,,4,uneven rough,5,0.0,51.49327850341797,29.715255737304688,0.35218337178230286,1.5324859619140625,0.6236919164657593,1.5324859619140625,0.6236919164657593,3.338737964630127,6.415904998779297,0.3751857280731201,-0.08616450428962708,0.13285492360591888,0.7662429809570312,0.31184595823287964,0.764499306678772,-0.055933527648448944,0.4281782805919647,0.4535996615886688,-0.01725558191537857,-0.6200398206710815,0.5351495146751404,0.5351495146751404,0.36005738377571106,1.6868150234222412,-0.13914461433887482,0.0,0.17509213089942932,0.17509213089942932,-0.08949364721775055,-0.08949364721775055,0.1778290867805481,-1.8200676441192627,1.3529601097106934,0.0,-0.26732273399829865,-0.26732273399829865,0.21408914029598236,0.21408914029598236,0.07893886417150497,0.6747682690620422,-0.4131024181842804,0.0,0.1351502761244774,0.1351502761244774,0.31751975417137146,0.31751975417137146,0.27819159626960754,0.21745896339416504,-0.4996740520000458,0.0,0.039328157901763916,0.039328157901763916,-0.027608931064605713,-0.027608931064605713,0.012618372216820717,-0.5409384369850159,-0.6553974747657776,0.0,-0.04022730328142643,-0.04022730328142643,-0.31001991033554077,-0.31001991033554077,-0.11139951646327972,-0.1472025215625763,-0.6459656357765198,0.0,-0.19862039387226105,-0.19862039387226105
980,32.666666666666664,14,0,0,,4,uneven rough,5,0.0,52.66231155395508,32.18873596191406,0.1811317652463913,1.1650207042694092,-0.2583503723144531,1.1650207042694092,-0.2583503723144531,6.161036968231201,1.9138740301132202,0.3267629146575928,0.09782320261001587,0.30481719970703125,0.5825103521347046,-0.12917518615722656,0.871108889579773,-0.033318158239126205,0.31747254729270935,0.3848375082015991,0.019061215221881866,-0.033741433173418045,0.6097761988639832,0.6097761988639832,0.21903327107429504,0.9285183548927307,-0.9729229211807251,0.0,0.3907429277896881,0.3907429277896881,-0.05330905318260193,-0.05330905318260193,-0.049373846501111984,-1.690787672996521,-1.3570444583892822,0.0,-0.0039352066814899445,-0.0039352066814899445,0.15873627364635468,0.15873627364635468,0.16617266833782196,-0.750761091709137,0.20219141244888306,0.0,-0.007436394691467285,-0.007436394691467285,0.26938626170158386,0.26938626170158386,0.18491660058498383,0.8276786208152771,-1.3079451322555542,0.0,0.08446966111660004,0.08446966111660004,0.009530607610940933,0.009530607610940933,0.013783258385956287,0.5561729669570923,-0.05674275383353233,0.0,-0.004252650775015354,-0.004252650775015354,-0.016870716586709023,-0.016870716586709023,-0.05946362018585205,0.20638087391853333,-1.561345100402832,0.0,0.04259290359914303,0.04259290359914303
980,32.666666666666664,24,0,0,,4,uneven rough,11,0.0,101.19566345214844,35.16413116455078,0.5722653269767761,1.4974095821380615,-0.5367422699928284,1.4974095821380615,-0.5367422699928284,5.528077602386475,3.0567386150360107,0.5,-0.37519294023513794,0.17578719556331635,0.7487047910690308,-0.2683711349964142,0.5800051093101501,-0.15299081802368164,0.3888852596282959,-0.092188760638237,0.15779158473014832,-0.28157660365104675,0.40600356459617615,0.40600356459617615,0.1281922608613968,1.9146718978881836,-1.046593189239502,0.0,0.27781130373477936,0.27781130373477936,-0.24478530883789062,-0.24478530883789062,0.19338537752628326,-1.1045258045196533,0.14554671943187714,0.0,-0.4381706863641739,-0.4381706863641739,0.19444262981414795,0.19444262981414795,0.15764003992080688,0.9543806314468384,-0.10458638519048691,0.0,0.036802589893341064,0.036802589893341064,-0.06453213095664978,-0.06453213095664978,0.1446484476327896,-1.992691159248352,-1.0281153917312622,0.0,-0.2091805785894394,-0.2091805785894394,0.07889579236507416,0.07889579236507416,0.06569815427064896,0.5608087182044983,-0.2943885624408722,0.0,0.013197638094425201,0.013197638094425201,-0.14078830182552338,-0.14078830182552338,0.04097481817007065,-1.8864307403564453,1.0440386533737183,0.0,-0.18176311999559402,-0.18176311999559402
981,32.7,4,0,0,,4,uneven rough,5,0.0,51.53456115722656,29.70665168762207,0.3545389175415039,1.6458053588867188,-1.4085456132888794,1.6458053588867188,-1.4085456132888794,2.9409806728363037,4.925041675567627,0.3333333432674408,0.007446388714015484,0.12967222929000854,0.8229026794433594,-0.7042728066444397,0.40544089674949646,0.4492526352405548,0.6527024507522583,0.4182269275188446,0.5397515296936035,-0.5899888277053833,0.2838086187839508,0.2838086187839508,0.33233606815338135,-1.1277536153793335,0.8932562470436096,0.0,-0.04852744936943054,-0.04852744936943054,0.2246263176202774,0.2246263176202774,0.2077341228723526,0.7464202046394348,-0.44107547402381897,0.0,0.016892194747924805,0.016892194747924805,0.32635122537612915,0.32635122537612915,0.11292164772748947,2.072155237197876,0.20198161900043488,0.0,0.21342957764863968,0.21342957764863968,0.29275885224342346,0.29275885224342346,0.3341951072216034,0.3913838863372803,-0.09420576691627502,0.0,-0.04143625497817993,-0.04143625497817993,0.26987576484680176,0.26987576484680176,0.09122392535209656,1.4416561126708984,-0.5906821489334106,0.0,0.1786518394947052,0.1786518394947052,-0.29499441385269165,-0.29499441385269165,-0.14901107549667358,0.40541163086891174,-0.3639640510082245,0.0,-0.14598333835601807,-0.14598333835601807
981,32.7,14,0,0,,4,uneven rough,5,0.0,52.70842742919922,32.196388244628906,0.17120903730392456,1.400099277496338,0.2811371684074402,1.400099277496338,0.2811371684074402,6.1909637451171875,0.6052718162536621,0.1666666716337204,0.0472271665930748,0.32911011576652527,0.700049638748169,0.1405685842037201,0.07354146242141724,0.1684616357088089,0.31642958521842957,0.5063950419425964,0.47786256670951843,-0.2617908716201782,0.051479022949934006,0.051479022949934006,0.15877102315425873,-1.7287871837615967,0.10215538740158081,0.0,-0.10729200020432472,-0.10729200020432472,0.08423081785440445,0.08423081785440445,0.015495521947741508,1.8529161214828491,-1.545743465423584,0.0,0.06873529590666294,0.06873529590666294,0.15821479260921478,0.15821479260921478,0.14493077993392944,0.506881833076477,-0.3366096317768097,0.0,0.01328401267528534,0.01328401267528534,0.3544765114784241,0.3544765114784241,0.2517925500869751,1.9430832862854004,-0.10045962780714035,0.0,0.10268396139144897,0.10268396139144897,0.23893128335475922,0.23893128335475922,0.08682002872228622,1.9936656951904297,0.28980088233947754,0.0,0.152111254632473,0.152111254632473,-0.1308954358100891,-0.1308954358100891,-0.09997975826263428,-1.3060190677642822,-0.5618696212768555,0.0,-0.030915677547454834,-0.030915677547454834
981,32.7,24,0,0,,4,uneven rough,11,0.0,101.23731231689453,35.186283111572266,0.5677742958068848,0.9332654476165771,-0.5926898121833801,0.9332654476165771,-0.5926898121833801,4.285260200500488,1.5420608520507812,0.3333333432674408,-0.34924328327178955,0.08661174774169922,0.4666327238082886,-0.29634490609169006,0.5438876152038574,-0.35211679339408875,0.24908030033111572,-0.007205380126833916,0.018466347828507423,-0.3227875828742981,0.3807213306427002,0.3807213306427002,0.19358596205711365,2.0000016689300537,0.6277114152908325,0.0,0.18713536858558655,0.18713536858558655,-0.563386857509613,-0.563386857509613,0.1266455352306366,-1.982590913772583,-0.5612465143203735,0.0,-0.6900323927402496,-0.6900323927402496,0.12454015016555786,0.12454015016555786,0.1141262799501419,-1.3372026681900024,0.4941554665565491,0.0,0.010413870215415955,0.010413870215415955,-0.0050437659956514835,-0.0050437659956514835,0.0792025551199913,-1.9839626550674438,-1.5734882354736328,0.0,-0.08424632111564279,-0.08424632111564279,0.009233173914253712,0.009233173914253712,0.023495342582464218,-0.8142110705375671,0.18914151191711426,0.0,-0.014262168668210506,-0.014262168668210506,-0.16139379143714905,-0.16139379143714905,-0.007669290527701378,-1.3856446743011475,-0.61285400390625,0.0,-0.15372450090944767,-0.15372450090944767
982,32.733333333333334,4,0,0,,4,uneven rough,5,0.0,51.578304290771484,29.69793128967285,0.36786723136901855,1.1653401851654053,0.7659319639205933,1.1653401851654053,0.7659319639205933,4.4439377784729,2.0885608196258545,0.3333333432674408,0.1365928053855896,0.053338974714279175,0.5826700925827026,0.38296598196029663,0.812743067741394,0.6561894416809082,0.23750628530979156,0.3721565008163452,0.20687159895896912,-0.05877700075507164,0.5689201354980469,0.5689201354980469,0.39077964425086975,1.6245752573013306,-0.24942636489868164,0.0,0.17814049124717712,0.17814049124717712,0.3280947208404541,0.3280947208404541,0.2713644802570343,1.9880927801132202,0.23033671081066132,0.0,0.0567302405834198,0.0567302405834198,0.11875314265489578,0.11875314265489578,0.13713087141513824,0.10349934548139572,1.2593811750411987,0.0,-0.018377728760242462,-0.018377728760242462,0.26050955057144165,0.26050955057144165,0.2694385051727295,-1.5025748014450073,0.1803475022315979,0.0,-0.008928954601287842,-0.008928954601287842,0.10343579947948456,0.10343579947948456,0.11836949735879898,0.3138059675693512,0.5584055781364441,0.0,-0.014933697879314423,-0.014933697879314423,-0.02938850037753582,-0.02938850037753582,-0.10313145071268082,1.3250848054885864,0.07104234397411346,0.0,0.073742950335145,0.073742950335145
982,32.733333333333334,14,0,0,,4,uneven rough,5,0.0,52.75676727294922,32.20174026489258,0.16123366355895996,1.0254161357879639,0.7217467427253723,1.0254161357879639,0.7217467427253723,5.9729413986206055,2.0626258850097656,0.3333333432674408,0.21025459468364716,0.22896108031272888,0.5127080678939819,0.36087337136268616,0.784809410572052,0.25063109397888184,-0.11980243772268295,0.4044623076915741,0.34730610251426697,0.03764824569225311,0.5493665933609009,0.5493665933609009,0.20410586893558502,1.6649385690689087,-0.9330628514289856,0.0,0.34526072442531586,0.34526072442531586,0.12531554698944092,0.12531554698944092,0.07554348558187485,1.1738001108169556,0.375864714384079,0.0,0.04977206140756607,0.04977206140756607,-0.059901218861341476,-0.059901218861341476,0.12380451709032059,-1.8220208883285522,0.14030195772647858,0.0,-0.18370573595166206,-0.18370573595166206,0.28312361240386963,0.28312361240386963,0.26572543382644653,0.8998873233795166,1.054963231086731,0.0,0.017398178577423096,0.017398178577423096,0.17365305125713348,0.17365305125713348,0.16308091580867767,2.0040600299835205,1.253169059753418,0.0,0.01057213544845581,0.01057213544845581,0.018824122846126556,0.018824122846126556,-0.14119616150856018,-1.369883418083191,-0.9826130270957947,0.0,0.16002028435468674,0.16002028435468674
982,32.733333333333334,24,0,0,,4,uneven rough,11,0.0,101.28360748291016,35.20024871826172,0.5645739436149597,1.0951900482177734,-1.552541971206665,1.0951900482177734,-1.552541971206665,4.223381996154785,0.9178410768508911,0.1666666716337204,-0.3789297044277191,0.04983663186430931,0.5475950241088867,-0.7762709856033325,0.40174600481987,-0.20083005726337433,0.808140754699707,0.17484591901302338,-0.012313727289438248,-0.05539008975028992,0.2812221944332123,0.2812221944332123,0.2517390549182892,1.4202333688735962,1.4036067724227905,0.0,0.029483139514923096,0.029483139514923096,-0.3213281035423279,-0.3213281035423279,0.06161505728960037,-1.970885157585144,-1.3648772239685059,0.0,-0.38294316083192825,-0.38294316083192825,0.4040703773498535,0.4040703773498535,0.13305509090423584,0.1942102313041687,-0.5412976741790771,0.0,0.2710152864456177,0.2710152864456177,0.12239214032888412,0.12239214032888412,0.08660221844911575,1.442664623260498,-1.80557119846344,0.0,0.03578992187976837,0.03578992187976837,-0.019701963290572166,-0.019701963290572166,0.000851864751894027,-0.4995868504047394,-0.37815582752227783,0.0,-0.020553828042466193,-0.020553828042466193,-0.02769504487514496,-0.02769504487514496,0.014073418453335762,0.42067232728004456,-1.0497912168502808,0.0,-0.04176846332848072,-0.04176846332848072
983,32.766666666666666,4,0,0,,4,uneven rough,5,0.0,51.617027282714844,29.687171936035156,0.3641502261161804,1.4310680627822876,0.9754185676574707,1.4310680627822876,0.9754185676574707,4.475394248962402,0.19201120734214783,0.1666666716337204,0.01986551284790039,0.15780310332775116,0.7155340313911438,0.48770928382873535,0.5512045621871948,0.29714274406433105,0.343951016664505,0.3601014316082001,0.6627912521362305,-0.27633005380630493,0.3858431875705719,0.3858431875705719,0.40137407183647156,-0.5503643751144409,0.8101375102996826,0.0,-0.015530884265899658,-0.015530884265899658,0.14857137203216553,0.14857137203216553,0.23630636930465698,-1.9844893217086792,1.2241750955581665,0.0,-0.08773499727249146,-0.08773499727249146,0.1719755083322525,0.1719755083322525,0.1624242067337036,0.23632125556468964,0.6058434844017029,0.0,0.00955130159854889,0.00955130159854889,0.25207099318504333,0.25207099318504333,0.2618314325809479,0.6703060269355774,-0.7711797952651978,0.0,-0.009760439395904541,-0.009760439395904541,0.33139562606811523,0.33139562606811523,0.1550300121307373,1.8186976909637451,0.42010852694511414,0.0,0.17636561393737793,0.17636561393737793,-0.13816502690315247,-0.13816502690315247,-0.09579300135374069,0.0408148318529129,0.7800801992416382,0.0,-0.042372025549411774,-0.042372025549411774
983,32.766666666666666,14,0,0,,4,uneven rough,5,0.0,52.799964904785156,32.20846939086914,0.16535604000091553,1.7373886108398438,0.5344780683517456,1.7373886108398438,0.5344780683517456,5.121050834655762,0.5060768127441406,0.5,0.39383944869041443,0.1908513307571411,0.8686943054199219,0.2672390341758728,0.19257070124149323,0.3118689954280853,-0.07201432436704636,0.49698957800865173,0.27090752124786377,-0.10879121720790863,0.13479949533939362,0.13479949533939362,0.1676034778356552,-1.973376989364624,0.535851776599884,0.0,-0.0328039824962616,-0.0328039824962616,0.15593449771404266,0.15593449771404266,0.11067244410514832,1.494826316833496,0.8270187973976135,0.0,0.04526205360889435,0.04526205360889435,-0.03600716218352318,-0.03600716218352318,0.07212274521589279,-1.9067682027816772,-0.9691988825798035,0.0,-0.10812990739941597,-0.10812990739941597,0.347892701625824,0.347892701625824,0.33506903052330017,1.9690701961517334,0.9672830104827881,0.0,0.012823671102523804,0.012823671102523804,0.13545376062393188,0.13545376062393188,0.16556771099567413,-0.8106750249862671,1.6777241230010986,0.0,-0.03011395037174225,-0.03011395037174225,-0.054395608603954315,-0.054395608603954315,-0.17107973992824554,-0.9226927757263184,-1.2015763521194458,0.0,0.11668413132429123,0.11668413132429123
983,32.766666666666666,24,0,0,,4,uneven rough,11,0.0,101.3302230834961,35.21394729614258,0.5570834875106812,0.41546639800071716,-0.8488781452178955,0.41546639800071716,-0.8488781452178955,1.2198004722595215,4.45026159286499,0.3333333432674408,-0.11102917045354843,0.1545935422182083,0.20773319900035858,-0.42443907260894775,-0.32151174545288086,0.06756085157394409,0.546079158782959,0.6573969125747681,0.46847665309906006,0.3906041979789734,-0.22505821287631989,-0.22505821287631989,0.20544184744358063,-1.6083950996398926,1.4130074977874756,0.0,-0.4305000603199005,-0.4305000603199005,0.033780425786972046,0.033780425786972046,0.04086378961801529,0.6999641060829163,-1.7075152397155762,0.0,-0.007083363831043243,-0.007083363831043243,0.2730395793914795,0.2730395793914795,0.18896204233169556,0.25717654824256897,-0.12544019520282745,0.0,0.08407753705978394,0.08407753705978394,0.46017783880233765,0.46017783880233765,0.15447492897510529,1.32967209815979,0.030987154692411423,0.0,0.30570290982723236,0.30570290982723236,0.23423832654953003,0.23423832654953003,0.06455563753843307,1.664871096611023,-0.4468131363391876,0.0,0.16968268901109695,0.16968268901109695,0.1953020989894867,0.1953020989894867,0.07711097598075867,0.48986324667930603,-0.21838848292827606,0.0,0.11819112300872803,0.11819112300872803
984,32.8,4,0,0,,4,uneven rough,5,0.0,51.65357208251953,29.671035766601562,0.35419222712516785,1.3153042793273926,0.6600792407989502,1.3153042793273926,0.6600792407989502,5.322196960449219,0.7770527601242065,0.1666666716337204,0.16452264785766602,0.1630231738090515,0.6576521396636963,0.3300396203994751,0.8090834617614746,0.22334708273410797,0.27021706104278564,0.5656232833862305,0.13382069766521454,0.2525154948234558,0.5663583874702454,0.5663583874702454,0.4356011748313904,2.00002384185791,0.04090730473399162,0.0,0.13075721263885498,0.13075721263885498,0.11167354136705399,0.11167354136705399,0.1693699210882187,-1.7642340660095215,-0.5900095105171204,0.0,-0.0576963797211647,-0.0576963797211647,0.13510853052139282,0.13510853052139282,0.13176915049552917,-1.9569127559661865,0.39691492915153503,0.0,0.0033393800258636475,0.0033393800258636475,0.3959362804889679,0.3959362804889679,0.3129911422729492,2.0103580951690674,0.04383885860443115,0.0,0.08294513821601868,0.08294513821601868,0.06691034883260727,0.06691034883260727,0.11090013384819031,-1.0874820947647095,1.2108733654022217,0.0,-0.04398978501558304,-0.04398978501558304,0.1262577474117279,0.1262577474117279,-0.03619206324219704,1.9976712465286255,0.36209821701049805,0.0,0.16244981065392494,0.16244981065392494
984,32.8,14,0,0,,4,uneven rough,5,0.0,52.84064865112305,32.21585464477539,0.17761573195457458,1.4044848680496216,0.8068110346794128,1.4044848680496216,0.8068110346794128,6.844682216644287,2.060544490814209,0.5,0.532037615776062,0.09131625294685364,0.7022424340248108,0.4034055173397064,0.5232237577438354,0.25923287868499756,0.08530962467193604,0.312261700630188,-0.1646110713481903,-0.050069499760866165,0.36625662446022034,0.36625662446022034,0.2248968929052353,1.9092639684677124,-0.8828706741333008,0.0,0.14135973155498505,0.14135973155498505,0.12961643934249878,0.12961643934249878,0.09782086312770844,0.4190695285797119,1.2045984268188477,0.0,0.031795576214790344,0.031795576214790344,0.04265481233596802,0.04265481233596802,0.07267696410417557,-0.12313994020223618,-1.4993022680282593,0.0,-0.03002215176820755,-0.03002215176820755,0.21858318150043488,0.21858318150043488,0.2743380069732666,-1.9087789058685303,1.5336952209472656,0.0,-0.055754825472831726,-0.055754825472831726,-0.26337772607803345,-0.26337772607803345,0.12225287407636642,-0.39281225204467773,0.27077874541282654,0.0,-0.38563060015439987,-0.38563060015439987,-0.025034749880433083,-0.025034749880433083,-0.13900431990623474,1.2786099910736084,-1.0438950061798096,0.0,0.11396957002580166,0.11396957002580166
984,32.8,24,0,0,,4,uneven rough,11,0.0,101.3754653930664,35.2324333190918,0.5442864298820496,0.7722527980804443,-0.4734240472316742,0.7722527980804443,-0.4734240472316742,3.8077197074890137,0.9437187910079956,0.3333333432674408,-0.0322202667593956,0.08760929107666016,0.38612639904022217,-0.2367120236158371,0.41617652773857117,-0.20469653606414795,0.16335627436637878,0.25442013144493103,0.3547007143497467,0.29488909244537354,0.29132357239723206,0.29132357239723206,0.24911367893218994,1.942859172821045,-0.2952989637851715,0.0,0.042209893465042114,0.042209893465042114,-0.3275144696235657,-0.3275144696235657,0.02243003249168396,0.14860010147094727,-0.34632211923599243,0.0,-0.34994450211524963,-0.34994450211524963,0.08167813718318939,0.08167813718318939,0.12781764566898346,-1.9459176063537598,0.090891994535923,0.0,-0.04613950848579407,-0.04613950848579407,0.17809408903121948,0.17809408903121948,0.1564309298992157,0.6468174457550049,0.765265941619873,0.0,0.021663159132003784,0.021663159132003784,0.17735035717487335,0.17735035717487335,0.10685685276985168,1.9932208061218262,0.7471368908882141,0.0,0.07049350440502167,0.07049350440502167,0.14744454622268677,0.14744454622268677,0.12793681025505066,0.9248939752578735,0.18205831944942474,0.0,0.01950773596763611,0.01950773596763611
985,32.833333333333336,4,0,0,,4,uneven rough,5,0.0,51.690216064453125,29.661468505859375,0.3568114638328552,1.5589584112167358,0.818842887878418,1.5589584112167358,0.818842887878418,2.214853286743164,0.033213935792446136,0.1666666716337204,0.19198131561279297,0.32613885402679443,0.7794792056083679,0.409421443939209,-0.5844333171844482,0.3617323637008667,0.6581782102584839,0.7801185250282288,0.09682442247867584,0.22099100053310394,-0.40910330414772034,-0.40910330414772034,0.41704151034355164,-1.6406021118164062,1.1485953330993652,0.0,-0.826144814491272,-0.826144814491272,0.18086618185043335,0.18086618185043335,0.17131489515304565,0.173026904463768,-1.253918170928955,0.0,0.009551286697387695,0.009551286697387695,0.32908910512924194,0.32908910512924194,0.11343437433242798,0.684786856174469,-0.9339434504508972,0.0,0.21565473079681396,0.21565473079681396,0.5460829734802246,0.5460829734802246,0.38432997465133667,2.000192165374756,1.155712366104126,0.0,0.16175299882888794,0.16175299882888794,0.04841221123933792,0.04841221123933792,0.07477646321058273,-1.000717282295227,-0.08862093836069107,0.0,-0.026364251971244812,-0.026364251971244812,0.11049550026655197,0.11049550026655197,0.014308725483715534,1.9488354921340942,1.2868541479110718,0.0,0.09618677478283644,0.09618677478283644
985,32.833333333333336,14,0,0,,4,uneven rough,5,0.0,52.876068115234375,32.23264694213867,0.1911197304725647,1.5749015808105469,-0.48299917578697205,1.5749015808105469,-0.48299917578697205,3.5406112670898438,2.303680896759033,0.3333333432674408,0.5681611895561218,0.037855107337236404,0.7874507904052734,-0.24149958789348602,0.26717302203178406,0.4704709053039551,0.3096944987773895,-0.08672403544187546,0.32574355602264404,-0.411937415599823,0.18702110648155212,0.18702110648155212,0.22227166593074799,-1.3583801984786987,0.6958072185516357,0.0,-0.03525055944919586,-0.03525055944919586,0.23523545265197754,0.23523545265197754,0.16623516380786896,1.9998451471328735,0.7604589462280273,0.0,0.06900028884410858,0.06900028884410858,0.15484724938869476,0.15484724938869476,0.1017775759100914,0.466262549161911,-0.7212176322937012,0.0,0.05306967347860336,0.05306967347860336,-0.06070682406425476,-0.06070682406425476,0.22147084772586823,-1.5941375494003296,-0.4126857817173004,0.0,-0.282177671790123,-0.282177671790123,0.16287177801132202,0.16287177801132202,0.19020800292491913,1.4689065217971802,-0.10441678762435913,0.0,-0.027336224913597107,-0.027336224913597107,-0.2059687077999115,-0.2059687077999115,-0.14338979125022888,-1.0629225969314575,0.2692534625530243,0.0,-0.06257891654968262,-0.06257891654968262
985,32.833333333333336,24,0,0,,4,uneven rough,11,0.0,101.41712188720703,35.252525329589844,0.5332217216491699,0.9183196425437927,-0.3720063865184784,0.9183196425437927,-0.3720063865184784,4.72987699508667,2.0003409385681152,0.3333333432674408,-0.14869926869869232,0.16242752969264984,0.45915982127189636,-0.1860031932592392,0.010181182995438576,-0.26160743832588196,0.5504443645477295,0.6284806728363037,0.48419150710105896,0.04652420058846474,0.0071268281899392605,0.0071268281899392605,0.21289299428462982,-1.538589596748352,0.970159649848938,0.0,-0.20576616609469056,-0.20576616609469056,-0.41857191920280457,-0.41857191920280457,-0.0018628380494192243,-0.9362008571624756,-0.06649219989776611,0.0,-0.41670908115338534,-0.41670908115338534,0.27522218227386475,0.27522218227386475,0.13346809148788452,0.8401647806167603,-1.0607237815856934,0.0,0.14175409078598022,0.14175409078598022,0.43993645906448364,0.43993645906448364,0.2250678688287735,1.2196431159973145,0.6982949376106262,0.0,0.21486859023571014,0.21486859023571014,0.24209575355052948,0.24209575355052948,0.16794298589229584,1.8337610960006714,1.4516749382019043,0.0,0.07415276765823364,0.07415276765823364,0.02326210029423237,0.02326210029423237,0.07339268922805786,-0.664612352848053,0.6020589470863342,0.0,-0.05013058893382549,-0.05013058893382549
986,32.86666666666667,4,0,0,,4,uneven rough,5,0.0,51.72709655761719,29.660694122314453,0.37473565340042114,1.5758719444274902,0.3233383893966675,1.5758719444274902,0.3233383893966675,5.961215019226074,4.925519943237305,0.5,0.21799597144126892,0.10060642659664154,0.7879359722137451,0.16166919469833374,-0.06710521876811981,0.44148847460746765,0.5379906296730042,0.5361395478248596,-0.0004626214213203639,0.010280064307153225,-0.04697365313768387,-0.04697365313768387,0.36635822057724,-1.2396100759506226,-0.42842188477516174,0.0,-0.41333187371492386,-0.41333187371492386,0.22074423730373383,0.22074423730373383,0.21057184040546417,1.342590570449829,-0.44712087512016296,0.0,0.010172396898269653,0.010172396898269653,0.2689953148365021,0.2689953148365021,0.1504371613264084,0.8638240694999695,-0.01871042139828205,0.0,0.11855815351009369,0.11855815351009369,0.3752976655960083,0.3752976655960083,0.4165431559085846,-0.23380126059055328,1.6331827640533447,0.0,-0.041245490312576294,-0.041245490312576294,-0.0007401942857541144,-0.0007401942857541144,0.03742589056491852,-1.6548008918762207,-0.6043218374252319,0.0,-0.03816608485067263,-0.03816608485067263,0.0051400321535766125,0.0051400321535766125,0.059819504618644714,0.7590592503547668,1.6611396074295044,0.0,-0.0546794724650681,-0.0546794724650681
986,32.86666666666667,14,0,0,,4,uneven rough,5,0.0,52.90589904785156,32.250308990478516,0.1902301013469696,1.3596866130828857,0.5253901481628418,1.3596866130828857,0.5253901481628418,3.8355166912078857,0.5627140998840332,0.3333333432674408,0.4379511773586273,0.19974379241466522,0.6798433065414429,0.2626950740814209,0.9084827303886414,-0.13643226027488708,0.216887965798378,0.14990714192390442,0.5062465071678162,-0.6266363859176636,0.6359379291534424,0.6359379291534424,0.26410630345344543,1.8761779069900513,-0.4656340479850769,0.0,0.37183162569999695,0.37183162569999695,-0.21829162538051605,-0.21829162538051605,0.12785685062408447,-1.7164684534072876,1.4612101316452026,0.0,-0.3461484760046005,-0.3461484760046005,0.108443982899189,0.108443982899189,0.08431188017129898,-0.6116051077842712,-0.049814194440841675,0.0,0.024132102727890015,0.024132102727890015,0.10493499785661697,0.10493499785661697,0.14971578121185303,-2.000030517578125,-1.0806807279586792,0.0,-0.04478078335523605,-0.04478078335523605,0.2531232535839081,0.2531232535839081,0.23626326024532318,1.9983047246932983,0.7851430177688599,0.0,0.0168599933385849,0.0168599933385849,-0.3133181929588318,-0.3133181929588318,-0.19711880385875702,-1.639495849609375,-0.4839612543582916,0.0,-0.11619938910007477,-0.11619938910007477
986,32.86666666666667,24,0,0,,4,uneven rough,11,0.0,101.45862579345703,35.26459884643555,0.536255955696106,1.2715855836868286,0.25934621691703796,1.2715855836868286,0.25934621691703796,5.945493698120117,6.348957061767578,0.6666666865348816,0.15653255581855774,0.11542320251464844,0.6357927918434143,0.12967310845851898,0.3795795738697052,-0.10972293466329575,0.2936434745788574,0.4883633553981781,0.2822038233280182,0.2814156413078308,0.2657057046890259,0.2657057046890259,0.21202535927295685,1.4672718048095703,-0.44829168915748596,0.0,0.05368034541606903,0.05368034541606903,-0.1755567044019699,-0.1755567044019699,-0.0682622417807579,-1.5790928602218628,-0.5582270622253418,0.0,-0.107294462621212,-0.107294462621212,0.1468217372894287,0.1468217372894287,0.15139912068843842,-0.7428391575813293,0.014042031951248646,0.0,-0.004577383399009705,-0.004577383399009705,0.3418543338775635,0.3418543338775635,0.2797258496284485,1.775421142578125,0.993066132068634,0.0,0.06212848424911499,0.06212848424911499,0.1411019116640091,0.1411019116640091,0.13586322963237762,-1.411726951599121,1.667707085609436,0.0,0.00523868203163147,0.00523868203163147,0.1407078206539154,0.1407078206539154,0.09168687462806702,-0.2676735520362854,-0.1141192615032196,0.0,0.04902094602584839,0.04902094602584839
987,32.9,4,0,0,,4,uneven rough,5,0.0,51.76436996459961,29.670682907104492,0.3792075514793396,1.3283464908599854,0.5638604760169983,1.3283464908599854,0.5638604760169983,5.108220100402832,2.4112167358398438,0.3333333432674408,0.011232048273086548,0.0707363486289978,0.6641732454299927,0.28193023800849915,0.35919761657714844,0.046630654484033585,0.5607966184616089,0.15242932736873627,0.06110401451587677,-0.46791571378707886,0.25143831968307495,0.25143831968307495,0.30925649404525757,-1.9881318807601929,-0.8870691657066345,0.0,-0.05781817436218262,-0.05781817436218262,0.023315327242016792,0.023315327242016792,0.1567336767911911,-1.9889358282089233,0.5647851824760437,0.0,-0.1334183495491743,-0.1334183495491743,0.28039830923080444,0.28039830923080444,0.2040274739265442,1.9596689939498901,0.4802761673927307,0.0,0.07637083530426025,0.07637083530426025,0.10670052468776703,0.10670052468776703,0.36935973167419434,-1.8502837419509888,0.5775866508483887,0.0,-0.2626592069864273,-0.2626592069864273,0.030552007257938385,0.030552007257938385,0.02797010727226734,1.0123462677001953,-1.1982645988464355,0.0,0.0025818999856710434,0.0025818999856710434,-0.23395785689353943,-0.23395785689353943,0.08769490569829941,0.48918724060058594,1.1511017084121704,0.0,-0.32165276259183884,-0.32165276259183884
987,32.9,14,0,0,,4,uneven rough,5,0.0,52.93588638305664,32.2574348449707,0.1873663365840912,1.2813652753829956,-0.38078102469444275,1.2813652753829956,-0.38078102469444275,1.9364802837371826,2.131361961364746,0.3333333432674408,0.4875471591949463,0.0790749192237854,0.6406826376914978,-0.19039051234722137,0.7793722152709961,0.0937046930193901,0.6403731107711792,0.14114895462989807,0.4217642843723297,-0.3713964819908142,0.5455605387687683,0.5455605387687683,0.32376527786254883,1.4786266088485718,0.8584306240081787,0.0,0.22179526090621948,0.22179526090621948,0.04685234650969505,0.04685234650969505,0.06340773403644562,-1.7434602975845337,-0.3354550004005432,0.0,-0.016555387526750565,-0.016555387526750565,0.3201865553855896,0.3201865553855896,0.12784376740455627,0.3258664011955261,-0.3674517869949341,0.0,0.19234278798103333,0.19234278798103333,0.09880426526069641,0.09880426526069641,0.08391757309436798,-1.2242480516433716,-1.600482702255249,0.0,0.01488669216632843,0.01488669216632843,0.21088214218616486,0.21088214218616486,0.2478819638490677,-1.2011185884475708,1.4710668325424194,0.0,-0.03699982166290283,-0.03699982166290283,-0.1856982409954071,-0.1856982409954071,-0.16643530130386353,0.13688993453979492,-1.1373026371002197,0.0,-0.01926293969154358,-0.01926293969154358
987,32.9,24,0,0,,4,uneven rough,11,0.0,101.49747467041016,35.28201675415039,0.552571713924408,1.1774675846099854,-0.2391052097082138,1.1774675846099854,-0.2391052097082138,6.983642101287842,6.386187553405762,0.5,0.5545119643211365,0.2535645365715027,0.5887337923049927,-0.1195526048541069,-0.6361072659492493,0.2736651301383972,0.598448634147644,0.6643059253692627,0.03908606618642807,-0.137124165892601,-0.44527506828308105,-0.44527506828308105,0.17789097130298615,-1.7387657165527344,0.6347713470458984,0.0,-0.6231660395860672,-0.6231660395860672,0.1368325650691986,0.1368325650691986,-0.02242964133620262,1.6270874738693237,-1.13542640209198,0.0,0.15926220640540123,0.15926220640540123,0.299224317073822,0.299224317073822,0.15262943506240845,-0.13418130576610565,-0.4138999581336975,0.0,0.14659488201141357,0.14659488201141357,0.46501412987709045,0.46501412987709045,0.35100096464157104,2.000213861465454,1.4354110956192017,0.0,0.11401316523551941,0.11401316523551941,0.019543033093214035,0.019543033093214035,0.10214255750179291,-1.9716979265213013,-0.07341042160987854,0.0,-0.08259952440857887,-0.08259952440857887,-0.0685620829463005,-0.0685620829463005,0.05627568066120148,-1.0346319675445557,-0.2009391337633133,0.0,-0.12483776360750198,-0.12483776360750198
988,32.93333333333333,4,0,0,,4,uneven rough,5,0.0,51.80573272705078,29.682214736938477,0.3641912341117859,1.724348783493042,0.4762308895587921,1.724348783493042,0.4762308895587921,5.094612121582031,2.1619515419006348,0.3333333432674408,-0.07193156331777573,0.18049165606498718,0.862174391746521,0.23811544477939606,0.9152991771697998,-0.14772431552410126,0.20466718077659607,0.1373056024312973,0.26321953535079956,-0.1905430257320404,0.640709400177002,0.640709400177002,0.3294161856174469,1.8664801120758057,-1.509611964225769,0.0,0.31129321455955505,0.31129321455955505,-0.2363589107990265,-0.2363589107990265,0.10134752839803696,-1.948980689048767,-0.8790932297706604,0.0,-0.33770643919706345,-0.33770643919706345,0.10233359038829803,0.10233359038829803,0.14551541209220886,-2.000000238418579,1.3167275190353394,0.0,-0.04318182170391083,-0.04318182170391083,0.09611392021179199,0.09611392021179199,0.2993364632129669,-1.8727800846099854,-0.7951356172561646,0.0,-0.20322254300117493,-0.20322254300117493,0.13160976767539978,0.13160976767539978,0.0898948609828949,2.0000054836273193,0.05161875858902931,0.0,0.04171490669250488,0.04171490669250488,-0.0952715128660202,-0.0952715128660202,0.027374565601348877,-1.7946655750274658,0.7768540978431702,0.0,-0.12264607846736908,-0.12264607846736908
988,32.93333333333333,14,0,0,,4,uneven rough,5,0.0,52.96846008300781,32.259403228759766,0.19203560054302216,1.334761142730713,-0.5002530217170715,1.334761142730713,-0.5002530217170715,1.9197654724121094,2.237781524658203,0.5,0.4918680191040039,0.13284742832183838,0.6673805713653564,-0.25012651085853577,0.535350501537323,0.4016444981098175,0.7137588262557983,0.4396694600582123,0.5862061381340027,-0.2280009388923645,0.37474533915519714,0.37474533915519714,0.3414596915245056,0.778876543045044,1.2090905904769897,0.0,0.03328564763069153,0.03328564763069153,0.20082224905490875,0.20082224905490875,0.13172931969165802,1.998494267463684,-1.131543755531311,0.0,0.06909292936325073,0.06909292936325073,0.35687941312789917,0.35687941312789917,0.1679716557264328,0.9599937200546265,0.02455156482756138,0.0,0.18890775740146637,0.18890775740146637,0.3077686131000519,0.3077686131000519,0.12222902476787567,1.3925085067749023,-1.3877589702606201,0.0,0.1855395883321762,0.1855395883321762,0.29310306906700134,0.29310306906700134,0.2932705283164978,0.5638698935508728,-0.03979160636663437,0.0,-0.00016745924949645996,-0.00016745924949645996,-0.11400046944618225,-0.11400046944618225,-0.12542816996574402,1.4051071405410767,-0.4168718755245209,0.0,0.011427700519561768,0.011427700519561768
988,32.93333333333333,24,0,0,,4,uneven rough,11,0.0,101.52671813964844,35.314002990722656,0.5647871494293213,0.6868042349815369,-0.2654231786727905,0.6868042349815369,-0.2654231786727905,5.340517997741699,1.8458526134490967,0.3333333432674408,0.6911400556564331,0.09872119128704071,0.34340211749076843,-0.13271158933639526,-0.03179982677102089,0.01820278912782669,0.25326892733573914,0.039029039442539215,0.011895713396370411,-0.22639189660549164,-0.022259877994656563,-0.022259877994656563,0.11311037838459015,-1.8815830945968628,-0.7072307467460632,0.0,-0.1353702563792467,-0.1353702563792467,0.009101394563913345,0.009101394563913345,0.01859336905181408,-0.2639474868774414,0.42650389671325684,0.0,-0.009491974487900734,-0.009491974487900734,0.12663446366786957,0.12663446366786957,0.10907220840454102,-1.3062161207199097,-0.2557465434074402,0.0,0.017562255263328552,0.017562255263328552,0.02732032723724842,0.02732032723724842,0.3355887234210968,-1.9977389574050903,1.7547515630722046,0.0,-0.3082683961838484,-0.3082683961838484,0.0059478566981852055,0.0059478566981852055,0.03440375626087189,-2.002828598022461,-1.1467056274414062,0.0,-0.028455899562686682,-0.028455899562686682,-0.11319594830274582,-0.11319594830274582,-0.0036116165574640036,-2.0010335445404053,-0.6723105311393738,0.0,-0.10958433174528182,-0.10958433174528182
989,32.96666666666667,4,0,0,,4,uneven rough,5,0.0,51.847862243652344,29.689016342163086,0.34484830498695374,1.6838772296905518,-0.3607407510280609,1.6838772296905518,-0.3607407510280609,3.4904115200042725,0.8675224184989929,0.1666666716337204,0.10000254958868027,0.11895233392715454,0.8419386148452759,-0.18037037551403046,0.5882542729377747,-0.011065809987485409,0.7255810499191284,0.25571098923683167,0.20916098356246948,-0.16396404802799225,0.41177797317504883,0.41177797317504883,0.3959522843360901,1.9899654388427734,0.3992365598678589,0.0,0.01582568883895874,0.01582568883895874,-0.017705297097563744,-0.017705297097563744,0.03653056547045708,-1.998949408531189,-1.4840095043182373,0.0,-0.05423586256802082,-0.05423586256802082,0.3627905249595642,0.3627905249595642,0.17565764486789703,-0.7700272798538208,-0.5585562586784363,0.0,0.18713288009166718,0.18713288009166718,0.1789976954460144,0.1789976954460144,0.23454971611499786,-1.9760370254516602,-1.404437780380249,0.0,-0.05555202066898346,-0.05555202066898346,0.10458049178123474,0.10458049178123474,0.14352849125862122,1.040231466293335,1.1532400846481323,0.0,-0.038947999477386475,-0.038947999477386475,-0.08198202401399612,-0.08198202401399612,-0.021092131733894348,-1.1069830656051636,-0.6770877242088318,0.0,-0.060889892280101776,-0.060889892280101776
989,32.96666666666667,14,0,0,,4,uneven rough,5,0.0,52.998355865478516,32.25546646118164,0.2005837857723236,1.2780482769012451,0.7253241539001465,1.2780482769012451,0.7253241539001465,2.819504737854004,1.2689635753631592,0.3333333432674408,0.42867517471313477,0.19892989099025726,0.6390241384506226,0.36266207695007324,0.44877493381500244,0.407785564661026,0.5382192134857178,0.7107765674591064,0.5205619931221008,-0.1315360963344574,0.3141424357891083,0.3141424357891083,0.3257293105125427,-0.8870863318443298,0.9658467769622803,0.0,-0.011586874723434448,-0.011586874723434448,0.203892782330513,0.203892782330513,0.17238439619541168,1.1594895124435425,0.6381853222846985,0.0,0.03150838613510132,0.03150838613510132,0.2691096067428589,0.2691096067428589,0.23137342929840088,1.9872143268585205,0.5534522533416748,0.0,0.03773617744445801,0.03773617744445801,0.497543603181839,0.497543603181839,0.1892424374818802,1.9728972911834717,0.18420922756195068,0.0,0.3083011656999588,0.3083011656999588,0.2602809965610504,0.2602809965610504,0.28583306074142456,-0.6912221908569336,0.3015196919441223,0.0,-0.025552064180374146,-0.025552064180374146,-0.0657680481672287,-0.0657680481672287,-0.09044404327869415,1.729556918144226,0.613278329372406,0.0,0.024675995111465454,0.024675995111465454
989,32.96666666666667,24,0,0,,4,uneven rough,11,0.0,101.55894470214844,35.34143829345703,0.5674982070922852,1.0628323554992676,-0.3298431634902954,1.0628323554992676,-0.3298431634902954,1.8742895126342773,5.096860885620117,0.5,0.692191481590271,0.2253274917602539,0.5314161777496338,-0.1649215817451477,0.5046825408935547,-0.0032356642186641693,0.4476442337036133,-0.22461175918579102,-0.24792486429214478,-0.3939448595046997,0.3532777726650238,0.3532777726650238,0.1370885968208313,1.8177876472473145,-1.3712116479873657,0.0,0.2161891758441925,0.2161891758441925,-0.005177062936127186,-0.005177062936127186,-0.003811152884736657,-0.4140525460243225,0.036121442914009094,0.0,-0.0013659100513905287,-0.0013659100513905287,0.22382211685180664,0.22382211685180664,0.11972111463546753,1.1570888757705688,-0.849683940410614,0.0,0.10410100221633911,0.10410100221633911,-0.1572282314300537,-0.1572282314300537,0.2636898458003998,-1.99908447265625,-0.3669133186340332,0.0,-0.4209180772304535,-0.4209180772304535,-0.3966797888278961,-0.3966797888278961,-0.005606916267424822,-0.37744542956352234,-1.6307591199874878,0.0,-0.3910728725604713,-0.3910728725604713,-0.19697242975234985,-0.19697242975234985,-0.03893144056200981,-0.38228267431259155,-1.4235728979110718,0.0,-0.15804098919034004,-0.15804098919034004
990,33.0,4,0,0,,4,uneven rough,5,0.0,51.89101791381836,29.688007354736328,0.33842217922210693,1.1619799137115479,-0.04031795263290405,1.1619799137115479,-0.04031795263290405,1.9848278760910034,1.2409088611602783,0.3333333432674408,0.2685125470161438,0.12535759806632996,0.5809899568557739,-0.020158976316452026,0.6341979503631592,0.06566807627677917,0.6943734884262085,0.3907029628753662,0.37137100100517273,-0.11141569167375565,0.44393855333328247,0.44393855333328247,0.43471506237983704,0.5048848390579224,1.2986375093460083,0.0,0.009223490953445435,0.009223490953445435,0.03283403813838959,0.03283403813838959,0.04269488528370857,-0.197879821062088,-1.7751574516296387,0.0,-0.009860847145318985,-0.009860847145318985,0.34718674421310425,0.34718674421310425,0.19866886734962463,0.7043564319610596,-0.678122341632843,0.0,0.14851787686347961,0.14851787686347961,0.27349206805229187,0.27349206805229187,0.24326905608177185,1.3395276069641113,-1.727621078491211,0.0,0.03022301197052002,0.03022301197052002,0.18568550050258636,0.18568550050258636,0.19442857801914215,-0.2583724558353424,1.08934485912323,0.0,-0.008743077516555786,-0.008743077516555786,-0.05570784583687782,-0.05570784583687782,-0.05388346314430237,-0.2832615375518799,-0.9201512932777405,0.0,-0.0018243826925754547,-0.0018243826925754547
990,33.0,14,0,0,,4,uneven rough,5,0.0,53.02425003051758,32.258087158203125,0.21261510252952576,1.2665157318115234,0.7179133892059326,1.2665157318115234,0.7179133892059326,6.34531307220459,4.1876540184021,0.5,0.5144972801208496,0.19209417700767517,0.6332578659057617,0.3589566946029663,0.2832263112068176,0.6838060617446899,0.4307355284690857,0.5345056653022766,0.0031543977092951536,-0.1242462620139122,0.1982584148645401,0.1982584148645401,0.26071375608444214,-1.9927293062210083,-0.08180492371320724,0.0,-0.06245534121990204,-0.06245534121990204,0.34190303087234497,0.34190303087234497,0.23692797124385834,1.8138973712921143,0.932931661605835,0.0,0.10497505962848663,0.10497505962848663,0.21536776423454285,0.21536776423454285,0.21602720022201538,-1.2979094982147217,1.36410391330719,0.0,-0.0006594359874725342,-0.0006594359874725342,0.3741539716720581,0.3741539716720581,0.25489962100982666,1.9195241928100586,1.1955366134643555,0.0,0.11925435066223145,0.11925435066223145,0.0015771988546475768,0.0015771988546475768,0.237273707985878,-1.5857170820236206,-0.25977835059165955,0.0,-0.23569650913123041,-0.23569650913123041,-0.0621231310069561,-0.0621231310069561,-0.06895367056131363,0.333528071641922,1.2444242238998413,0.0,0.006830539554357529,0.006830539554357529
990,33.0,24,0,0,,4,uneven rough,11,0.0,101.5939712524414,35.36660385131836,0.5524837374687195,0.5849553942680359,-0.6470834016799927,0.5849553942680359,-0.6470834016799927,1.272836446762085,2.998164653778076,0.3333333432674408,0.7588016986846924,0.12187331169843674,0.29247769713401794,-0.32354170083999634,0.4009407162666321,-0.21317632496356964,0.2563537657260895,0.037197452038526535,0.4078713357448578,-0.4271855652332306,0.280658483505249,0.280658483505249,0.20333564281463623,1.9996610879898071,0.4318542778491974,0.0,0.07732284069061279,0.07732284069061279,-0.3410821259021759,-0.3410821259021759,-0.04275305196642876,-1.487313151359558,-0.2184077352285385,0.0,-0.29832907393574715,-0.29832907393574715,0.12817688286304474,0.12817688286304474,0.1285737305879593,-0.02846592850983143,0.28494900465011597,0.0,-0.0003968477249145508,-0.0003968477249145508,0.026038216426968575,0.026038216426968575,0.19791191816329956,-1.9796708822250366,-1.289745807647705,0.0,-0.17187370173633099,-0.17187370173633099,0.2039356678724289,0.2039356678724289,0.044768404215574265,1.9986895322799683,-0.9221333265304565,0.0,0.15916726365685463,0.15916726365685463,-0.2135927826166153,-0.2135927826166153,-0.09847899526357651,-1.9770243167877197,-0.8348255157470703,0.0,-0.11511378735303879,-0.11511378735303879
991,33.03333333333333,4,0,0,,4,uneven rough,5,0.0,51.93010330200195,29.685199737548828,0.34812748432159424,1.383331537246704,0.5324862003326416,1.383331537246704,0.5324862003326416,1.6817972660064697,2.038173198699951,0.5,0.5017260313034058,0.16211837530136108,0.691665768623352,0.2662431001663208,0.4342541992664337,0.31111958622932434,0.648119330406189,0.7640866637229919,0.28848764300346375,0.08055867999792099,0.30397793650627136,0.30397793650627136,0.3806314468383789,-1.9596269130706787,0.8498483300209045,0.0,-0.07665351033210754,-0.07665351033210754,0.15555979311466217,0.15555979311466217,0.09695876389741898,1.1662750244140625,-0.8833618760108948,0.0,0.058601029217243195,0.058601029217243195,0.3240596652030945,0.3240596652030945,0.2537461519241333,1.8925355672836304,0.10353363305330276,0.0,0.07031351327896118,0.07031351327896118,0.5348606705665588,0.5348606705665588,0.31231170892715454,1.9267576932907104,0.006550315767526627,0.0,0.2225489616394043,0.2225489616394043,0.14424382150173187,0.14424382150173187,0.19354882836341858,-0.6319557428359985,0.32734307646751404,0.0,-0.04930500686168671,-0.04930500686168671,0.040279339998960495,0.040279339998960495,-0.022535216063261032,1.1484653949737549,-0.5600526928901672,0.0,0.06281455606222153,0.06281455606222153
991,33.03333333333333,14,0,0,,4,uneven rough,5,0.0,53.047325134277344,32.259437561035156,0.20771905779838562,1.2599074840545654,0.44539669156074524,1.2599074840545654,0.44539669156074524,8.002100944519043,3.272639751434326,0.5,0.5898465514183044,0.18321415781974792,0.6299537420272827,0.22269834578037262,0.3538593649864197,0.29128730297088623,0.39626801013946533,0.5346306562423706,0.018874092027544975,-0.22560743987560272,0.24770155549049377,0.24770155549049377,0.22057119011878967,-0.056555990129709244,-1.1622450351715088,0.0,0.0271303653717041,0.0271303653717041,0.14564365148544312,0.14564365148544312,0.1865503340959549,-1.9961189031600952,1.4310312271118164,0.0,-0.04090668261051178,-0.04090668261051178,0.19813400506973267,0.19813400506973267,0.16596542298793793,-1.4187923669815063,-0.14100326597690582,0.0,0.03216858208179474,0.03216858208179474,0.374241441488266,0.374241441488266,0.31744199991226196,1.8801600933074951,1.604880452156067,0.0,0.05679944157600403,0.05679944157600403,0.009437046013772488,0.009437046013772488,0.1693924516439438,-1.2573165893554688,-1.009466528892517,0.0,-0.1599554056301713,-0.1599554056301713,-0.11280371993780136,-0.11280371993780136,-0.06704775243997574,-0.459962397813797,0.7294018864631653,0.0,-0.04575596749782562,-0.04575596749782562
991,33.03333333333333,24,0,0,,4,uneven rough,11,0.0,101.62745666503906,35.389678955078125,0.5392435789108276,0.22372755408287048,-0.3839564025402069,0.22372755408287048,-0.3839564025402069,1.9504508972167969,0.4723454415798187,0.1666666716337204,0.6440719366073608,0.11899738013744354,0.11186377704143524,-0.19197820127010345,0.612305760383606,-0.3959875702857971,0.49122533202171326,-0.03626161068677902,0.17706243693828583,-0.40189674496650696,0.4286140203475952,0.4286140203475952,0.2610953450202942,1.760147213935852,1.3182950019836426,0.0,0.16751867532730103,0.16751867532730103,-0.6335801482200623,-0.6335801482200623,-0.09484675526618958,-0.9579649567604065,-0.935849130153656,0.0,-0.5387333929538727,-0.5387333929538727,0.24561266601085663,0.24561266601085663,0.1885448396205902,1.8881521224975586,0.10774364322423935,0.0,0.05706782639026642,0.05706782639026642,-0.025383127853274345,-0.025383127853274345,0.1274464726448059,-1.9381614923477173,-1.6798306703567505,0.0,-0.15282960049808025,-0.15282960049808025,0.08853121846914291,0.08853121846914291,0.08204235136508942,0.7415316700935364,0.7293051481246948,0.0,0.006488867104053497,0.006488867104053497,-0.20094837248325348,-0.20094837248325348,-0.10539205372333527,-0.1214514970779419,-1.4806268215179443,0.0,-0.09555631875991821,-0.09555631875991821
992,33.06666666666666,4,0,0,,4,uneven rough,5,0.0,51.96638870239258,29.681699752807617,0.3673878610134125,1.376610279083252,1.0328713655471802,1.376610279083252,1.0328713655471802,5.839847564697266,2.058493137359619,0.33638736605644226,0.5291423797607422,0.14909736812114716,0.688305139541626,0.5164356827735901,0.358358770608902,0.4753575623035431,0.5357303619384766,0.5481833219528198,-0.03282195329666138,0.10659625381231308,0.2508511245250702,0.2508511245250702,0.31437012553215027,-1.9999316930770874,-0.7386339902877808,0.0,-0.06351900100708008,-0.06351900100708008,0.23767878115177155,0.23767878115177155,0.15954235196113586,1.9897994995117188,0.27550649642944336,0.0,0.07813642919063568,0.07813642919063568,0.2678651809692383,0.2678651809692383,0.28204166889190674,-0.21195757389068604,1.115038514137268,0.0,-0.014176487922668457,-0.014176487922668457,0.3837283253669739,0.3837283253669739,0.3776455521583557,1.7921377420425415,1.0922390222549438,0.0,0.006082773208618164,0.006082773208618164,-0.05251512676477432,-0.05251512676477432,0.1442805379629135,-1.9388487339019775,-0.21504619717597961,0.0,-0.19679566472768784,-0.19679566472768784,0.05329812690615654,0.05329812690615654,0.026241309940814972,1.4812955856323242,0.4059464931488037,0.0,0.027056816965341568,0.027056816965341568
992,33.06666666666666,14,0,0,,4,uneven rough,5,0.0,53.07561111450195,32.263057708740234,0.20842096209526062,0.9297313094139099,-0.0177401565015316,0.9297313094139099,-0.0177401565015316,5.697970390319824,1.679595708847046,0.3333333432674408,0.47385653853416443,0.21583214402198792,0.46486565470695496,-0.0088700782507658,0.014307674020528793,0.4242303669452667,0.5824618339538574,0.5345142483711243,-0.17020061612129211,0.04864105209708214,0.01001537125557661,0.01001537125557661,0.1675557941198349,-1.4438341856002808,-0.5370864868164062,0.0,-0.1575404228642583,-0.1575404228642583,0.21211518347263336,0.21211518347263336,0.19061899185180664,1.2217278480529785,-0.5066855549812317,0.0,0.02149619162082672,0.02149619162082672,0.2912309169769287,0.2912309169769287,0.19728048145771027,1.8973634243011475,-0.8634675145149231,0.0,0.09395043551921844,0.09395043551921844,0.37415996193885803,0.37415996193885803,0.372756689786911,0.3874317407608032,1.760524034500122,0.0,0.0014032721519470215,0.0014032721519470215,-0.2723209857940674,-0.2723209857940674,0.1521092653274536,-0.8707495927810669,-1.1496014595031738,0.0,-0.424430251121521,-0.424430251121521,0.02432052604854107,0.02432052604854107,-0.022270208224654198,1.0190684795379639,0.056933190673589706,0.0,0.04659073427319527,0.04659073427319527
992,33.06666666666666,24,0,0,,4,uneven rough,11,0.0,101.66072082519531,35.412479400634766,0.5362719893455505,0.18353377282619476,-0.48832547664642334,0.18353377282619476,-0.48832547664642334,3.0307955741882324,5.452752113342285,0.5,0.6749323606491089,0.19162975251674652,0.09176688641309738,-0.24416273832321167,0.48156654834747314,0.06701431423425674,0.2881951928138733,-0.08777032047510147,0.4063565731048584,-0.12800022959709167,0.33709657192230225,0.33709657192230225,0.32858148217201233,2.00254225730896,1.5681190490722656,0.0,0.008515089750289917,0.008515089750289917,0.03350715711712837,0.03350715711712837,-0.03027591109275818,1.9986153841018677,-0.9483534693717957,0.0,0.06378306820988655,0.06378306820988655,0.14409759640693665,0.14409759640693665,0.16907605528831482,-1.9028700590133667,1.1143897771835327,0.0,-0.024978458881378174,-0.024978458881378174,-0.06143922358751297,-0.06143922358751297,0.059551190584897995,-2.0000758171081543,-1.825891375541687,0.0,-0.12099041417241096,-0.12099041417241096,0.2031782865524292,0.2031782865524292,0.1454702913761139,0.09218187630176544,0.7362180352210999,0.0,0.05770799517631531,0.05770799517631531,-0.06400011479854584,-0.06400011479854584,-0.07011222094297409,0.7956147789955139,-0.7121466398239136,0.0,0.006112106144428253,0.006112106144428253
993,33.1,4,0,0,,4,uneven rough,5,0.0,52.00380325317383,29.684972763061523,0.3810277581214905,1.3612819910049438,0.32083478569984436,1.3612819910049438,0.32083478569984436,7.024538040161133,0.6384214162826538,0.1666666716337204,0.534709632396698,0.16033563017845154,0.6806409955024719,0.16041739284992218,0.13049620389938354,0.4500212073326111,0.7398767471313477,0.5351538062095642,-0.025046614930033684,-0.08605612814426422,0.0913473442196846,0.0913473442196846,0.25850948691368103,-1.4839634895324707,-1.451774001121521,0.0,-0.16716214269399643,-0.16716214269399643,0.22501060366630554,0.22501060366630554,0.21814654767513275,1.4571423530578613,1.244770884513855,0.0,0.0068640559911727905,0.0068640559911727905,0.36993837356567383,0.36993837356567383,0.3128940463066101,0.6503564119338989,0.36475256085395813,0.0,0.05704432725906372,0.05704432725906372,0.374607652425766,0.374607652425766,0.4034693241119385,-0.23807375133037567,1.487963080406189,0.0,-0.028861671686172485,-0.028861671686172485,-0.040074583142995834,-0.040074583142995834,0.08625998347997665,-1.6130962371826172,-1.1896872520446777,0.0,-0.1263345666229725,-0.1263345666229725,-0.04302806407213211,-0.04302806407213211,0.02076878771185875,0.06384795904159546,1.0139508247375488,0.0,-0.06379685178399086,-0.06379685178399086
993,33.1,14,0,0,,4,uneven rough,5,0.0,53.106040954589844,32.27516555786133,0.21456551551818848,1.2384450435638428,0.620054304599762,1.2384450435638428,0.620054304599762,6.139031887054443,3.2665326595306396,0.5,0.5486935377120972,0.12303178757429123,0.6192225217819214,0.310027152299881,0.4279957711696625,0.4312673509120941,0.2832539677619934,0.03208217769861221,0.06363356858491898,-0.30628493428230286,0.29959702491760254,0.29959702491760254,0.22468946874141693,1.759170651435852,-1.0497632026672363,0.0,0.07490755617618561,0.07490755617618561,0.21563367545604706,0.21563367545604706,0.23437480628490448,0.80098956823349,0.47056248784065247,0.0,-0.018741130828857422,-0.018741130828857422,0.1416269838809967,0.1416269838809967,0.1411830335855484,-1.9216268062591553,0.6975112557411194,0.0,0.0004439502954483032,0.0004439502954483032,0.02245752327144146,0.02245752327144146,0.31197628378868103,-1.0991014242172241,0.9841751456260681,0.0,-0.28951876051723957,-0.28951876051723957,0.03181678429245949,0.03181678429245949,0.09514285624027252,-0.6849340796470642,-0.9919381141662598,0.0,-0.06332607194781303,-0.06332607194781303,-0.15314246714115143,-0.15314246714115143,-0.07123307883739471,-1.6860177516937256,0.6009262204170227,0.0,-0.08190938830375671,-0.08190938830375671
993,33.1,24,0,0,,4,uneven rough,11,0.0,101.69206237792969,35.43421173095703,0.5442031025886536,0.71317058801651,0.0926450714468956,0.71317058801651,0.0926450714468956,3.566237211227417,3.6783065795898438,0.3333333432674408,0.34986087679862976,0.32572612166404724,0.356585294008255,0.0463225357234478,-0.22121939063072205,0.31855425238609314,0.7441155910491943,0.5151094198226929,0.13466988503932953,-0.08938881009817123,-0.15485356748104095,-0.15485356748104095,0.2705868184566498,-1.5175726413726807,1.813742756843567,0.0,-0.42544038593769073,-0.42544038593769073,0.15927712619304657,0.15927712619304657,0.03293280676007271,2.0001964569091797,0.7178680300712585,0.0,0.12634431943297386,0.12634431943297386,0.37205779552459717,0.37205779552459717,0.20379331707954407,0.154774472117424,-0.5915743708610535,0.0,0.1682644784450531,0.1682644784450531,0.3605765998363495,0.3605765998363495,0.11926481872797012,1.8640128374099731,-1.9243755340576172,0.0,0.24131178110837936,0.24131178110837936,0.06733494251966476,0.06733494251966476,0.09928871691226959,-2.023925542831421,0.3720788359642029,0.0,-0.03195377439260483,-0.03195377439260483,-0.04469440504908562,-0.04469440504908562,-0.031604401767253876,-0.25584059953689575,0.14034436643123627,0.0,-0.013090003281831741,-0.013090003281831741
994,33.13333333333333,4,0,0,,4,uneven rough,5,0.0,52.03938674926758,29.6972599029541,0.3775959014892578,1.188988208770752,0.15598203241825104,1.188988208770752,0.15598203241825104,5.563632965087891,0.28702494502067566,0.3333333432674408,0.6735910773277283,0.08808077871799469,0.594494104385376,0.07799101620912552,0.3996303975582123,0.22291041910648346,0.4205212891101837,0.2023848295211792,-0.0507538840174675,-0.4243665635585785,0.2797412872314453,0.2797412872314453,0.26688262820243835,0.6246225833892822,-1.4699739217758179,0.0,0.012858659029006958,0.012858659029006958,0.11145520955324173,0.11145520955324173,0.17292951047420502,-1.9999961853027344,1.364846110343933,0.0,-0.06147430092096329,-0.06147430092096329,0.21026064455509186,0.21026064455509186,0.2481027990579605,-2.0000014305114746,0.5262334942817688,0.0,-0.03784215450286865,-0.03784215450286865,0.1416693776845932,0.1416693776845932,0.33665966987609863,-1.9987492561340332,0.5120587944984436,0.0,-0.19499029219150543,-0.19499029219150543,-0.08120621740818024,-0.08120621740818024,0.012835483066737652,-1.9774079322814941,-1.4290834665298462,0.0,-0.09404170047491789,-0.09404170047491789,-0.21218328177928925,-0.21218328177928925,-0.01795414462685585,-1.6824430227279663,0.47676098346710205,0.0,-0.1942291371524334,-0.1942291371524334
994,33.13333333333333,14,0,0,,4,uneven rough,5,0.0,53.132972717285156,32.28527069091797,0.21436455845832825,1.3939391374588013,-0.048036135733127594,1.3939391374588013,-0.048036135733127594,2.1153125762939453,2.5386321544647217,0.5,0.4621601104736328,0.055781811475753784,0.6969695687294006,-0.024018067866563797,-0.17331437766551971,0.4719492793083191,-0.20747289061546326,0.5375223755836487,0.25493621826171875,0.0075313625857234,-0.12132006138563156,-0.12132006138563156,0.16725412011146545,-1.8755290508270264,0.5384130477905273,0.0,-0.288574181497097,-0.288574181497097,0.23597463965415955,0.23597463965415955,0.23756743967533112,-0.36334121227264404,0.6573865413665771,0.0,-0.0015928000211715698,-0.0015928000211715698,-0.10373644530773163,-0.10373644530773163,0.0850079208612442,-1.8129856586456299,-0.7833541035652161,0.0,-0.18874436616897583,-0.18874436616897583,0.37626564502716064,0.37626564502716064,0.3656095564365387,1.5492695569992065,-0.19371315836906433,0.0,0.010656088590621948,0.010656088590621948,0.12746810913085938,0.12746810913085938,0.11569847166538239,1.062841773033142,-0.8183574676513672,0.0,0.01176963746547699,0.01176963746547699,0.0037656812928617,0.0037656812928617,-0.04247670620679855,1.983605980873108,-0.6921160221099854,0.0,0.046242387499660254,0.046242387499660254
994,33.13333333333333,24,0,0,,4,uneven rough,11,0.0,101.7204818725586,35.45988082885742,0.5444347858428955,0.5391615033149719,0.4935004413127899,0.5391615033149719,0.4935004413127899,2.4688470363616943,0.9582726359367371,0.3333333432674408,0.22012287378311157,0.25805482268333435,0.26958075165748596,0.24675022065639496,0.13238607347011566,0.017508694902062416,0.3554401695728302,0.21049565076828003,0.08806657791137695,-0.045628853142261505,0.0926702469587326,0.0926702469587326,0.2049693614244461,-1.6511406898498535,-0.06978891789913177,0.0,-0.1122991144657135,-0.1122991144657135,0.008754347451031208,0.008754347451031208,0.03719648718833923,0.08454358577728271,1.4428988695144653,0.0,-0.028442139737308025,-0.028442139737308025,0.1777200847864151,0.1777200847864151,0.17385292053222656,-1.2667460441589355,-0.1695873886346817,0.0,0.0038671642541885376,0.0038671642541885376,0.14734695851802826,0.14734695851802826,0.16794107854366302,0.493524432182312,0.21758602559566498,0.0,-0.020594120025634766,-0.020594120025634766,0.04403328895568848,0.04403328895568848,0.027747495099902153,-1.4626520872116089,-0.9826263189315796,0.0,0.016285793855786324,0.016285793855786324,-0.022814426571130753,-0.022814426571130753,-0.019590044394135475,0.3489684462547302,-0.08365932106971741,0.0,-0.0032243821769952774,-0.0032243821769952774
995,33.166666666666664,4,0,0,,4,uneven rough,5,0.0,52.07124710083008,29.715845108032227,0.37050747871398926,1.2444878816604614,-0.9205924272537231,1.2444878816604614,-0.9205924272537231,2.2242908477783203,0.6219239234924316,0.1666666716337204,0.6937052011489868,0.10370436310768127,0.6222439408302307,-0.4602962136268616,0.28711289167404175,-0.03294345363974571,0.7250045537948608,0.11590522527694702,-0.1582740843296051,-0.4190647304058075,0.20097902417182922,0.20097902417182922,0.23006834089756012,-1.8517299890518188,-0.285685271024704,0.0,-0.029089316725730896,-0.029089316725730896,-0.05270952731370926,-0.05270952731370926,0.11253989487886429,-1.7419596910476685,-0.5376417636871338,0.0,-0.16524942219257355,-0.16524942219257355,0.3625022768974304,0.3625022768974304,0.19015514850616455,-1.767044186592102,-0.9021042585372925,0.0,0.17234712839126587,0.17234712839126587,0.0811336562037468,0.0811336562037468,0.28130868077278137,-1.563818335533142,-0.9075565934181213,0.0,-0.20017502456903458,-0.20017502456903458,-0.2532385289669037,-0.2532385289669037,-0.01616079919040203,-0.737082302570343,-1.7391071319580078,0.0,-0.23707772977650166,-0.23707772977650166,-0.20953236520290375,-0.20953236520290375,-0.05986419692635536,-1.61378014087677,-0.7440568208694458,0.0,-0.14966816827654839,-0.14966816827654839
995,33.166666666666664,14,0,0,,4,uneven rough,5,0.0,53.15981674194336,32.29539108276367,0.2154565155506134,1.2321034669876099,0.4302707612514496,1.2321034669876099,0.4302707612514496,5.456826210021973,3.3333334922790527,0.1666666716337204,0.4301412105560303,0.05420040339231491,0.6160517334938049,0.2151353806257248,0.6135057210922241,0.3207390606403351,0.32444655895233154,0.3521974980831146,-0.0940261036157608,-0.11986725777387619,0.4294539988040924,0.4294539988040924,0.22502540051937103,1.4419670104980469,-0.8264341354370117,0.0,0.20442859828472137,0.20442859828472137,0.16036953032016754,0.16036953032016754,0.20574459433555603,-0.9154808521270752,0.08026523888111115,0.0,-0.04537506401538849,-0.04537506401538849,0.16222327947616577,0.16222327947616577,0.08211835473775864,-0.5604891180992126,-1.3655096292495728,0.0,0.08010492473840714,0.08010492473840714,0.24653825163841248,0.24653825163841248,0.30489304661750793,-1.9885706901550293,0.7917724251747131,0.0,-0.05835479497909546,-0.05835479497909546,-0.15044176578521729,-0.15044176578521729,0.044611748307943344,-2.037243604660034,0.24527595937252045,0.0,-0.19505351409316063,-0.19505351409316063,-0.059933628886938095,-0.059933628886938095,-0.05992364138364792,-0.8429615497589111,0.8207419514656067,0.0,-9.987503290176392e-06,-9.987503290176392e-06
995,33.166666666666664,24,0,0,,4,uneven rough,11,0.0,101.7513198852539,35.48149871826172,0.5436191558837891,0.2835943102836609,-0.1287679672241211,0.2835943102836609,-0.1287679672241211,1.8192943334579468,1.4531219005584717,0.3333333432674408,-0.007005175109952688,0.31227511167526245,0.14179715514183044,-0.06438398361206055,0.4463975727558136,-0.05739670991897583,0.5002562999725342,0.173910990357399,-0.2812769412994385,-0.01390696782618761,0.31247830390930176,0.31247830390930176,0.2603055238723755,1.976499319076538,-0.9638880491256714,0.0,0.05217278003692627,0.05217278003692627,-0.09183473885059357,-0.09183473885059357,-0.01648692600429058,-1.970098614692688,0.6748823523521423,0.0,-0.07534781284630299,-0.07534781284630299,0.2501281499862671,0.2501281499862671,0.1895686537027359,1.2044597864151,-0.789922833442688,0.0,0.06055949628353119,0.06055949628353119,0.12173768877983093,0.12173768877983093,0.11330607533454895,-1.4806828498840332,0.37360209226608276,0.0,0.008431613445281982,0.008431613445281982,-0.45004311203956604,-0.45004311203956604,-0.046356625854969025,-1.9750767946243286,-1.2540338039398193,0.0,-0.403686486184597,-0.403686486184597,-0.006953483913093805,-0.006953483913093805,0.010776055045425892,0.6169330477714539,0.16094918549060822,0.0,-0.017729538958519697,-0.017729538958519697
996,33.2,4,0,0,,4,uneven rough,5,0.0,52.10404968261719,29.730953216552734,0.36430636048316956,1.300154447555542,-0.6647821068763733,1.300154447555542,-0.6647821068763733,3.0009849071502686,2.892977714538574,0.3333333432674408,0.6866094470024109,0.18707504868507385,0.650077223777771,-0.33239105343818665,0.7450060844421387,0.15714655816555023,0.4817841947078705,0.09373491257429123,0.04871385172009468,-0.3086453974246979,0.5215042233467102,0.5215042233467102,0.25482577085494995,1.6174994707107544,-1.1711297035217285,0.0,0.26667845249176025,0.26667845249176025,0.07857327908277512,0.07857327908277512,0.08759087324142456,-1.2952042818069458,-1.2185652256011963,0.0,-0.009017594158649445,-0.009017594158649445,0.24089209735393524,0.24089209735393524,0.1703636348247528,0.43149513006210327,-1.3911428451538086,0.0,0.07052846252918243,0.07052846252918243,0.06561443954706192,0.06561443954706192,0.2117282599210739,-1.9225366115570068,-1.2786082029342651,0.0,-0.146113820374012,-0.146113820374012,0.02435692586004734,0.02435692586004734,0.04226357862353325,1.5138916969299316,-1.172560453414917,0.0,-0.01790665276348591,-0.01790665276348591,-0.15432269871234894,-0.15432269871234894,-0.09558796137571335,-0.660354495048523,-1.2357999086380005,0.0,-0.05873473733663559,-0.05873473733663559
996,33.2,14,0,0,,4,uneven rough,5,0.0,53.18447494506836,32.31419372558594,0.21872109174728394,1.4375083446502686,-0.6629301905632019,1.4375083446502686,-0.6629301905632019,5.564715385437012,1.5420196056365967,0.3333333432674408,0.27922093868255615,0.09271681308746338,0.7187541723251343,-0.33146509528160095,0.06892243027687073,0.48631271719932556,0.5400994420051575,0.007092372048646212,0.0632551833987236,-0.3676391839981079,0.04824570193886757,0.04824570193886757,0.18589459359645844,-1.9978973865509033,0.4561239182949066,0.0,-0.13764889165759087,-0.13764889165759087,0.24315635859966278,0.24315635859966278,0.24306118488311768,0.2436298280954361,-0.4827313721179962,0.0,9.517371654510498e-05,9.517371654510498e-05,0.27004972100257874,0.27004972100257874,0.08636046946048737,-0.3063881993293762,-0.9103496074676514,0.0,0.18368925154209137,0.18368925154209137,0.004964660387486219,0.004964660387486219,0.27148520946502686,-1.1740565299987793,-0.7802385687828064,0.0,-0.26652054907754064,-0.26652054907754064,0.0316275916993618,0.0316275916993618,0.05089738592505455,-0.6715213060379028,-1.045264720916748,0.0,-0.01926979422569275,-0.01926979422569275,-0.18381959199905396,-0.18381959199905396,-0.07236480712890625,-0.43460899591445923,-0.11991900205612183,0.0,-0.1114547848701477,-0.1114547848701477
996,33.2,24,0,0,,4,uneven rough,11,0.0,101.7821273803711,35.500030517578125,0.5426304340362549,0.5310684442520142,-0.6272405982017517,0.5310684442520142,-0.6272405982017517,1.0544686317443848,3.0133352279663086,0.5,0.04235631227493286,0.18290668725967407,0.2655342221260071,-0.31362029910087585,0.0340200811624527,-0.06374647468328476,0.7419847249984741,0.13840512931346893,0.29579272866249084,-0.0011300849728286266,0.02381405606865883,0.02381405606865883,0.21336786448955536,-1.6312861442565918,0.6986122727394104,0.0,-0.18955380842089653,-0.18955380842089653,-0.1019943580031395,-0.1019943580031395,-0.042489927262067795,-1.9874422550201416,-0.8205946087837219,0.0,-0.0595044307410717,-0.0595044307410717,0.37099236249923706,0.37099236249923706,0.2418767213821411,1.9204968214035034,0.3377046585083008,0.0,0.12911564111709595,0.12911564111709595,0.09688358753919601,0.09688358753919601,0.1340806633234024,0.14479292929172516,-0.6748139262199402,0.0,-0.03719707578420639,-0.03719707578420639,0.14789636433124542,0.14789636433124542,-0.03260011970996857,-0.6627392172813416,-1.6617127656936646,0.0,0.180496484041214,0.180496484041214,-0.0005650424864143133,-0.0005650424864143133,0.017093442380428314,-0.14515870809555054,0.41876327991485596,0.0,-0.017658484866842628,-0.017658484866842628
997,33.233333333333334,4,0,0,,4,uneven rough,5,0.0,52.137176513671875,29.738300323486328,0.3604210615158081,1.374701976776123,0.03869154304265976,1.374701976776123,0.03869154304265976,2.058032512664795,1.7283786535263062,0.3333333432674408,0.2769056558609009,0.07118077576160431,0.6873509883880615,0.01934577152132988,0.6498180627822876,0.23597799241542816,0.3854796290397644,0.1851375252008438,0.3951294422149658,-0.07433483004570007,0.45487263798713684,0.45487263798713684,0.3196145296096802,1.8433319330215454,0.4055662453174591,0.0,0.13525810837745667,0.13525810837745667,0.11798899620771408,0.11798899620771408,0.1119278222322464,0.5637872219085693,-1.261897087097168,0.0,0.006061173975467682,0.006061173975467682,0.1927398145198822,0.1927398145198822,0.20135049521923065,-0.07665079087018967,-0.36062008142471313,0.0,-0.00861068069934845,-0.00861068069934845,0.1295962631702423,0.1295962631702423,0.14538124203681946,-1.797929048538208,-1.6426864862442017,0.0,-0.01578497886657715,-0.01578497886657715,0.1975647211074829,0.1975647211074829,0.11466438323259354,1.6281393766403198,0.34636443853378296,0.0,0.08290033787488937,0.08290033787488937,-0.03716741502285004,-0.03716741502285004,-0.051609382033348083,0.6323316693305969,-0.910442054271698,0.0,0.014441967010498047,0.014441967010498047
997,33.233333333333334,14,0,0,,4,uneven rough,5,0.0,53.2125358581543,32.32719802856445,0.2119595855474472,1.2832385301589966,-0.31052765250205994,1.2832385301589966,-0.31052765250205994,3.587953567504883,1.871180534362793,0.3333333432674408,0.008608317002654076,0.16676825284957886,0.6416192650794983,-0.15526382625102997,0.8366433382034302,0.1429189294576645,0.3395874500274658,-0.06514310091733932,0.2516895830631256,-0.6075977087020874,0.5856503248214722,0.5856503248214722,0.234066441655159,1.9960272312164307,-0.9313841462135315,0.0,0.35158388316631317,0.35158388316631317,0.07145946472883224,0.07145946472883224,0.20295624434947968,-0.8849107623100281,-0.0720454528927803,0.0,-0.13149677962064743,-0.13149677962064743,0.1697937250137329,0.1697937250137329,0.11473868042230606,1.9899187088012695,-0.5688687562942505,0.0,0.05505504459142685,0.05505504459142685,-0.04560016840696335,-0.04560016840696335,0.20996379852294922,-1.4421330690383911,-1.002903938293457,0.0,-0.25556396692991257,-0.25556396692991257,0.1258447915315628,0.1258447915315628,0.07830966264009476,1.8604878187179565,-0.8339495062828064,0.0,0.04753512889146805,0.04753512889146805,-0.3037988543510437,-0.3037988543510437,-0.10436282306909561,-1.765617847442627,-0.2978453040122986,0.0,-0.1994360312819481,-0.1994360312819481
997,33.233333333333334,24,0,0,,4,uneven rough,11,0.0,101.81407165527344,35.512481689453125,0.5417208671569824,0.17709988355636597,-0.02551073022186756,0.17709988355636597,-0.02551073022186756,1.314958095550537,2.5161609649658203,0.565558135509491,0.08556046336889267,0.14212194085121155,0.08854994177818298,-0.01275536511093378,0.6845542192459106,-0.09130369871854782,0.38986891508102417,0.2517220377922058,0.01376118790358305,0.31958720088005066,0.479187935590744,0.479187935590744,0.2437400072813034,0.8243517279624939,-0.6187164783477783,0.0,0.2354479283094406,0.2354479283094406,-0.1460859179496765,-0.1460859179496765,-0.10331392288208008,-1.2567367553710938,-1.480332374572754,0.0,-0.042771995067596436,-0.042771995067596436,0.19493445754051208,0.19493445754051208,0.22232171893119812,-1.9191293716430664,1.2326182126998901,0.0,-0.027387261390686035,-0.027387261390686035,0.17620542645454407,0.17620542645454407,0.12030503898859024,-0.012365984730422497,-0.21140673756599426,0.0,0.05590038746595383,0.05590038746595383,0.006880593951791525,0.006880593951791525,-0.04287867993116379,0.05309227854013443,-1.0968912839889526,0.0,0.04975927388295531,0.04975927388295531,0.15979360044002533,0.15979360044002533,0.07029425352811813,-0.059278085827827454,0.09992077201604843,0.0,0.0894993469119072,0.0894993469119072
998,33.266666666666666,4,0,0,,4,uneven rough,5,0.0,52.16863250732422,29.738962173461914,0.34962791204452515,1.3170621395111084,0.259192556142807,1.3170621395111084,0.259192556142807,1.5440757274627686,3.6772162914276123,0.5,0.2703186869621277,0.04149028658866882,0.6585310697555542,0.1295962780714035,0.7113420963287354,0.22192466259002686,0.1514287143945694,0.44628891348838806,0.6078768968582153,-0.1196482926607132,0.49793946743011475,0.49793946743011475,0.3859643042087555,1.966469168663025,1.2184815406799316,0.0,0.11197516322135925,0.11197516322135925,0.11096233129501343,0.11096233129501343,0.11782488226890564,-0.6303554773330688,-0.22965191304683685,0.0,-0.006862550973892212,-0.006862550973892212,0.0757143571972847,0.0757143571972847,0.13640069961547852,-1.9996649026870728,-0.2000633329153061,0.0,-0.06068634241819382,-0.06068634241819382,0.31240224838256836,0.31240224838256836,0.15841557085514069,1.578458547592163,-1.7304608821868896,0.0,0.15398667752742767,0.15398667752742767,0.30393844842910767,0.30393844842910767,0.17579521238803864,1.9293049573898315,1.0710822343826294,0.0,0.12814323604106903,0.12814323604106903,-0.0598241463303566,-0.0598241463303566,-0.07014372944831848,-1.2272588014602661,-0.03815503418445587,0.0,0.010319583117961884,0.010319583117961884
998,33.266666666666666,14,0,0,,4,uneven rough,5,0.0,53.2435417175293,32.33694076538086,0.1980246901512146,1.3145670890808105,-0.5859038233757019,1.3145670890808105,-0.5859038233757019,3.4822652339935303,1.5099519491195679,0.3333333432674408,0.054750215262174606,0.1634312868118286,0.6572835445404053,-0.29295191168785095,0.732779324054718,0.2122693657875061,0.5963045954704285,0.19738158583641052,0.3782833218574524,-0.5087310075759888,0.5129455327987671,0.5129455327987671,0.30067121982574463,1.8209668397903442,0.7237794995307922,0.0,0.21227431297302246,0.21227431297302246,0.10613468289375305,0.10613468289375305,0.13817408680915833,-1.9994916915893555,-0.5316409468650818,0.0,-0.03203940391540527,-0.03203940391540527,0.29815229773521423,0.29815229773521423,0.16027532517910004,0.28701046109199524,0.8778742551803589,0.0,0.1378769725561142,0.1378769725561142,0.1381671130657196,0.1381671130657196,0.15430499613285065,-1.1860953569412231,-1.2512449026107788,0.0,-0.016137883067131042,-0.016137883067131042,0.1891416609287262,0.1891416609287262,0.14181816577911377,2.0176875591278076,0.6894901990890503,0.0,0.04732349514961243,0.04732349514961243,-0.2543655037879944,-0.2543655037879944,-0.16115990281105042,-1.9439208507537842,-1.1277265548706055,0.0,-0.09320560097694397,-0.09320560097694397
998,33.266666666666666,24,0,0,,4,uneven rough,11,0.0,101.8446273803711,35.527320861816406,0.5473706722259521,1.2128909826278687,0.746451735496521,1.2128909826278687,0.746451735496521,6.09152364730835,4.417657375335693,0.5,0.0017140706768259406,0.18727543950080872,0.6064454913139343,0.3732258677482605,-0.015687385573983192,0.35680145025253296,-0.03645019978284836,0.6559779644012451,0.11908645182847977,0.2563053071498871,-0.010981169529259205,-0.010981169529259205,0.18255524337291718,-1.804848074913025,0.19719688594341278,0.0,-0.19353641290217638,-0.19353641290217638,0.17840072512626648,0.17840072512626648,-0.04370611160993576,1.99956214427948,-1.3539109230041504,0.0,0.22210683673620224,0.22210683673620224,-0.01822509989142418,-0.01822509989142418,0.1611631065607071,-1.9297784566879272,-0.5493855476379395,0.0,-0.17938820645213127,-0.17938820645213127,0.45918455719947815,0.45918455719947815,0.18235893547534943,1.5965580940246582,-0.09886874258518219,0.0,0.2768256217241287,0.2768256217241287,0.05954322591423988,0.05954322591423988,0.021690815687179565,1.7101352214813232,-0.4466885030269623,0.0,0.03785241022706032,0.03785241022706032,0.12815265357494354,0.12815265357494354,0.07663708180189133,0.5434675812721252,0.009909452870488167,0.0,0.051515571773052216,0.051515571773052216
999,33.3,4,0,0,,4,uneven rough,5,0.0,52.19576644897461,29.74295425415039,0.34602487087249756,1.3554829359054565,0.8227453231811523,1.3554829359054565,0.8227453231811523,5.933773994445801,1.9675729274749756,0.3333333432674408,0.41456684470176697,0.12992924451828003,0.6777414679527283,0.41137266159057617,0.335473895072937,-0.26592692732810974,0.6045693755149841,0.6920715570449829,0.381964772939682,0.23048293590545654,0.23483172059059143,0.23483172059059143,0.356773316860199,-1.8682361841201782,1.641395092010498,0.0,-0.12194159626960754,-0.12194159626960754,-0.4254830777645111,-0.4254830777645111,0.09520743042230606,-0.10780984908342361,-0.4562104344367981,0.0,-0.5206905081868172,-0.5206905081868172,0.30228468775749207,0.30228468775749207,0.12381691485643387,1.5904301404953003,-1.2175612449645996,0.0,0.1784677729010582,0.1784677729010582,0.4844500720500946,0.4844500720500946,0.2247290015220642,1.571020483970642,0.14040812849998474,0.0,0.2597210705280304,0.2597210705280304,0.190982386469841,0.190982386469841,0.17717313766479492,0.08083483576774597,1.5563229322433472,0.0,0.013809248805046082,0.013809248805046082,0.11524146795272827,0.11524146795272827,-0.04153013974428177,0.8642937541007996,-0.7104764580726624,0.0,0.15677160769701004,0.15677160769701004
999,33.3,14,0,0,,4,uneven rough,5,0.0,53.28002166748047,32.34033203125,0.18421170115470886,1.050482153892517,-0.0954364612698555,1.050482153892517,-0.0954364612698555,1.2983876466751099,3.3826351165771484,0.3333333432674408,0.006793662905693054,0.19934141635894775,0.5252410769462585,-0.04771823063492775,0.8263543844223022,0.2635098397731781,0.7395000457763672,0.5419389009475708,0.3196178376674652,-0.1595488041639328,0.5784480571746826,0.5784480571746826,0.3671571910381317,1.7969475984573364,1.3441312313079834,0.0,0.2112908661365509,0.2112908661365509,0.13175491988658905,0.13175491988658905,0.10092538595199585,-1.0811123847961426,-1.361566424369812,0.0,0.0308295339345932,0.0308295339345932,0.3697500228881836,0.3697500228881836,0.21259017288684845,1.1971014738082886,0.5437988042831421,0.0,0.15715985000133514,0.15715985000133514,0.3793572187423706,0.3793572187423706,0.18569059669971466,0.956570565700531,-1.2144092321395874,0.0,0.19366662204265594,0.19366662204265594,0.1598089188337326,0.1598089188337326,0.18741920590400696,0.9506339430809021,1.4404553174972534,0.0,-0.027610287070274353,-0.027610287070274353,-0.0797744020819664,-0.0797744020819664,-0.12416451424360275,-2.0027148723602295,-1.5892043113708496,0.0,0.04439011216163635,0.04439011216163635
999,33.3,24,0,0,,4,uneven rough,11,0.0,101.8828353881836,35.533531188964844,0.5553269982337952,0.7769588232040405,0.2818853557109833,0.7769588232040405,0.2818853557109833,4.511308670043945,4.400848865509033,0.3333333432674408,-0.05266215652227402,0.15173199772834778,0.38847941160202026,0.14094267785549164,0.4687578082084656,0.1295425146818161,-0.03125620260834694,0.4993283152580261,0.1179543137550354,0.28938812017440796,0.32813045382499695,0.32813045382499695,0.20080263912677765,1.8919600248336792,-0.9347628951072693,0.0,0.1273278146982193,0.1273278146982193,0.06477125734090805,0.06477125734090805,0.022363534197211266,1.6743314266204834,0.542148768901825,0.0,0.042407723143696785,0.042407723143696785,-0.01562810130417347,-0.01562810130417347,0.09742777049541473,-1.9981592893600464,-1.329862117767334,0.0,-0.1130558717995882,-0.1130558717995882,0.34952980279922485,0.34952980279922485,0.23580384254455566,1.3427788019180298,0.8597286343574524,0.0,0.11372596025466919,0.11372596025466919,0.0589771568775177,0.0589771568775177,0.05939874425530434,0.7701587677001953,0.7727835178375244,0.0,-0.00042158737778663635,-0.00042158737778663635,0.14469406008720398,0.14469406008720398,0.11622447520494461,1.7712156772613525,0.3115841746330261,0.0,0.02846958488225937,0.02846958488225937
1000,33.333333333333336,4,0,0,,4,uneven rough,5,0.0,52.224151611328125,29.747539520263672,0.3521595001220703,1.723310947418213,0.29633012413978577,1.723310947418213,0.29633012413978577,6.2410101890563965,5.108222484588623,0.5,0.003990133758634329,0.09317988157272339,0.8616554737091064,0.14816506206989288,0.4939501881599426,0.06954255700111389,0.40894290804862976,0.4677827060222626,0.12024856358766556,0.2571653425693512,0.3457651138305664,0.3457651138305664,0.3180544078350067,-0.0606902651488781,-0.3429567217826843,0.0,0.027710705995559692,0.027710705995559692,0.034771278500556946,0.034771278500556946,0.044413335621356964,-1.1301926374435425,-0.2592241168022156,0.0,-0.009642057120800018,-0.009642057120800018,0.20447145402431488,0.20447145402431488,0.15997378528118134,1.3046334981918335,0.3700821101665497,0.0,0.044497668743133545,0.044497668743133545,0.32744789123535156,0.32744789123535156,0.2817389667034149,1.4622888565063477,0.9492788910865784,0.0,0.045708924531936646,0.045708924531936646,0.06012428179383278,0.06012428179383278,0.11021564900875092,-1.9466646909713745,0.722079336643219,0.0,-0.05009136721491814,-0.05009136721491814,0.1285826712846756,0.1285826712846756,0.01058595534414053,0.9344580769538879,0.17990145087242126,0.0,0.11799671594053507,0.11799671594053507
1000,33.333333333333336,14,0,0,,4,uneven rough,5,0.0,53.316001892089844,32.349178314208984,0.17741930484771729,1.8056992292404175,0.3691641092300415,1.8056992292404175,0.3691641092300415,2.526820182800293,1.2297815084457397,0.44168373942375183,0.11108633130788803,0.23611661791801453,0.9028496146202087,0.18458205461502075,0.4889012575149536,-0.19722120463848114,0.4545455574989319,0.6494765281677246,0.5432798862457275,-0.031251776963472366,0.342230886220932,0.342230886220932,0.3488004207611084,-1.7094804048538208,1.6001543998718262,0.0,-0.006569534540176392,-0.006569534540176392,-0.3155539333820343,-0.3155539333820343,0.07388749718666077,-0.4706866443157196,-1.2029972076416016,0.0,-0.38944143056869507,-0.38944143056869507,0.22727277874946594,0.22727277874946594,0.24448400735855103,0.6081668734550476,0.9131773114204407,0.0,-0.017211228609085083,-0.017211228609085083,0.45463356375694275,0.45463356375694275,0.2366010993719101,0.9237682223320007,0.01306665688753128,0.0,0.21803246438503265,0.21803246438503265,0.27163994312286377,0.27163994312286377,0.2281382828950882,1.5727837085723877,1.163509488105774,0.0,0.043501660227775574,0.043501660227775574,-0.015625888481736183,-0.015625888481736183,-0.12577903270721436,1.5406889915466309,-1.823003888130188,0.0,0.11015314422547817,0.11015314422547817
1000,33.333333333333336,24,0,0,,4,uneven rough,11,0.0,101.9194107055664,35.543243408203125,0.5565078258514404,1.2638952732086182,-0.5765406489372253,1.2638952732086182,-0.5765406489372253,6.7890625,4.745185375213623,0.3333333432674408,-0.11668332666158676,0.27021870017051697,0.6319476366043091,-0.28827032446861267,-0.3994419276714325,0.4801546633243561,0.1946849226951599,0.7072523832321167,0.34570297598838806,-0.08263149857521057,-0.279609352350235,-0.279609352350235,0.1689843237400055,-1.6655279397964478,0.6634713411331177,0.0,-0.4485936760902405,-0.4485936760902405,0.24007733166217804,0.24007733166217804,0.08920132368803024,1.8923323154449463,1.1822868585586548,0.0,0.1508760079741478,0.1508760079741478,0.09734246134757996,0.09734246134757996,0.06252662092447281,0.24829626083374023,-1.7077184915542603,0.0,0.03481584042310715,0.03481584042310715,0.49507665634155273,0.49507665634155273,0.30779486894607544,1.9044783115386963,1.1328459978103638,0.0,0.1872817873954773,0.1872817873954773,0.17285148799419403,0.17285148799419403,0.12107735127210617,1.9937410354614258,0.7712994813919067,0.0,0.05177413672208786,0.05177413672208786,-0.041315749287605286,-0.041315749287605286,0.12173016369342804,-0.2854234278202057,1.1368623971939087,0.0,-0.16304591298103333,-0.16304591298103333
1001,33.36666666666667,4,0,0,,4,uneven rough,5,0.0,52.25747299194336,29.756938934326172,0.3673779368400574,1.334296464920044,0.6147752404212952,1.334296464920044,0.6147752404212952,5.608802318572998,3.865205764770508,0.5,-0.03188561648130417,0.12794069945812225,0.667148232460022,0.3073876202106476,-0.28961262106895447,0.28454694151878357,0.5262871980667114,0.3841557800769806,0.06461632996797562,0.019591722637414932,-0.20272883772850037,-0.20272883772850037,0.26977571845054626,-1.2576813697814941,-0.18336275219917297,0.0,-0.47250455617904663,-0.47250455617904663,0.14227347075939178,0.14227347075939178,0.10545581579208374,2.000051736831665,-0.7516712546348572,0.0,0.036817654967308044,0.036817654967308044,0.2631435990333557,0.2631435990333557,0.21083420515060425,1.9172773361206055,0.898479163646698,0.0,0.052309393882751465,0.052309393882751465,0.2689090371131897,0.2689090371131897,0.3100201189517975,-0.6641139388084412,1.2393356561660767,0.0,-0.04111108183860779,-0.04111108183860779,0.03230816498398781,0.03230816498398781,0.06555303931236267,-1.6595532894134521,-0.7868333458900452,0.0,-0.03324487432837486,-0.03324487432837486,0.009795861318707466,0.009795861318707466,0.017371634021401405,0.15595215559005737,0.6065291166305542,0.0,-0.007575772702693939,-0.007575772702693939
1001,33.36666666666667,14,0,0,,4,uneven rough,5,0.0,53.352699279785156,32.35342025756836,0.180242121219635,1.603498935699463,-0.35465890169143677,1.603498935699463,-0.35465890169143677,6.362261772155762,7.256966590881348,0.6666666865348816,-0.2852267026901245,0.15507414937019348,0.8017494678497314,-0.17732945084571838,0.7393335700035095,0.01329344417899847,-0.16089941561222076,0.5471598505973816,0.3972620368003845,0.29591086506843567,0.5175334811210632,0.5175334811210632,0.3577807545661926,1.5035327672958374,-0.27111902832984924,0.0,0.1597527265548706,0.1597527265548706,0.006646722089499235,0.006646722089499235,0.015473089180886745,-0.6185900568962097,-0.7889474630355835,0.0,-0.00882636709138751,-0.00882636709138751,-0.08044970780611038,-0.08044970780611038,0.18380025029182434,-1.9943567514419556,0.7407238483428955,0.0,-0.2642499580979347,-0.2642499580979347,0.3830118775367737,0.3830118775367737,0.2736947536468506,1.7877271175384521,0.5279789566993713,0.0,0.1093171238899231,0.1093171238899231,0.19863101840019226,0.19863101840019226,0.18525998294353485,0.10420368611812592,1.394913911819458,0.0,0.01337103545665741,0.01337103545665741,0.14795543253421783,0.14795543253421783,-0.07501149922609329,1.5578502416610718,0.07883407920598984,0.0,0.22296693176031113,0.22296693176031113
1001,33.36666666666667,24,0,0,,4,uneven rough,11,0.0,101.94913482666016,35.558109283447266,0.5497048497200012,-0.2608344554901123,0.33421459794044495,-0.2608344554901123,0.33421459794044495,1.6022100448608398,0.9579490423202515,0.1666666716337204,0.06047944352030754,0.1538231074810028,-0.13041722774505615,0.16710729897022247,0.27414000034332275,0.1400013566017151,0.26072290539741516,0.3919738531112671,-0.13385266065597534,0.11980187892913818,0.19189800322055817,0.19189800322055817,0.19832055270671844,0.9601593613624573,-0.6533490419387817,0.0,-0.006422549486160278,-0.006422549486160278,0.07000067830085754,0.07000067830085754,0.06636066734790802,0.06360132992267609,1.5837478637695312,0.0,0.003640010952949524,0.003640010952949524,0.13036145269870758,0.13036145269870758,0.106878861784935,1.1957372426986694,-0.6017842292785645,0.0,0.023482590913772583,0.023482590913772583,0.27438169717788696,0.27438169717788696,0.282556414604187,-1.0900988578796387,1.5691282749176025,0.0,-0.008174717426300049,-0.008174717426300049,-0.21416425704956055,-0.21416425704956055,0.07373508810997009,-1.3422623872756958,1.4624701738357544,0.0,-0.28789934515953064,-0.28789934515953064,0.05990093946456909,0.05990093946456909,0.1058252677321434,-1.7067687511444092,0.3326994478702545,0.0,-0.04592432826757431,-0.04592432826757431
1002,33.4,4,0,0,,4,uneven rough,5,0.0,52.28901672363281,29.7750301361084,0.3680194616317749,1.365959882736206,1.121220350265503,1.365959882736206,1.121220350265503,5.6630754470825195,1.7769044637680054,0.3333333432674408,-0.2945054769515991,0.12761758267879486,0.682979941368103,0.5606101751327515,0.4389944076538086,-0.24047347903251648,0.3593865931034088,-0.08323495090007782,0.032779306173324585,-0.17180615663528442,0.3072960674762726,0.3072960674762726,0.2971552908420563,1.44917893409729,-0.7907844185829163,0.0,0.010140776634216309,0.010140776634216309,-0.3847575783729553,-0.3847575783729553,0.08431535214185715,-0.7215572595596313,0.8041578531265259,0.0,-0.46907293051481247,-0.46907293051481247,0.1796932965517044,0.1796932965517044,0.16623564064502716,-1.597625494003296,1.4745094776153564,0.0,0.013457655906677246,0.013457655906677246,-0.058264464139938354,-0.058264464139938354,0.24527175724506378,-1.9179621934890747,0.16312186419963837,0.0,-0.30353622138500214,-0.30353622138500214,0.016389653086662292,0.016389653086662292,0.007078321184962988,0.032790541648864746,-1.2802706956863403,0.0,0.009311331901699305,0.009311331901699305,-0.08590307831764221,-0.08590307831764221,-0.0006306408904492855,-1.8956509828567505,0.35177209973335266,0.0,-0.08527243742719293,-0.08527243742719293
1002,33.4,14,0,0,,4,uneven rough,5,0.0,53.39521026611328,32.354949951171875,0.18698729574680328,1.2516822814941406,-0.18767979741096497,1.2516822814941406,-0.18767979741096497,6.8289690017700195,4.042929649353027,0.3333333432674408,-0.40458521246910095,0.2894213795661926,0.6258411407470703,-0.09383989870548248,-0.48669931292533875,0.3876240849494934,0.5373684763908386,0.8533357381820679,0.41947969794273376,0.42509710788726807,-0.3406895101070404,-0.3406895101070404,0.3304334282875061,-1.3081474304199219,0.7322722673416138,0.0,-0.6711229383945465,-0.6711229383945465,0.1938120424747467,0.1938120424747467,0.07632418721914291,1.6402273178100586,-0.6926270723342896,0.0,0.11748785525560379,0.11748785525560379,0.2686842381954193,0.2686842381954193,0.23801462352275848,1.9987941980361938,-0.8056955933570862,0.0,0.030669614672660828,0.030669614672660828,0.5973349809646606,0.5973349809646606,0.34077879786491394,1.870235562324524,1.240242838859558,0.0,0.2565561830997467,0.2565561830997467,0.20973984897136688,0.20973984897136688,0.2284674495458603,0.16762419044971466,0.6651440262794495,0.0,-0.018727600574493408,-0.018727600574493408,0.21254855394363403,0.21254855394363403,-0.021393567323684692,0.7889113426208496,0.9150724411010742,0.0,0.23394212126731873,0.23394212126731873
1002,33.4,24,0,0,,4,uneven rough,11,0.0,101.97476959228516,35.57783889770508,0.539549708366394,0.3486858606338501,-0.7902042865753174,0.3486858606338501,-0.7902042865753174,1.0640827417373657,0.8850805163383484,0.1666666716337204,0.27422821521759033,0.08502399921417236,0.17434293031692505,-0.3951021432876587,0.26315703988075256,-0.35776033997535706,0.6926542520523071,0.007810746785253286,-0.24965840578079224,-0.311076819896698,0.1842099279165268,0.1842099279165268,0.20709460973739624,-0.9116024374961853,0.2589315176010132,0.0,-0.022884681820869446,-0.022884681820869446,-0.5724165439605713,-0.5724165439605713,0.0448450893163681,1.2632124423980713,0.724254310131073,0.0,-0.6172616332769394,-0.6172616332769394,0.34632712602615356,0.34632712602615356,0.16619673371315002,-0.040830306708812714,0.414537638425827,0.0,0.18013039231300354,0.18013039231300354,0.005467522889375687,0.005467522889375687,0.23127157986164093,-1.241146445274353,0.06559646874666214,0.0,-0.22580405697226524,-0.22580405697226524,-0.39945346117019653,-0.39945346117019653,0.021681329235434532,1.2836719751358032,-0.12333064526319504,0.0,-0.42113479040563107,-0.42113479040563107,-0.155538409948349,-0.155538409948349,0.08389972150325775,-0.34940725564956665,-0.8204195499420166,0.0,-0.23943813145160675,-0.23943813145160675
1003,33.43333333333333,4,0,0,,4,uneven rough,5,0.0,52.323360443115234,29.791418075561523,0.35434505343437195,1.3151576519012451,-0.31835857033729553,1.3151576519012451,-0.31835857033729553,2.0488407611846924,1.9636672735214233,0.3333333432674408,0.10304316878318787,0.12173262238502502,0.6575788259506226,-0.15917928516864777,0.4856169819831848,-0.20411142706871033,0.5012207627296448,0.03388465940952301,0.15880829095840454,-0.40843284130096436,0.3399318754673004,0.3399318754673004,0.3481460511684418,0.6647596955299377,0.475694864988327,0.0,-0.008214175701141357,-0.008214175701141357,-0.326578289270401,-0.326578289270401,0.039407551288604736,-1.3434990644454956,-0.058484192937612534,0.0,-0.36598584055900574,-0.36598584055900574,0.2506103813648224,0.2506103813648224,0.18035238981246948,1.7492122650146484,-0.26248112320899963,0.0,0.0702579915523529,0.0702579915523529,0.023719260469079018,0.023719260469079018,0.1819552481174469,-1.8599112033843994,-1.0135267972946167,0.0,-0.15823598764836788,-0.15823598764836788,0.07940414547920227,0.07940414547920227,0.06617452204227448,1.5189321041107178,-0.5378634929656982,0.0,0.013229623436927795,0.013229623436927795,-0.20421642065048218,-0.20421642065048218,-0.020168622955679893,0.6932525634765625,-0.9189249277114868,0.0,-0.18404779769480228,-0.18404779769480228
1003,33.43333333333333,14,0,0,,4,uneven rough,5,0.0,53.43181610107422,32.36065673828125,0.20150373876094818,1.169381856918335,0.4707574248313904,1.169381856918335,0.4707574248313904,6.574344158172607,0.9125204086303711,0.1666666716337204,-0.43552300333976746,0.29255467653274536,0.5846909284591675,0.2353787124156952,-0.2766093909740448,0.5161030292510986,0.18019817769527435,0.5707136392593384,0.11843767762184143,0.14423544704914093,-0.19362656772136688,-0.19362656772136688,0.2697609066963196,-1.602627158164978,-0.42138469219207764,0.0,-0.46338747441768646,-0.46338747441768646,0.2580515146255493,0.2580515146255493,0.13343864679336548,1.7016475200653076,0.6263729929924011,0.0,0.12461286783218384,0.12461286783218384,0.09009908884763718,0.09009908884763718,0.18482404947280884,-1.9372243881225586,0.7799679636955261,0.0,-0.09472496062517166,-0.09472496062517166,0.3994995355606079,0.3994995355606079,0.4063999056816101,1.540263056755066,1.5964418649673462,0.0,-0.006900370121002197,-0.006900370121002197,0.059218838810920715,0.059218838810920715,0.1680622100830078,-1.9998031854629517,0.38384541869163513,0.0,-0.1088433712720871,-0.1088433712720871,0.07211772352457047,0.07211772352457047,0.02318301610648632,1.9767824411392212,0.843740701675415,0.0,0.048934707418084145,0.048934707418084145
1003,33.43333333333333,24,0,0,,4,uneven rough,11,0.0,102.00054931640625,35.596160888671875,0.5402849316596985,0.9999648928642273,-0.5759047865867615,0.9999648928642273,-0.5759047865867615,3.0839478969573975,2.5842342376708984,0.3333333432674408,0.2861812710762024,0.16558711230754852,0.49998244643211365,-0.28795239329338074,0.37230896949768066,-0.1137067899107933,-0.3318156599998474,0.36357173323631287,0.5212249159812927,-0.041451603174209595,0.260616272687912,0.260616272687912,0.22063516080379486,0.8855584859848022,-0.40289047360420227,0.0,0.039981111884117126,0.039981111884117126,-0.18193086981773376,-0.18193086981773376,0.013381793163716793,-1.3186053037643433,1.028982162475586,0.0,-0.19531266298145056,-0.19531266298145056,-0.1659078299999237,-0.1659078299999237,0.13407263159751892,-0.6642619967460632,0.1570717841386795,0.0,-0.2999804615974426,-0.2999804615974426,0.25450021028518677,0.25450021028518677,0.20892156660556793,0.44540587067604065,-0.6732383370399475,0.0,0.045578643679618835,0.045578643679618835,0.26061245799064636,0.26061245799064636,0.01824132911860943,0.18903867900371552,0.6721911430358887,0.0,0.24237112887203693,0.24237112887203693,-0.020725801587104797,-0.020725801587104797,0.06161348894238472,-1.6000959873199463,-0.5541083812713623,0.0,-0.08233929052948952,-0.08233929052948952
1004,33.46666666666667,4,0,0,,4,uneven rough,5,0.0,52.359500885009766,29.807880401611328,0.3526778221130371,1.7079278230667114,0.9606726765632629,1.7079278230667114,0.9606726765632629,2.7908971309661865,4.074690818786621,0.5,-0.04851933568716049,0.16585776209831238,0.8539639115333557,0.48033633828163147,0.7972567081451416,0.2933273911476135,-0.3886032998561859,0.12900671362876892,0.3509467542171478,0.042304400354623795,0.5580796599388123,0.5580796599388123,0.4131264388561249,2.0488462448120117,0.5825924277305603,0.0,0.14495322108268738,0.14495322108268738,0.14666369557380676,0.14666369557380676,0.10080474615097046,2.0966556072235107,-0.7850338816642761,0.0,0.045858949422836304,0.045858949422836304,-0.19430164992809296,-0.19430164992809296,0.13161137700080872,-2.0733742713928223,0.8749338984489441,0.0,-0.3259130269289017,-0.3259130269289017,0.09030469506978989,0.09030469506978989,0.11455423384904861,-1.832656741142273,-1.4920740127563477,0.0,-0.024249538779258728,-0.024249538779258728,0.1754733771085739,0.1754733771085739,0.13408227264881134,0.7544300556182861,0.6250523924827576,0.0,0.04139110445976257,0.04139110445976257,0.021152200177311897,0.021152200177311897,0.011224012821912766,0.5340530276298523,-0.007396888453513384,0.0,0.009928187355399132,0.009928187355399132
1004,33.46666666666667,14,0,0,,4,uneven rough,5,0.0,53.4674186706543,32.3739013671875,0.21412302553653717,1.3559575080871582,0.6385957598686218,1.3559575080871582,0.6385957598686218,7.082375526428223,1.075738549232483,0.1666666716337204,-0.6627978682518005,0.29978087544441223,0.6779787540435791,0.3192978799343109,-0.31590357422828674,0.6787364482879639,0.6373928189277649,0.4644746780395508,-0.09732112288475037,-0.11377715319395065,-0.22113250195980072,-0.22113250195980072,0.22914506494998932,-0.7376208901405334,-1.0892612934112549,0.0,-0.45027756690979004,-0.45027756690979004,0.33936822414398193,0.33936822414398193,0.20007920265197754,1.9973562955856323,1.23433518409729,0.0,0.1392890214920044,0.1392890214920044,0.31869640946388245,0.31869640946388245,0.19911305606365204,-0.1566838026046753,-0.7563374638557434,0.0,0.11958335340023041,0.11958335340023041,0.32513228058815,0.32513228058815,0.3967631757259369,-1.5259356498718262,1.5646783113479614,0.0,-0.07163089513778687,-0.07163089513778687,-0.15571379661560059,-0.15571379661560059,0.13455304503440857,-0.2507304847240448,-0.9638738036155701,0.0,-0.29026684165000916,-0.29026684165000916,-0.05688857659697533,-0.05688857659697533,0.02523108758032322,0.5985298156738281,1.4843645095825195,0.0,-0.08211966417729855,-0.08211966417729855
1004,33.46666666666667,24,0,0,,4,uneven rough,11,0.0,102.02539825439453,35.61262893676758,0.5458481311798096,0.46217769384384155,-0.6699659824371338,0.46217769384384155,-0.6699659824371338,0.9204815626144409,1.5908102989196777,0.5,0.19446787238121033,0.10264252126216888,0.23108884692192078,-0.3349829912185669,-0.10011923313140869,0.02251904085278511,0.5040526986122131,0.28795838356018066,-0.2522427439689636,0.27440106868743896,-0.07008346170186996,-0.07008346170186996,0.17314085364341736,-1.2948404550552368,0.32560086250305176,0.0,-0.24322431534528732,-0.24322431534528732,0.011259520426392555,0.011259520426392555,-0.007489391602575779,0.9040166139602661,-0.29834800958633423,0.0,0.018748912028968334,0.018748912028968334,0.25202634930610657,0.25202634930610657,0.1983838975429535,2.005430221557617,-0.3073118031024933,0.0,0.053642451763153076,0.053642451763153076,0.20157086849212646,0.20157086849212646,0.23868219554424286,-0.33370986580848694,-0.04075489565730095,0.0,-0.037111327052116394,-0.037111327052116394,-0.4035883843898773,-0.4035883843898773,-0.011796122416853905,-0.7538431286811829,0.399015873670578,0.0,-0.3917922619730234,-0.3917922619730234,0.13720053434371948,0.13720053434371948,0.11809615045785904,1.76900053024292,-1.1455116271972656,0.0,0.019104383885860443,0.019104383885860443
1005,33.5,4,0,0,,4,uneven rough,5,0.0,52.39370346069336,29.8199405670166,0.3525729775428772,1.7072688341140747,0.8321981430053711,1.7072688341140747,0.8321981430053711,8.642988204956055,3.3292644023895264,0.3333333432674408,-0.19176632165908813,0.17779850959777832,0.8536344170570374,0.41609907150268555,0.4679429531097412,0.2130403071641922,0.15771222114562988,0.5065091252326965,0.24329808354377747,-0.005288808606564999,0.32756006717681885,0.32756006717681885,0.358569860458374,-1.8172557353973389,1.411615014076233,0.0,-0.031009793281555176,-0.031009793281555176,0.1065201535820961,0.1065201535820961,0.12098640948534012,0.12647871673107147,0.8442785143852234,0.0,-0.014466255903244019,-0.014466255903244019,0.07885611057281494,0.07885611057281494,0.0675959438085556,-1.7315958738327026,-0.7920448184013367,0.0,0.011260166764259338,0.011260166764259338,0.3545563817024231,0.3545563817024231,0.17703118920326233,1.7476242780685425,-1.6846400499343872,0.0,0.17752519249916077,0.17752519249916077,0.12164904177188873,0.12164904177188873,0.11502298712730408,-0.36762693524360657,0.6982027292251587,0.0,0.006626054644584656,0.006626054644584656,-0.0026444043032824993,-0.0026444043032824993,0.018156064674258232,0.38142985105514526,0.29873985052108765,0.0,-0.02080046897754073,-0.02080046897754073
1005,33.5,14,0,0,,4,uneven rough,5,0.0,53.49873352050781,32.397613525390625,0.20781561732292175,1.4506263732910156,0.9182180762290955,1.4506263732910156,0.9182180762290955,4.72341251373291,3.218989372253418,0.3333333432674408,-0.4982188642024994,0.15977410972118378,0.7253131866455078,0.45910903811454773,0.318033903837204,0.14040841162204742,0.34162580966949463,0.023293305188417435,0.43780553340911865,-0.5142822861671448,0.22262373566627502,0.22262373566627502,0.22162887454032898,0.9055498838424683,-0.8904431462287903,0.0,0.000994861125946045,0.000994861125946045,0.07020420581102371,0.07020420581102371,0.16861453652381897,-2.0064308643341064,1.6657487154006958,0.0,-0.09841033071279526,-0.09841033071279526,0.17081290483474731,0.17081290483474731,0.15152953565120697,-1.5880470275878906,-0.41729220747947693,0.0,0.019283369183540344,0.019283369183540344,0.016305312514305115,0.016305312514305115,0.3326556384563446,-1.9053963422775269,-0.18276037275791168,0.0,-0.3163503259420395,-0.3163503259420395,0.21890276670455933,0.21890276670455933,0.1690991073846817,2.1131513118743896,-0.5606613159179688,0.0,0.049803659319877625,0.049803659319877625,-0.2571411430835724,-0.2571411430835724,-0.00365148251876235,-1.3386504650115967,0.9835119843482971,0.0,-0.25348966056481004,-0.25348966056481004
1005,33.5,24,0,0,,4,uneven rough,11,0.0,102.04883575439453,35.63514709472656,0.5459588170051575,0.7566927671432495,-0.3099866509437561,0.7566927671432495,-0.3099866509437561,4.314082145690918,0.4716970920562744,0.111199289560318,0.13541319966316223,0.10197460651397705,0.37834638357162476,-0.15499332547187805,0.35540446639060974,0.012250067666172981,0.35246413946151733,-0.3233957588672638,-0.01829029805958271,-0.18354171514511108,0.24878312647342682,0.24878312647342682,0.22486336529254913,1.992979884147644,-0.590599536895752,0.0,0.023919761180877686,0.023919761180877686,0.006125033833086491,0.006125033833086491,0.013954023830592632,0.21116949617862701,0.38147109746932983,0.0,-0.007828989997506142,-0.007828989997506142,0.17623206973075867,0.17623206973075867,0.1719709187746048,-1.337512731552124,1.0003167390823364,0.0,0.00426115095615387,0.00426115095615387,-0.22637702524662018,-0.22637702524662018,0.17013464868068695,-1.9751863479614258,-0.20639215409755707,0.0,-0.39651167392730713,-0.39651167392730713,-0.029264478012919426,-0.029264478012919426,-0.03562694042921066,-0.06281070411205292,-0.2528126835823059,0.0,0.006362462416291237,0.006362462416291237,-0.09177085757255554,-0.09177085757255554,0.06330592930316925,-1.4976729154586792,0.5023587942123413,0.0,-0.1550767868757248,-0.1550767868757248
1006,33.53333333333333,4,0,0,,4,uneven rough,5,0.0,52.42589569091797,29.829608917236328,0.3496837615966797,1.5672035217285156,0.13085462152957916,1.5672035217285156,0.13085462152957916,7.314097881317139,4.756475448608398,0.3333333432674408,-0.29151809215545654,0.08239179849624634,0.7836017608642578,0.06542731076478958,0.42191818356513977,-0.07629036158323288,0.6900492310523987,0.7629357576370239,0.1631750464439392,0.3464844226837158,0.29534271359443665,0.29534271359443665,0.2999926805496216,-1.1368004083633423,-0.41399431228637695,0.0,-0.0046499669551849365,-0.0046499669551849365,-0.12206458300352097,-0.12206458300352097,0.0849304348230362,-0.35832086205482483,0.4384332299232483,0.0,-0.20699501782655716,-0.20699501782655716,0.34502461552619934,0.34502461552619934,0.09463147819042206,-0.8078545928001404,-1.3232686519622803,0.0,0.2503931373357773,0.2503931373357773,0.5340549945831299,0.5340549945831299,0.23703575134277344,1.5208237171173096,0.2559683322906494,0.0,0.29701924324035645,0.29701924324035645,0.0815875232219696,0.0815875232219696,0.05137328803539276,0.013485874980688095,0.09558071941137314,0.0,0.030214235186576843,0.030214235186576843,0.1732422113418579,0.1732422113418579,0.0817042887210846,1.946075439453125,0.3454929292201996,0.0,0.09153792262077332,0.09153792262077332
1006,33.53333333333333,14,0,0,,4,uneven rough,5,0.0,53.53085708618164,32.42219924926758,0.1920904815196991,1.4678130149841309,-0.0813162550330162,1.4678130149841309,-0.0813162550330162,2.2266745567321777,4.1163740158081055,0.3333333432674408,-0.2368035763502121,0.07242687046527863,0.7339065074920654,-0.0406581275165081,0.6322793960571289,-0.11122793704271317,0.07356880605220795,0.29825955629348755,0.3475363254547119,-0.07858791202306747,0.44259557127952576,0.44259557127952576,0.2877177596092224,1.9999992847442627,0.125014528632164,0.0,0.15487781167030334,0.15487781167030334,-0.1779647022485733,-0.1779647022485733,0.10219505429267883,-1.9989051818847656,-0.4105081856250763,0.0,-0.28015975654125214,-0.28015975654125214,0.03678440302610397,0.03678440302610397,0.08487506210803986,-1.999999761581421,-1.0792391300201416,0.0,-0.04809065908193588,-0.04809065908193588,0.20878168940544128,0.20878168940544128,0.26540252566337585,-1.996659517288208,-1.1567418575286865,0.0,-0.05662083625793457,-0.05662083625793457,0.17376816272735596,0.17376816272735596,0.18660135567188263,-0.4334087073802948,0.9511171579360962,0.0,-0.012833192944526672,-0.012833192944526672,-0.03929395601153374,-0.03929395601153374,-0.03579433634877205,-0.4039413630962372,-0.3294428288936615,0.0,-0.0034996196627616882,-0.0034996196627616882
1006,33.53333333333333,24,0,0,,4,uneven rough,11,0.0,102.06826782226562,35.659324645996094,0.5316992998123169,0.2819961607456207,-1.0895253419876099,0.2819961607456207,-1.0895253419876099,2.0535295009613037,3.5658087730407715,0.3333333432674408,0.3318949341773987,0.042981624603271484,0.14099808037281036,-0.5447626709938049,0.08723564445972443,-0.12906788289546967,0.38535910844802856,0.031874749809503555,-0.008561237715184689,0.07328421622514725,0.0610649511218071,0.0610649511218071,0.19544224441051483,-1.9841411113739014,0.8701608777046204,0.0,-0.13437729328870773,-0.13437729328870773,-0.20650862157344818,-0.20650862157344818,-0.038738641887903214,-1.6123708486557007,0.28518226742744446,0.0,-0.16776997968554497,-0.16776997968554497,0.19267955422401428,0.19267955422401428,0.17291608452796936,0.2904760241508484,-0.32149621844291687,0.0,0.019763469696044922,0.019763469696044922,0.02231232449412346,0.02231232449412346,0.11108345538377762,-1.9934967756271362,-1.206471562385559,0.0,-0.08877113088965416,-0.08877113088965416,-0.013697980903089046,-0.013697980903089046,-0.027147619053721428,1.1142746210098267,-0.14538522064685822,0.0,0.013449638150632381,0.013449638150632381,0.036642108112573624,0.036642108112573624,0.06473773717880249,0.10613368451595306,-0.6284627318382263,0.0,-0.028095629066228867,-0.028095629066228867
1007,33.56666666666666,4,0,0,,4,uneven rough,5,0.0,52.46394729614258,29.842735290527344,0.35129421949386597,1.3625671863555908,0.7112932801246643,1.3625671863555908,0.7112932801246643,5.83725118637085,2.607581615447998,0.3333333432674408,-0.42541778087615967,0.054718486964702606,0.6812835931777954,0.35564664006233215,0.08348735421895981,0.3310525417327881,0.3905334770679474,0.7330428957939148,0.2840677797794342,0.40231838822364807,0.058441147208213806,0.058441147208213806,0.23831236362457275,-1.9573017358779907,-0.8226701617240906,0.0,-0.17987121641635895,-0.17987121641635895,0.16552627086639404,0.16552627086639404,0.15206162631511688,1.9104212522506714,-0.012052962556481361,0.0,0.01346464455127716,0.01346464455127716,0.1952667385339737,0.1952667385339737,0.12364770472049713,1.9385392665863037,-1.0318526029586792,0.0,0.07161903381347656,0.07161903381347656,0.5131300091743469,0.5131300091743469,0.3019312918186188,1.7772642374038696,0.9711198210716248,0.0,0.21119871735572815,0.21119871735572815,0.1420338898897171,0.1420338898897171,0.11857349425554276,1.6237419843673706,0.04916414991021156,0.0,0.023460395634174347,0.023460395634174347,0.20115919411182404,0.20115919411182404,0.09966450184583664,0.7385903000831604,1.2504651546478271,0.0,0.1014946922659874,0.1014946922659874
1007,33.56666666666666,14,0,0,,4,uneven rough,5,0.0,53.56108856201172,32.45024871826172,0.18085753917694092,1.4305522441864014,-0.8314623236656189,1.4305522441864014,-0.8314623236656189,7.3514404296875,0.0,0.0,-0.22994190454483032,0.048519618809223175,0.7152761220932007,-0.41573116183280945,0.380733847618103,-0.14126817882061005,0.8474754095077515,0.19316397607326508,0.16356457769870758,-0.2975189983844757,0.2665136754512787,0.2665136754512787,0.3189571499824524,-0.2044517993927002,1.1851342916488647,0.0,-0.052443474531173706,-0.052443474531173706,-0.22602908313274384,-0.22602908313274384,0.036260806024074554,-1.9795759916305542,-1.3085906505584717,0.0,-0.2622898891568184,-0.2622898891568184,0.42373770475387573,0.42373770475387573,0.05245928093791008,-1.4807430505752563,-1.5998388528823853,0.0,0.37127842381596565,0.37127842381596565,0.13521477580070496,0.13521477580070496,0.20749330520629883,-1.8375824689865112,-1.6316328048706055,0.0,-0.07227852940559387,-0.07227852940559387,0.08178228884935379,0.08178228884935379,0.13928237557411194,-1.8794366121292114,0.1683037430047989,0.0,-0.05750008672475815,-0.05750008672475815,-0.14875949919223785,-0.14875949919223785,-0.04340014606714249,-0.4845050871372223,-0.37156441807746887,0.0,-0.10535935312509537,-0.10535935312509537
1007,33.56666666666666,24,0,0,,4,uneven rough,11,0.0,102.09468841552734,35.67641830444336,0.517233669757843,0.7325761318206787,-0.3152528703212738,0.7325761318206787,-0.3152528703212738,2.6041975021362305,2.762728691101074,0.3333333432674408,0.21256566047668457,0.29256972670555115,0.36628806591033936,-0.1576264351606369,0.8487942218780518,-0.35031411051750183,0.10758303105831146,0.16917230188846588,-0.005453800782561302,0.3549865484237671,0.5941559672355652,0.5941559672355652,0.21289338171482086,1.1221685409545898,-0.7436665892601013,0.0,0.3812625855207443,0.3812625855207443,-0.5605025887489319,-0.5605025887489319,-0.10483580082654953,-1.985390067100525,-0.7876976728439331,0.0,-0.45566678792238235,-0.45566678792238235,0.05379151552915573,0.05379151552915573,0.17342780530452728,0.22332842648029327,0.024513987824320793,0.0,-0.11963628977537155,-0.11963628977537155,0.11842060834169388,0.11842060834169388,0.07915912568569183,0.5426859259605408,-1.6514570713043213,0.0,0.039261482656002045,0.039261482656002045,-0.008726081810891628,-0.008726081810891628,-0.007554231211543083,0.9402092695236206,0.566828727722168,0.0,-0.001171850599348545,-0.001171850599348545,0.17749327421188354,0.17749327421188354,0.08167003095149994,-0.04193800315260887,-0.21312060952186584,0.0,0.0958232432603836,0.0958232432603836
1008,33.6,4,0,0,,4,uneven rough,5,0.0,52.50183868408203,29.854541778564453,0.3521762490272522,1.7130283117294312,0.8535842299461365,1.7130283117294312,0.8535842299461365,8.636829376220703,4.611049652099609,0.3333333432674408,-0.12134484946727753,0.04109570384025574,0.8565141558647156,0.42679211497306824,0.48591095209121704,0.33079585433006287,-0.33525657653808594,0.4960331320762634,0.2655145227909088,0.1273365169763565,0.34013766050338745,0.34013766050338745,0.2681809663772583,1.9999326467514038,-1.4641928672790527,0.0,0.07195669412612915,0.07195669412612915,0.16539792716503143,0.16539792716503143,0.17548872530460358,0.03890569508075714,1.0749174356460571,0.0,-0.010090798139572144,-0.010090798139572144,-0.16762828826904297,-0.16762828826904297,0.06161974370479584,-1.8281186819076538,0.6476122736930847,0.0,-0.2292480319738388,-0.2292480319738388,0.3472231924533844,0.3472231924533844,0.3221784234046936,0.347470760345459,1.4269152879714966,0.0,0.025044769048690796,0.025044769048690796,0.1327572613954544,0.1327572613954544,0.11479271203279495,0.20762914419174194,0.9394332766532898,0.0,0.017964549362659454,0.017964549362659454,0.06366825848817825,0.06366825848817825,0.06575513631105423,-0.2366340011358261,0.9610502123832703,0.0,-0.0020868778228759766,-0.0020868778228759766
1008,33.6,14,0,0,,4,uneven rough,5,0.0,53.59488296508789,32.478031158447266,0.17259272933006287,1.339277744293213,-0.7736355066299438,1.339277744293213,-0.7736355066299438,2.0525622367858887,2.221008777618408,0.3333333432674408,-0.08583520352840424,0.18665872514247894,0.6696388721466064,-0.3868177533149719,0.524716317653656,0.019353792071342468,0.8084841966629028,0.19565851986408234,0.24620862305164337,-0.08559653162956238,0.36730140447616577,0.36730140447616577,0.35076674818992615,1.1255278587341309,0.3994598388671875,0.0,0.016534656286239624,0.016534656286239624,0.009676896035671234,0.009676896035671234,0.006735081318765879,0.39075401425361633,-1.6879669427871704,0.0,0.0029418147169053555,0.0029418147169053555,0.4042420983314514,0.4042420983314514,0.060598280280828476,-1.219920039176941,-1.5325019359588623,0.0,0.34364381805062294,0.34364381805062294,0.136960968375206,0.136960968375206,0.1424647718667984,-0.9105173349380493,-1.748077154159546,0.0,-0.005503803491592407,-0.005503803491592407,0.12310431152582169,0.12310431152582169,0.14217092096805573,1.0737507343292236,-0.9894922971725464,0.0,-0.01906660944223404,-0.01906660944223404,-0.04279826581478119,-0.04279826581478119,-0.0012396578676998615,0.4746965169906616,-0.43542128801345825,0.0,-0.04155860794708133,-0.04155860794708133
1008,33.6,24,0,0,,4,uneven rough,11,0.0,102.1272964477539,35.688438415527344,0.5080814361572266,0.9598143100738525,-0.695899248123169,0.9598143100738525,-0.695899248123169,3.0079829692840576,0.6386280059814453,0.3333333432674408,0.062352925539016724,0.11048872768878937,0.47990715503692627,-0.3479496240615845,0.4738840162754059,-0.2943827509880066,0.3673638701438904,0.4293382465839386,0.04233714938163757,-0.16407668590545654,0.3317188024520874,0.3317188024520874,0.27406784892082214,2.0001237392425537,0.31127992272377014,0.0,0.05765095353126526,0.05765095353126526,-0.4710124135017395,-0.4710124135017395,-0.14346610009670258,-0.4670853614807129,-1.4648751020431519,0.0,-0.3275463134050369,-0.3275463134050369,0.1836819350719452,0.1836819350719452,0.16840851306915283,0.522952675819397,0.13692402839660645,0.0,0.015273422002792358,0.015273422002792358,0.30053678154945374,0.30053678154945374,0.1368923932313919,1.8614996671676636,-0.41088467836380005,0.0,0.16364438831806183,0.16364438831806183,0.021168574690818787,0.021168574690818787,0.000819528242573142,0.8955522179603577,0.7779387831687927,0.0,0.020349046448245645,0.020349046448245645,-0.08203834295272827,-0.08203834295272827,0.02580556459724903,-1.7923154830932617,-0.11633365601301193,0.0,-0.1078439075499773,-0.1078439075499773
1009,33.63333333333333,4,0,0,,4,uneven rough,5,0.0,52.535888671875,29.8636531829834,0.345756471157074,1.1754716634750366,0.2520585060119629,1.1754716634750366,0.2520585060119629,5.382540702819824,0.3474704623222351,0.1666666716337204,-0.27418166399002075,0.14038288593292236,0.5877358317375183,0.12602925300598145,-0.04376726597547531,0.1659848541021347,0.5158637166023254,0.5115099549293518,0.1250431090593338,-0.042698413133621216,-0.030637085437774658,-0.030637085437774658,0.23292259871959686,-1.4813991785049438,0.49442988634109497,0.0,-0.2635596841573715,-0.2635596841573715,0.08299242705106735,0.08299242705106735,0.11045783013105392,-1.897597312927246,0.48915454745292664,0.0,-0.027465403079986572,-0.027465403079986572,0.2579318583011627,0.2579318583011627,0.057632505893707275,-0.7989611029624939,-0.7521704435348511,0.0,0.20029935240745544,0.20029935240745544,0.3580569624900818,0.3580569624900818,0.3808225095272064,1.3022104501724243,0.8165954351425171,0.0,-0.022765547037124634,-0.022765547037124634,0.0625215545296669,0.0625215545296669,0.08907166123390198,-0.31987860798835754,0.5256699323654175,0.0,-0.026550106704235077,-0.026550106704235077,-0.021349206566810608,-0.021349206566810608,0.05265307053923607,-1.1125184297561646,0.2838774025440216,0.0,-0.07400227710604668,-0.07400227710604668
1009,33.63333333333333,14,0,0,,4,uneven rough,5,0.0,53.63100814819336,32.50136184692383,0.1747872233390808,1.4053144454956055,-0.09797804057598114,1.4053144454956055,-0.09797804057598114,1.8616852760314941,6.117203712463379,0.5,0.015788018703460693,0.11095951497554779,0.7026572227478027,-0.04898902028799057,0.03600525110960007,0.11032717674970627,0.5110607147216797,0.7093645334243774,0.711526095867157,0.35213503241539,0.025203675031661987,0.025203675031661987,0.2927927076816559,-1.6121771335601807,0.8099799752235413,0.0,-0.2675890326499939,-0.2675890326499939,0.055163588374853134,0.055163588374853134,0.0746259018778801,1.2440320253372192,-0.5126543641090393,0.0,-0.019462313503026962,-0.019462313503026962,0.25553035736083984,0.25553035736083984,0.08317632973194122,-0.04396755248308182,-1.3557676076889038,0.0,0.17235402762889862,0.17235402762889862,0.4965551793575287,0.4965551793575287,0.19923333823680878,1.3708040714263916,-1.2745193243026733,0.0,0.2973218411207199,0.2973218411207199,0.3557630479335785,0.3557630479335785,0.19255970418453217,0.3621654212474823,0.1770690232515335,0.0,0.16320334374904633,0.16320334374904633,0.176067516207695,0.176067516207695,0.06109694391489029,1.9630681276321411,0.07916094362735748,0.0,0.11497057229280472,0.11497057229280472
1009,33.63333333333333,24,0,0,,4,uneven rough,11,0.0,102.15535736083984,35.70528030395508,0.5026255249977112,-0.16983957588672638,-0.5503838658332825,-0.16983957588672638,-0.5503838658332825,0.7771276235580444,1.1726922988891602,0.3333333432674408,0.0658780187368393,0.18368712067604065,-0.08491978794336319,-0.27519193291664124,0.11383503675460815,-0.28245291113853455,0.40097615122795105,0.5034191608428955,0.17144154012203217,0.20963314175605774,0.07968452572822571,0.07968452572822571,0.24078558385372162,-1.9918769598007202,1.2661552429199219,0.0,-0.1611010581254959,-0.1611010581254959,-0.4519246518611908,-0.4519246518611908,-0.15911325812339783,0.10100056231021881,-0.9007229804992676,0.0,-0.29281139373779297,-0.29281139373779297,0.20048807561397552,0.20048807561397552,0.19205671548843384,0.737364649772644,0.355185329914093,0.0,0.008431360125541687,0.008431360125541687,0.35239341855049133,0.35239341855049133,0.20776289701461792,1.9263582229614258,0.873925507068634,0.0,0.1446305215358734,0.1446305215358734,0.08572077006101608,0.08572077006101608,0.032904572784900665,1.9937715530395508,0.8444376587867737,0.0,0.05281619727611542,0.05281619727611542,0.10481657087802887,0.10481657087802887,0.037770118564367294,0.6859185099601746,-1.0639368295669556,0.0,0.06704645231366158,0.06704645231366158
1010,33.666666666666664,4,0,0,,4,uneven rough,5,0.0,52.56979751586914,29.885801315307617,0.3338035047054291,1.3669317960739136,0.6983434557914734,1.3669317960739136,0.6983434557914734,5.6826629638671875,1.2629741430282593,0.3333333432674408,0.09260810911655426,0.04022069647908211,0.6834658980369568,0.3491717278957367,0.17574626207351685,-0.16197606921195984,0.2825031578540802,0.3556983768939972,0.305415540933609,-0.4787046015262604,0.12302238494157791,0.12302238494157791,0.1790062040090561,-1.722771406173706,-0.6227074265480042,0.0,-0.05598381906747818,-0.05598381906747818,-0.25916171073913574,-0.25916171073913574,0.05174786224961281,-1.01511812210083,-0.8603192567825317,0.0,-0.31090957298874855,-0.31090957298874855,0.1412515789270401,0.1412515789270401,0.08797156065702438,0.06622526049613953,-0.7786259651184082,0.0,0.05328001827001572,0.05328001827001572,0.24898886680603027,0.24898886680603027,0.35800111293792725,-1.4174025058746338,1.0911630392074585,0.0,-0.10901224613189697,-0.10901224613189697,0.1527077704668045,0.1527077704668045,0.1420554667711258,0.7451902627944946,0.047595277428627014,0.0,0.010652303695678711,0.010652303695678711,-0.2393523007631302,-0.2393523007631302,0.02563311718404293,-1.4347916841506958,-0.5056473016738892,0.0,-0.2649854179471731,-0.2649854179471731
1010,33.666666666666664,14,0,0,,4,uneven rough,5,0.0,53.66309356689453,32.52496337890625,0.18032775819301605,1.471786379814148,0.2590404152870178,1.471786379814148,0.2590404152870178,6.117732048034668,2.162950038909912,0.3333333432674408,0.008069207891821861,0.11170285195112228,0.735893189907074,0.1295202076435089,0.3508097529411316,0.10320311784744263,0.05282444879412651,0.5243027210235596,0.530117928981781,0.06039056554436684,0.24556683003902435,0.24556683003902435,0.23117882013320923,-1.6729013919830322,-0.5595119595527649,0.0,0.014388009905815125,0.014388009905815125,0.051601558923721313,0.051601558923721313,0.10143624991178513,-0.36551785469055176,0.48057928681373596,0.0,-0.04983469098806381,-0.04983469098806381,0.026412224397063255,0.026412224397063255,0.038462769240140915,-1.4538298845291138,-0.6140734553337097,0.0,-0.01205054484307766,-0.01205054484307766,0.3670119047164917,0.3670119047164917,0.2521686851978302,1.7110317945480347,0.22115126252174377,0.0,0.1148432195186615,0.1148432195186615,0.2650589644908905,0.2650589644908905,0.2212226539850235,0.524255096912384,0.28172287344932556,0.0,0.043836310505867004,0.043836310505867004,0.03019528277218342,0.03019528277218342,0.07367396354675293,0.10034886002540588,1.1443254947662354,0.0,-0.04347868077456951,-0.04347868077456951
1010,33.666666666666664,24,0,0,,4,uneven rough,11,0.0,102.18881225585938,35.71664047241211,0.5013611316680908,0.5381925702095032,0.17544397711753845,0.5381925702095032,0.17544397711753845,3.9596481323242188,2.715261220932007,0.5,0.10789116472005844,0.10669969022274017,0.2690962851047516,0.08772198855876923,0.5651760101318359,0.17477218806743622,0.37387874722480774,0.5156576037406921,0.21155542135238647,0.1769724041223526,0.39562320709228516,0.39562320709228516,0.26661571860313416,1.9492721557617188,-0.5759420394897461,0.0,0.129007488489151,0.129007488489151,0.08738609403371811,0.08738609403371811,-0.09893906861543655,1.9477341175079346,-0.3343466818332672,0.0,0.18632516264915466,0.18632516264915466,0.18693937361240387,0.18693937361240387,0.19216054677963257,-0.8346784114837646,0.5712701678276062,0.0,-0.005221173167228699,-0.005221173167228699,0.36096030473709106,0.36096030473709106,0.2683912217617035,1.9831794500350952,1.4689728021621704,0.0,0.09256908297538757,0.09256908297538757,0.10577771067619324,0.10577771067619324,0.096266970038414,0.8892587423324585,1.494273066520691,0.0,0.009510740637779236,0.009510740637779236,0.0884862020611763,0.0884862020611763,0.05783305689692497,0.886920690536499,-0.07456547021865845,0.0,0.030653145164251328,0.030653145164251328
1011,33.7,4,0,0,,4,uneven rough,5,0.0,52.60892105102539,29.90521240234375,0.3370722830295563,1.7318401336669922,-0.1161373034119606,1.7318401336669922,-0.1161373034119606,5.2498779296875,4.284029960632324,0.5,0.32614246010780334,0.18056288361549377,0.8659200668334961,-0.0580686517059803,0.8142273426055908,0.025398897007107735,0.3249262869358063,0.26125770807266235,0.059254374355077744,-0.4395955801010132,0.5699591040611267,0.5699591040611267,0.22119717299938202,1.9116705656051636,-1.2446855306625366,0.0,0.3487619310617447,0.3487619310617447,0.012699448503553867,0.012699448503553867,0.010533679276704788,-0.4590962529182434,-0.9478428363800049,0.0,0.002165769226849079,0.002165769226849079,0.16246314346790314,0.16246314346790314,0.12287633121013641,1.4533215761184692,-0.30094558000564575,0.0,0.039586812257766724,0.039586812257766724,0.18288038671016693,0.18288038671016693,0.28947913646698,-1.8038177490234375,-0.32718440890312195,0.0,-0.10659874975681305,-0.10659874975681305,0.029627187177538872,0.029627187177538872,0.08907457441091537,-1.8611526489257812,0.44201672077178955,0.0,-0.0594473872333765,-0.0594473872333765,-0.2197977900505066,-0.2197977900505066,0.00784397404640913,0.3319658637046814,-1.03098726272583,0.0,-0.22764176409691572,-0.22764176409691572
1011,33.7,14,0,0,,4,uneven rough,5,0.0,53.6945686340332,32.54451370239258,0.18637225031852722,1.4565324783325195,0.888779878616333,1.4565324783325195,0.888779878616333,7.5607500076293945,2.489457607269287,0.3333333432674408,-0.16783219575881958,0.015459960326552391,0.7282662391662598,0.4443899393081665,0.43386197090148926,-0.04398906230926514,-0.055151231586933136,0.2882970869541168,0.1994180977344513,0.32753849029541016,0.3037033677101135,0.3037033677101135,0.28492558002471924,2.000131845474243,-1.1890243291854858,0.0,0.018777787685394287,0.018777787685394287,-0.0703824982047081,-0.0703824982047081,0.03609321266412735,-1.0529438257217407,0.0021944420877844095,0.0,-0.10647571086883545,-0.10647571086883545,-0.027575615793466568,-0.027575615793466568,-0.021947074681520462,-2.0002706050872803,-1.088873267173767,0.0,-0.005628541111946106,-0.005628541111946106,0.20180796086788177,0.20180796086788177,0.20376738905906677,-1.5085108280181885,1.0635323524475098,0.0,-0.0019594281911849976,-0.0019594281911849976,0.09970904886722565,0.09970904886722565,0.1590922772884369,-1.8695460557937622,0.41885101795196533,0.0,-0.05938322842121124,-0.05938322842121124,0.16376924514770508,0.16376924514770508,0.12537118792533875,1.0220853090286255,0.5540592670440674,0.0,0.03839805722236633,0.03839805722236633
1011,33.7,24,0,0,,4,uneven rough,11,0.0,102.21849822998047,35.734649658203125,0.4988633096218109,0.7245937585830688,0.05500408262014389,0.7245937585830688,0.05500408262014389,3.5326857566833496,0.18643072247505188,0.1666666716337204,0.06929312646389008,0.3079460859298706,0.3622968792915344,0.027502041310071945,-0.30767861008644104,0.461887389421463,0.6363081932067871,0.6606836318969727,0.2899516522884369,-0.056104741990566254,-0.21537502110004425,-0.21537502110004425,0.23433738946914673,-1.8721117973327637,0.8518185615539551,0.0,-0.449712410569191,-0.449712410569191,0.2309436947107315,0.2309436947107315,-0.03129701316356659,1.789128065109253,0.9559459090232849,0.0,0.2622407078742981,0.2622407078742981,0.31815409660339355,0.31815409660339355,0.21055765450000763,0.8889468908309937,-0.22365568578243256,0.0,0.10759644210338593,0.10759644210338593,0.46247854828834534,0.46247854828834534,0.338841050863266,1.9698289632797241,1.7597061395645142,0.0,0.12363749742507935,0.12363749742507935,0.14497582614421844,0.14497582614421844,0.15034346282482147,0.6909480690956116,1.1521968841552734,0.0,-0.005367636680603027,-0.005367636680603027,-0.028052370995283127,-0.028052370995283127,0.008491404354572296,-1.628124713897705,0.4690605401992798,0.0,-0.03654377534985542,-0.03654377534985542
1012,33.733333333333334,4,0,0,,4,uneven rough,5,0.0,52.65155792236328,29.92624282836914,0.3469206690788269,1.5319244861602783,-0.40968751907348633,1.5319244861602783,-0.40968751907348633,2.6878535747528076,3.0109927654266357,0.5,-0.03587339445948601,0.07245403528213501,0.7659622430801392,-0.20484375953674316,0.37547269463539124,0.27443331480026245,0.6478395462036133,0.10503371059894562,0.21758924424648285,-0.38328543305397034,0.2628308832645416,0.2628308832645416,0.2811964452266693,1.1572836637496948,0.539923906326294,0.0,-0.018365561962127686,-0.018365561962127686,0.13721665740013123,0.13721665740013123,0.07643462717533112,1.9840009212493896,-0.6715046167373657,0.0,0.06078203022480011,0.06078203022480011,0.32391977310180664,0.32391977310180664,0.1911044418811798,1.9990018606185913,0.6909202337265015,0.0,0.13281533122062683,0.13281533122062683,0.07352359592914581,0.07352359592914581,0.22562383115291595,-1.7268675565719604,-1.1620755195617676,0.0,-0.15210023522377014,-0.15210023522377014,0.10879462212324142,0.10879462212324142,0.1000896692276001,0.2004508078098297,-0.8601993918418884,0.0,0.008704952895641327,0.008704952895641327,-0.19164271652698517,-0.19164271652698517,-0.021338893100619316,-0.6622148156166077,-0.2603711187839508,0.0,-0.17030382342636585,-0.17030382342636585
1012,33.733333333333334,14,0,0,,4,uneven rough,5,0.0,53.724666595458984,32.56702423095703,0.18914923071861267,1.699122667312622,0.23405231535434723,1.699122667312622,0.23405231535434723,6.485384941101074,6.51455020904541,0.5,0.061080776154994965,0.09406928718090057,0.849561333656311,0.11702615767717361,-0.0005013830377720296,0.03585322946310043,0.6776583194732666,0.38516777753829956,0.40704721212387085,-0.20326924324035645,-0.00035096812644042075,-0.00035096812644042075,0.23177891969680786,-1.7342517375946045,0.6141303181648254,0.0,-0.23212988782324828,-0.23212988782324828,0.017926614731550217,0.017926614731550217,0.04268545284867287,-0.30124926567077637,-0.594382643699646,0.0,-0.02475883811712265,-0.02475883811712265,0.3388291597366333,0.3388291597366333,0.02432991750538349,2.000000238418579,-1.6041789054870605,0.0,0.3144992422312498,0.3144992422312498,0.2696174383163452,0.2696174383163452,0.26593685150146484,1.741318941116333,-0.3907054662704468,0.0,0.003680586814880371,0.003680586814880371,0.20352360606193542,0.20352360606193542,0.17099034786224365,0.7204460501670837,-0.8750128149986267,0.0,0.03253325819969177,0.03253325819969177,-0.10163462162017822,-0.10163462162017822,0.11811262369155884,-1.1045007705688477,0.8186820149421692,0.0,-0.21974724531173706,-0.21974724531173706
1012,33.733333333333334,24,0,0,,4,uneven rough,11,0.0,102.24536895751953,35.75456237792969,0.49859392642974854,0.3509359061717987,0.2282298356294632,0.3509359061717987,0.2282298356294632,2.861924648284912,1.2269902229309082,0.3333333432674408,-0.010180394165217876,0.12512454390525818,0.17546795308589935,0.1141149178147316,0.509329080581665,-0.21659837663173676,0.38744762539863586,0.41985151171684265,-0.05741984024643898,0.1209854930639267,0.3565303385257721,0.3565303385257721,0.2864881455898285,1.9958109855651855,-0.6882965564727783,0.0,0.0700421929359436,0.0700421929359436,-0.3465574085712433,-0.3465574085712433,-0.06823991984128952,-0.5174694657325745,1.4270286560058594,0.0,-0.27831748872995377,-0.27831748872995377,0.19372381269931793,0.19372381269931793,0.19517600536346436,-0.8319080471992493,0.40541180968284607,0.0,-0.0014521926641464233,-0.0014521926641464233,0.29389604926109314,0.29389604926109314,0.28979331254959106,-1.768688678741455,1.8785099983215332,0.0,0.004102736711502075,0.004102736711502075,-0.09187174588441849,-0.09187174588441849,0.07444601505994797,-1.8632824420928955,0.8914059400558472,0.0,-0.16631776094436646,-0.16631776094436646,0.06049274653196335,0.06049274653196335,0.003877915907651186,-0.31488972902297974,-0.7166917324066162,0.0,0.05661483062431216,0.05661483062431216
1013,33.766666666666666,4,0,0,,4,uneven rough,5,0.0,52.69303894042969,29.94667625427246,0.35287103056907654,1.4632019996643066,0.3044475317001343,1.4632019996643066,0.3044475317001343,3.848261594772339,1.8193409442901611,0.3333333432674408,-0.3027905821800232,0.12542934715747833,0.7316009998321533,0.15222376585006714,0.5373041033744812,0.28578606247901917,0.24614235758781433,0.1869831085205078,0.3930295705795288,-0.3795604705810547,0.3761128783226013,0.3761128783226013,0.3479563295841217,1.9672847986221313,0.8889802098274231,0.0,0.028156548738479614,0.028156548738479614,0.14289303123950958,0.14289303123950958,0.14030596613883972,1.777208924293518,0.8299229741096497,0.0,0.002587065100669861,0.002587065100669861,0.12307117879390717,0.12307117879390717,0.16450656950473785,-1.907287359237671,1.4305119514465332,0.0,-0.04143539071083069,-0.04143539071083069,0.1308881789445877,0.1308881789445877,0.15986000001430511,-1.8718088865280151,-1.4814099073410034,0.0,-0.028971821069717407,-0.028971821069717407,0.1965147852897644,0.1965147852897644,0.1466829478740692,1.789614200592041,-0.2605058550834656,0.0,0.04983183741569519,0.04983183741569519,-0.18978023529052734,-0.18978023529052734,-0.06020783632993698,-0.9546219706535339,-0.4875742495059967,0.0,-0.12957239896059036,-0.12957239896059036
1013,33.766666666666666,14,0,0,,4,uneven rough,5,0.0,53.75754165649414,32.59036636352539,0.1931690275669098,1.237116813659668,0.09087317436933517,1.237116813659668,0.09087317436933517,6.079362392425537,2.1242876052856445,0.1666666716337204,-0.06004884093999863,0.03570398688316345,0.618558406829834,0.04543658718466759,0.5742009878158569,0.20935720205307007,0.31763967871665955,0.41632288694381714,0.18912295997142792,-0.04613625630736351,0.4019406735897064,0.4019406735897064,0.2779777944087982,1.5703380107879639,-0.7136490941047668,0.0,0.1239628791809082,0.1239628791809082,0.10467860102653503,0.10467860102653503,0.08550557494163513,1.5793262720108032,-0.4286445081233978,0.0,0.019173026084899902,0.019173026084899902,0.15881983935832977,0.15881983935832977,0.05973860248923302,-0.9379309415817261,0.43363043665885925,0.0,0.09908123686909676,0.09908123686909676,0.29142600297927856,0.29142600297927856,0.2824633717536926,0.827010989189148,0.8147449493408203,0.0,0.008962631225585938,0.008962631225585938,0.09456147998571396,0.09456147998571396,0.1322210431098938,-1.5446313619613647,0.02706248313188553,0.0,-0.03765956312417984,-0.03765956312417984,-0.023068128153681755,-0.023068128153681755,0.05882468447089195,-0.6807880997657776,-0.26868897676467896,0.0,-0.08189281262457371,-0.08189281262457371
1013,33.766666666666666,24,0,0,,4,uneven rough,11,0.0,102.26947021484375,35.781829833984375,0.5063822269439697,0.9320339560508728,-0.5097112655639648,0.9320339560508728,-0.5097112655639648,2.8577287197113037,0.8682953715324402,0.3333333432674408,0.210615873336792,0.13072703778743744,0.4660169780254364,-0.2548556327819824,-0.3476262092590332,0.033504024147987366,0.853013813495636,0.20004040002822876,-0.025236589834094048,-0.11764731258153915,-0.24333834648132324,-0.24333834648132324,0.2668102979660034,-1.5361671447753906,0.8293026685714722,0.0,-0.5101486444473267,-0.5101486444473267,0.016752012073993683,0.016752012073993683,-0.015914980322122574,1.8018618822097778,0.3276059627532959,0.0,0.03266699239611626,0.03266699239611626,0.426506906747818,0.426506906747818,0.24179178476333618,1.854887843132019,-0.2941710650920868,0.0,0.1847151219844818,0.1847151219844818,0.14002828299999237,0.14002828299999237,0.23425614833831787,-1.9878288507461548,-0.18362267315387726,0.0,-0.0942278653383255,-0.0942278653383255,-0.040378544479608536,-0.040378544479608536,0.030058519914746284,-1.8591526746749878,-0.6660997867584229,0.0,-0.07043706439435482,-0.07043706439435482,-0.05882365629076958,-0.05882365629076958,-0.03723544999957085,-1.3116306066513062,-0.489512175321579,0.0,-0.02158820629119873,-0.02158820629119873
1014,33.8,4,0,0,,4,uneven rough,5,0.0,52.73176956176758,29.96417999267578,0.3525521159172058,1.2064151763916016,0.980789303779602,1.2064151763916016,0.980789303779602,3.5046262741088867,1.556879997253418,0.3333333432674408,-0.3504243791103363,0.22168222069740295,0.6032075881958008,0.490394651889801,0.43544939160346985,0.34747278690338135,0.3585313856601715,0.38308024406433105,0.41281986236572266,-0.25440943241119385,0.30481457710266113,0.30481457710266113,0.3100551664829254,-1.5725313425064087,1.4986555576324463,0.0,-0.005240589380264282,-0.005240589380264282,0.17373639345169067,0.17373639345169067,0.18461693823337555,0.20621928572654724,1.3655201196670532,0.0,-0.010880544781684875,-0.010880544781684875,0.17926569283008575,0.17926569283008575,0.15963131189346313,1.0766292810440063,-0.45668578147888184,0.0,0.01963438093662262,0.01963438093662262,0.26815617084503174,0.26815617084503174,0.21365977823734283,1.9392943382263184,-1.7021422386169434,0.0,0.054496392607688904,0.054496392607688904,0.20640993118286133,0.20640993118286133,0.19601377844810486,0.4656345248222351,0.8986356854438782,0.0,0.01039615273475647,0.01039615273475647,-0.12720471620559692,-0.12720471620559692,-0.09201105684041977,-0.45275673270225525,-0.7516438961029053,0.0,-0.035193659365177155,-0.035193659365177155
1014,33.8,14,0,0,,4,uneven rough,5,0.0,53.795555114746094,32.613224029541016,0.19544342160224915,1.3413078784942627,0.8983088731765747,1.3413078784942627,0.8983088731765747,4.179431438446045,6.770937919616699,0.5,0.18000441789627075,0.18200576305389404,0.6706539392471313,0.44915443658828735,-0.2714172303676605,0.45099857449531555,0.34363269805908203,0.6448904275894165,0.49507302045822144,-0.31626003980636597,-0.1899920552968979,-0.1899920552968979,0.2361210435628891,-1.5530548095703125,0.5777212977409363,0.0,-0.426113098859787,-0.426113098859787,0.22549928724765778,0.22549928724765778,0.15055300295352936,1.8471449613571167,0.7066657543182373,0.0,0.07494628429412842,0.07494628429412842,0.17181634902954102,0.17181634902954102,0.09849825501441956,1.6527661085128784,-0.3418528139591217,0.0,0.07331809401512146,0.07331809401512146,0.4514232873916626,0.4514232873916626,0.35459116101264954,1.9506933689117432,0.8216801881790161,0.0,0.09683212637901306,0.09683212637901306,0.24753651022911072,0.24753651022911072,0.1923438459634781,1.952473759651184,-0.8615760207176208,0.0,0.05519266426563263,0.05519266426563263,-0.15813001990318298,-0.15813001990318298,0.04761732369661331,0.373375803232193,-0.5016905665397644,0.0,-0.2057473435997963,-0.2057473435997963
1014,33.8,24,0,0,,4,uneven rough,11,0.0,102.29258728027344,35.80792999267578,0.507331132888794,0.41584131121635437,-0.5599839687347412,0.41584131121635437,-0.5599839687347412,3.211966037750244,0.728131890296936,0.1666666716337204,0.04480886459350586,0.2312508523464203,0.20792065560817719,-0.2799919843673706,0.6396193504333496,-0.32167571783065796,0.5928065776824951,-0.5925079584121704,-0.13214829564094543,-0.4839715361595154,0.4477335512638092,0.4477335512638092,0.2988869845867157,1.7509043216705322,-0.5081381797790527,0.0,0.1488465666770935,0.1488465666770935,-0.5146811604499817,-0.5146811604499817,-0.04172522947192192,-1.2297877073287964,1.1611528396606445,0.0,-0.47295593097805977,-0.47295593097805977,0.29640328884124756,0.29640328884124756,0.24856288731098175,-0.5507996678352356,0.9209107160568237,0.0,0.04784040153026581,0.04784040153026581,-0.41475555300712585,-0.41475555300712585,0.16308344900608063,-1.9419885873794556,-1.2037240266799927,0.0,-0.5778390020132065,-0.5778390020132065,-0.21143727004528046,-0.21143727004528046,-0.03685050830245018,-1.0626156330108643,-1.3406540155410767,0.0,-0.17458676174283028,-0.17458676174283028,-0.2419857680797577,-0.2419857680797577,-0.05324074998497963,-0.6928896903991699,-0.9543393850326538,0.0,-0.18874501809477806,-0.18874501809477806
1015,33.833333333333336,4,0,0,,4,uneven rough,5,0.0,52.772640228271484,29.97681427001953,0.3532450199127197,1.5448395013809204,1.1365766525268555,1.5448395013809204,1.1365766525268555,6.9105658531188965,1.70512056350708,0.3333333432674408,-0.5009201169013977,0.17613045871257782,0.7724197506904602,0.5682883262634277,0.7324637174606323,0.4445755183696747,0.016813984140753746,0.4411991834640503,-0.18222707509994507,0.3385680317878723,0.5127245783805847,0.5127245783805847,0.33895495533943176,1.6577309370040894,-0.2377990335226059,0.0,0.17376962304115295,0.17376962304115295,0.22228775918483734,0.22228775918483734,0.2126595675945282,1.5430711507797241,0.7100493311882019,0.0,0.009628191590309143,0.009628191590309143,0.008406992070376873,0.008406992070376873,0.10372130572795868,-1.988417625427246,0.41025328636169434,0.0,-0.0953143136575818,-0.0953143136575818,0.3088394105434418,0.3088394105434418,0.26288434863090515,1.9347337484359741,0.3567325472831726,0.0,0.04595506191253662,0.04595506191253662,-0.29156333208084106,-0.29156333208084106,0.14444762468338013,-2.000001907348633,0.6538160443305969,0.0,-0.4360109567642212,-0.4360109567642212,0.16928401589393616,0.16928401589393616,-0.03893275186419487,1.962380290031433,-0.5826525688171387,0.0,0.20821676775813103,0.20821676775813103
1015,33.833333333333336,14,0,0,,4,uneven rough,5,0.0,53.8344841003418,32.63673400878906,0.1950434446334839,1.5860073566436768,0.634941816329956,1.5860073566436768,0.634941816329956,7.146268844604492,0.6990677714347839,0.3333333432674408,0.4357801675796509,0.15713374316692352,0.7930036783218384,0.317470908164978,0.4377050995826721,0.38478168845176697,-0.1670907437801361,0.5849076509475708,0.3507392406463623,-0.17907454073429108,0.306393563747406,0.306393563747406,0.26756343245506287,1.4348758459091187,-0.6270233392715454,0.0,0.03883013129234314,0.03883013129234314,0.19239084422588348,0.19239084422588348,0.19762206077575684,2.0008702278137207,1.3514947891235352,0.0,-0.005231216549873352,-0.005231216549873352,-0.08354537189006805,-0.08354537189006805,0.039817214012145996,-0.36522161960601807,0.7859082818031311,0.0,-0.12336258590221405,-0.12336258590221405,0.40943536162376404,0.40943536162376404,0.3910975158214569,1.1361846923828125,1.4600262641906738,0.0,0.01833784580230713,0.01833784580230713,0.17536962032318115,0.17536962032318115,0.17688368260860443,-1.3529819250106812,0.7294927835464478,0.0,-0.0015140622854232788,-0.0015140622854232788,-0.08953727036714554,-0.08953727036714554,-0.011246953159570694,-0.9059341549873352,-0.006926471833139658,0.0,-0.07829031720757484,-0.07829031720757484
1015,33.833333333333336,24,0,0,,4,uneven rough,11,0.0,102.31505584716797,35.831851959228516,0.5084126591682434,0.07664549350738525,-1.4393322467803955,0.07664549350738525,-1.4393322467803955,3.0238494873046875,6.6666669845581055,0.3333333432674408,0.2829168736934662,0.0581902340054512,0.03832274675369263,-0.7196661233901978,0.07207365334033966,-0.13812300562858582,0.6172609329223633,0.06190234795212746,0.21899853646755219,-0.17385044693946838,0.05045155808329582,0.05045155808329582,0.2662959396839142,-1.7449198961257935,0.7691285014152527,0.0,-0.21584438160061836,-0.21584438160061836,-0.22099681198596954,-0.22099681198596954,-0.051477160304784775,0.1467333436012268,-0.19068925082683563,0.0,-0.16951965168118477,-0.16951965168118477,0.30863046646118164,0.30863046646118164,0.2821374833583832,1.3346281051635742,0.08880302309989929,0.0,0.026492983102798462,0.026492983102798462,0.04333164170384407,0.04333164170384407,0.12366481125354767,-1.7153515815734863,-1.6211401224136353,0.0,-0.0803331695497036,-0.0803331695497036,0.10949926823377609,0.10949926823377609,-0.044173114001750946,0.4753623604774475,-1.1834505796432495,0.0,0.15367238223552704,0.15367238223552704,-0.08692522346973419,-0.08692522346973419,-0.06815235316753387,-0.22151455283164978,-0.8065152764320374,0.0,-0.018772870302200317,-0.018772870302200317
1016,33.86666666666667,4,0,0,,4,uneven rough,5,0.0,52.811466217041016,29.99513053894043,0.3608863949775696,1.3900527954101562,1.314210057258606,1.3900527954101562,1.314210057258606,7.0235114097595215,0.0,0.0,-0.24993360042572021,0.3796462416648865,0.6950263977050781,0.657105028629303,-0.5780925154685974,0.7235250473022461,0.7268170118331909,0.7087634801864624,0.10106611996889114,0.2477608323097229,-0.4046647548675537,-0.4046647548675537,0.32889324426651,-1.168538212776184,0.8339369893074036,0.0,-0.7335579991340637,-0.7335579991340637,0.36176252365112305,0.36176252365112305,0.27999311685562134,1.9923468828201294,1.1810413599014282,0.0,0.08176940679550171,0.08176940679550171,0.36340850591659546,0.36340850591659546,0.12003860622644424,1.3742866516113281,-0.9459595680236816,0.0,0.24336989969015121,0.24336989969015121,0.4961344301700592,0.4961344301700592,0.33658602833747864,1.9955992698669434,1.2489372491836548,0.0,0.15954840183258057,0.15954840183258057,0.05053305998444557,0.05053305998444557,0.09874845296144485,-1.9842710494995117,-0.846657395362854,0.0,-0.04821539297699928,-0.04821539297699928,0.12388041615486145,0.12388041615486145,0.028988411650061607,1.992971420288086,0.8563135862350464,0.0,0.09489200450479984,0.09489200450479984
1016,33.86666666666667,14,0,0,,4,uneven rough,5,0.0,53.8703498840332,32.66487503051758,0.20199570059776306,1.7500624656677246,0.6434699892997742,1.7500624656677246,0.6434699892997742,8.636466979980469,1.5118173360824585,0.1666666716337204,0.5734840631484985,0.2168346345424652,0.8750312328338623,0.3217349946498871,-0.09134113043546677,0.45147615671157837,0.04409494623541832,0.1996937394142151,0.07553668320178986,-0.016373924911022186,-0.06393878906965256,-0.06393878906965256,0.26819542050361633,-0.6539884209632874,0.5387781262397766,0.0,-0.3321342095732689,-0.3321342095732689,0.22573807835578918,0.22573807835578918,0.22374208271503448,-0.10344751179218292,1.7186528444290161,0.0,0.0019959956407546997,0.0019959956407546997,0.02204747311770916,0.02204747311770916,0.005144969094544649,-0.7633055448532104,0.13505738973617554,0.0,0.01690250402316451,0.01690250402316451,0.13978561758995056,0.13978561758995056,0.3771560788154602,-1.1706253290176392,1.2769256830215454,0.0,-0.23737046122550964,-0.23737046122550964,0.03776834160089493,0.03776834160089493,0.11278527230024338,-1.8936705589294434,-0.44794216752052307,0.0,-0.07501693069934845,-0.07501693069934845,-0.008186962455511093,-0.008186962455511093,-0.007230288814753294,0.9819334149360657,-0.5152270197868347,0.0,-0.0009566736407577991,-0.0009566736407577991
1016,33.86666666666667,24,0,0,,4,uneven rough,11,0.0,102.3401107788086,35.850711822509766,0.510489821434021,0.6867676377296448,-1.1273388862609863,0.6867676377296448,-1.1273388862609863,2.8292577266693115,3.9234910011291504,0.5,0.34512874484062195,0.2870379686355591,0.3433838188648224,-0.5636694431304932,0.9047083854675293,-0.3825578987598419,0.3378804922103882,-0.048708949238061905,0.004861692897975445,0.1852918118238449,0.6332958340644836,0.6332958340644836,0.2999161183834076,1.6750400066375732,-0.6523189544677734,0.0,0.33337971568107605,0.33337971568107605,-0.6120926737785339,-0.6120926737785339,-0.06663838028907776,0.21202629804611206,9.008518100017682e-05,0.0,-0.5454542934894562,-0.5454542934894562,0.1689402461051941,0.1689402461051941,0.22809486091136932,-2.000000238418579,0.7931947708129883,0.0,-0.05915461480617523,-0.05915461480617523,-0.034096263349056244,-0.034096263349056244,0.052796464413404465,-1.9960567951202393,-1.6744074821472168,0.0,-0.08689272776246071,-0.08689272776246071,0.0024308464489877224,0.0024308464489877224,-0.03800073266029358,1.7921870946884155,-0.24555477499961853,0.0,0.0404315791092813,0.0404315791092813,0.09264590591192245,0.09264590591192245,-0.03593611717224121,0.6271923780441284,-0.47575482726097107,0.0,0.12858202308416367,0.12858202308416367
1017,33.9,4,0,0,,4,uneven rough,5,0.0,52.8421630859375,30.026657104492188,0.3616486191749573,1.5172978639602661,1.3520931005477905,1.5172978639602661,1.3520931005477905,5.731637954711914,2.7764511108398438,0.1666666716337204,-0.5041576027870178,0.2390427589416504,0.7586489319801331,0.6760465502738953,0.08584097772836685,0.5956400036811829,0.2212439328432083,0.23160286247730255,-0.22797828912734985,-0.13407200574874878,0.06008868291974068,0.06008868291974068,0.26791706681251526,-1.5292203426361084,-0.29826605319976807,0.0,-0.20782838389277458,-0.20782838389277458,0.29782000184059143,0.29782000184059143,0.3009050190448761,-0.2668396234512329,1.6397550106048584,0.0,-0.003085017204284668,-0.003085017204284668,0.11062196642160416,0.11062196642160416,0.06476669758558273,-1.6863008737564087,0.3659118115901947,0.0,0.04585526883602142,0.04585526883602142,0.1621219962835312,0.1621219962835312,0.3426417112350464,-1.2785385847091675,1.6711013317108154,0.0,-0.1805197149515152,-0.1805197149515152,-0.3647652566432953,-0.3647652566432953,0.04479515552520752,-0.20552724599838257,-1.4898661375045776,0.0,-0.4095604121685028,-0.4095604121685028,-0.06703600287437439,-0.06703600287437439,0.027268407866358757,-1.1783735752105713,1.4989819526672363,0.0,-0.09430441074073315,-0.09430441074073315
1017,33.9,14,0,0,,4,uneven rough,5,0.0,53.89502716064453,32.70090866088867,0.200434610247612,1.54557466506958,0.6671349406242371,1.54557466506958,0.6671349406242371,4.017029762268066,0.8395595550537109,0.31657567620277405,0.6212838888168335,0.12315253913402557,0.77278733253479,0.33356747031211853,0.2345394492149353,0.1861826777458191,0.34532245993614197,0.041010841727256775,0.2580156624317169,-0.5342575907707214,0.16417761147022247,0.16417761147022247,0.2113492339849472,-1.9315643310546875,-0.13561421632766724,0.0,-0.04717162251472473,-0.04717162251472473,0.09309133887290955,0.09309133887290955,0.16837288439273834,-2.0099685192108154,0.6884340643882751,0.0,-0.0752815455198288,-0.0752815455198288,0.17266122996807098,0.17266122996807098,0.04599524289369583,1.4829537868499756,-0.3728786110877991,0.0,0.12666598707437515,0.12666598707437515,0.028707588091492653,0.028707588091492653,0.3339059352874756,-1.775483250617981,-0.10692401975393295,0.0,-0.30519834719598293,-0.30519834719598293,0.12900783121585846,0.12900783121585846,0.12409783154726028,0.587996780872345,-1.26535964012146,0.0,0.004909999668598175,0.004909999668598175,-0.2671287953853607,-0.2671287953853607,0.046327073127031326,1.9864553213119507,0.3312701880931854,0.0,-0.31345586851239204,-0.31345586851239204
1017,33.9,24,0,0,,4,uneven rough,11,0.0,102.37140655517578,35.86228942871094,0.5129508972167969,0.4555071294307709,-0.8583358526229858,0.4555071294307709,-0.8583358526229858,2.086230754852295,2.261704206466675,0.3333333432674408,0.5002233982086182,0.19487136602401733,0.22775356471538544,-0.4291679263114929,0.48264411091804504,0.041464053094387054,0.3768714368343353,0.574089527130127,0.28545093536376953,0.12591534852981567,0.3378508687019348,0.3378508687019348,0.30860304832458496,0.40272295475006104,0.6635739803314209,0.0,0.029247820377349854,0.029247820377349854,0.020732026547193527,0.020732026547193527,-0.003056219080463052,1.9997626543045044,0.11991920322179794,0.0,0.02378824562765658,0.02378824562765658,0.18843571841716766,0.18843571841716766,0.17558501660823822,-0.962689220905304,-0.7860826849937439,0.0,0.012850701808929443,0.012850701808929443,0.40186265110969543,0.40186265110969543,0.09674130380153656,1.63417649269104,-1.8562686443328857,0.0,0.3051213473081589,0.3051213473081589,0.14272546768188477,0.14272546768188477,0.031093239784240723,1.7700791358947754,0.9065881371498108,0.0,0.11163222789764404,0.11163222789764404,0.06295767426490784,0.06295767426490784,0.014863153919577599,1.7358731031417847,0.14785349369049072,0.0,0.04809452034533024,0.04809452034533024
1018,33.93333333333333,4,0,0,,4,uneven rough,5,0.0,52.87746047973633,30.05738639831543,0.34791216254234314,1.8111666440963745,0.8904810547828674,1.8111666440963745,0.8904810547828674,4.866196632385254,4.7735748291015625,0.5,-0.24858920276165009,0.21262693405151367,0.9055833220481873,0.4452405273914337,0.611151933670044,-0.2319718301296234,0.18185001611709595,0.09272382408380508,0.2298627495765686,-0.5041556358337402,0.4278063476085663,0.4278063476085663,0.3203323483467102,1.9806560277938843,-0.9942498207092285,0.0,0.10747399926185608,0.10747399926185608,-0.37115493416786194,-0.37115493416786194,0.2606017589569092,-1.9982935190200806,0.5617629885673523,0.0,-0.6317566931247711,-0.6317566931247711,0.09092500805854797,0.09092500805854797,0.04195936396718025,-0.9050130248069763,-0.7944129109382629,0.0,0.04896564409136772,0.04896564409136772,0.06490667909383774,0.06490667909383774,0.2736895680427551,-1.8491928577423096,0.003369614714756608,0.0,-0.2087828889489174,-0.2087828889489174,0.1149313747882843,0.1149313747882843,0.10482344776391983,2.033517837524414,-0.7636985778808594,0.0,0.010107927024364471,0.010107927024364471,-0.2520778179168701,-0.2520778179168701,0.00047252493095584214,-0.6561940312385559,-0.014799665659666061,0.0,-0.25255034284782596,-0.25255034284782596
1018,33.93333333333333,14,0,0,,4,uneven rough,5,0.0,53.91999816894531,32.73657989501953,0.20023339986801147,1.821073055267334,-0.18285179138183594,1.821073055267334,-0.18285179138183594,5.355032920837402,2.204097270965576,0.5,0.7895617485046387,0.20871703326702118,0.910536527633667,-0.09142589569091797,0.8970696926116943,-0.0872049555182457,-0.053338438272476196,0.10310067236423492,0.39818689227104187,-0.5794944167137146,0.6279487609863281,0.6279487609863281,0.2456727921962738,1.8379968404769897,-1.1510475873947144,0.0,0.3822759687900543,0.3822759687900543,-0.13952793180942535,-0.13952793180942535,0.12950624525547028,-0.547096312046051,-0.8372476100921631,0.0,-0.26903417706489563,-0.26903417706489563,-0.026669219136238098,-0.026669219136238098,0.006266214419156313,-1.672160029411316,0.6764123439788818,0.0,-0.03293543355539441,-0.03293543355539441,0.07217046618461609,0.07217046618461609,0.26247522234916687,-1.9982891082763672,-1.050330400466919,0.0,-0.19030475616455078,-0.19030475616455078,0.19909344613552094,0.19909344613552094,0.1589067578315735,1.7756575345993042,-0.21746857464313507,0.0,0.04018668830394745,0.04018668830394745,-0.2897472083568573,-0.2897472083568573,0.05555998533964157,-0.5646036863327026,1.2671148777008057,0.0,-0.34530719369649887,-0.34530719369649887
1018,33.93333333333333,24,0,0,,4,uneven rough,11,0.0,102.39677429199219,35.87700653076172,0.5160205364227295,0.36062195897102356,-0.7757552862167358,0.36062195897102356,-0.7757552862167358,1.5909208059310913,3.550122022628784,0.3333333432674408,0.39263051748275757,0.18776190280914307,0.18031097948551178,-0.3878776431083679,0.06589578837156296,0.255924791097641,0.5556448698043823,0.7617841362953186,0.198569655418396,0.13718608021736145,0.04612705111503601,0.04612705111503601,0.2493770569562912,-1.9858866930007935,0.5160883665084839,0.0,-0.2032500058412552,-0.2032500058412552,0.1279623955488205,0.1279623955488205,0.06457182765007019,1.984708547592163,1.1827861070632935,0.0,0.0633905678987503,0.0633905678987503,0.27782243490219116,0.27782243490219116,0.2298952043056488,2.000000238418579,-0.8859363198280334,0.0,0.04792723059654236,0.04792723059654236,0.5332489013671875,0.5332489013671875,0.16473376750946045,1.9895292520523071,0.11723527312278748,0.0,0.36851513385772705,0.36851513385772705,0.099284827709198,0.099284827709198,0.08269956707954407,1.09548020362854,1.3948074579238892,0.0,0.01658526062965393,0.01658526062965393,0.06859304010868073,0.06859304010868073,0.059830255806446075,0.476836234331131,1.0457226037979126,0.0,0.00876278430223465,0.00876278430223465
1019,33.96666666666667,4,0,0,,4,uneven rough,5,0.0,52.91396713256836,30.08656883239746,0.3313581347465515,1.7200514078140259,0.317555695772171,1.7200514078140259,0.317555695772171,2.345409870147705,2.9522018432617188,0.3333333432674408,0.1417602151632309,0.15942347049713135,0.8600257039070129,0.1587778478860855,0.6710623502731323,-0.345170795917511,0.45313024520874023,0.21220192313194275,0.5458554029464722,-0.29226940870285034,0.46974363923072815,0.46974363923072815,0.38780227303504944,2.0000174045562744,0.6877672672271729,0.0,0.08194136619567871,0.08194136619567871,-0.5522732734680176,-0.5522732734680176,0.20663787424564362,-1.628221869468689,-0.8856975436210632,0.0,-0.7589111477136612,-0.7589111477136612,0.22656512260437012,0.22656512260437012,0.05411767214536667,0.3506172299385071,-0.8569464087486267,0.0,0.17244745045900345,0.17244745045900345,0.14854134619235992,0.14854134619235992,0.20828844606876373,-1.9966830015182495,-1.0440725088119507,0.0,-0.05974709987640381,-0.05974709987640381,0.2729277014732361,0.2729277014732361,0.17812666296958923,1.997658133506775,0.8178526163101196,0.0,0.09480103850364685,0.09480103850364685,-0.14613470435142517,-0.14613470435142517,-0.021914876997470856,-0.8616229891777039,-0.37744519114494324,0.0,-0.12421982735395432,-0.12421982735395432
1019,33.96666666666667,14,0,0,,4,uneven rough,5,0.0,53.94382858276367,32.76997756958008,0.19901421666145325,1.7955327033996582,-0.5731080770492554,1.7955327033996582,-0.5731080770492554,4.493792533874512,1.8198426961898804,0.3333333432674408,0.6853987574577332,0.09974992275238037,0.8977663516998291,-0.2865540385246277,0.3894385099411011,-0.12043124437332153,0.3662218451499939,0.08303388953208923,0.31788837909698486,-0.6003462076187134,0.2726069390773773,0.2726069390773773,0.2990386486053467,0.9205679893493652,0.5389634370803833,0.0,-0.02643170952796936,-0.02643170952796936,-0.19268999993801117,-0.19268999993801117,0.07085663825273514,-0.723260223865509,-0.6731955409049988,0.0,-0.2635466381907463,-0.2635466381907463,0.18311092257499695,0.18311092257499695,0.05037583038210869,2.0034067630767822,-0.65147465467453,0.0,0.13273509219288826,0.13273509219288826,0.05812372267246246,0.05812372267246246,0.20608244836330414,-1.2819087505340576,-1.5863080024719238,0.0,-0.14795872569084167,-0.14795872569084167,0.15894418954849243,0.15894418954849243,0.15422426164150238,-1.1243849992752075,0.909448504447937,0.0,0.004719927906990051,0.004719927906990051,-0.3001731038093567,-0.3001731038093567,0.02824704721570015,-1.36368727684021,0.23145794868469238,0.0,-0.32842015102505684,-0.32842015102505684
1019,33.96666666666667,24,0,0,,4,uneven rough,11,0.0,102.42118072509766,35.88616180419922,0.5155256986618042,-0.16001851856708527,-0.4431726336479187,-0.16001851856708527,-0.4431726336479187,1.356041669845581,3.6212620735168457,0.3333333432674408,0.19885371625423431,0.11343628168106079,-0.08000925928354263,-0.22158631682395935,0.5618389844894409,-0.026048555970191956,0.18591466546058655,0.5190226435661316,-0.07642720639705658,0.2867618203163147,0.3932872712612152,0.3932872712612152,0.2685619592666626,1.9618676900863647,-0.8985328078269958,0.0,0.12472531199455261,0.12472531199455261,-0.04167769104242325,-0.04167769104242325,0.008549394086003304,-0.3403623402118683,1.6361944675445557,0.0,-0.05022708512842655,-0.05022708512842655,0.09295733273029327,0.09295733273029327,0.1836755871772766,-1.9524495601654053,0.7457773685455322,0.0,-0.09071825444698334,-0.09071825444698334,0.3633158504962921,0.3633158504962921,0.2152109593153,1.3623502254486084,1.1758337020874023,0.0,0.14810489118099213,0.14810489118099213,-0.12228353321552277,-0.12228353321552277,0.0030658820178359747,-2.001368284225464,1.22556734085083,0.0,-0.12534941523335874,-0.12534941523335874,0.14338091015815735,0.14338091015815735,0.09486271440982819,1.5600885152816772,0.7240732312202454,0.0,0.04851819574832916,0.04851819574832916
1020,34.0,4,0,0,,4,uneven rough,5,0.0,52.952735900878906,30.112857818603516,0.3266139626502991,1.8103429079055786,0.0011196358827874064,1.8103429079055786,0.0011196358827874064,1.7882640361785889,1.4093931913375854,0.3333333432674408,0.4186322093009949,0.14952825009822845,0.9051714539527893,0.0005598179413937032,0.5960298776626587,-0.06227846071124077,0.4603717625141144,0.04532083123922348,0.4826452136039734,-0.011736174114048481,0.41722092032432556,0.41722092032432556,0.44722917675971985,1.0477008819580078,1.429715871810913,0.0,-0.030008256435394287,-0.030008256435394287,-0.09964554011821747,-0.09964554011821747,0.18536385893821716,0.4702468514442444,-1.305522084236145,0.0,-0.28500939905643463,-0.28500939905643463,0.2301858812570572,0.2301858812570572,0.08927930146455765,1.499327540397644,-0.1741877645254135,0.0,0.14090657979249954,0.14090657979249954,0.03172457963228226,0.03172457963228226,0.14879480004310608,-1.5049322843551636,-1.5826802253723145,0.0,-0.11707022041082382,-0.11707022041082382,0.2413226068019867,0.2413226068019867,0.2123449295759201,1.3029308319091797,1.4849168062210083,0.0,0.02897767722606659,0.02897767722606659,-0.0058680870570242405,-0.0058680870570242405,-0.012796037830412388,0.5650931596755981,-0.6512001752853394,0.0,0.006927950773388147,0.006927950773388147
1020,34.0,14,0,0,,4,uneven rough,5,0.0,53.961570739746094,32.80508041381836,0.20062962174415588,1.709020972251892,-0.6591824889183044,1.709020972251892,-0.6591824889183044,5.277122974395752,0.8085658550262451,0.3333333432674408,0.9760198593139648,0.10232537984848022,0.854510486125946,-0.3295912444591522,0.29783549904823303,-0.11755004525184631,0.6703559160232544,0.1900155395269394,0.36429718136787415,-0.5935899615287781,0.20848484337329865,0.20848484337329865,0.257636159658432,-1.9611676931381226,0.754723310470581,0.0,-0.04915131628513336,-0.04915131628513336,-0.1880800724029541,-0.1880800724029541,0.03092682734131813,-0.7439116835594177,-0.7015022039413452,0.0,-0.21900689974427223,-0.21900689974427223,0.3351779580116272,0.3351779580116272,0.050274986773729324,0.6618560552597046,0.849600076675415,0.0,0.2849029712378979,0.2849029712378979,0.1330108791589737,0.1330108791589737,0.18116071820259094,-1.032090187072754,-1.4142001867294312,0.0,-0.04814983904361725,-0.04814983904361725,0.18214859068393707,0.18214859068393707,0.15666678547859192,1.0631930828094482,-0.24048461019992828,0.0,0.025481805205345154,0.025481805205345154,-0.29679498076438904,-0.29679498076438904,-0.012695718556642532,-1.2201589345932007,-0.6704400181770325,0.0,-0.2840992622077465,-0.2840992622077465
1020,34.0,24,0,0,,4,uneven rough,11,0.0,102.44759368896484,35.90266418457031,0.5189226269721985,1.470723032951355,-0.017092624679207802,1.470723032951355,-0.017092624679207802,8.274759292602539,8.526552200317383,0.5,0.07564367353916168,0.1982344090938568,0.7353615164756775,-0.008546312339603901,-0.7974550127983093,0.36732590198516846,0.8497720956802368,0.7453285455703735,0.14199845492839813,0.062073078006505966,-0.5582184791564941,-0.5582184791564941,0.22801010310649872,-1.9579732418060303,0.7187427282333374,0.0,-0.7862285822629929,-0.7862285822629929,0.18366295099258423,0.18366295099258423,0.07713393867015839,1.9822584390640259,0.518645703792572,0.0,0.10652901232242584,0.10652901232242584,0.4248860478401184,0.4248860478401184,0.20791788399219513,0.3554859161376953,-0.7798049449920654,0.0,0.21696816384792328,0.21696816384792328,0.5217299461364746,0.5217299461364746,0.2844352722167969,1.8175864219665527,1.2812905311584473,0.0,0.23729467391967773,0.23729467391967773,0.07099922746419907,0.07099922746419907,0.049213286489248276,0.6606308817863464,-0.5989478230476379,0.0,0.02178594097495079,0.02178594097495079,0.031036539003252983,0.031036539003252983,0.07057780027389526,-1.932653546333313,1.1967577934265137,0.0,-0.03954126127064228,-0.03954126127064228
1021,34.03333333333333,4,0,0,,4,uneven rough,5,0.0,52.99180221557617,30.13092613220215,0.3248116970062256,1.7385188341140747,0.4380909502506256,1.7385188341140747,0.4380909502506256,2.4939613342285156,2.6974029541015625,0.3333333432674408,0.584291934967041,0.11480840295553207,0.8692594170570374,0.2190454751253128,0.7212696075439453,0.04004935920238495,0.3000373840332031,0.5302321314811707,0.4594089090824127,0.031868305057287216,0.5048887133598328,0.5048887133598328,0.4661606550216675,1.2869452238082886,1.21372389793396,0.0,0.03872805833816528,0.03872805833816528,0.020024679601192474,0.020024679601192474,0.1355912685394287,-1.0488967895507812,-0.3014991581439972,0.0,-0.11556658893823624,-0.11556658893823624,0.15001869201660156,0.15001869201660156,0.1319051831960678,1.7642501592636108,0.7720208168029785,0.0,0.018113508820533752,0.018113508820533752,0.371162474155426,0.371162474155426,0.18373706936836243,0.7388098835945129,-1.5387213230133057,0.0,0.1874254047870636,0.1874254047870636,0.22970445454120636,0.22970445454120636,0.18907329440116882,-0.6655166745185852,1.3820215463638306,0.0,0.04063116014003754,0.04063116014003754,0.015934152528643608,0.015934152528643608,0.01319801714271307,1.43537175655365,0.036494262516498566,0.0,0.002736135385930538,0.002736135385930538
1021,34.03333333333333,14,0,0,,4,uneven rough,5,0.0,53.98919677734375,32.83412551879883,0.19926825165748596,1.5856351852416992,-0.03557474538683891,1.5856351852416992,-0.03557474538683891,5.401111125946045,4.6603288650512695,0.5,0.8712568283081055,0.23805545270442963,0.7928175926208496,-0.017787372693419456,0.8499082922935486,-0.14282488822937012,0.5956156253814697,0.36344289779663086,0.36364051699638367,-0.4758385121822357,0.5949357748031616,0.5949357748031616,0.2721068561077118,1.2635101079940796,-0.7808462977409363,0.0,0.32282891869544983,0.32282891869544983,-0.22851982712745667,-0.22851982712745667,-0.022015884518623352,-1.8057827949523926,-0.7254806160926819,0.0,-0.2065039426088333,-0.2065039426088333,0.29780781269073486,0.29780781269073486,0.0755465030670166,0.6420627236366272,0.7434492707252502,0.0,0.22226130962371826,0.22226130962371826,0.2544100284576416,0.2544100284576416,0.19199562072753906,1.8499873876571655,-1.1981545686721802,0.0,0.06241440773010254,0.06241440773010254,0.18182025849819183,0.18182025849819183,0.1722233146429062,0.5634931921958923,0.49661707878112793,0.0,0.009596943855285645,0.009596943855285645,-0.23791925609111786,-0.23791925609111786,-0.07045228034257889,-1.8965972661972046,-0.9812520742416382,0.0,-0.16746697574853897,-0.16746697574853897
1021,34.03333333333333,24,0,0,,4,uneven rough,11,0.0,102.4699935913086,35.92449951171875,0.5191401243209839,1.0521647930145264,0.1670737862586975,1.0521647930145264,0.1670737862586975,5.733884811401367,1.8706786632537842,0.3333333432674408,0.27985045313835144,0.07537577301263809,0.5260823965072632,0.08353689312934875,0.27292147278785706,-0.42574334144592285,0.010869987308979034,0.36966824531555176,0.3718753457069397,0.1449824422597885,0.19104503095149994,0.19104503095149994,0.20060773193836212,-0.5387251973152161,-0.7946772575378418,0.0,-0.009562700986862183,-0.009562700986862183,-0.6811893582344055,-0.6811893582344055,0.10421966761350632,2.0000057220458984,1.346174955368042,0.0,-0.7854090258479118,-0.7854090258479118,0.005434993654489517,0.005434993654489517,0.1497487723827362,-1.4445387125015259,-0.1379094421863556,0.0,-0.1443137787282467,-0.1443137787282467,0.2587677538394928,0.2587677538394928,0.2815728783607483,-0.8307449221611023,1.5845131874084473,0.0,-0.022805124521255493,-0.022805124521255493,0.18593767285346985,0.18593767285346985,0.0807642936706543,1.8165462017059326,0.11322023719549179,0.0,0.10517337918281555,0.10517337918281555,0.07249122112989426,0.07249122112989426,0.05418515205383301,1.0947487354278564,-0.5726169347763062,0.0,0.01830606907606125,0.01830606907606125
1022,34.06666666666666,4,0,0,,4,uneven rough,5,0.0,53.027347564697266,30.15334701538086,0.33098918199539185,1.8259276151657104,0.3496847450733185,1.8259276151657104,0.3496847450733185,9.195234298706055,4.655612468719482,0.3333333432674408,0.7451912760734558,0.11918370425701141,0.9129638075828552,0.17484237253665924,0.15439504384994507,0.33633217215538025,0.4039471447467804,0.44065022468566895,0.12502017617225647,0.23402449488639832,0.10807652771472931,0.10807652771472931,0.41388657689094543,-1.8516544103622437,1.2551233768463135,0.0,-0.3058100491762161,-0.3058100491762161,0.16816608607769012,0.16816608607769012,0.15481965243816376,0.7224198579788208,-0.7240791320800781,0.0,0.013346433639526367,0.013346433639526367,0.2019735723733902,0.2019735723733902,0.18169443309307098,1.2053126096725464,1.33302903175354,0.0,0.020279139280319214,0.020279139280319214,0.30845513939857483,0.30845513939857483,0.25258708000183105,1.4682328701019287,-0.25100111961364746,0.0,0.055868059396743774,0.055868059396743774,0.06251008808612823,0.06251008808612823,0.13865309953689575,-1.9504716396331787,0.22433976829051971,0.0,-0.07614301145076752,-0.07614301145076752,0.11701224744319916,0.11701224744319916,0.07398795336484909,-0.8832972049713135,0.8274220824241638,0.0,0.04302429407835007,0.04302429407835007
1022,34.06666666666666,14,0,0,,4,uneven rough,5,0.0,54.01749038696289,32.858848571777344,0.20232197642326355,1.5015509128570557,0.1283937394618988,1.5015509128570557,0.1283937394618988,4.877878189086914,2.4583539962768555,0.4548478126525879,0.7786480784416199,0.14599180221557617,0.7507754564285278,0.0641968697309494,0.21314936876296997,-0.08490017801523209,0.6306496858596802,0.5823079347610474,0.28030723333358765,0.09645982831716537,0.1492045521736145,0.1492045521736145,0.22672997415065765,-1.9989383220672607,0.37503647804260254,0.0,-0.07752542197704315,-0.07752542197704315,-0.1358402818441391,-0.1358402818441391,-0.08588078618049622,-1.9375874996185303,-1.3362853527069092,0.0,-0.04995949566364288,-0.04995949566364288,0.3153248429298401,0.3153248429298401,0.13053986430168152,1.4968969821929932,0.6861251592636108,0.0,0.18478497862815857,0.18478497862815857,0.4076155424118042,0.4076155424118042,0.2589678466320038,1.8569004535675049,0.5252703428268433,0.0,0.14864769577980042,0.14864769577980042,0.14015361666679382,0.14015361666679382,0.12520933151245117,-1.9225002527236938,0.5344289541244507,0.0,0.014944285154342651,0.014944285154342651,0.04822991415858269,0.04822991415858269,-0.020663633942604065,1.9964734315872192,-1.49878990650177,0.0,0.06889354810118675,0.06889354810118675
1022,34.06666666666666,24,0,0,,4,uneven rough,11,0.0,102.49561309814453,35.94560623168945,0.5205519199371338,1.110572099685669,-0.19565549492835999,1.110572099685669,-0.19565549492835999,5.519670009613037,2.5839385986328125,0.3333333432674408,0.2691919207572937,0.14708170294761658,0.5552860498428345,-0.09782774746417999,0.5193815231323242,-0.15356022119522095,-0.10137205570936203,0.16209684312343597,0.2641502022743225,-0.09376507252454758,0.363567054271698,0.363567054271698,0.25924253463745117,1.9632614850997925,-0.649961531162262,0.0,0.10432451963424683,0.10432451963424683,-0.24569635093212128,-0.24569635093212128,0.10430455207824707,1.6448886394500732,1.7158520221710205,0.0,-0.35000090301036835,-0.35000090301036835,-0.050686027854681015,-0.050686027854681015,0.09053368866443634,-1.5280483961105347,-0.8766799569129944,0.0,-0.14121971651911736,-0.14121971651911736,0.11346779018640518,0.11346779018640518,0.21319299936294556,-1.976151704788208,0.21892191469669342,0.0,-0.09972520917654037,-0.09972520917654037,0.13207510113716125,0.13207510113716125,0.08008148521184921,1.3739482164382935,1.0762838125228882,0.0,0.05199361592531204,0.05199361592531204,-0.04688253626227379,-0.04688253626227379,0.004256518557667732,-1.809618592262268,0.37011459469795227,0.0,-0.05113905481994152,-0.05113905481994152
1023,34.1,4,0,0,,4,uneven rough,5,0.0,53.05714797973633,30.178747177124023,0.3281104266643524,1.6607162952423096,1.0851643085479736,1.6607162952423096,1.0851643085479736,5.906764984130859,0.5914720296859741,0.3333333432674408,0.585877537727356,0.08741725981235504,0.8303581476211548,0.5425821542739868,0.4499998092651367,0.2421751171350479,-0.17088787257671356,0.431660532951355,-0.007836323231458664,-0.01861547864973545,0.31499984860420227,0.31499984860420227,0.34716561436653137,-1.9635236263275146,-0.5014543533325195,0.0,-0.0321657657623291,-0.0321657657623291,0.12108755856752396,0.12108755856752396,0.12881873548030853,-1.0371829271316528,0.0937739834189415,0.0,-0.007731176912784576,-0.007731176912784576,-0.08544393628835678,-0.08544393628835678,0.11814045161008835,-1.978139042854309,1.2608180046081543,0.0,-0.20358438789844513,-0.20358438789844513,0.30216237902641296,0.30216237902641296,0.3035821318626404,1.2981467247009277,0.7210568785667419,0.0,-0.001419752836227417,-0.001419752836227417,-0.012538117356598377,-0.012538117356598377,0.06899112462997437,-1.9509960412979126,-1.0053025484085083,0.0,-0.08152924198657274,-0.08152924198657274,-0.009307739324867725,-0.009307739324867725,0.03828535974025726,-1.9704750776290894,-0.13982166349887848,0.0,-0.04759309906512499,-0.04759309906512499
1023,34.1,14,0,0,,4,uneven rough,5,0.0,54.04331588745117,32.88536071777344,0.21311762928962708,1.4098784923553467,0.4135652780532837,1.4098784923553467,0.4135652780532837,7.086183071136475,3.029522657394409,0.5,0.58437579870224,0.06837135553359985,0.7049392461776733,0.20678263902664185,-0.06873619556427002,0.4857114553451538,0.6623518466949463,0.4115821421146393,-0.0884207934141159,0.08895468711853027,-0.048115335404872894,-0.048115335404872894,0.16436998546123505,-1.4710791110992432,-0.9672131538391113,0.0,-0.21248532086610794,-0.21248532086610794,0.2428557276725769,0.2428557276725769,-0.03137454017996788,1.380568265914917,-1.6762627363204956,0.0,0.2742302678525448,0.2742302678525448,0.33117592334747314,0.33117592334747314,0.1971665620803833,1.999681830406189,1.1445369720458984,0.0,0.13400936126708984,0.13400936126708984,0.2881074845790863,0.2881074845790863,0.3118646442890167,0.7056606411933899,1.2781764268875122,0.0,-0.02375715970993042,-0.02375715970993042,-0.14147327840328217,-0.14147327840328217,0.08399266749620438,-1.7242058515548706,-0.8547232151031494,0.0,-0.22546594589948654,-0.22546594589948654,0.04447734355926514,0.04447734355926514,0.015298447571694851,-0.7360712289810181,0.4774382412433624,0.0,0.029178895987570286,0.029178895987570286
1023,34.1,24,0,0,,4,uneven rough,11,0.0,102.5179443359375,35.9658317565918,0.5215919613838196,0.7959842681884766,-0.5471396446228027,0.7959842681884766,-0.5471396446228027,3.866910934448242,1.1911842823028564,0.3333333432674408,0.18910299241542816,0.19097024202346802,0.3979921340942383,-0.27356982231140137,0.20630913972854614,-0.12240446358919144,0.3513067662715912,0.29496023058891296,-0.2505186200141907,-0.3629666268825531,0.14441639184951782,0.14441639184951782,0.2133006453514099,-1.9973855018615723,0.8275594711303711,0.0,-0.06888425350189209,-0.06888425350189209,-0.19584713876247406,-0.19584713876247406,0.050455715507268906,-1.4844276905059814,1.6757291555404663,0.0,-0.24630285426974297,-0.24630285426974297,0.1756533831357956,0.1756533831357956,0.13355417549610138,1.993172526359558,-1.244964838027954,0.0,0.042099207639694214,0.042099207639694214,0.20647215843200684,0.20647215843200684,0.21550269424915314,0.025045260787010193,-1.0221766233444214,0.0,-0.009030535817146301,-0.009030535817146301,-0.4008297920227051,-0.4008297920227051,0.012754693627357483,-1.9704465866088867,1.2445838451385498,0.0,-0.41358448565006256,-0.41358448565006256,-0.18148331344127655,-0.18148331344127655,-0.054159946739673615,-1.9149326086044312,-0.8623104691505432,0.0,-0.12732336670160294,-0.12732336670160294
1024,34.13333333333333,4,0,0,,4,uneven rough,5,0.0,53.08624267578125,30.205528259277344,0.3183490037918091,1.4235866069793701,0.2534761428833008,1.4235866069793701,0.2534761428833008,6.51642370223999,1.2348319292068481,0.3333333432674408,0.6685827970504761,0.0905907154083252,0.7117933034896851,0.1267380714416504,0.41416528820991516,0.03817591816186905,0.38893696665763855,0.40877851843833923,-0.2730732560157776,-0.019631877541542053,0.28991571068763733,0.28991571068763733,0.3009551167488098,-0.8304908275604248,-1.328110933303833,0.0,-0.011039406061172485,-0.011039406061172485,0.019087959080934525,0.019087959080934525,0.06311812251806259,-1.8410334587097168,-0.5456711053848267,0.0,-0.04403016343712807,-0.04403016343712807,0.19446848332881927,0.19446848332881927,0.13823318481445312,0.8959152698516846,-0.5704941153526306,0.0,0.05623529851436615,0.05623529851436615,0.2861449718475342,0.2861449718475342,0.30456677079200745,-0.645098865032196,1.047344446182251,0.0,-0.018421798944473267,-0.018421798944473267,-0.4369172155857086,-0.4369172155857086,0.03477232903242111,0.11346662044525146,-1.5399993658065796,0.0,-0.47168954461812973,-0.47168954461812973,-0.009815938770771027,-0.009815938770771027,0.02400977350771427,-0.31533753871917725,-1.17487633228302,0.0,-0.0338257122784853,-0.0338257122784853
1024,34.13333333333333,14,0,0,,4,uneven rough,5,0.0,54.05780792236328,32.92066192626953,0.22059684991836548,1.0652508735656738,0.5945535898208618,1.0652508735656738,0.5945535898208618,5.599849224090576,0.2781714200973511,0.1666666716337204,0.49486470222473145,0.10098564624786377,0.5326254367828369,0.2972767949104309,-0.15133173763751984,0.09901019185781479,0.35475918650627136,0.2117384374141693,0.16971628367900848,-0.41243788599967957,-0.10593221336603165,-0.10593221336603165,0.11081799119710922,-1.8229025602340698,-1.252099871635437,0.0,-0.21675020456314087,-0.21675020456314087,0.049505095928907394,0.049505095928907394,0.03417360782623291,1.8147485256195068,0.052074987441301346,0.0,0.015331488102674484,0.015331488102674484,0.17737959325313568,0.17737959325313568,0.17992885410785675,-0.538966953754425,1.628037452697754,0.0,-0.0025492608547210693,-0.0025492608547210693,0.14821690320968628,0.14821690320968628,0.27899229526519775,-1.9695066213607788,0.9544749855995178,0.0,-0.13077539205551147,-0.13077539205551147,0.08485814183950424,0.08485814183950424,0.0857890248298645,0.09816280007362366,-1.3463302850723267,0.0,-0.00093088299036026,-0.00093088299036026,-0.20621894299983978,-0.20621894299983978,-0.02893962524831295,-0.30916664004325867,-0.20868219435214996,0.0,-0.17727931775152683,-0.17727931775152683
1024,34.13333333333333,24,0,0,,4,uneven rough,11,0.0,102.54351806640625,35.9873046875,0.5228563547134399,0.8464571237564087,-1.1117973327636719,0.8464571237564087,-1.1117973327636719,4.450468063354492,2.1356472969055176,0.1666666716337204,0.128432959318161,0.1917508840560913,0.42322856187820435,-0.5558986663818359,0.7537580728530884,-0.09246004372835159,0.49784407019615173,0.1986016482114792,-0.3361845910549164,0.08408095687627792,0.527630627155304,0.527630627155304,0.25220271944999695,1.5209264755249023,-0.7696694731712341,0.0,0.275427907705307,0.275427907705307,-0.14793607592582703,-0.14793607592582703,-0.0030599951278418303,-1.1866581439971924,-0.11102921515703201,0.0,-0.1448760807979852,-0.1448760807979852,0.24892203509807587,0.24892203509807587,0.17448802292346954,1.7116509675979614,0.5858837962150574,0.0,0.07443401217460632,0.07443401217460632,0.1390211582183838,0.1390211582183838,0.14563186466693878,-1.8554623126983643,-0.4300754964351654,0.0,-0.006610706448554993,-0.006610706448554993,-0.5378953814506531,-0.5378953814506531,-0.0585252121090889,-1.5700609683990479,-0.5732001066207886,0.0,-0.4793701693415642,-0.4793701693415642,0.04204047843813896,0.04204047843813896,-0.008662312291562557,2.0000016689300537,-1.4574649333953857,0.0,0.05070279072970152,0.05070279072970152
1025,34.166666666666664,4,0,0,,4,uneven rough,5,0.0,53.11894607543945,30.235820770263672,0.31110453605651855,1.5204331874847412,0.7733513712882996,1.5204331874847412,0.7733513712882996,4.643925189971924,1.9654500484466553,0.5,0.8106809854507446,0.09945442527532578,0.7602165937423706,0.3866756856441498,0.6304922103881836,0.07108710706233978,0.18277251720428467,0.324076384305954,0.019433412700891495,-0.14995723962783813,0.4413445293903351,0.4413445293903351,0.35835549235343933,1.9519368410110474,-1.0467556715011597,0.0,0.08298903703689575,0.08298903703689575,0.03554355353116989,0.03554355353116989,0.036477576941251755,-0.030852945521473885,-1.2780712842941284,0.0,-0.0009340234100818634,-0.0009340234100818634,0.09138625860214233,0.09138625860214233,0.09412889182567596,-0.6625295281410217,0.2586163580417633,0.0,-0.0027426332235336304,-0.0027426332235336304,0.22685346007347107,0.22685346007347107,0.23772132396697998,-1.8349714279174805,0.09043397754430771,0.0,-0.010867863893508911,-0.010867863893508911,0.009716706350445747,0.009716706350445747,0.019915452226996422,-0.11074495315551758,-0.6051267385482788,0.0,-0.010198745876550674,-0.010198745876550674,-0.07497861981391907,-0.07497861981391907,-0.026368601247668266,-0.4605768918991089,-0.6888915300369263,0.0,-0.0486100185662508,-0.0486100185662508
1025,34.166666666666664,14,0,0,,4,uneven rough,5,0.0,54.075477600097656,32.95283126831055,0.23371943831443787,1.471364140510559,0.8483519554138184,1.471364140510559,0.8483519554138184,4.515704154968262,3.7883059978485107,0.3333333432674408,0.3456788957118988,0.2501855790615082,0.7356820702552795,0.4241759777069092,0.5314043760299683,0.2154313176870346,0.14397995173931122,-0.05775804445147514,-0.034685082733631134,-0.5277746915817261,0.37198305130004883,0.37198305130004883,0.1475433111190796,1.883885145187378,-1.574832797050476,0.0,0.22443974018096924,0.22443974018096924,0.1077156588435173,0.1077156588435173,0.10030442476272583,1.7191736698150635,1.0486937761306763,0.0,0.007411234080791473,0.007411234080791473,0.07198997586965561,0.07198997586965561,0.11944606155157089,-1.9972028732299805,0.4028092920780182,0.0,-0.04745608568191528,-0.04745608568191528,-0.04043063148856163,-0.04043063148856163,0.20953312516212463,-1.999348521232605,-0.6987494230270386,0.0,-0.24996375665068626,-0.24996375665068626,-0.055496133863925934,-0.055496133863925934,0.02138219028711319,-1.9577325582504272,-0.529611349105835,0.0,-0.07687832415103912,-0.07687832415103912,-0.26388734579086304,-0.26388734579086304,-0.06725296378135681,-1.2819770574569702,-0.26549628376960754,0.0,-0.19663438200950623,-0.19663438200950623
1025,34.166666666666664,24,0,0,,4,uneven rough,11,0.0,102.57007598876953,36.01572036743164,0.519646942615509,0.6206907033920288,-0.852677047252655,0.6206907033920288,-0.852677047252655,2.3296778202056885,2.006315231323242,0.3333333432674408,0.1652640998363495,0.13774144649505615,0.3103453516960144,-0.4263385236263275,0.17459620535373688,0.27729785442352295,0.729419469833374,0.09934952110052109,0.47574934363365173,0.1717327982187271,0.1222173422574997,0.1222173422574997,0.21858000755310059,-1.9233732223510742,0.525437593460083,0.0,-0.09636266529560089,-0.09636266529560089,0.13864892721176147,0.13864892721176147,0.0636971965432167,1.8940629959106445,-0.7191917300224304,0.0,0.07495173066854477,0.07495173066854477,0.364709734916687,0.364709734916687,0.24091945588588715,2.000009536743164,1.222394585609436,0.0,0.12379027903079987,0.12379027903079987,0.06954466551542282,0.06954466551542282,0.10179046541452408,-1.4382007122039795,-1.2359917163848877,0.0,-0.03224579989910126,-0.03224579989910126,0.23787467181682587,0.23787467181682587,-0.008627043105661869,0.8815696835517883,-1.136826992034912,0.0,0.24650171492248774,0.24650171492248774,0.08586639910936356,0.08586639910936356,0.05855506658554077,1.9954586029052734,0.4973928928375244,0.0,0.027311332523822784,0.027311332523822784
1026,34.2,4,0,0,,4,uneven rough,5,0.0,53.14885711669922,30.267929077148438,0.29727238416671753,1.394757866859436,0.28449875116348267,1.394757866859436,0.28449875116348267,4.181197166442871,0.9701094031333923,0.3333333432674408,0.7813059687614441,0.11508983373641968,0.697378933429718,0.14224937558174133,0.3658619225025177,-0.08099950850009918,0.48663270473480225,0.2701243460178375,0.2817825376987457,-0.3935505449771881,0.2561033368110657,0.2561033368110657,0.3257761597633362,-1.9642343521118164,0.6487104296684265,0.0,-0.06967282295227051,-0.06967282295227051,-0.1295992136001587,-0.1295992136001587,-0.007250129245221615,-0.6487672924995422,-0.5728918313980103,0.0,-0.12234908435493708,-0.12234908435493708,0.24331635236740112,0.24331635236740112,0.12457764893770218,0.9865355491638184,-0.262201189994812,0.0,0.11873870342969894,0.11873870342969894,0.18908703327178955,0.18908703327178955,0.223928764462471,0.00999576784670353,-0.9981936812400818,0.0,-0.03484173119068146,-0.03484173119068146,0.14089126884937286,0.14089126884937286,0.07923988997936249,1.9037251472473145,-0.32560238242149353,0.0,0.061651378870010376,0.061651378870010376,-0.19677527248859406,-0.19677527248859406,-0.05717096105217934,-1.4388408660888672,-0.5598020553588867,0.0,-0.13960431143641472,-0.13960431143641472
1026,34.2,14,0,0,,4,uneven rough,5,0.0,54.092830657958984,32.99026870727539,0.23467369377613068,1.5122404098510742,-0.7434638142585754,1.5122404098510742,-0.7434638142585754,4.005711555480957,0.8630747199058533,0.1666666716337204,-0.026441654190421104,0.13245074450969696,0.7561202049255371,-0.3717319071292877,-0.05922602117061615,0.2884247601032257,0.33610397577285767,-0.11403756588697433,0.15944646298885345,-0.6705825328826904,-0.041458215564489365,-0.041458215564489365,0.1161867007613182,-1.8808733224868774,0.38073253631591797,0.0,-0.15764491632580757,-0.15764491632580757,0.14421238005161285,0.14421238005161285,0.14908576011657715,0.1940900832414627,1.4277843236923218,0.0,-0.004873380064964294,-0.004873380064964294,0.16805198788642883,0.16805198788642883,0.12452119588851929,0.8080214858055115,-0.9541618824005127,0.0,0.043530791997909546,0.043530791997909546,-0.07982629537582397,-0.07982629537582397,0.17470017075538635,-1.2232087850570679,-1.4341105222702026,0.0,-0.2545264661312103,-0.2545264661312103,0.07972323149442673,0.07972323149442673,0.061451803892850876,1.705825686454773,-1.3370736837387085,0.0,0.01827142760157585,0.01827142760157585,-0.3352912664413452,-0.3352912664413452,-0.09235389530658722,0.27961617708206177,-0.840216338634491,0.0,-0.242937371134758,-0.242937371134758
1026,34.2,24,0,0,,4,uneven rough,11,0.0,102.59739685058594,36.04025650024414,0.5077165961265564,0.9239315390586853,-1.2894868850708008,0.9239315390586853,-1.2894868850708008,4.740359306335449,1.646969199180603,0.1666666716337204,0.1881658285856247,0.28535985946655273,0.46196576952934265,-0.6447434425354004,0.8865820169448853,-0.24669554829597473,-0.06269484013319016,-0.02138391323387623,0.6268870830535889,0.401203453540802,0.6206073760986328,0.6206073760986328,0.25415942072868347,1.8768787384033203,-0.8591244220733643,0.0,0.36644795536994934,0.36644795536994934,-0.394712895154953,-0.394712895154953,0.039967503398656845,-0.47844240069389343,0.75834721326828,0.0,-0.43468039855360985,-0.43468039855360985,-0.03134742006659508,-0.03134742006659508,0.18529632687568665,-1.9771724939346313,1.6620594263076782,0.0,-0.21664374694228172,-0.21664374694228172,-0.01496873889118433,-0.01496873889118433,0.03162112459540367,-2.0000252723693848,-1.3503210544586182,0.0,-0.046589863486588,-0.046589863486588,0.31344354152679443,0.31344354152679443,-0.02413814887404442,0.18432557582855225,0.004378119017928839,0.0,0.33758169040083885,0.33758169040083885,0.200601726770401,0.200601726770401,0.1248699203133583,1.9820375442504883,1.3444019556045532,0.0,0.0757318064570427,0.0757318064570427
1027,34.233333333333334,4,0,0,,4,uneven rough,5,0.0,53.18663787841797,30.297040939331055,0.2948729395866394,1.7403666973114014,0.6065924167633057,1.7403666973114014,0.6065924167633057,5.622834205627441,4.132255554199219,0.6666666865348816,0.6473535895347595,0.1715775728225708,0.8701833486557007,0.30329620838165283,0.8463318943977356,0.10372763127088547,0.1501195877790451,0.4912962019443512,0.35721179842948914,-0.04319320246577263,0.5924323201179504,0.5924323201179504,0.3199571371078491,0.291256844997406,-0.8286532163619995,0.0,0.2724751830101013,0.2724751830101013,0.051863815635442734,0.051863815635442734,0.04993487522006035,1.9470937252044678,-0.6157919764518738,0.0,0.0019289404153823853,0.0019289404153823853,0.07505979388952255,0.07505979388952255,0.1009410172700882,-1.6082619428634644,0.4438368082046509,0.0,-0.025881223380565643,-0.025881223380565643,0.34390732645988464,0.34390732645988464,0.25096410512924194,1.6453605890274048,-0.4281615614891052,0.0,0.0929432213306427,0.0929432213306427,0.17860589921474457,0.17860589921474457,0.14032255113124847,1.1614341735839844,0.9348633885383606,0.0,0.038283348083496094,0.038283348083496094,-0.021596601232886314,-0.021596601232886314,-0.03315304219722748,1.610289216041565,-1.0568121671676636,0.0,0.011556440964341164,0.011556440964341164
1027,34.233333333333334,14,0,0,,4,uneven rough,5,0.0,54.11118698120117,33.02799987792969,0.22396519780158997,1.4722344875335693,0.7628598809242249,1.4722344875335693,0.7628598809242249,5.42135763168335,2.611464023590088,0.3333333432674408,0.08805221319198608,0.16344058513641357,0.7361172437667847,0.3814299404621124,0.9167340993881226,0.17767061293125153,-0.22750124335289001,0.07239958643913269,0.47277793288230896,-0.42782142758369446,0.6417138576507568,0.6417138576507568,0.15009500086307526,2.033233642578125,-0.8979834914207458,0.0,0.4916188567876816,0.4916188567876816,0.08883530646562576,0.08883530646562576,0.1129358559846878,-0.28447842597961426,0.7302513718605042,0.0,-0.024100549519062042,-0.024100549519062042,-0.11375062167644501,-0.11375062167644501,0.07781439274549484,-1.96737802028656,0.042179740965366364,0.0,-0.19156501442193985,-0.19156501442193985,0.050679709762334824,0.050679709762334824,0.10518256574869156,-1.9389865398406982,-1.314866304397583,0.0,-0.054502855986356735,-0.054502855986356735,0.23638896644115448,0.23638896644115448,0.10769230872392654,0.9790465235710144,0.3833870589733124,0.0,0.12869665771722794,0.12869665771722794,-0.21391071379184723,-0.21391071379184723,-0.12494044750928879,-1.0120285749435425,-0.2070610076189041,0.0,-0.08897026628255844,-0.08897026628255844
1027,34.233333333333334,24,0,0,,4,uneven rough,11,0.0,102.63292694091797,36.063228607177734,0.4932880997657776,0.9293363690376282,-0.9922328591346741,0.9293363690376282,-0.9922328591346741,4.755716323852539,1.0451836585998535,0.1666666716337204,0.18519935011863708,0.36427998542785645,0.4646681845188141,-0.49611642956733704,0.39592093229293823,0.07354281097650528,0.6602096557617188,0.5154816508293152,0.3835923671722412,0.034610163420438766,0.2771446406841278,0.2771446406841278,0.2529275715351105,-0.08760401606559753,0.6878166794776917,0.0,0.024217069149017334,0.024217069149017334,0.03677140548825264,0.03677140548825264,0.07811618596315384,-0.3189062178134918,0.05906415358185768,0.0,-0.0413447804749012,-0.0413447804749012,0.3301048278808594,0.3301048278808594,0.22803989052772522,2.0018422603607178,-0.3955688178539276,0.0,0.10206493735313416,0.10206493735313416,0.3608371615409851,0.3608371615409851,0.07097819447517395,1.4486829042434692,-1.7176649570465088,0.0,0.28985896706581116,0.28985896706581116,0.1917961835861206,0.1917961835861206,0.012091954238712788,-0.445247083902359,0.10612073540687561,0.0,0.17970422934740782,0.17970422934740782,0.017305081710219383,0.017305081710219383,0.09279661625623703,-1.8753894567489624,1.7049223184585571,0.0,-0.07549153454601765,-0.07549153454601765
1028,34.266666666666666,4,0,0,,4,uneven rough,5,0.0,53.22225570678711,30.328262329101562,0.2923016846179962,1.7061676979064941,1.0636039972305298,1.7061676979064941,1.0636039972305298,8.589634895324707,3.3333334922790527,0.1666666716337204,0.6823502779006958,0.17373093962669373,0.8530838489532471,0.5318019986152649,-0.15666088461875916,0.3174530267715454,-0.05895877629518509,0.6713384389877319,0.4010888636112213,-0.11175183951854706,-0.10966261476278305,-0.10966261476278305,0.2608719766139984,-1.9823540449142456,-0.19545406103134155,0.0,-0.37053459137678146,-0.37053459137678146,0.1587265133857727,0.1587265133857727,0.11693324893712997,1.9999501705169678,0.8332682251930237,0.0,0.04179326444864273,0.04179326444864273,-0.029479388147592545,-0.029479388147592545,0.037973709404468536,-1.9975405931472778,-0.716423511505127,0.0,-0.06745309755206108,-0.06745309755206108,0.46993690729141235,0.46993690729141235,0.3168056309223175,1.496641755104065,0.7442115545272827,0.0,0.15313127636909485,0.15313127636909485,0.20054443180561066,0.20054443180561066,0.19301654398441315,1.9878264665603638,1.0629669427871704,0.0,0.00752788782119751,0.00752788782119751,-0.05587591975927353,-0.05587591975927353,-0.02273707464337349,0.4037812352180481,0.45117172598838806,0.0,-0.03313884511590004,-0.03313884511590004
1028,34.266666666666666,14,0,0,,4,uneven rough,5,0.0,54.13579177856445,33.064674377441406,0.2299479842185974,1.599562406539917,-0.5886337161064148,1.599562406539917,-0.5886337161064148,6.173382759094238,4.183948040008545,0.5,-0.1077413409948349,0.05174434930086136,0.7997812032699585,-0.2943168580532074,0.37436389923095703,0.354072630405426,0.37514951825141907,-0.007849481888115406,0.1688256710767746,-0.36046159267425537,0.2620547115802765,0.2620547115802765,0.2191293090581894,1.673980951309204,0.7593319416046143,0.0,0.0429254025220871,0.0429254025220871,0.177036315202713,0.177036315202713,0.1660475879907608,0.8416314721107483,0.15652133524417877,0.0,0.01098872721195221,0.01098872721195221,0.18757475912570953,0.18757475912570953,0.10566654056310654,0.7192740440368652,-1.0940278768539429,0.0,0.081908218562603,0.081908218562603,-0.005494637414813042,-0.005494637414813042,0.0407252199947834,-1.3933610916137695,-1.6677449941635132,0.0,-0.04621985740959644,-0.04621985740959644,0.0844128355383873,0.0844128355383873,0.09757028520107269,-1.2836602926254272,0.7201740145683289,0.0,-0.013157449662685394,-0.013157449662685394,-0.18023079633712769,-0.18023079633712769,-0.1475839912891388,0.2712348699569702,-0.6621910929679871,0.0,-0.03264680504798889,-0.03264680504798889
1028,34.266666666666666,24,0,0,,4,uneven rough,11,0.0,102.67012786865234,36.082435607910156,0.4818294644355774,0.11632634699344635,-0.4494766294956207,0.11632634699344635,-0.4494766294956207,0.6098767518997192,2.362407922744751,0.1666666716337204,0.18766504526138306,0.3410469889640808,0.058163173496723175,-0.22473831474781036,0.47521868348121643,-0.2393033504486084,0.11586862802505493,0.5902034044265747,-0.15560251474380493,0.5783419013023376,0.33265307545661926,0.33265307545661926,0.29826927185058594,1.9999996423721313,0.24939243495464325,0.0,0.034383803606033325,0.034383803606033325,-0.3828853666782379,-0.3828853666782379,0.031829241663217545,-1.9432225227355957,-0.15464097261428833,0.0,-0.41471460834145546,-0.41471460834145546,0.057934314012527466,0.057934314012527466,0.1837424635887146,-1.992713451385498,0.9599316716194153,0.0,-0.12580814957618713,-0.12580814957618713,0.4131423830986023,0.4131423830986023,0.11764358729124069,1.900651216506958,0.0725937932729721,0.0,0.2954987958073616,0.2954987958073616,-0.24896402657032013,-0.24896402657032013,-0.051656998693943024,-1.4655343294143677,-0.20562362670898438,0.0,-0.1973070278763771,-0.1973070278763771,0.2891709506511688,0.2891709506511688,0.08852161467075348,-0.34779754281044006,-0.3193923830986023,0.0,0.20064933598041534,0.20064933598041534
1029,34.3,4,0,0,,4,uneven rough,5,0.0,53.25139236450195,30.36394691467285,0.2883932590484619,1.2495756149291992,1.276468276977539,1.2495756149291992,1.276468276977539,6.417231559753418,1.049919605255127,0.1666666716337204,0.6469478607177734,0.07507902383804321,0.6247878074645996,0.6382341384887695,0.24030642211437225,0.20133529603481293,-0.23437978327274323,0.3723897337913513,0.3827085494995117,0.11841284483671188,0.16821449995040894,0.16821449995040894,0.201724112033844,-1.7242252826690674,-1.205770492553711,0.0,-0.03350961208343506,-0.03350961208343506,0.10066764801740646,0.10066764801740646,0.10653723031282425,0.03824537619948387,1.4929122924804688,0.0,-0.005869582295417786,-0.005869582295417786,-0.11718989163637161,-0.11718989163637161,-0.031599223613739014,-2.0084095001220703,-1.4407694339752197,0.0,-0.0855906680226326,-0.0855906680226326,0.26067280769348145,0.26067280769348145,0.2930683493614197,-1.4361140727996826,1.1696369647979736,0.0,-0.03239554166793823,-0.03239554166793823,0.19135427474975586,0.19135427474975586,0.18514679372310638,-0.20523107051849365,1.5858842134475708,0.0,0.006207481026649475,0.006207481026649475,0.05920642241835594,0.05920642241835594,0.029084112495183945,0.6541122198104858,0.42437705397605896,0.0,0.030122309923171997,0.030122309923171997
1029,34.3,14,0,0,,4,uneven rough,5,0.0,54.16722106933594,33.102020263671875,0.23143817484378815,1.2522823810577393,-0.5266356468200684,1.2522823810577393,-0.5266356468200684,3.164257764816284,2.450589895248413,0.3333333432674408,-0.12482151389122009,0.053533345460891724,0.6261411905288696,-0.2633178234100342,0.32650166749954224,0.5308743715286255,0.4606976807117462,0.1291944533586502,0.5050912499427795,-0.3758358359336853,0.22855116426944733,0.22855116426944733,0.23093721270561218,0.26155906915664673,1.2764761447906494,0.0,-0.002386048436164856,-0.002386048436164856,0.26543718576431274,0.26543718576431274,0.2327260971069336,1.6004523038864136,0.5438838601112366,0.0,0.03271108865737915,0.03271108865737915,0.2303488403558731,0.2303488403558731,0.1412688046693802,1.3263546228408813,-0.0687837228178978,0.0,0.08908003568649292,0.08908003568649292,0.09043611586093903,0.09043611586093903,0.07762151211500168,1.543631911277771,-1.5126078128814697,0.0,0.012814603745937347,0.012814603745937347,0.25254562497138977,0.25254562497138977,0.16401846706867218,2.017664909362793,-0.4127974808216095,0.0,0.08852715790271759,0.08852715790271759,-0.18791791796684265,-0.18791791796684265,-0.14901070296764374,0.7269485592842102,-0.13443036377429962,0.0,-0.038907214999198914,-0.038907214999198914
1029,34.3,24,0,0,,4,uneven rough,11,0.0,102.702392578125,36.10713195800781,0.4662785232067108,1.2530423402786255,-0.08677111566066742,1.2530423402786255,-0.08677111566066742,7.18629789352417,2.7227587699890137,0.1666666716337204,0.5806713104248047,0.34625905752182007,0.6265211701393127,-0.04338555783033371,-0.23089908063411713,-0.24981363117694855,0.6197425127029419,0.6716758012771606,0.0290815532207489,0.044220734387636185,-0.1616293489933014,-0.1616293489933014,0.2707007825374603,-1.9992376565933228,1.2391889095306396,0.0,-0.4323301315307617,-0.4323301315307617,-0.3997018039226532,-0.3997018039226532,0.021426567807793617,0.8457005023956299,-1.1659082174301147,0.0,-0.4211283717304468,-0.4211283717304468,0.30987125635147095,0.30987125635147095,0.22655029594898224,-0.30810466408729553,-0.709499180316925,0.0,0.08332096040248871,0.08332096040248871,0.47017306089401245,0.47017306089401245,0.18683384358882904,1.6632542610168457,1.1061807870864868,0.0,0.2833392173051834,0.2833392173051834,0.01454077661037445,0.01454077661037445,-0.027247093617916107,1.9967408180236816,-0.9179794192314148,0.0,0.04178787022829056,0.04178787022829056,0.022110367193818092,0.022110367193818092,0.03688177838921547,-1.294452428817749,-0.33545270562171936,0.0,-0.014771411195397377,-0.014771411195397377
1030,34.333333333333336,4,0,0,,4,uneven rough,5,0.0,53.28510284423828,30.394947052001953,0.2852088510990143,1.738556146621704,0.7715882658958435,1.738556146621704,0.7715882658958435,6.089572906494141,1.4479355812072754,0.3333333432674408,0.5888616442680359,0.18013519048690796,0.869278073310852,0.38579413294792175,0.538854718208313,-0.1549239605665207,0.4673894941806793,0.2016013115644455,0.15614722669124603,-0.32729867100715637,0.37719830870628357,0.37719830870628357,0.24473436176776886,1.657784342765808,-1.4989057779312134,0.0,0.1324639469385147,0.1324639469385147,-0.24787834286689758,-0.24787834286689758,0.04256013035774231,-1.2335835695266724,0.6704410314559937,0.0,-0.2904384732246399,-0.2904384732246399,0.23369474709033966,0.23369474709033966,0.025651833042502403,2.0035672187805176,-1.7617141008377075,0.0,0.20804291404783726,0.20804291404783726,0.14112091064453125,0.14112091064453125,0.222462460398674,-1.9592187404632568,-0.3036593496799469,0.0,-0.08134154975414276,-0.08134154975414276,0.07807361334562302,0.07807361334562302,0.12353857606649399,-2.0038652420043945,0.5731844305992126,0.0,-0.04546496272087097,-0.04546496272087097,-0.16364933550357819,-0.16364933550357819,-0.006107535678893328,0.06060265004634857,0.5542697310447693,0.0,-0.15754179982468486,-0.15754179982468486
1030,34.333333333333336,14,0,0,,4,uneven rough,5,0.0,54.20305252075195,33.138126373291016,0.23038770258426666,1.3024849891662598,1.0255465507507324,1.3024849891662598,1.0255465507507324,4.847761631011963,6.883624076843262,0.4135451018810272,-0.14432364702224731,0.06285189092159271,0.6512424945831299,0.5127732753753662,0.61257404088974,0.6069841384887695,-0.09837830066680908,0.6954835653305054,0.6109639406204224,0.08416905254125595,0.42880183458328247,0.42880183458328247,0.28957417607307434,1.9898669719696045,0.7026402354240417,0.0,0.13922765851020813,0.13922765851020813,0.30349206924438477,0.30349206924438477,0.29246726632118225,1.6514630317687988,1.141269564628601,0.0,0.011024802923202515,0.011024802923202515,-0.04918915033340454,-0.04918915033340454,0.11475469917058945,-1.7386335134506226,0.7200300097465515,0.0,-0.163943849503994,-0.163943849503994,0.4868384897708893,0.4868384897708893,0.12947937846183777,1.8702353239059448,0.21539559960365295,0.0,0.3573591113090515,0.3573591113090515,0.3054819703102112,0.3054819703102112,0.23142319917678833,1.95620596408844,0.9613903164863586,0.0,0.07405877113342285,0.07405877113342285,0.042084526270627975,0.042084526270627975,-0.09067852050065994,1.9997408390045166,0.3525948226451874,0.0,0.13276304677128792,0.13276304677128792
1030,34.333333333333336,24,0,0,,4,uneven rough,11,0.0,102.7335433959961,36.13530349731445,0.45113110542297363,0.5673170685768127,0.11330971121788025,0.5673170685768127,0.11330971121788025,2.9222235679626465,1.61897873878479,0.3333333432674408,0.4397503137588501,0.2353670597076416,0.28365853428840637,0.056654855608940125,0.365719199180603,0.02934679575264454,-0.1887577474117279,0.49658113718032837,0.19400113821029663,0.48856693506240845,0.2560034394264221,0.2560034394264221,0.2250320315361023,-0.2603137791156769,-0.5918232798576355,0.0,0.030971407890319824,0.030971407890319824,0.01467339787632227,0.01467339787632227,0.02967509813606739,0.5050672888755798,-0.028541067615151405,0.0,-0.015001700259745121,-0.015001700259745121,-0.09437887370586395,-0.09437887370586395,0.16187891364097595,-2.0000016689300537,-0.4825499951839447,0.0,-0.2562577873468399,-0.2562577873468399,0.3476067781448364,0.3476067781448364,0.2482604831457138,1.5748471021652222,1.4211511611938477,0.0,0.09934629499912262,0.09934629499912262,0.09700056910514832,0.09700056910514832,0.031384460628032684,1.7814745903015137,0.730008602142334,0.0,0.06561610847711563,0.06561610847711563,0.24428346753120422,0.24428346753120422,0.021262550726532936,-0.5669426321983337,-0.8776728510856628,0.0,0.2230209168046713,0.2230209168046713
1031,34.36666666666667,4,0,0,,4,uneven rough,5,0.0,53.31710433959961,30.432353973388672,0.2912864685058594,1.819887638092041,0.14472045004367828,1.819887638092041,0.14472045004367828,6.013387203216553,1.1868066787719727,0.3333333432674408,0.3100389242172241,0.12107187509536743,0.9099438190460205,0.07236022502183914,0.2982146739959717,0.17124028503894806,0.6027819514274597,0.07381245493888855,0.16830773651599884,-0.3960976302623749,0.20875026285648346,0.20875026285648346,0.2478933334350586,-0.7859695553779602,0.28589245676994324,0.0,-0.039143070578575134,-0.039143070578575134,0.08562014251947403,0.08562014251947403,0.08768671751022339,0.523593544960022,-0.4060978889465332,0.0,-0.002066574990749359,-0.002066574990749359,0.30139097571372986,0.30139097571372986,0.07472099363803864,0.3425942361354828,0.3671826720237732,0.0,0.22666998207569122,0.22666998207569122,0.051668718457221985,0.051668718457221985,0.16588571667671204,-1.7408536672592163,-1.239715576171875,0.0,-0.11421699821949005,-0.11421699821949005,0.08415386825799942,0.08415386825799942,0.09966428577899933,-0.950678288936615,-0.883884072303772,0.0,-0.015510417520999908,-0.015510417520999908,-0.19804881513118744,-0.19804881513118744,-0.031868673861026764,-0.7822343707084656,0.27514946460723877,0.0,-0.16618014127016068,-0.16618014127016068
1031,34.36666666666667,14,0,0,,4,uneven rough,5,0.0,54.228736877441406,33.174461364746094,0.23107250034809113,1.626151442527771,0.32629290223121643,1.626151442527771,0.32629290223121643,3.928969144821167,0.5410438776016235,0.1666666716337204,-0.022330742329359055,0.21684038639068604,0.8130757212638855,0.16314645111560822,0.3438839316368103,0.4925541281700134,-0.0972471684217453,0.6162272691726685,0.6742996573448181,0.27869582176208496,0.2407187521457672,0.2407187521457672,0.2642553746700287,-1.910942554473877,1.4304405450820923,0.0,-0.023536622524261475,-0.023536622524261475,0.2462770640850067,0.2462770640850067,0.29944440722465515,-0.6382319927215576,1.4297338724136353,0.0,-0.05316734313964844,-0.05316734313964844,-0.04862358421087265,-0.04862358421087265,0.08587274700403214,-0.9763035178184509,-0.6701027750968933,0.0,-0.13449633121490479,-0.13449633121490479,0.43135908246040344,0.43135908246040344,0.19531339406967163,1.3899511098861694,1.1510449647903442,0.0,0.2360456883907318,0.2360456883907318,0.33714982867240906,0.33714982867240906,0.26851320266723633,1.5466865301132202,1.5238609313964844,0.0,0.06863662600517273,0.06863662600517273,0.13934791088104248,0.13934791088104248,-0.017190245911478996,1.8510726690292358,1.2838941812515259,0.0,0.15653815679252148,0.15653815679252148
1031,34.36666666666667,24,0,0,,4,uneven rough,11,0.0,102.76616668701172,36.159610748291016,0.44270795583724976,1.0318738222122192,0.5360257625579834,1.0318738222122192,0.5360257625579834,6.239768028259277,5.424114227294922,0.3333333432674408,0.4852549731731415,0.36453866958618164,0.5159369111061096,0.2680128812789917,0.09458623081445694,-0.02355571649968624,0.240483358502388,0.5711677074432373,-0.006140776909887791,0.2472011297941208,0.06621035933494568,0.06621035933494568,0.16043858230113983,-1.9797228574752808,-0.4043872058391571,0.0,-0.09422822296619415,-0.09422822296619415,-0.037689145654439926,-0.037689145654439926,-0.025248238816857338,-0.4172503352165222,0.2731620669364929,0.0,-0.012440906837582588,-0.012440906837582588,0.120241679251194,0.120241679251194,0.11962589621543884,-1.2587776184082031,-1.340519905090332,0.0,0.0006157830357551575,0.0006157830357551575,0.3998173773288727,0.3998173773288727,0.3154665231704712,1.9436625242233276,1.5080511569976807,0.0,0.08435085415840149,0.08435085415840149,-0.00982524361461401,-0.00982524361461401,-0.02133946865797043,-1.019889235496521,1.3245093822479248,0.0,0.011514225043356419,0.011514225043356419,0.1236005648970604,0.1236005648970604,0.0566851906478405,1.3928577899932861,-0.7019854187965393,0.0,0.0669153742492199,0.0669153742492199
1032,34.4,4,0,0,,4,uneven rough,5,0.0,53.351478576660156,30.46630096435547,0.28873714804649353,1.6583447456359863,-0.25400030612945557,1.6583447456359863,-0.25400030612945557,5.090788841247559,1.9391450881958008,0.3333333432674408,0.10030784457921982,0.17957818508148193,0.8291723728179932,-0.12700015306472778,0.6968483924865723,0.06548658758401871,0.4814035892486572,0.15776754915714264,0.25941938161849976,-0.5307750105857849,0.48779386281967163,0.48779386281967163,0.2964882254600525,1.5844604969024658,-0.3201402425765991,0.0,0.19130563735961914,0.19130563735961914,0.032743293792009354,0.032743293792009354,0.04970730096101761,-1.6305054426193237,0.11955131590366364,0.0,-0.016964007169008255,-0.016964007169008255,0.2407017946243286,0.2407017946243286,0.12027276307344437,0.7741056680679321,0.35328033566474915,0.0,0.12042903155088425,0.12042903155088425,0.11043728142976761,0.11043728142976761,0.10236185789108276,-1.1224539279937744,-1.5230599641799927,0.0,0.008075423538684845,0.008075423538684845,0.12970969080924988,0.12970969080924988,0.11920282989740372,1.5327297449111938,-0.9216496348381042,0.0,0.010506860911846161,0.010506860911846161,-0.26538750529289246,-0.26538750529289246,-0.0421561598777771,-0.7659792900085449,-0.322697252035141,0.0,-0.22323134541511536,-0.22323134541511536
1032,34.4,14,0,0,,4,uneven rough,5,0.0,54.24680709838867,33.2104377746582,0.23615840077400208,1.6734434366226196,0.9981864094734192,1.6734434366226196,0.9981864094734192,6.733335018157959,3.691333293914795,0.3333333432674408,0.22011367976665497,0.2162819355726242,0.8367217183113098,0.4990932047367096,0.7424579858779907,0.17523279786109924,-0.46672895550727844,0.20259298384189606,0.05646199360489845,0.33675673604011536,0.5197205543518066,0.5197205543518066,0.31828412413597107,1.8358371257781982,-0.45878344774246216,0.0,0.20143643021583557,0.20143643021583557,0.08761639893054962,0.08761639893054962,0.23232990503311157,-1.9024978876113892,0.26050224900245667,0.0,-0.14471350610256195,-0.14471350610256195,-0.23336447775363922,-0.23336447775363922,0.0646960660815239,-0.07219744473695755,-0.8432292342185974,0.0,-0.2980605438351631,-0.2980605438351631,0.14181508123874664,0.14181508123874664,0.14377830922603607,-1.558168649673462,1.2861229181289673,0.0,-0.0019632279872894287,-0.0019632279872894287,0.028230996802449226,0.028230996802449226,0.21807162463665009,-1.5598472356796265,1.536766529083252,0.0,-0.18984062783420086,-0.18984062783420086,0.16837836802005768,0.16837836802005768,0.018293481320142746,1.082634687423706,1.604577898979187,0.0,0.15008488669991493,0.15008488669991493
1032,34.4,24,0,0,,4,uneven rough,11,0.0,102.80826568603516,36.188785552978516,0.44996002316474915,1.1982207298278809,-0.1001463383436203,1.1982207298278809,-0.1001463383436203,7.574626922607422,7.66064977645874,0.5,0.5222716927528381,0.35360628366470337,0.5991103649139404,-0.05007316917181015,-0.4782528579235077,0.4984176456928253,0.7289311289787292,0.5014041066169739,-0.20461080968379974,0.2898572087287903,-0.33477699756622314,-0.33477699756622314,0.09941920638084412,-1.4521231651306152,-1.295084834098816,0.0,-0.43419620394706726,-0.43419620394706726,0.24920882284641266,0.24920882284641266,0.03743928670883179,1.4491708278656006,-0.11719834059476852,0.0,0.21176953613758087,0.21176953613758087,0.3644655644893646,0.3644655644893646,0.17212967574596405,2.0000030994415283,-1.2943027019500732,0.0,0.19233588874340057,0.19233588874340057,0.3509828746318817,0.3509828746318817,0.368174284696579,0.6613258123397827,1.7543466091156006,0.0,-0.017191410064697266,-0.017191410064697266,-0.3273772895336151,-0.3273772895336151,-0.03660658746957779,-1.6943645477294922,-0.0010177887743338943,0.0,-0.2907707020640373,-0.2907707020640373,0.14492860436439514,0.14492860436439514,0.11093070358037949,0.72808438539505,0.4824426770210266,0.0,0.033997900784015656,0.033997900784015656
1033,34.43333333333333,4,0,0,,4,uneven rough,5,0.0,53.39439010620117,30.4948787689209,0.2855663299560547,1.6375693082809448,0.5666817426681519,1.6375693082809448,0.5666817426681519,3.6804442405700684,4.180060386657715,0.3333333432674408,-0.19767096638679504,0.13421855866909027,0.8187846541404724,0.2833408713340759,0.7047418355941772,0.11672982573509216,0.47733741998672485,0.46239137649536133,0.5310723185539246,-0.14584748446941376,0.4933192729949951,0.4933192729949951,0.36058247089385986,1.940940260887146,0.7567244172096252,0.0,0.13273680210113525,0.13273680210113525,0.05836491286754608,0.05836491286754608,0.047519851475954056,0.3287544250488281,-0.8699339032173157,0.0,0.010845061391592026,0.010845061391592026,0.23866870999336243,0.23866870999336243,0.17864345014095306,0.516557514667511,0.5912157297134399,0.0,0.06002525985240936,0.06002525985240936,0.32367396354675293,0.32367396354675293,0.11388203501701355,0.8496663570404053,-1.2965565919876099,0.0,0.20979192852973938,0.20979192852973938,0.2655361592769623,0.2655361592769623,0.19283036887645721,1.9221140146255493,0.4660608768463135,0.0,0.07270579040050507,0.07270579040050507,-0.07292374223470688,-0.07292374223470688,-0.05287954583764076,-0.2470138520002365,-0.5733296871185303,0.0,-0.020044196397066116,-0.020044196397066116
1033,34.43333333333333,14,0,0,,4,uneven rough,5,0.0,54.26110076904297,33.24559783935547,0.2423410415649414,1.8427425622940063,-0.1897917091846466,1.8427425622940063,-0.1897917091846466,4.63638973236084,3.8272347450256348,0.3333333432674408,0.31611019372940063,0.18857407569885254,0.9213712811470032,-0.0948958545923233,0.033381231129169464,0.32218703627586365,-0.01935432106256485,0.25883275270462036,0.07175730913877487,0.11955138295888901,0.023366861045360565,0.023366861045360565,0.2636178433895111,-1.5082701444625854,0.8385991454124451,0.0,-0.24025098234415054,-0.24025098234415054,0.16109351813793182,0.16109351813793182,0.16598941385746002,-1.8257472515106201,-0.9624618887901306,0.0,-0.004895895719528198,-0.004895895719528198,-0.009677160531282425,-0.009677160531282425,0.017447086051106453,-1.0199464559555054,-0.40728649497032166,0.0,-0.027124246582388878,-0.027124246582388878,0.18118292093276978,0.18118292093276978,0.19006973505020142,0.6659838557243347,-0.32204461097717285,0.0,-0.00888681411743164,-0.00888681411743164,0.035878654569387436,0.035878654569387436,0.1557060331106186,-1.6948186159133911,-0.21406441926956177,0.0,-0.11982737854123116,-0.11982737854123116,0.059775691479444504,0.059775691479444504,0.03621434420347214,0.4915970265865326,1.309470295906067,0.0,0.023561347275972366,0.023561347275972366
1033,34.43333333333333,24,0,0,,4,uneven rough,11,0.0,102.84074401855469,36.23070526123047,0.45996326208114624,0.40178245306015015,0.4618391692638397,0.40178245306015015,0.4618391692638397,4.330984115600586,2.2869796752929688,0.3333333432674408,0.8268032073974609,0.18476566672325134,0.20089122653007507,0.23091958463191986,-0.278118759393692,0.49809280037879944,0.4275900423526764,-0.2339104264974594,-0.06846463680267334,-0.09390826523303986,-0.19468313455581665,-0.19468313455581665,0.035140346735715866,-1.9565647840499878,-1.383874535560608,0.0,-0.22982348129153252,-0.22982348129153252,0.24904640018939972,0.24904640018939972,0.10079790651798248,1.929577350616455,0.7684295773506165,0.0,0.14824849367141724,0.14824849367141724,0.2137950211763382,0.2137950211763382,0.1983916163444519,-0.23279587924480438,0.5683037042617798,0.0,0.015403404831886292,0.015403404831886292,-0.16373729705810547,-0.16373729705810547,0.33081942796707153,-1.8452351093292236,1.1363507509231567,0.0,-0.494556725025177,-0.494556725025177,-0.10954342037439346,-0.10954342037439346,-0.09355083853006363,-0.896398663520813,-0.95843905210495,0.0,-0.015992581844329834,-0.015992581844329834,-0.04695413261651993,-0.04695413261651993,0.07010718435049057,1.4725595712661743,0.6213289499282837,0.0,-0.1170613169670105,-0.1170613169670105
1034,34.46666666666667,4,0,0,,4,uneven rough,5,0.0,53.43175506591797,30.530319213867188,0.2865273356437683,1.5679618120193481,1.4582055807113647,1.5679618120193481,1.4582055807113647,2.552046298980713,5.050354480743408,0.5,-0.3245278000831604,0.16279390454292297,0.7839809060096741,0.7291027903556824,-0.07937358319759369,0.42780473828315735,-0.12797895073890686,0.5528119206428528,0.642634391784668,0.4137223958969116,-0.05556150898337364,-0.05556150898337364,0.3190706968307495,-1.9518702030181885,1.4262821674346924,0.0,-0.37463220581412315,-0.37463220581412315,0.21390236914157867,0.21390236914157867,0.11175784468650818,2.0,-0.1921933889389038,0.0,0.1021445244550705,0.1021445244550705,-0.06398947536945343,-0.06398947536945343,0.11840738356113434,-1.9915673732757568,0.5490038394927979,0.0,-0.18239685893058777,-0.18239685893058777,0.38696834444999695,0.38696834444999695,0.18491250276565552,1.9983972311019897,-0.08307827264070511,0.0,0.20205584168434143,0.20205584168434143,0.321317195892334,0.321317195892334,0.26085424423217773,1.9927994012832642,1.289315938949585,0.0,0.06046295166015625,0.06046295166015625,0.2068611979484558,0.2068611979484558,0.002939425641670823,2.0000009536743164,-0.38883012533187866,0.0,0.203921772306785,0.203921772306785
1034,34.46666666666667,14,0,0,,4,uneven rough,5,0.0,54.277618408203125,33.284515380859375,0.24770794808864594,1.6989425420761108,-0.1343066543340683,1.6989425420761108,-0.1343066543340683,6.596675872802734,2.9342117309570312,0.4717681109905243,0.23701296746730804,0.17160269618034363,0.8494712710380554,-0.06715332716703415,0.47388795018196106,0.2714848220348358,0.26365312933921814,0.026030782610177994,-0.05421093851327896,0.007274078205227852,0.33172157406806946,0.33172157406806946,0.32145392894744873,1.9144023656845093,-0.48832497000694275,0.0,0.010267645120620728,0.010267645120620728,0.1357424110174179,0.1357424110174179,0.1257803589105606,0.11946526914834976,-1.450564980506897,0.0,0.0099620521068573,0.0099620521068573,0.13182656466960907,0.13182656466960907,0.07869337499141693,1.9999929666519165,-0.7536855340003967,0.0,0.05313318967819214,0.05313318967819214,0.018221547827124596,0.018221547827124596,0.1258525252342224,-1.86896550655365,0.2365884631872177,0.0,-0.10763097740709782,-0.10763097740709782,-0.0867375060915947,-0.0867375060915947,0.1087079718708992,-1.13242769241333,-1.0512855052947998,0.0,-0.1954454779624939,-0.1954454779624939,0.003637039102613926,0.003637039102613926,0.04691857844591141,-1.0475648641586304,0.8470433354377747,0.0,-0.04328153934329748,-0.04328153934329748
1034,34.46666666666667,24,0,0,,4,uneven rough,11,0.0,102.86993408203125,36.27571105957031,0.4557512104511261,0.961021900177002,-0.34487101435661316,0.961021900177002,-0.34487101435661316,2.8378970623016357,1.9615733623504639,0.3333333432674408,0.778537929058075,0.17026352882385254,0.480510950088501,-0.17243550717830658,0.22699037194252014,0.3514554798603058,0.10607782751321793,0.04348007217049599,0.44801458716392517,-0.46855229139328003,0.15889325737953186,0.15889325737953186,0.055081553757190704,1.9904098510742188,-1.7076746225357056,0.0,0.10381170362234116,0.10381170362234116,0.1757277399301529,0.1757277399301529,0.1664610505104065,1.517345905303955,1.4249446392059326,0.0,0.009266689419746399,0.009266689419746399,0.05303891375660896,0.05303891375660896,0.13197295367717743,-1.852975845336914,0.1153605580329895,0.0,-0.07893403992056847,-0.07893403992056847,0.03043605014681816,0.03043605014681816,0.257790207862854,-2.000000238418579,-0.549443244934082,0.0,-0.22735415771603584,-0.22735415771603584,0.22400729358196259,0.22400729358196259,-0.04598916694521904,1.7816524505615234,-0.9233613014221191,0.0,0.2699964605271816,0.2699964605271816,-0.23427614569664001,-0.23427614569664001,0.03240441903471947,-1.0304830074310303,1.102616310119629,0.0,-0.2666805647313595,-0.2666805647313595
1035,34.5,4,0,0,,4,uneven rough,5,0.0,53.467315673828125,30.56136131286621,0.27227509021759033,1.5770846605300903,1.128185749053955,1.5770846605300903,1.128185749053955,7.860897064208984,0.0,0.0,-0.34955042600631714,0.24263572692871094,0.7885423302650452,0.5640928745269775,0.38085368275642395,-0.04463427886366844,-0.3561173975467682,0.5670836567878723,0.5612854957580566,0.48177435994148254,0.26659756898880005,0.26659756898880005,0.2559926509857178,-0.697632908821106,-0.483731210231781,0.0,0.010604918003082275,0.010604918003082275,-0.07141485065221786,-0.07141485065221786,0.050794344395399094,1.0888793468475342,1.0472767353057861,0.0,-0.12220919504761696,-0.12220919504761696,-0.1780586987733841,-0.1780586987733841,0.05308889225125313,-2.0079782009124756,-0.8874396681785583,0.0,-0.23114759102463722,-0.23114759102463722,0.3969585597515106,0.3969585597515106,0.2474728524684906,1.16328763961792,1.0937917232513428,0.0,0.14948570728302002,0.14948570728302002,0.2806427478790283,0.2806427478790283,0.27441278100013733,0.5716835856437683,1.6870667934417725,0.0,0.006229966878890991,0.006229966878890991,0.24088717997074127,0.24088717997074127,0.059201184660196304,-0.7884470224380493,0.9618192315101624,0.0,0.18168599531054497,0.18168599531054497
1035,34.5,14,0,0,,4,uneven rough,5,0.0,54.288936614990234,33.32511901855469,0.24653637409210205,1.636411190032959,-1.1567829847335815,1.636411190032959,-1.1567829847335815,6.892003536224365,3.0471608638763428,0.1666666716337204,0.1580830216407776,0.1861693263053894,0.8182055950164795,-0.5783914923667908,0.4422512948513031,0.05564368888735771,0.5077571868896484,-0.000555001141037792,0.08867087960243225,-0.43844160437583923,0.3095759153366089,0.3095759153366089,0.3467404246330261,-0.07437947392463684,0.8701813817024231,0.0,-0.037164509296417236,-0.037164509296417236,0.027821844443678856,0.027821844443678856,0.06347253918647766,-1.838701844215393,-0.5628670454025269,0.0,-0.035650694742798805,-0.035650694742798805,0.2538785934448242,0.2538785934448242,0.14997927844524384,1.8749111890792847,0.8032492399215698,0.0,0.10389931499958038,0.10389931499958038,-0.00038850080454722047,-0.00038850080454722047,0.06675797700881958,-1.8082975149154663,-0.9538955092430115,0.0,-0.0671464778133668,-0.0671464778133668,0.044335439801216125,0.044335439801216125,0.03551667183637619,-1.92861008644104,-1.097163438796997,0.0,0.008818767964839935,0.008818767964839935,-0.21922080218791962,-0.21922080218791962,0.019830316305160522,0.9766167402267456,-0.22417154908180237,0.0,-0.23905111849308014,-0.23905111849308014
1035,34.5,24,0,0,,4,uneven rough,11,0.0,102.89805603027344,36.312992095947266,0.435194194316864,0.9018502831459045,-0.43248340487480164,0.9018502831459045,-0.43248340487480164,1.4315752983093262,1.7116596698760986,0.3333333432674408,0.7662353515625,0.08870762586593628,0.45092514157295227,-0.21624170243740082,0.298852801322937,-0.050088267773389816,-0.2837975323200226,0.18922773003578186,0.3859865665435791,-0.48015740513801575,0.20919695496559143,0.20919695496559143,0.12141086906194687,1.9992977380752563,0.38322895765304565,0.0,0.08778608590364456,0.08778608590364456,-0.08014123141765594,-0.08014123141765594,0.10867975652217865,-1.9932529926300049,1.4771884679794312,0.0,-0.1888209879398346,-0.1888209879398346,-0.1418987661600113,-0.1418987661600113,0.06596064567565918,-1.9999303817749023,-0.9975403547286987,0.0,-0.20785941183567047,-0.20785941183567047,0.13245940208435059,0.13245940208435059,0.19093376398086548,-1.997518539428711,-1.3695907592773438,0.0,-0.05847436189651489,-0.05847436189651489,0.19299328327178955,0.19299328327178955,-0.001239163102582097,1.9933784008026123,0.6060582995414734,0.0,0.19423244637437165,0.19423244637437165,-0.24007870256900787,-0.24007870256900787,-0.017174948006868362,-1.340453863143921,-0.10344187915325165,0.0,-0.2229037545621395,-0.2229037545621395
1036,34.53333333333333,4,0,0,,4,uneven rough,5,0.0,53.500343322753906,30.597991943359375,0.27047866582870483,1.7746498584747314,0.5670069456100464,1.7746498584747314,0.5670069456100464,8.533238410949707,4.426820278167725,0.3333333432674408,-0.4159826636314392,0.18752935528755188,0.8873249292373657,0.2835034728050232,0.18256661295890808,-0.05018079653382301,0.34485146403312683,0.4070054888725281,0.2408599555492401,0.26637405157089233,0.12779662013053894,0.12779662013053894,0.19169563055038452,-1.9820715188980103,-0.6046715974807739,0.0,-0.06389901041984558,-0.06389901041984558,-0.08028927445411682,-0.08028927445411682,-0.0036229693796485662,-1.2548012733459473,1.0707988739013672,0.0,-0.07666630507446826,-0.07666630507446826,0.17242573201656342,0.17242573201656342,0.09212778508663177,1.845653772354126,-1.5209941864013672,0.0,0.08029794692993164,0.08029794692993164,0.2849038243293762,0.2849038243293762,0.2824118435382843,0.4565267264842987,1.133084774017334,0.0,0.002491980791091919,0.002491980791091919,0.12042997777462006,0.12042997777462006,0.1926935613155365,-2.009058952331543,1.0564271211624146,0.0,-0.07226358354091644,-0.07226358354091644,0.13318702578544617,0.13318702578544617,0.08761189877986908,0.8974704742431641,-0.02778445929288864,0.0,0.04557512700557709,0.04557512700557709
1036,34.53333333333333,14,0,0,,4,uneven rough,5,0.0,54.310264587402344,33.3653678894043,0.2593325972557068,1.7506589889526367,-1.219377040863037,1.7506589889526367,-1.219377040863037,8.118213653564453,3.538975238800049,0.3333333432674408,0.0020772318821400404,0.16573336720466614,0.8753294944763184,-0.6096885204315186,0.5118908882141113,0.36367884278297424,0.6400197148323059,0.2777828276157379,-0.06950826197862625,-0.15272048115730286,0.3583236038684845,0.3583236038684845,0.32580891251564026,0.2494848519563675,0.336124986410141,0.0,0.03251469135284424,0.03251469135284424,0.18183942139148712,0.18183942139148712,0.12368054687976837,1.9999463558197021,-1.2842262983322144,0.0,0.05815887451171875,0.05815887451171875,0.32000985741615295,0.32000985741615295,0.15491385757923126,-0.9146466255187988,1.4091688394546509,0.0,0.1650959998369217,0.1650959998369217,0.19444797933101654,0.19444797933101654,0.11382019519805908,1.9176723957061768,-1.4369759559631348,0.0,0.08062778413295746,0.08062778413295746,-0.11121322214603424,-0.11121322214603424,-0.0007891126442700624,-1.908063292503357,-1.5672649145126343,0.0,-0.11042410950176418,-0.11042410950176418,-0.07636024057865143,-0.07636024057865143,0.008708391338586807,-0.679967999458313,0.4547562897205353,0.0,-0.08506863191723824,-0.08506863191723824
1036,34.53333333333333,24,0,0,,4,uneven rough,11,0.0,102.92462158203125,36.3509521484375,0.4157245457172394,1.0217055082321167,-0.5448765754699707,1.0217055082321167,-0.5448765754699707,2.3293638229370117,1.2107142210006714,0.1666666716337204,0.6521496772766113,0.12368428707122803,0.5108527541160583,-0.27243828773498535,0.5577198266983032,-0.17790083587169647,0.5052950978279114,-0.09513428062200546,0.009024185128509998,-0.30784109234809875,0.3904038667678833,0.3904038667678833,0.18573008477687836,1.5343363285064697,1.2969571352005005,0.0,0.20467378199100494,0.20467378199100494,-0.2846413552761078,-0.2846413552761078,0.04310411959886551,-2.0000011920928955,-0.48500537872314453,0.0,-0.3277454748749733,-0.3277454748749733,0.2526475489139557,0.2526475489139557,0.056491605937480927,-1.0606545209884644,-1.5642935037612915,0.0,0.19615594297647476,0.19615594297647476,-0.06659399718046188,-0.06659399718046188,0.12628577649593353,-1.7429955005645752,-1.7246222496032715,0.0,-0.19287977367639542,-0.19287977367639542,0.004512092564254999,0.004512092564254999,0.05036936700344086,0.5151604413986206,1.3904515504837036,0.0,-0.04585727443918586,-0.04585727443918586,-0.15392054617404938,-0.15392054617404938,-0.04989560320973396,-1.074515700340271,-0.8028506636619568,0.0,-0.10402494296431541,-0.10402494296431541
1037,34.56666666666666,4,0,0,,4,uneven rough,5,0.0,53.52738571166992,30.645891189575195,0.2673487365245819,1.848658800125122,-0.29382166266441345,1.848658800125122,-0.29382166266441345,8.415724754333496,1.3260886669158936,0.3333333432674408,-0.6096714735031128,0.07296924293041229,0.924329400062561,-0.14691083133220673,0.11328868567943573,0.03276853635907173,0.5238749980926514,0.2913317084312439,0.21997389197349548,-0.15334799885749817,0.07930207997560501,0.07930207997560501,0.1251911222934723,-1.998619794845581,-1.3834559917449951,0.0,-0.04588904231786728,-0.04588904231786728,0.016384268179535866,0.016384268179535866,0.011266512796282768,0.7061975002288818,-0.24409963190555573,0.0,0.0051177553832530975,0.0051177553832530975,0.2619374990463257,0.2619374990463257,0.15878570079803467,1.9981441497802734,0.3825145959854126,0.0,0.10315179824829102,0.10315179824829102,0.20393219590187073,0.20393219590187073,0.24699079990386963,-1.8702943325042725,0.7505576610565186,0.0,-0.0430586040019989,-0.0430586040019989,0.10998694598674774,0.10998694598674774,0.13359695672988892,-1.9428709745407104,-0.6768041849136353,0.0,-0.023610010743141174,-0.023610010743141174,-0.07667399942874908,-0.07667399942874908,0.03936830908060074,-1.4733409881591797,0.49535635113716125,0.0,-0.11604230850934982,-0.11604230850934982
1037,34.56666666666666,14,0,0,,4,uneven rough,5,0.0,54.333473205566406,33.40696334838867,0.2667950391769409,1.1732990741729736,-0.3592059016227722,1.1732990741729736,-0.3592059016227722,4.148183822631836,1.078041434288025,0.3333333432674408,-0.055919185280799866,0.06627647578716278,0.5866495370864868,-0.1796029508113861,-0.09263011068105698,0.4980733394622803,0.14853565394878387,0.6377687454223633,0.23836156725883484,0.1582162082195282,-0.06484107673168182,-0.06484107673168182,0.26961490511894226,-1.9330017566680908,0.2871384918689728,0.0,-0.3344559818506241,-0.3344559818506241,0.24903666973114014,0.24903666973114014,0.18894876539707184,1.916016936302185,0.5726507902145386,0.0,0.0600879043340683,0.0600879043340683,0.07426782697439194,0.07426782697439194,0.09410560131072998,-1.718715786933899,0.09527938812971115,0.0,-0.019837774336338043,-0.019837774336338043,0.44643810391426086,0.44643810391426086,0.18285590410232544,1.9853836297988892,0.45974820852279663,0.0,0.2635821998119354,0.2635821998119354,0.11918078362941742,0.11918078362941742,0.04602719843387604,1.9842511415481567,-1.7599529027938843,0.0,0.07315358519554138,0.07315358519554138,0.0791081041097641,0.0791081041097641,0.03338497877120972,1.8273429870605469,-0.18681886792182922,0.0,0.04572312533855438,0.04572312533855438
1037,34.56666666666666,24,0,0,,4,uneven rough,11,0.0,102.9586181640625,36.38462448120117,0.39766326546669006,0.7662971019744873,-0.9723944067955017,0.7662971019744873,-0.9723944067955017,1.9530107975006104,3.2889742851257324,0.3333333432674408,0.30682647228240967,0.06122603639960289,0.38314855098724365,-0.48619720339775085,0.41998735070228577,-0.22747139632701874,0.6117113828659058,0.16760073602199554,0.2725295126438141,0.08726190030574799,0.2939911484718323,0.2939911484718323,0.2502565383911133,1.5852607488632202,1.4311717748641968,0.0,0.043734610080718994,0.043734610080718994,-0.36395424604415894,-0.36395424604415894,-0.013608609326183796,-2.000054121017456,-1.341586709022522,0.0,-0.35034563671797514,-0.35034563671797514,0.3058556914329529,0.3058556914329529,0.11986963450908661,1.3897567987442017,-1.2795350551605225,0.0,0.18598605692386627,0.18598605692386627,0.11732051521539688,0.11732051521539688,0.08206953853368759,-0.10873235762119293,-1.7350105047225952,0.0,0.03525097668170929,0.03525097668170929,0.13626475632190704,0.13626475632190704,0.11230146139860153,2.0778772830963135,0.8955603837966919,0.0,0.02396329492330551,0.02396329492330551,0.04363095015287399,0.04363095015287399,0.016842080280184746,2.0057485103607178,-0.9564505815505981,0.0,0.026788869872689247,0.026788869872689247
1038,34.6,4,0,0,,4,uneven rough,5,0.0,53.55693054199219,30.69248390197754,0.26160335540771484,1.7785484790802002,-0.8443790674209595,1.7785484790802002,-0.8443790674209595,5.9966535568237305,2.2320284843444824,0.1666666716337204,-0.5701977610588074,0.23057183623313904,0.8892742395401001,-0.42218953371047974,0.557601809501648,0.007958780974149704,0.29897740483283997,-0.17820046842098236,0.01804552972316742,-0.6958343982696533,0.3903212547302246,0.3903212547302246,0.14461538195610046,1.6049892902374268,-1.731270670890808,0.0,0.24570587277412415,0.24570587277412415,0.003979390487074852,0.003979390487074852,-0.005707291420549154,-0.9532726407051086,0.2932000756263733,0.0,0.009686681907624006,0.009686681907624006,0.14948870241641998,0.14948870241641998,0.12295475602149963,-0.809571385383606,1.2959944009780884,0.0,0.02653394639492035,0.02653394639492035,-0.12474032491445541,-0.12474032491445541,0.18025073409080505,-1.8161811828613281,-0.7312767505645752,0.0,-0.30499105900526047,-0.30499105900526047,0.00902276486158371,0.00902276486158371,0.07376255095005035,-1.7617826461791992,-1.3926405906677246,0.0,-0.06473978608846664,-0.06473978608846664,-0.34791719913482666,-0.34791719913482666,-0.00014965511218179017,0.6179891228675842,-0.6177486777305603,0.0,-0.34776754402264487,-0.34776754402264487
1038,34.6,14,0,0,,4,uneven rough,5,0.0,54.36075210571289,33.44871139526367,0.27133652567863464,1.1704720258712769,1.3005391359329224,1.1704720258712769,1.3005391359329224,7.1809844970703125,3.2981138229370117,0.1666666716337204,-0.030111750587821007,0.08768578618764877,0.5852360129356384,0.6502695679664612,0.5526889562606812,0.49859824776649475,0.0674872174859047,0.5637915134429932,0.46945637464523315,0.24068519473075867,0.3868822753429413,0.3868822753429413,0.2895127534866333,1.963413953781128,-0.9681327939033508,0.0,0.09736952185630798,0.09736952185630798,0.24929912388324738,0.24929912388324738,0.24009183049201965,0.6893800497055054,1.3321924209594727,0.0,0.009207293391227722,0.009207293391227722,0.03374360874295235,0.03374360874295235,0.11066501587629318,0.30649346113204956,-0.9303567409515381,0.0,-0.07692140713334084,-0.07692140713334084,0.3946540653705597,0.3946540653705597,0.22683580219745636,1.1968250274658203,1.32234525680542,0.0,0.16781826317310333,0.16781826317310333,0.23472818732261658,0.23472818732261658,0.1083998829126358,1.648159146308899,0.3570267856121063,0.0,0.12632830440998077,0.12632830440998077,0.12034259736537933,0.12034259736537933,0.05760905519127846,0.4830932915210724,0.951991856098175,0.0,0.06273354217410088,0.06273354217410088
1038,34.6,24,0,0,,4,uneven rough,11,0.0,102.98866271972656,36.42094421386719,0.3854614496231079,0.763338029384613,-0.9836462140083313,0.763338029384613,-0.9836462140083313,1.7088464498519897,1.5664427280426025,0.3333333432674408,0.2661474645137787,0.17770719528198242,0.3816690146923065,-0.49182310700416565,0.08526348322629929,0.6530464887619019,0.2647443413734436,0.4220377206802368,0.49917685985565186,-0.06289980560541153,0.05968443676829338,0.05968443676829338,0.19303302466869354,-2.0000076293945312,1.5182939767837524,0.0,-0.13334858790040016,-0.13334858790040016,0.3265232443809509,0.3265232443809509,0.03001718409359455,1.3961377143859863,-1.7138854265213013,0.0,0.2965060602873564,0.2965060602873564,0.1323721706867218,0.1323721706867218,0.09983865171670914,-0.7839606404304504,0.22968736290931702,0.0,0.032533518970012665,0.032533518970012665,0.2954263985157013,0.2954263985157013,0.15052224695682526,1.9966349601745605,-0.8155099153518677,0.0,0.14490415155887604,0.14490415155887604,0.24958842992782593,0.24958842992782593,0.19162987172603607,1.9898390769958496,1.56404447555542,0.0,0.057958558201789856,0.057958558201789856,-0.031449902802705765,-0.031449902802705765,0.0037593452725559473,-0.42692649364471436,0.7183821201324463,0.0,-0.03520924807526171,-0.03520924807526171
1039,34.63333333333333,4,0,0,,4,uneven rough,5,0.0,53.59697341918945,30.734098434448242,0.261725515127182,1.577286958694458,-1.0130517482757568,1.577286958694458,-1.0130517482757568,4.927335262298584,2.6785926818847656,0.5,-0.3586905598640442,0.04568237066268921,0.788643479347229,-0.5065258741378784,0.479417622089386,0.36283037066459656,0.2545294165611267,0.1289053112268448,0.4015050530433655,-0.35677406191825867,0.3355923295021057,0.3355923295021057,0.20950984954833984,1.56364905834198,0.1550566852092743,0.0,0.12608247995376587,0.12608247995376587,0.18141518533229828,0.18141518533229828,0.05938465893268585,1.248192310333252,-0.4115578234195709,0.0,0.12203052639961243,0.12203052639961243,0.12726470828056335,0.12726470828056335,0.11793194711208344,-0.3353816866874695,0.10550372302532196,0.0,0.00933276116847992,0.00933276116847992,0.090233713388443,0.090233713388443,0.11985141038894653,-0.7687239050865173,-1.3446836471557617,0.0,-0.02961769700050354,-0.02961769700050354,0.20075252652168274,0.20075252652168274,0.13658533990383148,1.9696530103683472,-1.6013541221618652,0.0,0.06416718661785126,0.06416718661785126,-0.17838703095912933,-0.17838703095912933,-0.03488943725824356,-1.8955384492874146,0.08093969523906708,0.0,-0.14349759370088577,-0.14349759370088577
1039,34.63333333333333,14,0,0,,4,uneven rough,5,0.0,54.37928009033203,33.491336822509766,0.2586345970630646,1.7799627780914307,-0.077702097594738,1.7799627780914307,-0.077702097594738,6.201005458831787,5.347042083740234,0.3333333432674408,0.020536959171295166,0.18807804584503174,0.8899813890457153,-0.038851048797369,-0.16753070056438446,0.27451983094215393,-0.20072340965270996,0.3133618235588074,0.624226450920105,-0.07754433155059814,-0.11727149039506912,-0.11727149039506912,0.2570289373397827,-0.8332515954971313,0.6893690228462219,0.0,-0.37430042773485184,-0.37430042773485184,0.13725991547107697,0.13725991547107697,0.18139857053756714,-2.0007383823394775,0.9687451720237732,0.0,-0.04413865506649017,-0.04413865506649017,-0.10036170482635498,-0.10036170482635498,0.0476686954498291,-1.926508903503418,-0.23103943467140198,0.0,-0.14803040027618408,-0.14803040027618408,0.21935327351093292,0.21935327351093292,0.2711907923221588,-0.1856708824634552,1.2513759136199951,0.0,-0.05183751881122589,-0.05183751881122589,0.3121132254600525,0.3121132254600525,0.14663320779800415,1.0902783870697021,1.0870352983474731,0.0,0.16548001766204834,0.16548001766204834,-0.03877216577529907,-0.03877216577529907,-0.006173860747367144,-1.7212518453598022,0.6868757605552673,0.0,-0.03259830502793193,-0.03259830502793193
1039,34.63333333333333,24,0,0,,4,uneven rough,11,0.0,103.02013397216797,36.452754974365234,0.3625048100948334,-0.012707553803920746,0.6185768246650696,-0.012707553803920746,0.6185768246650696,1.4141671657562256,2.060652017593384,0.3333333432674408,-0.13763658702373505,0.10808633267879486,-0.006353776901960373,0.3092884123325348,0.720906674861908,-0.03378203511238098,-0.34512344002723694,0.5607776641845703,0.47231170535087585,0.17349806427955627,0.5046346783638,0.5046346783638,0.22234350442886353,1.9998284578323364,-0.4709600508213043,0.0,0.2822911739349365,0.2822911739349365,-0.05405125766992569,-0.05405125766992569,-0.029548725113272667,-0.9763432145118713,0.04452723637223244,0.0,-0.024502532556653023,-0.024502532556653023,-0.17256172001361847,-0.17256172001361847,0.044076379388570786,-2.000009298324585,-0.3434310257434845,0.0,-0.21663809940218925,-0.21663809940218925,0.39254435896873474,0.39254435896873474,0.20605742931365967,1.5701674222946167,0.7744818329811096,0.0,0.18648692965507507,0.18648692965507507,0.23615585267543793,0.23615585267543793,0.22269833087921143,1.2431573867797852,1.8047895431518555,0.0,0.013457521796226501,0.013457521796226501,0.08674903213977814,0.08674903213977814,0.053042661398649216,1.2800792455673218,0.070822574198246,0.0,0.03370637074112892,0.03370637074112892
1040,34.666666666666664,4,0,0,,4,uneven rough,5,0.0,53.63930130004883,30.767658233642578,0.2577192187309265,1.6018708944320679,1.044321060180664,1.6018708944320679,1.044321060180664,3.5915727615356445,2.260377883911133,0.44890284538269043,-0.08555744588375092,0.06261952221393585,0.8009354472160339,0.522160530090332,0.5400875806808472,0.08650102466344833,-0.27522996068000793,0.5555500984191895,0.4207131266593933,-0.23611707985401154,0.37806129455566406,0.37806129455566406,0.2718341052532196,1.9616856575012207,0.9514773488044739,0.0,0.10622718930244446,0.10622718930244446,0.04325051233172417,0.04325051233172417,0.06356881558895111,-0.3592691421508789,0.5268678665161133,0.0,-0.020318303257226944,-0.020318303257226944,-0.13761498034000397,-0.13761498034000397,0.05744091793894768,-1.287082314491272,-0.14377367496490479,0.0,-0.19505589827895164,-0.19505589827895164,0.3888850510120392,0.3888850510120392,0.15781059861183167,1.5867691040039062,-1.0190349817276,0.0,0.23107445240020752,0.23107445240020752,0.21035656332969666,0.21035656332969666,0.18367604911327362,0.990759015083313,0.4176997244358063,0.0,0.026680514216423035,0.026680514216423035,-0.11805853992700577,-0.11805853992700577,-0.09730222821235657,-1.282921552658081,-1.036564588546753,0.0,-0.0207563117146492,-0.0207563117146492
1040,34.666666666666664,14,0,0,,4,uneven rough,5,0.0,54.400291442871094,33.53351974487305,0.2538989186286926,1.3082764148712158,-0.16377580165863037,1.3082764148712158,-0.16377580165863037,5.378854274749756,0.33073925971984863,0.3333333432674408,0.1600819230079651,0.09929198026657104,0.6541382074356079,-0.08188790082931519,0.46902093291282654,0.19370408356189728,0.6353352069854736,0.1167679950594902,-0.011253559961915016,0.1272648721933365,0.3283146619796753,0.3283146619796753,0.3180212080478668,1.7480584383010864,-0.17152340710163116,0.0,0.010293453931808472,0.010293453931808472,0.09685204178094864,0.09685204178094864,0.12099198997020721,-1.9204535484313965,-0.710206151008606,0.0,-0.024139948189258575,-0.024139948189258575,0.3176676034927368,0.3176676034927368,0.10126647353172302,-0.8541654348373413,-1.189660906791687,0.0,0.2164011299610138,0.2164011299610138,0.08173759281635284,0.08173759281635284,0.20387841761112213,-1.9918581247329712,0.43886706233024597,0.0,-0.12214082479476929,-0.12214082479476929,-0.018005697056651115,-0.018005697056651115,0.08798111975193024,-1.82904052734375,1.0888689756393433,0.0,-0.10598681680858135,-0.10598681680858135,0.06363243609666824,0.06363243609666824,0.029682474210858345,-0.1572197824716568,-0.6746839284896851,0.0,0.0339499618858099,0.0339499618858099
1040,34.666666666666664,24,0,0,,4,uneven rough,11,0.0,103.04600524902344,36.4898567199707,0.34066012501716614,1.2214778661727905,-0.4804061949253082,1.2214778661727905,-0.4804061949253082,6.197054862976074,0.9151574969291687,0.1666666716337204,-0.35507673025131226,0.2177972048521042,0.6107389330863953,-0.2402030974626541,-0.1611003428697586,-0.40571942925453186,0.787263810634613,0.3758314251899719,0.3463330566883087,-0.13393329083919525,-0.11277023702859879,-0.11277023702859879,0.18263505399227142,-1.3477619886398315,0.9260281920433044,0.0,-0.2954052910208702,-0.2954052910208702,-0.649151086807251,-0.649151086807251,-0.0946272611618042,-1.8645737171173096,-0.5326747298240662,0.0,-0.5545238256454468,-0.5545238256454468,0.3936319053173065,0.3936319053173065,0.03470056131482124,-0.18040068447589874,-1.2800633907318115,0.0,0.3589313440024853,0.3589313440024853,0.26308199763298035,0.26308199763298035,0.2732751965522766,0.9732803106307983,1.224363923072815,0.0,-0.010193198919296265,-0.010193198919296265,0.17316652834415436,0.17316652834415436,0.21497486531734467,-1.5566065311431885,1.4872417449951172,0.0,-0.04180833697319031,-0.04180833697319031,-0.06696664541959763,-0.06696664541959763,0.022837325930595398,-2.0000033378601074,0.7545384764671326,0.0,-0.08980397135019302,-0.08980397135019302
1041,34.7,4,0,0,,4,uneven rough,5,0.0,53.68060302734375,30.801267623901367,0.2629855275154114,1.7680543661117554,0.846463680267334,1.7680543661117554,0.846463680267334,9.08009147644043,1.381709337234497,0.1666666716337204,0.15259338915348053,0.2123710811138153,0.8840271830558777,0.423231840133667,-0.07289199531078339,0.40727469325065613,0.15085934102535248,0.3371279537677765,0.21191246807575226,0.48585858941078186,-0.05102439597249031,-0.05102439597249031,0.23814797401428223,-1.6359782218933105,1.522650957107544,0.0,-0.28917236998677254,-0.28917236998677254,0.20363734662532806,0.20363734662532806,0.11613660305738449,2.0000011920928955,0.02584441564977169,0.0,0.08750074356794357,0.08750074356794357,0.07542967051267624,0.07542967051267624,0.07605774700641632,0.7436109781265259,-0.7902024388313293,0.0,-0.0006280764937400818,-0.0006280764937400818,0.23598957061767578,0.23598957061767578,0.22862200438976288,1.8119120597839355,0.45429134368896484,0.0,0.007367566227912903,0.007367566227912903,0.10595623403787613,0.10595623403787613,0.16704557836055756,-1.9781875610351562,0.7417084574699402,0.0,-0.06108934432268143,-0.06108934432268143,0.24292929470539093,0.24292929470539093,-0.047737717628479004,0.48119789361953735,-1.175855278968811,0.0,0.29066701233386993,0.29066701233386993
1041,34.7,14,0,0,,4,uneven rough,5,0.0,54.42194747924805,33.57495880126953,0.24822364747524261,1.626171350479126,0.22028812766075134,1.626171350479126,0.22028812766075134,2.4811530113220215,4.369266033172607,0.5,0.22077032923698425,0.2046428620815277,0.813085675239563,0.11014406383037567,0.08993566036224365,-0.030441483482718468,0.6392484903335571,0.3852267563343048,0.46982645988464355,-0.26356711983680725,0.06295496225357056,0.06295496225357056,0.2611176371574402,-1.7534759044647217,0.9138116240501404,0.0,-0.19816267490386963,-0.19816267490386963,-0.04870637506246567,-0.04870637506246567,0.07776518166065216,-1.3722399473190308,-1.394482135772705,0.0,-0.12647155672311783,-0.12647155672311783,0.31962424516677856,0.31962424516677856,0.1322583556175232,0.9550447463989258,-0.9999712109565735,0.0,0.18736588954925537,0.18736588954925537,0.2696587145328522,0.2696587145328522,0.25798550248146057,1.6755393743515015,-0.9354693293571472,0.0,0.011673212051391602,0.011673212051391602,0.23491322994232178,0.23491322994232178,0.11846470087766647,1.5833250284194946,-0.5609223246574402,0.0,0.1164485290646553,0.1164485290646553,-0.13178355991840363,-0.13178355991840363,-0.034343890845775604,-1.9372223615646362,-0.38210877776145935,0.0,-0.09743966907262802,-0.09743966907262802
1041,34.7,24,0,0,,4,uneven rough,11,0.0,103.0753173828125,36.52960968017578,0.32749032974243164,0.8938921689987183,-0.1573418825864792,0.8938921689987183,-0.1573418825864792,4.355283737182617,0.8800727725028992,0.3333333432674408,-0.5532316565513611,0.07664616405963898,0.44694608449935913,-0.0786709412932396,0.41423511505126953,-0.27865827083587646,0.5383629202842712,-0.0563088022172451,0.1299840658903122,-0.0019208057783544064,0.28996458649635315,0.28996458649635315,0.23922893404960632,2.000004768371582,-0.35957685112953186,0.0,0.050735652446746826,0.050735652446746826,-0.44585323333740234,-0.44585323333740234,-0.1593860536813736,-1.9766733646392822,-1.2857327461242676,0.0,-0.28646717965602875,-0.28646717965602875,0.2691814601421356,0.2691814601421356,0.06917571276426315,0.5114916563034058,-0.6583121418952942,0.0,0.20000574737787247,0.20000574737787247,-0.03941616043448448,-0.03941616043448448,0.20622336864471436,-1.6119154691696167,1.0824007987976074,0.0,-0.24563952907919884,-0.24563952907919884,0.0649920329451561,0.0649920329451561,0.1616174429655075,-1.9361802339553833,-0.23375552892684937,0.0,-0.09662541002035141,-0.09662541002035141,-0.0009604028891772032,-0.0009604028891772032,0.047328196465969086,-0.10302376747131348,-0.8028843998908997,0.0,-0.04828859935514629,-0.04828859935514629
1042,34.733333333333334,4,0,0,,4,uneven rough,5,0.0,53.70984649658203,30.845760345458984,0.2710750102996826,1.4125261306762695,0.47470593452453613,1.4125261306762695,0.47470593452453613,7.440001487731934,3.3333334922790527,0.1666666716337204,-0.17973344027996063,0.16181069612503052,0.7062630653381348,0.23735296726226807,-0.442268043756485,0.6088753342628479,-0.3390269875526428,0.06295186281204224,0.07071118801832199,-0.1033896654844284,-0.30958762764930725,-0.30958762764930725,0.19176198542118073,-1.5878640413284302,-0.2632436454296112,0.0,-0.501349613070488,-0.501349613070488,0.30443766713142395,0.30443766713142395,0.1776866763830185,1.8159738779067993,1.1420361995697021,0.0,0.12675099074840546,0.12675099074840546,-0.1695134937763214,-0.1695134937763214,0.011275882832705975,-1.9994831085205078,0.07701841741800308,0.0,-0.18078937660902739,-0.18078937660902739,0.044066302478313446,0.044066302478313446,0.20693886280059814,-1.983230471611023,1.2218924760818481,0.0,-0.1628725603222847,-0.1628725603222847,0.035355594009160995,0.035355594009160995,0.10251200944185257,-1.8387051820755005,-0.7961256504058838,0.0,-0.06715641543269157,-0.06715641543269157,-0.0516948327422142,-0.0516948327422142,-0.03473614528775215,0.5433244705200195,-0.23895443975925446,0.0,-0.01695868745446205,-0.01695868745446205
1042,34.733333333333334,14,0,0,,4,uneven rough,5,0.0,54.44706344604492,33.61463165283203,0.23931893706321716,1.6787766218185425,0.28569114208221436,1.6787766218185425,0.28569114208221436,7.252429008483887,2.11431884765625,0.3333333432674408,0.27722132205963135,0.21384653449058533,0.8393883109092712,0.14284557104110718,0.6289530396461487,-0.0007597541552968323,0.24282756447792053,0.4633362591266632,0.3413200378417969,0.12499657273292542,0.4402671158313751,0.4402671158313751,0.2933086156845093,1.7439428567886353,-0.5942775011062622,0.0,0.14695850014686584,0.14695850014686584,-0.0012156066950410604,-0.0012156066950410604,0.017017392441630363,-1.7523095607757568,-1.3819063901901245,0.0,-0.018232999136671424,-0.018232999136671424,0.12141378223896027,0.12141378223896027,0.12269562482833862,-0.6120234131813049,0.10539831966161728,0.0,-0.001281842589378357,-0.001281842589378357,0.32433536648750305,0.32433536648750305,0.2874300181865692,1.5429977178573608,0.5407996773719788,0.0,0.03690534830093384,0.03690534830093384,0.17066001892089844,0.17066001892089844,0.1488054394721985,1.0883749723434448,0.6514389514923096,0.0,0.02185457944869995,0.02185457944869995,0.06249828636646271,0.06249828636646271,-0.015608424320816994,-0.49912571907043457,-1.2613728046417236,0.0,0.0781067106872797,0.0781067106872797
1042,34.733333333333334,24,0,0,,4,uneven rough,11,0.0,103.1015853881836,36.571624755859375,0.3165525197982788,0.9211255311965942,-1.0977498292922974,0.9211255311965942,-1.0977498292922974,1.6912305355072021,2.060619831085205,0.3333333432674408,-0.4297921359539032,0.20568279922008514,0.4605627655982971,-0.5488749146461487,0.2908036410808563,-0.26454293727874756,0.5936428308486938,0.11442489922046661,0.48478588461875916,-0.2957748770713806,0.20356254279613495,0.20356254279613495,0.23266686499118805,-0.7673213481903076,0.974534809589386,0.0,-0.0291043221950531,-0.0291043221950531,-0.42326870560646057,-0.42326870560646057,-0.18998277187347412,0.7940511703491211,-1.676391839981079,0.0,-0.23328593373298645,-0.23328593373298645,0.2968214154243469,0.2968214154243469,0.1398748755455017,1.0164146423339844,0.0030970177613198757,0.0,0.15694653987884521,0.15694653987884521,0.08009742945432663,0.08009742945432663,0.14370159804821014,-1.942243218421936,-0.44097045063972473,0.0,-0.06360416859388351,-0.06360416859388351,0.24239294230937958,0.24239294230937958,0.18896766006946564,1.535504698753357,-1.1963094472885132,0.0,0.05342528223991394,0.05342528223991394,-0.1478874385356903,-0.1478874385356903,0.059869345277547836,-0.5645139813423157,-0.4071819484233856,0.0,-0.20775678381323814,-0.20775678381323814
1043,34.766666666666666,4,0,0,,4,uneven rough,5,0.0,53.740074157714844,30.887296676635742,0.26687195897102356,1.6214301586151123,1.1887600421905518,1.6214301586151123,1.1887600421905518,4.994480133056641,2.9203429222106934,0.3333333432674408,-0.04889438673853874,0.2877589464187622,0.8107150793075562,0.5943800210952759,0.4248490035533905,0.23570504784584045,0.41847848892211914,-0.21654856204986572,0.058745890855789185,-0.612385630607605,0.2973943054676056,0.2973943054676056,0.23264829814434052,1.9977951049804688,-1.0121864080429077,0.0,0.06474600732326508,0.06474600732326508,0.11785252392292023,0.11785252392292023,0.1379753202199936,-1.5711299180984497,1.5230817794799805,0.0,-0.020122796297073364,-0.020122796297073364,0.20923924446105957,0.20923924446105957,0.05898008868098259,1.9998362064361572,-1.0970392227172852,0.0,0.15025915578007698,0.15025915578007698,-0.1515839844942093,-0.1515839844942093,0.13834920525550842,-1.7909154891967773,-0.5902897715568542,0.0,-0.2899331897497177,-0.2899331897497177,0.029372945427894592,0.029372945427894592,0.03295178711414337,-1.362673282623291,-1.3856019973754883,0.0,-0.0035788416862487793,-0.0035788416862487793,-0.3061928153038025,-0.3061928153038025,-0.028480907902121544,-0.9043256044387817,0.20334745943546295,0.0,-0.27771190740168095,-0.27771190740168095
1043,34.766666666666666,14,0,0,,4,uneven rough,5,0.0,54.467430114746094,33.65333557128906,0.23073714971542358,1.880401611328125,0.6029379367828369,1.8757513761520386,0.6029379367828369,8.625980377197266,3.8522820472717285,0.3333333432674408,0.44940733909606934,0.2248663604259491,0.9402008056640625,0.30146896839141846,-0.08321498334407806,-0.17051208019256592,0.32727187871932983,0.553668737411499,0.6442794799804688,-0.4026944041252136,-0.058250486850738525,-0.058250486850738525,0.26494312286376953,-1.6340069770812988,0.7277565002441406,0.0,-0.32319360971450806,-0.32319360971450806,-0.2728193402290344,-0.2728193402290344,-0.021693145856261253,-0.6584705710411072,-1.591333031654358,0.0,-0.25112619437277317,-0.25112619437277317,0.16363593935966492,0.16363593935966492,0.15393732488155365,1.4514634609222412,-0.30023321509361267,0.0,0.009698614478111267,0.009698614478111267,0.3875681161880493,0.3875681161880493,0.3592950105667114,1.986047625541687,1.1074442863464355,0.0,0.02827310562133789,0.02827310562133789,0.3221397399902344,0.3221397399902344,0.19611167907714844,1.7746275663375854,0.8984833359718323,0.0,0.12602806091308594,0.12602806091308594,-0.2013472020626068,-0.2013472020626068,-0.08076731115579605,-1.96499502658844,-0.8303969502449036,0.0,-0.12057989090681076,-0.12057989090681076
1043,34.766666666666666,24,0,0,,4,uneven rough,11,0.0,103.13414764404297,36.612857818603516,0.3135550022125244,1.0359188318252563,-0.4063813388347626,1.0359188318252563,-0.4063813388347626,3.547672986984253,6.870236873626709,0.5,-0.3115210235118866,0.2528989613056183,0.5179594159126282,-0.2031906694173813,0.8879746794700623,-0.2930733859539032,0.33693814277648926,0.284773588180542,0.40642568469047546,-0.01625063642859459,0.6215822696685791,0.6215822696685791,0.2529597282409668,0.5041102170944214,-0.010313780046999454,0.0,0.3686225414276123,0.3686225414276123,-0.4689174294471741,-0.4689174294471741,-0.22596129775047302,0.608252763748169,-0.2795989215373993,0.0,-0.24295613169670105,-0.24295613169670105,0.16846907138824463,0.16846907138824463,0.16721788048744202,0.7620376348495483,0.5760286450386047,0.0,0.0012511909008026123,0.0012511909008026123,0.19934150576591492,0.19934150576591492,0.14437589049339294,1.786664605140686,-1.289792776107788,0.0,0.05496561527252197,0.05496561527252197,0.20321284234523773,0.20321284234523773,0.16094602644443512,-0.21213532984256744,0.3482632040977478,0.0,0.04226681590080261,0.04226681590080261,-0.008125318214297295,-0.008125318214297295,0.020893707871437073,-0.9225491285324097,-0.4961377680301666,0.0,-0.029019026085734367,-0.029019026085734367
1044,34.8,4,0,0,,4,uneven rough,5,0.0,53.77371597290039,30.9295654296875,0.24875202775001526,1.6799780130386353,-0.39781203866004944,1.6799780130386353,-0.39781203866004944,6.597202301025391,1.2687674760818481,0.1666666716337204,0.4245491027832031,0.15885868668556213,0.8399890065193176,-0.19890601933002472,0.36051666736602783,-0.20766843855381012,0.5202977657318115,0.1931743323802948,0.1745554655790329,-0.566421389579773,0.2523616552352905,0.2523616552352905,0.2612270712852478,-0.10430901497602463,0.689662516117096,0.0,-0.008865416049957275,-0.008865416049957275,-0.3322695195674896,-0.3322695195674896,0.08272651582956314,-1.9812309741973877,-0.22639107704162598,0.0,-0.41499603539705276,-0.41499603539705276,0.26014888286590576,0.26014888286590576,0.042978137731552124,-0.6350428462028503,0.6539397239685059,0.0,0.21717074513435364,0.21717074513435364,0.13522203266620636,0.13522203266620636,0.13657738268375397,0.6140660047531128,-1.2691256999969482,0.0,-0.0013553500175476074,-0.0013553500175476074,0.08727773278951645,0.08727773278951645,0.0888507142663002,1.9986809492111206,-1.3726379871368408,0.0,-0.0015729814767837524,-0.0015729814767837524,-0.2832106947898865,-0.2832106947898865,-0.047388508915901184,-0.11353801190853119,-0.42293286323547363,0.0,-0.2358221858739853,-0.2358221858739853
1044,34.8,14,0,0,,4,uneven rough,5,0.0,54.49108123779297,33.69186782836914,0.2367231249809265,1.5838881731033325,-0.06304476410150528,1.5838881731033325,-0.06304476410150528,8.005123138427734,2.226541042327881,0.1666666716337204,0.4957609176635742,0.20159566402435303,0.7919440865516663,-0.03152238205075264,0.5651018023490906,0.15396548807621002,0.3219653367996216,0.30660480260849,0.24183280766010284,0.007473459932953119,0.3955712616443634,0.3955712616443634,0.32798925042152405,1.9379826784133911,-0.6075887680053711,0.0,0.06758201122283936,0.06758201122283936,0.07698274403810501,0.07698274403810501,-0.01704535447061062,0.9558797478675842,-1.0638909339904785,0.0,0.09402809850871563,0.09402809850871563,0.1609826683998108,0.1609826683998108,0.17406250536441803,0.1671716421842575,0.6901792287826538,0.0,-0.013079836964607239,-0.013079836964607239,0.214623361825943,0.214623361825943,0.3024510443210602,-1.759655237197876,1.60420823097229,0.0,-0.08782768249511719,-0.08782768249511719,0.12091640383005142,0.12091640383005142,0.18752609193325043,-1.9930813312530518,1.3938568830490112,0.0,-0.066609688103199,-0.066609688103199,0.0037367299664765596,0.0037367299664765596,-0.0903404951095581,0.5860156416893005,-1.4719007015228271,0.0,0.09407722507603467,0.09407722507603467
1044,34.8,24,0,0,,4,uneven rough,11,0.0,103.1719970703125,36.65437698364258,0.32027769088745117,1.2515358924865723,0.3536054491996765,1.2515358924865723,0.3536054491996765,6.2304182052612305,5.951342582702637,0.5,-0.05191813036799431,0.1986362636089325,0.6257679462432861,0.17680272459983826,0.2987883985042572,0.41625773906707764,0.25849398970603943,0.6454969644546509,0.008502688258886337,0.3709423243999481,0.20915187895298004,0.20915187895298004,0.22681675851345062,-1.4645124673843384,0.2805424630641937,0.0,-0.01766487956047058,-0.01766487956047058,0.20812886953353882,0.20812886953353882,-0.18622975051403046,0.7851191759109497,0.22239401936531067,0.0,0.3943586200475693,0.3943586200475693,0.12924699485301971,0.12924699485301971,0.1494005024433136,-0.7085611820220947,0.6811984777450562,0.0,-0.020153507590293884,-0.020153507590293884,0.4518478810787201,0.4518478810787201,0.2129032015800476,1.944476842880249,0.44964173436164856,0.0,0.23894467949867249,0.23894467949867249,0.004251344129443169,0.004251344129443169,0.10219915956258774,-1.9937644004821777,0.031412869691848755,0.0,-0.09794781543314457,-0.09794781543314457,0.18547116219997406,0.18547116219997406,0.06313320249319077,0.45771655440330505,-0.7372314929962158,0.0,0.1223379597067833,0.1223379597067833
1045,34.833333333333336,4,0,0,,4,uneven rough,5,0.0,53.80992126464844,30.97160530090332,0.2351628690958023,1.586042046546936,-0.03148733079433441,1.586042046546936,-0.03148733079433441,5.216760158538818,1.5895612239837646,0.3333333432674408,0.3700461983680725,0.18814890086650848,0.793021023273468,-0.015743665397167206,0.6661659479141235,0.07982606440782547,0.08041653782129288,0.27206817269325256,0.5217917561531067,0.2559916377067566,0.4663161635398865,0.4663161635398865,0.31663602590560913,1.4809908866882324,0.24074959754943848,0.0,0.14968013763427734,0.14968013763427734,0.039913032203912735,0.039913032203912735,0.05448313057422638,-0.1242394670844078,-1.218580722808838,0.0,-0.014570098370313644,-0.014570098370313644,0.04020826891064644,0.04020826891064644,0.02600828930735588,-0.5016517639160156,-0.0748533383011818,0.0,0.014199979603290558,0.014199979603290558,0.19044771790504456,0.19044771790504456,0.15950359404087067,1.9490000009536743,-0.20436573028564453,0.0,0.03094412386417389,0.03094412386417389,0.26089587807655334,0.26089587807655334,0.14872007071971893,1.37750244140625,0.5335118174552917,0.0,0.11217580735683441,0.11217580735683441,0.1279958188533783,0.1279958188533783,0.0017928386805579066,0.942126989364624,-0.24800045788288116,0.0,0.1262029801728204,0.1262029801728204
1045,34.833333333333336,14,0,0,,4,uneven rough,5,0.0,54.50886535644531,33.7291145324707,0.25562530755996704,1.3689463138580322,1.0708842277526855,1.3689463138580322,1.0708842277526855,4.153990745544434,1.8312785625457764,0.1802854984998703,0.18555811047554016,0.2839165925979614,0.6844731569290161,0.5354421138763428,-0.4295913577079773,0.4483075737953186,0.7837613224983215,0.22179509699344635,0.24166551232337952,-0.16003485023975372,-0.3007139563560486,-0.3007139563560486,0.31728944182395935,-0.8921003341674805,0.8316819071769714,0.0,-0.6180033981800079,-0.6180033981800079,0.2241537868976593,0.2241537868976593,0.0293258186429739,1.3191471099853516,0.07809103280305862,0.0,0.1948279682546854,0.1948279682546854,0.39188066124916077,0.39188066124916077,0.2323600947856903,1.6467258930206299,0.3944697976112366,0.0,0.15952056646347046,0.15952056646347046,0.15525656938552856,0.15525656938552856,0.25653791427612305,-1.975150227546692,-0.29772624373435974,0.0,-0.10128134489059448,-0.10128134489059448,0.12083275616168976,0.12083275616168976,0.15075553953647614,-1.2930055856704712,-0.521124005317688,0.0,-0.029922783374786377,-0.029922783374786377,-0.08001742511987686,-0.08001742511987686,-0.07630838453769684,0.27821871638298035,-0.3083510994911194,0.0,-0.003709040582180023,-0.003709040582180023
1045,34.833333333333336,24,0,0,,4,uneven rough,11,0.0,103.21098327636719,36.69329833984375,0.3273163437843323,0.5671060681343079,0.29996436834335327,0.5671060681343079,0.29996436834335327,4.337057113647461,0.8251341581344604,0.1666666716337204,0.2970108985900879,0.2658718526363373,0.28355303406715393,0.14998218417167664,0.08110809326171875,0.5405275821685791,0.4983952045440674,0.5570563673973083,-0.29504501819610596,0.4226148724555969,0.056775663048028946,0.056775663048028946,0.16091910004615784,-1.994554042816162,-0.7061147093772888,0.0,-0.10414343699812889,-0.10414343699812889,0.27026379108428955,0.27026379108428955,-0.1226392462849617,1.9955050945281982,0.5405598282814026,0.0,0.39290303736925125,0.39290303736925125,0.2491976022720337,0.2491976022720337,0.2071380317211151,1.9572904109954834,-0.10457413643598557,0.0,0.04205957055091858,0.04205957055091858,0.38993945717811584,0.38993945717811584,0.279209703207016,1.9881733655929565,1.2948241233825684,0.0,0.11072975397109985,0.11072975397109985,-0.472072035074234,-0.472072035074234,0.06061360239982605,-1.8381845951080322,-1.1136260032653809,0.0,-0.5326856374740601,-0.5326856374740601,0.21130743622779846,0.21130743622779846,0.11313771456480026,0.8119084239006042,-0.06160573288798332,0.0,0.0981697216629982,0.0981697216629982
1046,34.86666666666667,4,0,0,,4,uneven rough,5,0.0,53.84587860107422,31.012920379638672,0.23267221450805664,1.514792561531067,0.6726976037025452,1.514792561531067,0.6726976037025452,7.786079406738281,0.5582515597343445,0.1666666716337204,0.3074195981025696,0.23997318744659424,0.7573962807655334,0.3363488018512726,-0.04141011834144592,-0.1747961938381195,0.3621728718280792,0.4809538424015045,0.4997252821922302,0.12993291020393372,-0.028987081721425056,-0.028987081721425056,0.301868736743927,-1.287123441696167,0.941984236240387,0.0,-0.33085581846535206,-0.33085581846535206,-0.27967390418052673,-0.27967390418052673,0.05677429214119911,0.6968023180961609,-0.5998381972312927,0.0,-0.33644819632172585,-0.33644819632172585,0.1810864359140396,0.1810864359140396,0.08042509108781815,2.004286527633667,-0.3161659240722656,0.0,0.10066134482622147,0.10066134482622147,0.3366676867008209,0.3366676867008209,0.2341054379940033,1.9847898483276367,1.0131511688232422,0.0,0.10256224870681763,0.10256224870681763,0.2498626410961151,0.2498626410961151,0.1876150518655777,2.0005528926849365,1.010705590248108,0.0,0.062247589230537415,0.062247589230537415,0.06496645510196686,0.06496645510196686,0.058114103972911835,1.1928226947784424,0.42489972710609436,0.0,0.006852351129055023,0.006852351129055023
1046,34.86666666666667,14,0,0,,4,uneven rough,5,0.0,54.515625,33.76993179321289,0.2702464163303375,1.5034728050231934,0.5104183554649353,1.5034728050231934,0.5104183554649353,5.953118324279785,1.6321353912353516,0.1666666716337204,0.2050676792860031,0.22483542561531067,0.7517364025115967,0.25520917773246765,0.43430933356285095,0.3255373239517212,0.39992520213127136,-0.1779310405254364,0.1586587280035019,-0.5723663568496704,0.3040165305137634,0.3040165305137634,0.29898688197135925,-0.4013642966747284,-0.14294767379760742,0.0,0.005029648542404175,0.005029648542404175,0.1627686619758606,0.1627686619758606,0.095821812748909,2.000000476837158,0.7797863483428955,0.0,0.0669468492269516,0.0669468492269516,0.19996260106563568,0.19996260106563568,0.19574381411075592,-0.7587916851043701,1.1024975776672363,0.0,0.004218786954879761,0.004218786954879761,-0.12455172836780548,-0.12455172836780548,0.19126373529434204,-2.000000238418579,-1.2461447715759277,0.0,-0.3158154636621475,-0.3158154636621475,0.07932936400175095,0.07932936400175095,0.08917397260665894,-1.503296136856079,-0.9575472474098206,0.0,-0.00984460860490799,-0.00984460860490799,-0.2861831784248352,-0.2861831784248352,-0.14219263195991516,-1.8152720928192139,0.023296521976590157,0.0,-0.14399054646492004,-0.14399054646492004
1046,34.86666666666667,24,0,0,,4,uneven rough,11,0.0,103.23978424072266,36.73926544189453,0.33282220363616943,0.6086085438728333,0.28472447395324707,0.6086085438728333,0.28472447395324707,5.41168737411499,3.4044976234436035,0.3333333432674408,0.6770524382591248,0.2626592516899109,0.3043042719364166,0.14236223697662354,0.11020170152187347,0.5685285329818726,0.5077780485153198,0.37293457984924316,-0.37338176369667053,0.14066191017627716,0.0771411880850792,0.0771411880850792,0.10049928724765778,-1.8759788274765015,-1.434600591659546,0.0,-0.023358099162578583,-0.023358099162578583,0.2842642664909363,0.2842642664909363,-0.05613258481025696,1.9348608255386353,1.3631885051727295,0.0,0.34039685130119324,0.34039685130119324,0.2538890242576599,0.2538890242576599,0.2460070550441742,-0.49122297763824463,1.0612077713012695,0.0,0.007881969213485718,0.007881969213485718,0.2610541880130768,0.2610541880130768,0.2939799427986145,-0.5257458686828613,1.686845064163208,0.0,-0.03292575478553772,-0.03292575478553772,-0.5974108576774597,-0.5974108576774597,-0.008117849007248878,-0.8080574870109558,-1.5232926607131958,0.0,-0.5892930086702108,-0.5892930086702108,0.07033095508813858,0.07033095508813858,0.07086901366710663,-1.1540896892547607,0.4322807490825653,0.0,-0.0005380585789680481,-0.0005380585789680481
1047,34.9,4,0,0,,4,uneven rough,5,0.0,53.87583541870117,31.055641174316406,0.21356451511383057,1.7809171676635742,0.9212741255760193,1.7809171676635742,0.9212741255760193,8.974203109741211,1.493387222290039,0.1666666716337204,0.3383145332336426,0.12727254629135132,0.8904585838317871,0.46063706278800964,0.39599138498306274,-0.03561297804117203,-0.13120168447494507,0.5099748969078064,0.5267922878265381,-0.1342162787914276,0.27719396352767944,0.27719396352767944,0.27296340465545654,-0.15567591786384583,-0.3183572292327881,0.0,0.0042305588722229,0.0042305588722229,-0.056980766355991364,-0.056980766355991364,-0.000805401592515409,-1.999986171722412,0.13328467309474945,0.0,-0.056175364763475955,-0.056175364763475955,-0.06560084223747253,-0.06560084223747253,0.018107037991285324,-1.9999996423721313,0.9958220720291138,0.0,-0.08370788022875786,-0.08370788022875786,0.35698240995407104,0.35698240995407104,0.30097290873527527,1.977149248123169,1.5625174045562744,0.0,0.056009501218795776,0.056009501218795776,0.26339614391326904,0.26339614391326904,0.2252262383699417,1.3004754781723022,1.5703669786453247,0.0,0.03816990554332733,0.03816990554332733,-0.0671081393957138,-0.0671081393957138,-0.003897984279319644,-1.9705389738082886,0.8590847253799438,0.0,-0.06321015511639416,-0.06321015511639416
1047,34.9,14,0,0,,4,uneven rough,5,0.0,54.52903366088867,33.80864715576172,0.2678642272949219,1.3971686363220215,-0.28714531660079956,1.3971686363220215,-0.28714531660079956,7.139681816101074,0.0,0.0,0.2428297996520996,0.2515137195587158,0.6985843181610107,-0.14357265830039978,0.5933125019073486,0.1425739973783493,0.4367188811302185,0.11340703070163727,-0.04343470185995102,-0.6895854473114014,0.4153187572956085,0.4153187572956085,0.35272732377052307,2.0001089572906494,-0.2890568971633911,0.0,0.06259143352508545,0.06259143352508545,0.07128699868917465,0.07128699868917465,0.07606955617666245,-1.3251608610153198,1.4696975946426392,0.0,-0.004782557487487793,-0.004782557487487793,0.21835944056510925,0.21835944056510925,0.20020991563796997,0.24009567499160767,0.05012129247188568,0.0,0.018149524927139282,0.018149524927139282,0.07938492298126221,0.07938492298126221,0.12148964405059814,-1.927400827407837,-1.672376036643982,0.0,-0.04210472106933594,-0.04210472106933594,-0.06949552148580551,-0.06949552148580551,0.019958509132266045,-1.7664796113967896,-1.266114592552185,0.0,-0.08945403061807156,-0.08945403061807156,-0.3447927236557007,-0.3447927236557007,-0.2021293193101883,-1.9036227464675903,-1.0162334442138672,0.0,-0.1426634043455124,-0.1426634043455124
1047,34.9,24,0,0,,4,uneven rough,11,0.0,103.2660903930664,36.791290283203125,0.3243510127067566,1.048231601715088,0.32131892442703247,1.048231601715088,0.32131892442703247,6.737791061401367,2.0502352714538574,0.1666666716337204,0.6321910619735718,0.10718616098165512,0.524115800857544,0.16065946221351624,0.6036330461502075,0.048456497490406036,-0.4229222238063812,0.16333648562431335,0.297227144241333,-0.215489000082016,0.42254313826560974,0.42254313826560974,0.14899806678295135,1.910664439201355,-1.6841566562652588,0.0,0.2735450714826584,0.2735450714826584,0.024228248745203018,0.024228248745203018,0.010327374562621117,2.0014171600341797,1.686413049697876,0.0,0.013900874182581902,0.013900874182581902,-0.2114611119031906,-0.2114611119031906,0.18237443268299103,-2.0000269412994385,0.18346063792705536,0.0,-0.39383554458618164,-0.39383554458618164,0.11433553695678711,0.11433553695678711,0.22465315461158752,-1.8296043872833252,0.4358421564102173,0.0,-0.11031761765480042,-0.11031761765480042,0.1486135721206665,0.1486135721206665,0.038223396986722946,1.2179569005966187,-1.1188974380493164,0.0,0.11039017513394356,0.11039017513394356,-0.107744500041008,-0.107744500041008,0.006119731813669205,-1.9838695526123047,-0.46465593576431274,0.0,-0.1138642318546772,-0.1138642318546772
1048,34.93333333333333,4,0,0,,4,uneven rough,5,0.0,53.90754699707031,31.09890365600586,0.21243321895599365,1.241882085800171,0.4650724232196808,1.241882085800171,0.4650724232196808,6.275210380554199,0.0,0.0,0.1636805236339569,0.18907508254051208,0.6209410429000854,0.2325362116098404,0.24040701985359192,-0.30712801218032837,0.6797654032707214,0.28965821862220764,0.21653708815574646,0.08147921413183212,0.16828490793704987,0.16828490793704987,0.23112231492996216,-1.999777913093567,-0.22637692093849182,0.0,-0.06283740699291229,-0.06283740699291229,-0.49140483140945435,-0.49140483140945435,-0.031182169914245605,-0.010298988781869411,-1.0728704929351807,0.0,-0.46022266149520874,-0.46022266149520874,0.3398827016353607,0.3398827016353607,0.07313098013401031,1.5943763256072998,-0.698020875453949,0.0,0.2667517215013504,0.2667517215013504,0.2027607560157776,0.2027607560157776,0.30582424998283386,-1.2099970579147339,1.7969509363174438,0.0,-0.10306349396705627,-0.10306349396705627,0.10826854407787323,0.10826854407787323,0.16747552156448364,-1.9540479183197021,1.4177697896957397,0.0,-0.05920697748661041,-0.05920697748661041,0.04073960706591606,0.04073960706591606,0.04204157739877701,1.1784011125564575,-0.7407895922660828,0.0,-0.0013019703328609467,-0.0013019703328609467
1048,34.93333333333333,14,0,0,,4,uneven rough,5,0.0,54.54008483886719,33.847660064697266,0.26184841990470886,1.3451495170593262,-0.2802262008190155,1.3451495170593262,-0.2802262008190155,3.112537384033203,1.377978801727295,0.1666666716337204,0.3982483148574829,0.11170262098312378,0.6725747585296631,-0.14011310040950775,0.35932230949401855,0.192392036318779,0.4345914125442505,0.16547787189483643,0.15324006974697113,-0.3880560100078583,0.2515256106853485,0.2515256106853485,0.3124123215675354,-1.9831302165985107,1.0052416324615479,0.0,-0.06088671088218689,-0.06088671088218689,0.0961960181593895,0.0961960181593895,0.10924498736858368,0.47683560848236084,-0.1105203628540039,0.0,-0.013048969209194183,-0.013048969209194183,0.21729570627212524,0.21729570627212524,0.22123803198337555,0.2666109800338745,0.15753315389156342,0.0,-0.003942325711250305,-0.003942325711250305,0.11583451181650162,0.11583451181650162,0.1159140020608902,-0.39155706763267517,-1.8165675401687622,0.0,-7.949024438858032e-05,-7.949024438858032e-05,0.07662003487348557,0.07662003487348557,0.061223965138196945,0.16210949420928955,-1.54902184009552,0.0,0.01539606973528862,0.01539606973528862,-0.19402800500392914,-0.19402800500392914,-0.15567772090435028,1.827217936515808,-1.5179649591445923,0.0,-0.03835028409957886,-0.03835028409957886
1048,34.93333333333333,24,0,0,,4,uneven rough,11,0.0,103.29508209228516,36.840904235839844,0.3228733539581299,0.8407050967216492,-0.36177578568458557,0.8407050967216492,-0.36177578568458557,4.229146480560303,1.707985281944275,0.1666666716337204,0.6110864877700806,0.11375215649604797,0.4203525483608246,-0.18088789284229279,0.6314542889595032,0.204093798995018,-0.24448424577713013,0.21967022120952606,-0.0747719407081604,-0.38424983620643616,0.4420180022716522,0.4420180022716522,0.21613049507141113,1.8081791400909424,0.34836164116859436,0.0,0.2258875072002411,0.2258875072002411,0.102046899497509,0.102046899497509,0.06190669164061546,2.002021312713623,1.8645168542861938,0.0,0.04014020785689354,0.04014020785689354,-0.12224212288856506,-0.12224212288856506,0.11718536913394928,-2.0000247955322266,-1.0510871410369873,0.0,-0.23942749202251434,-0.23942749202251434,0.15376915037631989,0.15376915037631989,0.16431879997253418,-1.5371959209442139,-0.8450453877449036,0.0,-0.010549649596214294,-0.010549649596214294,-0.11963510513305664,-0.11963510513305664,0.005587657913565636,-0.8583534955978394,0.20236420631408691,0.0,-0.12522276304662228,-0.12522276304662228,-0.19212491810321808,-0.19212491810321808,-0.04545840248465538,-1.0437668561935425,-1.3236219882965088,0.0,-0.1466665156185627,-0.1466665156185627
1049,34.96666666666667,4,0,0,,4,uneven rough,5,0.0,53.93968200683594,31.145671844482422,0.22347739338874817,1.611907958984375,0.42670509219169617,1.611907958984375,0.42670509219169617,8.300508499145508,3.827117919921875,0.3333333432674408,0.373909056186676,0.1873096227645874,0.8059539794921875,0.21335254609584808,0.39243680238723755,0.13481034338474274,0.6265530586242676,0.12236043065786362,0.10320272296667099,-0.4888415038585663,0.27470576763153076,0.27470576763153076,0.24972841143608093,0.8398967385292053,-1.2290610074996948,0.0,0.02497735619544983,0.02497735619544983,0.06740517169237137,0.06740517169237137,0.03353949636220932,1.1130565404891968,-0.4720906615257263,0.0,0.03386567533016205,0.03386567533016205,0.3132765293121338,0.3132765293121338,0.1219874769449234,0.3621268570423126,0.5981045961380005,0.0,0.1912890523672104,0.1912890523672104,0.08565229922533035,0.08565229922533035,0.2358013540506363,-1.7904096841812134,0.09681717306375504,0.0,-0.15014905482530594,-0.15014905482530594,0.051601361483335495,0.051601361483335495,0.11253876984119415,-1.742155909538269,-0.4886619746685028,0.0,-0.06093740835785866,-0.06093740835785866,-0.24442075192928314,-0.24442075192928314,0.006039477419108152,1.1849122047424316,0.3443242907524109,0.0,-0.2504602293483913,-0.2504602293483913
1049,34.96666666666667,14,0,0,,4,uneven rough,5,0.0,54.553916931152344,33.884300231933594,0.25720590353012085,1.3844411373138428,0.3115997016429901,1.3844411373138428,0.3115997016429901,5.802855491638184,2.4306416511535645,0.3333333432674408,0.27400729060173035,0.23873040080070496,0.6922205686569214,0.15579985082149506,0.8326447606086731,0.2613557279109955,-0.267154335975647,0.23472335934638977,0.230841726064682,-0.15402616560459137,0.5828513503074646,0.5828513503074646,0.31465789675712585,0.7858114242553711,-0.6843891739845276,0.0,0.26819345355033875,0.26819345355033875,0.13067786395549774,0.13067786395549774,0.15242622792720795,0.13011090457439423,0.22157175838947296,0.0,-0.021748363971710205,-0.021748363971710205,-0.1335771679878235,-0.1335771679878235,0.16362525522708893,-2.0000076293945312,0.21920594573020935,0.0,-0.2972024232149124,-0.2972024232149124,0.16430634260177612,0.16430634260177612,0.11258851736783981,1.0012868642807007,-1.010864019393921,0.0,0.05171782523393631,0.05171782523393631,0.115420863032341,0.115420863032341,0.09268799424171448,0.4983997046947479,-0.5815451145172119,0.0,0.022732868790626526,0.022732868790626526,-0.07701308280229568,-0.07701308280229568,-0.08646675199270248,2.008540391921997,0.37340742349624634,0.0,0.0094536691904068,0.0094536691904068
1049,34.96666666666667,24,0,0,,4,uneven rough,11,0.0,103.32515716552734,36.88958740234375,0.330400288105011,0.3831883370876312,-1.1365848779678345,0.3831883370876312,-1.1365848779678345,2.2875747680664062,3.1249024868011475,0.3333333432674408,0.449556827545166,0.053987644612789154,0.1915941685438156,-0.5682924389839172,0.40482383966445923,0.3077637255191803,0.4121995270252228,0.1931954026222229,-0.13877160847187042,-0.38100406527519226,0.28337669372558594,0.28337669372558594,0.2730240225791931,1.0042592287063599,1.173745036125183,0.0,0.010352671146392822,0.010352671146392822,0.15388186275959015,0.15388186275959015,0.12897461652755737,1.9728566408157349,1.942262053489685,0.0,0.024907246232032776,0.024907246232032776,0.2060997635126114,0.2060997635126114,0.089032381772995,-0.25855588912963867,-1.5876182317733765,0.0,0.1170673817396164,0.1170673817396164,0.13523678481578827,0.13523678481578827,0.12133621424436569,-0.29978662729263306,-1.2363885641098022,0.0,0.013900570571422577,0.013900570571422577,-0.22203457355499268,-0.22203457355499268,-0.03377274423837662,-1.3684409856796265,-0.3973674774169922,0.0,-0.18826182931661606,-0.18826182931661606,-0.19050203263759613,-0.19050203263759613,-0.08687552064657211,-1.5853755474090576,-1.165391445159912,0.0,-0.10362651199102402,-0.10362651199102402
1050,35.0,4,0,0,,4,uneven rough,5,0.0,53.9668083190918,31.188678741455078,0.22763878107070923,1.7127877473831177,-1.4707775115966797,1.7127877473831177,-1.4707775115966797,4.975769996643066,1.9989389181137085,0.3333333432674408,0.49523577094078064,0.09401977062225342,0.8563938736915588,-0.7353887557983398,0.1802462637424469,0.0446627214550972,0.06843556463718414,0.363533616065979,0.8577789068222046,-0.5825140476226807,0.12617237865924835,0.12617237865924835,0.18914562463760376,-1.989368200302124,-0.05926861613988876,0.0,-0.06297324597835541,-0.06297324597835541,0.0223313607275486,0.0223313607275486,0.0559602826833725,-0.8879072666168213,0.4241544008255005,0.0,-0.0336289219558239,-0.0336289219558239,0.03421778231859207,0.03421778231859207,0.07213475555181503,-1.8979008197784424,0.46468237042427063,0.0,-0.03791697323322296,-0.03791697323322296,0.2544735372066498,0.2544735372066498,0.25876083970069885,0.7487959861755371,-0.9702242612838745,0.0,-0.004287302494049072,-0.004287302494049072,0.4288894534111023,0.4288894534111023,0.11856958270072937,-0.5988589525222778,-1.1973897218704224,0.0,0.3103198707103729,0.3103198707103729,-0.29125702381134033,-0.29125702381134033,-0.006757550872862339,0.0893310084939003,0.8195942044258118,0.0,-0.284499472938478,-0.284499472938478
1050,35.0,14,0,0,,4,uneven rough,5,0.0,54.5656623840332,33.919002532958984,0.2537982165813446,1.3983527421951294,0.28443536162376404,1.3983527421951294,0.28443536162376404,7.036988258361816,1.1995172500610352,0.1666666716337204,0.27007293701171875,0.14610156416893005,0.6991763710975647,0.14221768081188202,0.30619755387306213,0.33308374881744385,0.06164482980966568,0.6008672118186951,0.21799014508724213,0.020212650299072266,0.2143382877111435,0.2143382877111435,0.257223904132843,-1.7856417894363403,0.1468648910522461,0.0,-0.042885616421699524,-0.042885616421699524,0.16654187440872192,0.16654187440872192,0.16795536875724792,-0.31442058086395264,0.1698596179485321,0.0,-0.001413494348526001,-0.001413494348526001,0.03082241490483284,0.03082241490483284,0.13737815618515015,-0.6640835404396057,-1.0355414152145386,0.0,-0.1065557412803173,-0.1065557412803173,0.4206070303916931,0.4206070303916931,0.17944380640983582,1.6264008283615112,0.12680968642234802,0.0,0.2411632239818573,0.2411632239818573,0.10899507254362106,0.10899507254362106,0.10496800392866135,0.05857771635055542,0.029057610780000687,0.0,0.004027068614959717,0.004027068614959717,0.010106325149536133,0.010106325149536133,-0.03905700892210007,1.3635159730911255,1.2979145050048828,0.0,0.0491633340716362,0.0491633340716362
1050,35.0,24,0,0,,4,uneven rough,11,0.0,103.35203552246094,36.936336517333984,0.324004590511322,0.10744865983724594,-0.7929928302764893,0.10744865983724594,-0.7929928302764893,2.0716378688812256,3.50331449508667,0.3333333432674408,0.20691727101802826,0.027922198176383972,0.05372432991862297,-0.39649641513824463,0.5062153935432434,0.0999469980597496,0.6022435426712036,0.06275884807109833,0.010595528408885002,-0.4642691910266876,0.3543507754802704,0.3543507754802704,0.33960866928100586,1.8452348709106445,1.077917456626892,0.0,0.014742106199264526,0.014742106199264526,0.0499734990298748,0.0499734990298748,0.1084393560886383,-1.9983117580413818,1.9595602750778198,0.0,-0.058465857058763504,-0.058465857058763504,0.3011217713356018,0.3011217713356018,0.13933543860912323,1.491668462753296,-0.8361639976501465,0.0,0.16178633272647858,0.16178633272647858,0.04393119364976883,0.04393119364976883,0.059546492993831635,-1.7442653179168701,-0.7068321108818054,0.0,-0.015615299344062805,-0.015615299344062805,0.005297764204442501,0.005297764204442501,-0.020711200311779976,1.4108331203460693,-0.9464141726493835,0.0,0.026008964516222477,0.026008964516222477,-0.2321345955133438,-0.2321345955133438,-0.13386249542236328,-1.9241033792495728,-1.4028512239456177,0.0,-0.09827210009098053,-0.09827210009098053
1051,35.03333333333333,4,0,0,,4,uneven rough,5,0.0,54.00160598754883,31.225444793701172,0.2317722737789154,1.1285068988800049,0.6947439312934875,1.1285068988800049,0.6947439312934875,4.756176948547363,2.565204620361328,0.3333333432674408,0.4932958483695984,0.12046681344509125,0.5642534494400024,0.3473719656467438,0.3018959164619446,0.12190096825361252,0.3452995717525482,0.42704734206199646,0.09028144180774689,0.16172611713409424,0.21132713556289673,0.21132713556289673,0.1799142062664032,0.877310574054718,-1.150550365447998,0.0,0.03141292929649353,0.03141292929649353,0.06095048412680626,0.06095048412680626,0.04424942657351494,0.6876997947692871,-0.31768763065338135,0.0,0.01670105755329132,0.01670105755329132,0.1726497858762741,0.1726497858762741,0.12802504003047943,2.000000238418579,-0.8711264133453369,0.0,0.04462474584579468,0.04462474584579468,0.29893314838409424,0.29893314838409424,0.2737973630428314,0.5423635244369507,0.0017128816107288003,0.0,0.025135785341262817,0.025135785341262817,0.045140720903873444,0.045140720903873444,0.0731392502784729,-1.5637609958648682,-0.858979344367981,0.0,-0.027998529374599457,-0.027998529374599457,0.08086305856704712,0.08086305856704712,0.058534882962703705,1.9745055437088013,0.40670207142829895,0.0,0.022328175604343414,0.022328175604343414
1051,35.03333333333333,14,0,0,,4,uneven rough,5,0.0,54.57917785644531,33.952476501464844,0.2540827989578247,1.1666479110717773,0.25824835896492004,1.1666479110717773,0.25824835896492004,6.3042755126953125,3.0545740127563477,0.6666666865348816,0.27968111634254456,0.09307722747325897,0.5833239555358887,0.12912417948246002,0.49164173007011414,0.07039815932512283,0.0757593885064125,0.43880021572113037,0.2849632501602173,0.4065215289592743,0.3441492021083832,0.3441492021083832,0.2617225646972656,1.6019375324249268,-0.9457778334617615,0.0,0.08242663741111755,0.08242663741111755,0.03519907966256142,0.03519907966256142,0.10809774696826935,-2.000580310821533,-0.1039532721042633,0.0,-0.07289866730570793,-0.07289866730570793,0.03787969425320625,0.03787969425320625,0.08545687049627304,-1.7427341938018799,-0.8255184888839722,0.0,-0.04757717624306679,-0.04757717624306679,0.3071601390838623,0.3071601390838623,0.23196184635162354,1.4564484357833862,0.9746811985969543,0.0,0.07519829273223877,0.07519829273223877,0.14248162508010864,0.14248162508010864,0.09096347540616989,-0.037310823798179626,0.045748330652713776,0.0,0.05151814967393875,0.05151814967393875,0.20326076447963715,0.20326076447963715,0.004373753909021616,1.095831274986267,1.3350056409835815,0.0,0.19888701057061553,0.19888701057061553
1051,35.03333333333333,24,0,0,,4,uneven rough,11,0.0,103.38301849365234,36.979637145996094,0.30061179399490356,0.49458250403404236,-0.6635081171989441,0.49458250403404236,-0.6635081171989441,1.6674885749816895,1.867690920829773,0.3333333432674408,-0.1077594980597496,0.1231849417090416,0.24729125201702118,-0.33175405859947205,0.6927759647369385,-0.04429382085800171,0.7232710123062134,0.09420691430568695,0.09132806956768036,-0.03629014641046524,0.4849431812763214,0.4849431812763214,0.4052150547504425,1.9968791007995605,1.5117601156234741,0.0,0.0797281265258789,0.0797281265258789,-0.07087011635303497,-0.07087011635303497,0.04187007248401642,-1.9915382862091064,-0.27822765707969666,0.0,-0.11274018883705139,-0.11274018883705139,0.3616355061531067,0.3616355061531067,0.2031358778476715,1.955200433731079,0.4799966514110565,0.0,0.15849962830543518,0.15849962830543518,0.06594483554363251,0.06594483554363251,0.03452381119132042,0.13740971684455872,-1.2933987379074097,0.0,0.03142102435231209,0.03142102435231209,0.04566403478384018,0.04566403478384018,0.04437379539012909,1.8069982528686523,0.3863776624202728,0.0,0.00129023939371109,0.00129023939371109,-0.01814507320523262,-0.01814507320523262,-0.07894468307495117,1.9812649488449097,-1.6975680589675903,0.0,0.06079960986971855,0.06079960986971855
1052,35.06666666666666,4,0,0,,4,uneven rough,5,0.0,54.03205871582031,31.26661491394043,0.23509962856769562,1.290816068649292,0.3504396975040436,1.290816068649292,0.3504396975040436,6.7204084396362305,0.0,0.0,0.7142112255096436,0.16585126519203186,0.645408034324646,0.1752198487520218,-0.467599481344223,0.6244718432426453,0.48826685547828674,0.4631958305835724,0.05851339176297188,-0.2937580645084381,-0.3273196220397949,-0.3273196220397949,0.12485917657613754,-1.6330448389053345,-0.0039941491559147835,0.0,-0.45217879861593246,-0.45217879861593246,0.31223592162132263,0.31223592162132263,0.09950948506593704,0.9465376138687134,0.2507602274417877,0.0,0.2127264365553856,0.2127264365553856,0.24413342773914337,0.24413342773914337,0.15380914509296417,0.5521859526634216,0.752213716506958,0.0,0.0903242826461792,0.0903242826461792,0.32423707842826843,0.32423707842826843,0.3360772430896759,1.2356183528900146,0.307397723197937,0.0,-0.01184016466140747,-0.01184016466140747,0.02925669588148594,0.02925669588148594,0.05889757722616196,-0.7150741219520569,-1.2574641704559326,0.0,-0.029640881344676018,-0.029640881344676018,-0.14687903225421906,-0.14687903225421906,0.05533307418227196,0.5547802448272705,1.2931410074234009,0.0,-0.202212106436491,-0.202212106436491
1052,35.06666666666666,14,0,0,,4,uneven rough,5,0.0,54.590145111083984,33.98843765258789,0.2604476809501648,1.3577899932861328,0.07584768533706665,1.3577899932861328,0.07584768533706665,5.981564521789551,6.484857082366943,0.6033052802085876,0.2612282633781433,0.21271108090877533,0.6788949966430664,0.037923842668533325,-0.4276670813560486,0.0647805705666542,0.5501572489738464,0.49952542781829834,0.1305251568555832,0.11752714961767197,-0.29936695098876953,-0.29936695098876953,0.22084787487983704,-1.7807506322860718,0.4947049915790558,0.0,-0.5202148258686066,-0.5202148258686066,0.0323902852833271,0.0323902852833271,0.058040957897901535,-1.2866030931472778,-1.176309585571289,0.0,-0.025650672614574432,-0.025650672614574432,0.2750786244869232,0.2750786244869232,0.11111263930797577,1.2747986316680908,-1.3441139459609985,0.0,0.16396598517894745,0.16396598517894745,0.3496677875518799,0.3496677875518799,0.29958927631378174,1.5925111770629883,1.2470732927322388,0.0,0.050078511238098145,0.050078511238098145,0.0652625784277916,0.0652625784277916,0.05535111948847771,-0.5737156271934509,-0.0012134640710428357,0.0,0.009911458939313889,0.009911458939313889,0.05876357480883598,0.05876357480883598,0.04869196191430092,0.7109608054161072,1.19977605342865,0.0,0.010071612894535065,0.010071612894535065
1052,35.06666666666666,24,0,0,,4,uneven rough,11,0.0,103.40936279296875,37.02477264404297,0.280206561088562,0.7652917504310608,-0.8779584765434265,0.7652917504310608,-0.8779584765434265,1.639143705368042,0.6610500812530518,0.1666666716337204,-0.2509610056877136,0.24523989856243134,0.3826458752155304,-0.43897923827171326,0.3048684000968933,0.6364655494689941,0.06378261744976044,0.3890480399131775,0.5828729867935181,-0.19168975949287415,0.21340787410736084,0.21340787410736084,0.360331654548645,-1.9979667663574219,1.7860472202301025,0.0,-0.14692378044128418,-0.14692378044128418,0.31823277473449707,0.31823277473449707,0.09065952897071838,1.5534826517105103,-1.246936559677124,0.0,0.2275732457637787,0.2275732457637787,0.03189130872488022,0.03189130872488022,0.14106899499893188,-2.0,1.3140795230865479,0.0,-0.10917768627405167,-0.10917768627405167,0.27233362197875977,0.27233362197875977,0.09765239804983139,1.8045622110366821,-0.48441705107688904,0.0,0.17468122392892838,0.17468122392892838,0.29143649339675903,0.29143649339675903,0.12170962244272232,2.00001859664917,1.1895990371704102,0.0,0.1697268709540367,0.1697268709540367,-0.09584487974643707,-0.09584487974643707,-0.08571788668632507,0.7264336943626404,0.38245075941085815,0.0,-0.010126993060112,-0.010126993060112
1053,35.1,4,0,0,,4,uneven rough,5,0.0,54.057464599609375,31.31194305419922,0.22518372535705566,1.3136909008026123,0.8536213636398315,1.3136909008026123,0.8536213636398315,6.686000823974609,2.9316041469573975,0.3333333432674408,0.9000059962272644,0.0628315731883049,0.6568454504013062,0.42681068181991577,0.2807711064815521,0.1924009919166565,-0.16180887818336487,0.42242735624313354,0.1774112582206726,-0.3109745383262634,0.1965397745370865,0.1965397745370865,0.17558421194553375,1.7837554216384888,-0.925062358379364,0.0,0.020955562591552734,0.020955562591552734,0.09620049595832825,0.09620049595832825,0.11242136359214783,-0.9697768688201904,0.6441540122032166,0.0,-0.01622086763381958,-0.01622086763381958,-0.08090443909168243,-0.08090443909168243,0.08926170319318771,-1.999998927116394,0.6391176581382751,0.0,-0.17016614228487015,-0.17016614228487015,0.2956991493701935,0.2956991493701935,0.2891431450843811,-1.2950403690338135,0.8322153091430664,0.0,0.006556004285812378,0.006556004285812378,0.0887056291103363,0.0887056291103363,0.07651934027671814,0.6058197021484375,-0.9507958889007568,0.0,0.012186288833618164,0.012186288833618164,-0.1554872691631317,-0.1554872691631317,0.00278233690187335,-1.8528680801391602,0.8756704926490784,0.0,-0.15826960606500506,-0.15826960606500506
1053,35.1,14,0,0,,4,uneven rough,5,0.0,54.58574676513672,34.03055191040039,0.2718743085861206,1.2682466506958008,0.09015282243490219,1.2682466506958008,0.09015282243490219,7.023665428161621,5.778748989105225,0.5,0.17924028635025024,0.08865293115377426,0.6341233253479004,0.045076411217451096,0.09216281026601791,0.19127410650253296,0.09688138216733932,0.2238316684961319,-0.020351199433207512,-0.11298376321792603,0.06451396644115448,0.06451396644115448,0.15516003966331482,-1.9031001329421997,-0.7918416857719421,0.0,-0.09064607322216034,-0.09064607322216034,0.09563705325126648,0.09563705325126648,0.08700336515903473,0.9926202893257141,-1.238669753074646,0.0,0.00863368809223175,0.00863368809223175,0.04844069108366966,0.04844069108366966,0.052161045372486115,-2.0103230476379395,0.13662388920783997,0.0,-0.003720354288816452,-0.003720354288816452,0.15668216347694397,0.15668216347694397,0.28485560417175293,-1.9806462526321411,1.4423844814300537,0.0,-0.12817344069480896,-0.12817344069480896,-0.03256192058324814,-0.03256192058324814,-0.00109655421692878,-1.7839142084121704,-0.32490721344947815,0.0,-0.03146536636631936,-0.03146536636631936,-0.05649188160896301,-0.05649188160896301,-0.004101412836462259,-1.6800967454910278,0.923399031162262,0.0,-0.05239046877250075,-0.05239046877250075
1053,35.1,24,0,0,,4,uneven rough,11,0.0,103.44072723388672,37.06182098388672,0.26342448592185974,-0.048937056213617325,-0.15076221525669098,-0.048937056213617325,-0.15076221525669098,0.8237878680229187,2.044382095336914,0.1666666716337204,-0.4883982539176941,0.25379589200019836,-0.024468528106808662,-0.07538110762834549,0.8574650287628174,0.09308493882417679,0.16749989986419678,0.7067657113075256,0.23987065255641937,0.206765815615654,0.6002255082130432,0.6002255082130432,0.3778853714466095,1.9687771797180176,-0.353441059589386,0.0,0.22234013676643372,0.22234013676643372,0.046542469412088394,0.046542469412088394,0.05622722953557968,-0.8077676296234131,0.3364255130290985,0.0,-0.009684760123491287,-0.009684760123491287,0.08374994993209839,0.08374994993209839,0.07894131541252136,-1.52997887134552,-0.55970698595047,0.0,0.004808634519577026,0.004808634519577026,0.494735985994339,0.494735985994339,0.13902007043361664,1.3677494525909424,0.8097759485244751,0.0,0.35571591556072235,0.35571591556072235,0.11993532627820969,0.11993532627820969,0.113406702876091,0.9743174910545349,1.647811770439148,0.0,0.006528623402118683,0.006528623402118683,0.103382907807827,0.103382907807827,-0.013169106096029282,1.9997798204421997,0.5769393444061279,0.0,0.11655201390385628,0.11655201390385628
1054,35.13333333333333,4,0,0,,4,uneven rough,5,0.0,54.08358383178711,31.354490280151367,0.20795895159244537,1.3717710971832275,-0.11860007792711258,1.3717710971832275,-0.11860007792711258,6.146752834320068,0.3067161440849304,0.04378953203558922,0.738541305065155,0.05787721276283264,0.6858855485916138,-0.05930003896355629,0.3253123164176941,-0.0012999617028981447,0.5442566871643066,-0.07818017154932022,0.16378255188465118,-0.3865690529346466,0.22771862149238586,0.22771862149238586,0.23644760251045227,1.1976287364959717,0.6065080761909485,0.0,-0.008728981018066406,-0.008728981018066406,-0.0020799387712031603,-0.0020799387712031603,0.04683569446206093,-2.0049850940704346,-0.26836541295051575,0.0,-0.04891563323326409,-0.04891563323326409,0.2721283435821533,0.2721283435821533,0.13278603553771973,0.801861047744751,-0.8530435562133789,0.0,0.1393423080444336,0.1393423080444336,-0.054726120084524155,-0.054726120084524155,0.23355814814567566,-1.4365301132202148,-0.3705388605594635,0.0,-0.2882842682301998,-0.2882842682301998,0.08189127594232559,0.08189127594232559,0.09500198811292648,-0.2507404685020447,-0.07068262994289398,0.0,-0.013110712170600891,-0.013110712170600891,-0.1932845264673233,-0.1932845264673233,-0.02833942510187626,-0.8057618737220764,-0.6670501232147217,0.0,-0.16494510136544704,-0.16494510136544704
1054,35.13333333333333,14,0,0,,4,uneven rough,5,0.0,54.586971282958984,34.07491683959961,0.27128779888153076,1.4464590549468994,0.3439549505710602,1.4464590549468994,0.3439549505710602,5.2809224128723145,2.6934051513671875,0.3333333432674408,0.21401825547218323,0.22527480125427246,0.7232295274734497,0.1719774752855301,0.4809369742870331,0.07606295496225357,0.07521980255842209,-0.26625314354896545,0.07235245406627655,-0.5075636506080627,0.3366558849811554,0.3366558849811554,0.1828806847333908,1.9211331605911255,-1.4201492071151733,0.0,0.1537752002477646,0.1537752002477646,0.038031477481126785,0.038031477481126785,0.07457973808050156,-0.8368358612060547,0.02290564961731434,0.0,-0.03654826059937477,-0.03654826059937477,0.037609901279211044,0.037609901279211044,0.03923309966921806,0.5440521240234375,-1.0772637128829956,0.0,-0.001623198390007019,-0.001623198390007019,-0.18637719750404358,-0.18637719750404358,0.21592216193675995,-1.9528467655181885,-0.493003249168396,0.0,-0.40229935944080353,-0.40229935944080353,0.036176227033138275,0.036176227033138275,-0.004188234452158213,0.95662522315979,-1.1498323678970337,0.0,0.04036446148529649,0.04036446148529649,-0.25378182530403137,-0.25378182530403137,-0.026496393606066704,0.25026798248291016,-0.5486221313476562,0.0,-0.22728543169796467,-0.22728543169796467
1054,35.13333333333333,24,0,0,,4,uneven rough,11,0.0,103.46929931640625,37.10135269165039,0.25333306193351746,1.080919861793518,-0.7299578189849854,1.080919861793518,-0.7299578189849854,1.5421972274780273,0.8883315324783325,0.1666666716337204,-0.7177321910858154,0.24661237001419067,0.540459930896759,-0.3649789094924927,0.04789775237441063,0.24118134379386902,0.7790971398353577,0.675179123878479,0.37149181962013245,-0.07426038384437561,0.03352842479944229,0.03352842479944229,0.34969764947891235,-1.8354707956314087,0.9595453143119812,0.0,-0.31616922467947006,-0.31616922467947006,0.12059067189693451,0.12059067189693451,0.10641360282897949,1.1676750183105469,-0.3105033338069916,0.0,0.014177069067955017,0.014177069067955017,0.38954856991767883,0.38954856991767883,0.09046509116888046,-0.29114341735839844,-1.1083004474639893,0.0,0.29908347874879837,0.29908347874879837,0.47262537479400635,0.47262537479400635,0.21096360683441162,1.9734864234924316,1.1252551078796387,0.0,0.2616617679595947,0.2616617679595947,0.18574590981006622,0.18574590981006622,0.19254031777381897,1.3809833526611328,1.267016887664795,0.0,-0.006794407963752747,-0.006794407963752747,-0.037130191922187805,-0.037130191922187805,0.029949819669127464,0.8559909462928772,1.381415843963623,0.0,-0.06708001159131527,-0.06708001159131527
1055,35.166666666666664,4,0,0,,4,uneven rough,5,0.0,54.10687255859375,31.399145126342773,0.20147612690925598,1.5586411952972412,0.206282377243042,1.5586411952972412,0.206282377243042,2.7049169540405273,2.348273992538452,0.5,0.787195086479187,0.09809237718582153,0.7793205976486206,0.103141188621521,0.41211116313934326,-0.03371331840753555,0.21725653111934662,0.06028361991047859,0.1980321705341339,-0.35972529649734497,0.2884778082370758,0.2884778082370758,0.2966027557849884,1.2452293634414673,0.9407287836074829,0.0,-0.008124947547912598,-0.008124947547912598,-0.053941309452056885,-0.053941309452056885,-0.015961160883307457,-1.4051238298416138,-1.2502533197402954,0.0,-0.03798014856874943,-0.03798014856874943,0.10862826555967331,0.10862826555967331,0.11984063684940338,-0.49808159470558167,0.08264246582984924,0.0,-0.011212371289730072,-0.011212371289730072,0.042198535054922104,0.042198535054922104,0.1688205599784851,-1.6712632179260254,-0.9732522368431091,0.0,-0.126622024923563,-0.126622024923563,0.09901608526706696,0.09901608526706696,0.06707418709993362,0.021109217777848244,-0.17248766124248505,0.0,0.03194189816713333,0.03194189816713333,-0.17986264824867249,-0.17986264824867249,-0.06377498805522919,-0.8069872856140137,-0.7454779744148254,0.0,-0.1160876601934433,-0.1160876601934433
1055,35.166666666666664,14,0,0,,4,uneven rough,5,0.0,54.59504318237305,34.123504638671875,0.272525817155838,1.6190192699432373,-0.05896415561437607,1.6190192699432373,-0.05896415561437607,5.002401351928711,2.8340108394622803,0.3333333432674408,0.20263773202896118,0.04132091626524925,0.8095096349716187,-0.029482077807188034,0.6356091499328613,0.2056492567062378,-0.3355944752693176,0.028375033289194107,0.37157028913497925,-0.44698449969291687,0.4449264109134674,0.4449264109134674,0.24820581078529358,1.9857336282730103,0.4690178334712982,0.0,0.19672060012817383,0.19672060012817383,0.1028246283531189,0.1028246283531189,0.12653377652168274,0.3817134499549866,-0.46319374442100525,0.0,-0.023709148168563843,-0.023709148168563843,-0.1677972376346588,-0.1677972376346588,-0.00985504686832428,-1.7088546752929688,-0.16056881844997406,0.0,-0.15794219076633453,-0.15794219076633453,0.019862523302435875,0.019862523302435875,0.15507368743419647,-1.846557855606079,-1.3184013366699219,0.0,-0.1352111641317606,-0.1352111641317606,0.18578514456748962,0.18578514456748962,0.048593055456876755,0.6211859583854675,0.04116252437233925,0.0,0.13719208911061287,0.13719208911061287,-0.22349224984645844,-0.22349224984645844,-0.04578014835715294,0.1447092741727829,-0.09692823886871338,0.0,-0.1777121014893055,-0.1777121014893055
1055,35.166666666666664,24,0,0,,4,uneven rough,11,0.0,103.49506378173828,37.13884353637695,0.24520793557167053,0.526718258857727,-0.44135984778404236,0.526718258857727,-0.44135984778404236,3.880260944366455,0.02701934240758419,0.3333333432674408,-0.8834395408630371,0.09681518375873566,0.2633591294288635,-0.22067992389202118,0.5862043499946594,0.2397158294916153,0.1743861883878708,0.6371140480041504,0.38328084349632263,0.10178103297948837,0.4103430509567261,0.4103430509567261,0.3654783070087433,1.714811086654663,-0.6207618117332458,0.0,0.04486474394798279,0.04486474394798279,0.11985791474580765,0.11985791474580765,0.11028292030096054,-0.23495295643806458,0.5252613425254822,0.0,0.009574994444847107,0.009574994444847107,0.0871930941939354,0.0871930941939354,0.06921432912349701,-0.9469078779220581,-0.646278440952301,0.0,0.017978765070438385,0.017978765070438385,0.4459798336029053,0.4459798336029053,0.2575809955596924,1.3144298791885376,1.6048465967178345,0.0,0.1883988380432129,0.1883988380432129,0.19164042174816132,0.19164042174816132,0.20866438746452332,0.7536778450012207,1.3314536809921265,0.0,-0.017023965716362,-0.017023965716362,0.050890516489744186,0.050890516489744186,0.052426792681217194,0.3517603874206543,1.0843397378921509,0.0,-0.0015362761914730072,-0.0015362761914730072
1056,35.2,4,0,0,,4,uneven rough,5,0.0,54.125003814697266,31.447168350219727,0.2077510952949524,1.517338514328003,0.6054787039756775,1.517338514328003,0.6054787039756775,5.345941066741943,1.4753341674804688,0.3333333432674408,0.5204861164093018,0.21796874701976776,0.7586692571640015,0.30273935198783875,0.28027522563934326,0.1477382481098175,0.34948623180389404,0.2314823716878891,-0.00641530891880393,-0.17062337696552277,0.1961926519870758,0.1961926519870758,0.2439001351594925,-1.9553523063659668,1.1128939390182495,0.0,-0.04770748317241669,-0.04770748317241669,0.07386912405490875,0.07386912405490875,0.02549714781343937,1.9188969135284424,-1.3378174304962158,0.0,0.04837197624146938,0.04837197624146938,0.17474311590194702,0.17474311590194702,0.12830743193626404,0.22914667427539825,-0.2456999570131302,0.0,0.04643568396568298,0.04643568396568298,0.162037655711174,0.162037655711174,0.18381375074386597,-0.04050055891275406,-1.3679089546203613,0.0,-0.021776095032691956,-0.021776095032691956,-0.010264494456350803,-0.010264494456350803,0.05014412850141525,-1.4717786312103271,-0.06302764266729355,0.0,-0.060408622957766056,-0.060408622957766056,-0.08531168848276138,-0.08531168848276138,-0.05134779214859009,1.2554899454116821,-0.7802554368972778,0.0,-0.033963896334171295,-0.033963896334171295
1056,35.2,14,0,0,,4,uneven rough,5,0.0,54.59885787963867,34.170082092285156,0.26700559258461,1.4353208541870117,-0.015885980799794197,1.4353208541870117,-0.015885980799794197,4.826159477233887,1.9262326955795288,0.3333333432674408,0.17513146996498108,0.10194765031337738,0.7176604270935059,-0.007942990399897099,0.2596176564693451,0.19563885033130646,0.2433057725429535,0.16338863968849182,0.38095930218696594,-0.481352299451828,0.18173235654830933,0.18173235654830933,0.22158314287662506,-1.9312993288040161,1.3265717029571533,0.0,-0.039850786328315735,-0.039850786328315735,0.09781942516565323,0.09781942516565323,0.12503114342689514,-0.2764797806739807,0.01451830007135868,0.0,-0.027211718261241913,-0.027211718261241913,0.12165288627147675,0.12165288627147675,0.038173556327819824,2.0007753372192383,-1.0359724760055542,0.0,0.08347932994365692,0.08347932994365692,0.11437204480171204,0.11437204480171204,0.1450141817331314,-0.10190615803003311,-1.6170220375061035,0.0,-0.030642136931419373,-0.030642136931419373,0.19047965109348297,0.19047965109348297,0.1026444062590599,1.7163459062576294,0.36910882592201233,0.0,0.08783524483442307,0.08783524483442307,-0.240676149725914,-0.240676149725914,-0.060504812747240067,-0.0896504744887352,0.03969404473900795,0.0,-0.18017133697867393,-0.18017133697867393
1056,35.2,24,0,0,,4,uneven rough,11,0.0,103.51612854003906,37.17324447631836,0.2352038025856018,0.695550799369812,-0.31295472383499146,0.695550799369812,-0.31295472383499146,2.9460248947143555,1.3095980882644653,0.5,-0.8184483051300049,0.20249220728874207,0.347775399684906,-0.15647736191749573,0.05269412696361542,0.0005244984640739858,0.569237232208252,0.7207931876182556,0.4223373532295227,0.028390416875481606,0.03688588738441467,0.03688588738441467,0.3280283808708191,-1.708960771560669,0.6997752785682678,0.0,-0.2911424934864044,-0.2911424934864044,0.0002622492320369929,0.0002622492320369929,0.04894416779279709,-1.9987297058105469,0.09543481469154358,0.0,-0.048681918560760096,-0.048681918560760096,0.284618616104126,0.284618616104126,0.07352126389741898,-0.5565720200538635,-0.8162548542022705,0.0,0.211097352206707,0.211097352206707,0.5045552253723145,0.5045552253723145,0.32681500911712646,1.663108229637146,1.4406445026397705,0.0,0.177740216255188,0.177740216255188,0.21116867661476135,0.21116867661476135,0.21560721099376678,-0.10798077285289764,1.0047781467437744,0.0,-0.004438534379005432,-0.004438534379005432,0.014195208437740803,0.014195208437740803,0.06698182225227356,-0.39717841148376465,0.6701380610466003,0.0,-0.05278661381453276,-0.05278661381453276
1057,35.233333333333334,4,0,0,,4,uneven rough,5,0.0,54.13978576660156,31.499866485595703,0.20843297243118286,1.7164205312728882,0.05725744739174843,1.7164205312728882,0.05725744739174843,6.433808326721191,5.1946702003479,0.3333333432674408,0.2683131992816925,0.14469848573207855,0.8582102656364441,0.028628723695874214,0.4303314685821533,0.1869860291481018,0.06917301565408707,0.14971429109573364,0.2786589562892914,-0.39959147572517395,0.3012320101261139,0.3012320101261139,0.28570646047592163,1.6545665264129639,-0.6218979954719543,0.0,0.01552554965019226,0.01552554965019226,0.0934930145740509,0.0934930145740509,0.08819503337144852,1.521161675453186,0.503534734249115,0.0,0.0052979812026023865,0.0052979812026023865,0.03458650782704353,0.03458650782704353,0.06554815918207169,-2.0000007152557373,0.022779179736971855,0.0,-0.030961651355028152,-0.030961651355028152,0.10480000078678131,0.10480000078678131,0.12246637046337128,-1.6443654298782349,-0.6173898577690125,0.0,-0.017666369676589966,-0.017666369676589966,0.1393294781446457,0.1393294781446457,0.0801641121506691,1.8869520425796509,-0.8595379590988159,0.0,0.05916536599397659,0.05916536599397659,-0.19979573786258698,-0.19979573786258698,-0.10515280812978745,-1.7452551126480103,0.37075865268707275,0.0,-0.09464292973279953,-0.09464292973279953
1057,35.233333333333334,14,0,0,,4,uneven rough,5,0.0,54.60526657104492,34.215423583984375,0.26090124249458313,1.541774034500122,1.080689787864685,1.541774034500122,1.080689787864685,6.619495391845703,1.5334975719451904,0.3333333432674408,0.04294639825820923,0.17317306995391846,0.770887017250061,0.5403448939323425,0.8553984761238098,0.17809288203716278,-0.3053695857524872,0.16847431659698486,0.2055223435163498,0.012720073573291302,0.5987789034843445,0.5987789034843445,0.26155394315719604,1.4835261106491089,-0.5154344439506531,0.0,0.33722496032714844,0.33722496032714844,0.08904644101858139,0.08904644101858139,0.0927029550075531,1.3862746953964233,-0.1500125378370285,0.0,-0.00365651398897171,-0.00365651398897171,-0.1526847928762436,-0.1526847928762436,-0.0042208475060760975,-1.72317373752594,0.6810101866722107,0.0,-0.1484639453701675,-0.1484639453701675,0.1179320216178894,0.1179320216178894,0.08902028203010559,-0.9166237115859985,-0.7603727579116821,0.0,0.028911739587783813,0.028911739587783813,0.1027611717581749,0.1027611717581749,0.09472646564245224,-0.1332951933145523,1.1308391094207764,0.0,0.008034706115722656,0.008034706115722656,0.006360036786645651,0.006360036786645651,-0.007831861265003681,1.4138597249984741,-0.033437579870224,0.0,0.014191898051649332,0.014191898051649332
1057,35.233333333333334,24,0,0,,4,uneven rough,11,0.0,103.53492736816406,37.211605072021484,0.2299768328666687,0.4123966693878174,-0.43739014863967896,0.4123966693878174,-0.43739014863967896,3.590643882751465,1.2605531215667725,0.5,-0.8359559774398804,0.10099105536937714,0.2061983346939087,-0.21869507431983948,0.5131394863128662,-0.04632590338587761,0.7024431228637695,0.4361009895801544,-0.03099350817501545,0.12517642974853516,0.3591976463794708,0.3591976463794708,0.3526974618434906,1.0821011066436768,-0.6621283888816833,0.0,0.006500184535980225,0.006500184535980225,-0.07412144541740417,-0.07412144541740417,-0.016125719994306564,-1.9851597547531128,-1.0886095762252808,0.0,-0.05799572542309761,-0.05799572542309761,0.35122156143188477,0.35122156143188477,0.1052146777510643,1.1735457181930542,-0.6694297194480896,0.0,0.24600688368082047,0.24600688368082047,0.3052707016468048,0.3052707016468048,0.3029378354549408,-0.7882100939750671,1.5664259195327759,0.0,0.0023328661918640137,0.0023328661918640137,-0.0495896153151989,-0.0495896153151989,0.16952091455459595,-1.8038877248764038,0.3756222426891327,0.0,-0.21911052986979485,-0.21911052986979485,0.06258821487426758,0.06258821487426758,0.08191489428281784,0.2126712054014206,0.06667542457580566,0.0,-0.019326679408550262,-0.019326679408550262
1058,35.266666666666666,4,0,0,,4,uneven rough,5,0.0,54.162601470947266,31.547771453857422,0.19850985705852509,1.331484317779541,-0.6845275163650513,1.331484317779541,-0.6845275163650513,4.878368377685547,1.8514926433563232,0.1666666716337204,0.15207992494106293,0.12031561136245728,0.6657421588897705,-0.34226375818252563,0.5031014680862427,0.1954028308391571,0.5325165390968323,0.1921718716621399,0.20957250893115997,-0.4291791617870331,0.35217103362083435,0.35217103362083435,0.338603675365448,0.32009610533714294,0.6652191281318665,0.0,0.013567358255386353,0.013567358255386353,0.09770141541957855,0.09770141541957855,0.09708291292190552,0.3996957540512085,1.0789028406143188,0.0,0.0006185024976730347,0.0006185024976730347,0.26625826954841614,0.26625826954841614,0.10234525799751282,-2.180619716644287,-1.1209042072296143,0.0,0.16391301155090332,0.16391301155090332,0.13452030718326569,0.13452030718326569,0.11410514265298843,1.0930410623550415,-1.198043704032898,0.0,0.020415164530277252,0.020415164530277252,0.10478625446557999,0.10478625446557999,0.10535477846860886,1.58241868019104,0.6933323740959167,0.0,-0.0005685240030288696,-0.0005685240030288696,-0.21458958089351654,-0.21458958089351654,-0.14902862906455994,-1.95186585187912e-05,-0.8256393074989319,0.0,-0.0655609518289566,-0.0655609518289566
1058,35.266666666666666,14,0,0,,4,uneven rough,5,0.0,54.613441467285156,34.26231384277344,0.2621143162250519,1.665920376777649,0.33038613200187683,1.665920376777649,0.33038613200187683,8.571175575256348,4.482593059539795,0.3333333432674408,-0.007424851413816214,0.10567178577184677,0.8329601883888245,0.16519306600093842,-0.015592153184115887,0.24145840108394623,0.41090548038482666,0.46697354316711426,0.14892446994781494,0.07978776097297668,-0.010914507322013378,-0.010914507322013378,0.20360425114631653,-1.7597140073776245,0.6147814393043518,0.0,-0.2145187584683299,-0.2145187584683299,0.12072920054197311,0.12072920054197311,0.1481064260005951,1.0900671482086182,0.7186070084571838,0.0,-0.02737722545862198,-0.02737722545862198,0.20545274019241333,0.20545274019241333,0.030668295919895172,0.8558991551399231,-0.6783196926116943,0.0,0.17478444427251816,0.17478444427251816,0.326881468296051,0.326881468296051,0.15267571806907654,1.8012233972549438,-0.8487173318862915,0.0,0.1742057502269745,0.1742057502269745,0.07446223497390747,0.07446223497390747,0.060313012450933456,-1.9999948740005493,0.4160953164100647,0.0,0.014149222522974014,0.014149222522974014,0.03989388048648834,0.03989388048648834,0.03211294487118721,0.2976070046424866,0.7848669290542603,0.0,0.007780935615301132,0.007780935615301132
1058,35.266666666666666,24,0,0,,4,uneven rough,11,0.0,103.54937744140625,37.25115203857422,0.2267407774925232,1.0018678903579712,-0.7668173909187317,1.0018678903579712,-0.7668173909187317,2.555525302886963,1.6825326681137085,0.5,-0.6310440897941589,0.15047143399715424,0.5009339451789856,-0.38340869545936584,0.250507652759552,-0.12772563099861145,0.8347213268280029,0.38986894488334656,0.3815373480319977,-0.2151830941438675,0.17535535991191864,0.17535535991191864,0.30509430170059204,-1.586746096611023,0.3240621089935303,0.0,-0.1297389417886734,-0.1297389417886734,-0.20436100661754608,-0.20436100661754608,-0.05901665240526199,-0.2266404628753662,-1.5955206155776978,0.0,-0.1453443542122841,-0.1453443542122841,0.41736066341400146,0.41736066341400146,0.17181426286697388,1.9487704038619995,0.37259191274642944,0.0,0.2455464005470276,0.2455464005470276,0.2729082703590393,0.2729082703590393,0.3060133755207062,-0.9864671230316162,0.23511046171188354,0.0,-0.03310510516166687,-0.03310510516166687,0.19076867401599884,0.19076867401599884,0.14374005794525146,0.31511902809143066,-0.8566765785217285,0.0,0.047028616070747375,0.047028616070747375,-0.10759154707193375,-0.10759154707193375,0.05792340636253357,-1.3889734745025635,0.14922170341014862,0.0,-0.16551495343446732,-0.16551495343446732
1059,35.3,4,0,0,,4,uneven rough,5,0.0,54.18880844116211,31.596338272094727,0.1927812397480011,1.7673918008804321,0.7387786507606506,1.7673918008804321,0.7387786507606506,4.548277854919434,1.5607707500457764,0.5,0.11832299083471298,0.11429522931575775,0.8836959004402161,0.3693893253803253,-0.28234294056892395,0.445745587348938,-0.43016237020492554,0.799759030342102,0.7227878570556641,0.6699808835983276,-0.197640061378479,-0.197640061378479,0.27914783358573914,-1.3663475513458252,0.4700859487056732,0.0,-0.47678789496421814,-0.47678789496421814,0.222872793674469,0.222872793674469,0.16409790515899658,2.002004861831665,0.6948779225349426,0.0,0.05877488851547241,0.05877488851547241,-0.21508118510246277,-0.21508118510246277,0.03403931483626366,-2.001821517944336,-1.7200692892074585,0.0,-0.24912049993872643,-0.24912049993872643,0.5598313212394714,0.5598313212394714,0.18243397772312164,1.4500622749328613,0.0973397046327591,0.0,0.3773973435163498,0.3773973435163498,0.36139392852783203,0.36139392852783203,0.17742647230625153,1.0299168825149536,1.1960233449935913,0.0,0.1839674562215805,0.1839674562215805,0.3349904417991638,0.3349904417991638,-0.08934423327445984,1.257407546043396,-0.35883238911628723,0.0,0.42433467507362366,0.42433467507362366
1059,35.3,14,0,0,,4,uneven rough,5,0.0,54.619239807128906,34.30877685546875,0.26380717754364014,1.4763154983520508,-0.08121553063392639,1.4763154983520508,-0.08121553063392639,7.654385566711426,0.593073844909668,0.1666666716337204,-0.13231679797172546,0.08448056876659393,0.7381577491760254,-0.040607765316963196,0.24781043827533722,0.29728153347969055,0.31034672260284424,0.3610771596431732,0.1030779704451561,0.038407083600759506,0.17346730828285217,0.17346730828285217,0.16500714421272278,-0.8727766275405884,-0.7277625203132629,0.0,0.008460164070129395,0.008460164070129395,0.14864076673984528,0.14864076673984528,0.16688752174377441,0.0562262162566185,0.9286312460899353,0.0,-0.018246755003929138,-0.018246755003929138,0.15517336130142212,0.15517336130142212,0.048312027007341385,-0.18793661892414093,0.18913039565086365,0.0,0.10686133429408073,0.10686133429408073,0.25275400280952454,0.25275400280952454,0.21810199320316315,1.9787166118621826,0.6495639085769653,0.0,0.03465200960636139,0.03465200960636139,0.05153898522257805,0.05153898522257805,0.04518067464232445,-0.3028905689716339,-0.9499664306640625,0.0,0.006358310580253601,0.006358310580253601,0.019203541800379753,0.019203541800379753,0.004828950390219688,-0.1086590439081192,0.5093693137168884,0.0,0.014374591410160065,0.014374591410160065
1059,35.3,24,0,0,,4,uneven rough,11,0.0,103.56578826904297,37.29177474975586,0.22852051258087158,0.847261369228363,-0.5020067691802979,0.847261369228363,-0.5020067691802979,2.1075315475463867,2.391305446624756,0.5,-0.37444549798965454,0.21802501380443573,0.4236306846141815,-0.2510033845901489,0.8385477662086487,-0.16582238674163818,0.6217508912086487,0.22157950699329376,0.08572365343570709,-0.16231679916381836,0.5869834423065186,0.5869834423065186,0.35518792271614075,1.9132425785064697,-0.7563123106956482,0.0,0.2317955195903778,0.2317955195903778,-0.26531583070755005,-0.26531583070755005,-0.1204475611448288,-1.6064022779464722,-0.8215533494949341,0.0,-0.14486826956272125,-0.14486826956272125,0.31087544560432434,0.31087544560432434,0.2376326471567154,1.9925237894058228,1.2637660503387451,0.0,0.07324279844760895,0.07324279844760895,0.15510565042495728,0.15510565042495728,0.23713801801204681,-1.8509478569030762,-0.4555716812610626,0.0,-0.08203236758708954,-0.08203236758708954,0.042861826717853546,0.042861826717853546,0.07721865177154541,-1.9995450973510742,-0.1941412389278412,0.0,-0.034356825053691864,-0.034356825053691864,-0.08115839958190918,-0.08115839958190918,0.012429002672433853,-1.6814610958099365,-0.7204766273498535,0.0,-0.09358740225434303,-0.09358740225434303
1060,35.333333333333336,4,0,0,,4,uneven rough,5,0.0,54.208648681640625,31.64584732055664,0.18308976292610168,1.4970135688781738,0.780066192150116,1.4970135688781738,0.780066192150116,7.511068344116211,0.4517049789428711,0.1666666716337204,0.14676466584205627,0.10080365836620331,0.7485067844390869,0.390033096075058,0.28622546792030334,-0.16268649697303772,-0.3275611996650696,0.10334471613168716,0.4990638494491577,-0.007461800705641508,0.2003578245639801,0.2003578245639801,0.2541424036026001,-0.49952515959739685,-0.5682368278503418,0.0,-0.053784579038619995,-0.053784579038619995,-0.26029840111732483,-0.26029840111732483,0.1424999088048935,0.22690768539905548,1.4339298009872437,0.0,-0.4027983099222183,-0.4027983099222183,-0.1637805998325348,-0.1637805998325348,0.0012270715087652206,0.4016306698322296,-1.879372477531433,0.0,-0.1650076713413,-0.1650076713413,0.07234130054712296,0.07234130054712296,0.15494748950004578,-1.9056432247161865,0.862171471118927,0.0,-0.08260618895292282,-0.08260618895292282,0.24953192472457886,0.24953192472457886,0.1926075965166092,1.8776259422302246,1.1021064519882202,0.0,0.056924328207969666,0.056924328207969666,-0.003730900352820754,-0.003730900352820754,-0.036166802048683167,0.537015974521637,0.5549925565719604,0.0,0.03243590169586241,0.03243590169586241
1060,35.333333333333336,14,0,0,,4,uneven rough,5,0.0,54.621864318847656,34.35340118408203,0.2721470892429352,1.4705870151519775,1.0343773365020752,1.4705870151519775,1.0343773365020752,8.004910469055176,6.117775917053223,0.43369340896606445,-0.12447619438171387,0.1145474910736084,0.7352935075759888,0.5171886682510376,0.13737408816814423,0.3275703191757202,-0.004721859935671091,0.45255574584007263,0.03555101528763771,0.16908098757266998,0.0961618572473526,0.0961618572473526,0.1023537814617157,-1.8494036197662354,-0.8097537755966187,0.0,-0.006191924214363098,-0.006191924214363098,0.1637851595878601,0.1637851595878601,0.1619768589735031,0.7907153367996216,0.43537187576293945,0.0,0.0018083006143569946,0.0018083006143569946,-0.0023609299678355455,-0.0023609299678355455,-0.002355577889829874,-0.9627489447593689,-0.024063972756266594,0.0,-5.352078005671501e-06,-5.352078005671501e-06,0.31678903102874756,0.31678903102874756,0.2837446630001068,1.725327491760254,1.4010692834854126,0.0,0.03304436802864075,0.03304436802864075,0.017775507643818855,0.017775507643818855,0.0030703528318554163,-0.6492539048194885,-0.5841085910797119,0.0,0.014705154811963439,0.014705154811963439,0.08454049378633499,0.08454049378633499,0.008341684937477112,0.3108704090118408,0.15993498265743256,0.0,0.07619880884885788,0.07619880884885788
1060,35.333333333333336,24,0,0,,4,uneven rough,11,0.0,103.58307647705078,37.33597946166992,0.23863762617111206,0.9915085434913635,-1.1331555843353271,0.9915085434913635,-1.1331555843353271,2.0672011375427246,1.1980316638946533,0.3333333432674408,-0.02186213992536068,0.15441817045211792,0.49575427174568176,-0.5665777921676636,0.47365304827690125,-0.04086407646536827,0.6848053932189941,0.1939186453819275,-0.021594125777482986,-0.0655549168586731,0.33155712485313416,0.33155712485313416,0.3745822608470917,-0.6948087215423584,0.7530587911605835,0.0,-0.04302513599395752,-0.04302513599395752,-0.06538252532482147,-0.06538252532482147,-0.09638525545597076,1.5757776498794556,-1.2653083801269531,0.0,0.031002730131149292,0.031002730131149292,0.34240269660949707,0.34240269660949707,0.29784756898880005,1.778126835823059,1.675806999206543,0.0,0.04455512762069702,0.04455512762069702,0.13574305176734924,0.13574305176734924,0.1763676255941391,-1.6584546566009521,-1.244519829750061,0.0,-0.040624573826789856,-0.040624573826789856,-0.03455060347914696,-0.03455060347914696,0.02989119291305542,-1.785185694694519,-1.2149198055267334,0.0,-0.06444179639220238,-0.06444179639220238,-0.03277745842933655,-0.03277745842933655,-0.004492395557463169,0.07910072803497314,-1.2638189792633057,0.0,-0.02828506287187338,-0.02828506287187338
1061,35.36666666666667,4,0,0,,4,uneven rough,5,0.0,54.230281829833984,31.693078994750977,0.18368372321128845,1.7928733825683594,0.6339691877365112,1.7928733825683594,0.6339691877365112,6.265583038330078,3.9439263343811035,0.6666666865348816,-0.12418770790100098,0.24124352633953094,0.8964366912841797,0.3169845938682556,0.8034990429878235,-0.33575886487960815,-0.3967704176902771,0.03859379142522812,0.3952638804912567,-0.19726628065109253,0.5624493360519409,0.5624493360519409,0.3084202706813812,1.9524505138397217,-0.5293871164321899,0.0,0.2540290653705597,0.2540290653705597,-0.5372142195701599,-0.5372142195701599,0.09647302329540253,-0.7779452800750732,0.7514773011207581,0.0,-0.6336872428655624,-0.6336872428655624,-0.19838520884513855,-0.19838520884513855,-0.037243109196424484,-1.489116907119751,-0.5896891951560974,0.0,-0.16114209964871407,-0.16114209964871407,0.027015654370188713,0.027015654370188713,0.08686648309230804,-1.9997797012329102,-0.7027559280395508,0.0,-0.05985082872211933,-0.05985082872211933,0.19763194024562836,0.19763194024562836,0.1744808554649353,0.6069689989089966,1.5405865907669067,0.0,0.023151084780693054,0.023151084780693054,-0.09863314032554626,-0.09863314032554626,-0.08988434076309204,-1.6013668775558472,0.5448285341262817,0.0,-0.008748799562454224,-0.008748799562454224
1061,35.36666666666667,14,0,0,,4,uneven rough,5,0.0,54.627471923828125,34.400787353515625,0.29430556297302246,1.4794256687164307,1.3478240966796875,1.4794256687164307,1.3478240966796875,8.510165214538574,3.8689627647399902,0.3333333432674408,-0.10436904430389404,0.09244590997695923,0.7397128343582153,0.6739120483398438,0.15567831695079803,0.48907172679901123,0.5686217546463013,0.41795074939727783,-0.056828465312719345,0.1557007133960724,0.10897482186555862,0.10897482186555862,0.10681495815515518,0.9159996509552002,-1.397573709487915,0.0,0.0021598637104034424,0.0021598637104034424,0.24453586339950562,0.24453586339950562,0.22020719945430756,1.8312463760375977,0.6362836956977844,0.0,0.02432866394519806,0.02432866394519806,0.28431087732315063,0.28431087732315063,0.047623161226511,2.030150890350342,-0.5547981262207031,0.0,0.23668771609663963,0.23668771609663963,0.2925655245780945,0.2925655245780945,0.29605633020401,-0.2930765748023987,1.5844054222106934,0.0,-0.0034908056259155273,-0.0034908056259155273,-0.09092554450035095,-0.09092554450035095,-0.05227566882967949,-1.8195387125015259,-0.6209418773651123,0.0,-0.03864987567067146,-0.03864987567067146,0.0778503566980362,0.0778503566980362,0.04995992034673691,0.44142264127731323,0.2452741414308548,0.0,0.027890436351299286,0.027890436351299286
1061,35.36666666666667,24,0,0,,4,uneven rough,11,0.0,103.59807586669922,37.383705139160156,0.24192625284194946,0.30355316400527954,-1.2307217121124268,0.30355316400527954,-1.2307217121124268,2.1697425842285156,2.4659652709960938,0.3333333432674408,-0.012086729519069195,0.2552834749221802,0.15177658200263977,-0.6153608560562134,0.6864504814147949,0.016141721978783607,0.49168479442596436,-0.22398939728736877,0.1015097051858902,-0.1949879378080368,0.48051533102989197,0.48051533102989197,0.42690980434417725,1.9799212217330933,-0.06556811183691025,0.0,0.05360552668571472,0.05360552668571472,0.008070860989391804,0.008070860989391804,-0.029955200850963593,2.0000007152557373,0.3410467505455017,0.0,0.038026061840355396,0.038026061840355396,0.24584239721298218,0.24584239721298218,0.24696896970272064,-1.4644778966903687,1.733658790588379,0.0,-0.0011265724897384644,-0.0011265724897384644,-0.15679258108139038,-0.15679258108139038,0.10678456723690033,-1.9667514562606812,-1.4785592555999756,0.0,-0.2635771483182907,-0.2635771483182907,0.0507548525929451,0.0507548525929451,0.025903774425387383,1.4593366384506226,-1.5373491048812866,0.0,0.024851078167557716,0.024851078167557716,-0.0974939689040184,-0.0974939689040184,-0.06466115266084671,-1.6746678352355957,-0.5045297741889954,0.0,-0.03283281624317169,-0.03283281624317169
1062,35.4,4,0,0,,4,uneven rough,5,0.0,54.25429153442383,31.73907470703125,0.18113957345485687,1.4551191329956055,-0.8603827953338623,1.4551191329956055,-0.8603827953338623,3.5772111415863037,1.2844297885894775,0.273769736289978,-0.2101057767868042,0.1663486212491989,0.7275595664978027,-0.43019139766693115,0.4921538531780243,-0.04294201731681824,0.3078834116458893,0.09200730919837952,0.21551552414894104,-0.5431969165802002,0.34450769424438477,0.34450769424438477,0.34973734617233276,0.26125529408454895,0.8738483190536499,0.0,-0.005229651927947998,-0.005229651927947998,-0.06870722770690918,-0.06870722770690918,0.03164209425449371,-1.9666602611541748,-0.11326096951961517,0.0,-0.1003493219614029,-0.1003493219614029,0.15394170582294464,0.15394170582294464,0.005061771720647812,0.4731360971927643,-1.0982272624969482,0.0,0.14887993410229683,0.14887993410229683,0.06440511345863342,0.06440511345863342,0.06164906919002533,0.208322212100029,-1.4360954761505127,0.0,0.0027560442686080933,0.0027560442686080933,0.10775776207447052,0.10775776207447052,0.12312085181474686,-1.2398606538772583,1.0127174854278564,0.0,-0.015363089740276337,-0.015363089740276337,-0.2715984582901001,-0.2715984582901001,-0.11827011406421661,-0.7794507145881653,-0.6686341762542725,0.0,-0.15332834422588348,-0.15332834422588348
1062,35.4,14,0,0,,4,uneven rough,5,0.0,54.61734390258789,34.44965362548828,0.3144301176071167,1.4391332864761353,0.11933910101652145,1.4391332864761353,0.11933910101652145,6.1978583335876465,3.0622668266296387,0.3333333432674408,-0.2952427268028259,0.11044096946716309,0.7195666432380676,0.05966955050826073,-0.34264472126960754,0.6573352217674255,-0.00906869862228632,-0.299290269613266,-0.1484805941581726,-0.46906909346580505,-0.23985129594802856,-0.23985129594802856,0.056877538561820984,-1.9822067022323608,-0.08947516977787018,0.0,-0.29672883450984955,-0.29672883450984955,0.32866761088371277,0.32866761088371277,0.28660815954208374,1.9323978424072266,1.311917781829834,0.0,0.04205945134162903,0.04205945134162903,-0.00453434931114316,-0.00453434931114316,-0.002944690641015768,-1.7675291299819946,0.9067366719245911,0.0,-0.0015896586701273918,-0.0015896586701273918,-0.2095031887292862,-0.2095031887292862,0.2556713819503784,-1.6926778554916382,0.5228736996650696,0.0,-0.4651745706796646,-0.4651745706796646,-0.2375689595937729,-0.2375689595937729,-0.11160071939229965,-0.7123573422431946,-1.298630714416504,0.0,-0.12596824020147324,-0.12596824020147324,-0.23453454673290253,-0.23453454673290253,-0.006752197630703449,-1.9463032484054565,0.35617685317993164,0.0,-0.22778234910219908,-0.22778234910219908
1062,35.4,24,0,0,,4,uneven rough,11,0.0,103.62373352050781,37.42448806762695,0.22848550975322723,-0.3866715133190155,-0.6621327996253967,-0.3866715133190155,-0.6621327996253967,3.2281949520111084,2.3650050163269043,0.3267281651496887,0.11919832229614258,0.24626603722572327,-0.19333575665950775,-0.33106639981269836,0.7099661827087402,-0.23444068431854248,0.5083896517753601,0.5409668684005737,0.14868813753128052,-0.13286398351192474,0.4969763159751892,0.4969763159751892,0.45964181423187256,1.4152805805206299,1.0909552574157715,0.0,0.03733450174331665,0.03733450174331665,-0.3751051127910614,-0.3751051127910614,-0.06751478463411331,-0.5418700575828552,1.2790223360061646,0.0,-0.3075903281569481,-0.3075903281569481,0.25419482588768005,0.25419482588768005,0.2671854794025421,0.7776527404785156,-0.07457339763641357,0.0,-0.01299065351486206,-0.01299065351486206,0.37867680191993713,0.37867680191993713,0.13130825757980347,1.147552251815796,-1.7545839548110962,0.0,0.24736854434013367,0.24736854434013367,0.07434406876564026,0.07434406876564026,0.045350946485996246,1.2622239589691162,0.1569824069738388,0.0,0.028993122279644012,0.028993122279644012,-0.06643199175596237,-0.06643199175596237,-0.03780680149793625,1.3431202173233032,-1.1661279201507568,0.0,-0.028625190258026123,-0.028625190258026123
1063,35.43333333333333,4,0,0,,4,uneven rough,5,0.0,54.28123092651367,31.786550521850586,0.17683634161949158,1.4292724132537842,-0.2771168649196625,1.4292724132537842,-0.2771168649196625,3.520346164703369,2.8126425743103027,0.49197453260421753,-0.3568120002746582,0.17080044746398926,0.7146362066268921,-0.13855843245983124,0.2523873746395111,0.1572539359331131,0.5588996410369873,0.5191774964332581,0.36565372347831726,-0.010391082614660263,0.17667116224765778,0.17667116224765778,0.2840198576450348,-1.6397180557250977,0.5274870991706848,0.0,-0.10734869539737701,-0.10734869539737701,0.07862696796655655,0.07862696796655655,0.08587375283241272,1.8888437747955322,-1.1611762046813965,0.0,-0.007246784865856171,-0.007246784865856171,0.27944982051849365,0.27944982051849365,0.060592204332351685,-1.5577670335769653,-0.20977559685707092,0.0,0.21885761618614197,0.21885761618614197,0.36342424154281616,0.36342424154281616,0.12761899828910828,1.5832492113113403,-0.5063387751579285,0.0,0.23580524325370789,0.23580524325370789,0.18282686173915863,0.18282686173915863,0.18278013169765472,0.42443937063217163,-0.260894238948822,0.0,4.673004150390625e-05,4.673004150390625e-05,-0.0051955413073301315,-0.0051955413073301315,-0.056187789887189865,-0.10931912064552307,-0.7312900424003601,0.0,0.050992248579859734,0.050992248579859734
1063,35.43333333333333,14,0,0,,4,uneven rough,5,0.0,54.61552047729492,34.49637222290039,0.31163936853408813,1.6481010913848877,0.8929719924926758,1.6481010913848877,0.8929719924926758,3.9294514656066895,3.8735227584838867,0.6666666865348816,-0.06289275735616684,0.13865560293197632,0.8240505456924438,0.4464859962463379,0.6606279611587524,0.27182748913764954,0.023943917825818062,-0.32125890254974365,0.24253179132938385,-0.7953829765319824,0.46243956685066223,0.46243956685066223,0.09977321326732635,1.9754905700683594,-1.159628987312317,0.0,0.3626663535833359,0.3626663535833359,0.13591374456882477,0.13591374456882477,0.24725031852722168,-2.0000030994415283,1.66273832321167,0.0,-0.11133657395839691,-0.11133657395839691,0.011971958912909031,0.011971958912909031,0.0017198639689013362,0.3435271680355072,-0.6052980422973633,0.0,0.010252094944007695,0.010252094944007695,-0.22488123178482056,-0.22488123178482056,0.1854422241449356,-2.0000994205474854,-0.7298031449317932,0.0,-0.41032345592975616,-0.41032345592975616,0.12126589566469193,0.12126589566469193,-0.07382921874523163,2.0032122135162354,-0.9671506881713867,0.0,0.19509511440992355,0.19509511440992355,-0.3976914882659912,-0.3976914882659912,-0.039458949118852615,-1.2728575468063354,-0.9456495046615601,0.0,-0.3582325391471386,-0.3582325391471386
1063,35.43333333333333,24,0,0,,4,uneven rough,11,0.0,103.64747619628906,37.46604537963867,0.22089692950248718,0.6902164220809937,-0.5669316053390503,0.6902164220809937,-0.5669316053390503,2.8979880809783936,2.6026742458343506,0.3333333432674408,0.17574834823608398,0.29095980525016785,0.3451082110404968,-0.28346580266952515,0.45087751746177673,0.5085932016372681,0.29040685296058655,0.5892744064331055,0.341120183467865,-0.0271579772233963,0.315614253282547,0.315614253282547,0.41747942566871643,-1.99248206615448,1.274329423904419,0.0,-0.10186517238616943,-0.10186517238616943,0.25429660081863403,0.25429660081863403,-0.011313190683722496,1.7213082313537598,0.2494865208864212,0.0,0.26560979150235653,0.26560979150235653,0.14520342648029327,0.14520342648029327,0.2118620127439499,-1.7840532064437866,0.40727677941322327,0.0,-0.06665858626365662,-0.06665858626365662,0.4124920666217804,0.4124920666217804,0.20126952230930328,1.8211432695388794,-0.1137109324336052,0.0,0.2112225443124771,0.2112225443124771,0.1705600917339325,0.1705600917339325,0.11371497809886932,1.8212090730667114,0.781887948513031,0.0,0.05684511363506317,0.05684511363506317,-0.01357898861169815,-0.01357898861169815,-0.0238373763859272,1.0587968826293945,0.25260549783706665,0.0,0.01025838777422905,0.01025838777422905
1064,35.46666666666667,4,0,0,,4,uneven rough,5,0.0,54.29777145385742,31.83507537841797,0.17674976587295532,1.5459064245224,0.8712174892425537,1.5459064245224,0.8712174892425537,6.46668004989624,3.2249064445495605,0.3333333432674408,-0.2995208203792572,0.10382270812988281,0.7729532122612,0.43560874462127686,0.24041272699832916,0.21030397713184357,-0.2512618601322174,0.6173298358917236,0.42185264825820923,0.37220627069473267,0.16828890144824982,0.16828890144824982,0.2185843288898468,-1.8291317224502563,-0.6978545784950256,0.0,-0.050295427441596985,-0.050295427441596985,0.10515198856592178,0.10515198856592178,0.10816941410303116,0.1643744558095932,0.5633105635643005,0.0,-0.003017425537109375,-0.003017425537109375,-0.1256309300661087,-0.1256309300661087,0.009567913599312305,-1.389299750328064,-0.9719323515892029,0.0,-0.135198843665421,-0.135198843665421,0.4321308732032776,0.4321308732032776,0.19283124804496765,1.9999507665634155,0.6751180291175842,0.0,0.23929962515830994,0.23929962515830994,0.21092632412910461,0.21092632412910461,0.20149007439613342,0.04733617603778839,0.12659461796283722,0.0,0.009436249732971191,0.009436249732971191,0.18610313534736633,0.18610313534736633,-0.06983325630426407,-1.1337426900863647,-0.3796265423297882,0.0,0.2559363916516304,0.2559363916516304
1064,35.46666666666667,14,0,0,,4,uneven rough,5,0.0,54.61628723144531,34.54345703125,0.29872527718544006,1.3721332550048828,-0.7667489051818848,1.3721332550048828,-0.7667489051818848,3.921795606613159,1.432621955871582,0.1666666716337204,-0.1098695620894432,0.05376249551773071,0.6860666275024414,-0.3833744525909424,0.6672710180282593,0.059511713683605194,0.3320433497428894,-0.2225804477930069,0.4080452620983124,-0.594829797744751,0.4670897126197815,0.4670897126197815,0.16611333191394806,1.9351835250854492,0.6129732728004456,0.0,0.30097638070583344,0.30097638070583344,0.029755856841802597,0.029755856841802597,0.18212305009365082,-1.99960196018219,-0.4081822335720062,0.0,-0.15236719325184822,-0.15236719325184822,0.1660216748714447,0.1660216748714447,0.03130607306957245,1.0948822498321533,-0.06883055716753006,0.0,0.13471560180187225,0.13471560180187225,-0.15580631792545319,-0.15580631792545319,0.12637454271316528,-1.8447197675704956,-1.448030948638916,0.0,-0.28218086063861847,-0.28218086063861847,0.2040226310491562,0.2040226310491562,8.337503095390275e-05,2.0172042846679688,0.7122978568077087,0.0,0.2039392560182023,0.2039392560182023,-0.2974148988723755,-0.2974148988723755,-0.05407731980085373,0.22067688405513763,-1.1306535005569458,0.0,-0.24333757907152176,-0.24333757907152176
1064,35.46666666666667,24,0,0,,4,uneven rough,11,0.0,103.6792984008789,37.50603485107422,0.2200343906879425,0.7922191619873047,0.5979625582695007,0.7922191619873047,0.5979625582695007,4.799037456512451,1.012188196182251,0.3333333432674408,0.16535167396068573,0.35109609365463257,0.39610958099365234,0.29898127913475037,0.8058852553367615,0.2580817937850952,-0.018159057945013046,0.781703531742096,0.17463718354701996,0.14350008964538574,0.5641196966171265,0.5641196966171265,0.4451887011528015,1.313686728477478,-0.5727316737174988,0.0,0.11893099546432495,0.11893099546432495,0.1290408968925476,0.1290408968925476,0.050219353288412094,2.0079267024993896,1.0816571712493896,0.0,0.07882154360413551,0.07882154360413551,-0.009079528972506523,-0.009079528972506523,0.1467047929763794,-2.0000483989715576,-0.8317050933837891,0.0,-0.15578432194888592,-0.15578432194888592,0.5471924543380737,0.5471924543380737,0.23973053693771362,1.8551077842712402,0.980259120464325,0.0,0.3074619174003601,0.3074619174003601,0.08731859177350998,0.08731859177350998,0.11233145743608475,-0.36923420429229736,1.369521975517273,0.0,-0.025012865662574768,-0.025012865662574768,0.07175004482269287,0.07175004482269287,0.034154392778873444,2.054893970489502,0.7084275484085083,0.0,0.03759565204381943,0.03759565204381943
1065,35.5,4,0,0,,4,uneven rough,5,0.0,54.31632614135742,31.880043029785156,0.18701639771461487,1.797562599182129,0.10073863714933395,1.797562599182129,0.10073863714933395,9.26780891418457,5.64117431640625,0.5,-0.15201345086097717,0.04209244251251221,0.8987812995910645,0.05036931857466698,0.36377960443496704,0.03288496658205986,0.16791842877864838,0.3733694851398468,0.04837125912308693,0.31604906916618347,0.2546457052230835,0.2546457052230835,0.2085178792476654,0.6725172996520996,-1.3374806642532349,0.0,0.04612782597541809,0.04612782597541809,0.01644248329102993,0.01644248329102993,0.05169034004211426,-1.373806118965149,0.3377513587474823,0.0,-0.03524785675108433,-0.03524785675108433,0.08395921438932419,0.08395921438932419,0.0252115149050951,1.1622581481933594,-1.2079126834869385,0.0,0.05874769948422909,0.05874769948422909,0.2613586485385895,0.2613586485385895,0.22457675635814667,0.5799400210380554,1.4241808652877808,0.0,0.03678189218044281,0.03678189218044281,0.024185629561543465,0.024185629561543465,0.13062749803066254,-1.8861768245697021,0.08178175240755081,0.0,-0.10644186846911907,-0.10644186846911907,0.15802453458309174,0.15802453458309174,-0.04048878327012062,0.9716063141822815,-0.8060051798820496,0.0,0.19851331785321236,0.19851331785321236
1065,35.5,14,0,0,,4,uneven rough,5,0.0,54.613582611083984,34.590518951416016,0.2865947186946869,1.1893800497055054,-0.6153896450996399,1.1893800497055054,-0.6153896450996399,2.610525608062744,1.3588924407958984,0.3333333432674408,-0.139435276389122,0.0056039574556052685,0.5946900248527527,-0.30769482254981995,0.7443057894706726,0.29746878147125244,0.10621839761734009,0.08116424083709717,0.47874152660369873,-0.2988141179084778,0.5210140347480774,0.5210140347480774,0.23073217272758484,1.6365580558776855,1.36055326461792,0.0,0.29028186202049255,0.29028186202049255,0.14873439073562622,0.14873439073562622,0.14109446108341217,0.1692168414592743,-1.3079737424850464,0.0,0.00763992965221405,0.00763992965221405,0.053109198808670044,0.053109198808670044,0.032261040061712265,1.4154281616210938,0.5891347527503967,0.0,0.02084815874695778,0.02084815874695778,0.05681496858596802,0.05681496858596802,0.06327731907367706,-2.0321269035339355,-1.6723195314407349,0.0,-0.006462350487709045,-0.006462350487709045,0.23937076330184937,0.23937076330184937,0.0705847218632698,1.4635621309280396,1.4500943422317505,0.0,0.16878604143857956,0.16878604143857956,-0.1494070589542389,-0.1494070589542389,-0.08521668612957001,0.7966261506080627,-0.3666088581085205,0.0,-0.06419037282466888,-0.06419037282466888
1065,35.5,24,0,0,,4,uneven rough,11,0.0,103.70082092285156,37.545833587646484,0.22247743606567383,1.4691767692565918,0.28696075081825256,1.4691767692565918,0.28696075081825256,3.9702250957489014,1.2618019580841064,0.3333333432674408,0.37152883410453796,0.41285616159439087,0.7345883846282959,0.14348037540912628,-0.3896544277667999,0.6195641160011292,0.4060293436050415,0.809385359287262,0.26624947786331177,0.10015805065631866,-0.2727580964565277,-0.2727580964565277,0.41129106283187866,-1.6042884588241577,0.4938526749610901,0.0,-0.6840491592884064,-0.6840491592884064,0.3097820580005646,0.3097820580005646,0.1215495765209198,1.99833083152771,1.6053715944290161,0.0,0.18823248147964478,0.18823248147964478,0.20301467180252075,0.20301467180252075,0.1383889615535736,1.2647281885147095,-1.4922884702682495,0.0,0.06462571024894714,0.06462571024894714,0.5665697455406189,0.5665697455406189,0.3094872832298279,1.8448644876480103,1.4749001264572144,0.0,0.257082462310791,0.257082462310791,0.13312473893165588,0.13312473893165588,0.11334352940320969,0.690558135509491,0.38642609119415283,0.0,0.019781209528446198,0.019781209528446198,0.05007902532815933,0.05007902532815933,0.05217970162630081,0.826664388179779,1.469722032546997,0.0,-0.0021006762981414795,-0.0021006762981414795
1066,35.53333333333333,4,0,0,,4,uneven rough,5,0.0,54.3316650390625,31.928913116455078,0.20768526196479797,1.6430070400238037,-0.3388248383998871,1.6430070400238037,-0.3388248383998871,7.283254623413086,2.17726469039917,0.5,-0.10329370200634003,0.11457757651805878,0.8215035200119019,-0.16941241919994354,-0.017110900953412056,0.44159024953842163,0.25564253330230713,0.30217719078063965,-0.0123767564073205,0.15226338803768158,-0.01197763066738844,-0.01197763066738844,0.1553967446088791,-1.6386276483535767,-0.20102421939373016,0.0,-0.16737437527626753,-0.16737437527626753,0.22079512476921082,0.22079512476921082,0.10094449669122696,1.9901422262191772,-0.6299663186073303,0.0,0.11985062807798386,0.11985062807798386,0.12782126665115356,0.12782126665115356,0.09092799574136734,1.9633835554122925,0.1321861445903778,0.0,0.036893270909786224,0.036893270909786224,0.21152402460575104,0.21152402460575104,0.24641355872154236,-0.49793168902397156,0.946845531463623,0.0,-0.03488953411579132,-0.03488953411579132,-0.01980281062424183,-0.01980281062424183,0.07634291797876358,-1.9704618453979492,-1.0309056043624878,0.0,-0.09614572860300541,-0.09614572860300541,0.07613169401884079,0.07613169401884079,0.015546085312962532,1.9999817609786987,0.19905953109264374,0.0,0.06058560870587826,0.06058560870587826
1066,35.53333333333333,14,0,0,,4,uneven rough,5,0.0,54.62255096435547,34.63878631591797,0.2839066982269287,1.2974653244018555,0.6312548518180847,1.2974653244018555,0.6312548518180847,5.698502540588379,2.6121578216552734,0.3333333432674408,-0.02094351314008236,0.06734415143728256,0.6487326622009277,0.31562742590904236,0.6812028884887695,0.3775883913040161,0.15714918076992035,0.3577079772949219,0.3759285807609558,0.09925302863121033,0.4768420159816742,0.4768420159816742,0.29615193605422974,1.8616912364959717,1.5166068077087402,0.0,0.18069007992744446,0.18069007992744446,0.18879419565200806,0.18879419565200806,0.19268296658992767,1.1127256155014038,-0.47276756167411804,0.0,-0.0038887709379196167,-0.0038887709379196167,0.07857459038496017,0.07857459038496017,0.0803360864520073,0.25762414932250977,1.0563225746154785,0.0,-0.0017614960670471191,-0.0017614960670471191,0.2503955662250519,0.2503955662250519,0.07790388911962509,1.9944345951080322,-1.8757553100585938,0.0,0.1724916771054268,0.1724916771054268,0.1879642903804779,0.1879642903804779,0.13874557614326477,1.8309950828552246,1.4577090740203857,0.0,0.049218714237213135,0.049218714237213135,0.049626514315605164,0.049626514315605164,-0.019089579582214355,1.999989628791809,0.2910863161087036,0.0,0.06871609389781952,0.06871609389781952
1066,35.53333333333333,24,0,0,,4,uneven rough,11,0.0,103.71058654785156,37.586116790771484,0.21139517426490784,1.2557461261749268,0.12119169533252716,1.2557461261749268,0.12119169533252716,5.972385406494141,4.0176100730896,0.5,0.6487383246421814,0.094236359000206,0.6278730630874634,0.06059584766626358,0.4805332124233246,-0.040125057101249695,0.05418005958199501,0.6880269050598145,0.44214314222335815,-0.03605257347226143,0.3363732397556305,0.3363732397556305,0.35190659761428833,-1.603545069694519,-0.6924400925636292,0.0,-0.015533357858657837,-0.015533357858657837,-0.06420009583234787,-0.06420009583234787,0.10499492287635803,1.146032691001892,1.8275514841079712,0.0,-0.1691950187087059,-0.1691950187087059,0.027090029790997505,0.027090029790997505,0.07998205721378326,-0.17277178168296814,0.066533662378788,0.0,-0.05289202742278576,-0.05289202742278576,0.48161882162094116,0.48161882162094116,0.3784986734390259,1.7461538314819336,1.6840786933898926,0.0,0.10312014818191528,0.10312014818191528,0.22107157111167908,0.22107157111167908,0.12419683486223221,1.5828588008880615,0.5583828687667847,0.0,0.09687473624944687,0.09687473624944687,-0.018026286736130714,-0.018026286736130714,0.017504509538412094,0.5093785524368286,1.1061360836029053,0.0,-0.03553079627454281,-0.03553079627454281
1067,35.56666666666666,4,0,0,,4,uneven rough,5,0.0,54.34172439575195,31.979795455932617,0.22612951695919037,1.3720768690109253,0.2799224555492401,1.3720768690109253,0.2799224555492401,7.3900275230407715,0.35699236392974854,0.06287525594234467,-0.018000802025198936,0.08033168315887451,0.6860384345054626,0.13996122777462006,0.38326945900917053,0.5059248805046082,0.2225269228219986,-0.2949061095714569,-0.024826908484101295,-0.40401598811149597,0.26828861236572266,0.26828861236572266,0.20524773001670837,1.9599649906158447,-1.013847827911377,0.0,0.06304088234901428,0.06304088234901428,0.2529624402523041,0.2529624402523041,0.1683768481016159,1.9728703498840332,0.8514477610588074,0.0,0.08458559215068817,0.08458559215068817,0.1112634614109993,0.1112634614109993,0.07035432755947113,-0.9634523391723633,1.167548418045044,0.0,0.04090913385152817,0.04090913385152817,-0.20643427968025208,-0.20643427968025208,0.17575474083423615,-1.9828060865402222,0.1299659162759781,0.0,-0.3821890205144882,-0.3821890205144882,-0.03972305357456207,-0.03972305357456207,0.018426455557346344,-1.727401852607727,-1.5621323585510254,0.0,-0.05814950913190842,-0.05814950913190842,-0.20200799405574799,-0.20200799405574799,-0.009653759188950062,-0.31527191400527954,1.2173042297363281,0.0,-0.19235423486679792,-0.19235423486679792
1067,35.56666666666666,14,0,0,,4,uneven rough,5,0.0,54.627967834472656,34.6817512512207,0.2779858112335205,1.6118608713150024,0.8871899843215942,1.6118608713150024,0.8871899843215942,3.061232566833496,0.7451562881469727,0.1666666716337204,-0.14718906581401825,0.1952723264694214,0.8059304356575012,0.4435949921607971,-0.26003825664520264,0.4915827810764313,-0.09795108437538147,0.6966488361358643,0.3856362998485565,0.1351732611656189,-0.18202677369117737,-0.18202677369117737,0.26119065284729004,-1.5713486671447754,1.711718201637268,0.0,-0.4432174265384674,-0.4432174265384674,0.24579139053821564,0.24579139053821564,0.21618324518203735,0.18304570019245148,0.4236731231212616,0.0,0.029608145356178284,0.029608145356178284,-0.048975542187690735,-0.048975542187690735,0.04896748065948486,-0.03914286941289902,0.6047370433807373,0.0,-0.0979430228471756,-0.0979430228471756,0.4876541793346405,0.4876541793346405,0.14758428931236267,1.6524103879928589,0.31245699524879456,0.0,0.34006989002227783,0.34006989002227783,0.19281814992427826,0.19281814992427826,0.20332686603069305,1.2393858432769775,1.668765664100647,0.0,-0.010508716106414795,-0.010508716106414795,0.06758663058280945,0.06758663058280945,0.005956739652901888,0.13865388929843903,1.2573033571243286,0.0,0.06162989092990756,0.06162989092990756
1067,35.56666666666666,24,0,0,,4,uneven rough,11,0.0,103.7223129272461,37.62961959838867,0.20982429385185242,1.5559391975402832,0.7138963341712952,1.5559391975402832,0.7138963341712952,7.781106472015381,5.335975646972656,0.5,0.9673421382904053,0.16667203605175018,0.7779695987701416,0.3569481670856476,0.5322133898735046,0.06512007117271423,-0.13350477814674377,0.4975373446941376,0.19879747927188873,0.352298766374588,0.3725493550300598,0.3725493550300598,0.3669223189353943,0.5042635202407837,-1.2075804471969604,0.0,0.005627036094665527,0.005627036094665527,0.03256003558635712,0.03256003558635712,0.06440235674381256,-0.39220890402793884,1.4422194957733154,0.0,-0.031842321157455444,-0.031842321157455444,-0.06675238907337189,-0.06675238907337189,0.01837155967950821,-1.776551365852356,-0.06877006590366364,0.0,-0.0851239487528801,-0.0851239487528801,0.34827613830566406,0.34827613830566406,0.34501582384109497,-1.4017047882080078,1.7191760540008545,0.0,0.003260314464569092,0.003260314464569092,0.09939873963594437,0.09939873963594437,0.08400075882673264,-0.8028504252433777,1.1376234292984009,0.0,0.015397980809211731,0.015397980809211731,0.176149383187294,0.176149383187294,0.08711903542280197,2.001350164413452,0.7687283158302307,0.0,0.08903034776449203,0.08903034776449203
1068,35.6,4,0,0,,4,uneven rough,5,0.0,54.349124908447266,32.02930450439453,0.23225870728492737,1.5525908470153809,-1.2429999113082886,1.5525908470153809,-1.2429999113082886,4.278836250305176,3.9414889812469482,0.3333333432674408,0.1423574984073639,0.0935741662979126,0.7762954235076904,-0.6214999556541443,0.20574094355106354,0.31963062286376953,0.3108927607536316,-0.23669396340847015,0.28794968128204346,-0.6424107551574707,0.14401866495609283,0.14401866495609283,0.18438780307769775,-1.9606202840805054,0.6675512790679932,0.0,-0.04036913812160492,-0.04036913812160492,0.15981531143188477,0.15981531143188477,0.19715122878551483,-0.8039753437042236,1.4855021238327026,0.0,-0.037335917353630066,-0.037335917353630066,0.1554463803768158,0.1554463803768158,0.10489795356988907,1.9245001077651978,-0.03732321783900261,0.0,0.05054842680692673,0.05054842680692673,-0.165685772895813,-0.165685772895813,0.13436025381088257,-1.2875382900238037,-1.0645991563796997,0.0,-0.30004602670669556,-0.30004602670669556,0.14397484064102173,0.14397484064102173,0.050737954676151276,1.6107970476150513,-1.6555759906768799,0.0,0.09323688596487045,0.09323688596487045,-0.32120537757873535,-0.32120537757873535,-0.016256187111139297,0.055843934416770935,0.35078293085098267,0.0,-0.30494919046759605,-0.30494919046759605
1068,35.6,14,0,0,,4,uneven rough,5,0.0,54.63637161254883,34.72184371948242,0.2781525254249573,1.7185026407241821,-0.048585936427116394,1.7185026407241821,-0.048585936427116394,7.2935590744018555,4.374637603759766,0.3333333432674408,0.09872051328420639,0.09956319630146027,0.8592513203620911,-0.024292968213558197,0.4952084422111511,0.17808429896831512,0.05293973162770271,0.29606467485427856,0.18232710659503937,0.09381221979856491,0.34664589166641235,0.34664589166641235,0.2874525189399719,1.9976916313171387,-0.1445336937904358,0.0,0.05919337272644043,0.05919337272644043,0.08904214948415756,0.08904214948415756,0.1495586484670639,-1.998809814453125,0.28762194514274597,0.0,-0.06051649898290634,-0.06051649898290634,0.026469865813851357,0.026469865813851357,0.028241438791155815,-0.6332427263259888,0.24068617820739746,0.0,-0.0017715729773044586,-0.0017715729773044586,0.20724527537822723,0.20724527537822723,0.1733717918395996,0.5669273734092712,1.0700690746307373,0.0,0.033873483538627625,0.033873483538627625,0.09116355329751968,0.09116355329751968,0.14874807000160217,-1.648512601852417,1.42599356174469,0.0,-0.05758451670408249,-0.05758451670408249,0.046906109899282455,0.046906109899282455,0.02830835059285164,0.29308488965034485,0.62481689453125,0.0,0.018597759306430817,0.018597759306430817
1068,35.6,24,0,0,,4,uneven rough,11,0.0,103.72724151611328,37.6761360168457,0.2082008421421051,1.43271803855896,-0.34550997614860535,1.43271803855896,-0.34550997614860535,7.17843770980835,0.713861346244812,0.3333333432674408,1.0451865196228027,0.16370120644569397,0.71635901927948,-0.17275498807430267,0.1258912831544876,0.08619732409715652,0.5946424007415771,0.3537138104438782,0.26832449436187744,-0.25597184896469116,0.08812389522790909,0.08812389522790909,0.3267355263233185,-1.4902399778366089,-0.2397007793188095,0.0,-0.2386116310954094,-0.2386116310954094,0.04309866204857826,0.04309866204857826,0.08579453080892563,-0.32244524359703064,0.40503036975860596,0.0,-0.042695868760347366,-0.042695868760347366,0.2973212003707886,0.2973212003707886,0.0658385157585144,1.893878698348999,-1.0343526601791382,0.0,0.23148268461227417,0.23148268461227417,0.24759966135025024,0.24759966135025024,0.2943445146083832,-2.0029046535491943,-0.04537556320428848,0.0,-0.046744853258132935,-0.046744853258132935,0.13416224718093872,0.13416224718093872,0.0927136093378067,-0.561919093132019,0.04047604277729988,0.0,0.04144863784313202,0.04144863784313202,-0.12798592448234558,-0.12798592448234558,0.04667723923921585,-1.0708355903625488,1.4656548500061035,0.0,-0.17466316372156143,-0.17466316372156143
1069,35.63333333333333,4,0,0,,4,uneven rough,5,0.0,54.355995178222656,32.0777587890625,0.21712392568588257,1.613186240196228,0.1040210872888565,1.613186240196228,0.1040210872888565,6.8355607986450195,4.296807765960693,0.3333333432674408,-0.07030966877937317,0.2196691632270813,0.806593120098114,0.05201054364442825,0.9417611360549927,0.10541823506355286,-0.16154682636260986,0.05066012218594551,0.3847455084323883,-0.43558382987976074,0.6592327952384949,0.6592327952384949,0.21608471870422363,1.999998688697815,-0.8184216618537903,0.0,0.44314807653427124,0.44314807653427124,0.05270911753177643,0.05270911753177643,0.1306351274251938,-2.0000014305114746,0.1910274624824524,0.0,-0.07792600989341736,-0.07792600989341736,-0.08077341318130493,-0.08077341318130493,0.04250555485486984,-1.998392105102539,1.0718952417373657,0.0,-0.12327896803617477,-0.12327896803617477,0.03546208515763283,0.03546208515763283,0.06480008363723755,-1.9995291233062744,-1.190649390220642,0.0,-0.02933799847960472,-0.02933799847960472,0.19237275421619415,0.19237275421619415,0.11284346878528595,1.994890570640564,0.1912371665239334,0.0,0.0795292854309082,0.0795292854309082,-0.21779191493988037,-0.21779191493988037,-0.07569567114114761,-1.995064616203308,0.1840239018201828,0.0,-0.14209624379873276,-0.14209624379873276
1069,35.63333333333333,14,0,0,,4,uneven rough,5,0.0,54.643028259277344,34.76273727416992,0.2677534520626068,1.622901439666748,0.2413027286529541,1.622901439666748,0.2413027286529541,4.5821146965026855,0.4120904207229614,0.3333333432674408,0.29189905524253845,0.19642537832260132,0.811450719833374,0.12065136432647705,-0.28122246265411377,0.034063756465911865,0.47845447063446045,0.47229865193367004,0.46196356415748596,-0.1310776323080063,-0.19685572385787964,-0.19685572385787964,0.24379761517047882,-1.922766923904419,1.066684365272522,0.0,-0.44065333902835846,-0.44065333902835846,0.017031878232955933,0.017031878232955933,0.08771012723445892,-1.995316982269287,-1.005130648612976,0.0,-0.07067824900150299,-0.07067824900150299,0.23922723531723022,0.23922723531723022,0.058623578399419785,0.3505532741546631,-0.25343480706214905,0.0,0.18060365691781044,0.18060365691781044,0.3306090533733368,0.3306090533733368,0.24342595040798187,1.9943511486053467,0.7855918407440186,0.0,0.08718310296535492,0.08718310296535492,0.23098178207874298,0.23098178207874298,0.20700642466545105,1.992461919784546,-0.3123377561569214,0.0,0.02397535741329193,0.02397535741329193,-0.06553881615400314,-0.06553881615400314,0.015878116711974144,-0.059339046478271484,0.43725502490997314,0.0,-0.08141693286597729,-0.08141693286597729
1069,35.63333333333333,24,0,0,,4,uneven rough,11,0.0,103.73583221435547,37.720069885253906,0.2075093686580658,0.9829939603805542,-0.1797270029783249,0.9829939603805542,-0.1797270029783249,1.7549018859863281,4.083909511566162,0.5,1.0054161548614502,0.33763569593429565,0.4914969801902771,-0.08986350148916245,0.8026383519172668,-0.26509955525398254,0.6841548681259155,0.2024369090795517,0.23050448298454285,-0.28575316071510315,0.5618468523025513,0.5618468523025513,0.3597530424594879,1.8097821474075317,-0.9467578530311584,0.0,0.20209380984306335,0.20209380984306335,-0.42415928840637207,-0.42415928840637207,0.06851141154766083,0.9305776357650757,-0.006285638548433781,0.0,-0.4926706999540329,-0.4926706999540329,0.34207743406295776,0.34207743406295776,0.13591958582401276,1.9931775331497192,0.6212745904922485,0.0,0.206157848238945,0.206157848238945,0.14170584082603455,0.14170584082603455,0.22132769227027893,-1.9646903276443481,-1.1521660089492798,0.0,-0.07962185144424438,-0.07962185144424438,0.11525224149227142,0.11525224149227142,0.0701492428779602,0.9423812627792358,-0.3001192510128021,0.0,0.04510299861431122,0.04510299861431122,-0.14287658035755157,-0.14287658035755157,0.030674777925014496,-1.3010014295578003,0.03151863440871239,0.0,-0.17355135828256607,-0.17355135828256607
1070,35.666666666666664,4,0,0,,4,uneven rough,5,0.0,54.37861633300781,32.124481201171875,0.21009406447410583,1.4761995077133179,-0.541985809803009,1.4761995077133179,-0.541985809803009,7.604315757751465,0.0,0.0,-0.015749555081129074,0.10642906278371811,0.7380997538566589,-0.2709929049015045,0.7240992784500122,0.41894131898880005,0.592617392539978,0.34629449248313904,-0.005743596702814102,-0.18689747154712677,0.5068694949150085,0.5068694949150085,0.27792465686798096,1.8776127099990845,0.7751182913780212,0.0,0.2289448380470276,0.2289448380470276,0.20947065949440002,0.20947065949440002,0.1348884403705597,1.8601099252700806,-1.0477842092514038,0.0,0.07458221912384033,0.07458221912384033,0.296308696269989,0.296308696269989,0.07617584615945816,-1.5179914236068726,-0.6640507578849792,0.0,0.22013285011053085,0.22013285011053085,0.24240614473819733,0.24240614473819733,0.09590598195791245,1.829607367515564,-1.647991418838501,0.0,0.14650016278028488,0.14650016278028488,-0.009189754724502563,-0.009189754724502563,0.12465237081050873,-0.24145281314849854,1.2110260725021362,0.0,-0.1338421255350113,-0.1338421255350113,-0.09344873577356339,-0.09344873577356339,-0.07263878732919693,-0.29027795791625977,-1.0480366945266724,0.0,-0.020809948444366455,-0.020809948444366455
1070,35.666666666666664,14,0,0,,4,uneven rough,5,0.0,54.64473342895508,34.804134368896484,0.2635815739631653,1.23566472530365,0.5424403548240662,1.23566472530365,0.5424403548240662,6.458086013793945,2.1413474082946777,0.3333333432674408,0.45215708017349243,0.1289437711238861,0.617832362651825,0.2712201774120331,0.5698947906494141,0.3622705638408661,-0.06836814433336258,0.2894395887851715,0.2392328977584839,0.24465130269527435,0.39892634749412537,0.39892634749412537,0.2978775203227997,1.9183114767074585,-0.6235567331314087,0.0,0.10104882717132568,0.10104882717132568,0.18113528192043304,0.18113528192043304,0.06357841938734055,-0.46834081411361694,-1.56498384475708,0.0,0.1175568625330925,0.1175568625330925,-0.03418407216668129,-0.03418407216668129,-0.0007299158023670316,-1.9592474699020386,0.0880611389875412,0.0,-0.03345415636431426,-0.03345415636431426,0.20260770618915558,0.20260770618915558,0.19872485101222992,-1.6516793966293335,1.4690265655517578,0.0,0.003882855176925659,0.003882855176925659,0.11961644887924194,0.11961644887924194,0.1912507861852646,-2.005619525909424,0.990800142288208,0.0,-0.07163433730602264,-0.07163433730602264,0.12232565134763718,0.12232565134763718,0.04915997013449669,1.3769819736480713,0.1564798504114151,0.0,0.07316568121314049,0.07316568121314049
1070,35.666666666666664,24,0,0,,4,uneven rough,11,0.0,103.74510192871094,37.763397216796875,0.20198842883110046,0.9630002975463867,-0.3604658246040344,0.9630002975463867,-0.3604658246040344,1.7824596166610718,1.6230862140655518,0.3333333432674408,1.0772265195846558,0.18653926253318787,0.48150014877319336,-0.1802329123020172,0.7082535028457642,-0.1326807290315628,0.44658052921295166,0.21931259334087372,0.3266436457633972,-0.45509713888168335,0.4957774579524994,0.4957774579524994,0.4258427917957306,1.9997268915176392,0.6117948293685913,0.0,0.0699346661567688,0.0699346661567688,-0.21228916943073273,-0.21228916943073273,0.04178081080317497,-0.760612964630127,0.5234185457229614,0.0,-0.2540699802339077,-0.2540699802339077,0.22329026460647583,0.22329026460647583,0.20324410498142242,1.9493801593780518,1.3969509601593018,0.0,0.020046159625053406,0.020046159625053406,0.15351881086826324,0.15351881086826324,0.15244285762310028,-1.9424338340759277,-1.6115686893463135,0.0,0.0010759532451629639,0.0010759532451629639,0.1633218228816986,0.1633218228816986,0.1054987907409668,2.0082340240478516,0.40239277482032776,0.0,0.05782303214073181,0.05782303214073181,-0.22754856944084167,-0.22754856944084167,-0.012096663936972618,-1.2219079732894897,-0.7218906283378601,0.0,-0.21545190550386906,-0.21545190550386906
1071,35.7,4,0,0,,4,uneven rough,5,0.0,54.4039306640625,32.173458099365234,0.2026430368423462,1.6081717014312744,0.39138782024383545,1.6081717014312744,0.39138782024383545,3.6350154876708984,3.3371200561523438,0.3333333432674408,0.11125731468200684,0.29285120964050293,0.8040858507156372,0.19569391012191772,-0.36984044313430786,0.5040187239646912,0.38889405131340027,0.8240019083023071,0.5046209096908569,0.3634727895259857,-0.258888304233551,-0.258888304233551,0.2533699870109558,-1.3610204458236694,1.3984706401824951,0.0,-0.5122582912445068,-0.5122582912445068,0.2520093619823456,0.2520093619823456,0.20115499198436737,1.2710238695144653,0.5963443517684937,0.0,0.05085436999797821,0.05085436999797821,0.19444702565670013,0.19444702565670013,0.1372556984424591,1.9465913772583008,-1.1468703746795654,0.0,0.05719132721424103,0.05719132721424103,0.5768013000488281,0.5768013000488281,0.16623751819133759,1.9774713516235352,0.3182491660118103,0.0,0.41056378185749054,0.41056378185749054,0.25231045484542847,0.25231045484542847,0.19384153187274933,1.9820910692214966,0.38979193568229675,0.0,0.05846892297267914,0.05846892297267914,0.18173639476299286,0.18173639476299286,-0.010263320989906788,-0.24444156885147095,-0.6195985674858093,0.0,0.19199971575289965,0.19199971575289965
1071,35.7,14,0,0,,4,uneven rough,5,0.0,54.64351272583008,34.84396743774414,0.25368860363960266,1.6481451988220215,0.1967776119709015,1.6481451988220215,0.1967776119709015,7.187585353851318,0.37729352712631226,0.1666666716337204,0.5623793601989746,0.21838049590587616,0.8240725994110107,0.09838880598545074,-0.2143503725528717,-0.14099949598312378,0.4133583605289459,0.2440154254436493,0.6189584136009216,-0.4960376024246216,-0.1500452607870102,-0.1500452607870102,0.2647307217121124,-0.39622610807418823,0.8136200904846191,0.0,-0.4147759824991226,-0.4147759824991226,-0.22559919953346252,-0.22559919953346252,0.023306256160140038,0.023890703916549683,-0.944939911365509,0.0,-0.24890545569360256,-0.24890545569360256,0.20667918026447296,0.20667918026447296,0.0214957557618618,-0.5140625238418579,-1.0694907903671265,0.0,0.18518342450261116,0.18518342450261116,0.1708107888698578,0.1708107888698578,0.19317631423473358,-0.8338657021522522,-0.2954261600971222,0.0,-0.022365525364875793,-0.022365525364875793,0.3094792068004608,0.3094792068004608,0.24400556087493896,2.0079240798950195,-0.7033809423446655,0.0,0.06547364592552185,0.06547364592552185,-0.2480188012123108,-0.2480188012123108,0.04456957429647446,-1.3538527488708496,0.8465539216995239,0.0,-0.29258837550878525,-0.29258837550878525
1071,35.7,24,0,0,,4,uneven rough,11,0.0,103.75579071044922,37.80402374267578,0.1949741691350937,0.546437680721283,0.043599750846624374,0.546437680721283,0.043599750846624374,1.6588271856307983,1.2924089431762695,0.3333333432674408,1.0208511352539062,0.1618569791316986,0.2732188403606415,0.021799875423312187,0.810574471950531,-0.13986654579639435,0.5676271915435791,0.24837608635425568,0.33512210845947266,-0.19215384125709534,0.5674021244049072,0.5674021244049072,0.4893389344215393,1.9935379028320312,1.3965340852737427,0.0,0.07806318998336792,0.07806318998336792,-0.22378647327423096,-0.22378647327423096,0.0011571415234357119,-0.5928928256034851,-0.2025751769542694,0.0,-0.22494361479766667,-0.22494361479766667,0.28381359577178955,0.28381359577178955,0.25588172674179077,0.29294607043266296,1.709295392036438,0.0,0.02793186902999878,0.02793186902999878,0.1738632619380951,0.1738632619380951,0.12787176668643951,0.340941846370697,-1.7986403703689575,0.0,0.04599149525165558,0.04599149525165558,0.16756105422973633,0.16756105422973633,0.14038100838661194,1.8383052349090576,1.3103382587432861,0.0,0.02718004584312439,0.02718004584312439,-0.09607692062854767,-0.09607692062854767,-0.0635935515165329,-1.839349389076233,-1.0046013593673706,0.0,-0.03248336911201477,-0.03248336911201477
1072,35.733333333333334,4,0,0,,4,uneven rough,5,0.0,54.42094802856445,32.21903991699219,0.18037652969360352,1.9227616786956787,0.44297152757644653,1.9227616786956787,0.44297152757644653,9.925233840942383,1.9632529020309448,0.1666666716337204,0.31919732689857483,0.2606913447380066,0.9613808393478394,0.22148576378822327,-0.08876492083072662,0.14351336658000946,-0.03718871250748634,0.4747164845466614,0.6014725565910339,0.09424933046102524,-0.06213544309139252,-0.06213544309139252,0.1866806000471115,-1.9846668243408203,-0.16175056993961334,0.0,-0.24881604313850403,-0.24881604313850403,0.07175668329000473,0.07175668329000473,0.1393948197364807,-2.000018835067749,0.9778093695640564,0.0,-0.06763813644647598,-0.06763813644647598,-0.01859435625374317,-0.01859435625374317,0.09027107805013657,-1.9441107511520386,0.6021784543991089,0.0,-0.10886543430387974,-0.10886543430387974,0.332301527261734,0.332301527261734,0.23061306774616241,2.0014400482177734,1.2563763856887817,0.0,0.1016884595155716,0.1016884595155716,0.30073627829551697,0.30073627829551697,0.2481871098279953,2.023103713989258,1.2900806665420532,0.0,0.05254916846752167,0.05254916846752167,0.04712466523051262,0.04712466523051262,0.01574542187154293,1.05434250831604,-0.40748414397239685,0.0,0.03137924335896969,0.03137924335896969
1072,35.733333333333334,14,0,0,,4,uneven rough,5,0.0,54.64645004272461,34.885929107666016,0.24667257070541382,1.5982646942138672,-0.365873783826828,1.5982646942138672,-0.365873783826828,4.484340190887451,5.16362190246582,0.5,0.6953017115592957,0.17686790227890015,0.7991323471069336,-0.182936891913414,0.6672780513763428,-0.140617236495018,0.514374852180481,0.41215330362319946,0.5222862958908081,-0.19866244494915009,0.46709463000297546,0.46709463000297546,0.30979418754577637,1.4255918264389038,0.129570871591568,0.0,0.1573004424571991,0.1573004424571991,-0.22498758137226105,-0.22498758137226105,-0.039737116545438766,-1.9741007089614868,-0.3971613347530365,0.0,-0.18525046482682228,-0.18525046482682228,0.2571874260902405,0.2571874260902405,0.032564032822847366,1.758901834487915,-0.7554506659507751,0.0,0.2246233932673931,0.2246233932673931,0.2885073125362396,0.2885073125362396,0.20779243111610413,1.468709111213684,-0.5998608469963074,0.0,0.0807148814201355,0.0807148814201355,0.26114314794540405,0.26114314794540405,0.273689866065979,-0.4712008535861969,0.8295958042144775,0.0,-0.012546718120574951,-0.012546718120574951,-0.09933122247457504,-0.09933122247457504,0.021863222122192383,0.8438036441802979,-0.3975599706172943,0.0,-0.12119444459676743,-0.12119444459676743
1072,35.733333333333334,24,0,0,,4,uneven rough,11,0.0,103.7607650756836,37.83982849121094,0.1929263174533844,1.2012670040130615,0.47964030504226685,1.2012670040130615,0.47964030504226685,1.4289329051971436,6.289953231811523,0.6666666865348816,0.9250551462173462,0.14127632975578308,0.6006335020065308,0.23982015252113342,0.5086026787757874,-0.13793474435806274,0.4270718991756439,0.627422571182251,0.5802781581878662,0.11120087653398514,0.3560218811035156,0.3560218811035156,0.4443216621875763,-2.0040204524993896,1.7340811491012573,0.0,-0.08829978108406067,-0.08829978108406067,-0.2206955999135971,-0.2206955999135971,-0.03100643865764141,-0.34590908885002136,-0.42326146364212036,0.0,-0.1896891612559557,-0.1896891612559557,0.21353594958782196,0.21353594958782196,0.22235839068889618,-1.0768260955810547,0.9084889888763428,0.0,-0.008822441101074219,-0.008822441101074219,0.43919578194618225,0.43919578194618225,0.18610984086990356,1.7328271865844727,-0.5889167785644531,0.0,0.2530859410762787,0.2530859410762787,0.2901390790939331,0.2901390790939331,0.1791655272245407,2.002162456512451,1.608851671218872,0.0,0.1109735518693924,0.1109735518693924,0.05560043826699257,0.05560043826699257,-0.01446890365332365,1.971266269683838,-1.476569414138794,0.0,0.07006934192031622,0.07006934192031622
1073,35.766666666666666,4,0,0,,4,uneven rough,5,0.0,54.430965423583984,32.26633834838867,0.1662115901708603,1.7040537595748901,-0.4178430140018463,1.7040537595748901,-0.4178430140018463,9.132098197937012,1.7077116966247559,0.1666666716337204,0.2008851021528244,0.24720065295696259,0.8520268797874451,-0.20892150700092316,-0.045133646577596664,0.07653424888849258,0.04364145174622536,0.3610120117664337,0.41568392515182495,-0.3117261826992035,-0.031593553721904755,-0.031593553721904755,0.13069958984851837,-1.0130754709243774,-1.1924307346343994,0.0,-0.16229314357042313,-0.16229314357042313,0.03826712444424629,0.03826712444424629,0.07656894624233246,-0.5559313893318176,-0.7058600187301636,0.0,-0.038301821798086166,-0.038301821798086166,0.02182072587311268,0.02182072587311268,0.0772046372294426,1.2564111948013306,-0.8374980092048645,0.0,-0.05538391135632992,-0.05538391135632992,0.25270840525627136,0.25270840525627136,0.2811092138290405,-0.6381906270980835,1.677636742591858,0.0,-0.028400808572769165,-0.028400808572769165,0.20784196257591248,0.20784196257591248,0.20856019854545593,-2.0006890296936035,1.7045332193374634,0.0,-0.000718235969543457,-0.000718235969543457,-0.15586309134960175,-0.15586309134960175,-0.042637549340724945,-0.43157079815864563,0.41903525590896606,0.0,-0.1132255420088768,-0.1132255420088768
1073,35.766666666666666,14,0,0,,4,uneven rough,5,0.0,54.652042388916016,34.92555236816406,0.25945210456848145,1.4598641395568848,-0.15830789506435394,1.4598641395568848,-0.15830789506435394,3.9359288215637207,2.811044216156006,0.5,0.754012942314148,0.17643097043037415,0.7299320697784424,-0.07915394753217697,-0.18351271748542786,0.4795938730239868,0.4263794720172882,0.3885151147842407,0.1010897308588028,0.30973944067955017,-0.1284589022397995,-0.1284589022397995,0.2675832211971283,-1.5515854358673096,0.862343430519104,0.0,-0.3960421234369278,-0.3960421234369278,0.2397969365119934,0.2397969365119934,-0.002596924314275384,1.6250087022781372,-1.2887656688690186,0.0,0.2423938608262688,0.2423938608262688,0.2131897360086441,0.2131897360086441,0.09453754127025604,0.8720418214797974,0.666168749332428,0.0,0.11865219473838806,0.11865219473838806,0.271960586309433,0.271960586309433,0.27044442296028137,1.0996097326278687,0.5697123408317566,0.0,0.0015161633491516113,0.0015161633491516113,0.0505448654294014,0.0505448654294014,0.23589922487735748,-1.8196845054626465,0.09412302821874619,0.0,-0.18535435944795609,-0.18535435944795609,0.15486972033977509,0.15486972033977509,0.08619803935289383,1.9999016523361206,0.30430924892425537,0.0,0.06867168098688126,0.06867168098688126
1073,35.766666666666666,24,0,0,,4,uneven rough,11,0.0,103.7693862915039,37.876914978027344,0.2002870887517929,1.407982349395752,0.11801976710557938,1.407982349395752,0.11801976710557938,6.995931148529053,2.2679922580718994,0.3333333432674408,0.6842054128646851,0.17618203163146973,0.703991174697876,0.05900988355278969,0.6654080748558044,0.16069313883781433,0.5493183135986328,0.6829237341880798,0.281205952167511,0.20829755067825317,0.4657856523990631,0.4657856523990631,0.42844757437705994,0.7246445417404175,-0.37944820523262024,0.0,0.037338078022003174,0.037338078022003174,0.08034656941890717,0.08034656941890717,0.033932723104953766,1.9739733934402466,-0.379526287317276,0.0,0.0464138463139534,0.0464138463139534,0.2746591567993164,0.2746591567993164,0.24318066239356995,0.2869352698326111,-0.21401171386241913,0.0,0.03147849440574646,0.03147849440574646,0.47804659605026245,0.47804659605026245,0.24307139217853546,1.6680612564086914,0.7238014340400696,0.0,0.234975203871727,0.234975203871727,0.1406029760837555,0.1406029760837555,0.19816546142101288,-1.2349869012832642,1.8312302827835083,0.0,-0.057562485337257385,-0.057562485337257385,0.10414877533912659,0.10414877533912659,0.05241886153817177,2.0000014305114746,0.47284308075904846,0.0,0.05172991380095482,0.05172991380095482
1074,35.8,4,0,0,,4,uneven rough,5,0.0,54.43950653076172,32.315582275390625,0.17988377809524536,1.8044497966766357,1.4438267946243286,1.8044497966766357,1.4438267946243286,7.677375793457031,4.811919212341309,0.5,0.33500489592552185,0.20093820989131927,0.9022248983383179,0.7219133973121643,0.2903791666030884,0.16957788169384003,-0.2605702877044678,-0.2815570831298828,0.26498621702194214,-0.09192807227373123,0.20326541364192963,0.20326541364192963,0.16992658376693726,1.4236719608306885,-1.0910229682922363,0.0,0.03333882987499237,0.03333882987499237,0.08478894084692001,0.08478894084692001,0.09295422583818436,0.2795664966106415,-0.6210901141166687,0.0,-0.008165284991264343,-0.008165284991264343,-0.1302851438522339,-0.1302851438522339,0.05149832367897034,-0.34226250648498535,0.34640198945999146,0.0,-0.18178346753120422,-0.18178346753120422,-0.19708995521068573,-0.19708995521068573,0.21148523688316345,-1.9071987867355347,0.36826378107070923,0.0,-0.4085751920938492,-0.4085751920938492,0.13249310851097107,0.13249310851097107,0.13836733996868134,-2.000312328338623,-0.39040607213974,0.0,-0.005874231457710266,-0.005874231457710266,-0.045964036136865616,-0.045964036136865616,-0.05378636345267296,0.20474518835544586,-0.06189892441034317,0.0,0.007822327315807343,0.007822327315807343
1074,35.8,14,0,0,,4,uneven rough,5,0.0,54.65078353881836,34.9644775390625,0.27317896485328674,1.2096136808395386,0.3109918534755707,1.2096136808395386,0.3109918534755707,5.857423305511475,0.9466680884361267,0.3333333432674408,0.728568434715271,0.2162153422832489,0.6048068404197693,0.15549592673778534,-0.3379824459552765,0.6607488989830017,0.5606814622879028,0.382875919342041,0.27882057428359985,-0.2044876664876938,-0.23658770322799683,-0.23658770322799683,0.2156839668750763,-1.2794020175933838,-0.5024963021278381,0.0,-0.4522716701030731,-0.4522716701030731,0.33037444949150085,0.33037444949150085,0.04448988661170006,0.766202986240387,0.3586875796318054,0.0,0.2858845628798008,0.2858845628798008,0.2803407311439514,0.2803407311439514,0.12863336503505707,0.9550297856330872,0.7825697660446167,0.0,0.15170736610889435,0.15170736610889435,0.2680131494998932,0.2680131494998932,0.2950034439563751,-0.14614467322826385,0.8693172931671143,0.0,-0.026990294456481934,-0.026990294456481934,0.13941028714179993,0.13941028714179993,0.18551105260849,-1.9888370037078857,-0.9879471659660339,0.0,-0.046100765466690063,-0.046100765466690063,-0.1022438332438469,-0.1022438332438469,0.12312658876180649,0.9347690343856812,1.263000249862671,0.0,-0.22537042200565338,-0.22537042200565338
1074,35.8,24,0,0,,4,uneven rough,11,0.0,103.77075958251953,37.91355514526367,0.19953572750091553,1.0825986862182617,-0.3462119996547699,1.0825986862182617,-0.3462119996547699,3.13169002532959,0.9600492715835571,0.1666666716337204,0.5828540325164795,0.15247945487499237,0.5412993431091309,-0.17310599982738495,-0.6000164151191711,0.5771012306213379,0.3454253375530243,0.6000463962554932,0.5488347411155701,-0.31983980536460876,-0.4200114905834198,-0.4200114905834198,0.3827268183231354,-1.9998235702514648,0.24480780959129333,0.0,-0.8027383089065552,-0.8027383089065552,0.28855061531066895,0.28855061531066895,0.09967095404863358,2.0113978385925293,0.95114666223526,0.0,0.18887966126203537,0.18887966126203537,0.17271266877651215,0.17271266877651215,0.18929268419742584,-0.6912280917167664,0.06922461092472076,0.0,-0.016580015420913696,-0.016580015420913696,0.42003247141838074,0.42003247141838074,0.3130820095539093,1.5071046352386475,1.2576875686645508,0.0,0.10695046186447144,0.10695046186447144,0.27441737055778503,0.27441737055778503,0.23471690714359283,1.480765461921692,0.09758557379245758,0.0,0.0397004634141922,0.0397004634141922,-0.15991990268230438,-0.15991990268230438,0.0035540717653930187,-0.6516250967979431,1.3363012075424194,0.0,-0.1634739744476974,-0.1634739744476974
1075,35.833333333333336,4,0,0,,4,uneven rough,5,0.0,54.44004821777344,32.364009857177734,0.19713065028190613,1.6088557243347168,-1.005123257637024,1.6088557243347168,-1.005123257637024,7.320113182067871,1.1508007049560547,0.3333333432674408,0.3724077641963959,0.03432917222380638,0.8044278621673584,-0.502561628818512,0.12898540496826172,0.3270249366760254,-0.02824997529387474,-0.3221239447593689,0.00544159347191453,-0.5855743885040283,0.09028977900743484,0.09028977900743484,0.1444321721792221,-1.7784428596496582,0.33079007267951965,0.0,-0.05414239317178726,-0.05414239317178726,0.1635124683380127,0.1635124683380127,0.15232783555984497,1.5972996950149536,-0.11185724288225174,0.0,0.011184632778167725,0.011184632778167725,-0.01412498764693737,-0.01412498764693737,0.00025417341385036707,-0.5318430662155151,-0.04297014698386192,0.0,-0.014379161060787737,-0.014379161060787737,-0.22548675537109375,-0.22548675537109375,0.16140437126159668,-1.891054630279541,-0.9182868003845215,0.0,-0.38689112663269043,-0.38689112663269043,0.002720796735957265,0.002720796735957265,0.07513561099767685,-1.9776978492736816,-1.3006500005722046,0.0,-0.07241481426171958,-0.07241481426171958,-0.29278719425201416,-0.29278719425201416,-0.0717853531241417,1.1428622007369995,0.08886213600635529,0.0,-0.22100184112787247,-0.22100184112787247
1075,35.833333333333336,14,0,0,,4,uneven rough,5,0.0,54.64223098754883,35.00674819946289,0.28314560651779175,1.1466718912124634,0.2531389892101288,1.1466718912124634,0.2531389892101288,5.86371374130249,1.5614261627197266,0.3333333432674408,0.516329288482666,0.18225648999214172,0.5733359456062317,0.1265694946050644,0.300327867269516,0.25671854615211487,0.4347299337387085,0.13252170383930206,0.37114381790161133,-0.5036263465881348,0.21022950112819672,0.21022950112819672,0.22220425307750702,0.0290552768856287,-0.9417601823806763,0.0,-0.011974751949310303,-0.011974751949310303,0.12835927307605743,0.12835927307605743,0.1097148135304451,1.4620563983917236,0.5890974998474121,0.0,0.018644459545612335,0.018644459545612335,0.21736496686935425,0.21736496686935425,0.1598864197731018,0.842161238193512,0.8800789713859558,0.0,0.05747854709625244,0.05747854709625244,0.0927651897072792,0.0927651897072792,0.2328670471906662,-1.8858425617218018,0.2951732873916626,0.0,-0.140101857483387,-0.140101857483387,0.18557190895080566,0.18557190895080566,0.19849146902561188,0.8008491396903992,-1.5538520812988281,0.0,-0.012919560074806213,-0.012919560074806213,-0.2518131732940674,-0.2518131732940674,0.12330785393714905,0.2437696009874344,1.0774177312850952,0.0,-0.37512102723121643,-0.37512102723121643
1075,35.833333333333336,24,0,0,,4,uneven rough,11,0.0,103.77313995361328,37.95038604736328,0.19349844753742218,0.5825035572052002,1.4328811168670654,0.5825035572052002,1.4328811168670654,3.384387969970703,2.976442813873291,0.1666666716337204,0.2677991986274719,0.11953788995742798,0.2912517786026001,0.7164405584335327,0.6709072589874268,-0.16718128323554993,-0.13842399418354034,0.2926689088344574,0.41227975487709045,0.07868816703557968,0.4696350693702698,0.4696350693702698,0.43323683738708496,1.9981844425201416,-1.024310827255249,0.0,0.036398231983184814,0.036398231983184814,-0.26749005913734436,-0.26749005913734436,0.05195141211152077,1.4640746116638184,1.550614595413208,0.0,-0.3194414712488651,-0.3194414712488651,-0.06921199709177017,-0.06921199709177017,0.12831807136535645,-1.8837270736694336,-0.3607366979122162,0.0,-0.19753006845712662,-0.19753006845712662,0.20486822724342346,0.20486822724342346,0.2505907416343689,-1.9707579612731934,1.398708462715149,0.0,-0.045722514390945435,-0.045722514390945435,0.20613987743854523,0.20613987743854523,0.193961039185524,0.06212150305509567,0.8796379566192627,0.0,0.01217883825302124,0.01217883825302124,0.03934408351778984,0.03934408351778984,0.04430074244737625,-0.7096702456474304,0.2123240977525711,0.0,-0.0049566589295864105,-0.0049566589295864105
1076,35.86666666666667,4,0,0,,4,uneven rough,5,0.0,54.444828033447266,32.40815353393555,0.19929471611976624,1.741520643234253,-0.3356521725654602,1.741520643234253,-0.3356521725654602,6.222175598144531,1.2404253482818604,0.3333333432674408,0.5672115683555603,0.24434372782707214,0.8707603216171265,-0.1678260862827301,0.6247708797454834,0.1705930382013321,0.297378271818161,-0.3128962814807892,0.521968424320221,-0.7336239814758301,0.4373396039009094,0.4373396039009094,0.17991206049919128,1.7609037160873413,-0.8617740273475647,0.0,0.25742754340171814,0.25742754340171814,0.08529651910066605,0.08529651910066605,0.12954212725162506,-1.95790696144104,0.8545031547546387,0.0,-0.044245608150959015,-0.044245608150959015,0.1486891359090805,0.1486891359090805,0.049255043268203735,1.70039963722229,-0.3193797767162323,0.0,0.09943409264087677,0.09943409264087677,-0.21902740001678467,-0.21902740001678467,0.09108789265155792,-1.9758528470993042,-1.4682915210723877,0.0,-0.3101152926683426,-0.3101152926683426,0.2609842121601105,0.2609842121601105,0.10341139137744904,1.3552911281585693,-1.6834540367126465,0.0,0.15757282078266144,0.15757282078266144,-0.36681199073791504,-0.36681199073791504,-0.02617751806974411,1.3267219066619873,0.6847956776618958,0.0,-0.34063447266817093,-0.34063447266817093
1076,35.86666666666667,14,0,0,,4,uneven rough,5,0.0,54.6352424621582,35.04582977294922,0.28319329023361206,1.5769870281219482,-0.1247677430510521,1.5769870281219482,-0.1247677430510521,5.545648574829102,3.6696481704711914,0.3333333432674408,0.2994391620159149,0.1435183882713318,0.7884935140609741,-0.06238387152552605,0.7277176380157471,-0.26468685269355774,-0.03682408854365349,0.22919702529907227,0.7656497955322266,-0.6391299962997437,0.509402334690094,0.509402334690094,0.2807856500148773,1.784010887145996,-0.3928593695163727,0.0,0.22861668467521667,0.22861668467521667,-0.4234989583492279,-0.4234989583492279,0.08666351437568665,-0.4443388283252716,1.0826700925827026,0.0,-0.5101624727249146,-0.5101624727249146,-0.018412044271826744,-0.018412044271826744,0.10037754476070404,-2.002091646194458,0.858640193939209,0.0,-0.11878958903253078,-0.11878958903253078,0.1604379117488861,0.1604379117488861,0.1664109081029892,-1.766493558883667,-0.9379769563674927,0.0,-0.005972996354103088,-0.005972996354103088,0.3828248977661133,0.3828248977661133,0.2449834942817688,2.001338481903076,-0.2224997729063034,0.0,0.13784140348434448,0.13784140348434448,-0.3195649981498718,-0.3195649981498718,0.06791265308856964,-1.6848632097244263,0.6060715913772583,0.0,-0.38747765123844147,-0.38747765123844147
1076,35.86666666666667,24,0,0,,4,uneven rough,11,0.0,103.77017211914062,37.98641586303711,0.1903880536556244,1.287047266960144,0.24776096642017365,1.287047266960144,0.24776096642017365,6.318355560302734,3.3333334922790527,0.1666666716337204,0.15205560624599457,0.16474604606628418,0.643523633480072,0.12388048321008682,0.23853279650211334,-0.12564443051815033,0.7029236555099487,0.35311824083328247,0.0597248338162899,-0.2480825036764145,0.16697295010089874,0.16697295010089874,0.40030980110168457,-1.0696721076965332,0.6846134066581726,0.0,-0.23333685100078583,-0.23333685100078583,-0.20103108882904053,-0.20103108882904053,0.016595296561717987,-0.3398588001728058,1.5016847848892212,0.0,-0.21762638539075851,-0.21762638539075851,0.35146182775497437,0.35146182775497437,0.15631800889968872,2.0054399967193604,-1.2218382358551025,0.0,0.19514381885528564,0.19514381885528564,0.24718277156352997,0.24718277156352997,0.2473742663860321,-0.138360857963562,-0.5063939094543457,0.0,-0.00019149482250213623,-0.00019149482250213623,0.02986241690814495,0.02986241690814495,0.12165806442499161,-2.0178334712982178,0.4174126982688904,0.0,-0.09179564751684666,-0.09179564751684666,-0.12404125183820724,-0.12404125183820724,0.049227599054574966,0.656298816204071,-0.30897316336631775,0.0,-0.1732688508927822,-0.1732688508927822
1077,35.9,4,0,0,,4,uneven rough,5,0.0,54.45380783081055,32.451576232910156,0.20759756863117218,1.5751419067382812,-0.5456773042678833,1.5751419067382812,-0.5456773042678833,5.296649932861328,2.8984780311584473,0.5,0.40042102336883545,0.04404933378100395,0.7875709533691406,-0.27283865213394165,0.7827838659286499,0.5242248773574829,0.09149571508169174,0.2764987051486969,0.567564070224762,-0.4104251265525818,0.5479487180709839,0.5479487180709839,0.22923128306865692,1.173205018043518,0.621092677116394,0.0,0.31871743500232697,0.31871743500232697,0.26211243867874146,0.26211243867874146,0.19100390374660492,1.998164415359497,-0.7356385588645935,0.0,0.07110853493213654,0.07110853493213654,0.04574785754084587,0.04574785754084587,0.04767433553934097,-0.41267824172973633,0.822607159614563,0.0,-0.001926477998495102,-0.001926477998495102,0.19354909658432007,0.19354909658432007,0.10505037754774094,1.9964585304260254,-1.75526762008667,0.0,0.08849871903657913,0.08849871903657913,0.283782035112381,0.283782035112381,0.17068637907505035,1.805741310119629,0.03465794026851654,0.0,0.11309565603733063,0.11309565603733063,-0.2052125632762909,-0.2052125632762909,-0.04851454123854637,-1.218044638633728,1.0477418899536133,0.0,-0.15669802203774452,-0.15669802203774452
1077,35.9,14,0,0,,4,uneven rough,5,0.0,54.632755279541016,35.08141326904297,0.27862054109573364,1.708972692489624,1.2934986352920532,1.708972692489624,1.2934986352920532,8.693690299987793,2.0564374923706055,0.1666666716337204,0.22033938765525818,0.13068099319934845,0.854486346244812,0.6467493176460266,0.15185682475566864,0.06491782516241074,0.28151920437812805,0.6117105484008789,0.5159254670143127,0.024872971698641777,0.10629977285861969,0.10629977285861969,0.21921761333942413,-2.0044100284576416,0.8379469513893127,0.0,-0.11291784048080444,-0.11291784048080444,0.03245891258120537,0.03245891258120537,0.02858823724091053,-1.1808688640594482,0.21929651498794556,0.0,0.003870675340294838,0.003870675340294838,0.14075960218906403,0.14075960218906403,0.11844968050718307,2.0117900371551514,-0.7588227391242981,0.0,0.02230992168188095,0.02230992168188095,0.42819738388061523,0.42819738388061523,0.23248574137687683,1.7711483240127563,-1.4064217805862427,0.0,0.1957116425037384,0.1957116425037384,0.25796273350715637,0.25796273350715637,0.2797327935695648,0.33277031779289246,1.0348623991012573,0.0,-0.021770060062408447,-0.021770060062408447,0.012436485849320889,0.012436485849320889,0.04447847604751587,-0.026606285944581032,-0.6892270445823669,0.0,-0.03204199019819498,-0.03204199019819498
1077,35.9,24,0,0,,4,uneven rough,11,0.0,103.76799011230469,38.02615737915039,0.19951370358467102,1.2860760688781738,-0.38503411412239075,1.2860760688781738,-0.38503411412239075,4.694101333618164,3.4571847915649414,0.5,0.3306056559085846,0.11996690928936005,0.6430380344390869,-0.19251705706119537,0.5695605278015137,0.18428820371627808,0.6847041845321655,0.3566441833972931,-0.00063456961652264,-0.15113013982772827,0.39869236946105957,0.39869236946105957,0.3831631541252136,-0.07232742756605148,-0.3072627782821655,0.0,0.015529215335845947,0.015529215335845947,0.09214410185813904,0.09214410185813904,0.07743764668703079,1.5799247026443481,0.4604727327823639,0.0,0.014706455171108246,0.014706455171108246,0.34235209226608276,0.34235209226608276,0.1648435741662979,-0.7900376319885254,0.6028706431388855,0.0,0.17750851809978485,0.17750851809978485,0.24965092539787292,0.24965092539787292,0.23908205330371857,-0.4145435094833374,-0.2983073592185974,0.0,0.010568872094154358,0.010568872094154358,-0.001015311456285417,-0.001015311456285417,0.06847373396158218,-1.9993747472763062,-0.9594798684120178,0.0,-0.0694890454178676,-0.0694890454178676,-0.07556506991386414,-0.07556506991386414,0.03691183775663376,-0.4906585216522217,0.23679335415363312,0.0,-0.1124769076704979,-0.1124769076704979
1078,35.93333333333333,4,0,0,,4,uneven rough,5,0.0,54.46010208129883,32.491172790527344,0.22308078408241272,1.6540250778198242,0.09220567345619202,1.6540250778198242,0.09220567345619202,8.208166122436523,0.40590912103652954,0.3333333432674408,0.33680617809295654,0.15546657145023346,0.8270125389099121,0.04610283672809601,0.15312418341636658,0.6061444282531738,0.11969072371721268,0.6501195430755615,0.17611999809741974,0.38685840368270874,0.1071869283914566,0.1071869283914566,0.1876368522644043,-1.9267797470092773,0.9332579970359802,0.0,-0.08044992387294769,-0.08044992387294769,0.3030722141265869,0.3030722141265869,0.2571987807750702,1.9109808206558228,0.8100585341453552,0.0,0.045873433351516724,0.045873433351516724,0.05984536185860634,0.05984536185860634,0.04963190481066704,-0.8641371726989746,0.1241745725274086,0.0,0.0102134570479393,0.0102134570479393,0.4550836682319641,0.4550836682319641,0.17579279839992523,1.9933745861053467,0.3659650683403015,0.0,0.2792908698320389,0.2792908698320389,0.08805999904870987,0.08805999904870987,0.1344786286354065,-1.5523746013641357,1.0360316038131714,0.0,-0.046418629586696625,-0.046418629586696625,0.19342920184135437,0.19342920184135437,0.003943648189306259,-0.4465569257736206,-0.2333378940820694,0.0,0.1894855536520481,0.1894855536520481
1078,35.93333333333333,14,0,0,,4,uneven rough,5,0.0,54.633087158203125,35.1202392578125,0.28465819358825684,1.4086029529571533,0.657139241695404,1.4086029529571533,0.657139241695404,6.3405070304870605,1.5943622589111328,0.3333333432674408,-0.042244456708431244,0.1397659033536911,0.7043014764785767,0.328569620847702,0.3811813294887543,0.3619157075881958,0.21299731731414795,0.42442479729652405,-0.37861737608909607,0.43761301040649414,0.26682692766189575,0.26682692766189575,0.23214450478553772,1.5225530862808228,-0.7691267728805542,0.0,0.03468242287635803,0.03468242287635803,0.1809578537940979,0.1809578537940979,0.08733037114143372,1.9858763217926025,-0.5723595023155212,0.0,0.09362748265266418,0.09362748265266418,0.10649865865707397,0.10649865865707397,0.1144004613161087,-0.7781597375869751,0.8076866865158081,0.0,-0.007901802659034729,-0.007901802659034729,0.2970973551273346,0.2970973551273346,0.27562087774276733,1.3390982151031494,0.3901820182800293,0.0,0.02147647738456726,0.02147647738456726,-0.6057878136634827,-0.6057878136634827,0.27312523126602173,-1.0271199941635132,0.6378982663154602,0.0,-0.8789130449295044,-0.8789130449295044,0.21880650520324707,0.21880650520324707,0.07559224218130112,-0.5519871711730957,-0.3145800530910492,0.0,0.14321426302194595,0.14321426302194595
1078,35.93333333333333,24,0,0,,4,uneven rough,11,0.0,103.76805877685547,38.06318664550781,0.19501402974128723,0.7944297194480896,-0.4344083070755005,0.7944297194480896,-0.4344083070755005,2.3685357570648193,1.7765291929244995,0.3333333432674408,0.040269266813993454,0.10195671021938324,0.3972148597240448,-0.21720415353775024,0.36741405725479126,-0.012098709121346474,0.554054856300354,0.39602020382881165,0.42161405086517334,-0.19595983624458313,0.2571898400783539,0.2571898400783539,0.31911271810531616,-2.0001444816589355,-0.17442990839481354,0.0,-0.06192287802696228,-0.06192287802696228,-0.019357934594154358,-0.019357934594154358,0.06833670288324356,-1.995197057723999,1.0934128761291504,0.0,-0.08769463747739792,-0.08769463747739792,0.277027428150177,0.277027428150177,0.21164055168628693,2.0186052322387695,-0.1846822053194046,0.0,0.06538687646389008,0.06538687646389008,0.2772141396999359,0.2772141396999359,0.27062931656837463,0.39398282766342163,-0.3640275001525879,0.0,0.006584823131561279,0.006584823131561279,0.21080702543258667,0.21080702543258667,0.11913240700960159,1.1189416646957397,-1.5474382638931274,0.0,0.09167461842298508,0.09167461842298508,-0.09797991812229156,-0.09797991812229156,0.036671899259090424,0.5431066155433655,-0.17450924217700958,0.0,-0.134651817381382,-0.134651817381382
1079,35.96666666666667,4,0,0,,4,uneven rough,5,0.0,54.46480941772461,32.52940368652344,0.22627291083335876,1.4906737804412842,0.30938440561294556,1.4906737804412842,0.30938440561294556,7.850574493408203,5.114635467529297,0.3333333432674408,0.5311694145202637,0.04020453616976738,0.7453368902206421,0.15469220280647278,0.34005606174468994,0.3321601450443268,-0.004273317754268646,0.16812050342559814,0.15147288143634796,0.25394225120544434,0.23803924024105072,0.23803924024105072,0.2377770096063614,1.494994044303894,-0.6838124394416809,0.0,0.00026223063468933105,0.00026223063468933105,0.1660800725221634,0.1660800725221634,0.19835379719734192,-1.908851981163025,1.432521939277649,0.0,-0.03227372467517853,-0.03227372467517853,-0.002136658877134323,-0.002136658877134323,0.009022856131196022,-1.4714919328689575,-0.43461865186691284,0.0,-0.011159515008330345,-0.011159515008330345,0.11768434941768646,0.11768434941768646,0.12410952150821686,-1.6418946981430054,1.2861052751541138,0.0,-0.0064251720905303955,-0.0064251720905303955,0.07573644071817398,0.07573644071817398,0.06819450110197067,-1.0334054231643677,-0.42745789885520935,0.0,0.007541939616203308,0.007541939616203308,0.12697112560272217,0.12697112560272217,0.06412453204393387,2.000006675720215,-0.35389232635498047,0.0,0.0628465935587883,0.0628465935587883
1079,35.96666666666667,14,0,0,,4,uneven rough,5,0.0,54.62902069091797,35.15446853637695,0.29393792152404785,1.5561513900756836,0.9448561668395996,1.5561513900756836,0.9448561668395996,7.385425567626953,5.369257926940918,0.3333333432674408,-0.1158299669623375,0.2739008665084839,0.7780756950378418,0.4724280834197998,-0.35545477271080017,0.25716954469680786,0.21372966468334198,0.5644437074661255,0.30934759974479675,-0.15217940509319305,-0.24881833791732788,-0.24881833791732788,0.19052070379257202,-1.7974042892456055,0.5265931487083435,0.0,-0.4393390417098999,-0.4393390417098999,0.12858477234840393,0.12858477234840393,0.1287054717540741,-0.2905484139919281,0.8740715980529785,0.0,-0.00012069940567016602,-0.00012069940567016602,0.10686483234167099,0.10686483234167099,0.07330363243818283,-0.36457234621047974,-0.08895373344421387,0.0,0.03356119990348816,0.03356119990348816,0.3951105773448944,0.3951105773448944,0.3496837913990021,1.8332661390304565,0.9267009496688843,0.0,0.045426785945892334,0.045426785945892334,0.15467379987239838,0.15467379987239838,0.21701566874980927,-2.0215330123901367,-0.3035060465335846,0.0,-0.06234186887741089,-0.06234186887741089,-0.07608970254659653,-0.07608970254659653,0.025302406400442123,-1.2278075218200684,-0.4488104581832886,0.0,-0.10139210894703865,-0.10139210894703865
1079,35.96666666666667,24,0,0,,4,uneven rough,11,0.0,103.76777648925781,38.10248565673828,0.19722138345241547,1.0092555284500122,0.35103684663772583,1.0092555284500122,0.35103684663772583,4.165067672729492,1.12127685546875,0.3333333432674408,0.05295926332473755,0.09922856092453003,0.5046277642250061,0.17551842331886292,0.8634539246559143,0.2317773699760437,-0.05802895501255989,0.33405306935310364,-0.037218060344457626,0.2001451551914215,0.6044177412986755,0.6044177412986755,0.36644020676612854,1.5190640687942505,-1.2066922187805176,0.0,0.237977534532547,0.237977534532547,0.11588868498802185,0.11588868498802185,0.08918721973896027,2.000119209289551,-0.6528927087783813,0.0,0.026701465249061584,0.026701465249061584,-0.029014477506279945,-0.029014477506279945,0.16041232645511627,-1.7869877815246582,1.0610604286193848,0.0,-0.18942680396139622,-0.18942680396139622,0.23383714258670807,0.23383714258670807,0.2146904319524765,-0.8942424058914185,0.06455289572477341,0.0,0.019146710634231567,0.019146710634231567,-0.05954889580607414,-0.05954889580607414,0.08117756247520447,-1.666048288345337,-0.03986227884888649,0.0,-0.1407264582812786,-0.1407264582812786,0.10007257759571075,0.10007257759571075,0.08265329152345657,2.001882314682007,0.23123204708099365,0.0,0.01741928607225418,0.01741928607225418
1080,36.0,4,0,0,,4,uneven rough,5,0.0,54.46633529663086,32.57002258300781,0.22248229384422302,1.5427154302597046,-0.057824503630399704,1.5427154302597046,-0.057824503630399704,7.366941452026367,1.3172016143798828,0.1666666716337204,0.36798691749572754,0.06261005997657776,0.7713577151298523,-0.028912251815199852,0.028778769075870514,0.41348710656166077,0.3325188457965851,0.18817386031150818,0.07132530957460403,0.01280486211180687,0.02014513872563839,0.02014513872563839,0.18563054502010345,-1.8798590898513794,0.5480886697769165,0.0,-0.16548540629446507,-0.16548540629446507,0.20674355328083038,0.20674355328083038,0.19684763252735138,0.3570699691772461,-0.45669686794281006,0.0,0.009895920753479004,0.009895920753479004,0.16625942289829254,0.16625942289829254,0.042235054075717926,0.3174295127391815,-1.0208686590194702,0.0,0.12402436882257462,0.12402436882257462,0.13172170519828796,0.13172170519828796,0.15238112211227417,1.200632095336914,-0.36939117312431335,0.0,-0.020659416913986206,-0.020659416913986206,0.03566265478730202,0.03566265478730202,0.05427912622690201,0.2655363976955414,-0.770061731338501,0.0,-0.01861647143959999,-0.01861647143959999,0.006402431055903435,0.006402431055903435,0.06375198066234589,1.2313165664672852,0.9770063757896423,0.0,-0.05734954960644245,-0.05734954960644245
1080,36.0,14,0,0,,4,uneven rough,5,0.0,54.6081657409668,35.18683624267578,0.3081829845905304,1.703657865524292,0.5521000623703003,1.703657865524292,0.5521000623703003,7.580138683319092,3.1254754066467285,0.5,-0.29410240054130554,0.0667995810508728,0.851828932762146,0.27605003118515015,-0.03354865685105324,0.6118117570877075,0.13474072515964508,0.036198750138282776,-0.17819224298000336,-0.11830876767635345,-0.023484058678150177,-0.023484058678150177,0.12616975605487823,-1.9782636165618896,-0.787399172782898,0.0,-0.1496538147330284,-0.1496538147330284,0.30590587854385376,0.30590587854385376,0.1939648687839508,1.9993280172348022,0.2155933380126953,0.0,0.11194100975990295,0.11194100975990295,0.06737036257982254,0.06737036257982254,0.04436144977807999,-0.5291908979415894,-0.2447889894247055,0.0,0.023008912801742554,0.023008912801742554,0.025339124724268913,0.025339124724268913,0.3445022702217102,-1.2584130764007568,1.439274549484253,0.0,-0.3191631454974413,-0.3191631454974413,-0.2851075828075409,-0.2851075828075409,0.19115160405635834,-0.5902042984962463,-1.2748816013336182,0.0,-0.47625918686389923,-0.47625918686389923,-0.05915438383817673,-0.05915438383817673,-0.03172161430120468,-1.1858457326889038,-0.8892567753791809,0.0,-0.027432769536972046,-0.027432769536972046
1080,36.0,24,0,0,,4,uneven rough,11,0.0,103.76753997802734,38.14073181152344,0.19353452324867249,1.2569677829742432,-0.2498028725385666,1.2569677829742432,-0.2498028725385666,6.399664878845215,0.684605598449707,0.1666666716337204,0.02358424663543701,0.1285366415977478,0.6284838914871216,-0.1249014362692833,0.16478799283504486,0.34629982709884644,0.5461379289627075,0.4003097712993622,0.5121909379959106,-0.22124475240707397,0.1153515949845314,0.1153515949845314,0.31075671315193176,-1.620138168334961,0.3344552516937256,0.0,-0.19540511816740036,-0.19540511816740036,0.17314991354942322,0.17314991354942322,0.15380802750587463,1.49235200881958,0.8471249938011169,0.0,0.019341886043548584,0.019341886043548584,0.27306896448135376,0.27306896448135376,0.18381206691265106,0.6534916758537292,-0.5492311120033264,0.0,0.0892568975687027,0.0892568975687027,0.28021684288978577,0.28021684288978577,0.2767684757709503,1.7434563636779785,-0.4775516986846924,0.0,0.0034483671188354492,0.0034483671188354492,0.2560954689979553,0.2560954689979553,0.14447453618049622,2.0002028942108154,-0.95931077003479,0.0,0.1116209328174591,0.1116209328174591,-0.11062237620353699,-0.11062237620353699,0.07175953686237335,-0.3130357265472412,1.23236083984375,0.0,-0.18238191306591034,-0.18238191306591034
1081,36.03333333333333,4,0,0,,4,uneven rough,5,0.0,54.46192169189453,32.61623001098633,0.20981144905090332,1.6859679222106934,-0.07061618566513062,1.6859679222106934,-0.07061618566513062,8.472114562988281,1.0640963315963745,0.3333333432674408,0.1670883148908615,0.09321151673793793,0.8429839611053467,-0.03530809283256531,0.49656906723976135,0.3804943561553955,-0.47362592816352844,-0.0805414468050003,0.2927352786064148,-0.21285401284694672,0.3475983440876007,0.3475983440876007,0.24165740609169006,1.8773605823516846,-0.8246773481369019,0.0,0.10594093799591064,0.10594093799591064,0.19024717807769775,0.19024717807769775,0.19763769209384918,-1.2279821634292603,0.003408363088965416,0.0,-0.007390514016151428,-0.007390514016151428,-0.23681296408176422,-0.23681296408176422,-0.018945321440696716,-1.3626508712768555,-0.26419246196746826,0.0,-0.2178676426410675,-0.2178676426410675,-0.056379012763500214,-0.056379012763500214,0.09289964288473129,-1.923262119293213,0.5183027982711792,0.0,-0.1492786556482315,-0.1492786556482315,0.1463676393032074,0.1463676393032074,0.1162511557340622,1.9816818237304688,-0.18453268706798553,0.0,0.030116483569145203,0.030116483569145203,-0.10642700642347336,-0.10642700642347336,0.01666977070271969,-1.940309762954712,1.1207938194274902,0.0,-0.12309677712619305,-0.12309677712619305
1081,36.03333333333333,14,0,0,,4,uneven rough,5,0.0,54.590572357177734,35.21852493286133,0.309733510017395,1.7628525495529175,0.5509961843490601,1.7628525495529175,0.5509961843490601,5.8846588134765625,2.1264169216156006,0.3333333432674408,-0.31901854276657104,0.16608579456806183,0.8814262747764587,0.27549809217453003,0.5896809697151184,0.22758418321609497,-0.011860913597047329,-0.31380462646484375,0.17682141065597534,-0.7609214782714844,0.4127766788005829,0.4127766788005829,0.16548143327236176,1.9998867511749268,-1.4607161283493042,0.0,0.24729524552822113,0.24729524552822113,0.11379209160804749,0.11379209160804749,0.13925480842590332,-1.9935120344161987,1.2241201400756836,0.0,-0.025462716817855835,-0.025462716817855835,-0.0059304567985236645,-0.0059304567985236645,-0.012078853324055672,-0.9650880098342896,-0.40559035539627075,0.0,0.006148396525532007,0.006148396525532007,-0.21966323256492615,-0.21966323256492615,0.27551496028900146,-1.860905408859253,-0.08600284904241562,0.0,-0.4951781928539276,-0.4951781928539276,0.08841070532798767,0.08841070532798767,0.11898469924926758,-1.9331637620925903,-0.8877637982368469,0.0,-0.030573993921279907,-0.030573993921279907,-0.3804607391357422,-0.3804607391357422,-0.08669010549783707,-1.3935989141464233,-1.0569486618041992,0.0,-0.2937706336379051,-0.2937706336379051
1081,36.03333333333333,24,0,0,,4,uneven rough,11,0.0,103.77027893066406,38.17595291137695,0.17772307991981506,0.909662127494812,0.93363356590271,0.909662127494812,0.93363356590271,4.688331127166748,3.275587797164917,0.3333333432674408,0.05520164966583252,0.021604295819997787,0.454831063747406,0.466816782951355,0.7739757299423218,0.10824461281299591,-0.501855731010437,0.522101104259491,0.46648266911506653,0.13681167364120483,0.5417829751968384,0.5417829751968384,0.3357171416282654,1.2802858352661133,-0.7706753611564636,0.0,0.206065833568573,0.206065833568573,0.054122306406497955,0.054122306406497955,0.10172063112258911,0.33400365710258484,1.2119375467300415,0.0,-0.047598324716091156,-0.047598324716091156,-0.2509278655052185,-0.2509278655052185,0.12358645349740982,-1.3452845811843872,0.13079050183296204,0.0,-0.3745143190026283,-0.3745143190026283,0.3654707670211792,0.3654707670211792,0.32286548614501953,1.3892484903335571,0.7782102227210999,0.0,0.04260528087615967,0.04260528087615967,0.23324133455753326,0.23324133455753326,0.1989016830921173,0.5306718945503235,0.7140035629272461,0.0,0.034339651465415955,0.034339651465415955,0.06840583682060242,0.06840583682060242,0.050782207399606705,-0.9170250296592712,0.35859087109565735,0.0,0.017623629420995712,0.017623629420995712
1082,36.06666666666666,4,0,0,,4,uneven rough,5,0.0,54.46345901489258,32.659645080566406,0.20606690645217896,1.0709314346313477,-0.2700916528701782,1.0709314346313477,-0.2700916528701782,2.4291868209838867,0.6047012805938721,0.3333333432674408,-0.011656145565211773,0.1163395345211029,0.5354657173156738,-0.1350458264350891,0.510660707950592,0.11359326541423798,0.5620952844619751,-0.08458592742681503,-0.04271901771426201,-0.41248050332069397,0.35746249556541443,0.35746249556541443,0.30946826934814453,1.9471251964569092,0.703059732913971,0.0,0.0479942262172699,0.0479942262172699,0.05679663270711899,0.05679663270711899,0.13180653750896454,-1.9388656616210938,-0.6928220391273499,0.0,-0.07500990480184555,-0.07500990480184555,0.28104764223098755,0.28104764223098755,0.011007912456989288,0.30144965648651123,-0.8852627873420715,0.0,0.27003972977399826,0.27003972977399826,-0.059210147708654404,-0.059210147708654404,0.029407566413283348,-1.9324615001678467,-0.8621624112129211,0.0,-0.08861771412193775,-0.08861771412193775,-0.0683504268527031,-0.0683504268527031,0.07916128635406494,-1.6983035802841187,1.0402488708496094,0.0,-0.14751171320676804,-0.14751171320676804,-0.20624025166034698,-0.20624025166034698,0.0025319987908005714,-1.109149694442749,-0.609959602355957,0.0,-0.20877225045114756,-0.20877225045114756
1082,36.06666666666666,14,0,0,,4,uneven rough,5,0.0,54.58165740966797,35.25739669799805,0.3185691237449646,1.57542085647583,-1.1618988513946533,1.57542085647583,-1.1618988513946533,3.467517375946045,1.6749601364135742,0.1666666716337204,-0.09004821628332138,0.062356382608413696,0.787710428237915,-0.5809494256973267,0.30296608805656433,0.48662570118904114,0.420224666595459,-0.25108861923217773,-0.035858120769262314,-0.652617871761322,0.21207626163959503,0.21207626163959503,0.22421634197235107,1.0498063564300537,0.49591490626335144,0.0,-0.012140080332756042,-0.012140080332756042,0.24331285059452057,0.24331285059452057,0.18842922151088715,1.9988715648651123,-0.5951348543167114,0.0,0.05488362908363342,0.05488362908363342,0.2101123332977295,0.2101123332977295,-0.01233765296638012,0.22421814501285553,-0.7219313383102417,0.0,0.2224499862641096,0.2224499862641096,-0.17576202750205994,-0.17576202750205994,0.22477209568023682,-1.0176085233688354,-1.0895359516143799,0.0,-0.40053412318229675,-0.40053412318229675,-0.05737299472093582,-0.05737299472093582,0.09157276153564453,-1.5866695642471313,-1.478834867477417,0.0,-0.14894575625658035,-0.14894575625658035,-0.326308935880661,-0.326308935880661,-0.13143672049045563,-1.3678979873657227,-1.2472913265228271,0.0,-0.19487221539020538,-0.19487221539020538
1082,36.06666666666666,24,0,0,,4,uneven rough,11,0.0,103.76615905761719,38.214820861816406,0.18111354112625122,1.710479974746704,0.31466948986053467,1.710479974746704,0.31466948986053467,7.486261367797852,9.17922306060791,0.5,0.013223707675933838,0.17756637930870056,0.855239987373352,0.15733474493026733,-0.045049138367176056,-0.13296794891357422,0.689538836479187,0.3963622748851776,0.11700142920017242,0.14771415293216705,-0.03153439611196518,-0.03153439611196518,0.33413201570510864,-0.07946664094924927,0.38894176483154297,0.0,-0.3656664118170738,-0.3656664118170738,-0.212748721241951,-0.212748721241951,0.06287864595651627,-1.0164194107055664,0.7155521512031555,0.0,-0.27562736719846725,-0.27562736719846725,0.3447694182395935,0.3447694182395935,0.15251553058624268,0.6011641621589661,-0.7037850022315979,0.0,0.19225388765335083,0.19225388765335083,0.27745360136032104,0.27745360136032104,0.32009565830230713,-1.5285601615905762,1.1236923933029175,0.0,-0.042642056941986084,-0.042642056941986084,0.05850071460008621,0.05850071460008621,0.1301707625389099,-2.000001907348633,0.6103475093841553,0.0,-0.0716700479388237,-0.0716700479388237,0.07385707646608353,0.07385707646608353,0.06064872816205025,0.0746755599975586,-0.36264464259147644,0.0,0.01320834830403328,0.01320834830403328
1083,36.1,4,0,0,,4,uneven rough,5,0.0,54.46600341796875,32.7026252746582,0.1981365978717804,1.4456489086151123,-1.0697780847549438,1.4456489086151123,-1.0697780847549438,3.0091028213500977,2.669726848602295,0.3333333432674408,-0.11872552335262299,0.1061050146818161,0.7228244543075562,-0.5348890423774719,0.32297196984291077,-0.06951190531253815,0.7646777033805847,0.14011870324611664,0.3485993444919586,-0.31619203090667725,0.22608037292957306,0.22608037292957306,0.25925713777542114,-1.2492493391036987,1.4064565896987915,0.0,-0.033176764845848083,-0.033176764845848083,-0.11121904850006104,-0.11121904850006104,0.09521842002868652,1.338417649269104,-1.3973373174667358,0.0,-0.20643746852874756,-0.20643746852874756,0.38233885169029236,0.38233885169029236,0.05227981135249138,1.1612313985824585,-0.21429343521595,0.0,0.330059040337801,0.330059040337801,0.09808309376239777,0.09808309376239777,0.0867600291967392,1.9339070320129395,-1.4673113822937012,0.0,0.01132306456565857,0.01132306456565857,0.1742996722459793,0.1742996722459793,0.11894931644201279,0.9092910885810852,-0.508133590221405,0.0,0.05535035580396652,0.05535035580396652,-0.15809601545333862,-0.15809601545333862,-0.05137457326054573,-1.6897073984146118,-0.8922025561332703,0.0,-0.10672144219279289,-0.10672144219279289
1083,36.1,14,0,0,,4,uneven rough,5,0.0,54.568660736083984,35.295372009277344,0.32431280612945557,1.0662190914154053,-0.025427140295505524,1.0662190914154053,-0.025427140295505524,1.2510013580322266,1.160313606262207,0.3333333432674408,-0.060091160237789154,0.12861201167106628,0.5331095457077026,-0.012713570147752762,0.11703389883041382,0.3873038589954376,0.6639844179153442,-0.14518149197101593,0.555804967880249,-0.7790908813476562,0.08192373067140579,0.08192373067140579,0.19158032536506653,-1.9658970832824707,0.8090861439704895,0.0,-0.10965659469366074,-0.10965659469366074,0.1936519294977188,0.1936519294977188,0.2280924916267395,-0.5052794218063354,0.87152099609375,0.0,-0.03444056212902069,-0.03444056212902069,0.3319922089576721,0.3319922089576721,0.05220723897218704,1.9727061986923218,-0.18697671592235565,0.0,0.2797849699854851,0.2797849699854851,-0.10162704437971115,-0.10162704437971115,0.19102245569229126,-1.2734233140945435,-1.0488680601119995,0.0,-0.2926495000720024,-0.2926495000720024,0.2779024839401245,0.2779024839401245,0.12195976078510284,0.2559630274772644,-1.5398048162460327,0.0,0.15594272315502167,0.15594272315502167,-0.3895454406738281,-0.3895454406738281,-0.1412857621908188,0.07784952223300934,-1.315482497215271,0.0,-0.24825967848300934,-0.24825967848300934
1083,36.1,24,0,0,,4,uneven rough,11,0.0,103.75230407714844,38.254940032958984,0.18821725249290466,1.5060802698135376,-0.07424458861351013,1.5060802698135376,-0.07424458861351013,3.3509387969970703,2.283891201019287,0.5,0.08263246715068817,0.10414552688598633,0.7530401349067688,-0.037122294306755066,0.37414443492889404,0.02458699233829975,0.6126840114593506,0.1324569582939148,0.014914062805473804,-0.16310836374759674,0.2619011104106903,0.2619011104106903,0.2874252200126648,-1.9184691905975342,0.12410280853509903,0.0,-0.025524109601974487,-0.025524109601974487,0.012293496169149876,0.012293496169149876,0.00929438415914774,-1.4561960697174072,-0.26370769739151,0.0,0.0029991120100021362,0.0029991120100021362,0.3063420057296753,0.3063420057296753,0.17561325430870056,0.46405503153800964,0.034035585820674896,0.0,0.13072875142097473,0.13072875142097473,0.09271986782550812,0.09271986782550812,0.264929860830307,-1.819413423538208,-0.3758959472179413,0.0,-0.1722099930047989,-0.1722099930047989,0.007457031402736902,0.007457031402736902,0.0706486776471138,-1.7873477935791016,-0.8655487298965454,0.0,-0.0631916462443769,-0.0631916462443769,-0.08155418187379837,-0.08155418187379837,0.050340041518211365,-0.7717663049697876,-0.11538301408290863,0.0,-0.13189422339200974,-0.13189422339200974
1084,36.13333333333333,4,0,0,,4,uneven rough,5,0.0,54.472740173339844,32.744232177734375,0.20708590745925903,1.8916716575622559,-0.4923149049282074,1.8916716575622559,-0.4923149049282074,8.960344314575195,4.054189682006836,0.22359836101531982,-0.04545384645462036,0.16093710064888,0.9458358287811279,-0.2461574524641037,0.2325282096862793,0.3874484598636627,0.4215434491634369,0.6335439682006836,0.4381049573421478,0.14238661527633667,0.16276974976062775,0.16276974976062775,0.19536904990673065,-1.9965684413909912,-0.09508433192968369,0.0,-0.032599300146102905,-0.032599300146102905,0.19372422993183136,0.19372422993183136,0.16637423634529114,1.9506887197494507,0.14946343004703522,0.0,0.027349993586540222,0.027349993586540222,0.21077172458171844,0.21077172458171844,0.10519611090421677,1.6852153539657593,0.5634307861328125,0.0,0.10557561367750168,0.10557561367750168,0.4434807598590851,0.4434807598590851,0.15207438170909882,1.8695398569107056,0.45574361085891724,0.0,0.29140637814998627,0.29140637814998627,0.2190524786710739,0.2190524786710739,0.16846373677253723,1.7588980197906494,0.29328086972236633,0.0,0.05058874189853668,0.05058874189853668,0.07119330763816833,0.07119330763816833,-0.0013485662639141083,1.955338716506958,-1.3431131839752197,0.0,0.07254187390208244,0.07254187390208244
1084,36.13333333333333,14,0,0,,4,uneven rough,5,0.0,54.55973815917969,35.3330192565918,0.31771010160446167,1.6582605838775635,0.20380957424640656,1.6582605838775635,0.20380957424640656,5.402899742126465,5.352300643920898,0.3333333432674408,0.16320034861564636,0.22752165794372559,0.8291302919387817,0.10190478712320328,0.8399643301963806,0.005247295368462801,0.020878391340374947,0.0977310761809349,0.38202962279319763,0.2812933921813965,0.587975025177002,0.587975025177002,0.21891415119171143,1.0864678621292114,-0.7598943710327148,0.0,0.3690608739852905,0.3690608739852905,0.0026236476842314005,0.0026236476842314005,0.18195468187332153,-0.6532669067382812,0.09307558089494705,0.0,-0.17933103418909013,-0.17933103418909013,0.010439195670187473,0.010439195670187473,0.04592670500278473,-1.6489002704620361,1.0341118574142456,0.0,-0.035487509332597256,-0.035487509332597256,0.06841175258159637,0.06841175258159637,0.11929209530353546,-1.2285076379776,-1.1758320331573486,0.0,-0.05088034272193909,-0.05088034272193909,0.19101481139659882,0.19101481139659882,0.15024928748607635,1.5093263387680054,-0.5244745016098022,0.0,0.04076552391052246,0.04076552391052246,0.14064669609069824,0.14064669609069824,-0.07916036248207092,2.0989878177642822,-0.5276901125907898,0.0,0.21980705857276917,0.21980705857276917
1084,36.13333333333333,24,0,0,,4,uneven rough,11,0.0,103.74038696289062,38.29866409301758,0.19600895047187805,1.3696433305740356,-0.7256925702095032,1.3696433305740356,-0.7256925702095032,4.041597843170166,1.1668530702590942,0.3333333432674408,0.22880229353904724,0.24413864314556122,0.6848216652870178,-0.3628462851047516,0.837927520275116,0.05783512815833092,0.42357492446899414,0.044002875685691833,-0.20748062431812286,-0.2979450225830078,0.5865492820739746,0.5865492820739746,0.3172271251678467,1.77977454662323,-1.030771017074585,0.0,0.26932215690612793,0.26932215690612793,0.02891756407916546,0.02891756407916546,0.025416048243641853,0.715039849281311,-0.9379427433013916,0.0,0.0035015158355236053,0.0035015158355236053,0.21178746223449707,0.21178746223449707,0.16151531040668488,0.0769582986831665,0.2771693468093872,0.0,0.050272151827812195,0.050272151827812195,0.030802013352513313,0.030802013352513313,0.1934681385755539,-1.9797804355621338,-1.192063331604004,0.0,-0.16266612522304058,-0.16266612522304058,-0.3319689929485321,-0.3319689929485321,0.03949479013681412,-0.5838552117347717,-1.3867355585098267,0.0,-0.3714637830853462,-0.3714637830853462,-0.1489725112915039,-0.1489725112915039,0.003969717305153608,-0.9109106063842773,-0.4865033030509949,0.0,-0.15294222859665751,-0.15294222859665751
1085,36.166666666666664,4,0,0,,4,uneven rough,5,0.0,54.4755744934082,32.78653335571289,0.20721811056137085,1.684848666191101,0.24983948469161987,1.684848666191101,0.24983948469161987,9.109851837158203,4.467052459716797,0.3333333432674408,-0.37862521409988403,0.2223607301712036,0.8424243330955505,0.12491974234580994,-0.05919337645173073,0.5166934132575989,0.07457200437784195,0.48510733246803284,0.5094811916351318,0.015176133252680302,-0.0414353646337986,-0.0414353646337986,0.12845467031002045,-1.8997305631637573,-1.1701868772506714,0.0,-0.16989003494381905,-0.16989003494381905,0.25834670662879944,0.25834670662879944,0.22841644287109375,1.1371076107025146,1.1678794622421265,0.0,0.02993026375770569,0.02993026375770569,0.037286002188920975,0.037286002188920975,0.05366425961256027,-1.1090031862258911,1.1976897716522217,0.0,-0.016378257423639297,-0.016378257423639297,0.3395751416683197,0.3395751416683197,0.21739037334918976,1.652686595916748,1.2551065683364868,0.0,0.12218476831912994,0.12218476831912994,0.2547405958175659,0.2547405958175659,0.23315472900867462,1.9923547506332397,1.121943473815918,0.0,0.021585866808891296,0.021585866808891296,0.007588066626340151,0.007588066626340151,-0.011481418274343014,-2.0027101039886475,0.5218374133110046,0.0,0.019069484900683165,0.019069484900683165
1085,36.166666666666664,14,0,0,,4,uneven rough,5,0.0,54.55519104003906,35.37430953979492,0.3174976706504822,1.4932141304016113,0.5332919359207153,1.4932141304016113,0.5332919359207153,6.241168975830078,3.0301337242126465,0.3333333432674408,0.09735608100891113,0.2097734659910202,0.7466070652008057,0.26664596796035767,0.3083762526512146,0.7063286304473877,-0.14180737733840942,0.18751151859760284,0.296882301568985,0.19676996767520905,0.21586337685585022,0.21586337685585022,0.21023869514465332,-0.3082101047039032,0.2840421199798584,0.0,0.005624681711196899,0.005624681711196899,0.35316431522369385,0.35316431522369385,0.24105209112167358,1.6356416940689087,-0.3289077877998352,0.0,0.11211222410202026,0.11211222410202026,-0.07090368866920471,-0.07090368866920471,-0.020754782482981682,-2.000000238418579,-0.4828680157661438,0.0,-0.05014890618622303,-0.05014890618622303,0.1312580555677414,0.1312580555677414,0.13235296308994293,0.6700561046600342,-1.2056149244308472,0.0,-0.001094907522201538,-0.001094907522201538,0.1484411507844925,0.1484411507844925,0.1779777854681015,-0.8335087895393372,0.6254401206970215,0.0,-0.02953663468360901,-0.02953663468360901,0.09838498383760452,0.09838498383760452,-0.010404732078313828,2.0000715255737305,0.9574382901191711,0.0,0.10878971591591835,0.10878971591591835
1085,36.166666666666664,24,0,0,,4,uneven rough,11,0.0,103.73899841308594,38.3458137512207,0.19830060005187988,0.9937854409217834,-0.9197295308113098,0.9937854409217834,-0.9197295308113098,1.6625633239746094,1.2751924991607666,0.3333333432674408,0.2834968864917755,0.07298486679792404,0.4968927204608917,-0.4598647654056549,0.706299901008606,0.1640130579471588,0.49403688311576843,0.27071502804756165,0.4172035753726959,-0.45238593220710754,0.4944099187850952,0.4944099187850952,0.3804627060890198,1.8151494264602661,0.5583164691925049,0.0,0.11394721269607544,0.11394721269607544,0.0820065289735794,0.0820065289735794,0.08696378767490387,0.8351802229881287,-0.003343425691127777,0.0,-0.004957258701324463,-0.004957258701324463,0.24701844155788422,0.24701844155788422,0.1909608393907547,1.290108323097229,0.16396966576576233,0.0,0.05605760216712952,0.05605760216712952,0.18950051069259644,0.18950051069259644,0.15640594065189362,-0.25245559215545654,-1.6374399662017822,0.0,0.03309457004070282,0.03309457004070282,0.20860178768634796,0.20860178768634796,0.10767042636871338,1.971826195716858,-0.9327855706214905,0.0,0.10093136131763458,0.10093136131763458,-0.22619296610355377,-0.22619296610355377,-0.027072977274656296,-0.31726595759391785,-0.7264639735221863,0.0,-0.19911998882889748,-0.19911998882889748
1086,36.2,4,0,0,,4,uneven rough,5,0.0,54.47875213623047,32.82598876953125,0.19273555278778076,1.6969778537750244,1.1554934978485107,1.6969778537750244,1.1554934978485107,8.841578483581543,2.6347758769989014,0.1666666716337204,0.011279603466391563,0.25117695331573486,0.8484889268875122,0.5777467489242554,0.1297396719455719,0.016364749521017075,-0.13527965545654297,0.3254460394382477,0.6227147579193115,-0.18824222683906555,0.09081777185201645,0.09081777185201645,0.09294591844081879,0.491433322429657,-1.5826722383499146,0.0,-0.0021281465888023376,-0.0021281465888023376,0.008182374760508537,0.008182374760508537,0.17680537700653076,-1.3730469942092896,1.1504809856414795,0.0,-0.16862300224602222,-0.16862300224602222,-0.06763982772827148,-0.06763982772827148,-0.01418618019670248,-1.668357253074646,-0.10651855915784836,0.0,-0.053453647531569004,-0.053453647531569004,0.22781223058700562,0.22781223058700562,0.2332780659198761,-1.422224521636963,1.4798990488052368,0.0,-0.005465835332870483,-0.005465835332870483,0.31135737895965576,0.31135737895965576,0.277627557516098,1.6175299882888794,1.6140755414962769,0.0,0.03372982144355774,0.03372982144355774,-0.09412111341953278,-0.09412111341953278,-0.08038134127855301,-2.14924693107605,-0.905546247959137,0.0,-0.013739772140979767,-0.013739772140979767
1086,36.2,14,0,0,,4,uneven rough,5,0.0,54.55160903930664,35.41245651245117,0.3194040358066559,1.3538569211959839,0.7672961950302124,1.3538569211959839,0.7672961950302124,6.930821895599365,0.0,0.0,0.31414878368377686,0.17931018769741058,0.6769284605979919,0.3836480975151062,0.08817300200462341,0.5653557777404785,0.14701202511787415,0.3188234865665436,0.2502490282058716,-0.08086690306663513,0.06172110140323639,0.06172110140323639,0.14591558277606964,-1.904212474822998,-0.050818346440792084,0.0,-0.08419448137283325,-0.08419448137283325,0.28267788887023926,0.28267788887023926,0.27706050872802734,0.612214207649231,0.7818520069122314,0.0,0.005617380142211914,0.005617380142211914,0.07350601255893707,0.07350601255893707,0.02809719182550907,1.9967716932296753,-1.340657353401184,0.0,0.045408820733428,0.045408820733428,0.22317643463611603,0.22317643463611603,0.19903792440891266,1.997143030166626,-0.14510716497898102,0.0,0.02413851022720337,0.02413851022720337,0.1251245141029358,0.1251245141029358,0.13552866876125336,-1.0034679174423218,-0.199452206492424,0.0,-0.010404154658317566,-0.010404154658317566,-0.040433451533317566,-0.040433451533317566,-0.003868821309879422,-1.3503756523132324,1.5469449758529663,0.0,-0.036564630223438144,-0.036564630223438144
1086,36.2,24,0,0,,4,uneven rough,11,0.0,103.74417877197266,38.3904914855957,0.2060840129852295,0.6543698310852051,-0.02390355058014393,0.6543698310852051,-0.02390355058014393,1.0850520133972168,2.395551919937134,0.3333333432674408,0.3065599799156189,0.13981525599956512,0.32718491554260254,-0.011951775290071964,0.8051906228065491,0.34100449085235596,0.02117481641471386,0.5041599273681641,0.6981890201568604,-0.226546511054039,0.5636334419250488,0.5636334419250488,0.44118812680244446,2.0058867931365967,1.2689321041107178,0.0,0.12244531512260437,0.12244531512260437,0.17050224542617798,0.17050224542617798,0.15349620580673218,1.8584805727005005,0.4707593619823456,0.0,0.0170060396194458,0.0170060396194458,0.01058740820735693,0.01058740820735693,0.14155986905097961,-2.004628896713257,0.8006904721260071,0.0,-0.13097246084362268,-0.13097246084362268,0.35291194915771484,0.35291194915771484,0.1955908238887787,1.354469656944275,-0.8543673157691956,0.0,0.15732112526893616,0.15732112526893616,0.3490945100784302,0.3490945100784302,0.14370499551296234,0.7250334620475769,0.7094871401786804,0.0,0.20538951456546783,0.20538951456546783,-0.1132732555270195,-0.1132732555270195,-0.0707683339715004,-1.3940002918243408,-0.4951026737689972,0.0,-0.042504921555519104,-0.042504921555519104
1087,36.233333333333334,4,0,0,,4,uneven rough,5,0.0,54.484745025634766,32.86279296875,0.19299057126045227,1.7572250366210938,-0.6916747689247131,1.7572250366210938,-0.6916747689247131,6.257232666015625,1.7232426404953003,0.3333333432674408,0.22196607291698456,0.2902944087982178,0.8786125183105469,-0.34583738446235657,0.4741183817386627,0.09261716157197952,0.3771206736564636,-0.2542632520198822,0.46142080426216125,-0.6393857598304749,0.33188286423683167,0.33188286423683167,0.1448177993297577,1.8239076137542725,-0.4099692404270172,0.0,0.18706506490707397,0.18706506490707397,0.04630858078598976,0.04630858078598976,0.11431670188903809,-1.9986985921859741,-0.2763262689113617,0.0,-0.06800812110304832,-0.06800812110304832,0.1885603368282318,0.1885603368282318,0.05266404524445534,1.9980995655059814,-0.9895849823951721,0.0,0.13589629158377647,0.13589629158377647,-0.17798426747322083,-0.17798426747322083,0.15899957716464996,-1.9976518154144287,-0.16096681356430054,0.0,-0.3369838446378708,-0.3369838446378708,0.23071040213108063,0.23071040213108063,0.2200850397348404,-1.5835665464401245,1.6160286664962769,0.0,0.010625362396240234,0.010625362396240234,-0.3196928799152374,-0.3196928799152374,-0.11965464800596237,-1.7391587495803833,-1.6087368726730347,0.0,-0.20003823190927505,-0.20003823190927505
1087,36.233333333333334,14,0,0,,4,uneven rough,5,0.0,54.55453109741211,35.44895935058594,0.3180354833602905,1.3401460647583008,1.1515802145004272,1.3401460647583008,1.1515802145004272,7.7115936279296875,5.218967914581299,0.3333333432674408,0.5337485074996948,0.10392944514751434,0.6700730323791504,0.5757901072502136,0.33109426498413086,0.3108022212982178,0.18070441484451294,0.4736076891422272,0.022132350131869316,-0.010371093638241291,0.2317659854888916,0.2317659854888916,0.15520082414150238,1.9334368705749512,-1.0987306833267212,0.0,0.07656516134738922,0.07656516134738922,0.1554011106491089,0.1554011106491089,0.2196565419435501,-1.983394742012024,0.6859384775161743,0.0,-0.06425543129444122,-0.06425543129444122,0.09035220742225647,0.09035220742225647,0.0945274755358696,1.3527129888534546,0.5463310480117798,0.0,-0.004175268113613129,-0.004175268113613129,0.33152538537979126,0.33152538537979126,0.2580336928367615,1.9775506258010864,1.0661249160766602,0.0,0.07349169254302979,0.07349169254302979,0.011066175065934658,0.011066175065934658,0.05469135940074921,-1.8319838047027588,-0.6540441513061523,0.0,-0.04362518433481455,-0.04362518433481455,-0.0051855468191206455,-0.0051855468191206455,0.005999715067446232,1.3480603694915771,-0.09120531380176544,0.0,-0.011185261886566877,-0.011185261886566877
1087,36.233333333333334,24,0,0,,4,uneven rough,11,0.0,103.74394989013672,38.4266242980957,0.21625614166259766,1.0022026300430298,0.3364254832267761,0.42434489727020264,0.3364254832267761,2.3110432624816895,2.2997241020202637,0.3333333432674408,0.22591692209243774,0.18338581919670105,0.5011013150215149,0.16821274161338806,0.17456814646720886,0.35939159989356995,0.400242418050766,0.5934625864028931,0.21870090067386627,0.07297809422016144,0.1221977025270462,0.1221977025270462,0.4037574529647827,-1.9614092111587524,1.685607671737671,0.0,-0.2815597504377365,-0.2815597504377365,0.17969579994678497,0.17969579994678497,0.16011455655097961,0.13483551144599915,1.2553794384002686,0.0,0.01958124339580536,0.01958124339580536,0.200121209025383,0.200121209025383,0.17954137921333313,1.999975323677063,-0.7854421138763428,0.0,0.020579829812049866,0.020579829812049866,0.41542381048202515,0.41542381048202515,0.26145070791244507,1.97798752784729,0.3945130705833435,0.0,0.15397310256958008,0.15397310256958008,0.10935045033693314,0.10935045033693314,0.12147004902362823,-0.49189233779907227,0.7182770371437073,0.0,-0.012119598686695099,-0.012119598686695099,0.03648904711008072,0.03648904711008072,-0.0203128419816494,1.9402623176574707,-1.0033409595489502,0.0,0.05680188909173012,0.05680188909173012
1088,36.266666666666666,4,0,0,,4,uneven rough,5,0.0,54.48813247680664,32.90107345581055,0.1969497799873352,1.2855310440063477,0.6067420244216919,1.2855310440063477,0.6067420244216919,6.740437984466553,2.8032681941986084,0.1666666716337204,0.22886893153190613,0.1719420999288559,0.6427655220031738,0.30337101221084595,0.2554972767829895,0.24971269071102142,0.4440996050834656,-0.28103893995285034,0.3604874610900879,-0.4938625395298004,0.17884808778762817,0.17884808778762817,0.2020721286535263,0.9852457046508789,0.8530687093734741,0.0,-0.023224040865898132,-0.023224040865898132,0.12485634535551071,0.12485634535551071,0.11787678301334381,0.266225665807724,-1.250158667564392,0.0,0.006979562342166901,0.006979562342166901,0.2220498025417328,0.2220498025417328,0.10689660906791687,2.003667116165161,0.6996572017669678,0.0,0.11515319347381592,0.11515319347381592,-0.19672726094722748,-0.19672726094722748,0.10031300783157349,-1.2083414793014526,-1.1994317770004272,0.0,-0.29704026877880096,-0.29704026877880096,0.18024373054504395,0.18024373054504395,0.20497801899909973,-0.6964823603630066,-0.19302822649478912,0.0,-0.024734288454055786,-0.024734288454055786,-0.2469312697649002,-0.2469312697649002,-0.1404869109392166,0.02456269972026348,-1.682477593421936,0.0,-0.1064443588256836,-0.1064443588256836
1088,36.266666666666666,14,0,0,,4,uneven rough,5,0.0,54.55279541015625,35.4889030456543,0.3201255202293396,1.652888536453247,0.19264429807662964,1.652888536453247,0.19264429807662964,9.228602409362793,1.6270885467529297,0.1666666716337204,0.7516748905181885,0.3028985559940338,0.8264442682266235,0.09632214903831482,-0.6547165513038635,0.5394401550292969,0.4661863446235657,0.45580214262008667,-0.19961823523044586,-0.029054470360279083,-0.4583015739917755,-0.4583015739917755,0.13494524359703064,-0.8861815929412842,0.6156622767448425,0.0,-0.5932468175888062,-0.5932468175888062,0.26972007751464844,0.26972007751464844,0.23943941295146942,1.5548553466796875,-0.8233073353767395,0.0,0.030280664563179016,0.030280664563179016,0.23309317231178284,0.23309317231178284,0.13641250133514404,1.6137603521347046,1.0022608041763306,0.0,0.0966806709766388,0.0966806709766388,0.3190614879131317,0.3190614879131317,0.32463476061820984,1.0710935592651367,1.581446647644043,0.0,-0.005573272705078125,-0.005573272705078125,-0.3193891942501068,-0.3193891942501068,0.060340773314237595,0.9564001560211182,-1.3200533390045166,0.0,-0.3797299675643444,-0.3797299675643444,-0.014527235180139542,-0.014527235180139542,0.017472457140684128,1.2009671926498413,0.7225580811500549,0.0,-0.03199969232082367,-0.03199969232082367
1088,36.266666666666666,24,0,0,,4,uneven rough,11,0.0,103.73551177978516,38.46290969848633,0.22827662527561188,1.0163377523422241,0.4543759822845459,0.9330068826675415,0.4543759822845459,5.687680721282959,2.113267660140991,0.1666666716337204,0.29827484488487244,0.1015968844294548,0.5081688761711121,0.22718799114227295,0.5562515258789062,0.5481301546096802,0.4618528187274933,0.27755284309387207,-0.3310462236404419,-0.017067044973373413,0.38937607407569885,0.38937607407569885,0.4053075313568115,0.1847025752067566,-0.3764222264289856,0.0,-0.01593145728111267,-0.01593145728111267,0.2740650773048401,0.2740650773048401,0.22266148030757904,1.9955883026123047,0.6218218803405762,0.0,0.05140359699726105,0.05140359699726105,0.23092640936374664,0.23092640936374664,0.22286473214626312,0.1962110996246338,0.7894378900527954,0.0,0.00806167721748352,0.00806167721748352,0.1942869871854782,0.1942869871854782,0.22370845079421997,-1.9438188076019287,1.2898123264312744,0.0,-0.02942146360874176,-0.02942146360874176,-0.5296739935874939,-0.5296739935874939,0.10029029101133347,-1.3874887228012085,0.03404511138796806,0.0,-0.6299642845988274,-0.6299642845988274,-0.008533522486686707,-0.008533522486686707,0.014857850968837738,-0.3343454897403717,0.6609776020050049,0.0,-0.023391373455524445,-0.023391373455524445
1089,36.3,4,0,0,,4,uneven rough,5,0.0,54.48733139038086,32.94236373901367,0.20648199319839478,1.6408593654632568,-0.12685810029506683,1.6408593654632568,-0.12685810029506683,4.7849836349487305,2.5880544185638428,0.5,-0.0025938849430531263,0.16257643699645996,0.8204296827316284,-0.06342905014753342,0.4629862904548645,0.4302525520324707,0.2092149406671524,-0.13646261394023895,0.5067838430404663,-0.574884295463562,0.3240903913974762,0.3240903913974762,0.2690993845462799,1.9936189651489258,0.9278018474578857,0.0,0.05499100685119629,0.05499100685119629,0.21512627601623535,0.21512627601623535,0.18322861194610596,1.9931939840316772,-0.3927922546863556,0.0,0.031897664070129395,0.031897664070129395,0.1046074703335762,0.1046074703335762,0.11621411889791489,-0.20719671249389648,1.4369467496871948,0.0,-0.011606648564338684,-0.011606648564338684,-0.09552382677793503,-0.09552382677793503,0.03940632939338684,-1.7712411880493164,-1.2044693231582642,0.0,-0.13493015617132187,-0.13493015617132187,0.25339192152023315,0.25339192152023315,0.23612697422504425,0.6171596050262451,-0.47768208384513855,0.0,0.017264947295188904,0.017264947295188904,-0.287442147731781,-0.287442147731781,-0.19063617289066315,-1.6847230195999146,-0.7173139452934265,0.0,-0.09680597484111786,-0.09680597484111786
1089,36.3,14,0,0,,4,uneven rough,5,0.0,54.530967712402344,35.52573013305664,0.31363236904144287,1.591880440711975,0.7949815392494202,1.591880440711975,0.7949815392494202,7.897756576538086,1.900501012802124,0.3333333432674408,0.5043412446975708,0.0923498272895813,0.7959402203559875,0.3974907696247101,-0.08481786400079727,0.5107851028442383,-0.14971616864204407,0.15633198618888855,0.3602506220340729,-0.21069929003715515,-0.05937250331044197,-0.05937250331044197,0.06911236047744751,-1.5188698768615723,-0.23348292708396912,0.0,-0.12848486378788948,-0.12848486378788948,0.25539255142211914,0.25539255142211914,0.26327747106552124,-1.0389052629470825,0.5213100910186768,0.0,-0.0078849196434021,-0.0078849196434021,-0.07485808432102203,-0.07485808432102203,0.08001294732093811,0.15205824375152588,1.3480037450790405,0.0,-0.15487103164196014,-0.15487103164196014,0.1094323918223381,0.1094323918223381,0.30141526460647583,-1.5741956233978271,1.2928920984268188,0.0,-0.19198287278413773,-0.19198287278413773,0.18012531101703644,0.18012531101703644,0.11928874999284744,1.9307827949523926,-0.03294243663549423,0.0,0.060836561024188995,0.060836561024188995,-0.10534964501857758,-0.10534964501857758,-0.04488380253314972,-0.5988797545433044,0.9930514693260193,0.0,-0.060465842485427856,-0.060465842485427856
1089,36.3,24,0,0,,4,uneven rough,11,0.0,103.71891021728516,38.49275207519531,0.2287386655807495,1.189415454864502,-0.1317109316587448,0.5809903144836426,-0.1317109316587448,0.7710822820663452,2.432905912399292,0.3333333432674408,0.21784448623657227,0.2377566546201706,0.594707727432251,-0.0658554658293724,0.5690332651138306,0.18119001388549805,0.4727673828601837,-0.07444320619106293,-0.07477390766143799,-0.368591845035553,0.39832326769828796,0.39832326769828796,0.4042969048023224,0.05521263927221298,-0.05916126072406769,0.0,-0.005973637104034424,-0.005973637104034424,0.09059500694274902,0.09059500694274902,0.17585858702659607,-1.9749046564102173,1.3985518217086792,0.0,-0.08526358008384705,-0.08526358008384705,0.23638369143009186,0.23638369143009186,0.18630467355251312,-0.4680359363555908,0.45402640104293823,0.0,0.050079017877578735,0.050079017877578735,-0.05211024358868599,-0.05211024358868599,0.16244952380657196,-1.7986183166503906,-0.538488507270813,0.0,-0.21455976739525795,-0.21455976739525795,-0.11963825672864914,-0.11963825672864914,0.04029680788516998,-1.0130093097686768,-0.7696926593780518,0.0,-0.15993506461381912,-0.15993506461381912,-0.1842959225177765,-0.1842959225177765,-0.02363961562514305,-0.6771689057350159,0.09822013229131699,0.0,-0.16065630689263344,-0.16065630689263344
1090,36.333333333333336,4,0,0,,4,uneven rough,5,0.0,54.49531555175781,32.979217529296875,0.2085873782634735,1.3430070877075195,0.5647267699241638,1.3430070877075195,0.5647267699241638,5.6528730392456055,3.351151943206787,0.3333333432674408,0.02021954581141472,0.23919272422790527,0.6715035438537598,0.2823633849620819,0.4586926996707916,0.18010547757148743,0.583000659942627,0.20538830757141113,0.45271798968315125,-0.5960873365402222,0.3210848867893219,0.3210848867893219,0.3074883222579956,1.2452198266983032,1.53041672706604,0.0,0.013596564531326294,0.013596564531326294,0.09005273878574371,0.09005273878574371,0.12794561684131622,-1.9806846380233765,0.9562486410140991,0.0,-0.03789287805557251,-0.03789287805557251,0.2915003299713135,0.2915003299713135,0.1725204885005951,1.9974780082702637,0.5073450803756714,0.0,0.11897984147071838,0.11897984147071838,0.14377181231975555,0.14377181231975555,0.07887690514326096,1.9043978452682495,-1.5249232053756714,0.0,0.0648949071764946,0.0648949071764946,0.22635899484157562,0.22635899484157562,0.2008035033941269,-0.27282440662384033,0.1413433700799942,0.0,0.02555549144744873,0.02555549144744873,-0.2980436682701111,-0.2980436682701111,-0.24478790163993835,-0.5300046801567078,-1.2642887830734253,0.0,-0.05325576663017273,-0.05325576663017273
1090,36.333333333333336,14,0,0,,4,uneven rough,5,0.0,54.5186882019043,35.56153869628906,0.31482821702957153,1.5791398286819458,0.7340993285179138,1.5791398286819458,0.7340993285179138,5.455951690673828,2.8419671058654785,0.5,0.23224487900733948,0.13959906995296478,0.7895699143409729,0.3670496642589569,0.7892442345619202,0.20635177195072174,-0.21633020043373108,0.025769026950001717,0.0623968169093132,-0.2802749276161194,0.5524709820747375,0.5524709820747375,0.10746176540851593,1.8396047353744507,-0.9602429866790771,0.0,0.4450092166662216,0.4450092166662216,0.10317588597536087,0.10317588597536087,0.20052216947078705,-1.744554877281189,-0.36083847284317017,0.0,-0.09734628349542618,-0.09734628349542618,-0.10816510021686554,-0.10816510021686554,0.03972884267568588,-1.6005784273147583,0.67181396484375,0.0,-0.14789394289255142,-0.14789394289255142,0.018038319423794746,0.018038319423794746,0.2396785467863083,-1.6530081033706665,-0.3281644582748413,0.0,-0.22164022736251354,-0.22164022736251354,0.0311984084546566,0.0311984084546566,0.06399661302566528,-1.3796074390411377,1.0773513317108154,0.0,-0.03279820457100868,-0.03279820457100868,-0.1401374638080597,-0.1401374638080597,-0.07447314262390137,-0.563240647315979,0.09297071397304535,0.0,-0.06566432118415833,-0.06566432118415833
1090,36.333333333333336,24,0,0,,4,uneven rough,11,0.0,103.7068099975586,38.52250289916992,0.23243257403373718,0.9085801839828491,-0.28082776069641113,0.4263172149658203,-0.28082776069641113,0.8042839765548706,0.7651751041412354,0.3333333432674408,0.20257668197155,0.23117581009864807,0.45429009199142456,-0.14041388034820557,0.6489902138710022,0.053767357021570206,0.6987051963806152,0.08882669359445572,-0.03808668255805969,-0.1481471061706543,0.4542931318283081,0.4542931318283081,0.442960262298584,1.4197386503219604,0.005505946930497885,0.0,0.011332869529724121,0.011332869529724121,0.026883678510785103,0.026883678510785103,0.11183397471904755,-1.9749832153320312,-0.5088065266609192,0.0,-0.08495029620826244,-0.08495029620826244,0.3493525981903076,0.3493525981903076,0.21675671637058258,1.004386305809021,-0.06730929762125015,0.0,0.13259588181972504,0.13259588181972504,0.06217868626117706,0.06217868626117706,0.09404086321592331,-1.9720580577850342,-1.250968098640442,0.0,-0.031862176954746246,-0.031862176954746246,-0.06093869358301163,-0.06093869358301163,-0.013874625787138939,-1.998390793800354,-0.9072643518447876,0.0,-0.04706406779587269,-0.04706406779587269,-0.07407355308532715,-0.07407355308532715,-0.018439024686813354,-0.26767775416374207,-0.340186208486557,0.0,-0.055634528398513794,-0.055634528398513794
1091,36.36666666666667,4,0,0,,4,uneven rough,5,0.0,54.49774169921875,33.0186882019043,0.21724273264408112,1.6697243452072144,0.49192187190055847,1.6697243452072144,0.49192187190055847,8.34345817565918,1.6169761419296265,0.1666666716337204,-0.26735374331474304,0.229237899184227,0.8348621726036072,0.24596093595027924,0.25633499026298523,0.48732197284698486,0.5826045274734497,0.41377902030944824,0.24938037991523743,0.028527433052659035,0.17943449318408966,0.17943449318408966,0.26787668466567993,-1.983536720275879,1.3691658973693848,0.0,-0.08844219148159027,-0.08844219148159027,0.24366098642349243,0.24366098642349243,0.15523487329483032,2.023602247238159,-0.704298734664917,0.0,0.08842611312866211,0.08842611312866211,0.29130226373672485,0.29130226373672485,0.23592618107795715,1.4953161478042603,1.349868893623352,0.0,0.0553760826587677,0.0553760826587677,0.28964531421661377,0.28964531421661377,0.15069614350795746,2.0309298038482666,0.4140210449695587,0.0,0.1389491707086563,0.1389491707086563,0.12469018995761871,0.12469018995761871,0.17215973138809204,-1.3694119453430176,-0.09282783418893814,0.0,-0.04746954143047333,-0.04746954143047333,0.014263716526329517,0.014263716526329517,-0.1817486584186554,2.0230250358581543,-0.8491231799125671,0.0,0.1960123749449849,0.1960123749449849
1091,36.36666666666667,14,0,0,,4,uneven rough,5,0.0,54.50232696533203,35.59886169433594,0.31773191690444946,1.7646197080612183,-0.4282645881175995,1.7646197080612183,-0.4282645881175995,4.751904487609863,3.7625930309295654,0.5,-0.0806882381439209,0.06327405571937561,0.8823098540306091,-0.21413229405879974,-0.14024053514003754,0.39040350914001465,0.12686342000961304,-0.1545252650976181,0.09677238762378693,-0.14690130949020386,-0.09816837310791016,-0.09816837310791016,0.07798028737306595,-1.8962219953536987,0.6227959394454956,0.0,-0.1761486604809761,-0.1761486604809761,0.19520175457000732,0.19520175457000732,0.1788136214017868,-0.3059574365615845,-1.1431941986083984,0.0,0.01638813316822052,0.01638813316822052,0.06343171000480652,0.06343171000480652,0.03694908320903778,0.1136682778596878,-0.613000750541687,0.0,0.026482626795768738,0.026482626795768738,-0.10816768556833267,-0.10816768556833267,0.2015400230884552,-1.299741268157959,-1.0772334337234497,0.0,-0.3097077086567879,-0.3097077086567879,0.04838619381189346,0.04838619381189346,0.06792903691530228,0.5937120914459229,-0.31181755661964417,0.0,-0.019542843103408813,-0.019542843103408813,-0.07345065474510193,-0.07345065474510193,-0.05720667913556099,0.5574665069580078,-0.27805235981941223,0.0,-0.01624397560954094,-0.01624397560954094
1091,36.36666666666667,24,0,0,,4,uneven rough,11,0.0,103.69316864013672,38.55425262451172,0.22803032398223877,0.9527794718742371,-0.8101254105567932,0.9527794718742371,-0.8101254105567932,1.6664365530014038,0.5205941200256348,0.3333333432674408,0.14155852794647217,0.2045268416404724,0.47638973593711853,-0.4050627052783966,0.44008541107177734,0.22019648551940918,0.7911882400512695,0.06440282613039017,0.06585299223661423,0.07180359959602356,0.30805978178977966,0.30805978178977966,0.4011674225330353,-1.9767833948135376,0.8051156401634216,0.0,-0.09310764074325562,-0.09310764074325562,0.11009824275970459,0.11009824275970459,0.11321655660867691,-0.3938504457473755,-1.3377854824066162,0.0,-0.0031183138489723206,-0.0031183138489723206,0.39559412002563477,0.39559412002563477,0.28297188878059387,1.913002610206604,0.5386292934417725,0.0,0.1126222312450409,0.1126222312450409,0.045081976801157,0.045081976801157,0.0656779408454895,-1.0256478786468506,-1.658673644065857,0.0,-0.020595964044332504,-0.020595964044332504,0.032926496118307114,0.032926496118307114,0.030924564227461815,1.181541919708252,-1.5241892337799072,0.0,0.0020019318908452988,0.0020019318908452988,0.03590179979801178,0.03590179979801178,0.03695616498589516,1.6903164386749268,-0.29918980598449707,0.0,-0.001054365187883377,-0.001054365187883377
1092,36.4,4,0,0,,4,uneven rough,5,0.0,54.485416412353516,33.05961227416992,0.2315022200345993,1.6920863389968872,0.5160263776779175,1.6920863389968872,0.5160263776779175,8.590770721435547,3.4072482585906982,0.3333333432674408,-0.41171813011169434,0.2648555040359497,0.8460431694984436,0.25801318883895874,0.28468483686447144,0.7024121284484863,-0.10865592211484909,0.1664816290140152,0.0408206544816494,-0.04594150558114052,0.19927938282489777,0.19927938282489777,0.23288406431674957,-1.634347915649414,-0.526458203792572,0.0,-0.03360468149185181,-0.03360468149185181,0.35120606422424316,0.35120606422424316,0.2176317274570465,1.539963960647583,0.8380613923072815,0.0,0.13357433676719666,0.13357433676719666,-0.054327961057424545,-0.054327961057424545,0.214020237326622,-1.6476078033447266,1.4321050643920898,0.0,-0.26834819838404655,-0.26834819838404655,0.11653713881969452,0.11653713881969452,0.15398038923740387,-0.69976806640625,1.3282241821289062,0.0,-0.03744325041770935,-0.03744325041770935,0.0204103272408247,0.0204103272408247,0.11305180937051773,-1.9976991415023804,-0.8146107792854309,0.0,-0.09264148212969303,-0.09264148212969303,-0.02297075279057026,-0.02297075279057026,-0.12596312165260315,1.9840503931045532,0.7747945785522461,0.0,0.10299236886203289,0.10299236886203289
1092,36.4,14,0,0,,4,uneven rough,5,0.0,54.48578643798828,35.637630462646484,0.3188461363315582,1.394496202468872,0.6328924894332886,1.394496202468872,0.6328924894332886,2.9947452545166016,2.15785551071167,0.5,-0.20615077018737793,0.16166168451309204,0.697248101234436,0.3164462447166443,0.8214477896690369,-0.08964821696281433,-0.0987681895494461,-0.08082852512598038,0.3648223578929901,-0.356681764125824,0.5750134587287903,0.5750134587287903,0.11600383371114731,2.0048937797546387,-0.8014613389968872,0.0,0.459009625017643,0.459009625017643,-0.14343714714050293,-0.14343714714050293,0.16780798137187958,1.7248992919921875,-0.6698189973831177,0.0,-0.3112451285123825,-0.3112451285123825,-0.04938409477472305,-0.04938409477472305,-0.015571478754281998,-2.0111632347106934,-0.20214079320430756,0.0,-0.033812616020441055,-0.033812616020441055,-0.056579966098070145,-0.056579966098070145,0.13420557975769043,-1.6433430910110474,-1.2030397653579712,0.0,-0.19078554585576057,-0.19078554585576057,0.18241117894649506,0.18241117894649506,0.10907656699419022,1.9827462434768677,0.20017053186893463,0.0,0.07333461195230484,0.07333461195230484,-0.178340882062912,-0.178340882062912,-0.07982537150382996,-1.769193410873413,0.19435150921344757,0.0,-0.09851551055908203,-0.09851551055908203
1092,36.4,24,0,0,,4,uneven rough,11,0.0,103.67887878417969,38.589149475097656,0.2173399031162262,1.0875777006149292,0.5083377361297607,0.5748580694198608,0.5083377361297607,2.98433256149292,1.0649449825286865,0.1666666716337204,0.2993021011352539,0.26595062017440796,0.5437888503074646,0.25416886806488037,0.8809065818786621,0.4378587007522583,-0.05171184241771698,0.10702086240053177,0.1356346160173416,0.06497465819120407,0.6166346073150635,0.6166346073150635,0.41882240772247314,1.1833053827285767,-0.7677750587463379,0.0,0.19781219959259033,0.19781219959259033,0.21892935037612915,0.21892935037612915,0.1775519996881485,2.0000007152557373,-0.8040829300880432,0.0,0.04137735068798065,0.04137735068798065,-0.02585592120885849,-0.02585592120885849,0.2229621857404709,-1.9959330558776855,1.3157024383544922,0.0,-0.24881810694932938,-0.24881810694932938,0.0749146044254303,0.0749146044254303,0.02402593567967415,0.10221583396196365,-1.3007597923278809,0.0,0.05088866874575615,0.05088866874575615,0.0678173080086708,0.0678173080086708,0.08591540902853012,0.736293613910675,0.005636017769575119,0.0,-0.018098101019859314,-0.018098101019859314,0.032487329095602036,0.032487329095602036,0.03416770324110985,0.30478495359420776,0.8256806135177612,0.0,-0.0016803741455078125,-0.0016803741455078125
1093,36.43333333333333,4,0,0,,4,uneven rough,5,0.0,54.477745056152344,33.10008239746094,0.23336827754974365,1.779939889907837,-0.5193215012550354,1.779939889907837,-0.5193215012550354,8.80947494506836,6.221466064453125,0.3333333432674408,-0.2605850398540497,0.30788087844848633,0.8899699449539185,-0.2596607506275177,0.5663926601409912,0.4038812816143036,0.08014114946126938,-0.1731330305337906,0.26680290699005127,-0.355140745639801,0.3964748680591583,0.3964748680591583,0.2761194109916687,1.837496042251587,-1.1528609991073608,0.0,0.12035545706748962,0.12035545706748962,0.2019406408071518,0.2019406408071518,0.22341641783714294,-0.44802311062812805,1.2349183559417725,0.0,-0.02147577702999115,-0.02147577702999115,0.04007057473063469,0.04007057473063469,0.14262782037258148,-2.000312566757202,-0.309170126914978,0.0,-0.10255724564194679,-0.10255724564194679,-0.12119311839342117,-0.12119311839342117,0.08729707449674606,-1.6471166610717773,0.18159374594688416,0.0,-0.20849019289016724,-0.20849019289016724,0.13340145349502563,0.13340145349502563,0.10699018836021423,1.5306153297424316,-1.4835309982299805,0.0,0.0264112651348114,0.0264112651348114,-0.1775703728199005,-0.1775703728199005,-0.13947834074497223,-1.1325751543045044,1.4585100412368774,0.0,-0.038092032074928284,-0.038092032074928284
1093,36.43333333333333,14,0,0,,4,uneven rough,5,0.0,54.4710807800293,35.67621994018555,0.3341619372367859,1.723015308380127,-0.6611329913139343,1.723015308380127,-0.6611329913139343,6.369269371032715,6.368125915527344,0.5,-0.5105122327804565,0.04899260401725769,0.8615076541900635,-0.33056649565696716,0.198482483625412,0.4434182345867157,0.09894517064094543,0.008148768916726112,0.13413579761981964,-0.505444347858429,0.13893774151802063,0.13893774151802063,0.1680694818496704,1.0005903244018555,0.7852568626403809,0.0,-0.02913174033164978,-0.02913174033164978,0.22170911729335785,0.22170911729335785,0.21681424975395203,0.8444644808769226,0.684158980846405,0.0,0.004894867539405823,0.004894867539405823,0.04947258532047272,0.04947258532047272,0.007374799810349941,-0.9366487860679626,-1.2249653339385986,0.0,0.042097785510122776,0.042097785510122776,0.005704137962311506,0.005704137962311506,0.07126731425523758,-1.9887824058532715,-1.4519881010055542,0.0,-0.06556317629292607,-0.06556317629292607,0.06706789880990982,0.06706789880990982,0.08789318799972534,-1.9858300685882568,1.208042025566101,0.0,-0.02082528918981552,-0.02082528918981552,-0.2527221739292145,-0.2527221739292145,-0.11720060557126999,-1.2740955352783203,-0.9158403277397156,0.0,-0.1355215683579445,-0.1355215683579445
1093,36.43333333333333,24,0,0,,4,uneven rough,11,0.0,103.67757415771484,38.62295913696289,0.1887536346912384,0.2722293436527252,-0.061822760850191116,0.2722293436527252,-0.061822760850191116,1.2078344821929932,0.41518718004226685,0.1666666716337204,0.1579800248146057,0.14970354735851288,0.1361146718263626,-0.030911380425095558,0.6700074076652527,0.10595361888408661,0.26832932233810425,0.49526458978652954,0.38600432872772217,-0.09700881689786911,0.46900516748428345,0.46900516748428345,0.452841192483902,1.5699199438095093,0.3353693187236786,0.0,0.01616397500038147,0.01616397500038147,0.052976809442043304,0.052976809442043304,0.14336943626403809,-1.985700011253357,0.7813509702682495,0.0,-0.09039262682199478,-0.09039262682199478,0.13416466116905212,0.13416466116905212,0.15629415214061737,-2.0000977516174316,-0.5567022562026978,0.0,-0.022129490971565247,-0.022129490971565247,0.3466852009296417,0.3466852009296417,0.0795995369553566,1.845329761505127,-0.5075148344039917,0.0,0.2670856639742851,0.2670856639742851,0.19300216436386108,0.19300216436386108,0.13945026695728302,2.296346426010132,0.4187511205673218,0.0,0.053551897406578064,0.053551897406578064,-0.048504408448934555,-0.048504408448934555,-0.014136163517832756,-1.598703384399414,0.5311652421951294,0.0,-0.0343682449311018,-0.0343682449311018
1094,36.46666666666667,4,0,0,,4,uneven rough,5,0.0,54.49016189575195,33.13784408569336,0.22956758737564087,0.9921578168869019,0.0004727467894554138,0.9921578168869019,0.0004727467894554138,2.3007562160491943,2.5152127742767334,0.3333333432674408,-0.23463132977485657,0.036424826830625534,0.4960789084434509,0.0002363733947277069,0.7148052453994751,0.4266858696937561,0.17806094884872437,0.5512791872024536,0.2546454071998596,-0.12034765630960464,0.5003636479377747,0.5003636479377747,0.3387617766857147,1.6360093355178833,0.53789222240448,0.0,0.16160187125205994,0.16160187125205994,0.21334293484687805,0.21334293484687805,0.19383440911769867,-1.130590796470642,0.2833802103996277,0.0,0.019508525729179382,0.019508525729179382,0.08903047442436218,0.08903047442436218,0.10667254775762558,1.6489800214767456,-1.2653450965881348,0.0,-0.017642073333263397,-0.017642073333263397,0.38589543104171753,0.38589543104171753,0.11669256538152695,1.9837074279785156,-0.8523623943328857,0.0,0.2692028656601906,0.2692028656601906,0.1273227035999298,0.1273227035999298,0.13988222181797028,0.9736214876174927,0.22067272663116455,0.0,-0.012559518218040466,-0.012559518218040466,-0.06017382815480232,-0.06017382815480232,-0.10790703445672989,1.4013816118240356,-0.0064941891469061375,0.0,0.047733206301927567,0.047733206301927567
1094,36.46666666666667,14,0,0,,4,uneven rough,5,0.0,54.457542419433594,35.71593475341797,0.34379252791404724,1.5413992404937744,-0.5089145302772522,1.5413992404937744,-0.5089145302772522,4.524706840515137,2.3681788444519043,0.3333333432674408,-0.43624746799468994,0.11886477470397949,0.7706996202468872,-0.2544572651386261,0.381632536649704,0.41805773973464966,0.5452491044998169,-0.08375409990549088,0.1893853098154068,-0.5018612146377563,0.26714277267456055,0.26714277267456055,0.23516330122947693,1.8149334192276,0.9070068001747131,0.0,0.03197947144508362,0.03197947144508362,0.20902886986732483,0.20902886986732483,0.2155049741268158,-0.9280032515525818,0.7747960090637207,0.0,-0.006476104259490967,-0.006476104259490967,0.27262455224990845,0.27262455224990845,0.027208084240555763,0.3652143180370331,-1.06195068359375,0.0,0.24541646800935268,0.24541646800935268,-0.05862786993384361,-0.05862786993384361,0.004058098420500755,-2.0269107818603516,-1.7554925680160522,0.0,-0.06268596835434437,-0.06268596835434437,0.0946926549077034,0.0946926549077034,0.09021114557981491,0.9039892554283142,-0.5977789759635925,0.0,0.004481509327888489,0.004481509327888489,-0.2509306073188782,-0.2509306073188782,-0.15750789642333984,-1.3501083850860596,-1.1183984279632568,0.0,-0.09342271089553833,-0.09342271089553833
1094,36.46666666666667,24,0,0,,4,uneven rough,11,0.0,103.6761245727539,38.65639877319336,0.17636430263519287,0.503415584564209,0.2774517834186554,0.503415584564209,0.2774517834186554,1.0884395837783813,3.222458600997925,0.5,0.2982705533504486,0.1062082052230835,0.2517077922821045,0.1387258917093277,0.36700764298439026,-0.08938059210777283,0.77970290184021,0.6609325408935547,0.4026437997817993,0.6004013419151306,0.25690534710884094,0.25690534710884094,0.4403028190135956,-1.3759675025939941,1.033386468887329,0.0,-0.18339747190475464,-0.18339747190475464,-0.14300894737243652,-0.14300894737243652,0.11200304329395294,-0.17459923028945923,-0.7831445932388306,0.0,-0.25501199066638947,-0.25501199066638947,0.389851450920105,0.389851450920105,0.16021306812763214,0.40780550241470337,-1.3728007078170776,0.0,0.22963838279247284,0.22963838279247284,0.4626527726650238,0.4626527726650238,0.14819008111953735,1.9769495725631714,0.8227877020835876,0.0,0.31446269154548645,0.31446269154548645,0.20132189989089966,0.20132189989089966,0.1681644171476364,0.6641305088996887,1.480346918106079,0.0,0.033157482743263245,0.033157482743263245,0.3002006709575653,0.3002006709575653,-0.009319380857050419,0.47888392210006714,-0.6730663180351257,0.0,0.3095200518146157,0.3095200518146157
1095,36.5,4,0,0,,4,uneven rough,5,0.0,54.49429702758789,33.17338180541992,0.23049244284629822,1.710950255393982,-0.15868261456489563,1.710950255393982,-0.15868261456489563,4.3677077293396,2.3305270671844482,0.3333333432674408,-0.025644009932875633,0.18961751461029053,0.855475127696991,-0.07934130728244781,-0.14218372106552124,0.45489224791526794,0.030922401696443558,0.3888077139854431,0.2949245870113373,-0.05445273220539093,-0.09952860325574875,-0.09952860325574875,0.29393434524536133,-1.9974724054336548,1.1587696075439453,0.0,-0.3934629485011101,-0.3934629485011101,0.22744612395763397,0.22744612395763397,0.18011094629764557,0.08406248688697815,-0.5160815119743347,0.0,0.0473351776599884,0.0473351776599884,0.015461200848221779,0.015461200848221779,0.08565569669008255,-1.3023264408111572,0.3824195861816406,0.0,-0.07019449584186077,-0.07019449584186077,0.2721653878688812,0.2721653878688812,0.1884336918592453,1.9238032102584839,0.7511565685272217,0.0,0.08373169600963593,0.08373169600963593,0.14746229350566864,0.14746229350566864,0.17223989963531494,0.42721644043922424,0.6463913321495056,0.0,-0.0247776061296463,-0.0247776061296463,-0.027226366102695465,-0.027226366102695465,-0.09377124905586243,0.007365128956735134,0.789521336555481,0.0,0.06654488295316696,0.06654488295316696
1095,36.5,14,0,0,,4,uneven rough,5,0.0,54.454505920410156,35.759952545166016,0.3464670777320862,1.3510448932647705,-1.03670072555542,1.3510448932647705,-1.03670072555542,3.545255661010742,1.6092256307601929,0.3333333432674408,-0.591010570526123,0.12074309587478638,0.6755224466323853,-0.51835036277771,0.723304271697998,0.4505078196525574,0.6523452997207642,0.20255258679389954,0.465491384267807,-0.2633880376815796,0.5063129663467407,0.5063129663467407,0.2912077307701111,1.7144725322723389,1.4203500747680664,0.0,0.21510523557662964,0.21510523557662964,0.2252539098262787,0.2252539098262787,0.23341654241085052,0.2618120014667511,-0.18796972930431366,0.0,-0.008162632584571838,-0.008162632584571838,0.3261726498603821,0.3261726498603821,0.09203101694583893,1.3468782901763916,-0.25502902269363403,0.0,0.23414163291454315,0.23414163291454315,0.14178681373596191,0.14178681373596191,0.02632494643330574,1.9988257884979248,-1.9089529514312744,0.0,0.11546186730265617,0.11546186730265617,0.2327456921339035,0.2327456921339035,0.1547715663909912,1.9827070236206055,0.25132349133491516,0.0,0.07797412574291229,0.07797412574291229,-0.1316940188407898,-0.1316940188407898,-0.12521067261695862,0.9812372326850891,-1.2494076490402222,0.0,-0.006483346223831177,-0.006483346223831177
1095,36.5,24,0,0,,4,uneven rough,11,0.0,103.67237854003906,38.68977355957031,0.17709462344646454,1.625606894493103,-0.8288260698318481,0.5249006748199463,-0.8288260698318481,2.779409885406494,2.491295576095581,0.5,0.1382998526096344,0.102492555975914,0.8128034472465515,-0.4144130349159241,0.3596537113189697,0.04417748376727104,0.7230733633041382,0.5953781008720398,0.39212408661842346,0.3285275399684906,0.25175759196281433,0.25175759196281433,0.3744320571422577,-1.9982985258102417,-0.328866571187973,0.0,-0.12267446517944336,-0.12267446517944336,0.02208874188363552,0.02208874188363552,0.061845339834690094,-1.2035324573516846,-0.43907198309898376,0.0,-0.03975659795105457,-0.03975659795105457,0.3615366816520691,0.3615366816520691,0.202492818236351,1.1705503463745117,-0.3660427927970886,0.0,0.15904386341571808,0.15904386341571808,0.41676467657089233,0.41676467657089233,0.20727625489234924,1.6575117111206055,1.4753528833389282,0.0,0.2094884216785431,0.2094884216785431,0.19606204330921173,0.19606204330921173,0.16134288907051086,0.3678957223892212,1.0188567638397217,0.0,0.03471915423870087,0.03471915423870087,0.1642637699842453,0.1642637699842453,0.04892556741833687,1.655879259109497,-0.02175160124897957,0.0,0.11533820256590843,0.11533820256590843
1096,36.53333333333333,4,0,0,,4,uneven rough,5,0.0,54.49909973144531,33.207271575927734,0.2357863187789917,1.4809014797210693,0.6167579889297485,1.4809014797210693,0.6167579889297485,6.971640586853027,2.276003360748291,0.3333333432674408,0.141320139169693,0.05740631744265556,0.7404507398605347,0.30837899446487427,0.5966649651527405,0.11791951209306717,-0.20278775691986084,0.4056680202484131,0.02762502059340477,0.1790303885936737,0.4176654815673828,0.4176654815673828,0.29836615920066833,1.625488042831421,-0.6257753372192383,0.0,0.11929932236671448,0.11929932236671448,0.058959756046533585,0.058959756046533585,0.11160947382450104,-1.9119006395339966,-0.1767590194940567,0.0,-0.05264971777796745,-0.05264971777796745,-0.10139387845993042,-0.10139387845993042,0.03145467862486839,-2.0062196254730225,-0.5701388120651245,0.0,-0.1328485570847988,-0.1328485570847988,0.28396761417388916,0.28396761417388916,0.2362561672925949,1.3496912717819214,1.4141731262207031,0.0,0.04771144688129425,0.04771144688129425,0.013812510296702385,0.013812510296702385,0.10853741317987442,-1.8714102506637573,0.5224694609642029,0.0,-0.09472490288317204,-0.09472490288317204,0.08951519429683685,0.08951519429683685,-0.06148354336619377,0.8382547497749329,0.3472888171672821,0.0,0.15099873766303062,0.15099873766303062
1096,36.53333333333333,14,0,0,,4,uneven rough,5,0.0,54.45133590698242,35.803810119628906,0.34936150908470154,1.5149530172348022,0.7001907825469971,1.5149530172348022,0.7001907825469971,3.268549680709839,2.8184027671813965,0.3333333432674408,-0.20087480545043945,0.1936253011226654,0.7574765086174011,0.35009539127349854,0.20196795463562012,0.6709573268890381,0.3987935185432434,0.7822763323783875,0.4669952988624573,0.41723060607910156,0.14137756824493408,0.14137756824493408,0.265571266412735,-1.8871581554412842,1.5866475105285645,0.0,-0.1241936981678009,-0.1241936981678009,0.33547866344451904,0.33547866344451904,0.29616713523864746,1.894909143447876,0.06633766740560532,0.0,0.03931152820587158,0.03931152820587158,0.1993967592716217,0.1993967592716217,0.15499988198280334,1.7192165851593018,0.6506922245025635,0.0,0.04439687728881836,0.04439687728881836,0.5475934147834778,0.5475934147834778,0.09832881391048431,1.9908372163772583,0.3005121648311615,0.0,0.44926460087299347,0.44926460087299347,0.23349764943122864,0.23349764943122864,0.23303264379501343,2.0001392364501953,1.2302508354187012,0.0,0.00046500563621520996,0.00046500563621520996,0.20861530303955078,0.20861530303955078,-0.05953522026538849,1.999799132347107,0.011802962981164455,0.0,0.26815052330493927,0.26815052330493927
1096,36.53333333333333,24,0,0,,4,uneven rough,11,0.0,103.67137145996094,38.729454040527344,0.18584170937538147,1.25246000289917,-0.612652599811554,0.39592814445495605,-0.612652599811554,4.47003173828125,4.600675106048584,0.5,0.12628205120563507,0.08468513935804367,0.626230001449585,-0.306326299905777,0.46806907653808594,0.22444072365760803,0.7125953435897827,0.5825227499008179,0.17134317755699158,0.2180485874414444,0.3276483416557312,0.3276483416557312,0.31950196623802185,-1.0734349489212036,-1.272766351699829,0.0,0.00814637541770935,0.00814637541770935,0.11222036182880402,0.11222036182880402,0.0738745778799057,1.7400051355361938,-0.8712993264198303,0.0,0.038345783948898315,0.038345783948898315,0.35629767179489136,0.35629767179489136,0.26196715235710144,1.7288085222244263,0.5027497410774231,0.0,0.09433051943778992,0.09433051943778992,0.4077659249305725,0.4077659249305725,0.2698270380496979,1.9819998741149902,1.578345775604248,0.0,0.13793888688087463,0.13793888688087463,0.08567158877849579,0.08567158877849579,0.13626134395599365,-0.9970648288726807,0.6508021950721741,0.0,-0.050589755177497864,-0.050589755177497864,0.1090242937207222,0.1090242937207222,0.10705407708883286,1.3973138332366943,0.9267839193344116,0.0,0.0019702166318893433,0.0019702166318893433
1097,36.56666666666666,4,0,0,,4,uneven rough,5,0.0,54.503299713134766,33.24211120605469,0.23695571720600128,1.629280924797058,-0.6526268720626831,1.629280924797058,-0.6526268720626831,5.457116603851318,1.8066858053207397,0.3333333432674408,0.09474900364875793,0.1679539680480957,0.814640462398529,-0.32631343603134155,-0.3959393799304962,0.13366085290908813,0.49338477849960327,0.33501383662223816,0.08440615236759186,-0.07509241998195648,-0.27715757489204407,-0.27715757489204407,0.27047768235206604,-0.9847809076309204,0.6470929980278015,0.0,-0.5476352572441101,-0.5476352572441101,0.06683042645454407,0.06683042645454407,0.05903429538011551,-0.31763094663619995,-1.157811164855957,0.0,0.007796131074428558,0.007796131074428558,0.24669238924980164,0.24669238924980164,0.0854240134358406,1.9095906019210815,-1.3821015357971191,0.0,0.16126837581396103,0.16126837581396103,0.23450967669487,0.23450967669487,0.2800154387950897,-0.10206905007362366,1.377714991569519,0.0,-0.04550576210021973,-0.04550576210021973,0.04220307618379593,0.04220307618379593,0.05774228647351265,-0.8894180655479431,-0.8310344219207764,0.0,-0.01553921028971672,-0.01553921028971672,-0.03754620999097824,-0.03754620999097824,-0.02327311970293522,-0.29002392292022705,0.6248818039894104,0.0,-0.014273090288043022,-0.014273090288043022
1097,36.56666666666666,14,0,0,,4,uneven rough,5,0.0,54.44414138793945,35.8405647277832,0.3451631963253021,1.706845998764038,0.9879122972488403,1.706845998764038,0.9879122972488403,7.617211818695068,2.576024055480957,0.1666666716337204,-0.1345537155866623,0.08241915702819824,0.853422999382019,0.49395614862442017,0.31497740745544434,0.523931086063385,-0.25816765427589417,0.5797379016876221,0.3068291246891022,0.4201933443546295,0.2204841822385788,0.2204841822385788,0.2063484489917755,-0.9230542778968811,-0.3774484395980835,0.0,0.014135733246803284,0.014135733246803284,0.2619655430316925,0.2619655430316925,0.2463836669921875,-0.5092289447784424,1.1002153158187866,0.0,0.015581876039505005,0.015581876039505005,-0.12908382713794708,-0.12908382713794708,0.09224090725183487,-1.8545819520950317,1.2548378705978394,0.0,-0.22132473438978195,-0.22132473438978195,0.40581652522087097,0.40581652522087097,0.15911364555358887,1.563415765762329,1.2562249898910522,0.0,0.2467028796672821,0.2467028796672821,0.1534145623445511,0.1534145623445511,0.17587269842624664,-1.0797996520996094,1.6655471324920654,0.0,-0.022458136081695557,-0.022458136081695557,0.21009667217731476,0.21009667217731476,0.0032000106293708086,1.9423651695251465,1.1358195543289185,0.0,0.20689666154794395,0.20689666154794395
1097,36.56666666666666,24,0,0,,4,uneven rough,11,0.0,103.66493225097656,38.771663665771484,0.18496406078338623,0.7277482748031616,-0.18422046303749084,0.5402853488922119,-0.18422046303749084,4.345276355743408,3.3333334922790527,0.1666666716337204,0.158656045794487,0.168524831533432,0.3638741374015808,-0.09211023151874542,-0.44002029299736023,0.6876704692840576,0.5070875287055969,0.45092493295669556,0.3813354969024658,-0.3155096173286438,-0.3080142140388489,-0.3080142140388489,0.2632465958595276,-0.8682500123977661,-1.1600639820098877,0.0,-0.5712608098983765,-0.5712608098983765,0.3438352346420288,0.3438352346420288,0.14022861421108246,1.966505527496338,0.6051369309425354,0.0,0.20360662043094635,0.20360662043094635,0.25354376435279846,0.25354376435279846,0.2563873827457428,-1.1380070447921753,1.1959655284881592,0.0,-0.002843618392944336,-0.002843618392944336,0.3156474530696869,0.3156474530696869,0.32882851362228394,0.31374818086624146,1.8065725564956665,0.0,-0.013181060552597046,-0.013181060552597046,0.1906677484512329,0.1906677484512329,0.1789667308330536,1.0734647512435913,-0.28090476989746094,0.0,0.011701017618179321,0.011701017618179321,-0.1577548086643219,-0.1577548086643219,0.04330039396882057,-1.240654468536377,1.1928223371505737,0.0,-0.20105520263314247,-0.20105520263314247
1098,36.6,4,0,0,,4,uneven rough,5,0.0,54.49887466430664,33.27978515625,0.23510578274726868,1.075313925743103,0.31913310289382935,1.075313925743103,0.31913310289382935,5.6279425621032715,0.0,0.0,0.25686389207839966,0.13052988052368164,0.5376569628715515,0.15956655144691467,0.5357432961463928,0.14001524448394775,0.10991223901510239,0.03628052771091461,-0.015330826863646507,-0.22218872606754303,0.375020295381546,0.375020295381546,0.32767441868782043,1.7177120447158813,-0.27557143568992615,0.0,0.047345876693725586,0.047345876693725586,0.07000762224197388,0.07000762224197388,0.059766072779893875,-0.22233089804649353,-0.6827717423439026,0.0,0.010241549462080002,0.010241549462080002,0.05495611950755119,0.05495611950755119,0.0400850735604763,-1.7655566930770874,0.47902712225914,0.0,0.01487104594707489,0.01487104594707489,0.02539636939764023,0.02539636939764023,0.21356767416000366,-1.9992824792861938,0.5410423874855042,0.0,-0.18817130476236343,-0.18817130476236343,-0.02452932298183441,-0.02452932298183441,0.016076624393463135,-0.690724790096283,-0.8640446066856384,0.0,-0.040605947375297546,-0.040605947375297546,-0.11109436303377151,-0.11109436303377151,-0.05121389776468277,-0.9449418783187866,0.10759245604276657,0.0,-0.059880465269088745,-0.059880465269088745
1098,36.6,14,0,0,,4,uneven rough,5,0.0,54.43659210205078,35.875919342041016,0.3437964916229248,1.175532579421997,-0.24635934829711914,1.175532579421997,-0.24635934829711914,6.00323486328125,0.0,0.0,-0.1101461872458458,0.16366027295589447,0.5877662897109985,-0.12317967414855957,-0.31067001819610596,0.45287463068962097,0.674990177154541,0.47763970494270325,-0.1200784295797348,0.43688803911209106,-0.2174690067768097,-0.2174690067768097,0.15214084088802338,-1.5542511940002441,-0.6859349608421326,0.0,-0.36960984766483307,-0.36960984766483307,0.22643731534481049,0.22643731534481049,0.21962015330791473,-0.41799625754356384,0.19023263454437256,0.0,0.006817162036895752,0.006817162036895752,0.3374950885772705,0.3374950885772705,0.11739271134138107,-0.43534478545188904,-0.5032336711883545,0.0,0.22010237723588943,0.22010237723588943,0.33434778451919556,0.33434778451919556,0.222975954413414,1.8096555471420288,1.4299112558364868,0.0,0.11137183010578156,0.11137183010578156,-0.19212548434734344,-0.19212548434734344,0.12273169308900833,-1.6756151914596558,0.1133231520652771,0.0,-0.3148571774363518,-0.3148571774363518,0.21844401955604553,0.21844401955604553,-0.00066317681921646,0.07417507469654083,1.5918419361114502,0.0,0.219107196375262,0.219107196375262
1098,36.6,24,0,0,,4,uneven rough,11,0.0,103.6574478149414,38.81129837036133,0.16869938373565674,0.23016774654388428,0.18731659650802612,0.23016774654388428,0.18731659650802612,2.1749167442321777,0.11491100490093231,0.3333333432674408,0.4203561544418335,0.1807742565870285,0.11508387327194214,0.09365829825401306,0.7667723298072815,0.05188104510307312,0.10888268798589706,0.4157155454158783,0.4699866473674774,0.009085819125175476,0.5367406010627747,0.5367406010627747,0.3209450840950012,1.9057189226150513,-0.9950718283653259,0.0,0.21579551696777344,0.21579551696777344,0.02594052255153656,0.02594052255153656,0.09181585907936096,-1.4336817264556885,1.3748571872711182,0.0,-0.0658753365278244,-0.0658753365278244,0.05444134399294853,0.05444134399294853,0.18633303046226501,-2.052879571914673,-0.12366674095392227,0.0,-0.13189168646931648,-0.13189168646931648,0.2910008728504181,0.2910008728504181,0.2794637680053711,-0.3231552839279175,0.9625269770622253,0.0,0.011537104845046997,0.011537104845046997,0.2349933236837387,0.2349933236837387,0.1982358694076538,2.064080238342285,0.4848581850528717,0.0,0.0367574542760849,0.0367574542760849,0.004542909562587738,0.004542909562587738,0.024325178936123848,-0.8077183961868286,-0.18306979537010193,0.0,-0.01978226937353611,-0.01978226937353611
1099,36.63333333333333,4,0,0,,4,uneven rough,5,0.0,54.486961364746094,33.31443786621094,0.22542911767959595,1.1400837898254395,-1.2797975540161133,1.1400837898254395,-1.2797975540161133,1.8912849426269531,3.528862714767456,0.5,0.003739784238860011,0.10808442533016205,0.5700418949127197,-0.6398987770080566,0.28985947370529175,-0.038708414882421494,0.5294241309165955,0.056497808545827866,0.16359475255012512,-0.3869723379611969,0.20290163159370422,0.20290163159370422,0.2990962862968445,-1.9537973403930664,0.851434588432312,0.0,-0.09619465470314026,-0.09619465470314026,-0.06193346530199051,-0.06193346530199051,0.011687368154525757,-1.9911682605743408,-0.4224376678466797,0.0,-0.07362083345651627,-0.07362083345651627,0.26471206545829773,0.26471206545829773,0.05208752676844597,0.8103264570236206,-0.7900645732879639,0.0,0.21262453868985176,0.21262453868985176,0.03954846411943436,0.03954846411943436,0.15685559809207916,-1.991808295249939,-0.895261824131012,0.0,-0.1173071339726448,-0.1173071339726448,0.08179737627506256,0.08179737627506256,0.06984390318393707,1.9042792320251465,-0.7660492658615112,0.0,0.011953473091125488,0.011953473091125488,-0.19348616898059845,-0.19348616898059845,-0.05142310634255409,0.2681207060813904,-0.48751235008239746,0.0,-0.14206306263804436,-0.14206306263804436
1099,36.63333333333333,14,0,0,,4,uneven rough,5,0.0,54.42559051513672,35.91379165649414,0.3557261824607849,1.3204097747802734,0.9094836711883545,1.3204097747802734,0.9094836711883545,8.432243347167969,8.058801651000977,0.5,0.056726571172475815,0.1944408118724823,0.6602048873901367,0.45474183559417725,-0.2658769488334656,0.505509614944458,0.6574814915657043,0.39395672082901,0.19018658995628357,0.04777660220861435,-0.1861138641834259,-0.1861138641834259,0.09517202526330948,-1.7465970516204834,-1.1768825054168701,0.0,-0.2812858894467354,-0.2812858894467354,0.252754807472229,0.252754807472229,0.24574032425880432,1.3537182807922363,-0.1536610722541809,0.0,0.007014483213424683,0.007014483213424683,0.3287407457828522,0.3287407457828522,0.16255274415016174,1.6436598300933838,-0.46484917402267456,0.0,0.16618800163269043,0.16618800163269043,0.2757697105407715,0.2757697105407715,0.27686694264411926,1.1657158136367798,1.644619345664978,0.0,-0.0010972321033477783,-0.0010972321033477783,0.09509329497814178,0.09509329497814178,0.0873476043343544,-0.7515362501144409,-0.8981457948684692,0.0,0.007745690643787384,0.007745690643787384,0.023888301104307175,0.023888301104307175,0.008818604983389378,0.3269883990287781,0.7337504029273987,0.0,0.015069696120917797,0.015069696120917797
1099,36.63333333333333,24,0,0,,4,uneven rough,11,0.0,103.65725708007812,38.84929656982422,0.1639864593744278,1.120517373085022,-0.33003726601600647,0.4455869197845459,-0.33003726601600647,0.423933744430542,2.897717237472534,0.4769904315471649,0.49468812346458435,0.25733286142349243,0.560258686542511,-0.16501863300800323,0.3776940405368805,0.3014978766441345,0.3430587947368622,0.763311505317688,0.39759010076522827,0.3503136932849884,0.26438581943511963,0.26438581943511963,0.28882789611816406,-1.3584461212158203,0.6450404524803162,0.0,-0.024442076683044434,-0.024442076683044434,0.15074893832206726,0.15074893832206726,0.10209187120199203,0.28982359170913696,-0.2130957543849945,0.0,0.048657067120075226,0.048657067120075226,0.1715293973684311,0.1715293973684311,0.16657404601573944,0.40853047370910645,-1.2144471406936646,0.0,0.00495535135269165,0.00495535135269165,0.5343180298805237,0.5343180298805237,0.3454117178916931,2.000004529953003,0.23559992015361786,0.0,0.18890631198883057,0.18890631198883057,0.19879505038261414,0.19879505038261414,0.24631832540035248,0.07093654572963715,1.3777531385421753,0.0,-0.04752327501773834,-0.04752327501773834,0.1751568466424942,0.1751568466424942,0.050935644656419754,1.3950096368789673,-0.5362472534179688,0.0,0.12422120198607445,0.12422120198607445
1100,36.666666666666664,4,0,0,,4,uneven rough,5,0.0,54.48118591308594,33.349788665771484,0.21028299629688263,1.2755892276763916,0.06536749750375748,1.2755892276763916,0.06536749750375748,4.059765815734863,2.357163429260254,0.3333333432674408,0.17935192584991455,0.2648378312587738,0.6377946138381958,0.03268374875187874,0.9254263639450073,-0.07720999419689178,0.2596735954284668,0.22477279603481293,0.2586144208908081,0.057054001837968826,0.6477984189987183,0.6477984189987183,0.30427050590515137,0.5864875316619873,-0.734648585319519,0.0,0.3435279130935669,0.3435279130935669,-0.12353599071502686,-0.12353599071502686,-0.05449662357568741,-1.8456073999404907,-1.3094007968902588,0.0,-0.06903936713933945,-0.06903936713933945,0.1298367977142334,0.1298367977142334,0.11799771338701248,1.6454898118972778,0.1147993952035904,0.0,0.011839084327220917,0.011839084327220917,0.15734095871448517,0.15734095871448517,0.10431025177240372,-0.1031307652592659,-1.5152511596679688,0.0,0.05303070694208145,0.05303070694208145,0.12930721044540405,0.12930721044540405,0.12171587347984314,0.7207739949226379,0.7437592148780823,0.0,0.007591336965560913,0.007591336965560913,0.028527000918984413,0.028527000918984413,0.01509455218911171,2.0544583797454834,-0.06027606874704361,0.0,0.013432448729872704,0.013432448729872704
1100,36.666666666666664,14,0,0,,4,uneven rough,5,0.0,54.40607452392578,35.94980239868164,0.35945165157318115,1.3870041370391846,-0.3193412721157074,1.3870041370391846,-0.3193412721157074,7.170920372009277,0.717650830745697,0.1666666716337204,0.14341017603874207,0.1084233745932579,0.6935020685195923,-0.1596706360578537,0.09768130630254745,0.3915780484676361,0.41994789242744446,0.02451646700501442,-0.02373543754220009,-0.47575843334198,0.06837691366672516,0.06837691366672516,0.08667729794979095,-0.5530369281768799,-1.4990001916885376,0.0,-0.018300384283065796,-0.018300384283065796,0.19578902423381805,0.19578902423381805,0.200669065117836,-1.8318082094192505,0.6986139416694641,0.0,-0.004880040884017944,-0.004880040884017944,0.20997394621372223,0.20997394621372223,0.17928671836853027,0.12960198521614075,0.7273055911064148,0.0,0.030687227845191956,0.030687227845191956,0.017161525785923004,0.017161525785923004,0.22833320498466492,-1.5272514820098877,1.373846411705017,0.0,-0.2111716791987419,-0.2111716791987419,-0.0379767008125782,-0.0379767008125782,0.018461354076862335,-1.8468433618545532,-0.8152524828910828,0.0,-0.056438054889440536,-0.056438054889440536,-0.23787921667099,-0.23787921667099,-0.03261210769414902,-0.7358043789863586,0.5037664175033569,0.0,-0.20526710897684097,-0.20526710897684097
1100,36.666666666666664,24,0,0,,4,uneven rough,11,0.0,103.65281677246094,38.8785514831543,0.18109722435474396,1.1588536500930786,0.21991653740406036,0.4261108636856079,0.21991653740406036,3.334620237350464,2.577451705932617,0.3984653949737549,0.3509942889213562,0.20736494660377502,0.5794268250465393,0.10995826870203018,0.1334826797246933,0.5564121603965759,0.45646151900291443,0.5562113523483276,0.012207777239382267,-0.23741456866264343,0.09343787282705307,0.09343787282705307,0.2278996706008911,-1.4502074718475342,-0.48773443698883057,0.0,-0.13446179777383804,-0.13446179777383804,0.27820608019828796,0.27820608019828796,0.1691054254770279,1.8550466299057007,0.07125575095415115,0.0,0.10910065472126007,0.10910065472126007,0.22823075950145721,0.22823075950145721,0.1686812937259674,0.8519930243492126,-0.2968127131462097,0.0,0.05954946577548981,0.05954946577548981,0.38934794068336487,0.38934794068336487,0.41038987040519714,1.1916465759277344,1.2331974506378174,0.0,-0.021041929721832275,-0.021041929721832275,0.0061038886196911335,0.0061038886196911335,0.22582358121871948,-1.1057207584381104,0.638876736164093,0.0,-0.21971969259902835,-0.21971969259902835,-0.11870728433132172,-0.11870728433132172,0.016993913799524307,-0.7357889413833618,0.5556888580322266,0.0,-0.13570119813084602,-0.13570119813084602
1101,36.7,4,0,0,,4,uneven rough,5,0.0,54.480045318603516,33.385765075683594,0.20565354824066162,1.3207674026489258,0.006650885101407766,1.3207674026489258,0.006650885101407766,6.117546081542969,0.6577590703964233,0.3333333432674408,0.14317555725574493,0.04620737582445145,0.6603837013244629,0.003325442550703883,0.3767412006855011,0.33110320568084717,0.17610803246498108,0.511802077293396,0.20963697135448456,0.1392313539981842,0.263718843460083,0.263718843460083,0.27496737241744995,-0.8248013257980347,0.012324143201112747,0.0,-0.011248528957366943,-0.011248528957366943,0.16555160284042358,0.16555160284042358,-0.002410284709185362,1.9910062551498413,-1.6125730276107788,0.0,0.16796188754960895,0.16796188754960895,0.08805401623249054,0.08805401623249054,0.08874691277742386,-1.1119635105133057,0.9802544713020325,0.0,-0.0006928965449333191,-0.0006928965449333191,0.35826143622398376,0.35826143622398376,0.17111431062221527,1.989508032798767,-0.7168357968330383,0.0,0.1871471256017685,0.1871471256017685,0.10481848567724228,0.10481848567724228,0.11614769697189331,-1.428953766822815,0.73076331615448,0.0,-0.011329211294651031,-0.011329211294651031,0.0696156769990921,0.0696156769990921,0.061925459653139114,1.5115206241607666,1.1353986263275146,0.0,0.007690217345952988,0.007690217345952988
1101,36.7,14,0,0,,4,uneven rough,5,0.0,54.38872146606445,35.989864349365234,0.3599856495857239,1.5232796669006348,-0.7078614830970764,1.5232796669006348,-0.7078614830970764,6.087008953094482,2.7077255249023438,0.3333333432674408,0.4065055847167969,0.22470027208328247,0.7616398334503174,-0.3539307415485382,0.214920312166214,0.4483705461025238,0.3292115330696106,-0.1359987109899521,-0.25097495317459106,-0.2112494856119156,0.15044420957565308,0.15044420957565308,0.12822918593883514,1.987338662147522,-0.9641508460044861,0.0,0.022215023636817932,0.022215023636817932,0.2241852730512619,0.2241852730512619,0.1939174383878708,1.080014705657959,-0.7320912480354309,0.0,0.030267834663391113,0.030267834663391113,0.1646057665348053,0.1646057665348053,0.14693890511989594,-0.19018369913101196,0.3893629014492035,0.0,0.017666861414909363,0.017666861414909363,-0.0951990932226181,-0.0951990932226181,0.15814419090747833,-1.9050953388214111,-0.2664395570755005,0.0,-0.25334328413009644,-0.25334328413009644,-0.4015599191188812,-0.4015599191188812,-0.002748244209215045,0.15983794629573822,-1.3985158205032349,0.0,-0.3988116749096662,-0.3988116749096662,-0.1056247428059578,-0.1056247428059578,-0.08734405785799026,-1.1030882596969604,-0.19708913564682007,0.0,-0.01828068494796753,-0.01828068494796753
1101,36.7,24,0,0,,4,uneven rough,11,0.0,103.6432113647461,38.90436935424805,0.19348552823066711,0.5802173614501953,0.7440880537033081,0.46006762981414795,0.7440880537033081,4.2395710945129395,1.6534651517868042,0.5,0.20894573628902435,0.08597853034734726,0.29010868072509766,0.37204402685165405,0.5591661334037781,0.2838138937950134,0.3222942054271698,0.05899136886000633,0.06495916843414307,-0.3802613317966461,0.3914162814617157,0.3914162814617157,0.2900916635990143,1.994795560836792,-1.0319184064865112,0.0,0.10132461786270142,0.10132461786270142,0.1419069468975067,0.1419069468975067,0.15409095585346222,-1.1904621124267578,1.0798143148422241,0.0,-0.012184008955955505,-0.012184008955955505,0.1611471027135849,0.1611471027135849,0.14146266877651215,-0.7183030843734741,0.3527241051197052,0.0,0.019684433937072754,0.019684433937072754,0.04129395633935928,0.04129395633935928,0.35012897849082947,-1.9999475479125977,1.2097045183181763,0.0,-0.3088350221514702,-0.3088350221514702,0.03247958421707153,0.03247958421707153,0.15712088346481323,-1.7380658388137817,-0.3475218117237091,0.0,-0.1246412992477417,-0.1246412992477417,-0.19013066589832306,-0.19013066589832306,-0.032902803272008896,-1.4922012090682983,-0.1745150089263916,0.0,-0.15722786262631416,-0.15722786262631416
1102,36.733333333333334,4,0,0,,4,uneven rough,5,0.0,54.47657775878906,33.4215087890625,0.208335280418396,0.887248158454895,-0.2446255087852478,0.887248158454895,-0.2446255087852478,4.574019432067871,1.7042829990386963,0.1666666716337204,0.398897260427475,0.06457054615020752,0.4436240792274475,-0.1223127543926239,0.05876239016652107,0.2072986215353012,0.38689517974853516,0.5279833078384399,0.20729875564575195,0.03060085140168667,0.04113367199897766,0.04113367199897766,0.22193127870559692,-1.6104097366333008,-0.4609881043434143,0.0,-0.18079760670661926,-0.18079760670661926,0.1036493107676506,0.1036493107676506,0.06723496317863464,1.7621383666992188,0.424897164106369,0.0,0.03641434758901596,0.03641434758901596,0.19344758987426758,0.19344758987426758,0.09119914472103119,0.9396065473556519,-0.20268931984901428,0.0,0.10224844515323639,0.10224844515323639,0.36958831548690796,0.36958831548690796,0.24211761355400085,1.9590436220169067,0.8133358359336853,0.0,0.1274707019329071,0.1274707019329071,0.10364937782287598,0.10364937782287598,0.13300944864749908,0.5247834920883179,-0.4903446137905121,0.0,-0.029360070824623108,-0.029360070824623108,0.015300425700843334,0.015300425700843334,0.04298081248998642,-1.1822177171707153,1.3480587005615234,0.0,-0.027680386789143085,-0.027680386789143085
1102,36.733333333333334,14,0,0,,4,uneven rough,5,0.0,54.3742561340332,36.03268051147461,0.3491424322128296,0.7886077761650085,-0.11752824485301971,0.7886077761650085,-0.11752824485301971,2.1333277225494385,0.036041319370269775,0.1666666716337204,0.6125322580337524,0.08080025762319565,0.3943038880825043,-0.05876412242650986,0.33352887630462646,0.381439208984375,0.18809562921524048,-0.08535988628864288,0.3552950322628021,-0.6319191455841064,0.23347021639347076,0.23347021639347076,0.19467800855636597,1.9051698446273804,0.7046266198158264,0.0,0.0387922078371048,0.0387922078371048,0.1907196044921875,0.1907196044921875,0.20893222093582153,-0.8206233978271484,0.29247671365737915,0.0,-0.018212616443634033,-0.018212616443634033,0.09404781460762024,0.09404781460762024,0.09144668281078339,-1.114538550376892,0.06168622151017189,0.0,0.002601131796836853,0.002601131796836853,-0.05975192040205002,-0.05975192040205002,0.0911496952176094,-2.009654998779297,-1.1929384469985962,0.0,-0.15090161561965942,-0.15090161561965942,0.17764751613140106,0.17764751613140106,0.049821268767118454,1.7978986501693726,-0.5174198150634766,0.0,0.1278262473642826,0.1278262473642826,-0.3159595727920532,-0.3159595727920532,-0.1479317992925644,-1.2109172344207764,-0.7093426585197449,0.0,-0.16802777349948883,-0.16802777349948883
1102,36.733333333333334,24,0,0,,4,uneven rough,11,0.0,103.63578796386719,38.928104400634766,0.20037707686424255,0.9141312837600708,-0.4204220771789551,0.7882990837097168,-0.4204220771789551,0.8224162459373474,3.33894681930542,0.3333333432674408,0.26471906900405884,0.10661201924085617,0.4570656418800354,-0.21021103858947754,0.4371514916419983,-0.002063122345134616,0.7263643145561218,-0.21732935309410095,0.09906888008117676,-0.6237372756004333,0.3060060441493988,0.3060060441493988,0.32736948132514954,0.2338973730802536,0.679391086101532,0.0,-0.021363437175750732,-0.021363437175750732,-0.003300995798781514,-0.003300995798781514,0.08918207138776779,-1.9999123811721802,-0.20380404591560364,0.0,-0.0924830671865493,-0.0924830671865493,0.3631821572780609,0.3631821572780609,0.1687910258769989,1.2271167039871216,-0.25283658504486084,0.0,0.194391131401062,0.194391131401062,-0.15213054418563843,-0.15213054418563843,0.2983880639076233,-1.2219337224960327,-0.6050384640693665,0.0,-0.4505186080932617,-0.4505186080932617,0.04953444004058838,0.04953444004058838,0.09490800648927689,-1.9704840183258057,-1.1337379217147827,0.0,-0.04537356644868851,-0.04537356644868851,-0.3118686378002167,-0.3118686378002167,-0.04716283082962036,-0.30213144421577454,-0.9195371270179749,0.0,-0.2647058069705963,-0.2647058069705963
1103,36.766666666666666,4,0,0,,4,uneven rough,5,0.0,54.4665412902832,33.454803466796875,0.21167808771133423,1.3338649272918701,0.810332179069519,1.3338649272918701,0.810332179069519,8.196236610412598,10.87598705291748,0.7756303548812866,0.2561675012111664,0.08198707550764084,0.6669324636459351,0.4051660895347595,0.4079302251338959,0.08645359426736832,-0.04419446736574173,0.21043245494365692,0.2044122815132141,-0.011538906022906303,0.28555116057395935,0.28555116057395935,0.2769151031970978,1.9084428548812866,-1.1108731031417847,0.0,0.008636057376861572,0.008636057376861572,0.04322679713368416,0.04322679713368416,0.029510769993066788,-0.270267128944397,1.1809756755828857,0.0,0.01371602714061737,0.01371602714061737,-0.022097233682870865,-0.022097233682870865,0.04229382798075676,-0.9507015347480774,0.4431668221950531,0.0,-0.06439106166362762,-0.06439106166362762,0.14730271697044373,0.14730271697044373,0.18879163265228271,-1.9994895458221436,1.4611210823059082,0.0,-0.04148891568183899,-0.04148891568183899,0.10220614075660706,0.10220614075660706,0.0981113389134407,0.8187918066978455,0.08361063152551651,0.0,0.004094801843166351,0.004094801843166351,-0.005769453011453152,-0.005769453011453152,-0.030926300212740898,-1.6663031578063965,-0.08256413042545319,0.0,0.025156847201287746,0.025156847201287746
1103,36.766666666666666,14,0,0,,4,uneven rough,5,0.0,54.37261962890625,36.076168060302734,0.3253965377807617,0.5499500036239624,-0.2775184214115143,0.5499500036239624,-0.2775184214115143,1.8627634048461914,0.522427499294281,0.1666666716337204,0.7563575506210327,0.18785302340984344,0.2749750018119812,-0.13875921070575714,0.7401905059814453,0.29544925689697266,0.6799719333648682,0.3583003878593445,0.22827011346817017,-0.23542942106723785,0.5181333422660828,0.5181333422660828,0.24840830266475677,1.2288258075714111,1.383415937423706,0.0,0.269725039601326,0.269725039601326,0.14772462844848633,0.14772462844848633,0.1523442417383194,-0.12842001020908356,-0.33687207102775574,0.0,-0.004619613289833069,-0.004619613289833069,0.3399859666824341,0.3399859666824341,0.11290829628705978,-1.9907095432281494,-0.6033533811569214,0.0,0.2270776703953743,0.2270776703953743,0.25081026554107666,0.25081026554107666,0.11044465005397797,1.3867028951644897,-1.6547114849090576,0.0,0.1403656154870987,0.1403656154870987,0.11413505673408508,0.11413505673408508,0.11819511651992798,1.4456504583358765,0.7916653752326965,0.0,-0.0040600597858428955,-0.0040600597858428955,-0.11771471053361893,-0.11771471053361893,-0.10447734594345093,-0.8537629842758179,-0.9929338097572327,0.0,-0.013237364590168,-0.013237364590168
1103,36.766666666666666,24,0,0,,4,uneven rough,11,0.0,103.62886810302734,38.957183837890625,0.20885971188545227,0.538530707359314,0.17706824839115143,0.42865753173828125,0.17706824839115143,1.1020468473434448,2.1454389095306396,0.3333333432674408,0.2210730016231537,0.14134666323661804,0.269265353679657,0.08853412419557571,0.5819350481033325,0.2550053596496582,0.7186164855957031,-0.06730801612138748,0.22101083397865295,-0.4127924144268036,0.40735453367233276,0.40735453367233276,0.3910277485847473,1.9096074104309082,0.427508145570755,0.0,0.01632678508758545,0.01632678508758545,0.1275026798248291,0.1275026798248291,0.13077852129936218,-0.02149166539311409,-1.2193269729614258,0.0,-0.003275841474533081,-0.003275841474533081,0.35930824279785156,0.35930824279785156,0.22665345668792725,1.4427602291107178,0.5839316844940186,0.0,0.13265478610992432,0.13265478610992432,-0.04711560904979706,-0.04711560904979706,0.23376809060573578,-1.7469537258148193,-0.9538321495056152,0.0,-0.28088369965553284,-0.28088369965553284,0.11050541698932648,0.11050541698932648,0.1326080709695816,-0.31300875544548035,-1.6068356037139893,0.0,-0.022102653980255127,-0.022102653980255127,-0.2063962072134018,-0.2063962072134018,-0.08946000784635544,-1.4774919748306274,-0.5704548358917236,0.0,-0.11693619936704636,-0.11693619936704636
1104,36.8,4,0,0,,4,uneven rough,5,0.0,54.45521926879883,33.486961364746094,0.2122313678264618,1.40621018409729,-0.6815007925033569,1.40621018409729,-0.6815007925033569,3.1676108837127686,2.112490653991699,0.5,0.15749025344848633,0.08614656329154968,0.703105092048645,-0.34075039625167847,0.40430909395217896,-0.024567989632487297,0.2684621214866638,-0.10743728280067444,0.022856630384922028,-0.39606043696403503,0.2830163538455963,0.2830163538455963,0.31413641571998596,0.3761062026023865,0.5962535738945007,0.0,-0.03112006187438965,-0.03112006187438965,-0.039308782666921616,-0.039308782666921616,-0.03597153350710869,-1.6674546003341675,0.3604404032230377,0.0,-0.0033372491598129272,-0.0033372491598129272,0.1342310607433319,0.1342310607433319,0.07574974000453949,0.6191793084144592,-0.3449288606643677,0.0,0.05848132073879242,0.05848132073879242,-0.07520609349012375,-0.07520609349012375,0.1308489292860031,-1.257469654083252,-0.4955143928527832,0.0,-0.20605502277612686,-0.20605502277612686,0.011428315192461014,0.011428315192461014,0.042790647596120834,-1.0606645345687866,0.4992833733558655,0.0,-0.03136233240365982,-0.03136233240365982,-0.19803021848201752,-0.19803021848201752,-0.08813122659921646,-1.6225675344467163,-0.9780130386352539,0.0,-0.10989899188280106,-0.10989899188280106
1104,36.8,14,0,0,,4,uneven rough,5,0.0,54.36312484741211,36.11747360229492,0.32761502265930176,1.7135026454925537,-0.627648651599884,1.7135026454925537,-0.627648651599884,4.586023330688477,3.963367462158203,0.5,0.618523120880127,0.19670701026916504,0.8567513227462769,-0.313824325799942,-0.12675678730010986,0.4843304455280304,0.767951488494873,0.8099985718727112,0.440555214881897,0.3009667694568634,-0.08872974663972855,-0.08872974663972855,0.19891129434108734,-2.0002784729003906,1.2960103750228882,0.0,-0.2876410409808159,-0.2876410409808159,0.2421652227640152,0.2421652227640152,0.2219782918691635,1.9993332624435425,-0.21901290118694305,0.0,0.020186930894851685,0.020186930894851685,0.3839757442474365,0.3839757442474365,0.12540408968925476,1.138967752456665,-1.3877670764923096,0.0,0.25857165455818176,0.25857165455818176,0.5669990181922913,0.5669990181922913,0.17274940013885498,1.7972277402877808,0.0649096742272377,0.0,0.3942496180534363,0.3942496180534363,0.2202776074409485,0.2202776074409485,0.18981824815273285,1.91574227809906,1.161429762840271,0.0,0.030459359288215637,0.030459359288215637,0.1504833847284317,0.1504833847284317,-0.054079048335552216,1.7725766897201538,-0.9142463803291321,0.0,0.20456243306398392,0.20456243306398392
1104,36.8,24,0,0,,4,uneven rough,11,0.0,103.61762237548828,38.983516693115234,0.20948022603988647,0.3323209583759308,0.47605523467063904,0.3323209583759308,0.47605523467063904,2.617892265319824,3.484663963317871,0.3333333432674408,0.2088453471660614,0.2077023684978485,0.1661604791879654,0.23802761733531952,0.4932059347629547,0.2611978352069855,0.5366609692573547,-0.08778871595859528,0.5381699800491333,-0.5814589262008667,0.3452441394329071,0.3452441394329071,0.3873468041419983,-1.4284725189208984,1.2654896974563599,0.0,-0.042102664709091187,-0.042102664709091187,0.13059891760349274,0.13059891760349274,0.15385349094867706,-0.22119173407554626,-0.5420687198638916,0.0,-0.023254573345184326,-0.023254573345184326,0.26833048462867737,0.26833048462867737,0.2632150650024414,0.26965683698654175,1.0695148706436157,0.0,0.005115419626235962,0.005115419626235962,-0.06145210191607475,-0.06145210191607475,0.19422726333141327,-0.9932367205619812,-1.4022644758224487,0.0,-0.255679365247488,-0.255679365247488,0.26908499002456665,0.26908499002456665,0.19000773131847382,1.8307629823684692,-0.8753036260604858,0.0,0.07907725870609283,0.07907725870609283,-0.29072946310043335,-0.29072946310043335,-0.1483711153268814,-1.8057379722595215,-1.083295226097107,0.0,-0.14235834777355194,-0.14235834777355194
1105,36.833333333333336,4,0,0,,4,uneven rough,5,0.0,54.453758239746094,33.521732330322266,0.2147059440612793,1.513074278831482,0.4612843096256256,1.513074278831482,0.4612843096256256,2.520116090774536,1.595947265625,0.5,0.3365175127983093,0.1497955322265625,0.756537139415741,0.2306421548128128,0.5823094248771667,-0.32187405228614807,0.6854643225669861,0.23102164268493652,0.5398674011230469,-0.09944095462560654,0.40761658549308777,0.40761658549308777,0.3694731891155243,1.703778624534607,0.4717818796634674,0.0,0.03814339637756348,0.03814339637756348,-0.5149984955787659,-0.5149984955787659,-0.02815815433859825,0.7614345550537109,-0.7861350774765015,0.0,-0.4868403412401676,-0.4868403412401676,0.34273216128349304,0.34273216128349304,0.11084570735692978,1.8399971723556519,0.20017963647842407,0.0,0.23188645392656326,0.23188645392656326,0.16171514987945557,0.16171514987945557,0.1381799429655075,1.0035392045974731,-0.926325261592865,0.0,0.02353520691394806,0.02353520691394806,0.26993370056152344,0.26993370056152344,0.07932119071483612,1.6668552160263062,-0.3827139735221863,0.0,0.19061250984668732,0.19061250984668732,-0.04972047731280327,-0.04972047731280327,-0.10792356729507446,0.6635858416557312,-1.3424452543258667,0.0,0.058203089982271194,0.058203089982271194
1105,36.833333333333336,14,0,0,,4,uneven rough,5,0.0,54.3593864440918,36.15407943725586,0.3313433825969696,1.4554436206817627,0.44887760281562805,1.4554436206817627,0.44887760281562805,7.554852485656738,3.092467784881592,0.5,0.2716415524482727,0.11818452924489975,0.7277218103408813,0.22443880140781403,0.5809465050697327,0.22798682749271393,-0.2999292016029358,0.4833749234676361,0.3082399070262909,0.3741430938243866,0.40666255354881287,0.40666255354881287,0.20862017571926117,1.521154522895813,-0.5677172541618347,0.0,0.1980423778295517,0.1980423778295517,0.11399341374635696,0.11399341374635696,0.1623646318912506,-1.4179201126098633,1.0352439880371094,0.0,-0.048371218144893646,-0.048371218144893646,-0.1499646008014679,-0.1499646008014679,0.05673639476299286,-1.897770881652832,0.04085330665111542,0.0,-0.20670099556446075,-0.20670099556446075,0.338362455368042,0.338362455368042,0.22557206451892853,1.7897274494171143,1.044365406036377,0.0,0.11279039084911346,0.11279039084911346,0.15411995351314545,0.15411995351314545,0.1326000988483429,-1.2908011674880981,1.5879194736480713,0.0,0.02151985466480255,0.02151985466480255,0.1870715469121933,0.1870715469121933,-0.01843998022377491,0.09657743573188782,0.6048882007598877,0.0,0.2055115271359682,0.2055115271359682
1105,36.833333333333336,24,0,0,,4,uneven rough,11,0.0,103.61808776855469,39.01021194458008,0.20485705137252808,0.33484745025634766,1.1475694179534912,0.33484745025634766,1.1475694179534912,1.252676248550415,2.5925655364990234,0.3333333432674408,0.3593651056289673,0.2508849501609802,0.16742372512817383,0.5737847089767456,0.9210242629051208,0.021368933841586113,0.5529277324676514,0.590971827507019,0.32814356684684753,-0.0390249565243721,0.6447169780731201,0.6447169780731201,0.39735594391822815,1.2420364618301392,-0.25768136978149414,0.0,0.24736103415489197,0.24736103415489197,0.010684466920793056,0.010684466920793056,0.08663827180862427,-1.9976601600646973,-0.36064431071281433,0.0,-0.07595380488783121,-0.07595380488783121,0.2764638662338257,0.2764638662338257,0.30107441544532776,0.6325596570968628,0.6172736883163452,0.0,-0.024610549211502075,-0.024610549211502075,0.4136802852153778,0.4136802852153778,0.18797877430915833,0.616938591003418,-1.1709994077682495,0.0,0.22570151090621948,0.22570151090621948,0.16407178342342377,0.16407178342342377,0.17667622864246368,-1.0684266090393066,0.6547112464904785,0.0,-0.012604445219039917,-0.012604445219039917,-0.01951247826218605,-0.01951247826218605,-0.10885950177907944,1.7588008642196655,-1.4917656183242798,0.0,0.08934702351689339,0.08934702351689339
1106,36.86666666666667,4,0,0,,4,uneven rough,5,0.0,54.45297622680664,33.552547454833984,0.22472882270812988,1.5547854900360107,0.37727582454681396,1.5547854900360107,0.37727582454681396,2.9105803966522217,1.7346539497375488,0.5,0.23733797669410706,0.15614205598831177,0.7773927450180054,0.18863791227340698,-0.08115127682685852,0.03641165792942047,0.41318851709365845,0.3208250403404236,0.5149162411689758,-0.025527464225888252,-0.056805893778800964,-0.056805893778800964,0.3196684420108795,-1.9701802730560303,1.1683549880981445,0.0,-0.3764743357896805,-0.3764743357896805,0.018205828964710236,0.018205828964710236,0.028970465064048767,1.2892218828201294,0.0888635590672493,0.0,-0.010764636099338531,-0.010764636099338531,0.20659425854682922,0.20659425854682922,0.15669557452201843,1.2575421333312988,1.1273354291915894,0.0,0.04989868402481079,0.04989868402481079,0.22457753121852875,0.22457753121852875,0.20645037293434143,1.7584565877914429,0.16482356190681458,0.0,0.018127158284187317,0.018127158284187317,0.2574581205844879,0.2574581205844879,0.1464664489030838,1.4731156826019287,0.776116132736206,0.0,0.11099167168140411,0.11099167168140411,-0.012763732112944126,-0.012763732112944126,-0.0515715517103672,2.015031576156616,-0.20823170244693756,0.0,0.03880781959742308,0.03880781959742308
1106,36.86666666666667,14,0,0,,4,uneven rough,5,0.0,54.34978485107422,36.188594818115234,0.3385240137577057,1.469829797744751,-0.32632139325141907,1.469829797744751,-0.32632139325141907,8.10898208618164,3.300752639770508,0.3333333432674408,0.13608339428901672,0.1851838082075119,0.7349148988723755,-0.16316069662570953,-0.3894406259059906,0.17293067276477814,0.6327884793281555,0.558796763420105,-0.0735589936375618,0.14599931240081787,-0.2726084291934967,-0.2726084291934967,0.1639452576637268,-1.9994637966156006,0.613334596157074,0.0,-0.4365536868572235,-0.4365536868572235,0.08646533638238907,0.08646533638238907,0.10667670518159866,-1.6909048557281494,-0.35177940130233765,0.0,-0.020211368799209595,-0.020211368799209595,0.31639423966407776,0.31639423966407776,0.09423507750034332,1.0043684244155884,-1.0552482604980469,0.0,0.22215916216373444,0.22215916216373444,0.39115771651268005,0.39115771651268005,0.29095643758773804,1.9222807884216309,1.4657944440841675,0.0,0.10020127892494202,0.10020127892494202,-0.11769439280033112,-0.11769439280033112,0.05840257927775383,-1.997549057006836,-0.03971436619758606,0.0,-0.17609697207808495,-0.17609697207808495,0.07299965620040894,0.07299965620040894,0.023921238258481026,1.7118968963623047,0.3174884021282196,0.0,0.04907841794192791,0.04907841794192791
1106,36.86666666666667,24,0,0,,4,uneven rough,11,0.0,103.6243896484375,39.03660583496094,0.21139071881771088,0.9885942935943604,0.2720528542995453,0.44166064262390137,0.2720528542995453,1.8510990142822266,0.44218140840530396,0.1666666716337204,0.11443599313497543,0.32461923360824585,0.4942971467971802,0.13602642714977264,-0.05601479113101959,0.6854186058044434,0.5699242949485779,0.43647071719169617,0.1088944599032402,0.10736759006977081,-0.039210353046655655,-0.039210353046655655,0.3492600619792938,-1.8888731002807617,0.5902617573738098,0.0,-0.3884704150259495,-0.3884704150259495,0.3427093029022217,0.3427093029022217,0.09437205642461777,0.9503214359283447,-1.2862160205841064,0.0,0.2483372464776039,0.2483372464776039,0.28496214747428894,0.28496214747428894,0.2921783924102783,-0.6531301736831665,0.6259164214134216,0.0,-0.00721624493598938,-0.00721624493598938,0.30552950501441956,0.30552950501441956,0.25751975178718567,2.00166916847229,-0.16009604930877686,0.0,0.04800975322723389,0.04800975322723389,0.0544472299516201,0.0544472299516201,0.13530348241329193,-1.998914361000061,-0.31955400109291077,0.0,-0.08085625246167183,-0.08085625246167183,0.053683795034885406,0.053683795034885406,-0.05028573423624039,2.0000133514404297,0.3461105227470398,0.0,0.1039695292711258,0.1039695292711258
1107,36.9,4,0,0,,4,uneven rough,5,0.0,54.44828414916992,33.58131408691406,0.23602351546287537,1.571533203125,0.26691916584968567,1.571533203125,0.26691916584968567,7.1396803855896,5.213410377502441,0.5,0.25354769825935364,0.012536905705928802,0.7857666015625,0.13345958292484283,0.3979784846305847,0.26699098944664,-0.032701440155506134,0.4212912321090698,0.2855677604675293,-0.11069312691688538,0.27858492732048035,0.27858492732048035,0.26199862360954285,-0.8479558825492859,-0.6061784625053406,0.0,0.0165863037109375,0.0165863037109375,0.13349549472332,0.13349549472332,0.09516595304012299,1.998920202255249,0.7675483226776123,0.0,0.03832954168319702,0.03832954168319702,-0.016350720077753067,-0.016350720077753067,0.0932854413986206,-1.908769130706787,1.200954556465149,0.0,-0.10963616147637367,-0.10963616147637367,0.29490384459495544,0.29490384459495544,0.2693037986755371,1.323906660079956,1.0658665895462036,0.0,0.025600045919418335,0.025600045919418335,0.14278388023376465,0.14278388023376465,0.15232615172863007,-0.29281511902809143,1.1702009439468384,0.0,-0.009542271494865417,-0.009542271494865417,-0.05534656345844269,-0.05534656345844269,-0.07098201662302017,-0.5792759656906128,1.0488053560256958,0.0,0.015635453164577484,0.015635453164577484
1107,36.9,14,0,0,,4,uneven rough,5,0.0,54.32891082763672,36.224727630615234,0.3562156558036804,1.215909481048584,0.2979346513748169,1.215909481048584,0.2979346513748169,7.817011833190918,3.403707265853882,0.5,0.09247004985809326,0.0879405066370964,0.607954740524292,0.14896732568740845,-0.029684968292713165,0.44559845328330994,0.5890126824378967,0.30770188570022583,-0.0477256178855896,-0.020386414602398872,-0.020779477432370186,-0.020779477432370186,0.10621771961450577,-1.4441217184066772,-0.8639463186264038,0.0,-0.12699719704687595,-0.12699719704687595,0.22279922664165497,0.22279922664165497,0.16443097591400146,1.9287065267562866,-1.108923316001892,0.0,0.0583682507276535,0.0583682507276535,0.29450634121894836,0.29450634121894836,0.13321329653263092,0.12844745814800262,0.10926268994808197,0.0,0.16129304468631744,0.16129304468631744,0.21539132297039032,0.21539132297039032,0.2777462899684906,-1.8757429122924805,1.7238925695419312,0.0,-0.06235496699810028,-0.06235496699810028,-0.07636099308729172,-0.07636099308729172,0.011540940031409264,-1.6723577976226807,-1.1466776132583618,0.0,-0.08790193311870098,-0.08790193311870098,-0.010193207301199436,-0.010193207301199436,0.02553648315370083,-0.3095323145389557,1.1058894395828247,0.0,-0.035729690454900265,-0.035729690454900265
1107,36.9,24,0,0,,4,uneven rough,11,0.0,103.6260757446289,39.06217956542969,0.2247290313243866,0.37416136264801025,0.7094197273254395,0.37416136264801025,0.7094197273254395,3.4957540035247803,1.101062297821045,0.3333333432674408,0.11873535811901093,0.2625461220741272,0.18708068132400513,0.3547098636627197,-0.24958939850330353,0.7602548599243164,0.5941365957260132,0.4605485498905182,-0.051938485354185104,0.3234664797782898,-0.17471258342266083,-0.17471258342266083,0.28847670555114746,-1.532715082168579,-0.8114455342292786,0.0,-0.4631892889738083,-0.4631892889738083,0.3801274299621582,0.3801274299621582,0.15172864496707916,1.8206841945648193,-0.02167375758290291,0.0,0.22839878499507904,0.22839878499507904,0.2970682978630066,0.2970682978630066,0.29198917746543884,-0.3895881175994873,-0.09725881367921829,0.0,0.005079120397567749,0.005079120397567749,0.32238397002220154,0.32238397002220154,0.3236689269542694,2.0088024139404297,1.0621699094772339,0.0,-0.001284956932067871,-0.001284956932067871,-0.08310157805681229,-0.08310157805681229,0.08015631884336472,-1.8268460035324097,-1.269067406654358,0.0,-0.163257896900177,-0.163257896900177,0.1617332398891449,0.1617332398891449,0.01454408373683691,2.0061659812927246,1.281230092048645,0.0,0.147189156152308,0.147189156152308
1108,36.93333333333333,4,0,0,,4,uneven rough,5,0.0,54.444759368896484,33.60728073120117,0.23740848898887634,1.1289559602737427,0.3127552568912506,1.1289559602737427,0.3127552568912506,6.100789546966553,1.7267593145370483,0.1666666716337204,0.40090060234069824,0.060095977038145065,0.5644779801368713,0.1563776284456253,0.18640591204166412,-0.02846677601337433,0.1931583136320114,0.38078951835632324,0.1831001192331314,-0.09814600646495819,0.13048413395881653,0.13048413395881653,0.1987069547176361,-1.771471381187439,-0.7428798675537109,0.0,-0.06822282075881958,-0.06822282075881958,-0.045546840876340866,-0.045546840876340866,0.03263694420456886,-1.1341257095336914,1.4637682437896729,0.0,-0.07818378508090973,-0.07818378508090973,0.0965791568160057,0.0965791568160057,0.08154883980751038,-1.833658218383789,-0.5572887659072876,0.0,0.01503031700849533,0.01503031700849533,0.2665526568889618,0.2665526568889618,0.29556432366371155,-0.02670731022953987,1.2117629051208496,0.0,-0.029011666774749756,-0.029011666774749756,0.0915500596165657,0.0915500596165657,0.09070386737585068,-1.9415031671524048,0.34300902485847473,0.0,0.0008461922407150269,0.0008461922407150269,-0.049073003232479095,-0.049073003232479095,-0.04275810346007347,-1.195307731628418,0.1282852739095688,0.0,-0.006314899772405624,-0.006314899772405624
1108,36.93333333333333,14,0,0,,4,uneven rough,5,0.0,54.307918548583984,36.2630729675293,0.35772112011909485,1.5478603839874268,0.17562314867973328,1.5478603839874268,0.17562314867973328,4.64370059967041,1.0018336772918701,0.5,0.07091797888278961,0.15096323192119598,0.7739301919937134,0.08781157433986664,0.4705071449279785,0.08814705163240433,0.3473777770996094,-0.1305493712425232,0.2803460359573364,-0.49291396141052246,0.32935500144958496,0.32935500144958496,0.14728383719921112,1.9433561563491821,-1.1919785737991333,0.0,0.18207116425037384,0.18207116425037384,0.044073525816202164,0.044073525816202164,0.1582493633031845,-1.943668246269226,0.6085580587387085,0.0,-0.11417583748698235,-0.11417583748698235,0.1736888885498047,0.1736888885498047,0.15471941232681274,0.41058778762817383,0.12010979652404785,0.0,0.018969476222991943,0.018969476222991943,-0.09138455986976624,-0.09138455986976624,0.20758986473083496,-1.9509124755859375,-0.31134775280952454,0.0,-0.2989744246006012,-0.2989744246006012,0.1401730179786682,0.1401730179786682,0.04484877735376358,1.9996885061264038,-1.44389808177948,0.0,0.09532424062490463,0.09532424062490463,-0.24645698070526123,-0.24645698070526123,0.004787411540746689,-0.7641846537590027,0.30560746788978577,0.0,-0.2512443922460079,-0.2512443922460079
1108,36.93333333333333,24,0,0,,4,uneven rough,11,0.0,103.61327362060547,39.08694839477539,0.23452025651931763,0.4956546425819397,0.5069224238395691,0.43471479415893555,0.5069224238395691,6.4191694259643555,3.0085105895996094,0.5,0.1409408450126648,0.20136211812496185,0.24782732129096985,0.25346121191978455,-0.13470391929149628,0.7215880155563354,0.4307081997394562,0.31829017400741577,-0.008920399472117424,-0.014651862904429436,-0.09429274499416351,-0.09429274499416351,0.23953691124916077,-1.0760548114776611,-1.219252586364746,0.0,-0.3338296562433243,-0.3338296562433243,0.3607940077781677,0.3607940077781677,0.21871021389961243,1.9957435131072998,1.0199987888336182,0.0,0.1420837938785553,0.1420837938785553,0.2153540998697281,0.2153540998697281,0.22677449882030487,-2.000000476837158,-0.26254233717918396,0.0,-0.011420398950576782,-0.011420398950576782,0.22280311584472656,0.22280311584472656,0.32710883021354675,-1.24003267288208,1.5973976850509644,0.0,-0.10430571436882019,-0.10430571436882019,-0.014272639527916908,-0.014272639527916908,0.016781480982899666,-1.9224532842636108,-1.5844364166259766,0.0,-0.031054120510816574,-0.031054120510816574,-0.007325931452214718,-0.007325931452214718,0.036449264734983444,0.09661927819252014,1.6911101341247559,0.0,-0.04377519618719816,-0.04377519618719816
1109,36.96666666666667,4,0,0,,4,uneven rough,5,0.0,54.434879302978516,33.63579177856445,0.2498493790626526,1.4531219005584717,-0.7208986282348633,1.4531219005584717,-0.7208986282348633,8.123286247253418,1.6753547191619873,0.3333333432674408,0.49981045722961426,0.1419222205877304,0.7265609502792358,-0.36044931411743164,0.23302248120307922,0.14061729609966278,0.5781255960464478,0.054488811641931534,-0.1942540556192398,-0.15766888856887817,0.1631157398223877,0.1631157398223877,0.17094466090202332,-1.0318020582199097,-1.3244473934173584,0.0,-0.00782892107963562,-0.00782892107963562,0.07030864804983139,0.07030864804983139,0.06161552295088768,0.805976152420044,-0.005085633601993322,0.0,0.00869312509894371,0.00869312509894371,0.2890627980232239,0.2890627980232239,0.11766638606786728,1.7560495138168335,-1.2789503335952759,0.0,0.1713964119553566,0.1713964119553566,0.038142167031764984,0.038142167031764984,0.23313851654529572,-1.9999785423278809,0.5115296244621277,0.0,-0.19499634951353073,-0.19499634951353073,-0.3108064830303192,-0.3108064830303192,0.06033879145979881,-1.4012974500656128,-0.948658287525177,0.0,-0.371145274490118,-0.371145274490118,-0.07883444428443909,-0.07883444428443909,-0.0733485296368599,-0.9152662754058838,-0.620076596736908,0.0,-0.005485914647579193,-0.005485914647579193
1109,36.96666666666667,14,0,0,,4,uneven rough,5,0.0,54.286865234375,36.299713134765625,0.3412390351295471,1.3272440433502197,-0.1088954508304596,1.3272440433502197,-0.1088954508304596,3.182422161102295,2.909703016281128,0.3333333432674408,-0.03294825553894043,0.023956790566444397,0.6636220216751099,-0.0544477254152298,0.6032018661499023,-0.2403346747159958,0.22068902850151062,0.07916884124279022,0.47681087255477905,-0.14085902273654938,0.42224130034446716,0.42224130034446716,0.21236273646354675,2.000002145767212,0.580745279788971,0.0,0.2098785638809204,0.2098785638809204,-0.3845354914665222,-0.3845354914665222,0.09841933846473694,-1.831581950187683,-0.8344752788543701,0.0,-0.48295482993125916,-0.48295482993125916,0.11034451425075531,0.11034451425075531,0.10313016921281815,-1.0023223161697388,0.2843465805053711,0.0,0.007214345037937164,0.007214345037937164,0.055418189615011215,0.055418189615011215,0.14204072952270508,-1.9936693906784058,-1.2383605241775513,0.0,-0.08662253990769386,-0.08662253990769386,0.23840543627738953,0.23840543627738953,0.10895202308893204,1.9996474981307983,0.5031119585037231,0.0,0.1294534131884575,0.1294534131884575,-0.07042951136827469,-0.07042951136827469,-0.049949899315834045,-1.3601714372634888,-0.2992549240589142,0.0,-0.020479612052440643,-0.020479612052440643
1109,36.96666666666667,24,0,0,,4,uneven rough,11,0.0,103.59849548339844,39.11265182495117,0.23205164074897766,0.5277056694030762,0.6619847416877747,0.5277056694030762,0.6619847416877747,3.1108012199401855,0.8990867137908936,0.3333333432674408,0.5114582777023315,0.17029497027397156,0.2638528347015381,0.33099237084388733,0.4596794545650482,0.29562950134277344,0.4495086073875427,-0.1569182425737381,-0.11632905155420303,-0.37787020206451416,0.3217756152153015,0.3217756152153015,0.29089054465293884,1.991147518157959,-1.1382882595062256,0.0,0.03088507056236267,0.03088507056236267,0.14781475067138672,0.14781475067138672,0.17917500436306,-1.9522833824157715,1.5716866254806519,0.0,-0.03136025369167328,-0.03136025369167328,0.22475430369377136,0.22475430369377136,0.18669246137142181,-0.4961559474468231,-1.2449042797088623,0.0,0.03806184232234955,0.03806184232234955,-0.10984276980161667,-0.10984276980161667,0.26300281286239624,-1.694847583770752,-0.006890550255775452,0.0,-0.3728455826640129,-0.3728455826640129,-0.1861264854669571,-0.1861264854669571,-0.054102860391139984,-1.3651131391525269,-1.7755517959594727,0.0,-0.1320236250758171,-0.1320236250758171,-0.18893510103225708,-0.18893510103225708,0.01545441709458828,0.27735668420791626,0.7895821332931519,0.0,-0.20438951812684536,-0.20438951812684536
1110,37.0,4,0,0,,4,uneven rough,5,0.0,54.43134307861328,33.66311264038086,0.2625163197517395,0.9336786270141602,-0.34915396571159363,0.9336786270141602,-0.34915396571159363,5.907505989074707,0.1984161138534546,0.3333333432674408,0.5047997236251831,0.19031022489070892,0.4668393135070801,-0.17457698285579681,0.5662798881530762,0.13788913190364838,0.40009623765945435,-0.4866796135902405,-0.015325002372264862,-0.5104503035545349,0.3963959217071533,0.3963959217071533,0.20993898808956146,1.8125332593917847,-1.1589852571487427,0.0,0.18645693361759186,0.18645693361759186,0.06894456595182419,0.06894456595182419,0.07615827023983002,-0.45768478512763977,0.45349016785621643,0.0,-0.007213704288005829,-0.007213704288005829,0.20004811882972717,0.20004811882972717,0.1584734469652176,0.5515109896659851,0.43704402446746826,0.0,0.04157467186450958,0.04157467186450958,-0.3406757116317749,-0.3406757116317749,0.16182877123355865,-1.9994573593139648,-0.9084815979003906,0.0,-0.5025044828653336,-0.5025044828653336,-0.02452000416815281,-0.02452000416815281,-0.0027189713437110186,-1.6607180833816528,-1.2045812606811523,0.0,-0.02180103282444179,-0.02180103282444179,-0.25522515177726746,-0.25522515177726746,-0.11219573020935059,1.2983866930007935,-0.7869774103164673,0.0,-0.14302942156791687,-0.14302942156791687
1110,37.0,14,0,0,,4,uneven rough,5,0.0,54.271270751953125,36.33931350708008,0.3277833163738251,0.9384051561355591,0.22861970961093903,0.9384051561355591,0.22861970961093903,4.860409736633301,0.0,0.0,-0.20993272960186005,0.05100518465042114,0.46920257806777954,0.11430985480546951,0.5990196466445923,-0.14329612255096436,0.527188241481781,0.2030724734067917,0.2822459638118744,-0.11434392631053925,0.4193137586116791,0.4193137586116791,0.27602896094322205,1.792019248008728,1.3831956386566162,0.0,0.14328479766845703,0.14328479766845703,-0.22927379608154297,-0.22927379608154297,0.050468914210796356,-0.4983693063259125,-1.3982411623001099,0.0,-0.2797427102923393,-0.2797427102923393,0.2635941207408905,0.2635941207408905,0.12010559439659119,0.2060689777135849,-0.44313833117485046,0.0,0.14348852634429932,0.14348852634429932,0.14215072989463806,0.14215072989463806,0.11736749857664108,0.26969462633132935,-1.665413498878479,0.0,0.02478323131799698,0.02478323131799698,0.1411229819059372,0.1411229819059372,0.13093458116054535,-0.3035277724266052,1.3492558002471924,0.0,0.010188400745391846,0.010188400745391846,-0.05717196315526962,-0.05717196315526962,-0.06059388443827629,-0.554082453250885,-0.8990989923477173,0.0,0.003421921283006668,0.003421921283006668
1110,37.0,24,0,0,,4,uneven rough,11,0.0,103.5854263305664,39.14145278930664,0.21662448346614838,0.8401771783828735,-0.604921817779541,0.5111308097839355,-0.604921817779541,1.1978280544281006,3.6934752464294434,0.3333333432674408,0.507515549659729,0.11540378630161285,0.42008858919143677,-0.3024609088897705,0.4277273118495941,0.12852489948272705,0.6617345213890076,-0.07028669118881226,0.08576300740242004,-0.20658645033836365,0.2994091212749481,0.2994091212749481,0.32547202706336975,-0.6792953014373779,0.6311003565788269,0.0,-0.02606290578842163,-0.02606290578842163,0.06426244974136353,0.06426244974136353,0.11998313665390015,-2.0117037296295166,-0.42077234387397766,0.0,-0.05572068691253662,-0.05572068691253662,0.3308672606945038,0.3308672606945038,0.22151443362236023,0.16361506283283234,-0.8215606212615967,0.0,0.10935282707214355,0.10935282707214355,-0.04920068383216858,-0.04920068383216858,0.20808343589305878,-0.8916727304458618,-0.9612644910812378,0.0,-0.25728411972522736,-0.25728411972522736,0.04288150370121002,0.04288150370121002,0.007253429852426052,2.0221383571624756,-1.5434890985488892,0.0,0.03562807384878397,0.03562807384878397,-0.10329322516918182,-0.10329322516918182,0.01572958379983902,0.01634398102760315,0.499968945980072,0.0,-0.11902280896902084,-0.11902280896902084
1111,37.03333333333333,4,0,0,,4,uneven rough,5,0.0,54.415225982666016,33.68932342529297,0.2668387293815613,1.2957102060317993,-1.5996694564819336,1.2957102060317993,-1.5996694564819336,3.3631834983825684,4.32279109954834,0.3333333432674408,0.2759284973144531,0.028388049453496933,0.6478551030158997,-0.7998347282409668,0.09372013807296753,0.5963355302810669,0.24033261835575104,-0.2588333189487457,0.6217748522758484,-0.4246467649936676,0.06560409814119339,0.06560409814119339,0.17610326409339905,-1.7703243494033813,0.5211166143417358,0.0,-0.11049916595220566,-0.11049916595220566,0.29816776514053345,0.29816776514053345,0.14263604581356049,1.5621750354766846,-0.06168977543711662,0.0,0.15553171932697296,0.15553171932697296,0.12016630917787552,0.12016630917787552,0.10754717141389847,-0.39806050062179565,0.5017638206481934,0.0,0.01261913776397705,0.01261913776397705,-0.181183323264122,-0.181183323264122,0.12590639293193817,-1.6660321950912476,-1.5253212451934814,0.0,-0.3070897161960602,-0.3070897161960602,0.3108874261379242,0.3108874261379242,0.04830758646130562,1.9846813678741455,-1.4624818563461304,0.0,0.2625798396766186,0.2625798396766186,-0.2123233824968338,-0.2123233824968338,-0.16445745527744293,-2.003169298171997,0.39209121465682983,0.0,-0.04786592721939087,-0.04786592721939087
1111,37.03333333333333,14,0,0,,4,uneven rough,5,0.0,54.253761291503906,36.377235412597656,0.33078595995903015,1.3137600421905518,-0.37327563762664795,1.3137600421905518,-0.37327563762664795,2.448641061782837,1.1077653169631958,0.3333333432674408,-0.275767058134079,0.10784822702407837,0.6568800210952759,-0.18663781881332397,-0.021021643653512,-0.08050741255283356,0.6272398233413696,0.49048352241516113,0.47720375657081604,-0.14767934381961823,-0.014715149998664856,-0.014715149998664856,0.22088207304477692,-1.984061360359192,1.6143453121185303,0.0,-0.23559722304344177,-0.23559722304344177,-0.12881186604499817,-0.12881186604499817,0.061638932675123215,1.3287063837051392,-0.8894519805908203,0.0,-0.19045079872012138,-0.19045079872012138,0.3136199116706848,0.3136199116706848,0.1518939733505249,1.5150887966156006,-0.07607535272836685,0.0,0.1617259383201599,0.1617259383201599,0.3433384597301483,0.3433384597301483,0.18328644335269928,1.9641728401184082,-0.5712998509407043,0.0,0.16005201637744904,0.16005201637744904,0.23860187828540802,0.23860187828540802,0.1501513570547104,1.9503132104873657,0.4147690236568451,0.0,0.08845052123069763,0.08845052123069763,-0.07383967190980911,-0.07383967190980911,-0.07282114028930664,-0.45781946182250977,-0.7040260434150696,0.0,-0.001018531620502472,-0.001018531620502472
1111,37.03333333333333,24,0,0,,4,uneven rough,11,0.0,103.57056427001953,39.17120361328125,0.20684662461280823,0.7668585181236267,0.23336172103881836,0.41083574295043945,0.23336172103881836,0.6574611663818359,2.2964837551116943,0.3333333432674408,0.28096136450767517,0.09932887554168701,0.38342925906181335,0.11668086051940918,0.7849683165550232,0.22218985855579376,-0.1333654671907425,0.06803096830844879,0.3581324815750122,0.5463484525680542,0.5494778156280518,0.5494778156280518,0.3848211169242859,1.9999678134918213,-0.10979968309402466,0.0,0.16465669870376587,0.16465669870376587,0.11109492927789688,0.11109492927789688,0.12647560238838196,1.1500667333602905,-1.320287823677063,0.0,-0.015380673110485077,-0.015380673110485077,-0.06668273359537125,-0.06668273359537125,0.15800534188747406,-1.9989160299301147,-0.26454052329063416,0.0,-0.2246880754828453,-0.2246880754828453,0.047621678560972214,0.047621678560972214,0.13977161049842834,-1.9478461742401123,-0.921917200088501,0.0,-0.09214993193745613,-0.09214993193745613,0.1790662407875061,0.1790662407875061,0.06831344962120056,1.192234754562378,0.4725230634212494,0.0,0.11075279116630554,0.11075279116630554,0.2731742262840271,0.2731742262840271,0.07394228875637054,2.0005831718444824,0.22652651369571686,0.0,0.19923193752765656,0.19923193752765656
1112,37.06666666666666,4,0,0,,4,uneven rough,5,0.0,54.41068649291992,33.71412658691406,0.2588198781013489,1.1346417665481567,1.0228441953659058,1.1346417665481567,1.0228441953659058,3.9505558013916016,0.8590741157531738,0.1666666716337204,0.5430097579956055,0.23145699501037598,0.5673208832740784,0.5114220976829529,0.8751600980758667,-0.10302679985761642,0.36923015117645264,0.4847090244293213,0.1781957596540451,-0.26121509075164795,0.6126120686531067,0.6126120686531067,0.16099336743354797,-0.14477357268333435,-0.7744682431221008,0.0,0.4516187012195587,0.4516187012195587,-0.164842888712883,-0.164842888712883,0.08984580636024475,-1.236566185951233,0.8564463257789612,0.0,-0.25468869507312775,-0.25468869507312775,0.18461507558822632,0.18461507558822632,0.15408840775489807,-1.1402958631515503,-0.006998456548899412,0.0,0.030526667833328247,0.030526667833328247,0.3392963111400604,0.3392963111400604,0.13054661452770233,1.650701880455017,-1.6048794984817505,0.0,0.2087496966123581,0.2087496966123581,0.08909787982702255,0.08909787982702255,0.08949775248765945,0.16024264693260193,0.4865504205226898,0.0,-0.00039987266063690186,-0.00039987266063690186,-0.13060754537582397,-0.13060754537582397,-0.12628835439682007,-0.36069461703300476,-0.9621933698654175,0.0,-0.004319190979003906,-0.004319190979003906
1112,37.06666666666666,14,0,0,,4,uneven rough,5,0.0,54.237403869628906,36.414791107177734,0.3346448242664337,1.4913718700408936,0.4510509669780731,1.4913718700408936,0.4510509669780731,6.929248809814453,4.951547145843506,0.3333333432674408,-0.22985509037971497,0.007706622593104839,0.7456859350204468,0.22552548348903656,0.6283265352249146,-0.11410936713218689,-0.030772462487220764,0.20153623819351196,0.5521789789199829,-0.08695922046899796,0.4398285746574402,0.4398285746574402,0.27438318729400635,1.8550050258636475,-0.42020028829574585,0.0,0.16544538736343384,0.16544538736343384,-0.18257498741149902,-0.18257498741149902,0.04731180891394615,0.3541240990161896,0.36469873785972595,0.0,-0.22988679632544518,-0.22988679632544518,-0.015386231243610382,-0.015386231243610382,0.09092438966035843,-1.9268001317977905,0.8235716819763184,0.0,-0.10631062090396881,-0.10631062090396881,0.14107535779476166,0.14107535779476166,0.14801329374313354,-1.3616642951965332,0.8622609376907349,0.0,-0.006937935948371887,-0.006937935948371887,0.27608948945999146,0.27608948945999146,0.1766669899225235,1.9166669845581055,1.2829684019088745,0.0,0.09942249953746796,0.09942249953746796,-0.04347961023449898,-0.04347961023449898,-0.053584691137075424,1.3361330032348633,-0.564820408821106,0.0,0.010105080902576447,0.010105080902576447
1112,37.06666666666666,24,0,0,,4,uneven rough,11,0.0,103.56219482421875,39.20368576049805,0.1966511607170105,1.0279977321624756,0.3494050204753876,0.9534938335418701,0.3494050204753876,4.817661285400391,0.10153774917125702,0.1666666716337204,0.38069379329681396,0.13193517923355103,0.5139988660812378,0.1747025102376938,0.6166333556175232,0.3514193892478943,0.2511814534664154,0.4095188081264496,0.23556707799434662,0.13479679822921753,0.4316433370113373,0.4316433370113373,0.4144975244998932,1.162367820739746,1.0830665826797485,0.0,0.017145812511444092,0.017145812511444092,0.17570969462394714,0.17570969462394714,0.18372760713100433,0.865483820438385,0.07645507156848907,0.0,-0.00801791250705719,-0.00801791250705719,0.1255907267332077,0.1255907267332077,0.10541761666536331,-0.6510234475135803,-1.2451595067977905,0.0,0.02017311006784439,0.02017311006784439,0.2866631746292114,0.2866631746292114,0.18085893988609314,1.8698116540908813,-1.5019792318344116,0.0,0.10580423474311829,0.10580423474311829,0.11778353899717331,0.11778353899717331,0.11343700438737869,0.04429410398006439,0.8794493675231934,0.0,0.004346534609794617,0.004346534609794617,0.06739839911460876,0.06739839911460876,0.07771734148263931,-0.6035572290420532,1.229581356048584,0.0,-0.010318942368030548,-0.010318942368030548
1113,37.1,4,0,0,,4,uneven rough,5,0.0,54.40440368652344,33.739688873291016,0.26187995076179504,1.590196967124939,-0.3274330794811249,1.590196967124939,-0.3274330794811249,7.3548502922058105,4.949481964111328,0.5,0.290106862783432,0.10693838447332382,0.7950984835624695,-0.16371653974056244,-0.11393799632787704,0.11083165556192398,0.5033388733863831,0.4570181965827942,0.39530035853385925,0.31272271275520325,-0.07975659519433975,-0.07975659519433975,0.09924422204494476,-1.9360171556472778,-0.41843774914741516,0.0,-0.17900081723928452,-0.17900081723928452,0.05541582778096199,0.05541582778096199,0.09391983598470688,-0.2920942008495331,-0.3269467055797577,0.0,-0.03850400820374489,-0.03850400820374489,0.25166943669319153,0.25166943669319153,0.18744800984859467,1.4814752340316772,-0.6477668285369873,0.0,0.06422142684459686,0.06422142684459686,0.31991273164749146,0.31991273164749146,0.1913342922925949,1.7862107753753662,0.23583205044269562,0.0,0.12857843935489655,0.12857843935489655,0.19765017926692963,0.19765017926692963,0.13933362066745758,1.686672329902649,0.3020554184913635,0.0,0.058316558599472046,0.058316558599472046,0.15636135637760162,0.15636135637760162,-0.10201864689588547,1.133267879486084,-0.6221048831939697,0.0,0.2583800032734871,0.2583800032734871
1113,37.1,14,0,0,,4,uneven rough,5,0.0,54.22014617919922,36.452877044677734,0.339565247297287,1.6292668581008911,-0.8128979802131653,1.6292668581008911,-0.8128979802131653,8.187849998474121,5.516698360443115,0.3333333432674408,-0.4304885268211365,0.11521309614181519,0.8146334290504456,-0.40644899010658264,0.23076395690441132,0.31717583537101746,0.16447032988071442,0.25020408630371094,0.6682882308959961,-0.4983423054218292,0.16153477132320404,0.16153477132320404,0.2234661728143692,-1.9990379810333252,0.8662048578262329,0.0,-0.06193140149116516,-0.06193140149116516,0.15858791768550873,0.15858791768550873,0.11453337222337723,1.990192174911499,0.3587198257446289,0.0,0.0440545454621315,0.0440545454621315,0.08223516494035721,0.08223516494035721,0.07356758415699005,0.5639790892601013,-0.7314934730529785,0.0,0.008667580783367157,0.008667580783367157,0.17514285445213318,0.17514285445213318,0.19726309180259705,1.0313522815704346,-0.39515039324760437,0.0,-0.022120237350463867,-0.022120237350463867,0.33414411544799805,0.33414411544799805,0.24323636293411255,1.999999761581421,1.6412627696990967,0.0,0.0909077525138855,0.0909077525138855,-0.2491711527109146,-0.2491711527109146,-0.10502609610557556,-1.8292837142944336,0.5099820494651794,0.0,-0.14414505660533905,-0.14414505660533905
1113,37.1,24,0,0,,4,uneven rough,11,0.0,103.55467224121094,39.23301315307617,0.18397223949432373,0.8403348326683044,-0.10464172065258026,0.45771050453186035,-0.10464172065258026,2.220505714416504,0.45038819313049316,0.1666666716337204,0.23992282152175903,0.12860462069511414,0.4201674163341522,-0.05232086032629013,0.08018118888139725,0.11314425617456436,0.5623800754547119,0.5112360715866089,0.3288578391075134,-0.10176660865545273,0.05612683296203613,0.05612683296203613,0.38739117980003357,-1.548265814781189,1.127903699874878,0.0,-0.33126434683799744,-0.33126434683799744,0.05657212808728218,0.05657212808728218,0.17389920353889465,-1.4379973411560059,0.5225733518600464,0.0,-0.11732707545161247,-0.11732707545161247,0.28119003772735596,0.28119003772735596,0.1015481948852539,-0.6070681214332581,-0.9092338681221008,0.0,0.17964184284210205,0.17964184284210205,0.35786524415016174,0.35786524415016174,0.2513023912906647,2.000204563140869,0.404437392950058,0.0,0.10656285285949707,0.10656285285949707,0.1644289195537567,0.1644289195537567,0.12785586714744568,1.4748599529266357,0.4072510898113251,0.0,0.036573052406311035,0.036573052406311035,-0.050883304327726364,-0.050883304327726364,0.033777400851249695,-1.7300235033035278,0.193121537566185,0.0,-0.08466070517897606,-0.08466070517897606
1114,37.13333333333333,4,0,0,,4,uneven rough,5,0.0,54.4000244140625,33.76582336425781,0.269577294588089,1.5275126695632935,0.6983502507209778,1.5275126695632935,0.6983502507209778,8.790775299072266,7.267568588256836,0.5,0.261337012052536,0.09040039032697678,0.7637563347816467,0.3491751253604889,0.45711222290992737,0.2243008315563202,-0.3915603458881378,0.25663042068481445,0.1724807769060135,0.3560310900211334,0.3199785649776459,0.3199785649776459,0.14839476346969604,1.5903719663619995,-1.2764798402786255,0.0,0.17158380150794983,0.17158380150794983,0.1121504157781601,0.1121504157781601,0.07822518050670624,1.244181752204895,-0.3072410523891449,0.0,0.03392523527145386,0.03392523527145386,-0.1957801729440689,-0.1957801729440689,0.12976482510566711,-1.999908208847046,0.5561104416847229,0.0,-0.325544998049736,-0.325544998049736,0.17964129149913788,0.17964129149913788,0.1523485630750656,-0.9564924240112305,1.1124190092086792,0.0,0.027292728424072266,0.027292728424072266,0.08624038845300674,0.08624038845300674,0.1089203730225563,-0.5322664380073547,1.0849202871322632,0.0,-0.02267998456954956,-0.02267998456954956,0.1780155450105667,0.1780155450105667,-0.07565320283174515,0.8683386445045471,0.3703860342502594,0.0,0.25366874784231186,0.25366874784231186
1114,37.13333333333333,14,0,0,,4,uneven rough,5,0.0,54.21087646484375,36.49209213256836,0.33462274074554443,1.0517383813858032,1.3670179843902588,1.0517383813858032,1.3670179843902588,5.1822099685668945,0.0,0.0,-0.3706112504005432,0.17595720291137695,0.5258691906929016,0.6835089921951294,0.87431800365448,0.010546930134296417,-0.09664133191108704,0.48802241683006287,0.43131375312805176,0.06491538137197495,0.6120225787162781,0.6120225787162781,0.22961735725402832,0.8967722058296204,-0.7538085579872131,0.0,0.38240522146224976,0.38240522146224976,0.005273465067148209,0.005273465067148209,0.058769986033439636,-0.6606265306472778,1.2811572551727295,0.0,-0.05349652096629143,-0.05349652096629143,-0.04832066595554352,-0.04832066595554352,0.010448274202644825,-1.9899990558624268,0.0009690341539680958,0.0,-0.05876894015818834,-0.05876894015818834,0.3416156768798828,0.3416156768798828,0.2433461993932724,1.9633183479309082,0.4113967716693878,0.0,0.09826947748661041,0.09826947748661041,0.21565687656402588,0.21565687656402588,0.18999619781970978,-1.9782893657684326,1.8440933227539062,0.0,0.0256606787443161,0.0256606787443161,0.03245769068598747,0.03245769068598747,-0.061075665056705475,1.8721489906311035,-0.8126429915428162,0.0,0.09353335574269295,0.09353335574269295
1114,37.13333333333333,24,0,0,,4,uneven rough,11,0.0,103.55523681640625,39.26398849487305,0.1867595762014389,0.664271891117096,0.4356447756290436,0.422094464302063,0.4356447756290436,2.4934709072113037,1.197185754776001,0.5,-0.01814461313188076,0.11674591153860092,0.332135945558548,0.2178223878145218,0.6704874038696289,0.303493469953537,0.6002434492111206,0.668010950088501,0.07988221198320389,0.32692480087280273,0.4693411886692047,0.4693411886692047,0.4049362540245056,1.5808097124099731,-0.38520732522010803,0.0,0.0644049346446991,0.0644049346446991,0.1517467349767685,0.1517467349767685,0.1273726373910904,-0.4373128116130829,-0.5859368443489075,0.0,0.0243740975856781,0.0243740975856781,0.3001217246055603,0.3001217246055603,0.14216309785842896,1.4055904150009155,-0.7383888363838196,0.0,0.15795862674713135,0.15795862674713135,0.46760764718055725,0.46760764718055725,0.29319143295288086,1.381212830543518,1.3066869974136353,0.0,0.1744162142276764,0.1744162142276764,0.039941105991601944,0.039941105991601944,0.10387235134840012,-1.539685845375061,1.0108790397644043,0.0,-0.06393124535679817,-0.06393124535679817,0.16346240043640137,0.16346240043640137,0.09252768009901047,1.9925875663757324,-0.8942281007766724,0.0,0.0709347203373909,0.0709347203373909
1115,37.166666666666664,4,0,0,,4,uneven rough,5,0.0,54.39145278930664,33.79182052612305,0.28248274326324463,1.2723042964935303,-0.314710408449173,1.2723042964935303,-0.314710408449173,5.819689750671387,0.18788465857505798,0.1666666716337204,0.2740877866744995,0.08298109471797943,0.6361521482467651,-0.1573552042245865,-0.1456158459186554,0.41530606150627136,0.26879221200942993,0.11326924711465836,0.06611519306898117,-0.06990256160497665,-0.10193108767271042,-0.10193108767271042,0.11872829496860504,-1.6639585494995117,0.34444329142570496,0.0,-0.22065938264131546,-0.22065938264131546,0.20765303075313568,0.20765303075313568,0.14300993084907532,2.00000262260437,0.5699361562728882,0.0,0.06464309990406036,0.06464309990406036,0.13439610600471497,0.13439610600471497,0.12368615716695786,0.37677162885665894,-0.8890671133995056,0.0,0.01070994883775711,0.01070994883775711,0.07928847521543503,0.07928847521543503,0.11456005275249481,-1.6715084314346313,-0.05734723061323166,0.0,-0.035271577537059784,-0.035271577537059784,0.033057596534490585,0.033057596534490585,0.05536091327667236,-2.0031871795654297,0.17056001722812653,0.0,-0.022303316742181778,-0.022303316742181778,-0.03495128080248833,-0.03495128080248833,-0.027079826220870018,0.8660771250724792,0.6519293189048767,0.0,-0.007871454581618309,-0.007871454581618309
1115,37.166666666666664,14,0,0,,4,uneven rough,5,0.0,54.198028564453125,36.53305435180664,0.346199095249176,1.7800588607788086,-0.29343175888061523,1.7800588607788086,-0.29343175888061523,9.150887489318848,3.335961103439331,0.3333333432674408,-0.04781682416796684,0.24715468287467957,0.8900294303894043,-0.14671587944030762,-0.3902968764305115,0.4169606864452362,0.6612614393234253,0.3952081799507141,-0.009450936689972878,0.31865963339805603,-0.27320781350135803,-0.27320781350135803,0.1848665475845337,-1.601456880569458,0.17943276464939117,0.0,-0.4580743610858917,-0.4580743610858917,0.2084803432226181,0.2084803432226181,0.12242691963911057,2.0000007152557373,0.183269202709198,0.0,0.08605342358350754,0.08605342358350754,0.33063071966171265,0.33063071966171265,0.06930047273635864,1.9326908588409424,-1.1247278451919556,0.0,0.261330246925354,0.261330246925354,0.2766457200050354,0.2766457200050354,0.292142778635025,0.5192501544952393,1.288856029510498,0.0,-0.015497058629989624,-0.015497058629989624,-0.015121499076485634,-0.015121499076485634,0.15725679695606232,-1.7343393564224243,-0.3170887231826782,0.0,-0.17237829603254795,-0.17237829603254795,0.15932981669902802,0.15932981669902802,-0.022750647738575935,1.988144874572754,0.7053431868553162,0.0,0.18208046443760395,0.18208046443760395
1115,37.166666666666664,24,0,0,,4,uneven rough,11,0.0,103.55318450927734,39.29508972167969,0.19422206282615662,0.9207697510719299,-0.4626365602016449,0.4197194576263428,-0.4626365602016449,1.6516931056976318,1.375423789024353,0.3333333432674408,-0.24746954441070557,0.17851722240447998,0.46038487553596497,-0.23131828010082245,-0.2759169638156891,0.7119466066360474,0.6910316348075867,0.5068783760070801,0.23986651003360748,-0.07833336293697357,-0.1931418776512146,-0.1931418776512146,0.37134161591529846,-1.4277992248535156,0.7263822555541992,0.0,-0.5644834935665131,-0.5644834935665131,0.3559733033180237,0.3559733033180237,0.19109253585338593,1.2529512643814087,-0.5019045472145081,0.0,0.16488076746463776,0.16488076746463776,0.34551581740379333,0.34551581740379333,0.19873568415641785,1.3320026397705078,0.47382086515426636,0.0,0.1467801332473755,0.1467801332473755,0.3548148572444916,0.3548148572444916,0.3627098500728607,1.6693155765533447,1.3488240242004395,0.0,-0.00789499282836914,-0.00789499282836914,0.11993325501680374,0.11993325501680374,0.14507567882537842,0.4503377377986908,-0.4312148988246918,0.0,-0.025142423808574677,-0.025142423808574677,-0.039166681468486786,-0.039166681468486786,0.0944904237985611,-0.8762931227684021,0.7379826307296753,0.0,-0.13365710526704788,-0.13365710526704788
1116,37.2,4,0,0,,4,uneven rough,5,0.0,54.3841552734375,33.82081985473633,0.28814801573753357,1.1783466339111328,0.02525513432919979,1.1783466339111328,0.02525513432919979,6.131402015686035,0.0,0.0,0.44719767570495605,0.2451629489660263,0.5891733169555664,0.012627567164599895,0.4430519640445709,0.39716944098472595,0.6291697025299072,-0.2626895606517792,0.05160696804523468,-0.4761301875114441,0.3101363778114319,0.3101363778114319,0.1629655808210373,1.9600796699523926,-0.7911106944084167,0.0,0.1471707969903946,0.1471707969903946,0.19858472049236298,0.19858472049236298,0.19918164610862732,0.635617196559906,1.3784983158111572,0.0,-0.0005969256162643433,-0.0005969256162643433,0.3145848512649536,0.3145848512649536,0.1567380279302597,0.2001274824142456,-0.17335960268974304,0.0,0.1578468233346939,0.1578468233346939,-0.1838826835155487,-0.1838826835155487,0.0491076335310936,-1.9385634660720825,-0.9699968695640564,0.0,-0.2329903170466423,-0.2329903170466423,0.02580348402261734,0.02580348402261734,0.030228935182094574,-0.035556960850954056,-1.0584805011749268,0.0,-0.004425451159477234,-0.004425451159477234,-0.23806509375572205,-0.23806509375572205,-0.00890361052006483,0.8109459280967712,0.7730088829994202,0.0,-0.22916148323565722,-0.22916148323565722
1116,37.2,14,0,0,,4,uneven rough,5,0.0,54.17357635498047,36.566558837890625,0.35291796922683716,1.1234216690063477,0.7204799056053162,1.1234216690063477,0.7204799056053162,5.878386497497559,1.1913808584213257,0.1666666716337204,0.0697115883231163,0.139995738863945,0.5617108345031738,0.3602399528026581,-0.18880292773246765,0.6598588824272156,0.515322208404541,0.2800985872745514,0.2889764606952667,-0.06253277510404587,-0.13216204941272736,-0.13216204941272736,0.13042812049388885,-1.9418931007385254,-0.8274854421615601,0.0,-0.2625901699066162,-0.2625901699066162,0.3299294412136078,0.3299294412136078,0.18934914469718933,1.9866995811462402,1.2104524374008179,0.0,0.14058029651641846,0.14058029651641846,0.2576611042022705,0.2576611042022705,0.13273625075817108,1.6035672426223755,0.6039421558380127,0.0,0.12492485344409943,0.12492485344409943,0.19606900215148926,0.19606900215148926,0.24684558808803558,-2.0086960792541504,0.8537194728851318,0.0,-0.050776585936546326,-0.050776585936546326,0.14448823034763336,0.14448823034763336,0.14046190679073334,0.2783527970314026,-1.118404746055603,0.0,0.004026323556900024,0.004026323556900024,-0.031266387552022934,-0.031266387552022934,0.011649902909994125,-0.3250318765640259,1.430641531944275,0.0,-0.04291629046201706,-0.04291629046201706
1116,37.2,24,0,0,,4,uneven rough,11,0.0,103.54470825195312,39.31880569458008,0.18516236543655396,-0.07000180333852768,1.0015357732772827,-0.07000180333852768,1.0015357732772827,2.927351951599121,1.1957910060882568,0.3333333432674408,-0.35069966316223145,0.19855134189128876,-0.03500090166926384,0.5007678866386414,0.47326594591140747,0.22079001367092133,0.2919174134731293,0.5113171339035034,0.2774713337421417,-0.12079016119241714,0.33128616213798523,0.33128616213798523,0.3370392322540283,-0.12458571791648865,-0.4915958046913147,0.0,-0.005753070116043091,-0.005753070116043091,0.11039500683546066,0.11039500683546066,0.13475540280342102,-1.625340461730957,0.49029406905174255,0.0,-0.024360395967960358,-0.024360395967960358,0.14595870673656464,0.14595870673656464,0.14447163045406342,-1.2512660026550293,0.9590383768081665,0.0,0.0014870762825012207,0.0014870762825012207,0.3579219877719879,0.3579219877719879,0.37954872846603394,-0.7605829238891602,1.5300304889678955,0.0,-0.02162674069404602,-0.02162674069404602,0.13873566687107086,0.13873566687107086,0.12217526137828827,1.0684360265731812,0.06721653789281845,0.0,0.016560405492782593,0.016560405492782593,-0.06039508059620857,-0.06039508059620857,0.042079851031303406,-1.8254019021987915,-0.1747317910194397,0.0,-0.10247493162751198,-0.10247493162751198
1117,37.233333333333334,4,0,0,,4,uneven rough,5,0.0,54.381587982177734,33.85183334350586,0.2765459418296814,1.3889349699020386,-0.7358081936836243,1.3889349699020386,-0.7358081936836243,5.494786739349365,5.109943389892578,0.3333333432674408,0.2410019338130951,0.058849088847637177,0.6944674849510193,-0.36790409684181213,0.2149105668067932,-0.1298956722021103,0.4965904653072357,0.09724839776754379,0.7583394646644592,-0.24026475846767426,0.1504373997449875,0.1504373997449875,0.1577504426240921,-0.2341039925813675,0.764417290687561,0.0,-0.007313042879104614,-0.007313042879104614,-0.20783308148384094,-0.20783308148384094,0.1369764655828476,-2.000617742538452,0.9584720134735107,0.0,-0.34480954706668854,-0.34480954706668854,0.24829523265361786,0.24829523265361786,0.17799332737922668,0.8563826084136963,0.037810660898685455,0.0,0.07030190527439117,0.07030190527439117,0.06807387620210648,0.06807387620210648,0.07366061210632324,1.1590367555618286,-1.517626166343689,0.0,-0.005586735904216766,-0.005586735904216766,0.3791697323322296,0.3791697323322296,0.07283949106931686,2.042259931564331,-0.48011767864227295,0.0,0.30633024126291275,0.30633024126291275,-0.12013237923383713,-0.12013237923383713,0.001946936477907002,0.5604410171508789,0.7944585680961609,0.0,-0.12207931571174413,-0.12207931571174413
1117,37.233333333333334,14,0,0,,4,uneven rough,5,0.0,54.14840316772461,36.59524154663086,0.338744580745697,1.1880342960357666,-0.01272575557231903,1.1880342960357666,-0.01272575557231903,3.625960111618042,0.5171871185302734,0.1666666716337204,-0.08956974744796753,0.2609514594078064,0.5940171480178833,-0.006362877786159515,0.7913632988929749,-0.10203978419303894,0.1504279226064682,0.06282444298267365,0.24142947793006897,-0.5385249853134155,0.5539543032646179,0.5539543032646179,0.154325932264328,1.907407283782959,-1.4575735330581665,0.0,0.3996283710002899,0.3996283710002899,-0.16326366364955902,-0.16326366364955902,0.14418114721775055,-0.8298326134681702,1.6493439674377441,0.0,-0.30744481086730957,-0.30744481086730957,0.0752139613032341,0.0752139613032341,0.0812200978398323,-1.3322703838348389,1.1691319942474365,0.0,-0.006006136536598206,-0.006006136536598206,0.04397710785269737,0.04397710785269737,0.1752362996339798,-1.9892977476119995,-0.764695405960083,0.0,-0.13125919178128242,-0.13125919178128242,0.12071473896503448,0.12071473896503448,0.1004122793674469,0.6369298696517944,-0.3286755084991455,0.0,0.020302459597587585,0.020302459597587585,-0.26926249265670776,-0.26926249265670776,-0.05295098200440407,-1.7524422407150269,0.43798062205314636,0.0,-0.2163115106523037,-0.2163115106523037
1117,37.233333333333334,24,0,0,,4,uneven rough,11,0.0,103.53496551513672,39.34535217285156,0.17460641264915466,0.6422615647315979,0.04055265337228775,0.5262364149093628,0.04055265337228775,1.7048015594482422,1.0203927755355835,0.1666666716337204,-0.006079913582652807,0.19792279601097107,0.32113078236579895,0.020276326686143875,0.8333492279052734,-0.13102079927921295,0.7407442927360535,0.220508873462677,0.0721825361251831,-0.21663440763950348,0.5833444595336914,0.5833444595336914,0.40170738101005554,1.9439888000488281,-0.2840876281261444,0.0,0.18163707852363586,0.18163707852363586,-0.20963327586650848,-0.20963327586650848,0.07061924040317535,-1.9572982788085938,-0.7058894634246826,0.0,-0.28025251626968384,-0.28025251626968384,0.37037214636802673,0.37037214636802673,0.11981280893087387,-1.0649101734161377,-0.2906716763973236,0.0,0.25055933743715286,0.25055933743715286,0.1543562114238739,0.1543562114238739,0.3186657428741455,-1.6684342622756958,0.23491357266902924,0.0,-0.1643095314502716,-0.1643095314502716,0.03609126806259155,0.03609126806259155,0.09007371217012405,-1.9414886236190796,0.6333078145980835,0.0,-0.0539824441075325,-0.0539824441075325,-0.10831720381975174,-0.10831720381975174,-0.004333119839429855,-1.5305192470550537,-1.1080236434936523,0.0,-0.10398408398032188,-0.10398408398032188
1118,37.266666666666666,4,0,0,,4,uneven rough,5,0.0,54.37727737426758,33.8843994140625,0.2688120901584625,0.6760903596878052,-0.20041689276695251,0.6760903596878052,-0.20041689276695251,2.9636831283569336,3.465082883834839,0.3333333432674408,0.3019002676010132,0.07361295819282532,0.3380451798439026,-0.10020844638347626,0.1456262469291687,0.12007853388786316,-0.023089086636900902,0.5040192008018494,0.3118659555912018,0.4003496468067169,0.10193837434053421,0.10193837434053421,0.11767090857028961,-1.0396337509155273,0.19985157251358032,0.0,-0.0157325342297554,-0.0157325342297554,0.06003926694393158,0.06003926694393158,0.10248593240976334,-0.506917417049408,-0.7146026492118835,0.0,-0.04244666546583176,-0.04244666546583176,-0.011544543318450451,-0.011544543318450451,0.11121473461389542,-2.002147912979126,0.5006327033042908,0.0,-0.12275927793234587,-0.12275927793234587,0.3528134226799011,0.3528134226799011,0.13992196321487427,2.001420259475708,-0.004236181266605854,0.0,0.21289145946502686,0.21289145946502686,0.1559329777956009,0.1559329777956009,0.09939855337142944,1.193194031715393,0.9460391402244568,0.0,0.05653442442417145,0.05653442442417145,0.20017482340335846,0.20017482340335846,0.05028913915157318,1.918737530708313,0.662144660949707,0.0,0.14988568425178528,0.14988568425178528
1118,37.266666666666666,14,0,0,,4,uneven rough,5,0.0,54.13315963745117,36.62950134277344,0.3320481479167938,1.0516178607940674,-0.3527224361896515,1.0516178607940674,-0.3527224361896515,3.6639976501464844,0.39250192046165466,0.10054297745227814,0.21356508135795593,0.19809548556804657,0.5258089303970337,-0.17636121809482574,0.5751259326934814,0.034944407641887665,0.7490572929382324,0.23879973590373993,0.041650980710983276,-0.3908311128616333,0.4025881588459015,0.4025881588459015,0.2166137397289276,1.0112159252166748,0.44499263167381287,0.0,0.18597441911697388,0.18597441911697388,0.017472203820943832,0.017472203820943832,0.07893628627061844,-1.604966163635254,0.2476130872964859,0.0,-0.061464082449674606,-0.061464082449674606,0.3745286464691162,0.3745286464691162,0.07730934023857117,-0.9499373435974121,-0.2451654076576233,0.0,0.29721930623054504,0.29721930623054504,0.1671598106622696,0.1671598106622696,0.14226584136486053,0.1247275322675705,-1.457087755203247,0.0,0.024893969297409058,0.024893969297409058,0.020825490355491638,0.020825490355491638,0.06272085756063461,-1.4648709297180176,0.21727950870990753,0.0,-0.041895367205142975,-0.041895367205142975,-0.19541555643081665,-0.19541555643081665,-0.02896656095981598,0.9039695262908936,-0.8004884123802185,0.0,-0.16644899547100067,-0.16644899547100067
1118,37.266666666666666,24,0,0,,4,uneven rough,11,0.0,103.52222442626953,39.3690185546875,0.16715015470981598,0.7563360333442688,-1.0172972679138184,0.42933356761932373,-1.0172972679138184,2.11037015914917,2.853018283843994,0.3333333432674408,-0.21946921944618225,0.18759378790855408,0.3781680166721344,-0.5086486339569092,0.46836909651756287,-0.11060341447591782,0.8833655714988708,0.18829625844955444,0.12902472913265228,-0.43065696954727173,0.3278583586215973,0.3278583586215973,0.3942627012729645,-1.7776232957839966,0.9756707549095154,0.0,-0.06640434265136719,-0.06640434265136719,-0.17696546018123627,-0.17696546018123627,0.006128181237727404,-1.9892243146896362,-1.4134382009506226,0.0,-0.18309364141896367,-0.18309364141896367,0.4416827857494354,0.4416827857494354,0.14969614148139954,1.2047312259674072,-0.728427529335022,0.0,0.2919866442680359,0.2919866442680359,0.1318073719739914,0.1318073719739914,0.27041587233543396,-1.2813091278076172,-0.8412427306175232,0.0,-0.13860850036144257,-0.13860850036144257,0.06451236456632614,0.06451236456632614,0.08348922431468964,-0.23353004455566406,-0.8224866986274719,0.0,-0.018976859748363495,-0.018976859748363495,-0.21532848477363586,-0.21532848477363586,-0.0516328364610672,-1.8905277252197266,-1.3469034433364868,0.0,-0.16369564831256866,-0.16369564831256866
1119,37.3,4,0,0,,4,uneven rough,5,0.0,54.3740234375,33.91845703125,0.26598650217056274,1.2015300989151,-0.14199517667293549,1.2015300989151,-0.14199517667293549,6.233272075653076,2.625868797302246,0.1666666716337204,0.4044141471385956,0.12300778925418854,0.60076504945755,-0.07099758833646774,0.13585379719734192,0.18413755297660828,0.2656174898147583,0.5264559984207153,0.3458583652973175,0.22362875938415527,0.09509765356779099,0.09509765356779099,0.08681982755661011,-0.6930415034294128,-0.5009556412696838,0.0,0.008277826011180878,0.008277826011180878,0.09206877648830414,0.09206877648830414,0.11861512064933777,-0.3425663709640503,-0.5971770286560059,0.0,-0.02654634416103363,-0.02654634416103363,0.13280874490737915,0.13280874490737915,0.11405883729457855,1.2709312438964844,-0.9144439697265625,0.0,0.018749907612800598,0.018749907612800598,0.3685191869735718,0.3685191869735718,0.1977110058069229,1.358518362045288,1.129765510559082,0.0,0.17080818116664886,0.17080818116664886,0.17292918264865875,0.17292918264865875,0.14607194066047668,0.5733062028884888,1.0857809782028198,0.0,0.026857241988182068,0.026857241988182068,0.11181437969207764,0.11181437969207764,0.058410998433828354,0.6681396961212158,1.3726245164871216,0.0,0.05340338125824928,0.05340338125824928
1119,37.3,14,0,0,,4,uneven rough,5,0.0,54.11808395385742,36.664390563964844,0.3350355923175812,1.4323605298995972,-0.4748377203941345,1.4323605298995972,-0.4748377203941345,4.104243278503418,0.44749337434768677,0.5,0.4406166672706604,0.07730677723884583,0.7161802649497986,-0.23741886019706726,-0.31947964429855347,0.43707042932510376,0.5387314558029175,0.5441145896911621,0.40323904156684875,0.13718311488628387,-0.2236357480287552,-0.2236357480287552,0.15592001378536224,-1.9678914546966553,0.7651363015174866,0.0,-0.37955576181411743,-0.37955576181411743,0.21853521466255188,0.21853521466255188,0.14570440351963043,1.9671621322631836,-0.7998385429382324,0.0,0.07283081114292145,0.07283081114292145,0.26936572790145874,0.26936572790145874,0.1291685551404953,1.544755220413208,-0.6436446905136108,0.0,0.14019717276096344,0.14019717276096344,0.380880206823349,0.380880206823349,0.21000774204730988,1.9994845390319824,-0.5627265572547913,0.0,0.17087246477603912,0.17087246477603912,0.20161952078342438,0.20161952078342438,0.13813132047653198,1.99886155128479,-0.7338113784790039,0.0,0.0634882003068924,0.0634882003068924,0.06859155744314194,0.06859155744314194,0.04309246316552162,2.000178575515747,0.16321516036987305,0.0,0.025499094277620316,0.025499094277620316
1119,37.3,24,0,0,,4,uneven rough,11,0.0,103.51564025878906,39.39432144165039,0.16644205152988434,1.04836106300354,-0.21052204072475433,0.427287220954895,-0.21052204072475433,0.8107948303222656,2.8376598358154297,0.42443475127220154,-0.33135637640953064,0.29961466789245605,0.52418053150177,-0.10526102036237717,0.9118186235427856,-0.08923803269863129,0.7403810024261475,0.4175723195075989,0.06823688000440598,-0.1370430886745453,0.6382730007171631,0.6382730007171631,0.41022205352783203,0.7397516369819641,-0.5810466408729553,0.0,0.22805094718933105,0.22805094718933105,-0.1427808552980423,-0.1427808552980423,-0.05970444157719612,-1.885606288909912,-1.7389887571334839,0.0,-0.08307641372084618,-0.08307641372084618,0.37019050121307373,0.37019050121307373,0.2127309888601303,2.00408673286438,0.36458390951156616,0.0,0.15745951235294342,0.15745951235294342,0.29230061173439026,0.29230061173439026,0.2341478019952774,0.021390920504927635,-1.0900570154190063,0.0,0.058152809739112854,0.058152809739112854,0.03411844000220299,0.03411844000220299,0.043207332491874695,-2.00669527053833,-0.48948952555656433,0.0,-0.009088892489671707,-0.009088892489671707,-0.06852154433727264,-0.06852154433727264,-0.06608759611845016,0.8524612188339233,-1.6542695760726929,0.0,-0.0024339482188224792,-0.0024339482188224792
1120,37.333333333333336,4,0,0,,4,uneven rough,5,0.0,54.378509521484375,33.95227813720703,0.26497265696525574,1.2492257356643677,-0.1116153746843338,1.2492257356643677,-0.1116153746843338,7.17149543762207,4.0408735275268555,0.3333333432674408,0.3849157691001892,0.1067078560590744,0.6246128678321838,-0.0558076873421669,0.3521716296672821,0.10029369592666626,0.21186332404613495,0.48915860056877136,0.15190832316875458,0.12060095369815826,0.24652013182640076,0.24652013182640076,0.12870527803897858,1.7248766422271729,-0.6095613241195679,0.0,0.11781485378742218,0.11781485378742218,0.05014684796333313,0.05014684796333313,0.06691230833530426,-0.5402554273605347,-0.4532197117805481,0.0,-0.01676546037197113,-0.01676546037197113,0.10593166202306747,0.10593166202306747,0.08650220185518265,0.3352168798446655,0.3211711049079895,0.0,0.019429460167884827,0.019429460167884827,0.34241101145744324,0.34241101145744324,0.2568221986293793,1.8399099111557007,1.2591028213500977,0.0,0.08558881282806396,0.08558881282806396,0.07595416158437729,0.07595416158437729,0.08265755325555801,-1.3189572095870972,0.7960268259048462,0.0,-0.006703391671180725,-0.006703391671180725,0.06030047684907913,0.06030047684907913,0.03584524989128113,-0.27704012393951416,0.9743075370788574,0.0,0.024455226957798004,0.024455226957798004
1120,37.333333333333336,14,0,0,,4,uneven rough,5,0.0,54.09890365600586,36.69455337524414,0.3400118350982666,1.3254716396331787,0.5066182613372803,1.3254716396331787,0.5066182613372803,7.257938385009766,1.6343477964401245,0.3333333432674408,0.25171899795532227,0.06869830191135406,0.6627358198165894,0.25330913066864014,0.264518141746521,0.4760224223136902,-0.46004438400268555,0.3070997893810272,0.2288474589586258,0.001938802539370954,0.18516269326210022,0.18516269326210022,0.17452101409435272,1.5209321975708008,-0.7801225185394287,0.0,0.010641679167747498,0.010641679167747498,0.2380112111568451,0.2380112111568451,0.207206591963768,1.4227614402770996,0.7646285891532898,0.0,0.030804619193077087,0.030804619193077087,-0.23002219200134277,-0.23002219200134277,0.061239004135131836,-2.001399517059326,0.5936805605888367,0.0,-0.2912611961364746,-0.2912611961364746,0.21496984362602234,0.21496984362602234,0.21535341441631317,-0.21965864300727844,0.8859521746635437,0.0,-0.0003835707902908325,-0.0003835707902908325,0.1144237294793129,0.1144237294793129,0.14499422907829285,-0.20748969912528992,0.8112468123435974,0.0,-0.03057049959897995,-0.03057049959897995,0.000969401269685477,0.000969401269685477,0.02379528246819973,-1.023069977760315,1.2018375396728516,0.0,-0.022825881198514253,-0.022825881198514253
1120,37.333333333333336,24,0,0,,4,uneven rough,11,0.0,103.5125961303711,39.418827056884766,0.17984923720359802,0.6818233132362366,0.3367021977901459,0.6818233132362366,0.3367021977901459,2.2414755821228027,4.477940082550049,0.3333333432674408,-0.2501733601093292,0.2762681245803833,0.3409116566181183,0.16835109889507294,0.2244025468826294,0.6875143647193909,0.7926951050758362,0.29429900646209717,-0.15354591608047485,-0.04976601526141167,0.15708178281784058,0.15708178281784058,0.36308449506759644,-1.4354718923568726,0.16573506593704224,0.0,-0.20600271224975586,-0.20600271224975586,0.34375718235969543,0.34375718235969543,-0.024956971406936646,1.087799072265625,-1.8218865394592285,0.0,0.3687141537666321,0.3687141537666321,0.3963475525379181,0.3963475525379181,0.27938953042030334,2.0,1.2915617227554321,0.0,0.11695802211761475,0.11695802211761475,0.20600929856300354,0.20600929856300354,0.2513783574104309,-0.5809180736541748,-0.4616423547267914,0.0,-0.04536905884742737,-0.04536905884742737,-0.24567346274852753,-0.24567346274852753,0.003418148960918188,-1.883713722229004,-1.347320318222046,0.0,-0.24909161170944571,-0.24909161170944571,-0.024883007630705833,-0.024883007630705833,-0.0384814590215683,1.1465165615081787,-0.23695948719978333,0.0,0.013598451390862465,0.013598451390862465
1121,37.36666666666667,4,0,0,,4,uneven rough,5,0.0,54.37890625,33.98947525024414,0.26904505491256714,1.510332465171814,0.28598907589912415,1.510332465171814,0.28598907589912415,7.616908073425293,4.995182991027832,0.4924572706222534,0.24490058422088623,0.20570188760757446,0.755166232585907,0.14299453794956207,-0.3049568235874176,0.16268280148506165,0.4791460931301117,0.501182496547699,0.0690639466047287,-0.05770617350935936,-0.21346977353096008,-0.21346977353096008,0.10845767706632614,-1.192484736442566,0.7103341221809387,0.0,-0.3219274505972862,-0.3219274505972862,0.08134140074253082,0.08134140074253082,0.08001554757356644,0.9255895018577576,-0.5024298429489136,0.0,0.001325853168964386,0.001325853168964386,0.23957304656505585,0.23957304656505585,0.11377236247062683,0.5077452659606934,0.32911261916160583,0.0,0.12580068409442902,0.12580068409442902,0.35082775354385376,0.35082775354385376,0.3260050117969513,1.6220566034317017,1.5874922275543213,0.0,0.024822741746902466,0.024822741746902466,0.03453197330236435,0.03453197330236435,0.03473228961229324,-1.4565180540084839,-0.3997889459133148,0.0,-0.00020031630992889404,-0.00020031630992889404,-0.02885308675467968,-0.02885308675467968,-0.013604411855340004,-1.7232084274291992,0.2667933404445648,0.0,-0.015248674899339676,-0.015248674899339676
1121,37.36666666666667,14,0,0,,4,uneven rough,5,0.0,54.079959869384766,36.71879959106445,0.33605992794036865,0.9408970475196838,0.5204786062240601,0.9408970475196838,0.5204786062240601,3.0970101356506348,3.477861166000366,0.5,0.31415051221847534,0.07580149173736572,0.4704485237598419,0.26023930311203003,-0.0115283764898777,-0.37781456112861633,0.33133912086486816,0.412710577249527,0.3491028845310211,-0.1410984992980957,-0.00806986354291439,-0.00806986354291439,0.1203131154179573,-1.8420665264129639,0.5208979249000549,0.0,-0.1283829789608717,-0.1283829789608717,-0.604503333568573,-0.604503333568573,0.18358521163463593,-1.3775739669799805,1.1367380619049072,0.0,-0.7880885452032089,-0.7880885452032089,0.16566956043243408,0.16566956043243408,0.044414665549993515,-0.11530337482690811,-0.8735823631286621,0.0,0.12125489488244057,0.12125489488244057,0.28889739513397217,0.28889739513397217,0.28087732195854187,1.7829651832580566,0.2608378231525421,0.0,0.008020073175430298,0.008020073175430298,0.17455144226551056,0.17455144226551056,0.17054185271263123,1.5038456916809082,0.23525136709213257,0.0,0.0040095895528793335,0.0040095895528793335,-0.07054924964904785,-0.07054924964904785,-0.00294222473166883,-0.4930618405342102,-0.05612914264202118,0.0,-0.06760702491737902,-0.06760702491737902
1121,37.36666666666667,24,0,0,,4,uneven rough,11,0.0,103.50431823730469,39.44736099243164,0.1830524504184723,0.637387216091156,0.8252612948417664,0.5129972696304321,0.8252612948417664,2.199251890182495,0.8715168237686157,0.3333333432674408,-0.32693248987197876,0.22862808406352997,0.318693608045578,0.4126306474208832,0.7020316123962402,0.5379706621170044,0.46392953395843506,0.05461318418383598,0.17992253601551056,-0.2537800073623657,0.4914221167564392,0.4914221167564392,0.415609210729599,1.9695943593978882,-0.7395902276039124,0.0,0.07581290602684021,0.07581290602684021,0.2689853310585022,0.2689853310585022,0.040273312479257584,1.9443941116333008,-0.17674508690834045,0.0,0.2287120185792446,0.2287120185792446,0.23196476697921753,0.23196476697921753,0.2506208121776581,-0.5690759420394897,1.692113995552063,0.0,-0.018656045198440552,-0.018656045198440552,0.03822922706604004,0.03822922706604004,0.18163473904132843,-1.848132848739624,-0.5290810465812683,0.0,-0.1434055119752884,-0.1434055119752884,0.08996126800775528,0.08996126800775528,0.035772185772657394,1.6645857095718384,-1.6505980491638184,0.0,0.054189082235097885,0.054189082235097885,-0.12689000368118286,-0.12689000368118286,-0.08086636662483215,-0.14767177402973175,0.5452603697776794,0.0,-0.04602363705635071,-0.04602363705635071
1122,37.4,4,0,0,,4,uneven rough,5,0.0,54.36994934082031,34.02893829345703,0.2774858772754669,1.1190998554229736,0.020515117794275284,1.1190998554229736,0.020515117794275284,5.901976585388184,2.9189529418945312,0.3333333432674408,0.44333428144454956,0.1669454425573349,0.5595499277114868,0.010257558897137642,0.19961042702198029,0.35752221941947937,-0.053988970816135406,0.2013816386461258,-0.12650512158870697,-0.04516410827636719,0.13972729444503784,0.13972729444503784,0.14573074877262115,0.79374760389328,-0.3655230700969696,0.0,-0.006003454327583313,-0.006003454327583313,0.17876110970973969,0.17876110970973969,0.14168547093868256,2.0000057220458984,0.30497485399246216,0.0,0.03707563877105713,0.03707563877105713,-0.026994485408067703,-0.026994485408067703,0.04988935589790344,-1.9999998807907104,0.4301118552684784,0.0,-0.07688384130597115,-0.07688384130597115,0.14096714556217194,0.14096714556217194,0.2726128101348877,-1.8024300336837769,1.6070349216461182,0.0,-0.13164566457271576,-0.13164566457271576,-0.20240819454193115,-0.20240819454193115,-0.01408973429352045,-1.3058128356933594,-0.9972654581069946,0.0,-0.1883184602484107,-0.1883184602484107,-0.022582054138183594,-0.022582054138183594,-0.03161461278796196,-0.3158748745918274,-0.8583572506904602,0.0,0.009032558649778366,0.009032558649778366
1122,37.4,14,0,0,,4,uneven rough,5,0.0,54.06073760986328,36.74224090576172,0.3304520547389984,1.1719229221343994,0.46213096380233765,1.1719229221343994,0.46213096380233765,6.228549003601074,0.4743116796016693,0.3333333432674408,0.31109583377838135,0.12293379008769989,0.5859614610671997,0.23106548190116882,0.4566013216972351,-0.035530682653188705,0.040131475776433945,-0.0838494673371315,0.222803995013237,0.1290794014930725,0.31962090730667114,0.31962090730667114,0.18304623663425446,1.9705531597137451,-0.8151264190673828,0.0,0.1365746706724167,0.1365746706724167,-0.05684909224510193,-0.05684909224510193,0.11717559397220612,-2.0012869834899902,-0.28485846519470215,0.0,-0.17402468621730804,-0.17402468621730804,0.020065737888216972,0.020065737888216972,0.01774507202208042,-1.2466704845428467,-0.44485005736351013,0.0,0.002320665866136551,0.002320665866136551,-0.05869462713599205,-0.05869462713599205,0.21547779440879822,-1.9875470399856567,1.1214513778686523,0.0,-0.27417242154479027,-0.27417242154479027,0.1114019975066185,0.1114019975066185,0.13554145395755768,-1.1287957429885864,0.9525168538093567,0.0,-0.02413945645093918,-0.02413945645093918,0.06453970074653625,0.06453970074653625,0.0416586771607399,0.7675692439079285,-0.30317166447639465,0.0,0.022881023585796356,0.022881023585796356
1122,37.4,24,0,0,,4,uneven rough,11,0.0,103.49925231933594,39.47260665893555,0.1848982572555542,0.6647166609764099,0.8907991051673889,0.41884028911590576,0.8907991051673889,1.2929415702819824,1.8351401090621948,0.3333333432674408,-0.12458395957946777,0.26418957114219666,0.33235833048820496,0.44539955258369446,0.4249623715877533,0.46275174617767334,0.2813792824745178,0.4426068663597107,0.5104250907897949,-0.13618160784244537,0.297473669052124,0.297473669052124,0.357351690530777,-1.9782963991165161,0.7921876311302185,0.0,-0.059878021478652954,-0.059878021478652954,0.23137587308883667,0.23137587308883667,0.10499536991119385,1.967737078666687,1.0225508213043213,0.0,0.12638050317764282,0.12638050317764282,0.1406896412372589,0.1406896412372589,0.18754194676876068,-1.9745761156082153,0.4136331379413605,0.0,-0.04685230553150177,-0.04685230553150177,0.30982479453086853,0.30982479453086853,0.23394036293029785,1.827203392982483,-1.274875283241272,0.0,0.07588443160057068,0.07588443160057068,0.25521254539489746,0.25521254539489746,0.08756827563047409,1.969330072402954,0.2238127738237381,0.0,0.16764426976442337,0.16764426976442337,-0.06809080392122269,-0.06809080392122269,-0.05633972957730293,1.7853169441223145,0.15347528457641602,0.0,-0.011751074343919754,-0.011751074343919754
1123,37.43333333333333,4,0,0,,4,uneven rough,5,0.0,54.357444763183594,34.06818389892578,0.26932960748672485,1.4662678241729736,-0.16103027760982513,1.4662678241729736,-0.16103027760982513,3.310255765914917,2.2110135555267334,0.3333333432674408,0.26467257738113403,0.22043165564537048,0.7331339120864868,-0.08051513880491257,0.17888255417346954,0.19335581362247467,0.3084661662578583,-0.031218335032463074,0.23039840161800385,-0.566138744354248,0.12521778047084808,0.12521778047084808,0.16177505254745483,0.9848338961601257,0.28993064165115356,0.0,-0.03655727207660675,-0.03655727207660675,0.09667790681123734,0.09667790681123734,0.13158807158470154,-0.1934983730316162,1.2633483409881592,0.0,-0.0349101647734642,-0.0349101647734642,0.15423308312892914,0.15423308312892914,0.060424987226724625,1.24971604347229,-0.9438776969909668,0.0,0.09380809590220451,0.09380809590220451,-0.021852834150195122,-0.021852834150195122,0.21087546646595,-1.9314837455749512,-0.32068267464637756,0.0,-0.23272830061614513,-0.23272830061614513,0.11519920080900192,0.11519920080900192,0.03137538954615593,1.4901636838912964,-1.171718716621399,0.0,0.08382381126284599,0.08382381126284599,-0.283069372177124,-0.283069372177124,-0.05584179610013962,-0.2632218897342682,-0.5516367554664612,0.0,-0.2272275760769844,-0.2272275760769844
1123,37.43333333333333,14,0,0,,4,uneven rough,5,0.0,54.03548049926758,36.7612190246582,0.32342296838760376,1.4035499095916748,0.2148909866809845,1.4035499095916748,0.2148909866809845,3.696493148803711,1.2645611763000488,0.3333333432674408,0.2763151526451111,0.059773094952106476,0.7017749547958374,0.10744549334049225,0.1016877070069313,-0.02531755343079567,0.35931673645973206,0.1505165696144104,0.2524784505367279,-0.09431838989257812,0.07118139415979385,0.07118139415979385,0.16726550459861755,-0.9384230375289917,0.7599018216133118,0.0,-0.0960841104388237,-0.0960841104388237,-0.04050808772444725,-0.04050808772444725,0.05422293767333031,-1.2895708084106445,-1.255330204963684,0.0,-0.09473102539777756,-0.09473102539777756,0.17965836822986603,0.17965836822986603,0.043426916003227234,-0.8745517134666443,-0.8982007503509521,0.0,0.1362314522266388,0.1362314522266388,0.10536159574985504,0.10536159574985504,0.16364960372447968,-1.8770899772644043,-0.6363818645477295,0.0,-0.058288007974624634,-0.058288007974624634,0.12623922526836395,0.12623922526836395,0.15080717206001282,-1.1880261898040771,-0.22426101565361023,0.0,-0.024567946791648865,-0.024567946791648865,-0.04715919494628906,-0.04715919494628906,0.07057174295186996,-1.5278925895690918,0.3022271692752838,0.0,-0.11773093789815903,-0.11773093789815903
1123,37.43333333333333,24,0,0,,4,uneven rough,11,0.0,103.5015869140625,39.499637603759766,0.1818937361240387,0.9378026127815247,0.7336124777793884,0.5227670669555664,0.7336124777793884,3.137895345687866,1.9532248973846436,0.3333333432674408,0.05340639874339104,0.2252858281135559,0.46890130639076233,0.3668062388896942,0.6489691734313965,0.5890944600105286,0.048757877200841904,0.6991115808486938,0.41137582063674927,0.18861371278762817,0.4542784094810486,0.4542784094810486,0.37100082635879517,1.9893546104431152,-0.7742490172386169,0.0,0.08327758312225342,0.08327758312225342,0.2945472300052643,0.2945472300052643,0.17161047458648682,1.9868885278701782,1.5569608211517334,0.0,0.12293675541877747,0.12293675541877747,0.024378938600420952,0.024378938600420952,0.12282389402389526,-2.0005722045898438,-0.9366646409034729,0.0,-0.09844495542347431,-0.09844495542347431,0.48937809467315674,0.48937809467315674,0.2753180265426636,0.7542364001274109,0.479045569896698,0.0,0.21406006813049316,0.21406006813049316,0.20568791031837463,0.20568791031837463,0.15371768176555634,1.9900466203689575,1.2107313871383667,0.0,0.0519702285528183,0.0519702285528183,0.09430685639381409,0.09430685639381409,0.013687296770513058,1.9487719535827637,1.07612144947052,0.0,0.08061955962330103,0.08061955962330103
1124,37.46666666666667,4,0,0,,4,uneven rough,5,0.0,54.349369049072266,34.110538482666016,0.2721201479434967,1.6593945026397705,-0.2782437205314636,1.6593945026397705,-0.2782437205314636,4.147563934326172,4.569601058959961,0.6666666865348816,0.09555723518133163,0.22561106085777283,0.8296972513198853,-0.1391218602657318,0.3269503116607666,0.3074328601360321,0.4660269618034363,0.3091391921043396,0.5316064953804016,-0.299933522939682,0.22886522114276886,0.22886522114276886,0.2133406698703766,1.0183894634246826,0.6828302145004272,0.0,0.015524551272392273,0.015524551272392273,0.15371643006801605,0.15371643006801605,0.15504002571105957,0.53836989402771,0.43964457511901855,0.0,-0.001323595643043518,-0.001323595643043518,0.23301348090171814,0.23301348090171814,0.10976829379796982,1.330605149269104,0.29638412594795227,0.0,0.12324518710374832,0.12324518710374832,0.21639743447303772,0.21639743447303772,0.1738988608121872,0.2664531469345093,-1.2314324378967285,0.0,0.042498573660850525,0.042498573660850525,0.2658032476902008,0.2658032476902008,0.10212761908769608,1.671433448791504,0.33331435918807983,0.0,0.16367562860250473,0.16367562860250473,-0.149966761469841,-0.149966761469841,-0.0679381713271141,-0.509186327457428,-0.3885664641857147,0.0,-0.0820285901427269,-0.0820285901427269
1124,37.46666666666667,14,0,0,,4,uneven rough,5,0.0,54.012535095214844,36.78599166870117,0.3349578082561493,1.7170315980911255,-0.4340735077857971,1.7170315980911255,-0.4340735077857971,6.007569789886475,4.54523229598999,0.5,0.030626099556684494,0.2016267031431198,0.8585157990455627,-0.21703675389289856,0.4981245696544647,0.31587013602256775,0.6805066466331482,0.25336211919784546,-0.13731442391872406,0.012434989213943481,0.34868720173835754,0.34868720173835754,0.1974024772644043,1.164510726928711,-0.2003341019153595,0.0,0.15128472447395325,0.15128472447395325,0.15793506801128387,0.15793506801128387,0.10987800359725952,1.9871894121170044,-1.2746899127960205,0.0,0.04805706441402435,0.04805706441402435,0.3402533233165741,0.3402533233165741,0.052618417888879776,0.11880842596292496,-0.8848295211791992,0.0,0.2876349054276943,0.2876349054276943,0.17735348641872406,0.17735348641872406,0.13131125271320343,0.7090941071510315,-1.3378804922103882,0.0,0.04604223370552063,0.04604223370552063,-0.2197030782699585,-0.2197030782699585,0.15164710581302643,-0.31087639927864075,-0.7691755890846252,0.0,-0.3713501840829849,-0.3713501840829849,0.006217494606971741,0.006217494606971741,0.04216551035642624,-1.1426968574523926,-0.7325258255004883,0.0,-0.0359480157494545,-0.0359480157494545
1124,37.46666666666667,24,0,0,,4,uneven rough,11,0.0,103.5001449584961,39.52006149291992,0.18386054039001465,1.380805492401123,0.44410794973373413,0.48226118087768555,0.44410794973373413,3.3313441276550293,4.675967693328857,0.5,0.24819663166999817,0.2805074453353882,0.6904027462005615,0.22205397486686707,0.13334429264068604,0.6217952966690063,0.5523812770843506,0.7607859373092651,0.35957396030426025,0.016436947509646416,0.09334100037813187,0.09334100037813187,0.3307497501373291,-2.0018553733825684,0.7882974147796631,0.0,-0.23740874975919724,-0.23740874975919724,0.3108976483345032,0.3108976483345032,0.2430315911769867,1.9929625988006592,1.800042748451233,0.0,0.06786605715751648,0.06786605715751648,0.2761906385421753,0.2761906385421753,0.1457052230834961,2.0070791244506836,-1.5381999015808105,0.0,0.1304854154586792,0.1304854154586792,0.5325501561164856,0.5325501561164856,0.338274747133255,1.836960792541504,0.6346389651298523,0.0,0.1942754089832306,0.1942754089832306,0.17978698015213013,0.17978698015213013,0.1614421010017395,-0.5355889797210693,1.651357650756836,0.0,0.018344879150390625,0.018344879150390625,0.008218473754823208,0.008218473754823208,0.04648575931787491,0.36699414253234863,1.5695196390151978,0.0,-0.0382672855630517,-0.0382672855630517
1125,37.5,4,0,0,,4,uneven rough,5,0.0,54.340030670166016,34.14909744262695,0.2700306177139282,1.194716215133667,1.1297922134399414,1.194716215133667,1.1297922134399414,3.187593460083008,4.9825520515441895,0.5,0.10222294181585312,0.09122468531131744,0.5973581075668335,0.5648961067199707,0.21629475057125092,0.31238383054733276,0.1528807133436203,0.38124170899391174,0.49099165201187134,0.11320097744464874,0.15140631794929504,0.15140631794929504,0.159867063164711,-1.9600704908370972,0.8725560307502747,0.0,-0.008460745215415955,-0.008460745215415955,0.15619191527366638,0.15619191527366638,0.15781036019325256,0.3721517026424408,0.495464026927948,0.0,-0.0016184449195861816,-0.0016184449195861816,0.07644035667181015,0.07644035667181015,0.08804692327976227,-1.1535587310791016,0.881134569644928,0.0,-0.011606566607952118,-0.011606566607952118,0.2668691873550415,0.2668691873550415,0.23795443773269653,1.8107458353042603,-0.38452520966529846,0.0,0.02891474962234497,0.02891474962234497,0.24549582600593567,0.24549582600593567,0.16390357911586761,1.9558826684951782,1.0898892879486084,0.0,0.08159224689006805,0.08159224689006805,0.05660048872232437,0.05660048872232437,-0.008499100804328918,2.00016713142395,-0.45676514506340027,0.0,0.06509958952665329,0.06509958952665329
1125,37.5,14,0,0,,4,uneven rough,5,0.0,53.995121002197266,36.811431884765625,0.336378276348114,1.0015980005264282,0.5182812213897705,1.0015980005264282,0.5182812213897705,2.768667221069336,1.795945405960083,0.5,0.1571202576160431,0.15900066494941711,0.5007990002632141,0.25914061069488525,-0.09303956478834152,0.2109919935464859,0.312531441450119,0.383106529712677,0.5340716242790222,-0.14543719589710236,-0.06512769311666489,-0.06512769311666489,0.14088313281536102,-1.982086420059204,0.5713515877723694,0.0,-0.2060108259320259,-0.2060108259320259,0.10549599677324295,0.10549599677324295,0.12075255811214447,-1.011803150177002,0.569582462310791,0.0,-0.01525656133890152,-0.01525656133890152,0.1562657207250595,0.1562657207250595,0.10560106486082077,1.4435052871704102,-0.31737083196640015,0.0,0.05066465586423874,0.05066465586423874,0.26817455887794495,0.26817455887794495,0.1994650661945343,1.997296690940857,-0.18051737546920776,0.0,0.06870949268341064,0.06870949268341064,0.2670358121395111,0.2670358121395111,0.21132534742355347,1.9871684312820435,-0.5100523829460144,0.0,0.05571046471595764,0.05571046471595764,-0.07271859794855118,-0.07271859794855118,-0.006239854730665684,-1.818114995956421,-0.9644372463226318,0.0,-0.0664787432178855,-0.0664787432178855
1125,37.5,24,0,0,,4,uneven rough,11,0.0,103.48985290527344,39.5349006652832,0.18982060253620148,0.6841275691986084,0.3300820589065552,0.4386770725250244,0.3300820589065552,3.648353338241577,4.332820415496826,0.5,0.21815568208694458,0.04371223971247673,0.3420637845993042,0.1650410294532776,0.462307870388031,0.38185757398605347,0.6564250588417053,0.4153987467288971,-0.2331082969903946,-0.036739349365234375,0.32361549139022827,0.32361549139022827,0.3417087197303772,0.25219765305519104,-0.7892599701881409,0.0,-0.018093228340148926,-0.018093228340148926,0.19092878699302673,0.19092878699302673,0.2198227345943451,-1.7747602462768555,1.909119963645935,0.0,-0.02889394760131836,-0.02889394760131836,0.32821252942085266,0.32821252942085266,0.1408633440732956,-0.33382946252822876,0.4663071930408478,0.0,0.18734918534755707,0.18734918534755707,0.29077911376953125,0.29077911376953125,0.3030996024608612,-1.2438101768493652,1.3144339323043823,0.0,-0.012320488691329956,-0.012320488691329956,-0.3729732930660248,-0.3729732930660248,0.09638789296150208,-1.5106196403503418,0.4148540794849396,0.0,-0.46936118602752686,-0.46936118602752686,-0.018369674682617188,-0.018369674682617188,0.04046948626637459,-0.579272985458374,0.8896095752716064,0.0,-0.058839160948991776,-0.058839160948991776
1126,37.53333333333333,4,0,0,,4,uneven rough,5,0.0,54.335472106933594,34.18771743774414,0.2708936929702759,1.4638007879257202,0.9035675525665283,1.4638007879257202,0.9035675525665283,7.352019786834717,0.7515923380851746,0.1666666716337204,0.38338321447372437,0.10608776658773422,0.7319003939628601,0.45178377628326416,0.5181078910827637,0.345213383436203,-0.2141106128692627,0.6461067199707031,0.28312286734580994,0.20681270956993103,0.3626755177974701,0.3626755177974701,0.17567327618598938,1.9695039987564087,-0.7290160655975342,0.0,0.1870022416114807,0.1870022416114807,0.1726066917181015,0.1726066917181015,0.16919472813606262,-0.29608339071273804,0.4257430136203766,0.0,0.0034119635820388794,0.0034119635820388794,-0.10705530643463135,-0.10705530643463135,0.03851443529129028,0.4704074561595917,-0.2692846655845642,0.0,-0.14556974172592163,-0.14556974172592163,0.45227470993995667,0.45227470993995667,0.2933260500431061,1.9344232082366943,0.8566849827766418,0.0,0.15894865989685059,0.15894865989685059,0.14156143367290497,0.14156143367290497,0.14984913170337677,-0.6425632834434509,1.5795234441757202,0.0,-0.008287698030471802,-0.008287698030471802,0.10340635478496552,0.10340635478496552,0.04131171479821205,-0.804531455039978,0.9323887825012207,0.0,0.062094639986753464,0.062094639986753464
1126,37.53333333333333,14,0,0,,4,uneven rough,5,0.0,53.97806930541992,36.834320068359375,0.3347330093383789,0.7317050099372864,1.0984795093536377,0.7317050099372864,1.0984795093536377,4.693115711212158,1.5302032232284546,0.3333333432674408,0.1686321198940277,0.15788176655769348,0.3658525049686432,0.5492397546768188,0.6799516677856445,-0.04105163365602493,-0.257952481508255,0.045490704476833344,0.15645359456539154,0.21371470391750336,0.4759661555290222,0.4759661555290222,0.2007758766412735,1.7592720985412598,-0.8723668456077576,0.0,0.2751902788877487,0.2751902788877487,-0.06568261235952377,-0.06568261235952377,0.05365534499287605,-1.9848161935806274,-0.3245357871055603,0.0,-0.11933795735239983,-0.11933795735239983,-0.1289762407541275,-0.1289762407541275,0.05759080499410629,-1.5354670286178589,0.6782316565513611,0.0,-0.1865670457482338,-0.1865670457482338,0.03184349089860916,0.03184349089860916,0.13548241555690765,-1.993863821029663,1.0508226156234741,0.0,-0.10363892465829849,-0.10363892465829849,0.07822679728269577,0.07822679728269577,0.16138257086277008,-1.8952370882034302,0.9018807411193848,0.0,-0.08315577358007431,-0.08315577358007431,0.10685735195875168,0.10685735195875168,0.019665051251649857,0.450422078371048,-1.4471081495285034,0.0,0.08719230070710182,0.08719230070710182
1126,37.53333333333333,24,0,0,,4,uneven rough,11,0.0,103.47573852539062,39.54802703857422,0.19455158710479736,1.2290358543395996,0.20785345137119293,0.4380836486816406,0.20785345137119293,1.3320162296295166,4.169584274291992,0.5,0.0036235887091606855,0.07777759432792664,0.6145179271697998,0.10392672568559647,0.5207252502441406,-0.003957068547606468,0.8099069595336914,0.07564231753349304,0.05912332981824875,-0.16561709344387054,0.36450767517089844,0.36450767517089844,0.3778422176837921,0.6442663073539734,-0.20041795074939728,0.0,-0.013334542512893677,-0.013334542512893677,-0.006331309676170349,-0.006331309676170349,0.1600947380065918,-1.7202775478363037,-0.17375251650810242,0.0,-0.16642604768276215,-0.16642604768276215,0.4049534797668457,0.4049534797668457,0.1412181258201599,-0.3328445851802826,0.013908492401242256,0.0,0.2637353539466858,0.2637353539466858,0.05294962227344513,0.05294962227344513,0.23911237716674805,-1.513428807258606,-0.13200189173221588,0.0,-0.18616275489330292,-0.18616275489330292,0.029561664909124374,0.029561664909124374,0.047274328768253326,-1.5120469331741333,-0.673812210559845,0.0,-0.017712663859128952,-0.017712663859128952,-0.08280854672193527,-0.08280854672193527,0.01297060213983059,-1.6180592775344849,0.059100743383169174,0.0,-0.09577914886176586,-0.09577914886176586
1127,37.56666666666666,4,0,0,,4,uneven rough,5,0.0,54.32976531982422,34.22119140625,0.2742353081703186,1.787703514099121,-0.16097459197044373,1.787703514099121,-0.16097459197044373,7.27227783203125,4.3979058265686035,0.3333333432674408,0.2060745656490326,0.2620339095592499,0.8938517570495605,-0.08048729598522186,-0.49317631125450134,0.3334510624408722,0.3879135251045227,-0.014162405394017696,0.12611433863639832,0.011532298289239407,-0.34522342681884766,-0.34522342681884766,0.18228386342525482,-0.4986990690231323,0.7967320084571838,0.0,-0.5275072902441025,-0.5275072902441025,0.1667255312204361,0.1667255312204361,0.13371093571186066,-0.783198893070221,0.017621072009205818,0.0,0.03301459550857544,0.03301459550857544,0.19395676255226135,0.19395676255226135,0.09422273933887482,0.4785107672214508,0.14893858134746552,0.0,0.09973402321338654,0.09973402321338654,-0.009913683868944645,-0.009913683868944645,0.31904762983322144,0.04221034049987793,1.4660401344299316,0.0,-0.3289613137021661,-0.3289613137021661,0.06305716931819916,0.06305716931819916,0.09861475974321365,-0.44534438848495483,0.3231516182422638,0.0,-0.035557590425014496,-0.035557590425014496,0.005766149144619703,0.005766149144619703,0.02051163837313652,-0.39803028106689453,-0.049669038504362106,0.0,-0.014745489228516817,-0.014745489228516817
1127,37.56666666666666,14,0,0,,4,uneven rough,5,0.0,53.957916259765625,36.85282516479492,0.33577099442481995,1.3326027393341064,-0.1856873780488968,1.3326027393341064,-0.1856873780488968,5.805567741394043,0.055505797266960144,0.1666666716337204,0.11488938331604004,0.1955871284008026,0.6663013696670532,-0.0928436890244484,0.0027014026418328285,0.01978629268705845,0.5425674915313721,-0.07129506021738052,0.15615369379520416,-0.44246602058410645,0.0018909818027168512,0.0018909818027168512,0.19138798117637634,-1.3739045858383179,0.6155664920806885,0.0,-0.1894969993736595,-0.1894969993736595,0.009893146343529224,0.009893146343529224,0.010409216396510601,-1.4365487098693848,-1.263261318206787,0.0,-0.0005160700529813766,-0.0005160700529813766,0.27128374576568604,0.27128374576568604,0.06479259580373764,-0.2214878499507904,-0.5733975768089294,0.0,0.2064911499619484,0.2064911499619484,-0.04990654066205025,-0.04990654066205025,0.07708700001239777,-1.9711658954620361,-0.6706485748291016,0.0,-0.126993540674448,-0.126993540674448,0.07807684689760208,0.07807684689760208,0.1048937514424324,-1.0260330438613892,-0.6796146631240845,0.0,-0.026816904544830322,-0.026816904544830322,-0.22123301029205322,-0.22123301029205322,-0.013963419012725353,-0.7039980292320251,-0.3742411434650421,0.0,-0.20726959127932787,-0.20726959127932787
1127,37.56666666666666,24,0,0,,4,uneven rough,11,0.0,103.46268463134766,39.561283111572266,0.201261967420578,0.9965745210647583,-0.29558783769607544,0.508197546005249,-0.29558783769607544,0.7343939542770386,0.058086514472961426,0.3333333432674408,-0.13753485679626465,0.12878647446632385,0.49828726053237915,-0.14779391884803772,0.5906881093978882,-0.2698151469230652,0.8224585056304932,0.059937044978141785,-0.07409152388572693,-0.08151327818632126,0.4134816825389862,0.4134816825389862,0.41394177079200745,0.7084640264511108,0.27716803550720215,0.0,-0.00046008825302124023,-0.00046008825302124023,-0.43170425295829773,-0.43170425295829773,0.0976053848862648,-1.8205052614212036,-1.0481605529785156,0.0,-0.5293096378445625,-0.5293096378445625,0.4112292528152466,0.4112292528152466,0.16008487343788147,0.5782577991485596,-0.1821463257074356,0.0,0.2511443793773651,0.2511443793773651,0.04195592924952507,0.04195592924952507,0.17105640470981598,-1.9028961658477783,-0.9130631685256958,0.0,-0.1291004754602909,-0.1291004754602909,-0.11854644119739532,-0.11854644119739532,-0.004071366973221302,-1.8686723709106445,-1.1477516889572144,0.0,-0.11447507422417402,-0.11447507422417402,-0.04075663909316063,-0.04075663909316063,0.0037492234259843826,-0.4710884094238281,-0.8891685605049133,0.0,-0.04450586251914501,-0.04450586251914501
1128,37.6,4,0,0,,4,uneven rough,5,0.0,54.309024810791016,34.253753662109375,0.2894488573074341,1.2283685207366943,0.6713096499443054,1.2283685207366943,0.6713096499443054,4.2242631912231445,6.42546272277832,0.6666666865348816,0.18222248554229736,0.0919889435172081,0.6141842603683472,0.3356548249721527,0.02684829942882061,0.42477095127105713,-0.23563142120838165,0.0337691605091095,0.20872454345226288,-0.19512838125228882,0.018793810158967972,0.018793810158967972,0.13281404972076416,-1.8519102334976196,0.06429296731948853,0.0,-0.11402023956179619,-0.11402023956179619,0.21238547563552856,0.21238547563552856,0.18547691404819489,1.7568440437316895,-0.4351639747619629,0.0,0.02690856158733368,0.02690856158733368,-0.11781571060419083,-0.11781571060419083,0.0731397196650505,-0.3909682631492615,0.33527928590774536,0.0,-0.19095543026924133,-0.19095543026924133,0.023638412356376648,0.023638412356376648,0.2822134494781494,-1.875984787940979,0.6610042452812195,0.0,-0.25857503712177277,-0.25857503712177277,0.10436227172613144,0.10436227172613144,0.09958238899707794,-0.19981491565704346,-0.11135739833116531,0.0,0.004779882729053497,0.004779882729053497,-0.09756419062614441,-0.09756419062614441,-0.03222162276506424,-2.028475761413574,-0.2466331124305725,0.0,-0.06534256786108017,-0.06534256786108017
1128,37.6,14,0,0,,4,uneven rough,5,0.0,53.941436767578125,36.874752044677734,0.3347777724266052,1.1744893789291382,-0.501252293586731,1.1744893789291382,-0.501252293586731,4.9731550216674805,2.7027738094329834,0.3333333432674408,0.15172353386878967,0.2384570837020874,0.5872446894645691,-0.2506261467933655,0.7103251218795776,-0.018022652715444565,0.49212920665740967,0.13216955959796906,0.24112510681152344,-0.14823560416698456,0.49722757935523987,0.49722757935523987,0.21763361990451813,1.0733402967453003,-0.5092840194702148,0.0,0.27959395945072174,0.27959395945072174,-0.028836244717240334,-0.028836244717240334,-0.029641546308994293,-1.092333197593689,-1.3612383604049683,0.0,0.0008053015917539597,0.0008053015917539597,0.24606460332870483,0.24606460332870483,0.09468510746955872,0.9167580604553223,-0.3744271993637085,0.0,0.15137949585914612,0.15137949585914612,0.09251868724822998,0.09251868724822998,0.04072502627968788,0.39098992943763733,-1.40596342086792,0.0,0.0517936609685421,0.0517936609685421,0.12056255340576172,0.12056255340576172,0.12410823255777359,1.3180406093597412,-0.8754802346229553,0.0,-0.0035456791520118713,-0.0035456791520118713,-0.07411780208349228,-0.07411780208349228,-0.028410116210579872,-0.49154868721961975,-0.5606862902641296,0.0,-0.04570768587291241,-0.04570768587291241
1128,37.6,24,0,0,,4,uneven rough,11,0.0,103.44723510742188,39.57261657714844,0.20496903359889984,1.0644625425338745,-0.34050047397613525,0.47339510917663574,-0.34050047397613525,1.3841972351074219,0.5598307847976685,0.3333333432674408,-0.0614393875002861,0.13982859253883362,0.5322312712669373,-0.17025023698806763,0.4787973165512085,-0.05231344699859619,0.837007999420166,0.13178221881389618,0.013034484349191189,0.16455413401126862,0.335158109664917,0.335158109664917,0.37992897629737854,-1.830918550491333,0.5210235714912415,0.0,-0.04477086663246155,-0.04477086663246155,-0.08370151370763779,-0.08370151370763779,0.0426233746111393,-0.8001837730407715,-1.4848456382751465,0.0,-0.12632488831877708,-0.12632488831877708,0.418503999710083,0.418503999710083,0.21455667912960052,2.0042567253112793,0.24778753519058228,0.0,0.20394732058048248,0.20394732058048248,0.09224755316972733,0.09224755316972733,0.1145416870713234,-1.2915486097335815,-1.4727165699005127,0.0,-0.02229413390159607,-0.02229413390159607,0.006517242174595594,0.006517242174595594,-0.031793657690286636,-0.569576621055603,-1.5553615093231201,0.0,0.03831089986488223,0.03831089986488223,0.08227706700563431,0.08227706700563431,0.06008833274245262,1.8186845779418945,-0.6527853012084961,0.0,0.022188734263181686,0.022188734263181686
1129,37.63333333333333,4,0,0,,4,uneven rough,5,0.0,54.29188537597656,34.28701400756836,0.30782270431518555,1.6670433282852173,-0.08836786448955536,1.6670433282852173,-0.08836786448955536,6.2449493408203125,4.968708515167236,0.43677493929862976,0.04314114898443222,0.2198241800069809,0.8335216641426086,-0.04418393224477768,0.3189373314380646,0.3683737814426422,-0.2023734599351883,-0.09969069063663483,-0.15670473873615265,-0.36452487111091614,0.22325612604618073,0.22325612604618073,0.1634644865989685,1.9999284744262695,-1.0191317796707153,0.0,0.05979163944721222,0.05979163944721222,0.1841868907213211,0.1841868907213211,0.20371854305267334,0.370684415102005,0.8042013049125671,0.0,-0.019531652331352234,-0.019531652331352234,-0.10118672996759415,-0.10118672996759415,0.014588279649615288,-1.852359414100647,-0.07534237951040268,0.0,-0.11577500961720943,-0.11577500961720943,-0.06978347897529602,-0.06978347897529602,0.21284455060958862,-1.7893126010894775,-0.773413896560669,0.0,-0.28262802958488464,-0.28262802958488464,-0.2507275938987732,-0.2507275938987732,0.02819765731692314,-1.9989538192749023,-0.16137143969535828,0.0,-0.27892525121569633,-0.27892525121569633,-0.18226243555545807,-0.18226243555545807,-0.0881311222910881,-1.4579191207885742,-1.2540901899337769,0.0,-0.09413131326436996,-0.09413131326436996
1129,37.63333333333333,14,0,0,,4,uneven rough,5,0.0,53.93594741821289,36.90617370605469,0.3367387354373932,0.16877803206443787,0.4282965064048767,0.16877803206443787,0.4282965064048767,0.7101654410362244,2.765933036804199,0.40513771772384644,0.2615453600883484,0.14034926891326904,0.08438901603221893,0.21414825320243835,0.3849785029888153,0.44143247604370117,0.27569812536239624,0.3664758503437042,0.3637424409389496,0.16218236088752747,0.2694849371910095,0.2694849371910095,0.2547183334827423,1.3457813262939453,0.3855346143245697,0.0,0.014766603708267212,0.014766603708267212,0.22071623802185059,0.22071623802185059,0.03006644733250141,1.2967733144760132,-1.2091989517211914,0.0,0.19064979068934917,0.19064979068934917,0.13784906268119812,0.13784906268119812,0.1352977752685547,0.5241589546203613,0.35561126470565796,0.0,0.0025512874126434326,0.0025512874126434326,0.25653308629989624,0.25653308629989624,0.09785792976617813,1.9908115863800049,-0.3899627923965454,0.0,0.1586751565337181,0.1586751565337181,0.1818712204694748,0.1818712204694748,0.18867823481559753,0.6987766027450562,0.36474037170410156,0.0,-0.006807014346122742,-0.006807014346122742,0.08109118044376373,0.08109118044376373,0.0312826968729496,2.000018358230591,-0.5215957760810852,0.0,0.04980848357081413,0.04980848357081413
1129,37.63333333333333,24,0,0,,4,uneven rough,11,0.0,103.43438720703125,39.59506607055664,0.20933586359024048,1.437605857849121,-0.2993493676185608,0.5306776762008667,-0.2993493676185608,3.2301440238952637,3.039337635040283,0.3333333432674408,-0.023044239729642868,0.1880313605070114,0.7188029289245605,-0.1496746838092804,0.8274782299995422,0.31891804933547974,0.7063472270965576,0.22571422159671783,0.09848500043153763,0.2722615599632263,0.579234778881073,0.579234778881073,0.3965562880039215,1.0195709466934204,-0.8087686896324158,0.0,0.1826784908771515,0.1826784908771515,0.15945902466773987,0.15945902466773987,0.11258156597614288,1.9780853986740112,-1.0977365970611572,0.0,0.046877458691596985,0.046877458691596985,0.3531736135482788,0.3531736135482788,0.2721979320049286,1.5505634546279907,1.2408983707427979,0.0,0.08097568154335022,0.08097568154335022,0.1579999476671219,0.1579999476671219,0.09284123033285141,0.8187649846076965,-1.370283842086792,0.0,0.06515871733427048,0.06515871733427048,0.049242500215768814,0.049242500215768814,0.030713235959410667,1.55630624294281,-0.997996985912323,0.0,0.018529264256358147,0.018529264256358147,0.13613077998161316,0.13613077998161316,0.11854545027017593,1.73862624168396,0.7445881962776184,0.0,0.017585329711437225,0.017585329711437225
1130,37.666666666666664,4,0,0,,4,uneven rough,5,0.0,54.271995544433594,34.32118606567383,0.32813575863838196,1.6657695770263672,-0.721960723400116,1.6657695770263672,-0.721960723400116,4.613471984863281,2.9375789165496826,0.3333333432674408,0.003593921661376953,0.17396090924739838,0.8328847885131836,-0.360980361700058,-0.2047685831785202,0.6927560567855835,0.12193107604980469,-0.2562762498855591,-0.07996698468923569,-0.5538703203201294,-0.14333800971508026,-0.14333800971508026,0.13216163218021393,-1.8148109912872314,0.687850296497345,0.0,-0.2754996418952942,-0.2754996418952942,0.34637802839279175,0.34637802839279175,0.2720508277416229,1.9708409309387207,0.5590900778770447,0.0,0.07432720065116882,0.07432720065116882,0.060965538024902344,0.060965538024902344,0.010055342689156532,-0.6186968684196472,-1.080070972442627,0.0,0.05091019533574581,0.05091019533574581,-0.17939336597919464,-0.17939336597919464,0.1770484745502472,-1.3238312005996704,-1.3478049039840698,0.0,-0.35644184052944183,-0.35644184052944183,-0.12794718146324158,-0.12794718146324158,-0.026893408969044685,-1.63683021068573,-1.2003438472747803,0.0,-0.10105377249419689,-0.10105377249419689,-0.2769351601600647,-0.2769351601600647,-0.1433127224445343,-1.1948843002319336,-1.369335412979126,0.0,-0.1336224377155304,-0.1336224377155304
1130,37.666666666666664,14,0,0,,4,uneven rough,5,0.0,53.92567443847656,36.93048858642578,0.3444085717201233,1.0100798606872559,0.357960969209671,1.0100798606872559,0.357960969209671,5.170019149780273,1.1285552978515625,0.019924625754356384,0.11075513809919357,0.2932913601398468,0.5050399303436279,0.1789804846048355,-0.5514487624168396,0.6554093360900879,0.5151286125183105,0.6478937864303589,0.13818036019802094,-0.12296657264232635,-0.3860141336917877,-0.3860141336917877,0.22732341289520264,-1.391279697418213,0.9284598231315613,0.0,-0.6133375465869904,-0.6133375465869904,0.32770466804504395,0.32770466804504395,0.06603644788265228,0.7072815299034119,0.2076822817325592,0.0,0.26166822016239166,0.26166822016239166,0.2575643062591553,0.2575643062591553,0.15257960557937622,-0.18385159969329834,0.4509084224700928,0.0,0.10498470067977905,0.10498470067977905,0.4535256326198578,0.4535256326198578,0.17056480050086975,2.000619649887085,0.9561312794685364,0.0,0.28296083211898804,0.28296083211898804,0.06909018009901047,0.06909018009901047,0.15059709548950195,-1.986526370048523,0.5536050796508789,0.0,-0.08150691539049149,-0.08150691539049149,-0.06148328632116318,-0.06148328632116318,0.021720584481954575,-1.1379411220550537,0.9041293859481812,0.0,-0.08320387080311775,-0.08320387080311775
1130,37.666666666666664,24,0,0,,4,uneven rough,11,0.0,103.4187240600586,39.61450958251953,0.20263978838920593,1.2923719882965088,0.17264847457408905,0.44657111167907715,0.17264847457408905,1.5584802627563477,0.7940850257873535,0.3333333432674408,0.0068609220907092094,0.13275152444839478,0.6461859941482544,0.08632423728704453,0.4737643897533417,0.6215440630912781,-0.10931145399808884,0.4491244852542877,0.586234450340271,-0.02059783600270748,0.331635057926178,0.331635057926178,0.3469123840332031,-1.937443494796753,0.22497782111167908,0.0,-0.015277326107025146,-0.015277326107025146,0.31077203154563904,0.31077203154563904,0.1783338338136673,1.960182785987854,0.6413386464118958,0.0,0.13243819773197174,0.13243819773197174,-0.05465572699904442,-0.05465572699904442,0.20649950206279755,-1.9956637620925903,1.4159835577011108,0.0,-0.26115522906184196,-0.26115522906184196,0.31438714265823364,0.31438714265823364,0.1613347977399826,1.9443697929382324,-0.13259169459342957,0.0,0.15305234491825104,0.15305234491825104,0.2931172251701355,0.2931172251701355,0.09258311986923218,1.9997227191925049,0.4462106227874756,0.0,0.20053410530090332,0.20053410530090332,-0.01029891800135374,-0.01029891800135374,0.05761950835585594,-2.000089645385742,1.3066190481185913,0.0,-0.06791842635720968,-0.06791842635720968
1131,37.7,4,0,0,,4,uneven rough,5,0.0,54.254966735839844,34.35737991333008,0.3350422978401184,1.7776072025299072,0.2369767278432846,1.7776072025299072,0.2369767278432846,6.0847296714782715,2.809067726135254,0.3333333432674408,-0.46039852499961853,0.23471710085868835,0.8888036012649536,0.1184883639216423,0.6738487482070923,0.4592006802558899,0.2790752947330475,-0.2860148847103119,0.385484516620636,-0.8162174820899963,0.47169411182403564,0.47169411182403564,0.18406444787979126,1.9755710363388062,-0.7271589040756226,0.0,0.2876296639442444,0.2876296639442444,0.22960034012794495,0.22960034012794495,0.25886568427085876,-1.954917073249817,1.3572965860366821,0.0,-0.02926534414291382,-0.02926534414291382,0.13953764736652374,0.13953764736652374,0.06378726661205292,1.8636610507965088,-0.8192092180252075,0.0,0.07575038075447083,0.07575038075447083,-0.20021042227745056,-0.20021042227745056,0.10877863317728043,-1.836678385734558,-1.3342502117156982,0.0,-0.308989055454731,-0.308989055454731,0.192742258310318,0.192742258310318,0.008790473453700542,1.6451419591903687,-1.447134017944336,0.0,0.18395178485661745,0.18395178485661745,-0.40810874104499817,-0.40810874104499817,-0.17241357266902924,-1.2066266536712646,-1.270700454711914,0.0,-0.23569516837596893,-0.23569516837596893
1131,37.7,14,0,0,,4,uneven rough,5,0.0,53.91196060180664,36.951255798339844,0.35754427313804626,0.5428236722946167,0.5398021340370178,0.5428236722946167,0.5398021340370178,4.121417045593262,1.2843239307403564,0.3333333432674408,0.24622082710266113,0.0735621228814125,0.27141183614730835,0.2699010670185089,0.05312645062804222,0.3375661373138428,0.25669071078300476,0.31070542335510254,-0.018237654119729996,0.11580706387758255,0.037188515067100525,0.037188515067100525,0.1621098667383194,-1.7088394165039062,-0.38312506675720215,0.0,-0.12492135167121887,-0.12492135167121887,0.1687830686569214,0.1687830686569214,0.1309032291173935,2.0000739097595215,0.4901565909385681,0.0,0.03787983953952789,0.03787983953952789,0.12834535539150238,0.12834535539150238,0.13814271986484528,-0.6692698001861572,0.09201397001743317,0.0,-0.009797364473342896,-0.009797364473342896,0.21749378740787506,0.21749378740787506,0.2266211062669754,0.9619234204292297,1.5466868877410889,0.0,-0.009127318859100342,-0.009127318859100342,-0.029180247336626053,-0.029180247336626053,0.09676502645015717,-1.7102179527282715,-0.8825898170471191,0.0,-0.12594527378678322,-0.12594527378678322,0.057903531938791275,0.057903531938791275,0.027003206312656403,0.8386926054954529,-0.2504609525203705,0.0,0.030900325626134872,0.030900325626134872
1131,37.7,24,0,0,,4,uneven rough,11,0.0,103.41336822509766,39.6353874206543,0.18413057923316956,-0.03188310191035271,0.8411328792572021,-0.03188310191035271,0.8411328792572021,1.4952400922775269,1.6041158437728882,0.1666666716337204,-0.031439151614904404,0.0845891684293747,-0.015941550955176353,0.4205664396286011,0.8198354244232178,0.07262753695249557,0.0794806033372879,0.6426698565483093,0.20600485801696777,0.35609009861946106,0.5738847851753235,0.5738847851753235,0.37678322196006775,1.8744467496871948,-0.9976590871810913,0.0,0.19710156321525574,0.19710156321525574,0.03631376847624779,0.03631376847624779,0.11705788969993591,-0.8128461241722107,1.387015461921692,0.0,-0.08074412122368813,-0.08074412122368813,0.03974030166864395,0.03974030166864395,0.1424328088760376,-1.3147237300872803,-0.5129679441452026,0.0,-0.10269250720739365,-0.10269250720739365,0.4498688876628876,0.4498688876628876,0.2004101425409317,0.24807068705558777,1.0417261123657227,0.0,0.24945874512195587,0.24945874512195587,0.10300242900848389,0.10300242900848389,0.09760785847902298,0.9401230812072754,1.3245691061019897,0.0,0.005394570529460907,0.005394570529460907,0.17804504930973053,0.17804504930973053,0.10096026211977005,0.4816567599773407,-0.562999963760376,0.0,0.07708478718996048,0.07708478718996048
1132,37.733333333333334,4,0,0,,4,uneven rough,5,0.0,54.236778259277344,34.396602630615234,0.33789128065109253,1.6508300304412842,-0.15569698810577393,1.6508300304412842,-0.15569698810577393,5.01362419128418,3.118764877319336,0.3333333432674408,-0.1642414629459381,0.1868610680103302,0.8254150152206421,-0.07784849405288696,0.8301740884780884,0.6198623180389404,0.1335170567035675,0.02514467015862465,0.33665382862091064,-0.39328572154045105,0.5811218619346619,0.5811218619346619,0.2482820749282837,1.932713270187378,0.8009694814682007,0.0,0.3328397870063782,0.3328397870063782,0.3099311590194702,0.3099311590194702,0.29784250259399414,1.7815213203430176,-0.5154349207878113,0.0,0.012088656425476074,0.012088656425476074,0.06675852835178375,0.06675852835178375,0.07494325190782547,-0.39822059869766235,0.6976904273033142,0.0,-0.008184723556041718,-0.008184723556041718,0.017601268365979195,0.017601268365979195,0.04237839952111244,-2.000046491622925,-1.6183240413665771,0.0,-0.024777131155133247,-0.024777131155133247,0.16832691431045532,0.16832691431045532,0.08264037221670151,1.911293864250183,0.3012443482875824,0.0,0.08568654209375381,0.08568654209375381,-0.19664286077022552,-0.19664286077022552,-0.2016519159078598,0.10293087363243103,-1.2344729900360107,0.0,0.005009055137634277,0.005009055137634277
1132,37.733333333333334,14,0,0,,4,uneven rough,5,0.0,53.895362854003906,36.9703254699707,0.3639008104801178,0.8143104314804077,0.20790165662765503,0.8143104314804077,0.20790165662765503,5.967037200927734,1.683091402053833,0.3333333432674408,0.04343855381011963,0.06715039908885956,0.40715521574020386,0.10395082831382751,0.2689553499221802,0.2412123680114746,0.40350306034088135,0.01353801041841507,-0.03288329392671585,-0.27563905715942383,0.1882687360048294,0.1882687360048294,0.19880639016628265,1.163101315498352,-1.1326863765716553,0.0,-0.010537654161453247,-0.010537654161453247,0.1206061840057373,0.1206061840057373,0.12158148735761642,-1.1000350713729858,1.3438665866851807,0.0,-0.0009753033518791199,-0.0009753033518791199,0.20175153017044067,0.20175153017044067,0.1452193260192871,0.7335809469223022,-0.3384172320365906,0.0,0.056532204151153564,0.056532204151153564,0.009476606734097004,0.009476606734097004,0.166239395737648,-1.8008854389190674,1.2160605192184448,0.0,-0.156762789003551,-0.156762789003551,-0.0526132695376873,-0.0526132695376873,0.03271053358912468,-1.8072035312652588,-1.3505322933197021,0.0,-0.08532380312681198,-0.08532380312681198,-0.13781952857971191,-0.13781952857971191,0.039610959589481354,0.04659951105713844,0.3653484284877777,0.0,-0.17743048816919327,-0.17743048816919327
1132,37.733333333333334,24,0,0,,4,uneven rough,11,0.0,103.40091705322266,39.65715408325195,0.1764775514602661,1.3899860382080078,0.06723760068416595,0.4881911277770996,0.06723760068416595,2.6249256134033203,3.823528289794922,0.3333333432674408,-0.03291209787130356,0.10029077529907227,0.6949930191040039,0.03361880034208298,0.242417111992836,-0.017069756984710693,0.5174822211265564,0.3932872414588928,0.35516947507858276,-0.10986451059579849,0.16969197988510132,0.16969197988510132,0.33850669860839844,-1.6477367877960205,0.6262347102165222,0.0,-0.16881471872329712,-0.16881471872329712,-0.02731161192059517,-0.02731161192059517,0.10789967328310013,-0.1101943626999855,0.14320975542068481,0.0,-0.1352112852036953,-0.1352112852036953,0.2587411105632782,0.2587411105632782,0.1460801661014557,0.1412390023469925,-0.9662821292877197,0.0,0.11266094446182251,0.11266094446182251,0.275301069021225,0.275301069021225,0.26682719588279724,1.9844595193862915,0.5929918885231018,0.0,0.008473873138427734,0.008473873138427734,0.17758473753929138,0.17758473753929138,0.11852323263883591,1.963411569595337,1.1072026491165161,0.0,0.059061504900455475,0.059061504900455475,-0.054932255297899246,-0.054932255297899246,0.05041979253292084,-1.6856242418289185,0.02765081450343132,0.0,-0.10535204783082008,-0.10535204783082008
1133,37.766666666666666,4,0,0,,4,uneven rough,5,0.0,54.22730255126953,34.439430236816406,0.3338046371936798,1.3242771625518799,0.7466585636138916,1.3242771625518799,0.7466585636138916,3.158019542694092,0.7351665496826172,0.1666666716337204,-0.1804114580154419,0.26609987020492554,0.6621385812759399,0.3733292818069458,0.7705740332603455,0.7183072566986084,-0.08822507411241531,0.4906196594238281,0.3957578241825104,-0.25361326336860657,0.5394018292427063,0.5394018292427063,0.3121751844882965,2.0000030994415283,1.4408594369888306,0.0,0.2272266447544098,0.2272266447544098,0.3591536283493042,0.3591536283493042,0.3583276569843292,1.31730055809021,0.7832682728767395,0.0,0.0008259713649749756,0.0008259713649749756,-0.04411253705620766,-0.04411253705620766,0.011659461073577404,-1.9999996423721313,0.07806035876274109,0.0,-0.05577199812978506,-0.05577199812978506,0.34343376755714417,0.34343376755714417,0.06573260575532913,1.905479073524475,-1.8341506719589233,0.0,0.27770116180181503,0.27770116180181503,0.1978789120912552,0.1978789120912552,0.14867769181728363,1.902655005455017,1.2115691900253296,0.0,0.04920122027397156,0.04920122027397156,-0.12680663168430328,-0.12680663168430328,-0.14414308965206146,1.9944367408752441,-0.4783024489879608,0.0,0.01733645796775818,0.01733645796775818
1133,37.766666666666666,14,0,0,,4,uneven rough,5,0.0,53.87339401245117,36.98797607421875,0.36752671003341675,1.1080427169799805,-0.4422092139720917,1.1080427169799805,-0.4422092139720917,4.019474029541016,2.3109521865844727,0.3333333432674408,0.3756710886955261,0.10881724953651428,0.5540213584899902,-0.22110460698604584,0.2580091655254364,0.19849127531051636,0.5069242715835571,-0.049847234040498734,-0.06742803007364273,-0.1833651214838028,0.180606409907341,0.180606409907341,0.2151118516921997,-0.1429014950990677,0.1653560996055603,0.0,-0.034505441784858704,-0.034505441784858704,0.09924563765525818,0.09924563765525818,0.08526501059532166,-0.8308332562446594,-0.0379197895526886,0.0,0.013980627059936523,0.013980627059936523,0.25346213579177856,0.25346213579177856,0.16271300613880157,0.18319667875766754,0.2676924765110016,0.0,0.09074912965297699,0.09074912965297699,-0.034893061965703964,-0.034893061965703964,0.10966131091117859,-1.601090669631958,-0.48972615599632263,0.0,-0.14455437287688255,-0.14455437287688255,-0.10788484662771225,-0.10788484662771225,-0.024963071569800377,-1.9363794326782227,-1.6087350845336914,0.0,-0.08292177505791187,-0.08292177505791187,-0.0916825607419014,-0.0916825607419014,0.016500454396009445,-1.2919777631759644,0.18512721359729767,0.0,-0.10818301513791084,-0.10818301513791084
1133,37.766666666666666,24,0,0,,4,uneven rough,11,0.0,103.39553833007812,39.686500549316406,0.17484280467033386,0.8747439384460449,0.3999059796333313,0.5405726432800293,0.3999059796333313,3.4927978515625,3.667921781539917,0.6666666865348816,-0.14591625332832336,0.05981142073869705,0.43737196922302246,0.19995298981666565,0.7175318002700806,0.1773647516965866,0.4663601517677307,0.5267875790596008,0.14247985184192657,0.3311571776866913,0.5022722482681274,0.5022722482681274,0.3744898736476898,1.9612294435501099,-0.6594728827476501,0.0,0.12778237462043762,0.12778237462043762,0.0886823758482933,0.0886823758482933,0.07395917922258377,-0.12846478819847107,-6.538578600157052e-05,0.0,0.014723196625709534,0.014723196625709534,0.23318007588386536,0.23318007588386536,0.18414290249347687,1.4695947170257568,-0.3400877118110657,0.0,0.04903717339038849,0.04903717339038849,0.36875128746032715,0.36875128746032715,0.3136707544326782,2.0000526905059814,1.379730224609375,0.0,0.055080533027648926,0.055080533027648926,0.07123992592096329,0.07123992592096329,0.1033082976937294,-0.4569608271121979,1.5913046598434448,0.0,-0.03206837177276611,-0.03206837177276611,0.16557858884334564,0.16557858884334564,0.10279560089111328,2.000063896179199,-0.9410379528999329,0.0,0.06278298795223236,0.06278298795223236
1134,37.8,4,0,0,,4,uneven rough,5,0.0,54.22014236450195,34.477684020996094,0.31785303354263306,1.4960248470306396,0.8836130499839783,1.4960248470306396,0.8836130499839783,7.450634956359863,0.0,0.0,-0.21020492911338806,0.3767031133174896,0.7480124235153198,0.44180652499198914,0.11142050474882126,0.6859400272369385,0.31514257192611694,0.6814184188842773,0.38462480902671814,0.20275633037090302,0.07799435406923294,0.07799435406923294,0.3020009994506836,-1.737975001335144,1.7570003271102905,0.0,-0.22400664538145065,-0.22400664538145065,0.34297001361846924,0.34297001361846924,0.33812806010246277,-1.8772404193878174,1.0852110385894775,0.0,0.00484195351600647,0.00484195351600647,0.15757128596305847,0.15757128596305847,0.04958173260092735,1.4439499378204346,-1.0968785285949707,0.0,0.10798955336213112,0.10798955336213112,0.4769928753376007,0.4769928753376007,0.13889604806900024,1.9953029155731201,0.2802426815032959,0.0,0.33809682726860046,0.33809682726860046,0.19231240451335907,0.19231240451335907,0.2119516283273697,1.8847750425338745,1.6023104190826416,0.0,-0.01963922381401062,-0.01963922381401062,0.10137816518545151,0.10137816518545151,-0.07322489470243454,1.8445191383361816,0.9197887182235718,0.0,0.17460305988788605,0.17460305988788605
1134,37.8,14,0,0,,4,uneven rough,5,0.0,53.84843826293945,37.0113525390625,0.3797864615917206,1.2699335813522339,-0.39725062251091003,1.2699335813522339,-0.39725062251091003,4.570129871368408,2.3179643154144287,0.3333333432674408,0.35711926221847534,0.2356308549642563,0.6349667906761169,-0.19862531125545502,0.4176877439022064,0.31907644867897034,0.4227561056613922,-0.08981307595968246,-0.11096431314945221,-0.20001791417598724,0.2923814058303833,0.2923814058303833,0.27404800057411194,1.9834263324737549,-0.0089332964271307,0.0,0.018333405256271362,0.018333405256271362,0.15953822433948517,0.15953822433948517,0.13479429483413696,1.7316008806228638,-0.48623448610305786,0.0,0.024743929505348206,0.024743929505348206,0.2113780528306961,0.2113780528306961,0.1634913831949234,0.1377880722284317,0.2199184000492096,0.0,0.047886669635772705,0.047886669635772705,-0.06286915391683578,-0.06286915391683578,0.042911116033792496,-1.8350098133087158,-1.1180936098098755,0.0,-0.10578026995062828,-0.10578026995062828,-0.17754290997982025,-0.17754290997982025,-0.06934506446123123,-1.457987666130066,-1.7939857244491577,0.0,-0.10819784551858902,-0.10819784551858902,-0.10000895708799362,-0.10000895708799362,-0.04072782024741173,-1.8133348226547241,-0.6500306129455566,0.0,-0.059281136840581894,-0.059281136840581894
1134,37.8,24,0,0,,4,uneven rough,11,0.0,103.38471984863281,39.719398498535156,0.17087209224700928,1.3043179512023926,-0.19889278709888458,0.47513413429260254,-0.19889278709888458,1.043105959892273,0.3267775774002075,0.30289599299430847,0.04946499690413475,0.32324910163879395,0.6521589756011963,-0.09944639354944229,-0.41756385564804077,0.6046668291091919,0.5779765844345093,0.5215671062469482,0.3414362072944641,0.11024434864521027,-0.2922946810722351,-0.2922946810722351,0.3612009286880493,-0.8793249726295471,0.8222768902778625,0.0,-0.6534956097602844,-0.6534956097602844,0.30233341455459595,0.30233341455459595,0.14152565598487854,1.4558473825454712,-0.07266263663768768,0.0,0.1608077585697174,0.1608077585697174,0.28898829221725464,0.28898829221725464,0.24753743410110474,1.9404125213623047,0.6831099987030029,0.0,0.0414508581161499,0.0414508581161499,0.36509695649147034,0.36509695649147034,0.37718573212623596,0.60099858045578,1.730461597442627,0.0,-0.012088775634765625,-0.012088775634765625,0.17071810364723206,0.17071810364723206,0.16530117392539978,1.0905954837799072,0.43321168422698975,0.0,0.005416929721832275,0.005416929721832275,0.05512217432260513,0.05512217432260513,0.05984494835138321,-2.0015146732330322,0.7218663096427917,0.0,-0.004722774028778076,-0.004722774028778076
1135,37.833333333333336,4,0,0,,4,uneven rough,5,0.0,54.212196350097656,34.510459899902344,0.31367138028144836,1.6071971654891968,0.7251439690589905,1.6071971654891968,0.7251439690589905,6.756394863128662,3.8022727966308594,0.3333333432674408,0.2884005308151245,0.0955861434340477,0.8035985827445984,0.36257198452949524,0.46749165654182434,0.6438019871711731,-0.25899067521095276,0.43029069900512695,0.02939891628921032,0.20514731109142303,0.3272441625595093,0.3272441625595093,0.2805517613887787,0.6489756107330322,-0.21906498074531555,0.0,0.04669240117073059,0.04669240117073059,0.32190099358558655,0.32190099358558655,0.3027706444263458,0.36120110750198364,-0.5897642970085144,0.0,0.019130349159240723,0.019130349159240723,-0.12949533760547638,-0.12949533760547638,-0.008562159724533558,-1.8728746175765991,0.33971044421195984,0.0,-0.12093317788094282,-0.12093317788094282,0.30120348930358887,0.30120348930358887,0.19858795404434204,1.6859724521636963,1.2499407529830933,0.0,0.10261553525924683,0.10261553525924683,0.01469945814460516,0.01469945814460516,0.16542953252792358,-1.484460473060608,1.7620164155960083,0.0,-0.15073007438331842,-0.15073007438331842,0.10257365554571152,0.10257365554571152,-0.007548370398581028,2.000000476837158,1.4426329135894775,0.0,0.11012202594429255,0.11012202594429255
1135,37.833333333333336,14,0,0,,4,uneven rough,5,0.0,53.81492233276367,37.033668518066406,0.3809022605419159,1.1610498428344727,-0.23346079885959625,1.1610498428344727,-0.23346079885959625,2.74432635307312,2.689775228500366,0.3333333432674408,0.2284914255142212,0.18693947792053223,0.5805249214172363,-0.11673039942979813,0.002551419660449028,0.4730207026004791,0.2955470681190491,-0.2359350174665451,0.13229051232337952,-0.36052805185317993,0.0017859936924651265,0.0017859936924651265,0.24913716316223145,-1.9847595691680908,1.1175503730773926,0.0,-0.24735116946976632,-0.24735116946976632,0.23651035130023956,0.23651035130023956,0.2011367231607437,1.9992996454238892,0.767733633518219,0.0,0.03537362813949585,0.03537362813949585,0.14777353405952454,0.14777353405952454,0.13980793952941895,-0.9826011657714844,0.1734817624092102,0.0,0.00796559453010559,0.00796559453010559,-0.16515451669692993,-0.16515451669692993,-0.011857791803777218,-1.4224154949188232,-1.5234392881393433,0.0,-0.1532967248931527,-0.1532967248931527,0.06614525616168976,0.06614525616168976,-0.026766035705804825,1.9660481214523315,-1.6040117740631104,0.0,0.09291129186749458,0.09291129186749458,-0.18026402592658997,-0.18026402592658997,-0.1038212925195694,-1.8193317651748657,-1.3077648878097534,0.0,-0.07644273340702057,-0.07644273340702057
1135,37.833333333333336,24,0,0,,4,uneven rough,11,0.0,103.36970520019531,39.749019622802734,0.1654585599899292,0.7785124182701111,1.1848559379577637,0.5001339912414551,1.1848559379577637,3.104341983795166,2.8076109886169434,0.5,-0.19336283206939697,0.1416681408882141,0.38925620913505554,0.5924279689788818,0.7260774374008179,-0.14367805421352386,0.11514128744602203,0.28201186656951904,0.19773229956626892,0.03384161368012428,0.5082541704177856,0.5082541704177856,0.42286279797554016,1.9454830884933472,-0.13981184363365173,0.0,0.08539137244224548,0.08539137244224548,-0.22988489270210266,-0.22988489270210266,0.08653397113084793,-0.4113277792930603,0.7915596961975098,0.0,-0.3164188638329506,-0.3164188638329506,0.05757064372301102,0.05757064372301102,0.19907355308532715,-1.9659830331802368,1.3939911127090454,0.0,-0.14150290936231613,-0.14150290936231613,0.1974083036184311,0.1974083036184311,0.3111882209777832,-2.0002658367156982,1.0918612480163574,0.0,-0.11377991735935211,-0.11377991735935211,0.09886614978313446,0.09886614978313446,0.0972578302025795,-1.234275460243225,0.804897665977478,0.0,0.0016083195805549622,0.0016083195805549622,0.01692080684006214,0.01692080684006214,0.045059870928525925,0.38094955682754517,-0.8179381489753723,0.0,-0.028139064088463783,-0.028139064088463783
1136,37.86666666666667,4,0,0,,4,uneven rough,5,0.0,54.206634521484375,34.5452766418457,0.32266440987586975,1.4761892557144165,-0.08233608305454254,1.4761892557144165,-0.08233608305454254,7.477237701416016,0.0,0.0,0.2819022536277771,0.18050532042980194,0.7380946278572083,-0.04116804152727127,-0.5402699708938599,0.6842707395553589,0.6646645665168762,0.48495885729789734,-0.015180353075265884,0.06684762239456177,-0.37818896770477295,-0.37818896770477295,0.24690639972686768,-1.3239108324050903,0.27172672748565674,0.0,-0.6250953674316406,-0.6250953674316406,0.34213536977767944,0.34213536977767944,0.3138207197189331,0.8812856674194336,-0.05208674073219299,0.0,0.028314650058746338,0.028314650058746338,0.3323322832584381,0.3323322832584381,0.003917516674846411,0.8344056606292725,-0.9112890958786011,0.0,0.3284147665835917,0.3284147665835917,0.3394711911678314,0.3394711911678314,0.2683880925178528,1.9865949153900146,1.4964739084243774,0.0,0.07108309864997864,0.07108309864997864,-0.024288564920425415,-0.024288564920425415,0.12348617613315582,-1.171800971031189,-0.07354743033647537,0.0,-0.14777474105358124,-0.14777474105358124,0.033423811197280884,0.033423811197280884,0.04852144420146942,1.3314975500106812,1.7577695846557617,0.0,-0.015097633004188538,-0.015097633004188538
1136,37.86666666666667,14,0,0,,4,uneven rough,5,0.0,53.78945541381836,37.05884552001953,0.3617640733718872,1.3456699848175049,0.8808161616325378,1.3456699848175049,0.8808161616325378,7.094141960144043,3.3333334922790527,0.1666666716337204,0.10389470309019089,0.32101407647132874,0.6728349924087524,0.4404080808162689,0.804128885269165,0.20838771760463715,-0.11866585165262222,0.12172091007232666,0.4069502353668213,-0.18171536922454834,0.5628902316093445,0.5628902316093445,0.2473321110010147,0.766196608543396,-0.6365012526512146,0.0,0.3155581206083298,0.3155581206083298,0.10419385880231857,0.10419385880231857,0.1480257511138916,-1.9987421035766602,1.464063286781311,0.0,-0.04383189231157303,-0.04383189231157303,-0.05933292582631111,-0.05933292582631111,0.07464702427387238,-1.999999761581421,-0.4801695942878723,0.0,-0.1339799501001835,-0.1339799501001835,0.08520463854074478,0.08520463854074478,-0.014441252686083317,1.5301635265350342,-1.466320276260376,0.0,0.0996458912268281,0.0996458912268281,0.20347511768341064,0.20347511768341064,0.004227407742291689,1.7260985374450684,0.4145064949989319,0.0,0.19924770994111896,0.19924770994111896,-0.09085768461227417,-0.09085768461227417,-0.09681382775306702,0.9461236000061035,-1.5970057249069214,0.0,0.005956143140792847,0.005956143140792847
1136,37.86666666666667,24,0,0,,4,uneven rough,11,0.0,103.35256958007812,39.77521896362305,0.16665005683898926,1.4337884187698364,-0.2097976952791214,0.4999403953552246,-0.2097976952791214,0.9870227575302124,1.8259997367858887,0.3333333432674408,-0.025202512741088867,0.20699486136436462,0.7168942093849182,-0.1048988476395607,0.20211513340473175,0.18408741056919098,0.775783121585846,0.21748130023479462,0.11030957847833633,-0.17171016335487366,0.14148059487342834,0.14148059487342834,0.41157859563827515,-1.1468294858932495,1.0392175912857056,0.0,-0.2700980007648468,-0.2700980007648468,0.09204370528459549,0.09204370528459549,0.09277110546827316,0.32376861572265625,0.11144495010375977,0.0,-0.0007274001836776733,-0.0007274001836776733,0.387891560792923,0.387891560792923,0.24563924968242645,1.9815673828125,-0.5057443380355835,0.0,0.14225231111049652,0.14225231111049652,0.1522369086742401,0.1522369086742401,0.25505372881889343,-1.959926724433899,-0.6564329266548157,0.0,-0.10281682014465332,-0.10281682014465332,0.05515478923916817,0.05515478923916817,0.06289989501237869,-1.340011715888977,-0.3480544686317444,0.0,-0.0077451057732105255,-0.0077451057732105255,-0.08585508167743683,-0.08585508167743683,0.05701883137226105,0.20153218507766724,-0.1400848776102066,0.0,-0.14287391304969788,-0.14287391304969788
1137,37.9,4,0,0,,4,uneven rough,5,0.0,54.196327209472656,34.5797004699707,0.33302077651023865,1.5355652570724487,0.5279433727264404,1.5355652570724487,0.5279433727264404,8.783394813537598,4.666739463806152,0.5,0.6551142334938049,0.05978309363126755,0.7677826285362244,0.2639716863632202,-0.32056838274002075,0.6200658082962036,0.44998493790626526,0.43460384011268616,0.189688578248024,-0.24446456134319305,-0.22439786791801453,-0.22439786791801453,0.19514822959899902,-1.0637097358703613,-0.6304495930671692,0.0,-0.41954609751701355,-0.41954609751701355,0.3100329041481018,0.3100329041481018,0.31517040729522705,0.01790422573685646,0.47564369440078735,0.0,-0.005137503147125244,-0.005137503147125244,0.22499246895313263,0.22499246895313263,0.06335616856813431,1.9708073139190674,0.0757298469543457,0.0,0.16163630038499832,0.16163630038499832,0.3042226731777191,0.3042226731777191,0.3278411030769348,0.9449484348297119,1.7735892534255981,0.0,-0.023618429899215698,-0.023618429899215698,0.094844289124012,0.094844289124012,0.09342337399721146,-0.05009268596768379,-0.6945019364356995,0.0,0.0014209151268005371,0.0014209151268005371,-0.12223228067159653,-0.12223228067159653,0.0400625579059124,-0.586134672164917,1.5167546272277832,0.0,-0.16229483857750893,-0.16229483857750893
1137,37.9,14,0,0,,4,uneven rough,5,0.0,53.77634811401367,37.09494400024414,0.3353912830352783,0.8747370839118958,0.9217207431793213,0.8747370839118958,0.9217207431793213,4.599691390991211,0.0,0.0,-0.11052726954221725,0.19416646659374237,0.4373685419559479,0.46086037158966064,0.5187370181083679,0.27102795243263245,0.5751274824142456,0.6329750418663025,0.01996617205440998,0.40540811419487,0.36311590671539307,0.36311590671539307,0.3124489188194275,1.9388056993484497,0.1565866470336914,0.0,0.050666987895965576,0.050666987895965576,0.13551397621631622,0.13551397621631622,0.11587706208229065,0.304290771484375,-0.49381309747695923,0.0,0.019636914134025574,0.019636914134025574,0.2875637412071228,0.2875637412071228,0.10827922075986862,-0.8412389755249023,-1.3394843339920044,0.0,0.17928452044725418,0.17928452044725418,0.4430825114250183,0.4430825114250183,0.04145193099975586,2.0165510177612305,0.2278970628976822,0.0,0.40163058042526245,0.40163058042526245,0.00998308602720499,0.00998308602720499,0.04855763167142868,0.8885220885276794,1.1560829877853394,0.0,-0.03857454564422369,-0.03857454564422369,0.202704057097435,0.202704057097435,-0.043593768030405045,1.2530770301818848,-0.15911582112312317,0.0,0.24629782512784004,0.24629782512784004
1137,37.9,24,0,0,,4,uneven rough,11,0.0,103.3381118774414,39.79983139038086,0.16413019597530365,1.1126949787139893,0.1902889609336853,0.5379568338394165,0.1902889609336853,0.7274424433708191,1.134290337562561,0.3333333432674408,-0.25648805499076843,0.2914063334465027,0.5563474893569946,0.09514448046684265,0.7583588361740112,-0.022459911182522774,0.7184350490570068,0.12163447588682175,0.13641101121902466,-0.26182499527931213,0.5308511853218079,0.5308511853218079,0.4464011490345001,1.9155267477035522,-0.19677734375,0.0,0.08445003628730774,0.08445003628730774,-0.03593586012721062,-0.03593586012721062,0.04205016419291496,-1.5483922958374023,0.23149313032627106,0.0,-0.07798602432012558,-0.07798602432012558,0.3592175245285034,0.3592175245285034,0.3152695298194885,2.0006606578826904,0.9005861878395081,0.0,0.04394799470901489,0.04394799470901489,0.08514413237571716,0.08514413237571716,0.1820223331451416,-1.9995949268341064,-1.3934307098388672,0.0,-0.09687820076942444,-0.09687820076942444,0.06820550560951233,0.06820550560951233,0.0063406312838196754,-0.7408685684204102,-0.9089089035987854,0.0,0.061864874325692654,0.061864874325692654,-0.13091249763965607,-0.13091249763965607,0.04934103041887283,-0.7794817090034485,0.05306602269411087,0.0,-0.1802535280585289,-0.1802535280585289
1138,37.93333333333333,4,0,0,,4,uneven rough,5,0.0,54.17502975463867,34.61045837402344,0.3336123824119568,1.409297227859497,0.12741610407829285,1.409297227859497,0.12741610407829285,7.2303385734558105,0.4126930832862854,0.3333333432674408,0.6626355051994324,0.08740723133087158,0.7046486139297485,0.06370805203914642,0.1966252624988556,0.5074369311332703,0.16495080292224884,0.07257964462041855,-0.006315579637885094,-0.35958632826805115,0.1376376748085022,0.1376376748085022,0.16576366126537323,-1.2498633861541748,-0.8754156827926636,0.0,-0.028125986456871033,-0.028125986456871033,0.25371846556663513,0.25371846556663513,0.25127166509628296,-1.712721347808838,0.21683697402477264,0.0,0.002446800470352173,0.002446800470352173,0.08247540146112442,0.08247540146112442,0.05836339294910431,-0.5938313007354736,1.1472100019454956,0.0,0.02411200851202011,0.02411200851202011,0.050805751234292984,0.050805751234292984,0.28630441427230835,-1.6145962476730347,1.3050742149353027,0.0,-0.23549866303801537,-0.23549866303801537,-0.010104927234351635,-0.010104927234351635,0.02872796729207039,-1.6399037837982178,-0.3301517963409424,0.0,-0.038832894526422024,-0.038832894526422024,-0.17979316413402557,-0.17979316413402557,-0.02149811014533043,-1.3707915544509888,0.32777726650238037,0.0,-0.15829505398869514,-0.15829505398869514
1138,37.93333333333333,14,0,0,,4,uneven rough,5,0.0,53.75627136230469,37.1322021484375,0.3309641182422638,1.6349608898162842,-0.42630884051322937,1.6349608898162842,-0.42630884051322937,1.7067807912826538,4.93414306640625,0.6666666865348816,-0.4325622022151947,0.2404722422361374,0.8174804449081421,-0.21315442025661469,-0.7444778680801392,0.20730151236057281,0.5022750496864319,0.6135371923446655,0.5840122699737549,0.730116605758667,-0.5211344957351685,-0.5211344957351685,0.3151794373989105,-0.9251907467842102,1.1642564535140991,0.0,-0.836313933134079,-0.836313933134079,0.10365075618028641,0.10365075618028641,0.1406821608543396,-1.841640830039978,-0.042563747614622116,0.0,-0.03703140467405319,-0.03703140467405319,0.25113752484321594,0.25113752484321594,0.12803518772125244,0.18307383358478546,-1.0577754974365234,0.0,0.1231023371219635,0.1231023371219635,0.4294760227203369,0.4294760227203369,0.10352695733308792,0.8319833278656006,1.239205241203308,0.0,0.325949065387249,0.325949065387249,0.29200613498687744,0.29200613498687744,0.07904056459665298,0.3476406931877136,1.0048035383224487,0.0,0.21296557039022446,0.21296557039022446,0.3650583028793335,0.3650583028793335,0.016144204884767532,-0.21769040822982788,0.6393405199050903,0.0,0.34891409799456596,0.34891409799456596
1138,37.93333333333333,24,0,0,,4,uneven rough,11,0.0,103.32498931884766,39.8231315612793,0.16376261413097382,1.5036728382110596,0.26668766140937805,0.4362095594406128,0.26668766140937805,1.5566215515136719,1.3301825523376465,0.3333333432674408,0.05368530750274658,0.21333345770835876,0.7518364191055298,0.13334383070468903,0.4554336369037628,0.1079736053943634,0.6304935812950134,0.2697826325893402,0.07770643383264542,0.25589069724082947,0.3188035488128662,0.3188035488128662,0.3986783027648926,-1.9917165040969849,0.9975231885910034,0.0,-0.07987475395202637,-0.07987475395202637,0.0539868026971817,0.0539868026971817,0.06465195119380951,1.6104837656021118,-0.7748572826385498,0.0,-0.010665148496627808,-0.010665148496627808,0.3152467906475067,0.3152467906475067,0.3255055248737335,-1.2419081926345825,1.522570252418518,0.0,-0.010258734226226807,-0.010258734226226807,0.1888478398323059,0.1888478398323059,0.21255849301815033,1.6556332111358643,-1.7361570596694946,0.0,-0.02371065318584442,-0.02371065318584442,0.03885321691632271,0.03885321691632271,0.013969234190881252,-0.6804100275039673,-0.8138985633850098,0.0,0.024883982725441456,0.024883982725441456,0.12794534862041473,0.12794534862041473,0.09576602280139923,1.9734982252120972,-0.4176579713821411,0.0,0.0321793258190155,0.0321793258190155
1139,37.96666666666667,4,0,0,,4,uneven rough,5,0.0,54.15939712524414,34.64775466918945,0.3306143283843994,1.2894024848937988,-0.2584226131439209,1.2894024848937988,-0.2584226131439209,4.667562484741211,2.3376171588897705,0.3333333432674408,0.5601746439933777,0.19311729073524475,0.6447012424468994,-0.12921130657196045,0.5641593933105469,0.3179096579551697,0.5505917072296143,-0.1512899547815323,-0.2751624584197998,-0.5836173892021179,0.3949115574359894,0.3949115574359894,0.2204253226518631,1.9723695516586304,-1.0871291160583496,0.0,0.17448623478412628,0.17448623478412628,0.15895482897758484,0.15895482897758484,0.18532106280326843,-1.9994874000549316,-0.8741387724876404,0.0,-0.026366233825683594,-0.026366233825683594,0.27529585361480713,0.27529585361480713,0.08448943495750427,0.5538402795791626,0.16282214224338531,0.0,0.19080641865730286,0.19080641865730286,-0.10590296983718872,-0.10590296983718872,0.22141532599925995,-1.701744794845581,-0.34571272134780884,0.0,-0.32731829583644867,-0.32731829583644867,-0.4402599334716797,-0.4402599334716797,0.007047189399600029,-0.25191542506217957,-1.0706878900527954,0.0,-0.4473071228712797,-0.4473071228712797,-0.29180869460105896,-0.29180869460105896,-0.06004415452480316,-1.3043744564056396,-0.6325966119766235,0.0,-0.2317645400762558,-0.2317645400762558
1139,37.96666666666667,14,0,0,,4,uneven rough,5,0.0,53.737266540527344,37.16658401489258,0.3337666690349579,1.3390672206878662,-0.0796145424246788,1.3390672206878662,-0.0796145424246788,5.407922744750977,6.082265377044678,0.6666666865348816,-0.5735213756561279,0.12266697734594345,0.6695336103439331,-0.0398072712123394,0.006482316646724939,0.21348422765731812,0.2551364004611969,0.586105227470398,0.20980951189994812,0.5206026434898376,0.004537621513009071,0.004537621513009071,0.24924390017986298,-1.9979441165924072,-0.017120737582445145,0.0,-0.2447062786668539,-0.2447062786668539,0.10674211382865906,0.10674211382865906,0.11153192073106766,0.12336869537830353,-1.059765100479126,0.0,-0.0047898069024086,-0.0047898069024086,0.12756820023059845,0.12756820023059845,0.13520723581314087,-0.46364447474479675,-0.3561970889568329,0.0,-0.007639035582542419,-0.007639035582542419,0.41027364134788513,0.41027364134788513,0.16583897173404694,1.7770943641662598,1.0089613199234009,0.0,0.2444346696138382,0.2444346696138382,0.10490475594997406,0.10490475594997406,0.08896802365779877,0.4941798150539398,0.6332424879074097,0.0,0.015936732292175293,0.015936732292175293,0.2603013217449188,0.2603013217449188,0.04366469383239746,0.613398015499115,0.15477368235588074,0.0,0.21663662791252136,0.21663662791252136
1139,37.96666666666667,24,0,0,,4,uneven rough,11,0.0,103.31595611572266,39.847354888916016,0.1633460819721222,1.1433217525482178,-0.36205047369003296,0.5210192203521729,-0.36205047369003296,2.66060209274292,0.5395996570587158,0.1666666716337204,0.25076156854629517,0.2554810643196106,0.5716608762741089,-0.18102523684501648,0.41590431332588196,0.3974127769470215,0.8477263450622559,0.6420419216156006,0.1485852599143982,0.16712522506713867,0.29113301634788513,0.29113301634788513,0.3309045732021332,-1.9844459295272827,-0.692598283290863,0.0,-0.03977155685424805,-0.03977155685424805,0.19870638847351074,0.19870638847351074,0.13568484783172607,1.9984184503555298,0.5738188028335571,0.0,0.06302154064178467,0.06302154064178467,0.42386317253112793,0.42386317253112793,0.3702878952026367,1.9480851888656616,-0.04047079011797905,0.0,0.05357527732849121,0.05357527732849121,0.44942933320999146,0.44942933320999146,0.2817150056362152,2.000338077545166,0.1815672516822815,0.0,0.16771432757377625,0.16771432757377625,0.0742926299571991,0.0742926299571991,0.033444490283727646,0.9733166098594666,-0.7384238839149475,0.0,0.04084813967347145,0.04084813967347145,0.08356261253356934,0.08356261253356934,0.09414161741733551,-1.0718737840652466,0.9343060255050659,0.0,-0.010579004883766174,-0.010579004883766174
1140,38.0,4,0,0,,4,uneven rough,5,0.0,54.141361236572266,34.68977355957031,0.3274782598018646,1.485571026802063,-0.44861292839050293,1.485571026802063,-0.44861292839050293,3.0263967514038086,1.4401178359985352,0.3333333432674408,0.2152003049850464,0.12641534209251404,0.7427855134010315,-0.22430646419525146,0.483033686876297,0.3983449637889862,0.6061091423034668,0.1949557065963745,0.20265436172485352,-0.3176059424877167,0.3381235897541046,0.3381235897541046,0.2880217432975769,2.000026226043701,0.6427169442176819,0.0,0.05010184645652771,0.05010184645652771,0.1991724818944931,0.1991724818944931,0.18457584083080292,-0.06985882669687271,-1.5104129314422607,0.0,0.014596641063690186,0.014596641063690186,0.3030545711517334,0.3030545711517334,0.117257259786129,0.669200599193573,0.38390448689460754,0.0,0.1857973113656044,0.1857973113656044,0.13646899163722992,0.13646899163722992,0.15778258442878723,-1.8359533548355103,-1.1124156713485718,0.0,-0.021313592791557312,-0.021313592791557312,0.10132718086242676,0.10132718086242676,0.08169032633304596,1.9982610940933228,-0.6077524423599243,0.0,0.0196368545293808,0.0196368545293808,-0.15880297124385834,-0.15880297124385834,-0.11066923290491104,-1.7281051874160767,-1.0124210119247437,0.0,-0.048133738338947296,-0.048133738338947296
1140,38.0,14,0,0,,4,uneven rough,5,0.0,53.720916748046875,37.203041076660156,0.337307870388031,1.0879147052764893,-0.10348553955554962,1.0879147052764893,-0.10348553955554962,6.61857795715332,4.05509090423584,0.3333333432674408,-0.659010648727417,0.08408856391906738,0.5439573526382446,-0.05174276977777481,0.3815405070781708,0.06327931582927704,0.19297702610492706,0.47716420888900757,0.14118431508541107,0.3177107274532318,0.26707834005355835,0.26707834005355835,0.22602762281894684,0.6534590721130371,-1.1370818614959717,0.0,0.04105071723461151,0.04105071723461151,0.03163965791463852,0.03163965791463852,0.05648265779018402,-0.4829196333885193,-0.39081913232803345,0.0,-0.0248429998755455,-0.0248429998755455,0.09648851305246353,0.09648851305246353,0.09906579554080963,-1.6590346097946167,-0.4169480502605438,0.0,-0.0025772824883461,-0.0025772824883461,0.3340149521827698,0.3340149521827698,0.21955503523349762,1.1972132921218872,1.4432650804519653,0.0,0.11445991694927216,0.11445991694927216,0.07059215754270554,0.07059215754270554,0.04560929909348488,-0.34952202439308167,0.5546162128448486,0.0,0.024982858449220657,0.024982858449220657,0.1588553637266159,0.1588553637266159,0.09614619612693787,0.5391332507133484,0.4140807092189789,0.0,0.06270916759967804,0.06270916759967804
1140,38.0,24,0,0,,4,uneven rough,11,0.0,103.31466674804688,39.873924255371094,0.15900026261806488,0.8745783567428589,-0.019573591649532318,0.467584490776062,-0.019573591649532318,2.450580358505249,0.5246620178222656,0.1666666716337204,0.24641430377960205,0.22883090376853943,0.43728917837142944,-0.009786795824766159,0.7034744024276733,0.04200311377644539,0.6752772331237793,0.6812166571617126,0.20827966928482056,0.0697893351316452,0.4924320876598358,0.4924320876598358,0.34463003277778625,1.6850062608718872,-1.423011302947998,0.0,0.14780205488204956,0.14780205488204956,0.021001556888222694,0.021001556888222694,0.14713017642498016,1.202192783355713,1.379289984703064,0.0,-0.12612861953675747,-0.12612861953675747,0.33763861656188965,0.33763861656188965,0.36212047934532166,-1.0778404474258423,1.0838623046875,0.0,-0.024481862783432007,-0.024481862783432007,0.4768516421318054,0.4768516421318054,0.3373347222805023,1.8131227493286133,1.2099034786224365,0.0,0.1395169198513031,0.1395169198513031,0.10413983464241028,0.10413983464241028,0.02791774645447731,1.262511968612671,0.2293972671031952,0.0,0.07622208818793297,0.07622208818793297,0.0348946675658226,0.0348946675658226,0.04264171048998833,-1.727471947669983,-0.1999916285276413,0.0,-0.007747042924165726,-0.007747042924165726
1141,38.03333333333333,4,0,0,,4,uneven rough,5,0.0,54.1304931640625,34.735252380371094,0.3300095498561859,1.2955957651138306,0.31873321533203125,1.2955957651138306,0.31873321533203125,1.6888959407806396,0.9159966707229614,0.3333333432674408,-0.02846129797399044,0.16335460543632507,0.6477978825569153,0.15936660766601562,0.5984355211257935,0.5367094874382019,0.4962778687477112,0.2669627070426941,0.31583675742149353,-0.24256056547164917,0.4189048707485199,0.4189048707485199,0.3536857068538666,1.9688054323196411,1.4101420640945435,0.0,0.06521916389465332,0.06521916389465332,0.26835474371910095,0.26835474371910095,0.24542023241519928,1.7097499370574951,-0.6959210634231567,0.0,0.022934511303901672,0.022934511303901672,0.2481389343738556,0.2481389343738556,0.17456211149692535,1.944883942604065,0.5452114343643188,0.0,0.07357682287693024,0.07357682287693024,0.1868738979101181,0.1868738979101181,0.15019214153289795,1.020185112953186,-1.5215052366256714,0.0,0.036681756377220154,0.036681756377220154,0.15791837871074677,0.15791837871074677,0.16212467849254608,2.030695915222168,0.8656922578811646,0.0,-0.004206299781799316,-0.004206299781799316,-0.12128028273582458,-0.12128028273582458,-0.11472734063863754,0.7022937536239624,-1.4170701503753662,0.0,-0.006552942097187042,-0.006552942097187042
1141,38.03333333333333,14,0,0,,4,uneven rough,5,0.0,53.69782257080078,37.24001693725586,0.3375198543071747,1.1678979396820068,-0.1279664933681488,1.1678979396820068,-0.1279664933681488,6.816307067871094,2.5202488899230957,0.3333333432674408,-0.8671567440032959,0.1342676877975464,0.5839489698410034,-0.0639832466840744,-0.2125028520822525,0.12598371505737305,0.5983597040176392,0.5640567541122437,0.24302177131175995,0.04155860096216202,-0.14875198900699615,-0.14875198900699615,0.1702597588300705,-2.0023796558380127,-0.12470680475234985,0.0,-0.31901174783706665,-0.31901174783706665,0.06299185752868652,0.06299185752868652,0.09394536912441254,0.823628306388855,-0.4428929090499878,0.0,-0.030953511595726013,-0.030953511595726013,0.2991798520088196,0.2991798520088196,0.15297462046146393,2.0060577392578125,-1.1192259788513184,0.0,0.14620523154735565,0.14620523154735565,0.39483973383903503,0.39483973383903503,0.28483814001083374,1.789118766784668,1.3041470050811768,0.0,0.1100015938282013,0.1100015938282013,0.12151088565587997,0.12151088565587997,0.08429542183876038,-0.5759780406951904,0.043414827436208725,0.0,0.0372154638171196,0.0372154638171196,0.02077930048108101,0.02077930048108101,0.0503372997045517,-1.2218947410583496,0.48478564620018005,0.0,-0.029557999223470688,-0.029557999223470688
1141,38.03333333333333,24,0,0,,4,uneven rough,11,0.0,103.30842590332031,39.89257049560547,0.15755127370357513,0.9738186597824097,0.6424109935760498,0.4928734302520752,0.6424109935760498,2.669309616088867,0.15373334288597107,0.3333333432674408,0.6843113899230957,0.3652617335319519,0.48690932989120483,0.3212054967880249,0.1600508987903595,0.13835595548152924,0.35114678740501404,0.6271688938140869,0.3451043367385864,0.23874397575855255,0.11203562468290329,0.11203562468290329,0.29400768876075745,-1.8972293138504028,0.33426737785339355,0.0,-0.18197206407785416,-0.18197206407785416,0.06917797774076462,0.06917797774076462,0.11940208077430725,-1.7085890769958496,1.2791589498519897,0.0,-0.05022410303354263,-0.05022410303354263,0.17557339370250702,0.17557339370250702,0.31988465785980225,-0.47466304898262024,-0.13836832344532013,0.0,-0.14431126415729523,-0.14431126415729523,0.43901821970939636,0.43901821970939636,0.41016268730163574,1.9517301321029663,1.5509647130966187,0.0,0.02885553240776062,0.02885553240776062,0.1725521683692932,0.1725521683692932,0.017885558307170868,-0.18041914701461792,0.8135221600532532,0.0,0.15466661006212234,0.15466661006212234,0.11937198787927628,0.11937198787927628,0.0832408219575882,2.0410990715026855,-1.0636317729949951,0.0,0.03613116592168808,0.03613116592168808
1142,38.06666666666666,4,0,0,,4,uneven rough,5,0.0,54.12113952636719,34.77342224121094,0.33599424362182617,1.7193831205368042,0.8053733110427856,1.7193831205368042,0.8053733110427856,3.12031888961792,2.403411865234375,0.3333333432674408,-0.11253748834133148,0.2114332616329193,0.8596915602684021,0.4026866555213928,-0.021063102409243584,0.7006786465644836,-0.2546958923339844,0.5879215002059937,0.5546667575836182,0.06291235238313675,-0.014744171872735023,-0.014744171872735023,0.3056718409061432,-2.000000476837158,1.7260113954544067,0.0,-0.3204160127788782,-0.3204160127788782,0.3503393232822418,0.3503393232822418,0.3040393590927124,1.908272385597229,0.6642496585845947,0.0,0.04629996418952942,0.04629996418952942,-0.1273479461669922,-0.1273479461669922,0.12742480635643005,-1.7726168632507324,1.336588740348816,0.0,-0.25477275252342224,-0.25477275252342224,0.4115450382232666,0.4115450382232666,0.21953071653842926,1.9123318195343018,-0.08442894369363785,0.0,0.19201432168483734,0.19201432168483734,0.2773333787918091,0.2773333787918091,0.23664231598377228,1.9999884366989136,1.5243873596191406,0.0,0.040691062808036804,0.040691062808036804,0.031456176191568375,0.031456176191568375,-0.09002700448036194,1.6593776941299438,-0.21877802908420563,0.0,0.12148318067193031,0.12148318067193031
1142,38.06666666666666,14,0,0,,4,uneven rough,5,0.0,53.67203903198242,37.27430725097656,0.3447634279727936,0.8792271018028259,0.5867394804954529,0.8792271018028259,0.5867394804954529,4.503152370452881,1.4487251043319702,0.1666666716337204,-0.5985965728759766,0.026429196819663048,0.43961355090141296,0.29336974024772644,0.3942932188510895,0.2600545883178711,-0.04096240922808647,0.02780681662261486,-0.2362055629491806,0.18630869686603546,0.27600523829460144,0.27600523829460144,0.22905799746513367,2.010834217071533,-1.186346411705017,0.0,0.04694724082946777,0.04694724082946777,0.13002729415893555,0.13002729415893555,0.12462256848812103,0.3521956205368042,0.27320045232772827,0.0,0.005404725670814514,0.005404725670814514,-0.020481204614043236,-0.020481204614043236,0.12112613767385483,-0.49397575855255127,0.6478150486946106,0.0,-0.14160734228789806,-0.14160734228789806,0.019464772194623947,0.019464772194623947,0.22372648119926453,-1.8448338508605957,1.5783509016036987,0.0,-0.20426170900464058,-0.20426170900464058,-0.3779289126396179,-0.3779289126396179,0.02319997362792492,-1.702977180480957,-0.3067910075187683,0.0,-0.40112888626754284,-0.40112888626754284,0.09315434843301773,0.09315434843301773,0.06952870637178421,1.1645811796188354,-0.4801745116710663,0.0,0.02362564206123352,0.02362564206123352
1142,38.06666666666666,24,0,0,,4,uneven rough,11,0.0,103.29386138916016,39.908592224121094,0.15939459204673767,1.2950348854064941,-0.34109145402908325,0.47480642795562744,-0.34109145402908325,3.058603286743164,2.4230785369873047,0.5,0.31413984298706055,0.15110939741134644,0.6475174427032471,-0.17054572701454163,0.3329775631427765,0.1964719295501709,0.5687336921691895,0.39181187748908997,-0.14199072122573853,0.23550693690776825,0.2330842912197113,0.2330842912197113,0.26713496446609497,-0.680012047290802,-0.9274248480796814,0.0,-0.03405067324638367,-0.03405067324638367,0.09823596477508545,0.09823596477508545,0.07654743641614914,0.23869185149669647,-0.4101191461086273,0.0,0.02168852835893631,0.02168852835893631,0.2843668460845947,0.2843668460845947,0.291837215423584,-1.2712476253509521,-0.32850995659828186,0.0,-0.007470369338989258,-0.007470369338989258,0.2742682993412018,0.2742682993412018,0.3854944705963135,-1.8426762819290161,1.7775582075119019,0.0,-0.1112261712551117,-0.1112261712551117,-0.22718515992164612,-0.22718515992164612,-0.03065207414329052,-0.9186739921569824,0.2515459656715393,0.0,-0.1965330857783556,-0.1965330857783556,0.11775346845388412,0.11775346845388412,0.12257357686758041,0.06445971876382828,0.6917886137962341,0.0,-0.004820108413696289,-0.004820108413696289
1143,38.1,4,0,0,,4,uneven rough,5,0.0,54.115699768066406,34.80449676513672,0.3399832546710968,1.6160898208618164,0.9047614336013794,1.6160898208618164,0.9047614336013794,8.163299560546875,3.3333334922790527,0.1666666716337204,-0.14100420475006104,0.19486665725708008,0.8080449104309082,0.4523807168006897,0.3895420730113983,0.3488383889198303,-0.2819759249687195,0.46678611636161804,0.34704816341400146,0.09903904050588608,0.2726794481277466,0.2726794481277466,0.2580581605434418,-0.1679564118385315,-0.3806823790073395,0.0,0.01462128758430481,0.01462128758430481,0.17441919445991516,0.17441919445991516,0.24825793504714966,-1.3113763332366943,1.3676223754882812,0.0,-0.0738387405872345,-0.0738387405872345,-0.14098796248435974,-0.14098796248435974,0.05420847609639168,-2.001525402069092,-0.42136165499687195,0.0,-0.19519643858075142,-0.19519643858075142,0.3267502784729004,0.3267502784729004,0.2752665579319,0.373205304145813,1.0445431470870972,0.0,0.051483720541000366,0.051483720541000366,0.17352408170700073,0.17352408170700073,0.16577528417110443,-1.9552379846572876,1.7932931184768677,0.0,0.007748797535896301,0.007748797535896301,0.04951952025294304,0.04951952025294304,-0.042231082916259766,0.8725183010101318,0.8431345820426941,0.0,0.0917506031692028,0.0917506031692028
1143,38.1,14,0,0,,4,uneven rough,5,0.0,53.63779067993164,37.30615997314453,0.34613558650016785,1.456530213356018,-0.9791532754898071,1.456530213356018,-0.9791532754898071,4.486985206604004,0.6194710731506348,0.3333333432674408,-0.6689337491989136,0.02361973188817501,0.728265106678009,-0.48957663774490356,0.040753088891506195,0.40410304069519043,-0.2511148750782013,-0.08801105618476868,0.16286258399486542,-0.37302693724632263,0.028527161106467247,0.028527161106467247,0.2028517723083496,-1.6887179613113403,0.6213452219963074,0.0,-0.17432461120188236,-0.17432461120188236,0.20205152034759521,0.20205152034759521,0.19056561589241028,1.7358015775680542,0.31786447763442993,0.0,0.011485904455184937,0.011485904455184937,-0.12555743753910065,-0.12555743753910065,0.08015303313732147,0.09374864399433136,0.002244482049718499,0.0,-0.20571047067642212,-0.20571047067642212,-0.061607737094163895,-0.061607737094163895,0.18569807708263397,-1.1881766319274902,-0.35712388157844543,0.0,-0.24730581417679787,-0.24730581417679787,0.08143129199743271,0.08143129199743271,0.06553325057029724,1.5460433959960938,-1.0961971282958984,0.0,0.015898041427135468,0.015898041427135468,-0.18651346862316132,-0.18651346862316132,0.046457689255476,0.756362795829773,0.44977331161499023,0.0,-0.2329711578786373,-0.2329711578786373
1143,38.1,24,0,0,,4,uneven rough,11,0.0,103.27974700927734,39.93105697631836,0.15674331784248352,0.7503786087036133,-0.2923406660556793,0.4793555736541748,-0.2923406660556793,2.995185613632202,0.5175420045852661,0.3333333432674408,0.3310779333114624,0.13571369647979736,0.37518930435180664,-0.14617033302783966,0.6333690881729126,-0.16202831268310547,0.5109220743179321,-0.27782464027404785,0.08044038712978363,-0.3949689567089081,0.4433583617210388,0.4433583617210388,0.3188426196575165,1.909027338027954,-0.7875372171401978,0.0,0.12451574206352234,0.12451574206352234,-0.2592453062534332,-0.2592453062534332,0.06067850813269615,1.2661592960357666,-0.04328025132417679,0.0,-0.3199238143861294,-0.3199238143861294,0.25546103715896606,0.25546103715896606,0.27093908190727234,-0.639868974685669,-0.8615355491638184,0.0,-0.015478044748306274,-0.015478044748306274,-0.19447724521160126,-0.19447724521160126,0.31502726674079895,-2.0260963439941406,-0.26932889223098755,0.0,-0.5095045119524002,-0.5095045119524002,0.040220193564891815,0.040220193564891815,-0.01836285926401615,1.3167228698730469,-0.41009849309921265,0.0,0.05858305282890797,0.05858305282890797,-0.19748447835445404,-0.19748447835445404,0.07223610579967499,-1.8237640857696533,0.3370957374572754,0.0,-0.26972058415412903,-0.26972058415412903
1144,38.13333333333333,4,0,0,,4,uneven rough,5,0.0,54.097286224365234,34.83257293701172,0.3406185805797577,1.7130099534988403,0.026014819741249084,1.7130099534988403,0.026014819741249084,6.841334819793701,4.26652717590332,0.5,-0.28915318846702576,0.1728430688381195,0.8565049767494202,0.013007409870624542,-0.1768769472837448,0.12154994159936905,0.6098612546920776,0.2393684685230255,0.13853976130485535,-0.10998354852199554,-0.12381386011838913,-0.12381386011838913,0.22563974559307098,-1.426998257637024,-0.2604067325592041,0.0,-0.3494536057114601,-0.3494536057114601,0.060774970799684525,0.060774970799684525,0.1914415955543518,-1.9210090637207031,-0.14708827435970306,0.0,-0.13066662475466728,-0.13066662475466728,0.3049306273460388,0.3049306273460388,0.09032795578241348,1.6262691020965576,-1.314789056777954,0.0,0.21460267156362534,0.21460267156362534,0.16755792498588562,0.16755792498588562,0.22898562252521515,-1.9922493696212769,0.6649675369262695,0.0,-0.06142769753932953,-0.06142769753932953,0.06926988065242767,0.06926988065242767,0.09207974374294281,-1.8420900106430054,-0.3261331021785736,0.0,-0.022809863090515137,-0.022809863090515137,-0.05499177426099777,-0.05499177426099777,-0.024237994104623795,-0.7884337902069092,0.8597481846809387,0.0,-0.030753780156373978,-0.030753780156373978
1144,38.13333333333333,14,0,0,,4,uneven rough,5,0.0,53.60701370239258,37.343406677246094,0.34649258852005005,1.4768002033233643,-0.08576563745737076,1.4768002033233643,-0.08576563745737076,5.651404857635498,6.72828483581543,0.5,-0.1893754005432129,0.19310042262077332,0.7384001016616821,-0.04288281872868538,0.8677867650985718,-0.2961537837982178,-0.36886119842529297,-0.11469736695289612,0.5717980861663818,-0.5057201385498047,0.6074507236480713,0.6074507236480713,0.24821212887763977,1.7055013179779053,-0.6847686767578125,0.0,0.3592385947704315,0.3592385947704315,-0.47384604811668396,-0.47384604811668396,0.2108956277370453,0.7526563405990601,1.1195687055587769,0.0,-0.6847416758537292,-0.6847416758537292,-0.18443059921264648,-0.18443059921264648,0.05015749856829643,-0.9005548357963562,0.053981099277734756,0.0,-0.23458809778094292,-0.23458809778094292,-0.08028815686702728,-0.08028815686702728,0.1267027109861374,-1.4521393775939941,-0.8270025849342346,0.0,-0.20699086785316467,-0.20699086785316467,0.2858990430831909,0.2858990430831909,0.11217863857746124,1.914663553237915,0.39773041009902954,0.0,0.17372040450572968,0.17372040450572968,-0.25286006927490234,-0.25286006927490234,0.048279665410518646,-0.34549927711486816,0.6231195330619812,0.0,-0.301139734685421,-0.301139734685421
1144,38.13333333333333,24,0,0,,4,uneven rough,11,0.0,103.26696014404297,39.951927185058594,0.1593645066022873,1.1942466497421265,0.039069466292858124,0.514532208442688,0.039069466292858124,2.5140085220336914,0.8270573616027832,0.3333333432674408,0.46831655502319336,0.014133438467979431,0.5971233248710632,0.019534733146429062,0.6518884301185608,-0.22779226303100586,0.3400067687034607,0.12198522686958313,0.01149290893226862,-0.5670617818832397,0.4563218951225281,0.4563218951225281,0.38410285115242004,1.9893773794174194,0.7371051907539368,0.0,0.07221904397010803,0.07221904397010803,-0.3644676208496094,-0.3644676208496094,0.025974415242671967,0.36848726868629456,0.6970792412757874,0.0,-0.39044203609228134,-0.39044203609228134,0.17000338435173035,0.17000338435173035,0.21833491325378418,-1.6879189014434814,-0.7362048625946045,0.0,-0.04833152890205383,-0.04833152890205383,0.08538965880870819,0.08538965880870819,0.2523758113384247,-1.8425058126449585,-1.2626084089279175,0.0,-0.1669861525297165,-0.1669861525297165,0.00574645446613431,0.00574645446613431,-0.040197838097810745,1.0016885995864868,0.566249430179596,0.0,0.045944292563945055,0.045944292563945055,-0.2835308909416199,-0.2835308909416199,0.008618711493909359,-2.0023016929626465,-0.8846582770347595,0.0,-0.29214960243552923,-0.29214960243552923
1145,38.166666666666664,4,0,0,,4,uneven rough,5,0.0,54.07722854614258,34.86250305175781,0.337948739528656,1.6653765439987183,-0.282410591840744,1.6653765439987183,-0.282410591840744,3.6786839962005615,3.1276016235351562,0.5,-0.7079952955245972,0.21980276703834534,0.8326882719993591,-0.141205295920372,0.4478737711906433,-0.003813766175881028,0.5502420663833618,0.21250717341899872,-0.2293994426727295,-0.2839776575565338,0.3135116398334503,0.3135116398334503,0.26180794835090637,1.9987610578536987,-0.9199996590614319,0.0,0.051703691482543945,0.051703691482543945,-0.0061020259745419025,-0.0061020259745419025,0.13438083231449127,-1.664155125617981,-1.1500662565231323,0.0,-0.14048285828903317,-0.14048285828903317,0.2751210331916809,0.2751210331916809,0.07907405495643616,-1.5034271478652954,0.3480904698371887,0.0,0.19604697823524475,0.19604697823524475,0.1487550139427185,0.1487550139427185,0.15973377227783203,-1.8401209115982056,-0.8374276757240295,0.0,-0.010978758335113525,-0.010978758335113525,-0.36703911423683167,-0.36703911423683167,0.06893741339445114,-0.5170321464538574,-1.183257818222046,0.0,-0.4359765276312828,-0.4359765276312828,-0.1419888287782669,-0.1419888287782669,-0.06859579682350159,-1.8171768188476562,-0.07213687151670456,0.0,-0.07339303195476532,-0.07339303195476532
1145,38.166666666666664,14,0,0,,4,uneven rough,5,0.0,53.57998275756836,37.38679504394531,0.3448088467121124,1.4083845615386963,-0.2255500704050064,1.4083845615386963,-0.2255500704050064,5.473532676696777,4.611846923828125,0.3333333432674408,0.10906994342803955,0.06135563552379608,0.7041922807693481,-0.1127750352025032,0.623368501663208,-0.0487387590110302,-0.1862427294254303,0.2713044583797455,0.4134746491909027,-0.49105769395828247,0.43635794520378113,0.43635794520378113,0.30255866050720215,1.890091896057129,0.6666942834854126,0.0,0.13379928469657898,0.13379928469657898,-0.07798201590776443,-0.07798201590776443,0.1920967698097229,-0.7745482325553894,0.9121158123016357,0.0,-0.27007878571748734,-0.27007878571748734,-0.09312136471271515,-0.09312136471271515,-0.014476028271019459,-1.7106853723526,-0.48571524024009705,0.0,-0.07864533644169569,-0.07864533644169569,0.18991312384605408,0.18991312384605408,0.16100503504276276,1.9782602787017822,-1.1804560422897339,0.0,0.02890808880329132,0.02890808880329132,0.20673732459545135,0.20673732459545135,0.14807330071926117,1.9539482593536377,1.2554070949554443,0.0,0.058664023876190186,0.058664023876190186,-0.24552884697914124,-0.24552884697914124,-0.0011930338805541396,-0.5114827156066895,0.07546073198318481,0.0,-0.2443358130985871,-0.2443358130985871
1145,38.166666666666664,24,0,0,,4,uneven rough,11,0.0,103.25537872314453,39.97162628173828,0.16113722324371338,1.081543207168579,-0.815092921257019,0.4605545997619629,-0.815092921257019,2.101808547973633,3.169649839401245,0.5,0.42664635181427,0.06537005305290222,0.5407716035842896,-0.4075464606285095,0.5941648483276367,-0.3092612028121948,0.48807552456855774,0.1777799278497696,-0.0017723869532346725,-0.534783661365509,0.4159153997898102,0.4159153997898102,0.4340793490409851,0.9121512174606323,1.445142149925232,0.0,-0.018163949251174927,-0.018163949251174927,-0.49481794238090515,-0.49481794238090515,0.0063939825631678104,0.450368732213974,0.5112927556037903,0.0,-0.501211924944073,-0.501211924944073,0.24403776228427887,0.24403776228427887,0.22639426589012146,1.5652222633361816,-1.2743057012557983,0.0,0.01764349639415741,0.01764349639415741,0.12444594502449036,0.12444594502449036,0.18976885080337524,-1.9072819948196411,-1.5904834270477295,0.0,-0.06532290577888489,-0.06532290577888489,-0.0028358192648738623,-0.0028358192648738623,-0.03974047675728798,1.0666818618774414,0.8124475479125977,0.0,0.03690465749241412,0.03690465749241412,-0.2673918306827545,-0.2673918306827545,-0.05661590024828911,-2.0001893043518066,-1.5165759325027466,0.0,-0.2107759304344654,-0.2107759304344654
1146,38.2,4,0,0,,4,uneven rough,5,0.0,54.06007766723633,34.89373779296875,0.32773834466934204,1.3454937934875488,-0.2972378730773926,1.3454937934875488,-0.2972378730773926,2.2599639892578125,0.4996008574962616,0.3333333432674408,-0.41154345870018005,0.08841734379529953,0.6727468967437744,-0.1486189365386963,0.2583405077457428,-0.1823277324438095,0.8291070461273193,0.20562969148159027,0.43423599004745483,0.04886530339717865,0.18083834648132324,0.18083834648132324,0.22913040220737457,-1.1483184099197388,0.7302728891372681,0.0,-0.04829205572605133,-0.04829205572605133,-0.29172438383102417,-0.29172438383102417,0.08044517785310745,-0.1945802867412567,-1.4407330751419067,0.0,-0.3721695616841316,-0.3721695616841316,0.41455352306365967,0.41455352306365967,0.12834466993808746,0.1066746637225151,-0.6987609267234802,0.0,0.2862088531255722,0.2862088531255722,0.1439407765865326,0.1439407765865326,0.15592804551124573,-0.3629417419433594,-1.4043521881103516,0.0,-0.011987268924713135,-0.011987268924713135,0.21711799502372742,0.21711799502372742,0.1314050406217575,1.9235491752624512,-0.806572675704956,0.0,0.08571295440196991,0.08571295440196991,0.024432651698589325,0.024432651698589325,-0.012773090042173862,0.6662284135818481,-1.0587855577468872,0.0,0.03720574174076319,0.03720574174076319
1146,38.2,14,0,0,,4,uneven rough,5,0.0,53.55197525024414,37.42809295654297,0.34360408782958984,1.5255787372589111,-0.16735367476940155,1.5255787372589111,-0.16735367476940155,7.385367393493652,0.31086868047714233,0.3333333432674408,0.5994808673858643,0.1718662679195404,0.7627893686294556,-0.08367683738470078,0.003646119264885783,0.154689222574234,0.6971057653427124,0.54842209815979,0.26974374055862427,0.1932266652584076,0.002552283462136984,0.002552283462136984,0.278506338596344,-1.9008691310882568,1.3584054708480835,0.0,-0.275954055134207,-0.275954055134207,0.077344611287117,0.077344611287117,0.13010412454605103,-1.8707084655761719,-0.041527051478624344,0.0,-0.05275951325893402,-0.05275951325893402,0.3485528826713562,0.3485528826713562,0.030838457867503166,1.6332334280014038,-1.17831552028656,0.0,0.31771442480385303,0.31771442480385303,0.3838954567909241,0.3838954567909241,0.2305704653263092,1.8813878297805786,0.6054878234863281,0.0,0.15332499146461487,0.15332499146461487,0.13487187027931213,0.13487187027931213,0.12459609657526016,-1.963297963142395,1.650363564491272,0.0,0.010275773704051971,0.010275773704051971,0.0966133326292038,0.0966133326292038,0.03566599264740944,0.20355434715747833,-0.25639814138412476,0.0,0.06094733998179436,0.06094733998179436
1146,38.2,24,0,0,,4,uneven rough,11,0.0,103.24432373046875,39.992740631103516,0.1598648577928543,0.8168654441833496,-0.8333957195281982,0.530221700668335,-0.8333957195281982,2.7783203125,0.04029087349772453,0.1666666716337204,0.3716152310371399,0.13904444873332977,0.4084327220916748,-0.4166978597640991,0.8243626952171326,-0.3694072365760803,0.6862694621086121,0.11973464488983154,0.19368307292461395,-0.3667459785938263,0.5770539045333862,0.5770539045333862,0.4984118342399597,1.9844545125961304,1.1437880992889404,0.0,0.07864207029342651,0.07864207029342651,-0.5910515785217285,-0.5910515785217285,0.02709067054092884,1.1150975227355957,0.47684621810913086,0.0,-0.6181422490626574,-0.6181422490626574,0.34313473105430603,0.34313473105430603,0.2904147505760193,1.9684683084487915,0.331168532371521,0.0,0.05271998047828674,0.05271998047828674,0.08381424844264984,0.08381424844264984,0.12026229500770569,-1.9792940616607666,-1.7696019411087036,0.0,-0.03644804656505585,-0.03644804656505585,0.09684153646230698,0.09684153646230698,0.007096364628523588,1.99542236328125,0.9561920762062073,0.0,0.08974517183378339,0.08974517183378339,-0.18337298929691315,-0.18337298929691315,-0.12286938726902008,-2.0060346126556396,-1.7900117635726929,0.0,-0.060503602027893066,-0.060503602027893066
1147,38.233333333333334,4,0,0,,4,uneven rough,5,0.0,54.04843521118164,34.932559967041016,0.32222825288772583,1.6379517316818237,0.34932026267051697,1.6379517316818237,0.34932026267051697,7.101989269256592,5.826300621032715,0.3333333432674408,-0.5210584402084351,0.1229921504855156,0.8189758658409119,0.17466013133525848,0.6958959102630615,0.023452380672097206,0.2732706069946289,0.35440900921821594,0.5227584838867188,0.22669042646884918,0.4871271252632141,0.4871271252632141,0.2806891202926636,1.4751490354537964,-0.3318859934806824,0.0,0.20643800497055054,0.20643800497055054,0.011726190336048603,0.011726190336048603,0.060045767575502396,-0.7150326371192932,-0.7361560463905334,0.0,-0.04831957723945379,-0.04831957723945379,0.13663530349731445,0.13663530349731445,0.12284746766090393,-0.14011913537979126,-0.24336619675159454,0.0,0.013787835836410522,0.013787835836410522,0.24808630347251892,0.24808630347251892,0.16939444839954376,1.9643430709838867,-0.8155368566513062,0.0,0.07869185507297516,0.07869185507297516,0.2613792419433594,0.2613792419433594,0.17289550602436066,1.5930132865905762,0.7370431423187256,0.0,0.08848373591899872,0.08848373591899872,0.11334521323442459,0.11334521323442459,0.019224567338824272,0.4749821424484253,-0.08345957100391388,0.0,0.09412064589560032,0.09412064589560032
1147,38.233333333333334,14,0,0,,4,uneven rough,5,0.0,53.52085876464844,37.466407775878906,0.3478489816188812,1.4634822607040405,0.3075767159461975,1.4634822607040405,0.3075767159461975,8.075854301452637,3.946007251739502,0.3333333432674408,0.8958084583282471,0.03916370868682861,0.7317411303520203,0.15378835797309875,0.13697296380996704,0.1208663359284401,0.6887091398239136,0.6255820989608765,0.016420654952526093,0.2689550220966339,0.09588107466697693,0.09588107466697693,0.21436472237110138,-1.9476631879806519,-0.48439422249794006,0.0,-0.11848364770412445,-0.11848364770412445,0.06043316796422005,0.06043316796422005,0.07351074367761612,-1.241245150566101,-1.0757495164871216,0.0,-0.013077575713396072,-0.013077575713396072,0.3443545699119568,0.3443545699119568,0.06455893069505692,-0.22090110182762146,0.41133925318717957,0.0,0.27979563921689987,0.27979563921689987,0.43790745735168457,0.43790745735168457,0.2913680672645569,1.8301665782928467,1.3268840312957764,0.0,0.14653939008712769,0.14653939008712769,0.008210327476263046,0.008210327476263046,0.052357885986566544,-1.8318978548049927,-0.39280715584754944,0.0,-0.0441475585103035,-0.0441475585103035,0.13447751104831696,0.13447751104831696,0.07613921165466309,0.762299120426178,0.0036598171573132277,0.0,0.05833829939365387,0.05833829939365387
1147,38.233333333333334,24,0,0,,4,uneven rough,11,0.0,103.233154296875,40.01142883300781,0.1576821357011795,0.8910545110702515,-0.7221720218658447,0.4479566812515259,-0.7221720218658447,2.376042604446411,0.8188352584838867,0.3333333432674408,0.42127180099487305,0.12429273128509521,0.44552725553512573,-0.36108601093292236,0.8421779870986938,-0.22231951355934143,0.5178627967834473,0.17432257533073425,0.27544471621513367,-0.24382202327251434,0.5895245671272278,0.5895245671272278,0.5583341717720032,1.2449777126312256,1.6191023588180542,0.0,0.03119039535522461,0.03119039535522461,-0.3557112216949463,-0.3557112216949463,0.01973661780357361,0.42080792784690857,0.837714672088623,0.0,-0.3754478394985199,-0.3754478394985199,0.25893139839172363,0.25893139839172363,0.2803192138671875,-1.242824912071228,1.2569007873535156,0.0,-0.021387815475463867,-0.021387815475463867,0.12202580273151398,0.12202580273151398,0.07261326164007187,-0.2905915677547455,-1.8881622552871704,0.0,0.04941254109144211,0.04941254109144211,0.13772235810756683,0.13772235810756683,0.04084261134266853,1.9697327613830566,1.5437747240066528,0.0,0.0968797467648983,0.0968797467648983,-0.12191101163625717,-0.12191101163625717,-0.13676975667476654,0.4895784556865692,-1.9121514558792114,0.0,0.014858745038509369,0.014858745038509369
1148,38.266666666666666,4,0,0,,4,uneven rough,5,0.0,54.03598403930664,34.96969223022461,0.3266437351703644,1.6441715955734253,-0.26853740215301514,1.6441715955734253,-0.26853740215301514,6.12235164642334,6.792933464050293,0.43602365255355835,-0.1534733772277832,0.20146521925926208,0.8220857977867126,-0.13426870107650757,-0.06751900166273117,-0.2415551245212555,0.5307891368865967,0.49809780716896057,0.6112261414527893,0.14064627885818481,-0.04726330190896988,-0.04726330190896988,0.2489454448223114,-1.5919691324234009,0.6898148655891418,0.0,-0.2962087467312813,-0.2962087467312813,-0.3864881992340088,-0.3864881992340088,0.06040368974208832,0.3004924952983856,-0.7242128252983093,0.0,-0.4468918889760971,-0.4468918889760971,0.26539456844329834,0.26539456844329834,0.172807976603508,1.4420912265777588,-0.18499012291431427,0.0,0.09258659183979034,0.09258659183979034,0.3486684560775757,0.3486684560775757,0.23870305716991425,1.7002121210098267,0.7562122344970703,0.0,0.10996539890766144,0.10996539890766144,0.30561307072639465,0.30561307072639465,0.21933768689632416,1.9993765354156494,1.2210102081298828,0.0,0.0862753838300705,0.0862753838300705,0.07032313942909241,0.07032313942909241,0.04174305126070976,0.8931360244750977,0.23228438198566437,0.0,0.028580088168382645,0.028580088168382645
1148,38.266666666666666,14,0,0,,4,uneven rough,5,0.0,53.487545013427734,37.51085662841797,0.3570764660835266,1.3995089530944824,0.40202808380126953,1.3995089530944824,0.40202808380126953,8.432851791381836,3.2201881408691406,0.5,1.2418265342712402,0.1287006437778473,0.6997544765472412,0.20101404190063477,-0.19638115167617798,0.38439542055130005,0.6728934645652771,0.5694339275360107,0.06906437128782272,0.17895512282848358,-0.13746680319309235,-0.13746680319309235,0.15115809440612793,-1.9920638799667358,-1.311729073524475,0.0,-0.2886248975992203,-0.2886248975992203,0.19219771027565002,0.19219771027565002,0.13624361157417297,1.7515308856964111,-1.169321060180664,0.0,0.05595409870147705,0.05595409870147705,0.33644673228263855,0.33644673228263855,0.10936734080314636,1.1218451261520386,0.05386942997574806,0.0,0.2270793914794922,0.2270793914794922,0.39860373735427856,0.39860373735427856,0.35564327239990234,1.75689697265625,1.611440896987915,0.0,0.04296046495437622,0.04296046495437622,0.03453218564391136,0.03453218564391136,0.059873633086681366,0.10027305781841278,-1.206471562385559,0.0,-0.025341447442770004,-0.025341447442770004,0.08947756141424179,0.08947756141424179,0.09982769191265106,1.6282827854156494,0.4325958490371704,0.0,-0.010350130498409271,-0.010350130498409271
1148,38.266666666666666,24,0,0,,4,uneven rough,11,0.0,103.22032165527344,40.02809143066406,0.15567341446876526,0.32809683680534363,-0.24624904990196228,0.32809683680534363,-0.24624904990196228,1.4855413436889648,0.8876566290855408,0.3333333432674408,0.25935789942741394,0.0647473856806755,0.16404841840267181,-0.12312452495098114,0.5565876960754395,0.2887522578239441,0.3805176913738251,0.4956214725971222,0.34618574380874634,-0.0467369370162487,0.3896113932132721,0.3896113932132721,0.50126713514328,-1.9590017795562744,1.4075716733932495,0.0,-0.11165574193000793,-0.11165574193000793,0.14437612891197205,0.14437612891197205,0.08575840294361115,2.0107126235961914,0.6019948124885559,0.0,0.0586177259683609,0.0586177259683609,0.19025884568691254,0.19025884568691254,0.21432723104953766,-2.0083088874816895,-0.1564486026763916,0.0,-0.024068385362625122,-0.024068385362625122,0.3469350337982178,0.3469350337982178,0.13943374156951904,1.864061713218689,-0.9848929047584534,0.0,0.20750129222869873,0.20750129222869873,0.17309287190437317,0.17309287190437317,0.10656951367855072,1.6770071983337402,1.7846121788024902,0.0,0.06652335822582245,0.06652335822582245,-0.02336846850812435,-0.02336846850812435,-0.07453463226556778,1.9806709289550781,-0.5542090535163879,0.0,0.05116616375744343,0.05116616375744343
1149,38.3,4,0,0,,4,uneven rough,5,0.0,54.022090911865234,35.00476837158203,0.32772839069366455,1.5262985229492188,0.12722863256931305,1.5262985229492188,0.12722863256931305,7.296390056610107,2.8901336193084717,0.5,-0.1755429208278656,0.03356950730085373,0.7631492614746094,0.06361431628465652,0.3581930696964264,0.036211881786584854,-0.013195222243666649,0.42959198355674744,0.4231700599193573,0.12297238409519196,0.2507351338863373,0.2507351338863373,0.23159033060073853,0.6627506613731384,-0.6003099083900452,0.0,0.019144803285598755,0.019144803285598755,0.018105940893292427,0.018105940893292427,0.014405649155378342,-0.6712740063667297,-0.14484257996082306,0.0,0.0037002917379140854,0.0037002917379140854,-0.006597611121833324,-0.006597611121833324,0.11133464425802231,-1.814043402671814,0.7349646091461182,0.0,-0.11793225537985563,-0.11793225537985563,0.300714373588562,0.300714373588562,0.285748690366745,0.5599328279495239,1.2899514436721802,0.0,0.014965683221817017,0.014965683221817017,0.21158502995967865,0.21158502995967865,0.21128594875335693,0.5275731682777405,1.661099910736084,0.0,0.0002990812063217163,0.0002990812063217163,0.06148619204759598,0.06148619204759598,0.03529262915253639,-0.5058624148368835,0.6059311032295227,0.0,0.026193562895059586,0.026193562895059586
1149,38.3,14,0,0,,4,uneven rough,5,0.0,53.450401306152344,37.551597595214844,0.3552713990211487,1.3027706146240234,0.28547683358192444,1.3027706146240234,0.28547683358192444,8.314493179321289,2.58674955368042,0.5,1.2994744777679443,0.1839228719472885,0.6513853073120117,0.14273841679096222,-0.3177698254585266,0.5465829968452454,-0.08526559919118881,0.6503833532333374,0.29783934354782104,0.03756197169423103,-0.22243887186050415,-0.22243887186050415,0.08501343429088593,-1.775832176208496,-1.6963915824890137,0.0,-0.3074523061513901,-0.3074523061513901,0.2732914984226227,0.2732914984226227,0.2021501213312149,1.1987484693527222,0.4821338653564453,0.0,0.07114137709140778,0.07114137709140778,-0.042632799595594406,-0.042632799595594406,0.045450352132320404,-1.9028314352035522,0.6577048301696777,0.0,-0.08808315172791481,-0.08808315172791481,0.45526835322380066,0.45526835322380066,0.4211711585521698,1.9654120206832886,1.6936819553375244,0.0,0.03409719467163086,0.03409719467163086,0.14891967177391052,0.14891967177391052,0.12145325541496277,1.990661859512329,-0.4676358103752136,0.0,0.027466416358947754,0.027466416358947754,0.018780985847115517,0.018780985847115517,0.04528724029660225,-2.0000181198120117,1.1086393594741821,0.0,-0.026506254449486732,-0.026506254449486732
1149,38.3,24,0,0,,4,uneven rough,11,0.0,103.20774841308594,40.04609680175781,0.15262527763843536,0.8296520113945007,0.36335647106170654,0.4615345001220703,0.36335647106170654,2.144543409347534,0.7211637496948242,0.3333333432674408,0.1710149496793747,0.06827360391616821,0.41482600569725037,0.18167823553085327,0.8725025653839111,0.06299039721488953,0.31455564498901367,0.5771617889404297,0.36068296432495117,0.033432941883802414,0.6107518076896667,0.6107518076896667,0.5164733529090881,1.839126706123352,-0.49589499831199646,0.0,0.09427845478057861,0.09427845478057861,0.03149519860744476,0.03149519860744476,0.09748975932598114,-0.6818627119064331,1.3984863758087158,0.0,-0.06599456071853638,-0.06599456071853638,0.15727782249450684,0.15727782249450684,0.1623540073633194,-0.47655385732650757,-1.2034937143325806,0.0,-0.005076184868812561,-0.005076184868812561,0.4040132462978363,0.4040132462978363,0.1709718555212021,0.5709845423698425,0.6259111166000366,0.0,0.23304139077663422,0.23304139077663422,0.18034148216247559,0.18034148216247559,0.12027132511138916,0.1437627077102661,1.7237720489501953,0.0,0.060070157051086426,0.060070157051086426,0.016716470941901207,0.016716470941901207,-0.007016872987151146,1.9347432851791382,0.879016637802124,0.0,0.023733343929052353,0.023733343929052353
1150,38.333333333333336,4,0,0,,4,uneven rough,5,0.0,54.006568908691406,35.03837966918945,0.33154594898223877,1.1386444568634033,-0.04179093614220619,1.1386444568634033,-0.04179093614220619,5.445401668548584,1.0818928480148315,0.1666666716337204,0.042209088802337646,0.12613758444786072,0.5693222284317017,-0.020895468071103096,0.08363496512174606,-0.002067533088847995,0.3868776261806488,0.40155845880508423,0.23770548403263092,-0.07978618144989014,0.058544475585222244,0.058544475585222244,0.1793460249900818,-1.6615456342697144,0.11382679641246796,0.0,-0.12080154940485954,-0.12080154940485954,-0.003308052895590663,-0.003308052895590663,-0.004593453835695982,0.5817403793334961,-0.44248783588409424,0.0,0.001285400940105319,0.001285400940105319,0.1934388130903244,0.1934388130903244,0.14334699511528015,1.9908751249313354,-0.7062491178512573,0.0,0.05009181797504425,0.05009181797504425,0.2810909152030945,0.2810909152030945,0.32139644026756287,-0.07371119409799576,0.8771976232528687,0.0,-0.040305525064468384,-0.040305525064468384,0.11885274201631546,0.11885274201631546,0.1491222083568573,-2.0004775524139404,1.0202019214630127,0.0,-0.03026946634054184,-0.03026946634054184,-0.03989309072494507,-0.03989309072494507,-0.026286188513040543,-1.8968651294708252,-0.02267894707620144,0.0,-0.013606902211904526,-0.013606902211904526
1150,38.333333333333336,14,0,0,,4,uneven rough,5,0.0,53.418312072753906,37.59019470214844,0.35740986466407776,1.5237222909927368,1.0447955131530762,1.5237222909927368,1.0447955131530762,7.356001853942871,1.5646822452545166,0.1666666716337204,1.2250421047210693,0.13900421559810638,0.7618611454963684,0.5223977565765381,0.4014572501182556,0.3594815135002136,0.06944675743579865,0.3940235376358032,0.09249674528837204,0.14823149144649506,0.28102007508277893,0.28102007508277893,0.1484089344739914,1.9995661973953247,-1.7413073778152466,0.0,0.13261114060878754,0.13261114060878754,0.1797407567501068,0.1797407567501068,0.1517997682094574,-0.16770589351654053,0.8873090147972107,0.0,0.027940988540649414,0.027940988540649414,0.03472337871789932,0.03472337871789932,0.02620534785091877,0.22016508877277374,-0.7900269627571106,0.0,0.008518030866980553,0.008518030866980553,0.2758164703845978,0.2758164703845978,0.3630790710449219,-1.991433024406433,1.8473186492919922,0.0,-0.0872626006603241,-0.0872626006603241,0.04624837264418602,0.04624837264418602,0.07821080833673477,-0.8391755819320679,0.9222900867462158,0.0,-0.03196243569254875,-0.03196243569254875,0.07411574572324753,0.07411574572324753,0.05822255089879036,0.8668069243431091,-0.6490011215209961,0.0,0.01589319482445717,0.01589319482445717
1150,38.333333333333336,24,0,0,,4,uneven rough,11,0.0,103.19295501708984,40.059898376464844,0.15123765170574188,1.3302538394927979,-0.27759289741516113,0.4687258005142212,-0.27759289741516113,0.49703559279441833,2.8329341411590576,0.5,0.38613343238830566,0.24288249015808105,0.6651269197463989,-0.13879644870758057,0.23264352977275848,0.1295551359653473,0.7382385730743408,0.3755711615085602,0.13892661035060883,0.22021815180778503,0.16285046935081482,0.16285046935081482,0.4761398136615753,-1.8842980861663818,0.8243304491043091,0.0,-0.3132893443107605,-0.3132893443107605,0.06477756798267365,0.06477756798267365,0.06023874133825302,-0.3085266947746277,0.22225327789783478,0.0,0.004538826644420624,0.004538826644420624,0.3691192865371704,0.3691192865371704,0.21653148531913757,1.8164103031158447,-0.7924805879592896,0.0,0.15258780121803284,0.15258780121803284,0.26289981603622437,0.26289981603622437,0.24042873084545135,1.934768795967102,0.594855546951294,0.0,0.02247108519077301,0.02247108519077301,0.06946330517530441,0.06946330517530441,0.06553469598293304,-1.038784146308899,0.8304319381713867,0.0,0.003928609192371368,0.003928609192371368,0.11010907590389252,0.11010907590389252,0.04636303335428238,0.397501677274704,1.475926399230957,0.0,0.06374604254961014,0.06374604254961014
1151,38.36666666666667,4,0,0,,4,uneven rough,5,0.0,53.99089050292969,35.07627487182617,0.33741891384124756,1.3147523403167725,-1.05842125415802,1.3147523403167725,-1.05842125415802,6.865502834320068,1.3134444952011108,0.1666666716337204,0.2013760805130005,0.17127877473831177,0.6573761701583862,-0.52921062707901,0.4476306736469269,0.1218595951795578,0.4174906313419342,0.18387146294116974,-0.08181750029325485,-0.1259787231683731,0.3133414685726166,0.3133414685726166,0.23436683416366577,1.965658187866211,-0.8899719715118408,0.0,0.0789746344089508,0.0789746344089508,0.0609297975897789,0.0609297975897789,0.04995987191796303,1.3268370628356934,0.1366126388311386,0.0,0.010969925671815872,0.010969925671815872,0.2087453156709671,0.2087453156709671,0.17963895201683044,0.2795677185058594,0.8187097907066345,0.0,0.029106363654136658,0.029106363654136658,0.12871001660823822,0.12871001660823822,0.25312522053718567,-1.968931794166565,0.3395520746707916,0.0,-0.12441520392894745,-0.12441520392894745,-0.13090799748897552,-0.13090799748897552,0.09250698238611221,-1.8314950466156006,-0.6876956820487976,0.0,-0.22341497987508774,-0.22341497987508774,-0.06298936158418655,-0.06298936158418655,-0.07128175348043442,-0.1939743012189865,-1.0823471546173096,0.0,0.008292391896247864,0.008292391896247864
1151,38.36666666666667,14,0,0,,4,uneven rough,5,0.0,53.377140045166016,37.62282943725586,0.361307829618454,1.348318099975586,-0.6575719118118286,1.348318099975586,-0.6575719118118286,6.932460784912109,0.0,0.0,1.0426267385482788,0.12204335629940033,0.674159049987793,-0.3287859559059143,-0.14417551457881927,0.3526112735271454,0.42518192529678345,0.13886350393295288,0.1765202134847641,-0.43988484144210815,-0.10092286020517349,-0.10092286020517349,0.12049888074398041,-1.8780430555343628,0.3737892508506775,0.0,-0.2214217409491539,-0.2214217409491539,0.1763056367635727,0.1763056367635727,0.1736031323671341,-0.2661041021347046,0.2908017039299011,0.0,0.0027025043964385986,0.0027025043964385986,0.21259096264839172,0.21259096264839172,0.06650537252426147,0.642633855342865,-0.21886256337165833,0.0,0.14608559012413025,0.14608559012413025,0.09720445424318314,0.09720445424318314,0.31377726793289185,-1.718245029449463,-0.3231184482574463,0.0,-0.2165728136897087,-0.2165728136897087,0.08826010674238205,0.08826010674238205,0.10290218144655228,0.21631278097629547,-0.07364575564861298,0.0,-0.014642074704170227,-0.014642074704170227,-0.21994242072105408,-0.21994242072105408,0.017181018367409706,-0.1808290183544159,0.20803946256637573,0.0,-0.23712343908846378,-0.23712343908846378
1151,38.36666666666667,24,0,0,,4,uneven rough,11,0.0,103.17606353759766,40.073055267333984,0.15104924142360687,1.3960797786712646,0.622548520565033,0.49030184745788574,0.622548520565033,4.286368370056152,3.9816348552703857,0.3333333432674408,0.244379460811615,0.17628785967826843,0.6980398893356323,0.3112742602825165,0.45392873883247375,-0.1837434023618698,0.2896139323711395,0.4164718687534332,0.04023588448762894,0.2688061594963074,0.31775012612342834,0.31775012612342834,0.4103187918663025,-1.9996992349624634,-0.7071329951286316,0.0,-0.09256866574287415,-0.09256866574287415,-0.2939894497394562,-0.2939894497394562,0.005505285691469908,-1.1005773544311523,-0.07785066962242126,0.0,-0.2994947354309261,-0.2994947354309261,0.14480696618556976,0.14480696618556976,0.200014129281044,0.008239969611167908,0.6825909614562988,0.0,-0.05520716309547424,-0.05520716309547424,0.2915303111076355,0.2915303111076355,0.2939976453781128,1.1989372968673706,1.3524448871612549,0.0,-0.002467334270477295,-0.002467334270477295,0.02011794224381447,0.02011794224381447,-0.005918288137763739,-1.2305629253387451,-0.2264261692762375,0.0,0.026036230381578207,0.026036230381578207,0.1344030797481537,0.1344030797481537,0.0621311329305172,0.5856889486312866,0.8661831021308899,0.0,0.07227194681763649,0.07227194681763649
1152,38.4,4,0,0,,4,uneven rough,5,0.0,53.96868896484375,35.108863830566406,0.3419424295425415,0.5610707998275757,-0.9458876252174377,0.5610707998275757,-0.9458876252174377,2.091785192489624,3.5951342582702637,0.3333333432674408,0.49605387449264526,0.1610938012599945,0.28053539991378784,-0.47294381260871887,-0.26209837198257446,0.24706627428531647,0.35833293199539185,-0.08545161038637161,0.16871528327465057,-0.06917844712734222,-0.18346886336803436,-0.18346886336803436,0.1963510662317276,-1.9943796396255493,0.724606454372406,0.0,-0.37981992959976196,-0.37981992959976196,0.12353313714265823,0.12353313714265823,0.1157088354229927,1.7006113529205322,0.8095676898956299,0.0,0.007824301719665527,0.007824301719665527,0.17916646599769592,0.17916646599769592,0.16444282233715057,-0.8038326501846313,0.5138778686523438,0.0,0.014723643660545349,0.014723643660545349,-0.05981612578034401,-0.05981612578034401,0.2031397819519043,-1.7581028938293457,-0.9656688570976257,0.0,-0.2629559077322483,-0.2629559077322483,0.08435764163732529,0.08435764163732529,0.08628257364034653,0.007984299212694168,-1.3344018459320068,0.0,-0.0019249320030212402,-0.0019249320030212402,-0.03458922356367111,-0.03458922356367111,-0.01281080860644579,1.516709327697754,-0.5800595879554749,0.0,-0.021778414957225323,-0.021778414957225323
1152,38.4,14,0,0,,4,uneven rough,5,0.0,53.3348388671875,37.65248107910156,0.3503154516220093,1.2010493278503418,0.6222342848777771,1.2010493278503418,0.6222342848777771,2.9008967876434326,1.598995566368103,0.3333333432674408,0.695838451385498,0.1833280622959137,0.6005246639251709,0.31111714243888855,0.7810781002044678,-0.17823432385921478,0.03188428655266762,-0.07491367310285568,0.3031494617462158,-0.37740615010261536,0.5467546582221985,0.5467546582221985,0.15489578247070312,1.909197449684143,-0.8994007706642151,0.0,0.39185887575149536,0.39185887575149536,-0.2851749360561371,-0.2851749360561371,0.1289696842432022,-1.6470317840576172,-0.024073831737041473,0.0,-0.4141446202993393,-0.4141446202993393,0.01594214327633381,0.01594214327633381,0.012236026115715504,-1.2547054290771484,0.26822906732559204,0.0,0.003706117160618305,0.003706117160618305,-0.05243957042694092,-0.05243957042694092,0.24294935166835785,-1.9412161111831665,-1.111925482749939,0.0,-0.29538892209529877,-0.29538892209529877,0.1515747308731079,0.1515747308731079,0.13660702109336853,1.6422966718673706,0.09029731899499893,0.0,0.01496770977973938,0.01496770977973938,-0.18870307505130768,-0.18870307505130768,-0.04134153202176094,-1.73688805103302,-0.011827473528683186,0.0,-0.14736154302954674,-0.14736154302954674
1152,38.4,24,0,0,,4,uneven rough,11,0.0,103.15564727783203,40.09340286254883,0.15364287793636322,1.2907212972640991,-0.23186498880386353,0.5202953815460205,-0.23186498880386353,4.729945182800293,5.472746849060059,0.5,0.11227479577064514,0.08489769697189331,0.6453606486320496,-0.11593249440193176,0.6632077097892761,-0.014309770427644253,0.5025342702865601,0.21069125831127167,-0.34891289472579956,0.16610045731067657,0.46424537897109985,0.46424537897109985,0.4541704058647156,1.7865296602249146,-1.4379522800445557,0.0,0.010074973106384277,0.010074973106384277,-0.022895632311701775,-0.022895632311701775,-0.018744483590126038,-0.04364500194787979,-0.656102180480957,0.0,-0.004151148721575737,-0.004151148721575737,0.25126713514328003,0.25126713514328003,0.24625475704669952,1.4201066493988037,0.3013117015361786,0.0,0.005012378096580505,0.005012378096580505,0.14748388528823853,0.14748388528823853,0.2322193682193756,-1.9645817279815674,1.2656513452529907,0.0,-0.08473548293113708,-0.08473548293113708,-0.5582606196403503,-0.5582606196403503,-0.07212845236063004,-2.0001816749572754,-0.7941668629646301,0.0,-0.4861321672797203,-0.4861321672797203,0.08305022865533829,0.08305022865533829,0.07564224302768707,0.29751601815223694,0.7075912356376648,0.0,0.007407985627651215,0.007407985627651215
1153,38.43333333333333,4,0,0,,4,uneven rough,5,0.0,53.945804595947266,35.14190673828125,0.3384729325771332,1.1475341320037842,-0.9760030508041382,1.1475341320037842,-0.9760030508041382,3.7647600173950195,4.18785285949707,0.3333333432674408,0.353446900844574,0.28333479166030884,0.5737670660018921,-0.4880015254020691,0.8454593420028687,-0.39077451825141907,0.022124378010630608,-0.27447402477264404,0.414122611284256,-0.5279960632324219,0.591821551322937,0.591821551322937,0.22903868556022644,1.4663689136505127,-0.8127131462097168,0.0,0.36278286576271057,0.36278286576271057,-0.6252392530441284,-0.6252392530441284,0.13380229473114014,1.7693171501159668,1.3133653402328491,0.0,-0.7590415477752686,-0.7590415477752686,0.011062189005315304,0.011062189005315304,0.11409638077020645,-1.8132413625717163,-0.2311580330133438,0.0,-0.10303419176489115,-0.10303419176489115,-0.19213181734085083,-0.19213181734085083,0.13273119926452637,-2.002523899078369,-1.413712501525879,0.0,-0.3248630166053772,-0.3248630166053772,0.207061305642128,0.207061305642128,0.12139822542667389,1.9105401039123535,-0.5754142999649048,0.0,0.0856630802154541,0.0856630802154541,-0.26399803161621094,-0.26399803161621094,-0.027158483862876892,-0.45132362842559814,0.6054573059082031,0.0,-0.23683954775333405,-0.23683954775333405
1153,38.43333333333333,14,0,0,,4,uneven rough,5,0.0,53.29559326171875,37.68266296386719,0.33910199999809265,0.9014636874198914,-1.0104414224624634,0.9014636874198914,-1.0104414224624634,1.7937743663787842,0.5299811363220215,0.1666666716337204,0.7895992994308472,0.06987147778272629,0.4507318437099457,-0.5052207112312317,0.6992921829223633,0.012468969449400902,0.6156579256057739,0.15373511612415314,0.0367467887699604,-0.3004703223705292,0.48950451612472534,0.48950451612472534,0.22127489745616913,1.9969063997268677,0.6885856986045837,0.0,0.2682296186685562,0.2682296186685562,0.006234484724700451,0.006234484724700451,0.06331823766231537,-2.003918170928955,-0.9416971802711487,0.0,-0.05708375293761492,-0.05708375293761492,0.30782896280288696,0.30782896280288696,0.020427191630005836,-0.36596009135246277,-0.592840850353241,0.0,0.2874017711728811,0.2874017711728811,0.10761457681655884,0.10761457681655884,0.17800076305866241,-1.6961275339126587,-1.5808079242706299,0.0,-0.07038618624210358,-0.07038618624210358,0.0183733943849802,0.0183733943849802,0.09950753301382065,-1.220209002494812,0.9678005576133728,0.0,-0.08113413862884045,-0.08113413862884045,-0.1502351611852646,-0.1502351611852646,-0.08900748938322067,-2.0748026371002197,-0.9871798157691956,0.0,-0.061227671802043915,-0.061227671802043915
1153,38.43333333333333,24,0,0,,4,uneven rough,11,0.0,103.13459777832031,40.10984802246094,0.15274301171302795,0.601909339427948,-0.4294966459274292,0.5096923112869263,-0.4294966459274292,2.6656129360198975,0.6051374077796936,0.1666666716337204,0.33512958884239197,0.08675631135702133,0.300954669713974,-0.2147483229637146,0.42955538630485535,-0.11889102309942245,0.6024750471115112,-0.05607544258236885,-0.18209205567836761,0.0872918888926506,0.300688773393631,0.300688773393631,0.43052875995635986,-1.9864825010299683,0.3851756155490875,0.0,-0.12983998656272888,-0.12983998656272888,-0.19022564589977264,-0.19022564589977264,-0.0570964440703392,-0.9384862184524536,-0.3098177909851074,0.0,-0.13312920182943344,-0.13312920182943344,0.3012375235557556,0.3012375235557556,0.300449013710022,1.3933335542678833,0.9338803887367249,0.0,0.0007885098457336426,0.0007885098457336426,-0.039252810180187225,-0.039252810180187225,0.19454334676265717,-1.0172829627990723,-0.5607282519340515,0.0,-0.2337961569428444,-0.2337961569428444,-0.29134729504585266,-0.29134729504585266,-0.15950709581375122,-1.976788878440857,-1.476049780845642,0.0,-0.13184019923210144,-0.13184019923210144,0.0436459444463253,0.0436459444463253,0.044072531163692474,-1.2346774339675903,0.4757339656352997,0.0,-0.00042658671736717224,-0.00042658671736717224
1154,38.46666666666667,4,0,0,,4,uneven rough,5,0.0,53.927066802978516,35.17942428588867,0.3384529650211334,1.4956820011138916,-0.9145359992980957,1.4956820011138916,-0.9145359992980957,5.041219234466553,6.6666669845581055,0.3333333432674408,0.6552742719650269,0.12219735234975815,0.7478410005569458,-0.45726799964904785,0.5449044704437256,-0.2350837141275406,-0.16918808221817017,0.20895275473594666,0.5564836263656616,-0.5778306722640991,0.3814331293106079,0.3814331293106079,0.29122379422187805,1.951128363609314,0.47588393092155457,0.0,0.09020933508872986,0.09020933508872986,-0.3761339485645294,-0.3761339485645294,0.1387263536453247,0.7145416140556335,1.5711612701416016,0.0,-0.5148603022098541,-0.5148603022098541,-0.08459404110908508,-0.08459404110908508,0.05824458226561546,-1.9557744264602661,-1.1256707906723022,0.0,-0.14283862337470055,-0.14283862337470055,0.14626692235469818,0.14626692235469818,0.11273510754108429,0.5084155797958374,-1.7466275691986084,0.0,0.03353181481361389,0.03353181481361389,0.2782418131828308,0.2782418131828308,0.16543671488761902,1.9689244031906128,0.8301487565040588,0.0,0.11280509829521179,0.11280509829521179,-0.28891533613204956,-0.28891533613204956,-0.055270083248615265,-0.34849095344543457,0.007951476611196995,0.0,-0.2336452528834343,-0.2336452528834343
1154,38.46666666666667,14,0,0,,4,uneven rough,5,0.0,53.26177978515625,37.7218017578125,0.3340703845024109,1.4580450057983398,0.005207683425396681,1.4580450057983398,0.005207683425396681,1.6363614797592163,5.149527549743652,0.5,0.39697903394699097,0.09021542966365814,0.7290225028991699,0.0026038417126983404,0.39410829544067383,0.2051885575056076,0.7415553331375122,0.39327332377433777,0.24035917222499847,-0.04160144180059433,0.2758758068084717,0.2758758068084717,0.24960394203662872,0.8168246746063232,1.4283125400543213,0.0,0.026271864771842957,0.026271864771842957,0.1025942787528038,0.1025942787528038,0.092869833111763,0.5756296515464783,-1.5422788858413696,0.0,0.009724445641040802,0.009724445641040802,0.3707776665687561,0.3707776665687561,0.06819487363100052,-0.566584587097168,-0.4645620584487915,0.0,0.3025827929377556,0.3025827929377556,0.2752913236618042,0.2752913236618042,0.21229258179664612,1.7552285194396973,-1.6460098028182983,0.0,0.06299874186515808,0.06299874186515808,0.12017958611249924,0.12017958611249924,0.13961006700992584,-1.070624589920044,-0.26930397748947144,0.0,-0.019430480897426605,-0.019430480897426605,-0.020800720900297165,-0.020800720900297165,-0.07500876486301422,-0.8773059844970703,-1.602123737335205,0.0,0.054208043962717056,0.054208043962717056
1154,38.46666666666667,24,0,0,,4,uneven rough,11,0.0,103.12089538574219,40.1308479309082,0.15148848295211792,1.0401180982589722,-0.6371333003044128,0.5152342319488525,-0.6371333003044128,2.7562098503112793,0.34942954778671265,0.1666666716337204,0.2815712094306946,0.28429049253463745,0.5200590491294861,-0.3185666501522064,0.7538453340530396,-0.19453831017017365,0.6373148560523987,0.3260962963104248,-0.28103938698768616,0.21507129073143005,0.5276917219161987,0.5276917219161987,0.43068045377731323,1.3150264024734497,-0.95576411485672,0.0,0.0970112681388855,0.0970112681388855,-0.31126129627227783,-0.31126129627227783,-0.09133933484554291,-1.0145801305770874,-0.665268063545227,0.0,-0.21992196142673492,-0.21992196142673492,0.31865742802619934,0.31865742802619934,0.31731176376342773,-0.2674449682235718,1.193656086921692,0.0,0.0013456642627716064,0.0013456642627716064,0.22826740145683289,0.22826740145683289,0.18830779194831848,0.22299213707447052,-0.8188651204109192,0.0,0.039959609508514404,0.039959609508514404,-0.4496630132198334,-0.4496630132198334,-0.2410968691110611,-1.8829978704452515,-1.7591686248779297,0.0,-0.20856614410877228,-0.20856614410877228,0.10753564536571503,0.10753564536571503,0.08316189795732498,1.7814440727233887,-0.4913356900215149,0.0,0.024373747408390045,0.024373747408390045
1155,38.5,4,0,0,,4,uneven rough,5,0.0,53.9080810546875,35.213008880615234,0.3390207588672638,1.4211481809616089,-0.3551199734210968,1.4211481809616089,-0.3551199734210968,6.171281337738037,3.120558738708496,0.3333333432674408,0.6430090069770813,0.10537304729223251,0.7105740904808044,-0.1775599867105484,0.16326984763145447,0.07418940216302872,0.18291732668876648,0.639528751373291,0.36061063408851624,0.000552009732928127,0.11428888887166977,0.11428888887166977,0.24656277894973755,-1.7269929647445679,1.3099898099899292,0.0,-0.13227389007806778,-0.13227389007806778,0.03709470108151436,0.03709470108151436,0.08848826587200165,-0.7730490565299988,1.086827039718628,0.0,-0.05139356479048729,-0.05139356479048729,0.09145866334438324,0.09145866334438324,0.06607625633478165,1.3209140300750732,-1.595012903213501,0.0,0.025382407009601593,0.025382407009601593,0.4476701319217682,0.4476701319217682,0.1782734990119934,1.4982057809829712,-0.471622109413147,0.0,0.2693966329097748,0.2693966329097748,0.18030531704425812,0.18030531704425812,0.14381003379821777,-1.3996214866638184,1.4740145206451416,0.0,0.036495283246040344,0.036495283246040344,0.0002760048664640635,0.0002760048664640635,-0.012782981619238853,1.4149705171585083,-0.1935817152261734,0.0,0.013058986485702917,0.013058986485702917
1155,38.5,14,0,0,,4,uneven rough,5,0.0,53.22845458984375,37.75612258911133,0.34597039222717285,1.5717921257019043,0.655719518661499,1.5717921257019043,0.655719518661499,6.858274459838867,3.186795949935913,0.3333333432674408,0.19247734546661377,0.20324885845184326,0.7858960628509521,0.3278597593307495,-0.04784902185201645,0.31929290294647217,0.6440263986587524,0.6278360486030579,0.14816415309906006,-0.007119159214198589,-0.033494316041469574,-0.033494316041469574,0.19533829391002655,-1.985347032546997,1.0825762748718262,0.0,-0.22883260995149612,-0.22883260995149612,0.15964645147323608,0.15964645147323608,0.14730709791183472,1.7648022174835205,-0.3448095917701721,0.0,0.012339353561401367,0.012339353561401367,0.3220131993293762,0.3220131993293762,0.12126846611499786,1.6524012088775635,-0.5222457647323608,0.0,0.20074473321437836,0.20074473321437836,0.43948522210121155,0.43948522210121155,0.279744029045105,1.9615601301193237,0.2770564556121826,0.0,0.15974119305610657,0.15974119305610657,0.07408207654953003,0.07408207654953003,0.08729059249162674,-1.8259036540985107,-0.7223721146583557,0.0,-0.01320851594209671,-0.01320851594209671,-0.0035595796070992947,-0.0035595796070992947,-0.03387901559472084,1.94781494140625,-1.1923104524612427,0.0,0.030319435987621546,0.030319435987621546
1155,38.5,24,0,0,,4,uneven rough,11,0.0,103.10511779785156,40.155975341796875,0.14226631820201874,0.4037013649940491,-0.7733662724494934,0.4037013649940491,-0.7733662724494934,2.1597390174865723,0.06383338570594788,0.1666666716337204,0.3537221848964691,0.11654647439718246,0.20185068249702454,-0.3866831362247467,0.03467942401766777,0.17522716522216797,0.7512332201004028,0.2959502935409546,0.3622627854347229,0.21761855483055115,0.02427559718489647,0.02427559718489647,0.3820452094078064,-1.3158174753189087,0.328144907951355,0.0,-0.3577696122229099,-0.3577696122229099,0.08761358261108398,0.08761358261108398,-0.022326212376356125,1.0414150953292847,-0.8627697229385376,0.0,0.10993979498744011,0.10993979498744011,0.3756166100502014,0.3756166100502014,0.37009045481681824,1.4202558994293213,0.367546945810318,0.0,0.005526155233383179,0.005526155233383179,0.2071651965379715,0.2071651965379715,0.23370008170604706,0.11530467122793198,-0.2297971546649933,0.0,-0.02653488516807556,-0.02653488516807556,0.18113139271736145,0.18113139271736145,-0.2008194625377655,0.5680860280990601,-1.8291819095611572,0.0,0.38195085525512695,0.38195085525512695,0.10880927741527557,0.10880927741527557,0.09507269412279129,-1.153308391571045,0.7936980724334717,0.0,0.013736583292484283,0.013736583292484283
1156,38.53333333333333,4,0,0,,4,uneven rough,5,0.0,53.888214111328125,35.24760055541992,0.3463860750198364,1.5599989891052246,-0.0847637802362442,1.5599989891052246,-0.0847637802362442,8.055327415466309,2.2003886699676514,0.3333333432674408,0.7473880052566528,0.12280409038066864,0.7799994945526123,-0.0423818901181221,0.35441482067108154,0.23609301447868347,0.4053346514701843,0.37668824195861816,-0.2886141240596771,0.15960218012332916,0.24809037148952484,0.24809037148952484,0.2196948230266571,0.46604254841804504,-0.40712568163871765,0.0,0.028395548462867737,0.028395548462867737,0.11804650723934174,0.11804650723934174,0.11277468502521515,0.763410210609436,0.035249751061201096,0.0,0.005271822214126587,0.005271822214126587,0.20266732573509216,0.20266732573509216,0.1321592479944229,1.9994138479232788,0.053657419979572296,0.0,0.07050807774066925,0.07050807774066925,0.2636817693710327,0.2636817693710327,0.23949752748012543,1.5819815397262573,0.6421220898628235,0.0,0.024184241890907288,0.024184241890907288,-0.4617826044559479,-0.4617826044559479,0.09576719999313354,-1.9991824626922607,-0.15074442327022552,0.0,-0.5575498044490814,-0.5575498044490814,0.07980109006166458,0.07980109006166458,0.053292423486709595,2.000000238418579,0.7158966064453125,0.0,0.026508666574954987,0.026508666574954987
1156,38.53333333333333,14,0,0,,4,uneven rough,5,0.0,53.18479537963867,37.78232955932617,0.3576163947582245,1.2954087257385254,0.23186242580413818,1.2954087257385254,0.23186242580413818,6.794684886932373,1.8709454536437988,0.3333333432674408,-0.06755226850509644,0.119366854429245,0.6477043628692627,0.11593121290206909,-0.10562679171562195,0.7183665037155151,0.5300889015197754,0.18557609617710114,-0.24432404339313507,-0.014649747870862484,-0.073938749730587,-0.073938749730587,0.1396176666021347,-1.7543169260025024,-0.6520330309867859,0.0,-0.2135564163327217,-0.2135564163327217,0.35918325185775757,0.35918325185775757,0.21491211652755737,1.9999994039535522,0.8479686975479126,0.0,0.1442711353302002,0.1442711353302002,0.2650444507598877,0.2650444507598877,0.1767052561044693,1.8137978315353394,0.707303524017334,0.0,0.0883391946554184,0.0883391946554184,0.12990327179431915,0.12990327179431915,0.25030750036239624,-1.999522089958191,1.229477882385254,0.0,-0.12040422856807709,-0.12040422856807709,-0.39091846346855164,-0.39091846346855164,0.03945894539356232,-0.7395794987678528,-1.3463108539581299,0.0,-0.43037740886211395,-0.43037740886211395,-0.007324873935431242,-0.007324873935431242,0.02449725940823555,1.9553049802780151,0.5831220746040344,0.0,-0.03182213334366679,-0.03182213334366679
1156,38.53333333333333,24,0,0,,4,uneven rough,11,0.0,103.09552001953125,40.18144607543945,0.13140292465686798,1.0523513555526733,0.1571342647075653,0.561429500579834,0.1571342647075653,2.226320743560791,2.0410096645355225,0.3333333432674408,0.5703070759773254,0.2364608347415924,0.5261756777763367,0.07856713235378265,0.7487703561782837,-0.3038361370563507,0.28349828720092773,0.5834024548530579,0.20696565508842468,0.21956349909305573,0.5241392254829407,0.5241392254829407,0.38412827253341675,1.0229895114898682,-0.6013543605804443,0.0,0.14001095294952393,0.14001095294952393,-0.48613783717155457,-0.48613783717155457,-0.04921535402536392,-0.8090089559555054,0.21385978162288666,0.0,-0.43692248314619064,-0.43692248314619064,0.14174914360046387,0.14174914360046387,0.3051435947418213,-1.9653695821762085,0.9627504944801331,0.0,-0.16339445114135742,-0.16339445114135742,0.40838170051574707,0.40838170051574707,0.28724345564842224,1.9834645986557007,-0.0346759632229805,0.0,0.12113824486732483,0.12113824486732483,0.10348282754421234,0.10348282754421234,-0.21901410818099976,-0.1517682671546936,-0.4737623333930969,0.0,0.3224969357252121,0.3224969357252121,0.10978174954652786,0.10978174954652786,0.07583882659673691,-0.07301433384418488,-0.30714285373687744,0.0,0.033942922949790955,0.033942922949790955
1157,38.56666666666666,4,0,0,,4,uneven rough,5,0.0,53.864871978759766,35.27968978881836,0.3532838821411133,1.3334381580352783,0.11616720259189606,1.3334381580352783,0.11616720259189606,6.918786525726318,0.0,0.0,0.7331005930900574,0.17523717880249023,0.6667190790176392,0.05808360129594803,-0.33160263299942017,0.4948366582393646,0.31265440583229065,0.45167189836502075,-0.1452370584011078,-0.1569920927286148,-0.23212184011936188,-0.23212184011936188,0.16483592987060547,-1.4328163862228394,0.08656520396471024,0.0,-0.39695776998996735,-0.39695776998996735,0.2474183291196823,0.2474183291196823,0.18113969266414642,1.9656214714050293,0.4469529688358307,0.0,0.06627863645553589,0.06627863645553589,0.15632720291614532,0.15632720291614532,0.12097864598035812,-0.9677535891532898,1.1537915468215942,0.0,0.0353485569357872,0.0353485569357872,0.316170334815979,0.316170334815979,0.3090224862098694,2.000023365020752,1.1735203266143799,0.0,0.007147848606109619,0.007147848606109619,-0.23237930238246918,-0.23237930238246918,0.04286879673600197,-1.0956681966781616,-1.1958545446395874,0.0,-0.27524809911847115,-0.27524809911847115,-0.0784960463643074,-0.0784960463643074,0.020611023530364037,0.7801108360290527,1.441931128501892,0.0,-0.09910706989467144,-0.09910706989467144
1157,38.56666666666666,14,0,0,,4,uneven rough,5,0.0,53.142234802246094,37.80723190307617,0.34819144010543823,1.743584394454956,-0.10927789658308029,1.743584394454956,-0.10927789658308029,7.093097686767578,2.064927101135254,0.3333333432674408,-0.4813407361507416,0.19893118739128113,0.871792197227478,-0.054638948291540146,0.735357403755188,0.01012472901493311,0.1694856882095337,-0.25758904218673706,0.5808340311050415,-0.5921611189842224,0.5147501826286316,0.5147501826286316,0.16358187794685364,1.8217856884002686,-1.2752662897109985,0.0,0.35116830468177795,0.35116830468177795,0.005062364507466555,0.005062364507466555,0.19457831978797913,-1.6014325618743896,1.4993289709091187,0.0,-0.18951595528051257,-0.18951595528051257,0.08474284410476685,0.08474284410476685,0.13164497911930084,-0.43031713366508484,1.332917332649231,0.0,-0.046902135014534,-0.046902135014534,-0.18031232059001923,-0.18031232059001923,0.18131205439567566,-1.7027772665023804,-0.5962045192718506,0.0,-0.3616243749856949,-0.3616243749856949,0.29041701555252075,0.29041701555252075,0.05180450901389122,1.3793935775756836,-1.0032638311386108,0.0,0.23861250653862953,0.23861250653862953,-0.2960805594921112,-0.2960805594921112,-0.0174198467284441,-0.4174986779689789,1.3589566946029663,0.0,-0.2786607127636671,-0.2786607127636671
1157,38.56666666666666,24,0,0,,4,uneven rough,11,0.0,103.08499145507812,40.20357131958008,0.11949296295642853,1.1046009063720703,-0.31840676069259644,0.596537709236145,-0.31840676069259644,3.782632827758789,2.703655958175659,0.3333333432674408,0.48818930983543396,0.22997906804084778,0.5523004531860352,-0.15920338034629822,-0.11258760839700699,-0.1160111129283905,0.634594202041626,0.7407735586166382,0.13293156027793884,0.2073686718940735,-0.07881132513284683,-0.07881132513284683,0.3377687335014343,-2.0001354217529297,0.31705257296562195,0.0,-0.41658005863428116,-0.41658005863428116,-0.18561778962612152,-0.18561778962612152,-0.10052203387022018,-1.9847484827041626,-0.36447203159332275,0.0,-0.08509575575590134,-0.08509575575590134,0.317297101020813,0.317297101020813,0.3018365502357483,0.893009603023529,-0.6928138136863708,0.0,0.015460550785064697,0.015460550785064697,0.5185414552688599,0.5185414552688599,0.3589535355567932,1.9911060333251953,1.10638427734375,0.0,0.15958791971206665,0.15958791971206665,0.06646578013896942,0.06646578013896942,-0.22726404666900635,-0.35304534435272217,-0.29170629382133484,0.0,0.29372982680797577,0.29372982680797577,0.10368433594703674,0.10368433594703674,0.0911988765001297,0.5583229660987854,-0.1747661679983139,0.0,0.012485459446907043,0.012485459446907043
1158,38.6,4,0,0,,4,uneven rough,5,0.0,53.83829879760742,35.3106803894043,0.355233371257782,1.1844631433486938,0.3467075228691101,1.1844631433486938,0.3467075228691101,7.436173915863037,1.8831132650375366,0.3333333432674408,0.693244218826294,0.08362320065498352,0.5922315716743469,0.17335376143455505,-0.2744659185409546,0.41534116864204407,-0.0363323837518692,0.5548981428146362,0.20164501667022705,-0.14247018098831177,-0.19212613999843597,-0.19212613999843597,0.099570132791996,-1.9934743642807007,-0.7724958658218384,0.0,-0.291696272790432,-0.291696272790432,0.20767058432102203,0.20767058432102203,0.2417897880077362,1.15188729763031,1.3056108951568604,0.0,-0.03411920368671417,-0.03411920368671417,-0.0181661918759346,-0.0181661918759346,0.06178360804915428,-1.9192792177200317,-0.04573385789990425,0.0,-0.07994979992508888,-0.07994979992508888,0.3884286880493164,0.3884286880493164,0.3747209310531616,1.7874876260757446,1.6408265829086304,0.0,0.013707756996154785,0.013707756996154785,0.10082250833511353,0.10082250833511353,0.05900220945477486,0.3911466598510742,-1.1392090320587158,0.0,0.04182029888033867,0.04182029888033867,-0.07123509049415588,-0.07123509049415588,0.004574669059365988,-0.6757730841636658,1.0677367448806763,0.0,-0.07580975955352187,-0.07580975955352187
1158,38.6,14,0,0,,4,uneven rough,5,0.0,53.10977554321289,37.841888427734375,0.34805113077163696,1.28341543674469,-0.7240404486656189,1.28341543674469,-0.7240404486656189,3.476750135421753,3.9384570121765137,0.5,-0.47586652636528015,0.10969390720129013,0.641707718372345,-0.36202022433280945,0.6578534841537476,0.016411123797297478,0.2489197850227356,0.3816816508769989,0.49387404322624207,-0.3709942102432251,0.4604974389076233,0.4604974389076233,0.2124747782945633,1.5056965351104736,0.47581246495246887,0.0,0.24802266061306,0.24802266061306,0.008205561898648739,0.008205561898648739,0.13582225143909454,-1.9995545148849487,-0.2538471817970276,0.0,-0.1276166895404458,-0.1276166895404458,0.1244598925113678,0.1244598925113678,0.14056240022182465,-0.49536409974098206,0.3359813988208771,0.0,-0.016102507710456848,-0.016102507710456848,0.26717716455459595,0.26717716455459595,0.20136716961860657,1.9984759092330933,-1.2218626737594604,0.0,0.06580999493598938,0.06580999493598938,0.24693702161312103,0.24693702161312103,0.042163312435150146,-0.3441902995109558,0.34389495849609375,0.0,0.2047737091779709,0.2047737091779709,-0.18549710512161255,-0.18549710512161255,-0.025395262986421585,-0.546116292476654,0.35454562306404114,0.0,-0.16010184213519096,-0.16010184213519096
1158,38.6,24,0,0,,4,uneven rough,11,0.0,103.07025909423828,40.22913360595703,0.11204071342945099,0.7581461071968079,-0.5195012092590332,0.669022798538208,-0.5195012092590332,3.4926459789276123,0.9262708425521851,0.1666666716337204,0.5566445589065552,0.26512736082077026,0.37907305359840393,-0.2597506046295166,0.3312317132949829,0.08176986128091812,0.7088323831558228,0.5203399062156677,0.038242366164922714,0.3773457407951355,0.23186220228672028,0.23186220228672028,0.27168765664100647,-1.999470829963684,-0.9930896759033203,0.0,-0.039825454354286194,-0.039825454354286194,0.04088493064045906,0.04088493064045906,-0.035055819898843765,1.9997081756591797,-1.2805792093276978,0.0,0.07594075053930283,0.07594075053930283,0.3544161915779114,0.3544161915779114,0.3564533293247223,1.2081061601638794,0.2038135975599289,0.0,-0.002037137746810913,-0.002037137746810913,0.3642379343509674,0.3642379343509674,0.39503082633018494,0.18076883256435394,1.6066075563430786,0.0,-0.03079289197921753,-0.03079289197921753,0.019121183082461357,0.019121183082461357,-0.16544465720653534,1.4848531484603882,-0.326387494802475,0.0,0.1845658402889967,0.1845658402889967,0.18867287039756775,0.18867287039756775,0.12563246488571167,1.3034911155700684,0.23972374200820923,0.0,0.06304040551185608,0.06304040551185608
1159,38.63333333333333,4,0,0,,4,uneven rough,5,0.0,53.812705993652344,35.33841323852539,0.3507290184497833,1.3030498027801514,1.1696414947509766,1.3030498027801514,1.1696414947509766,7.251788139343262,0.6672973036766052,0.3333333432674408,0.5477794408798218,0.10698534548282623,0.6515249013900757,0.5848207473754883,0.26827898621559143,0.17358152568340302,-0.16626675426959991,0.005792310927063227,-0.07233444601297379,0.07025852799415588,0.18779528141021729,0.18779528141021729,0.15343251824378967,1.4629251956939697,-1.4628392457962036,0.0,0.03436276316642761,0.03436276316642761,0.08679076284170151,0.08679076284170151,0.17512568831443787,-1.9438817501068115,1.2186952829360962,0.0,-0.08833492547273636,-0.08833492547273636,-0.08313337713479996,-0.08313337713479996,0.011204198934137821,-0.4971494972705841,-1.1050397157669067,0.0,-0.09433757606893778,-0.09433757606893778,0.00405461760237813,0.00405461760237813,0.3177509903907776,-2.0104289054870605,1.723749041557312,0.0,-0.31369637278839946,-0.31369637278839946,-0.11573511362075806,-0.11573511362075806,-0.008927195332944393,-1.689850091934204,-0.2739431858062744,0.0,-0.10680791828781366,-0.10680791828781366,0.03512926399707794,0.03512926399707794,0.03861796110868454,-0.23243799805641174,0.08195315301418304,0.0,-0.003488697111606598,-0.003488697111606598
1159,38.63333333333333,14,0,0,,4,uneven rough,5,0.0,53.075218200683594,37.874576568603516,0.3637644052505493,1.277505874633789,-0.27703723311424255,1.277505874633789,-0.27703723311424255,6.2967424392700195,2.8409180641174316,0.3333333432674408,-0.5095109343528748,0.21009354293346405,0.6387529373168945,-0.13851861655712128,-0.16888467967510223,0.471951961517334,0.3786555230617523,0.5850279331207275,-0.05907786637544632,0.4070560932159424,-0.1182192713022232,-0.1182192713022232,0.17894193530082703,-2.000591993331909,1.0581107139587402,0.0,-0.29716120660305023,-0.29716120660305023,0.235975980758667,0.235975980758667,0.16190390288829803,2.001253366470337,-1.2408732175827026,0.0,0.07407207787036896,0.07407207787036896,0.18932776153087616,0.18932776153087616,0.17659376561641693,0.30206817388534546,-0.13406284153461456,0.0,0.012733995914459229,0.012733995914459229,0.4095195531845093,0.4095195531845093,0.27285340428352356,1.999756932258606,0.5989225506782532,0.0,0.13666614890098572,0.13666614890098572,-0.09452458471059799,-0.09452458471059799,0.004577107727527618,-1.5711487531661987,-0.04514968395233154,0.0,-0.09910169243812561,-0.09910169243812561,0.2035280466079712,0.2035280466079712,0.03504260629415512,2.0003321170806885,-0.1546902358531952,0.0,0.16848544031381607,0.16848544031381607
1159,38.63333333333333,24,0,0,,4,uneven rough,11,0.0,103.05548095703125,40.25111389160156,0.09694484621286392,1.1213116645812988,-0.7475333213806152,0.7438820600509644,-0.7475333213806152,3.3100829124450684,4.155829429626465,0.3333333432674408,0.44540637731552124,0.3720185160636902,0.5606558322906494,-0.3737666606903076,0.8382346630096436,-0.08052559196949005,0.4774218201637268,0.3519241213798523,0.4597097933292389,0.004562513902783394,0.5867642760276794,0.5867642760276794,0.3196937143802643,1.9764575958251953,-1.5620993375778198,0.0,0.26707056164741516,0.26707056164741516,-0.12884095311164856,-0.12884095311164856,-0.06003519147634506,-2.0009725093841553,0.5741011500358582,0.0,-0.0688057616353035,-0.0688057616353035,0.2387109100818634,0.2387109100818634,0.29204466938972473,-1.9132729768753052,0.7716423869132996,0.0,-0.05333375930786133,-0.05333375930786133,0.2463468760251999,0.2463468760251999,0.3263421058654785,-2.000236988067627,0.8004357814788818,0.0,-0.07999522984027863,-0.07999522984027863,0.22985489666461945,0.22985489666461945,-0.18198511004447937,-1.2534255981445312,0.6976912021636963,0.0,0.4118400067090988,0.4118400067090988,0.002281256951391697,0.002281256951391697,0.06564289331436157,-1.8969526290893555,0.8411797285079956,0.0,-0.06336163636296988,-0.06336163636296988
1160,38.666666666666664,4,0,0,,4,uneven rough,5,0.0,53.78041458129883,35.36415100097656,0.3470410704612732,1.5040398836135864,-0.9360690712928772,1.5040398836135864,-0.9360690712928772,4.031447887420654,2.463351249694824,0.3333333432674408,0.6041854619979858,0.08015423268079758,0.7520199418067932,-0.4680345356464386,-0.04157518595457077,0.04136698320508003,0.10504182428121567,-0.16125155985355377,-0.30448684096336365,-0.3530896008014679,-0.02910262905061245,-0.02910262905061245,0.11419691145420074,-1.8138298988342285,0.19139321148395538,0.0,-0.1432995405048132,-0.1432995405048132,0.020683491602540016,0.020683491602540016,0.11026585102081299,-1.9414740800857544,-0.569431483745575,0.0,-0.08958235941827297,-0.08958235941827297,0.052520912140607834,0.052520912140607834,0.011331957764923573,0.36806440353393555,-0.7613375186920166,0.0,0.04118895437568426,0.04118895437568426,-0.11287608742713928,-0.11287608742713928,0.2923373878002167,-1.322196364402771,-0.3875618577003479,0.0,-0.40521347522735596,-0.40521347522735596,-0.4871789515018463,-0.4871789515018463,-0.0558740496635437,-0.7585595846176147,-1.074499487876892,0.0,-0.4313049018383026,-0.4313049018383026,-0.17654480040073395,-0.17654480040073395,0.05331345275044441,0.8313159942626953,-0.09580416977405548,0.0,-0.22985825315117836,-0.22985825315117836
1160,38.666666666666664,14,0,0,,4,uneven rough,5,0.0,53.02863311767578,37.8941650390625,0.3677883744239807,1.2563061714172363,0.12234813719987869,1.2563061714172363,0.12234813719987869,6.675920486450195,2.571037769317627,0.1666666716337204,-0.7454384565353394,0.058362435549497604,0.6281530857086182,0.061174068599939346,-0.07258818298578262,0.5541867017745972,-0.24332557618618011,-0.003375889966264367,0.33372291922569275,-0.1802656054496765,-0.05081172659993172,-0.05081172659993172,0.1125907450914383,-1.986356258392334,-0.6712852716445923,0.0,-0.16340247169137,-0.16340247169137,0.2770933508872986,0.2770933508872986,0.22870640456676483,1.9761582612991333,0.5922309756278992,0.0,0.04838694632053375,0.04838694632053375,-0.12166278809309006,-0.12166278809309006,0.1099516898393631,-1.9999862909317017,0.11252641677856445,0.0,-0.23161447793245316,-0.23161447793245316,-0.0023631229996681213,-0.0023631229996681213,0.2599378228187561,-1.5807665586471558,1.3909567594528198,0.0,-0.2623009458184242,-0.2623009458184242,0.16686145961284637,0.16686145961284637,0.04994252324104309,1.9999943971633911,-0.9079523086547852,0.0,0.11691893637180328,0.11691893637180328,-0.09013280272483826,-0.09013280272483826,-0.01146678440272808,-1.8601064682006836,1.0637632608413696,0.0,-0.07866601832211018,-0.07866601832211018
1160,38.666666666666664,24,0,0,,4,uneven rough,11,0.0,103.0431137084961,40.278594970703125,0.08340185135602951,1.2239134311676025,-0.6328648924827576,0.7478675842285156,-0.6328648924827576,3.883652448654175,1.0586447715759277,0.1666666716337204,0.5485168695449829,0.49522826075553894,0.6119567155838013,-0.3164324462413788,0.3335129916667938,0.0034476194996386766,0.764207124710083,0.5258930325508118,-0.009319832548499107,-0.119822196662426,0.23345908522605896,0.23345908522605896,0.2696779668331146,-1.9125604629516602,0.4386070966720581,0.0,-0.036218881607055664,-0.036218881607055664,0.0017238097498193383,0.0017238097498193383,-0.0007238950347527862,1.4563652276992798,-0.8818501234054565,0.0,0.0024477047845721245,0.0024477047845721245,0.3821035623550415,0.3821035623550415,0.3271053731441498,1.9570726156234741,-0.7464135885238647,0.0,0.054998189210891724,0.054998189210891724,0.3681251108646393,0.3681251108646393,0.36554253101348877,1.184638261795044,-0.7830696105957031,0.0,0.0025825798511505127,0.0025825798511505127,-0.014911732636392117,-0.014911732636392117,-0.10875768214464188,1.9761399030685425,-0.4054737389087677,0.0,0.09384594950824976,0.09384594950824976,-0.059911098331213,-0.059911098331213,0.004020067397505045,-1.8760439157485962,-0.7069652080535889,0.0,-0.06393116572871804,-0.06393116572871804
1161,38.7,4,0,0,,4,uneven rough,5,0.0,53.74906921386719,35.39540481567383,0.3394489586353302,1.435347318649292,-0.06826431304216385,1.435347318649292,-0.06826431304216385,4.458894729614258,3.2703490257263184,0.5,0.444073885679245,0.13368962705135345,0.717673659324646,-0.034132156521081924,0.7287447452545166,-0.22304728627204895,0.12222278863191605,-0.08453571051359177,0.3286517262458801,-0.41900861263275146,0.5101212859153748,0.5101212859153748,0.1512586623430252,1.488662600517273,-0.9423635005950928,0.0,0.35886262357234955,0.35886262357234955,-0.3568756580352783,-0.3568756580352783,0.06621896475553513,-1.6673544645309448,-1.3451868295669556,0.0,-0.42309462279081345,-0.42309462279081345,0.06111139431595802,0.06111139431595802,0.036360617727041245,0.16633957624435425,-0.12277165800333023,0.0,0.02475077658891678,0.02475077658891678,-0.05917499586939812,-0.05917499586939812,0.22129696607589722,-1.8656986951828003,-0.9160059094429016,0.0,-0.28047196194529533,-0.28047196194529533,0.16432586312294006,0.16432586312294006,0.004756727255880833,1.999988079071045,-0.8958665132522583,0.0,0.15956913586705923,0.15956913586705923,-0.20950430631637573,-0.20950430631637573,0.052910130470991135,-0.21092389523983002,0.4283912181854248,0.0,-0.26241443678736687,-0.26241443678736687
1161,38.7,14,0,0,,4,uneven rough,5,0.0,52.9870719909668,37.91838455200195,0.36158788204193115,1.2648265361785889,0.025714678689837456,1.2648265361785889,0.025714678689837456,4.208747863769531,1.5099217891693115,0.1666666716337204,-0.8560410737991333,0.18361662328243256,0.6324132680892944,0.012857339344918728,0.7870622277259827,0.10356829315423965,0.15335294604301453,0.09669414907693863,0.19307270646095276,-0.640835702419281,0.5509435534477234,0.5509435534477234,0.14957384765148163,1.8545831441879272,-1.4148287773132324,0.0,0.40136970579624176,0.40136970579624176,0.05178414657711983,0.05178414657711983,0.17630666494369507,-1.2689411640167236,1.3747059106826782,0.0,-0.12452251836657524,-0.12452251836657524,0.07667647302150726,0.07667647302150726,0.0684332326054573,-0.14984218776226044,-1.0818920135498047,0.0,0.008243240416049957,0.008243240416049957,0.06768590211868286,0.06768590211868286,0.19105693697929382,-1.9387998580932617,-0.2892609238624573,0.0,-0.12337103486061096,-0.12337103486061096,0.09653635323047638,0.09653635323047638,0.0652984157204628,0.5106528997421265,0.7362059950828552,0.0,0.03123793751001358,0.03123793751001358,-0.3204178512096405,-0.3204178512096405,-0.02226993627846241,0.36023837327957153,-0.5893979072570801,0.0,-0.2981479149311781,-0.2981479149311781
1161,38.7,24,0,0,,4,uneven rough,11,0.0,103.03057861328125,40.301734924316406,0.08107737451791763,0.07627685368061066,0.30642977356910706,0.07627685368061066,0.30642977356910706,1.7436552047729492,2.139070510864258,0.1666666716337204,0.22440668940544128,0.383907288312912,0.03813842684030533,0.15321488678455353,0.6796560883522034,-0.10968852788209915,-0.057360775768756866,0.2731320858001709,0.306762158870697,0.16750802099704742,0.47575926780700684,0.47575926780700684,0.3039986789226532,1.089735507965088,-0.8907472491264343,0.0,0.17176058888435364,0.17176058888435364,-0.17550164461135864,-0.17550164461135864,-0.06068659573793411,-1.9170022010803223,0.44018104672431946,0.0,-0.11481504887342453,-0.11481504887342453,-0.028680387884378433,-0.028680387884378433,0.2811810374259949,-1.9999337196350098,0.7821423411369324,0.0,-0.3098614253103733,-0.3098614253103733,0.19119246304035187,0.19119246304035187,0.29588672518730164,-1.8787078857421875,0.32947593927383423,0.0,-0.10469426214694977,-0.10469426214694977,0.1533810794353485,0.1533810794353485,-0.12742400169372559,-0.21711525321006775,0.9410948753356934,0.0,0.2808050811290741,0.2808050811290741,0.08375401049852371,0.08375401049852371,0.03311501070857048,0.9214776754379272,-1.3679643869400024,0.0,0.05063899978995323,0.05063899978995323
1162,38.733333333333334,4,0,0,,4,uneven rough,5,0.0,53.71963119506836,35.42776870727539,0.3296132981777191,1.4338713884353638,-0.31670090556144714,1.4338713884353638,-0.31670090556144714,3.165853500366211,4.9208598136901855,0.5,0.06705468893051147,0.05298055708408356,0.7169356942176819,-0.15835045278072357,0.4214833676815033,-0.005818826612085104,0.3001243770122528,0.15210135281085968,0.2799628973007202,-0.24931295216083527,0.2950383424758911,0.2950383424758911,0.21848317980766296,1.9717801809310913,0.43214303255081177,0.0,0.07655516266822815,0.07655516266822815,-0.009310122579336166,-0.009310122579336166,0.0007910096319392323,-1.999516487121582,-1.5273410081863403,0.0,-0.010101132211275399,-0.010101132211275399,0.1500621885061264,0.1500621885061264,0.07049001008272171,1.168047308921814,0.04069235175848007,0.0,0.0795721784234047,0.0795721784234047,0.10647094249725342,0.10647094249725342,0.15413282811641693,-1.9641969203948975,-1.452963948249817,0.0,-0.04766188561916351,-0.04766188561916351,0.1399814486503601,0.1399814486503601,0.07783037424087524,2.054826498031616,0.7414548397064209,0.0,0.06215107440948486,0.06215107440948486,-0.12465647608041763,-0.12465647608041763,0.03008096106350422,-0.8554165959358215,0.06692130863666534,0.0,-0.15473743714392185,-0.15473743714392185
1162,38.733333333333334,14,0,0,,4,uneven rough,5,0.0,52.94470977783203,37.946598052978516,0.3623756766319275,1.335800051689148,-0.6216024160385132,1.335800051689148,-0.6216024160385132,4.113736629486084,2.0795745849609375,0.3333333432674408,-0.6804959177970886,0.06491725891828537,0.667900025844574,-0.3108012080192566,0.6358911991119385,0.3404610753059387,0.09218497574329376,0.1495669037103653,0.24419772624969482,-0.13665401935577393,0.4451238214969635,0.4451238214969635,0.21577565371990204,1.9500088691711426,0.43370258808135986,0.0,0.22934816777706146,0.22934816777706146,0.17023053765296936,0.17023053765296936,0.18134549260139465,0.0264081172645092,-0.12001689523458481,0.0,-0.011114954948425293,-0.011114954948425293,0.04609248787164688,0.04609248787164688,0.043896015733480453,-0.42770934104919434,-0.554909348487854,0.0,0.0021964721381664276,0.0021964721381664276,0.1046968325972557,0.1046968325972557,0.12599660456180573,-1.633339285850525,-1.22191321849823,0.0,-0.02129977196455002,-0.02129977196455002,0.12209886312484741,0.12209886312484741,0.10617825388908386,0.5338894724845886,0.608677864074707,0.0,0.01592060923576355,0.01592060923576355,-0.06832700967788696,-0.06832700967788696,-0.02592387981712818,0.2266111820936203,-0.052471864968538284,0.0,-0.04240312986075878,-0.04240312986075878
1162,38.733333333333334,24,0,0,,4,uneven rough,11,0.0,103.0126953125,40.32614517211914,0.08151307702064514,1.0257004499435425,-0.5895259976387024,0.8019835948944092,-0.5895259976387024,1.3958261013031006,6.716486930847168,0.5,0.05041250213980675,0.15664076805114746,0.5128502249717712,-0.2947629988193512,0.5379788279533386,-0.027327142655849457,0.49846214056015015,0.24958555400371552,0.06650903820991516,-0.1191893145442009,0.3765851855278015,0.3765851855278015,0.3621610701084137,1.3220982551574707,0.22902126610279083,0.0,0.014424115419387817,0.014424115419387817,-0.04372343048453331,-0.04372343048453331,-0.02469358779489994,0.6628985404968262,-0.8925746083259583,0.0,-0.01902984268963337,-0.01902984268963337,0.24923107028007507,0.24923107028007507,0.24055401980876923,-0.7413604855537415,-0.790848433971405,0.0,0.008677050471305847,0.008677050471305847,0.17470988631248474,0.17470988631248474,0.2248315066099167,-2.0118935108184814,-0.9190351366996765,0.0,-0.050121620297431946,-0.050121620297431946,0.03325451910495758,0.03325451910495758,-0.06830708682537079,0.7819231748580933,0.2862407863140106,0.0,0.10156160593032837,0.10156160593032837,-0.05959465727210045,-0.05959465727210045,-0.02392130345106125,-1.919505000114441,-0.07350971549749374,0.0,-0.0356733538210392,-0.0356733538210392
1163,38.766666666666666,4,0,0,,4,uneven rough,5,0.0,53.68825912475586,35.46113204956055,0.3251863121986389,1.1093735694885254,0.1425894796848297,1.1093735694885254,0.1425894796848297,1.793636679649353,5.971278190612793,0.3333333432674408,-0.1656685620546341,0.12049636244773865,0.5546867847442627,0.07129473984241486,0.46795740723609924,0.0341489352285862,0.6340729594230652,0.14874425530433655,0.318367600440979,-0.13470247387886047,0.3275701701641083,0.3275701701641083,0.2863260507583618,1.9878641366958618,1.302656650543213,0.0,0.04124411940574646,0.04124411940574646,0.0170744676142931,0.0170744676142931,-0.016767162829637527,0.09388882666826248,-1.7943098545074463,0.0,0.033841630443930626,0.033841630443930626,0.3170364797115326,0.3170364797115326,0.11206834018230438,0.06006304919719696,0.6781008839607239,0.0,0.2049681395292282,0.2049681395292282,0.10412097722291946,0.10412097722291946,0.09932275116443634,-0.8408399224281311,-1.7420159578323364,0.0,0.004798226058483124,0.004798226058483124,0.1591838002204895,0.1591838002204895,0.1548878401517868,1.9847453832626343,1.4840375185012817,0.0,0.004295960068702698,0.004295960068702698,-0.06735123693943024,-0.06735123693943024,-0.015494974330067635,-2.0000035762786865,-0.4545702040195465,0.0,-0.0518562626093626,-0.0518562626093626
1163,38.766666666666666,14,0,0,,4,uneven rough,5,0.0,52.90822982788086,37.983489990234375,0.3681861162185669,0.9580368995666504,-0.26324519515037537,0.9580368995666504,-0.26324519515037537,3.153151273727417,2.2186172008514404,0.3333333432674408,-0.5038444399833679,0.08328669518232346,0.4790184497833252,-0.13162259757518768,0.5386745929718018,0.49212586879730225,0.38775986433029175,0.30680224299430847,0.15265096724033356,-0.09352201968431473,0.37707221508026123,0.37707221508026123,0.27884021401405334,1.593904972076416,1.291024923324585,0.0,0.09823200106620789,0.09823200106620789,0.24606293439865112,0.24606293439865112,0.22704118490219116,1.7191702127456665,-0.03722792863845825,0.0,0.01902174949645996,0.01902174949645996,0.19387993216514587,0.19387993216514587,0.10354366898536682,-0.9196463227272034,-0.48299023509025574,0.0,0.09033626317977905,0.09033626317977905,0.21476157009601593,0.21476157009601593,0.15341980755329132,1.9720733165740967,-1.4545342922210693,0.0,0.06134176254272461,0.06134176254272461,0.07632548362016678,0.07632548362016678,0.09438907355070114,-1.0102524757385254,0.5663923621177673,0.0,-0.018063589930534363,-0.018063589930534363,-0.046761009842157364,-0.046761009842157364,-0.029021084308624268,-1.068886637687683,0.10532218962907791,0.0,-0.017739925533533096,-0.017739925533533096
1163,38.766666666666666,24,0,0,,4,uneven rough,11,0.0,102.99388122558594,40.347206115722656,0.07971890270709991,0.867619514465332,0.2802467942237854,0.7454426288604736,0.2802467942237854,3.7544727325439453,0.5101343393325806,0.3333333432674408,0.024278681725263596,0.11154421418905258,0.433809757232666,0.1401233971118927,0.7257117033004761,-0.3893679976463318,0.2691260874271393,0.18214406073093414,0.10550160706043243,-0.2501925826072693,0.5079981684684753,0.5079981684684753,0.42618587613105774,2.005220413208008,0.8470489382743835,0.0,0.0818122923374176,0.0818122923374176,-0.6229888200759888,-0.6229888200759888,-0.02439463511109352,0.8738309741020203,-0.013107297010719776,0.0,-0.5985941849648952,-0.5985941849648952,0.13456304371356964,0.13456304371356964,0.17680177092552185,-2.020317792892456,-0.7628678679466248,0.0,-0.04223872721195221,-0.04223872721195221,0.12750084698200226,0.12750084698200226,0.1534348577260971,-1.9591076374053955,-1.536939263343811,0.0,-0.02593401074409485,-0.02593401074409485,0.05275080353021622,0.05275080353021622,-0.023816853761672974,1.8886592388153076,0.5665004849433899,0.0,0.07656765729188919,0.07656765729188919,-0.12509629130363464,-0.12509629130363464,-0.08754567801952362,-1.9838764667510986,-1.1172387599945068,0.0,-0.03755061328411102,-0.03755061328411102
1164,38.8,4,0,0,,4,uneven rough,5,0.0,53.65791702270508,35.49517822265625,0.33103445172309875,0.7552962303161621,0.6657876372337341,0.7552962303161621,0.6657876372337341,1.9047718048095703,3.9851436614990234,0.3333333432674408,-0.3640058934688568,0.1433953493833542,0.37764811515808105,0.33289381861686707,0.3052763044834137,0.08788149803876877,0.5552849769592285,0.2343054711818695,0.4901282489299774,-0.10348914563655853,0.21369341015815735,0.21369341015815735,0.23642084002494812,-1.8963425159454346,1.6900742053985596,0.0,-0.02272742986679077,-0.02272742986679077,0.043940749019384384,0.043940749019384384,0.021679451689124107,1.548439621925354,-0.7267189621925354,0.0,0.022261297330260277,0.022261297330260277,0.27764248847961426,0.27764248847961426,0.15605749189853668,1.5075273513793945,0.328661173582077,0.0,0.12158499658107758,0.12158499658107758,0.1640138328075409,0.1640138328075409,0.158813014626503,1.873979091644287,-1.2324894666671753,0.0,0.005200818181037903,0.005200818181037903,0.2450641244649887,0.2450641244649887,0.23254746198654175,2.002488136291504,1.7671386003494263,0.0,0.01251666247844696,0.01251666247844696,-0.051744572818279266,-0.051744572818279266,-0.020289381965994835,-0.18330727517604828,-1.3283610343933105,0.0,-0.03145519085228443,-0.03145519085228443
1164,38.8,14,0,0,,4,uneven rough,5,0.0,52.87699508666992,38.01948928833008,0.3658577501773834,1.0797948837280273,0.4624788165092468,1.0797948837280273,0.4624788165092468,2.00844144821167,0.7123147249221802,0.1666666716337204,-0.3648197650909424,0.2331991195678711,0.5398974418640137,0.2312394082546234,-0.3612259030342102,0.2951059937477112,0.4197007417678833,0.7295198440551758,0.0746457427740097,0.10884159058332443,-0.25285813212394714,-0.25285813212394714,0.2528655230998993,-1.6802877187728882,1.4622738361358643,0.0,-0.5057236552238464,-0.5057236552238464,0.1475529968738556,0.1475529968738556,0.16793768107891083,-1.4859464168548584,0.9558427333831787,0.0,-0.020384684205055237,-0.020384684205055237,0.20985037088394165,0.20985037088394165,0.15970127284526825,1.4503815174102783,-0.7298763990402222,0.0,0.0501490980386734,0.0501490980386734,0.5106638669967651,0.5106638669967651,0.2233823984861374,1.9767804145812988,0.4828757643699646,0.0,0.28728146851062775,0.28728146851062775,0.03732287138700485,0.03732287138700485,0.037786222994327545,-0.3305080533027649,-0.32504546642303467,0.0,-0.00046335160732269287,-0.00046335160732269287,0.054420795291662216,0.054420795291662216,0.03768974170088768,2.0155155658721924,-0.5585775971412659,0.0,0.016731053590774536,0.016731053590774536
1164,38.8,24,0,0,,4,uneven rough,11,0.0,102.97395324707031,40.36843490600586,0.07386397570371628,0.8515470027923584,0.30942150950431824,0.6960132122039795,0.30942150950431824,3.406147003173828,0.38640058040618896,0.3333333432674408,-0.034844040870666504,0.1012653335928917,0.4257735013961792,0.15471075475215912,0.7041219472885132,-0.3382163643836975,0.35718613862991333,0.22323083877563477,0.1273801177740097,-0.2888249456882477,0.4928853511810303,0.4928853511810303,0.47344857454299927,0.45326778292655945,1.5018811225891113,0.0,0.019436776638031006,0.019436776638031006,-0.5411462187767029,-0.5411462187767029,-0.039334215223789215,0.20382162928581238,0.4883691966533661,0.0,-0.5018120035529137,-0.5018120035529137,0.17859306931495667,0.17859306931495667,0.16249530017375946,0.8106884956359863,-1.4738322496414185,0.0,0.016097769141197205,0.016097769141197205,0.15626157820224762,0.15626157820224762,0.1166612058877945,0.2880576252937317,-1.7756340503692627,0.0,0.039600372314453125,0.039600372314453125,0.06369005888700485,0.06369005888700485,0.018893582746386528,2.0004351139068604,1.3140513896942139,0.0,0.044796476140618324,0.044796476140618324,-0.14441247284412384,-0.14441247284412384,-0.14585749804973602,-1.3398666381835938,-1.6072372198104858,0.0,0.0014450252056121826,0.0014450252056121826
1165,38.833333333333336,4,0,0,,4,uneven rough,5,0.0,53.6328125,35.53168487548828,0.3378616273403168,1.4796901941299438,0.7771293520927429,1.4796901941299438,0.7771293520927429,6.4750189781188965,2.4121880531311035,0.1666666716337204,-0.18094944953918457,0.07827381789684296,0.7398450970649719,0.38856467604637146,0.76080721616745,0.04080108925700188,-0.3570355474948883,0.41164901852607727,0.2557812035083771,0.06534996628761292,0.5325650572776794,0.5325650572776794,0.2633586823940277,1.8605858087539673,-0.3376922607421875,0.0,0.26920637488365173,0.26920637488365173,0.02040054462850094,0.02040054462850094,-0.002700225915759802,0.306211918592453,0.5596597790718079,0.0,0.02310077054426074,0.02310077054426074,-0.17851777374744415,-0.17851777374744415,0.09353164583444595,-1.998608946800232,0.9951941967010498,0.0,-0.2720494195818901,-0.2720494195818901,0.2881543040275574,0.2881543040275574,0.21538861095905304,2.000000238418579,0.5239133834838867,0.0,0.07276569306850433,0.07276569306850433,0.12789060175418854,0.12789060175418854,0.17576876282691956,-1.7884718179702759,1.9002056121826172,0.0,-0.04787816107273102,-0.04787816107273102,0.03267498314380646,0.03267498314380646,0.019661324098706245,1.5490148067474365,-0.680945634841919,0.0,0.013013659045100212,0.013013659045100212
1165,38.833333333333336,14,0,0,,4,uneven rough,5,0.0,52.841190338134766,38.04981231689453,0.36851876974105835,0.9822234511375427,-0.1532595008611679,0.9822234511375427,-0.1532595008611679,5.583394527435303,0.35061249136924744,0.3333333432674408,-0.3224603235721588,0.24518577754497528,0.49111172556877136,-0.07662975043058395,-0.1670653373003006,0.5835202932357788,0.39437758922576904,0.4605109691619873,-0.07931791990995407,0.30096253752708435,-0.11694573611021042,-0.11694573611021042,0.19058874249458313,-1.6141678094863892,-0.31453612446784973,0.0,-0.30753447860479355,-0.30753447860479355,0.2917601466178894,0.2917601466178894,0.19547472894191742,0.638075053691864,-0.4247492253780365,0.0,0.09628541767597198,0.09628541767597198,0.19718879461288452,0.19718879461288452,0.1868714988231659,0.7100861072540283,0.5028453469276428,0.0,0.010317295789718628,0.010317295789718628,0.3223576843738556,0.3223576843738556,0.2894400656223297,2.0000288486480713,1.327532172203064,0.0,0.03291761875152588,0.03291761875152588,-0.12690867483615875,-0.12690867483615875,0.014381622895598412,0.03819236531853676,-0.32813403010368347,0.0,-0.14129029773175716,-0.14129029773175716,0.15048126876354218,0.15048126876354218,0.0861501395702362,1.1992216110229492,0.8968192934989929,0.0,0.06433112919330597,0.06433112919330597
1165,38.833333333333336,24,0,0,,4,uneven rough,11,0.0,102.95585632324219,40.395057678222656,0.06299523264169693,0.8601704835891724,0.703685462474823,0.6703647375106812,0.703685462474823,3.3267765045166016,0.8425065279006958,0.3333333432674408,0.11544214189052582,0.04844439774751663,0.4300852417945862,0.3518427312374115,0.8948246240615845,-0.2518465220928192,0.2931530475616455,0.3263999819755554,0.2854059040546417,-0.08796672523021698,0.6263772249221802,0.6263772249221802,0.5272492170333862,1.9685121774673462,0.9089932441711426,0.0,0.09912800788879395,0.09912800788879395,-0.40295442938804626,-0.40295442938804626,-0.04731539264321327,0.3119599223136902,0.32748550176620483,0.0,-0.355639036744833,-0.355639036744833,0.14657652378082275,0.14657652378082275,0.14860570430755615,-0.5202420353889465,-0.1821601390838623,0.0,-0.0020291805267333984,-0.0020291805267333984,0.22847998142242432,0.22847998142242432,0.15175761282444,2.0020408630371094,-0.6088190674781799,0.0,0.07672236859798431,0.07672236859798431,0.14270295202732086,0.14270295202732086,0.06513214111328125,2.000542163848877,1.7021340131759644,0.0,0.07757081091403961,0.07757081091403961,-0.04398336261510849,-0.04398336261510849,-0.10942365229129791,1.82671058177948,-1.4560654163360596,0.0,0.06544028967618942,0.06544028967618942
1166,38.86666666666667,4,0,0,,4,uneven rough,5,0.0,53.60456085205078,35.567317962646484,0.34579968452453613,1.3872768878936768,-0.6461406946182251,1.3872768878936768,-0.6461406946182251,7.089976787567139,0.0,0.0,-0.07122081518173218,0.28954261541366577,0.6936384439468384,-0.32307034730911255,-0.6463234424591064,0.39378467202186584,0.7252200841903687,0.49194347858428955,0.03603580594062805,0.031598642468452454,-0.45242640376091003,-0.45242640376091003,0.23878832161426544,-1.3845106363296509,0.9052181243896484,0.0,-0.6912147253751755,-0.6912147253751755,0.19689233601093292,0.19689233601093292,0.06074091047048569,2.0432424545288086,0.41635990142822266,0.0,0.13615142554044724,0.13615142554044724,0.3626100420951843,0.3626100420951843,0.1258297711610794,-1.658231496810913,-0.6975075006484985,0.0,0.23678027093410492,0.23678027093410492,0.34436044096946716,0.34436044096946716,0.2877417206764221,2.027872085571289,1.3584955930709839,0.0,0.056618720293045044,0.056618720293045044,0.018017902970314026,0.018017902970314026,0.12490972131490707,-1.1704325675964355,-0.1853792369365692,0.0,-0.10689181834459305,-0.10689181834459305,0.015799321234226227,0.015799321234226227,0.05384312942624092,-0.11000458151102066,0.5798779726028442,0.0,-0.038043808192014694,-0.038043808192014694
1166,38.86666666666667,14,0,0,,4,uneven rough,5,0.0,52.80091857910156,38.06710433959961,0.3715191185474396,1.0628695487976074,0.5269335508346558,1.0628695487976074,0.5269335508346558,7.387611389160156,3.982443332672119,0.3333333432674408,0.022864997386932373,0.2084229588508606,0.5314347743988037,0.2634667754173279,-0.19241708517074585,0.542027473449707,0.25122198462486267,0.3450770676136017,0.0963006392121315,-0.013783848844468594,-0.13469195365905762,-0.13469195365905762,0.13624529540538788,-1.48397958278656,-1.0493502616882324,0.0,-0.2709372490644455,-0.2709372490644455,0.2710137367248535,0.2710137367248535,0.2550678551197052,1.5160741806030273,0.17617352306842804,0.0,0.015945881605148315,0.015945881605148315,0.12561099231243134,0.12561099231243134,0.12746743857860565,-1.4792391061782837,0.6200196743011475,0.0,-0.0018564462661743164,-0.0018564462661743164,0.24155394732952118,0.24155394732952118,0.28231412172317505,-1.6640865802764893,1.7077629566192627,0.0,-0.04076017439365387,-0.04076017439365387,0.04815031960606575,0.04815031960606575,0.04432597756385803,0.7911238670349121,-0.12101243436336517,0.0,0.003824342042207718,0.003824342042207718,-0.006891924422234297,-0.006891924422234297,0.023991568014025688,-1.5046931505203247,1.067798137664795,0.0,-0.030883492436259985,-0.030883492436259985
1166,38.86666666666667,24,0,0,,4,uneven rough,11,0.0,102.93405151367188,40.421546936035156,0.050957463681697845,1.4032034873962402,0.5852317810058594,0.6693882942199707,0.5852317810058594,3.2632157802581787,0.8255011439323425,0.3333333432674408,-0.009497866034507751,0.2374129742383957,0.7016017436981201,0.2926158905029297,0.2524799406528473,0.2868679463863373,0.3918111026287079,0.6185530424118042,0.47299715876579285,-0.16771338880062103,0.17673595249652863,0.17673595249652863,0.5112813711166382,-1.6182105541229248,1.508047103881836,0.0,-0.33454541862010956,-0.33454541862010956,0.14343397319316864,0.14343397319316864,0.01937929168343544,1.989457130432129,0.31870731711387634,0.0,0.1240546815097332,0.1240546815097332,0.19590555131435394,0.19590555131435394,0.1866036057472229,1.0132358074188232,-0.3733122646808624,0.0,0.009301945567131042,0.009301945567131042,0.43298712372779846,0.43298712372779846,0.22313393652439117,1.9268132448196411,0.867365837097168,0.0,0.2098531872034073,0.2098531872034073,0.23649857938289642,0.23649857938289642,0.13541488349437714,1.8057955503463745,1.8708544969558716,0.0,0.10108369588851929,0.10108369588851929,-0.08385669440031052,-0.08385669440031052,-0.07444912940263748,-0.13462033867835999,0.4000220000743866,0.0,-0.009407564997673035,-0.009407564997673035
1167,38.9,4,0,0,,4,uneven rough,5,0.0,53.5687370300293,35.5960578918457,0.3406735360622406,1.0155669450759888,0.7064025402069092,1.0155669450759888,0.7064025402069092,5.953136444091797,3.587185859680176,0.3333333432674408,-0.025427302345633507,0.07922579348087311,0.5077834725379944,0.3532012701034546,-0.43412894010543823,0.23083627223968506,0.05813061073422432,0.6283338665962219,0.4939618706703186,-0.124260812997818,-0.30389025807380676,-0.30389025807380676,0.17805194854736328,-1.9363726377487183,-0.38939860463142395,0.0,-0.48194220662117004,-0.48194220662117004,0.11541813611984253,0.11541813611984253,0.10968177765607834,0.7970025539398193,1.3362022638320923,0.0,0.005736358463764191,0.005736358463764191,0.02906530536711216,0.02906530536711216,0.0632023960351944,-2.000000238418579,-1.2407026290893555,0.0,-0.03413709066808224,-0.03413709066808224,0.43983370065689087,0.43983370065689087,0.3555181324481964,1.999996304512024,1.7369621992111206,0.0,0.08431556820869446,0.08431556820869446,0.2469809353351593,0.2469809353351593,0.18305593729019165,1.9727089405059814,-0.7423301339149475,0.0,0.06392499804496765,0.06392499804496765,-0.062130406498909,-0.062130406498909,-0.010317306034266949,-1.9927829504013062,0.1898171305656433,0.0,-0.05181310046464205,-0.05181310046464205
1167,38.9,14,0,0,,4,uneven rough,5,0.0,52.764957427978516,38.08568572998047,0.36382991075515747,0.6977427005767822,0.20001038908958435,0.6977427005767822,0.20001038908958435,2.142031192779541,0.8272275924682617,0.1666666716337204,0.05469697713851929,0.22175157070159912,0.3488713502883911,0.10000519454479218,0.625183641910553,0.005933829583227634,0.26270049810409546,-0.11858628690242767,-0.10023049265146255,-0.4443252384662628,0.43762853741645813,0.43762853741645813,0.18356338143348694,1.9803993701934814,-1.2950904369354248,0.0,0.2540651559829712,0.2540651559829712,0.002966914791613817,0.002966914791613817,0.1890217661857605,-1.9541665315628052,0.9337557554244995,0.0,-0.18605485139414668,-0.18605485139414668,0.13135024905204773,0.13135024905204773,0.09306852519512177,-1.0687856674194336,-0.5669050216674805,0.0,0.038281723856925964,0.038281723856925964,-0.08301039785146713,-0.08301039785146713,0.21471451222896576,-1.6474826335906982,-0.19868682324886322,0.0,-0.2977249100804329,-0.2977249100804329,-0.16036878526210785,-0.16036878526210785,-0.015395847149193287,-0.9544311761856079,0.39471107721328735,0.0,-0.14497293811291456,-0.14497293811291456,-0.2221626192331314,-0.2221626192331314,-0.01806618645787239,-0.9988836646080017,-0.3866930305957794,0.0,-0.20409643277525902,-0.20409643277525902
1167,38.9,24,0,0,,4,uneven rough,11,0.0,102.91285705566406,40.44734191894531,0.035593077540397644,1.0262537002563477,1.274287223815918,0.6944637298583984,1.274287223815918,3.797879219055176,0.3195931315422058,0.1666666716337204,0.13770529627799988,0.17751114070415497,0.5131268501281738,0.637143611907959,0.8651928305625916,-0.0937327966094017,0.23400528728961945,0.5934045314788818,0.330841600894928,-0.0886397510766983,0.6056349873542786,0.6056349873542786,0.5287470817565918,1.9957610368728638,-0.25954458117485046,0.0,0.07688790559768677,0.07688790559768677,-0.14997248351573944,-0.14997248351573944,-0.011059138923883438,0.5239447951316833,1.2633522748947144,0.0,-0.138913344591856,-0.138913344591856,0.11700264364480972,0.11700264364480972,0.13449527323246002,-1.049988031387329,0.4106445014476776,0.0,-0.0174926295876503,-0.0174926295876503,0.41538316011428833,0.41538316011428833,0.2701362669467926,1.1604743003845215,1.4663792848587036,0.0,0.14524689316749573,0.14524689316749573,0.165420800447464,0.165420800447464,0.10247602313756943,1.11393141746521,1.834070086479187,0.0,0.06294477730989456,0.06294477730989456,-0.04431987553834915,-0.04431987553834915,-0.04826750606298447,-0.2279110550880432,0.09773425757884979,0.0,0.003947630524635315,0.003947630524635315
1168,38.93333333333333,4,0,0,,4,uneven rough,5,0.0,53.53692626953125,35.627708435058594,0.3340824544429779,0.9723225831985474,0.5758479237556458,0.9723225831985474,0.5758479237556458,4.771411895751953,0.0,0.0,-0.019862353801727295,0.06908014416694641,0.4861612915992737,0.2879239618778229,0.4929066598415375,-0.23631414771080017,0.2143983393907547,0.13306193053722382,0.3123342990875244,0.10531524568796158,0.345034658908844,0.345034658908844,0.24023224413394928,1.943967580795288,-1.2640604972839355,0.0,0.10480241477489471,0.10480241477489471,-0.3781026303768158,-0.3781026303768158,0.06092965975403786,0.0870966762304306,1.031337857246399,0.0,-0.43903229013085365,-0.43903229013085365,0.10719916969537735,0.10719916969537735,0.054134219884872437,-0.399656742811203,-1.6700109243392944,0.0,0.05306494981050491,0.05306494981050491,0.09314335137605667,0.09314335137605667,0.2981770634651184,-1.713969349861145,1.8856821060180664,0.0,-0.20503371208906174,-0.20503371208906174,0.1561671495437622,0.1561671495437622,0.15050359070301056,-0.5275968313217163,0.7927578091621399,0.0,0.005663558840751648,0.005663558840751648,0.05265762284398079,0.05265762284398079,0.037944160401821136,1.5356684923171997,-1.0442289113998413,0.0,0.014713462442159653,0.014713462442159653
1168,38.93333333333333,14,0,0,,4,uneven rough,5,0.0,52.72266387939453,38.103858947753906,0.348908007144928,1.3500511646270752,-0.771653413772583,1.3500511646270752,-0.771653413772583,2.999441623687744,2.7983036041259766,0.3333333432674408,0.012130647897720337,0.1578095555305481,0.6750255823135376,-0.3858267068862915,0.16749878227710724,0.10420550405979156,0.5755214691162109,-0.12058694660663605,0.11937472969293594,-0.4532020390033722,0.11724914610385895,0.11724914610385895,0.17237362265586853,-1.9978622198104858,0.5568773746490479,0.0,-0.05512447655200958,-0.05512447655200958,0.05210275202989578,0.05210275202989578,0.1264241486787796,-2.000983476638794,-0.6990807056427002,0.0,-0.07432139664888382,-0.07432139664888382,0.28776073455810547,0.28776073455810547,0.12383615225553513,0.48634472489356995,-0.850669264793396,0.0,0.16392458230257034,0.16392458230257034,-0.08441086113452911,-0.08441086113452911,0.1830262541770935,-0.43676215410232544,-1.0178385972976685,0.0,-0.2674371153116226,-0.2674371153116226,0.05968736484646797,0.05968736484646797,0.043010007590055466,2.0452139377593994,-0.36809638142585754,0.0,0.016677357256412506,0.016677357256412506,-0.2266010195016861,-0.2266010195016861,-0.04772873595356941,-1.2291449308395386,-0.7328267097473145,0.0,-0.17887228354811668,-0.17887228354811668
1168,38.93333333333333,24,0,0,,4,uneven rough,11,0.0,102.8895492553711,40.47356414794922,0.022654443979263306,1.8330233097076416,1.038244366645813,0.7271149158477783,1.038244366645813,4.909152984619141,3.7340660095214844,0.5,0.12782073020935059,0.351635217666626,0.9165116548538208,0.5191221833229065,0.1449764370918274,-0.01933899335563183,0.662361741065979,0.49906307458877563,0.23290768265724182,-0.11896165460348129,0.10148350149393082,0.10148350149393082,0.49812760949134827,-1.6574788093566895,1.0156092643737793,0.0,-0.39664410799741745,-0.39664410799741745,-0.030942389741539955,-0.030942389741539955,-0.01603841595351696,-0.4637495279312134,0.845289945602417,0.0,-0.014903973788022995,-0.014903973788022995,0.3311808705329895,0.3311808705329895,0.18459483981132507,1.8912036418914795,-0.41519975662231445,0.0,0.14658603072166443,0.14658603072166443,0.3493441343307495,0.3493441343307495,0.3388417959213257,1.6596163511276245,1.2934200763702393,0.0,0.010502338409423828,0.010502338409423828,0.11645384132862091,0.11645384132862091,0.1024600937962532,-0.2662961483001709,1.426902413368225,0.0,0.013993747532367706,0.013993747532367706,-0.059480827301740646,-0.059480827301740646,-0.0758419781923294,-0.9884439706802368,-0.08638618141412735,0.0,0.01636115089058876,0.01636115089058876
1169,38.96666666666667,4,0,0,,4,uneven rough,5,0.0,53.5029296875,35.6595344543457,0.328705370426178,1.2815816402435303,-0.525020956993103,1.2815816402435303,-0.525020956993103,4.35517692565918,3.3709592819213867,0.3333333432674408,-0.32248616218566895,0.056151341646909714,0.6407908201217651,-0.2625104784965515,-0.1448255032300949,-0.08988822996616364,0.6761566996574402,0.2480374425649643,0.4645417034626007,-0.42728477716445923,-0.10137785226106644,-0.10137785226106644,0.2530874013900757,0.1761215329170227,0.5497643351554871,0.0,-0.3544652536511421,-0.3544652536511421,-0.14382116496562958,-0.14382116496562958,0.04481976479291916,-0.3991926908493042,0.4974621832370758,0.0,-0.18864092975854874,-0.18864092975854874,0.3380783498287201,0.3380783498287201,0.09486842900514603,1.6888930797576904,-0.9517503976821899,0.0,0.24320992082357407,0.24320992082357407,0.17362621426582336,0.17362621426582336,0.24672935903072357,-1.587729811668396,-0.14956730604171753,0.0,-0.07310314476490021,-0.07310314476490021,0.23227085173130035,0.23227085173130035,0.1864159107208252,1.8145418167114258,0.046226926147937775,0.0,0.04585494101047516,0.04585494101047516,-0.21364238858222961,-0.21364238858222961,-0.006722813006490469,-1.687416434288025,0.41444969177246094,0.0,-0.20691957557573915,-0.20691957557573915
1169,38.96666666666667,14,0,0,,4,uneven rough,5,0.0,52.67731857299805,38.12252426147461,0.336579829454422,1.4093984365463257,0.22839537262916565,1.4093984365463257,0.22839537262916565,5.504656791687012,4.088767051696777,0.3333333432674408,0.21276503801345825,0.16180852055549622,0.7046992182731628,0.11419768631458282,0.8338906764984131,0.2753274142742157,-0.2315458506345749,0.20376314222812653,0.27058011293411255,0.3299238681793213,0.5837234854698181,0.5837234854698181,0.2121388167142868,0.9489769339561462,-0.8875769972801208,0.0,0.3715846687555313,0.3715846687555313,0.13766370713710785,0.13766370713710785,0.11178461462259293,1.5350525379180908,-1.4351788759231567,0.0,0.025879092514514923,0.025879092514514923,-0.11577292531728745,-0.11577292531728745,0.06519076228141785,-2.0465002059936523,-0.09471914917230606,0.0,-0.1809636875987053,-0.1809636875987053,0.14263419806957245,0.14263419806957245,0.12102831155061722,-0.48579931259155273,-0.6892969608306885,0.0,0.02160588651895523,0.02160588651895523,0.13529005646705627,0.13529005646705627,0.11345057189464569,1.5036898851394653,0.996393620967865,0.0,0.021839484572410583,0.021839484572410583,0.16496193408966064,0.16496193408966064,-0.0284732598811388,-1.9974095821380615,-1.0134459733963013,0.0,0.19343519397079945,0.19343519397079945
1169,38.96666666666667,24,0,0,,4,uneven rough,11,0.0,102.86127471923828,40.50180435180664,0.010762915015220642,1.4198408126831055,0.7810723185539246,0.7789250612258911,0.7810723185539246,5.115808010101318,2.8219757080078125,0.3333333432674408,0.3646109998226166,0.2974778115749359,0.7099204063415527,0.3905361592769623,0.7003670930862427,0.04739532619714737,0.4616982638835907,0.42298272252082825,0.13680589199066162,-0.0903419703245163,0.4902569651603699,0.4902569651603699,0.5012263059616089,0.38485148549079895,-0.495759516954422,0.0,-0.010969340801239014,-0.010969340801239014,0.023697663098573685,0.023697663098573685,-0.002134006703272462,0.7607015371322632,0.10515667498111725,0.0,0.025831669801846147,0.025831669801846147,0.23084913194179535,0.23084913194179535,0.24562999606132507,1.1069872379302979,0.8888448476791382,0.0,-0.014780864119529724,-0.014780864119529724,0.2960878908634186,0.2960878908634186,0.309550017118454,-1.6194733381271362,1.500468134880066,0.0,-0.0134621262550354,-0.0134621262550354,0.06840294599533081,0.06840294599533081,0.07809005677700043,-0.9098522663116455,0.46956491470336914,0.0,-0.009687110781669617,-0.009687110781669617,-0.04517098516225815,-0.04517098516225815,-0.08538448065519333,-0.09956831485033035,-0.5964112877845764,0.0,0.04021349549293518,0.04021349549293518
1170,39.0,4,0,0,,4,uneven rough,5,0.0,53.470970153808594,35.69277572631836,0.33378714323043823,1.5109364986419678,0.29022306203842163,1.5109364986419678,0.29022306203842163,2.948845386505127,5.408977508544922,0.684276819229126,-0.2191774547100067,0.13683538138866425,0.7554682493209839,0.14511153101921082,0.6072351932525635,-0.1405794620513916,0.44421228766441345,-0.028789954259991646,0.5057916045188904,-0.4257287085056305,0.4250646233558655,0.4250646233558655,0.31227123737335205,1.9866137504577637,0.3385060131549835,0.0,0.11279338598251343,0.11279338598251343,-0.2249271422624588,-0.2249271422624588,0.009650851599872112,-0.10800459235906601,-0.009508083574473858,0.0,-0.2345779938623309,-0.2345779938623309,0.22210614383220673,0.22210614383220673,0.1637045443058014,2.000009536743164,0.5412741303443909,0.0,0.058401599526405334,0.058401599526405334,-0.020152967423200607,-0.020152967423200607,0.1780257672071457,-1.8781803846359253,-0.962706983089447,0.0,-0.1981787346303463,-0.1981787346303463,0.2528958022594452,0.2528958022594452,0.21423935890197754,1.4365880489349365,1.0460352897644043,0.0,0.03865644335746765,0.03865644335746765,-0.21286435425281525,-0.21286435425281525,-0.0589960552752018,-1.5912673473358154,-0.7739492058753967,0.0,-0.15386829897761345,-0.15386829897761345
1170,39.0,14,0,0,,4,uneven rough,5,0.0,52.64374923706055,38.15104675292969,0.33863580226898193,1.790086030960083,0.5314128398895264,1.790086030960083,0.5314128398895264,7.940532684326172,3.5504045486450195,0.3333333432674408,0.2776481509208679,0.08747655153274536,0.8950430154800415,0.2657064199447632,0.6370106935501099,0.11406442523002625,-0.03497167304158211,0.6049207448959351,0.012548071332275867,0.07717352360486984,0.44590747356414795,0.44590747356414795,0.27138930559158325,1.9070076942443848,0.15081387758255005,0.0,0.1745181679725647,0.1745181679725647,0.05703221261501312,0.05703221261501312,0.06280484050512314,-1.4490549564361572,0.24419526755809784,0.0,-0.005772627890110016,-0.005772627890110016,-0.017485836520791054,-0.017485836520791054,0.005336456466466188,0.43365758657455444,-1.198259711265564,0.0,-0.022822292987257242,-0.022822292987257242,0.4234445095062256,0.4234445095062256,0.1626099944114685,1.5853517055511475,-0.5742390155792236,0.0,0.2608345150947571,0.2608345150947571,0.006274035666137934,0.006274035666137934,0.04220210015773773,-1.3859901428222656,1.283219814300537,0.0,-0.0359280644915998,-0.0359280644915998,0.03858676180243492,0.03858676180243492,-0.03076477348804474,0.5559508204460144,-1.5697808265686035,0.0,0.06935153529047966,0.06935153529047966
1170,39.0,24,0,0,,4,uneven rough,11,0.0,102.82738494873047,40.52678298950195,-0.011801183223724365,1.3799362182617188,0.9021255970001221,0.7738404273986816,0.9021255970001221,2.4458320140838623,0.7569209933280945,0.1666666716337204,0.2505604326725006,0.38081273436546326,0.6899681091308594,0.45106279850006104,0.6568736433982849,0.0799485445022583,0.5348137021064758,0.1880570650100708,0.32444319128990173,-0.5264339447021484,0.4598115384578705,0.4598115384578705,0.48171621561050415,-1.2714855670928955,0.002139517106115818,0.0,-0.021904677152633667,-0.021904677152633667,0.03997427225112915,0.03997427225112915,0.04971124604344368,0.48736655712127686,0.4758029282093048,0.0,-0.00973697379231453,-0.00973697379231453,0.2674068510532379,0.2674068510532379,0.27637583017349243,0.0746406614780426,1.0121829509735107,0.0,-0.008968979120254517,-0.008968979120254517,0.13163994252681732,0.13163994252681732,0.2489013373851776,-1.9152241945266724,-0.26355239748954773,0.0,-0.11726139485836029,-0.11726139485836029,0.16222159564495087,0.16222159564495087,0.13401205837726593,1.5419998168945312,-0.31036001443862915,0.0,0.028209537267684937,0.028209537267684937,-0.2632169723510742,-0.2632169723510742,-0.1488994061946869,-1.9524908065795898,-0.31549540162086487,0.0,-0.11431756615638733,-0.11431756615638733
1171,39.03333333333333,4,0,0,,4,uneven rough,5,0.0,53.431739807128906,35.719017028808594,0.3413138687610626,1.7215317487716675,-0.6206064224243164,1.7215317487716675,-0.6206064224243164,5.301485061645508,2.535994052886963,0.3333333432674408,-0.02931181713938713,0.11513593047857285,0.8607658743858337,-0.3103032112121582,0.33502522110939026,0.10114183276891708,0.35865330696105957,-0.1630619764328003,0.5355783700942993,-0.5517514944076538,0.2345176488161087,0.2345176488161087,0.2957752048969269,-1.9660797119140625,1.270349144935608,0.0,-0.061257556080818176,-0.061257556080818176,0.05057091638445854,0.05057091638445854,0.050159260630607605,0.3742709755897522,-0.06519818305969238,0.0,0.0004116557538509369,0.0004116557538509369,0.17932665348052979,0.17932665348052979,0.18557661771774292,0.6582121253013611,1.3660457134246826,0.0,-0.006249964237213135,-0.006249964237213135,-0.11414337903261185,-0.11414337903261185,0.14325304329395294,-1.1537816524505615,-1.480317234992981,0.0,-0.2573964223265648,-0.2573964223265648,0.26778918504714966,0.26778918504714966,0.26683226227760315,0.26362618803977966,1.2668545246124268,0.0,0.0009569227695465088,0.0009569227695465088,-0.2758757472038269,-0.2758757472038269,-0.11900202184915543,-0.5840487480163574,-1.2360624074935913,0.0,-0.15687372535467148,-0.15687372535467148
1171,39.03333333333333,14,0,0,,4,uneven rough,5,0.0,52.60566329956055,38.1782112121582,0.34081631898880005,1.8027759790420532,-1.267566442489624,1.8027759790420532,-1.267566442489624,5.252335071563721,2.813051223754883,0.5,0.5812322497367859,0.19267289340496063,0.9013879895210266,-0.633783221244812,-0.07145673036575317,0.19370827078819275,0.5214119553565979,0.29141199588775635,0.10470167547464371,-0.03511678799986839,-0.05001971125602722,-0.05001971125602722,0.24298429489135742,-1.2637847661972046,1.1437690258026123,0.0,-0.29300400614738464,-0.29300400614738464,0.09685413539409637,0.09685413539409637,0.0922970399260521,0.6890589594841003,-0.7131714224815369,0.0,0.004557095468044281,0.004557095468044281,0.26070597767829895,0.26070597767829895,0.05437129735946655,-0.24219441413879395,-0.2755707800388336,0.0,0.2063346803188324,0.2063346803188324,0.20398838818073273,0.20398838818073273,0.22421307861804962,1.0608693361282349,0.6467974781990051,0.0,-0.020224690437316895,-0.020224690437316895,0.052350837737321854,0.052350837737321854,0.05249838903546333,0.2883867919445038,-0.2259562909603119,0.0,-0.0001475512981414795,-0.0001475512981414795,-0.017558393999934196,-0.017558393999934196,-0.01953248120844364,0.06367480009794235,-0.36788833141326904,0.0,0.001974087208509445,0.001974087208509445
1171,39.03333333333333,24,0,0,,4,uneven rough,11,0.0,102.7988052368164,40.55049514770508,-0.050777189433574677,1.2444701194763184,1.3949018716812134,0.7482954263687134,1.3949018716812134,3.770895004272461,0.0,0.0,0.5075020790100098,0.45237040519714355,0.6222350597381592,0.6974509358406067,0.9580267667770386,-0.24133218824863434,0.17333577573299408,0.42561519145965576,0.3109608590602875,-0.30459514260292053,0.6706187129020691,0.6706187129020691,0.4944831132888794,2.0147883892059326,-0.7179703712463379,0.0,0.1761355996131897,0.1761355996131897,-0.38613149523735046,-0.38613149523735046,-0.010040948167443275,2.1911096572875977,0.4823410212993622,0.0,-0.3760905470699072,-0.3760905470699072,0.08666788786649704,0.08666788786649704,0.20952187478542328,-2.124264717102051,0.4820948541164398,0.0,-0.12285398691892624,-0.12285398691892624,0.29793062806129456,0.29793062806129456,0.20978853106498718,-0.8240585923194885,-1.1974105834960938,0.0,0.08814209699630737,0.08814209699630737,0.15548042953014374,0.15548042953014374,0.16021113097667694,-0.39831656217575073,0.7369675636291504,0.0,-0.004730701446533203,-0.004730701446533203,-0.15229757130146027,-0.15229757130146027,-0.15195229649543762,-1.0368565320968628,-1.2410554885864258,0.0,-0.00034527480602264404,-0.00034527480602264404
1172,39.06666666666666,4,0,0,,4,uneven rough,5,0.0,53.39762878417969,35.749080657958984,0.35101228952407837,1.6395995616912842,-0.27634018659591675,1.6395995616912842,-0.27634018659591675,5.689166069030762,0.9501575231552124,0.3333333432674408,-0.009882858023047447,0.26516395807266235,0.8197997808456421,-0.13817009329795837,0.7279109954833984,0.10814353078603745,0.10416185855865479,0.2488250732421875,0.17688067257404327,-0.31390073895454407,0.5095376968383789,0.5095376968383789,0.3171297609806061,1.185198187828064,-0.5595335364341736,0.0,0.19240793585777283,0.19240793585777283,0.05407176539301872,0.05407176539301872,0.05735264718532562,0.7570863366127014,0.18327847123146057,0.0,-0.0032808817923069,-0.0032808817923069,0.05208092927932739,0.05208092927932739,0.12509594857692719,-1.994909405708313,0.9658353328704834,0.0,-0.07301501929759979,-0.07301501929759979,0.17417754232883453,0.17417754232883453,0.12172850966453552,0.4609554409980774,-1.2956933975219727,0.0,0.05244903266429901,0.05244903266429901,0.08844033628702164,0.08844033628702164,0.19976314902305603,-2.0003485679626465,0.6996273994445801,0.0,-0.1113228127360344,-0.1113228127360344,-0.15695036947727203,-0.15695036947727203,-0.16375352442264557,-0.6067302227020264,-0.8674126863479614,0.0,0.006803154945373535,0.006803154945373535
1172,39.06666666666666,14,0,0,,4,uneven rough,5,0.0,52.563724517822266,38.202518463134766,0.34489673376083374,0.6797370910644531,0.5222128629684448,0.6797370910644531,0.5222128629684448,2.8614823818206787,2.4350366592407227,0.3333333432674408,0.6377834677696228,0.06356953829526901,0.33986854553222656,0.2611064314842224,0.44645577669143677,0.30433595180511475,0.10176186263561249,0.3334769010543823,0.14604245126247406,0.07357943058013916,0.31251904368400574,0.31251904368400574,0.280754029750824,1.6904782056808472,-0.21746620535850525,0.0,0.03176501393318176,0.03176501393318176,0.15216797590255737,0.15216797590255737,0.13442356884479523,0.5169142484664917,0.07965215295553207,0.0,0.017744407057762146,0.017744407057762146,0.050880931317806244,0.050880931317806244,0.05035611242055893,-0.1646130084991455,-0.25669971108436584,0.0,0.0005248188972473145,0.0005248188972473145,0.2334338277578354,0.2334338277578354,0.21364879608154297,-0.10815330594778061,0.8809144496917725,0.0,0.01978503167629242,0.01978503167629242,0.07302122563123703,0.07302122563123703,0.07999470829963684,0.9865595102310181,0.0648542046546936,0.0,-0.006973482668399811,-0.006973482668399811,0.03678971529006958,0.03678971529006958,-0.007461330853402615,0.5732084512710571,-0.1238817572593689,0.0,0.044251046143472195,0.044251046143472195
1172,39.06666666666666,24,0,0,,4,uneven rough,11,0.0,102.77462005615234,40.58034133911133,-0.06257455050945282,1.7550764083862305,-0.9874289631843567,0.7414761781692505,-0.9874289631843567,1.4180340766906738,0.45527490973472595,0.3333333432674408,0.5018024444580078,0.36986982822418213,0.8775382041931152,-0.49371448159217834,0.10427623987197876,0.4849991202354431,0.6982036828994751,0.7326251268386841,0.44785943627357483,-0.06143686920404434,0.07299336791038513,0.07299336791038513,0.43007364869117737,-1.9854176044464111,0.8271363377571106,0.0,-0.35708028078079224,-0.35708028078079224,0.24249956011772156,0.24249956011772156,0.06526603549718857,1.9992233514785767,1.4484819173812866,0.0,0.177233524620533,0.177233524620533,0.34910184144973755,0.34910184144973755,0.25941401720046997,1.8516550064086914,-0.9915454983711243,0.0,0.08968782424926758,0.08968782424926758,0.5128375887870789,0.5128375887870789,0.2785088121891022,1.979312539100647,-0.9863166809082031,0.0,0.23432877659797668,0.23432877659797668,0.22392971813678741,0.22392971813678741,0.16383224725723267,0.20733411610126495,0.09507588297128677,0.0,0.06009747087955475,0.06009747087955475,-0.03071843460202217,-0.03071843460202217,-0.09223748743534088,2.0088000297546387,-1.125601053237915,0.0,0.06151905283331871,0.06151905283331871
1173,39.1,4,0,0,,4,uneven rough,5,0.0,53.369667053222656,35.78423309326172,0.3611946105957031,1.6057307720184326,-0.35786697268486023,1.6057307720184326,-0.35786697268486023,8.213926315307617,1.6286354064941406,0.1666666716337204,0.4132479429244995,0.23410116136074066,0.8028653860092163,-0.17893348634243011,-0.3821181654930115,0.5621846914291382,0.31960591673851013,0.3620246946811676,0.05849935859441757,0.009492894634604454,-0.2674826979637146,-0.2674826979637146,0.2621948719024658,-2.000004291534424,0.42694091796875,0.0,-0.5296775698661804,-0.5296775698661804,0.2810923457145691,0.2810923457145691,0.11650450527667999,1.5214520692825317,0.5077104568481445,0.0,0.1645878404378891,0.1645878404378891,0.15980295836925507,0.15980295836925507,0.16162891685962677,1.6106019020080566,-0.7081750631332397,0.0,-0.001825958490371704,-0.001825958490371704,0.2534172832965851,0.2534172832965851,0.18905521929264069,2.0012199878692627,-0.3024809658527374,0.0,0.0643620640039444,0.0643620640039444,0.029249679297208786,0.029249679297208786,0.1426618993282318,-2.0033419132232666,-0.8269438147544861,0.0,-0.11341222003102303,-0.11341222003102303,0.004746447317302227,0.004746447317302227,-0.11584438383579254,1.3435287475585938,-0.7200223803520203,0.0,0.12059083115309477,0.12059083115309477
1173,39.1,14,0,0,,4,uneven rough,5,0.0,52.52265167236328,38.219242095947266,0.33924227952957153,1.4084382057189941,0.20674359798431396,1.4084382057189941,0.20674359798431396,3.6435723304748535,1.6276323795318604,0.5,0.6299169063568115,0.09198987483978271,0.7042191028594971,0.10337179899215698,0.30061498284339905,0.21536366641521454,-0.05516262352466583,0.35614994168281555,0.41969671845436096,-0.23143728077411652,0.21043048799037933,0.21043048799037933,0.235628142952919,-1.5033594369888306,0.8612889647483826,0.0,-0.025197654962539673,-0.025197654962539673,0.10768183320760727,0.10768183320760727,0.12555065751075745,-0.5259503126144409,0.32688093185424805,0.0,-0.017868824303150177,-0.017868824303150177,-0.027581311762332916,-0.027581311762332916,-0.005131821613758802,-1.9299802780151367,-0.20463372766971588,0.0,-0.022449490148574114,-0.022449490148574114,0.24930495023727417,0.24930495023727417,0.27166905999183655,1.161721110343933,0.3216937780380249,0.0,-0.022364109754562378,-0.022364109754562378,0.20984835922718048,0.20984835922718048,0.13446906208992004,1.7087500095367432,0.5859880447387695,0.0,0.07537929713726044,0.07537929713726044,-0.11571864038705826,-0.11571864038705826,-0.0729476660490036,-1.9924715757369995,0.2702542841434479,0.0,-0.04277097433805466,-0.04277097433805466
1173,39.1,24,0,0,,4,uneven rough,11,0.0,102.75042724609375,40.612796783447266,-0.0689719021320343,1.1630775928497314,0.6220489740371704,0.815772533416748,0.6220489740371704,3.9986159801483154,3.0816497802734375,0.1666666716337204,0.0738048255443573,0.3853660523891449,0.5815387964248657,0.3110244870185852,0.546370804309845,0.6185504198074341,0.6352605223655701,0.7799975872039795,0.2829858660697937,0.13382963836193085,0.3824595510959625,0.3824595510959625,0.369871586561203,-1.4000719785690308,-0.7630866765975952,0.0,0.012587964534759521,0.012587964534759521,0.30927520990371704,0.30927520990371704,0.12459708005189896,1.3130557537078857,1.7598720788955688,0.0,0.18467812985181808,0.18467812985181808,0.31763026118278503,0.31763026118278503,0.2979367971420288,1.0359231233596802,0.6160051226615906,0.0,0.019693464040756226,0.019693464040756226,0.5459982752799988,0.5459982752799988,0.33835136890411377,1.6736485958099365,0.6904553771018982,0.0,0.207646906375885,0.207646906375885,0.14149293303489685,0.14149293303489685,0.17597123980522156,-0.6434216499328613,0.15854689478874207,0.0,-0.03447830677032471,-0.03447830677032471,0.06691481918096542,0.06691481918096542,-0.02406487613916397,2.000000238418579,0.6465949416160583,0.0,0.0909796953201294,0.0909796953201294
1174,39.13333333333333,4,0,0,,4,uneven rough,5,0.0,53.33381652832031,35.811553955078125,0.37067195773124695,1.3422726392745972,0.635288655757904,1.3422726392745972,0.635288655757904,7.110513210296631,2.7760467529296875,0.1666666716337204,0.20770440995693207,0.21124312281608582,0.6711363196372986,0.317644327878952,-0.023017244413495064,0.69399094581604,-0.12422426789999008,0.10452399402856827,-0.14701029658317566,0.0032879032660275698,-0.016112070530653,-0.016112070530653,0.2047124058008194,-1.8598629236221313,-0.9452582597732544,0.0,-0.2208244763314724,-0.2208244763314724,0.34699547290802,0.34699547290802,0.17911580204963684,2.0000057220458984,1.0808817148208618,0.0,0.16787967085838318,0.16787967085838318,-0.06211213394999504,-0.06211213394999504,0.11196115612983704,-1.9851188659667969,0.6028655767440796,0.0,-0.17407329007983208,-0.17407329007983208,0.07316679507493973,0.07316679507493973,0.16575224697589874,-1.980624794960022,1.0000356435775757,0.0,-0.09258545190095901,-0.09258545190095901,-0.23521648347377777,-0.23521648347377777,0.07954852283000946,-1.659038782119751,-1.4920814037322998,0.0,-0.31476500630378723,-0.31476500630378723,0.0016439516330137849,0.0016439516330137849,-0.059261586517095566,1.9930167198181152,0.4467131495475769,0.0,0.06090553815010935,0.06090553815010935
1174,39.13333333333333,14,0,0,,4,uneven rough,5,0.0,52.486473083496094,38.24182891845703,0.33971500396728516,1.3101778030395508,0.2998160421848297,1.3101778030395508,0.2998160421848297,6.543839931488037,0.8155762553215027,0.17761807143688202,0.5374587774276733,0.09054450690746307,0.6550889015197754,0.14990802109241486,0.7276619672775269,-0.05174608528614044,0.315555214881897,0.46964845061302185,-0.1346549391746521,0.17508676648139954,0.5093633532524109,0.5093633532524109,0.27165600657463074,1.1575243473052979,-0.4756874740123749,0.0,0.23770734667778015,0.23770734667778015,-0.08279373496770859,-0.08279373496770859,0.06903208792209625,-1.7566235065460205,-0.15531137585639954,0.0,-0.15182582288980484,-0.15182582288980484,0.1577776074409485,0.1577776074409485,0.030733933672308922,0.3673372268676758,-1.1801477670669556,0.0,0.12704367376863956,0.12704367376863956,0.32875391840934753,0.32875391840934753,0.2839934527873993,0.8466284871101379,0.7966467142105103,0.0,0.04476046562194824,0.04476046562194824,-0.21544790267944336,-0.21544790267944336,0.07374808937311172,-1.606590747833252,1.2207996845245361,0.0,-0.2891959920525551,-0.2891959920525551,0.08754338324069977,0.08754338324069977,-0.035916224122047424,1.3257948160171509,-1.0090949535369873,0.0,0.12345960736274719,0.12345960736274719
1174,39.13333333333333,24,0,0,,4,uneven rough,11,0.0,102.72557830810547,40.64802551269531,-0.07018398493528366,1.2906239032745361,0.11651993542909622,0.8803430795669556,0.11651993542909622,5.569608211517334,0.1878448724746704,0.1666666716337204,-0.11412936449050903,0.21579977869987488,0.6453119516372681,0.05825996771454811,0.5036963224411011,0.38770371675491333,0.0006063542678020895,0.5557873249053955,0.4014222025871277,0.07320166379213333,0.35258743166923523,0.35258743166923523,0.3335130214691162,-0.5063896775245667,-1.123239278793335,0.0,0.01907441020011902,0.01907441020011902,0.19385185837745667,0.19385185837745667,0.19074754416942596,1.9721965789794922,1.5072413682937622,0.0,0.0031043142080307007,0.0031043142080307007,0.0003031771339010447,0.0003031771339010447,0.24640268087387085,-1.7099707126617432,0.853427529335022,0.0,-0.2460995037399698,-0.2460995037399698,0.3890511095523834,0.3890511095523834,0.3752844035625458,0.07615404576063156,1.246354579925537,0.0,0.013766705989837646,0.013766705989837646,0.20071110129356384,0.20071110129356384,0.17193497717380524,0.22569574415683746,-0.2948875427246094,0.0,0.028776124119758606,0.028776124119758606,0.036600831896066666,0.036600831896066666,0.03462600335478783,1.5677251815795898,1.411812663078308,0.0,0.001974828541278839,0.001974828541278839
1175,39.166666666666664,4,0,0,,4,uneven rough,5,0.0,53.29510498046875,35.83633041381836,0.37304291129112244,1.3945872783660889,0.06109253689646721,1.3945872783660889,0.06109253689646721,5.641915798187256,0.6808983683586121,0.1666666716337204,0.3549811840057373,0.3092058300971985,0.6972936391830444,0.030546268448233604,0.29445505142211914,0.42775610089302063,0.3397403955459595,-0.31289908289909363,0.005284375511109829,-0.4217025637626648,0.20611853897571564,0.20611853897571564,0.1867654174566269,1.5050103664398193,-1.4623774290084839,0.0,0.019353121519088745,0.019353121519088745,0.21387805044651031,0.21387805044651031,0.22608032822608948,-1.6244208812713623,1.6005560159683228,0.0,-0.012202277779579163,-0.012202277779579163,0.16987019777297974,0.16987019777297974,0.1284404844045639,-2.064160108566284,-0.8603854775428772,0.0,0.04142971336841583,0.04142971336841583,-0.21902935206890106,-0.21902935206890106,0.09658172726631165,-2.020871877670288,-0.6852350831031799,0.0,-0.3156110793352127,-0.3156110793352127,0.0026421877555549145,0.0026421877555549145,0.013037990778684616,-1.6407817602157593,-1.5864794254302979,0.0,-0.010395803023129702,-0.010395803023129702,-0.2108512818813324,-0.2108512818813324,-0.03212417662143707,0.24267536401748657,1.3209959268569946,0.0,-0.17872710525989532,-0.17872710525989532
1175,39.166666666666664,14,0,0,,4,uneven rough,5,0.0,52.44517517089844,38.2615852355957,0.34276631474494934,1.50713312625885,-0.045292314141988754,1.50713312625885,-0.045292314141988754,4.96597957611084,1.6965144872665405,0.5,0.39268338680267334,0.1611030399799347,0.753566563129425,-0.022646157070994377,-0.42250770330429077,0.3989289104938507,0.6271781921386719,0.44221675395965576,0.3626721501350403,-0.0608912892639637,-0.29575538635253906,-0.29575538635253906,0.2204882800579071,-1.5685527324676514,0.44773340225219727,0.0,-0.5162436664104462,-0.5162436664104462,0.19946445524692535,0.19946445524692535,0.13822302222251892,1.9816921949386597,-1.0606961250305176,0.0,0.06124143302440643,0.06124143302440643,0.31358909606933594,0.31358909606933594,0.06643648445606232,1.2131637334823608,-0.30519697070121765,0.0,0.24715261161327362,0.24715261161327362,0.3095517158508301,0.3095517158508301,0.331739217042923,0.2987375557422638,0.8249065279960632,0.0,-0.022187501192092896,-0.022187501192092896,0.18133607506752014,0.18133607506752014,0.13565316796302795,1.976043701171875,-0.3778119683265686,0.0,0.04568290710449219,0.04568290710449219,-0.03044564463198185,-0.03044564463198185,-0.03171566128730774,0.15916939079761505,0.31105589866638184,0.0,0.0012700166553258896,0.0012700166553258896
1175,39.166666666666664,24,0,0,,4,uneven rough,11,0.0,102.69877624511719,40.68119812011719,-0.08260282874107361,1.2540732622146606,0.7210639715194702,0.912314772605896,0.7210639715194702,4.407695293426514,0.718741774559021,0.1666666716337204,0.010312309488654137,0.26473748683929443,0.6270366311073303,0.3605319857597351,0.675295352935791,0.299151211977005,-0.07991237193346024,0.3663098216056824,0.4580010771751404,-0.19518284499645233,0.47270673513412476,0.47270673513412476,0.39593231678009033,1.9914650917053223,-0.7744714021682739,0.0,0.07677441835403442,0.07677441835403442,0.1495756059885025,0.1495756059885025,0.1887362152338028,-1.5758391618728638,1.7701278924942017,0.0,-0.03916060924530029,-0.03916060924530029,-0.03995618596673012,-0.03995618596673012,0.1893642246723175,-1.6099951267242432,-0.5959224104881287,0.0,-0.22932041063904762,-0.22932041063904762,0.25641685724258423,0.25641685724258423,0.3095785081386566,-1.999989628791809,0.5847210884094238,0.0,-0.05316165089607239,-0.05316165089607239,0.2290005385875702,0.2290005385875702,0.19449587166309357,1.1281561851501465,-0.0005488224560394883,0.0,0.034504666924476624,0.034504666924476624,-0.09759142249822617,-0.09759142249822617,-0.007377794943749905,-1.9426183700561523,1.4999659061431885,0.0,-0.09021362755447626,-0.09021362755447626
1176,39.2,4,0,0,,4,uneven rough,5,0.0,53.253662109375,35.864715576171875,0.3622303009033203,1.8079371452331543,-1.0024796724319458,1.8079371452331543,-1.0024796724319458,6.7659735679626465,5.0594282150268555,0.3333333432674408,0.6805592775344849,0.09872971475124359,0.9039685726165771,-0.5012398362159729,-0.1595219522714615,0.4718254804611206,-0.2782849967479706,0.14161443710327148,0.5251190662384033,-0.11647006869316101,-0.11166536808013916,-0.11166536808013916,0.1267295479774475,-1.933859944343567,0.2153889387845993,0.0,-0.23839491605758667,-0.23839491605758667,0.2359127402305603,0.2359127402305603,0.22978869080543518,-0.338366836309433,-0.2228516936302185,0.0,0.006124049425125122,0.006124049425125122,-0.1391424983739853,-0.1391424983739853,0.07197701930999756,-1.9972506761550903,-1.541001796722412,0.0,-0.21111951768398285,-0.21111951768398285,0.09913010150194168,0.09913010150194168,0.10126886516809464,0.28129908442497253,-1.4404065608978271,0.0,-0.002138763666152954,-0.002138763666152954,0.26255953311920166,0.26255953311920166,0.0792258158326149,1.9997122287750244,-1.6171821355819702,0.0,0.18333371728658676,0.18333371728658676,-0.058235034346580505,-0.058235034346580505,-0.04907184839248657,-0.30131688714027405,0.7113115191459656,0.0,-0.009163185954093933,-0.009163185954093933
1176,39.2,14,0,0,,4,uneven rough,5,0.0,52.4034309387207,38.27760696411133,0.3327098488807678,1.3210488557815552,1.0470408201217651,1.3210488557815552,1.0470408201217651,5.402708053588867,1.9279594421386719,0.5,0.3561497628688812,0.08979259431362152,0.6605244278907776,0.5235204100608826,0.731884777545929,-0.095156729221344,-0.10114475339651108,0.26569098234176636,0.38080257177352905,-0.11539971083402634,0.5123193264007568,0.5123193264007568,0.27721935510635376,1.9944556951522827,-0.6922783851623535,0.0,0.23509997129440308,0.23509997129440308,-0.1522507667541504,-0.1522507667541504,0.10474073886871338,-0.17796511948108673,0.6594756841659546,0.0,-0.25699150562286377,-0.25699150562286377,-0.05057237669825554,-0.05057237669825554,0.003743824316188693,-2.0007638931274414,0.5532869100570679,0.0,-0.05431620101444423,-0.05431620101444423,0.18598368763923645,0.18598368763923645,0.2652972936630249,-1.9965946674346924,0.5274096727371216,0.0,-0.07931360602378845,-0.07931360602378845,0.19040128588676453,0.19040128588676453,0.1518465131521225,1.1897189617156982,0.9530622363090515,0.0,0.03855477273464203,0.03855477273464203,-0.05769985541701317,-0.05769985541701317,-0.06527381390333176,-1.0409566164016724,0.22517898678779602,0.0,0.007573958486318588,0.007573958486318588
1176,39.2,24,0,0,,4,uneven rough,11,0.0,102.67132568359375,40.71354293823242,-0.09799399226903915,1.341735601425171,1.0561652183532715,0.8396892547607422,1.0561652183532715,4.157910346984863,1.3774328231811523,0.1666666716337204,0.43313872814178467,0.38918328285217285,0.6708678007125854,0.5280826091766357,0.725783109664917,-0.1411457508802414,-0.0087590916082263,0.20761482417583466,0.37778419256210327,-0.13664807379245758,0.5080481767654419,0.5080481767654419,0.4623079001903534,1.9864840507507324,0.7893940210342407,0.0,0.0457402765750885,0.0457402765750885,-0.2258332073688507,-0.2258332073688507,0.13790620863437653,-0.636484682559967,-0.12168790400028229,0.0,-0.36373941600322723,-0.36373941600322723,-0.00437954580411315,-0.00437954580411315,0.1269066482782364,-1.91636061668396,-1.1692808866500854,0.0,-0.13128619408234954,-0.13128619408234954,0.14533036947250366,0.14533036947250366,0.24078533053398132,-1.9871832132339478,-0.876679003238678,0.0,-0.09545496106147766,-0.09545496106147766,0.18889209628105164,0.18889209628105164,0.18504942953586578,-0.6304362416267395,0.6376230120658875,0.0,0.003842666745185852,0.003842666745185852,-0.06832403689622879,-0.06832403689622879,-0.020249269902706146,-0.9545385241508484,-0.4464774429798126,0.0,-0.048074766993522644,-0.048074766993522644
1177,39.233333333333334,4,0,0,,4,uneven rough,5,0.0,53.21547317504883,35.893341064453125,0.350098580121994,0.3534497022628784,0.5645773410797119,0.3534497022628784,0.5645773410797119,1.482077956199646,0.3566620349884033,0.1666666716337204,0.2708001732826233,0.11602633446455002,0.1767248511314392,0.28228867053985596,0.7653352618217468,0.20073267817497253,-0.17907439172267914,-0.033641356974840164,0.03685065358877182,0.12181837856769562,0.5357346534729004,0.5357346534729004,0.17824500799179077,1.456114649772644,-0.9998002052307129,0.0,0.3574896454811096,0.3574896454811096,0.10036633908748627,0.10036633908748627,0.1624978929758072,-1.4140585660934448,-0.2881641685962677,0.0,-0.06213155388832092,-0.06213155388832092,-0.08953719586133957,-0.08953719586133957,0.017519161105155945,-1.4958765506744385,-1.7989656925201416,0.0,-0.10705635696649551,-0.10705635696649551,-0.023548949509859085,-0.023548949509859085,0.03319377824664116,-1.916434407234192,-0.46695107221603394,0.0,-0.056742727756500244,-0.056742727756500244,0.01842532679438591,0.01842532679438591,0.04134367033839226,-0.39803802967071533,0.42781639099121094,0.0,-0.022918343544006348,-0.022918343544006348,0.06090918928384781,0.06090918928384781,0.010529992170631886,-1.458488941192627,0.13876961171627045,0.0,0.05037919711321592,0.05037919711321592
1177,39.233333333333334,14,0,0,,4,uneven rough,5,0.0,52.36395263671875,38.294952392578125,0.3238779604434967,1.3117886781692505,-0.7283556461334229,1.3117886781692505,-0.7283556461334229,6.589794158935547,1.1195354461669922,0.1666666716337204,0.26395493745803833,0.1780606508255005,0.6558943390846252,-0.3641778230667114,0.44786137342453003,0.07915806770324707,0.5373805165290833,0.14890643954277039,0.1420440524816513,-0.4198811650276184,0.3135029673576355,0.3135029673576355,0.329787015914917,0.7322093844413757,0.8268058896064758,0.0,-0.016284048557281494,-0.016284048557281494,0.039579033851623535,0.039579033851623535,0.055161502212285995,-1.059531807899475,0.18598513305187225,0.0,-0.01558246836066246,-0.01558246836066246,0.2686902582645416,0.2686902582645416,0.04478807747364044,0.700907826423645,-0.8907780051231384,0.0,0.22390218079090118,0.22390218079090118,0.10423450917005539,0.10423450917005539,0.20110853016376495,-1.7711750268936157,-0.8996669054031372,0.0,-0.09687402099370956,-0.09687402099370956,0.07102202624082565,0.07102202624082565,0.09359432011842728,-1.6273267269134521,1.086868405342102,0.0,-0.022572293877601624,-0.022572293877601624,-0.2099405825138092,-0.2099405825138092,-0.128262460231781,-2.0005364418029785,-0.49069634079933167,0.0,-0.0816781222820282,-0.0816781222820282
1177,39.233333333333334,24,0,0,,4,uneven rough,11,0.0,102.63985443115234,40.74214553833008,-0.11139591038227081,1.5348762273788452,0.16704051196575165,0.7878413200378418,0.16704051196575165,1.7012758255004883,0.9864753484725952,0.3333333432674408,0.30945032835006714,0.3277980089187622,0.7674381136894226,0.08352025598287582,0.5610456466674805,-0.19507578015327454,0.327844500541687,0.08683722466230392,0.322590708732605,-0.4639090597629547,0.3927319347858429,0.3927319347858429,0.4582783877849579,-1.8008489608764648,1.466230869293213,0.0,-0.06554645299911499,-0.06554645299911499,-0.3121212422847748,-0.3121212422847748,0.08528012782335281,-1.4998929500579834,-0.41275492310523987,0.0,-0.3974013701081276,-0.3974013701081276,0.1639222502708435,0.1639222502708435,0.13988807797431946,1.176905632019043,-1.5916811227798462,0.0,0.024034172296524048,0.024034172296524048,0.06078605726361275,0.06078605726361275,0.18761688470840454,-1.3134819269180298,-1.504560112953186,0.0,-0.1268308274447918,-0.1268308274447918,0.1612953543663025,0.1612953543663025,0.15967093408107758,0.13199283182621002,-0.07933995127677917,0.0,0.0016244202852249146,0.0016244202852249146,-0.23195452988147736,-0.23195452988147736,-0.05856197327375412,-0.1106865406036377,-0.7337360978126526,0.0,-0.17339255660772324,-0.17339255660772324
1178,39.266666666666666,4,0,0,,4,uneven rough,5,0.0,53.1855583190918,35.92945861816406,0.342692106962204,1.5823791027069092,-0.7838004231452942,1.5823791027069092,-0.7838004231452942,5.006528854370117,5.5654425621032715,0.5,0.5045352578163147,0.1100345179438591,0.7911895513534546,-0.3919002115726471,0.5594245195388794,-0.022093504667282104,0.23429632186889648,0.23147542774677277,0.14543654024600983,-0.3700830042362213,0.3915971517562866,0.3915971517562866,0.24189335107803345,1.7567592859268188,0.3887784779071808,0.0,0.14970380067825317,0.14970380067825317,-0.03534960746765137,-0.03534960746765137,0.11264416575431824,-1.8740097284317017,-0.9247468709945679,0.0,-0.1479937732219696,-0.1479937732219696,0.11714816093444824,0.11714816093444824,-0.0037767631001770496,-0.7551394104957581,-1.627598524093628,0.0,0.12092492403462529,0.12092492403462529,0.16203279793262482,0.16203279793262482,0.031166352331638336,1.409536600112915,-1.2864915132522583,0.0,0.13086644560098648,0.13086644560098648,0.07271827012300491,0.07271827012300491,0.06882420927286148,0.8234943151473999,-0.03912317380309105,0.0,0.0038940608501434326,0.0038940608501434326,-0.18504150211811066,-0.18504150211811066,-0.014897252433001995,-1.5400633811950684,-0.7643232345581055,0.0,-0.17014424968510866,-0.17014424968510866
1178,39.266666666666666,14,0,0,,4,uneven rough,5,0.0,52.322147369384766,38.3109245300293,0.3251572251319885,0.8803063035011292,-0.050864238291978836,0.8803063035011292,-0.050864238291978836,1.8891782760620117,2.850890636444092,0.3333333432674408,0.3319656550884247,0.1949704885482788,0.4401531517505646,-0.025432119145989418,0.49889910221099854,0.16532675921916962,0.533098578453064,0.20705386996269226,-0.07382620126008987,-0.12816031277179718,0.3492293655872345,0.3492293655872345,0.3456556499004364,-0.22003746032714844,0.7733208537101746,0.0,0.0035737156867980957,0.0035737156867980957,0.08266337960958481,0.08266337960958481,0.08295690268278122,1.7290821075439453,-0.5182323455810547,0.0,-0.00029352307319641113,-0.00029352307319641113,0.266549289226532,0.266549289226532,0.0981476828455925,0.7757626175880432,0.009164012968540192,0.0,0.16840160638093948,0.16840160638093948,0.14493770897388458,0.14493770897388458,0.13860410451889038,-1.2770265340805054,-1.3924192190170288,0.0,0.006333604454994202,0.006333604454994202,-0.1181219220161438,-0.1181219220161438,0.037218865007162094,-1.9995099306106567,-0.44774237275123596,0.0,-0.1553407870233059,-0.1553407870233059,-0.06408015638589859,-0.06408015638589859,-0.09042835235595703,1.234891653060913,-1.3443626165390015,0.0,0.02634819597005844,0.02634819597005844
1178,39.266666666666666,24,0,0,,4,uneven rough,11,0.0,102.60659790039062,40.77566909790039,-0.12820997834205627,1.4439157247543335,-0.0475604347884655,0.7816334962844849,-0.0475604347884655,1.5005667209625244,4.748317241668701,0.5,0.050349973142147064,0.38710376620292664,0.7219578623771667,-0.02378021739423275,0.9490498900413513,-0.1846749484539032,0.10201723873615265,0.19459831714630127,0.4367464780807495,-0.20577187836170197,0.6643348932266235,0.6643348932266235,0.4906068742275238,1.5987768173217773,-0.3809818923473358,0.0,0.17372801899909973,0.17372801899909973,-0.2954799234867096,-0.2954799234867096,0.0595211386680603,0.4844680726528168,-1.027424693107605,0.0,-0.3550010621547699,-0.3550010621547699,0.051008619368076324,0.051008619368076324,0.09038124233484268,-2.0,-0.026317210868000984,0.0,-0.03937262296676636,-0.03937262296676636,0.1362188160419464,0.1362188160419464,0.12040246278047562,-1.2176237106323242,-1.39652419090271,0.0,0.015816353261470795,0.015816353261470795,0.21837323904037476,0.21837323904037476,0.17328676581382751,1.9052448272705078,0.04014798253774643,0.0,0.04508647322654724,0.04508647322654724,-0.10288593918085098,-0.10288593918085098,-0.0782126784324646,-0.9838292598724365,-0.3814627528190613,0.0,-0.024673260748386383,-0.024673260748386383
1179,39.3,4,0,0,,4,uneven rough,5,0.0,53.15636444091797,35.963558197021484,0.34085023403167725,1.2814102172851562,-0.14123795926570892,1.2814102172851562,-0.14123795926570892,3.2949512004852295,7.552224636077881,0.5,0.3504926860332489,0.20539161562919617,0.6407051086425781,-0.07061897963285446,-0.12891264259815216,-0.20908188819885254,0.7811876535415649,0.7317349910736084,0.33112820982933044,0.17291806638240814,-0.09023884683847427,-0.09023884683847427,0.20272670686244965,-1.8063386678695679,1.162237286567688,0.0,-0.2929655537009239,-0.2929655537009239,-0.3345310389995575,-0.3345310389995575,0.09288334101438522,-0.1783750355243683,-1.4614617824554443,0.0,-0.4274143800139427,-0.4274143800139427,0.39059382677078247,0.39059382677078247,0.034081630408763885,1.1770339012145996,-1.1343085765838623,0.0,0.3565121963620186,0.3565121963620186,0.5122144818305969,0.5122144818305969,0.09769894927740097,1.6369810104370117,0.23784764111042023,0.0,0.41451553255319595,0.41451553255319595,0.16556410491466522,0.16556410491466522,0.1160467118024826,1.8343547582626343,0.4486022889614105,0.0,0.04951739311218262,0.04951739311218262,0.08645903319120407,0.08645903319120407,0.009647666476666927,1.0682820081710815,-1.202928066253662,0.0,0.07681136671453714,0.07681136671453714
1179,39.3,14,0,0,,4,uneven rough,5,0.0,52.27655792236328,38.32740783691406,0.3195224106311798,0.7414991855621338,-0.8068596124649048,0.7414991855621338,-0.8068596124649048,2.684793472290039,4.155397415161133,0.3333333432674408,0.19244107604026794,0.1605934500694275,0.3707495927810669,-0.4034298062324524,0.5965317487716675,0.2758314311504364,0.5080994367599487,0.029879078269004822,0.22660796344280243,-0.2668937146663666,0.4175722301006317,0.4175722301006317,0.40079429745674133,1.8900537490844727,0.2116742879152298,0.0,0.01677793264389038,0.01677793264389038,0.1379157155752182,0.1379157155752182,0.15095672011375427,1.5805846452713013,0.7524032592773438,0.0,-0.013041004538536072,-0.013041004538536072,0.25404971837997437,0.25404971837997437,0.1377953141927719,0.3448416590690613,0.4426002502441406,0.0,0.11625440418720245,0.11625440418720245,0.020915353670716286,0.020915353670716286,0.07041016221046448,-1.9932928085327148,-1.3271759748458862,0.0,-0.04949480853974819,-0.04949480853974819,0.11330398172140121,0.11330398172140121,0.07612399756908417,1.447977066040039,-1.3251144886016846,0.0,0.03717998415231705,0.03717998415231705,-0.1334468573331833,-0.1334468573331833,-0.07222158461809158,-0.14653059840202332,0.11395235359668732,0.0,-0.061225272715091705,-0.061225272715091705
1179,39.3,24,0,0,,4,uneven rough,11,0.0,102.57991790771484,40.814849853515625,-0.16251647472381592,1.3270390033721924,1.2518584728240967,0.7378162145614624,1.2518584728240967,3.814763069152832,0.0,0.0,0.030201833695173264,0.44346460700035095,0.6635195016860962,0.6259292364120483,0.7809121608734131,-0.2239714115858078,0.10357283055782318,0.6242594718933105,0.49526262283325195,-0.21959710121154785,0.5466384887695312,0.5466384887695312,0.5265689492225647,1.3960521221160889,0.7383772134780884,0.0,0.020069539546966553,0.020069539546966553,-0.35835427045822144,-0.35835427045822144,0.008874807506799698,-1.910905361175537,-0.17259781062602997,0.0,-0.36722907796502113,-0.36722907796502113,0.05178641527891159,0.05178641527891159,0.0424383170902729,-0.3673347532749176,-1.1422410011291504,0.0,0.009348098188638687,0.009348098188638687,0.4369816184043884,0.4369816184043884,0.16749458014965057,1.7963556051254272,-1.295373558998108,0.0,0.26948703825473785,0.26948703825473785,0.24763131141662598,0.24763131141662598,0.23048056662082672,2.000000476837158,1.0946770906448364,0.0,0.017150744795799255,0.017150744795799255,-0.10979855060577393,-0.10979855060577393,-0.10365920513868332,-0.4917643666267395,-0.7220418453216553,0.0,-0.006139345467090607,-0.006139345467090607
1180,39.333333333333336,4,0,0,,4,uneven rough,5,0.0,53.131107330322266,36.001583099365234,0.3420823812484741,1.396484136581421,0.26559877395629883,1.396484136581421,0.26559877395629883,7.699614524841309,4.996350288391113,0.3333333432674408,0.2080671191215515,0.14698472619056702,0.6982420682907104,0.13279938697814941,0.5597364902496338,0.06614724546670914,0.055498093366622925,0.5061774253845215,0.2306763231754303,0.25488319993019104,0.39181554317474365,0.39181554317474365,0.2299654632806778,1.8957774639129639,-0.516200840473175,0.0,0.16185007989406586,0.16185007989406586,0.03307362273335457,0.03307362273335457,0.04261893779039383,-0.2841857671737671,-0.7360022068023682,0.0,-0.00954531505703926,-0.00954531505703926,0.027749046683311462,0.027749046683311462,0.03784649819135666,-1.284920334815979,0.17252860963344574,0.0,-0.010097451508045197,-0.010097451508045197,0.35432419180870056,0.35432419180870056,0.13663943111896515,1.3964015245437622,1.0289201736450195,0.0,0.2176847606897354,0.2176847606897354,0.11533816158771515,0.11533816158771515,0.11024312674999237,-0.4855968654155731,1.2321091890335083,0.0,0.005095034837722778,0.005095034837722778,0.12744159996509552,0.12744159996509552,0.04963073506951332,-0.07212254405021667,0.0812181904911995,0.0,0.0778108648955822,0.0778108648955822
1180,39.333333333333336,14,0,0,,4,uneven rough,5,0.0,52.23964309692383,38.34903335571289,0.3201800286769867,0.7650275826454163,-0.3201427161693573,0.7650275826454163,-0.3201427161693573,1.3867862224578857,6.184727668762207,0.5,0.20123396813869476,0.22516505420207977,0.38251379132270813,-0.16007135808467865,0.6701719760894775,0.036049067974090576,0.7027249336242676,0.6532121896743774,0.4844009578227997,-0.14095376431941986,0.4691203832626343,0.4691203832626343,0.4244680404663086,0.9249348044395447,1.1606330871582031,0.0,0.044652342796325684,0.044652342796325684,0.018024533987045288,0.018024533987045288,0.13345132768154144,-1.3026775121688843,1.220658540725708,0.0,-0.11542679369449615,-0.11542679369449615,0.3513624668121338,0.3513624668121338,0.19367876648902893,1.9433369636535645,0.3873273730278015,0.0,0.15768370032310486,0.15768370032310486,0.4572485387325287,0.4572485387325287,0.08893872797489166,0.9125272035598755,-1.7037996053695679,0.0,0.368309810757637,0.368309810757637,0.24220047891139984,0.24220047891139984,0.04553638771176338,-1.7894518375396729,0.24279643595218658,0.0,0.19666409119963646,0.19666409119963646,-0.07047688215970993,-0.07047688215970993,-0.037353478372097015,0.6681750416755676,-0.03332517668604851,0.0,-0.033123403787612915,-0.033123403787612915
1180,39.333333333333336,24,0,0,,4,uneven rough,11,0.0,102.55517578125,40.85681915283203,-0.2022676169872284,1.8266149759292603,1.373225450515747,0.7402063608169556,1.373225450515747,3.850325107574463,0.0,0.0,-0.07863017171621323,0.5901197195053101,0.9133074879646301,0.6866127252578735,0.6319682598114014,0.028823811560869217,0.43729642033576965,0.5587899088859558,0.5824217200279236,0.22464174032211304,0.4423777759075165,0.4423777759075165,0.4908442199230194,-1.9807453155517578,1.1102278232574463,0.0,-0.04846644401550293,-0.04846644401550293,0.014411905780434608,0.014411905780434608,-0.01019251812249422,0.39921557903289795,-1.1554399728775024,0.0,0.02460442390292883,0.02460442390292883,0.21864821016788483,0.21864821016788483,0.10806549340486526,1.8865007162094116,-0.7041075825691223,0.0,0.11058271676301956,0.11058271676301956,0.39115291833877563,0.39115291833877563,0.23849408328533173,2.0000009536743164,0.45269566774368286,0.0,0.1526588350534439,0.1526588350534439,0.2912108600139618,0.2912108600139618,0.3043866753578186,1.4494978189468384,1.606548547744751,0.0,-0.013175815343856812,-0.013175815343856812,0.11232087016105652,0.11232087016105652,-0.04122519865632057,1.8626840114593506,-0.591842532157898,0.0,0.1535460688173771,0.1535460688173771
1181,39.36666666666667,4,0,0,,4,uneven rough,5,0.0,53.10250473022461,36.040157318115234,0.34647881984710693,1.6816937923431396,0.07975692301988602,1.6816937923431396,0.07975692301988602,9.236786842346191,3.145707607269287,0.3333333432674408,-0.08193954080343246,0.21820509433746338,0.8408468961715698,0.03987846150994301,-0.2618583142757416,0.13310419023036957,0.6151415109634399,0.735146164894104,0.2932896912097931,0.15023142099380493,-0.18330082297325134,-0.18330082297325134,0.18805083632469177,-1.7096410989761353,0.847536027431488,0.0,-0.3713516592979431,-0.3713516592979431,0.06655209511518478,0.06655209511518478,0.06927358359098434,0.10971628874540329,-0.4805443584918976,0.0,-0.0027214884757995605,-0.0027214884757995605,0.30757075548171997,0.30757075548171997,0.08603337407112122,0.7366410493850708,-0.6515156626701355,0.0,0.22153738141059875,0.22153738141059875,0.5146023035049438,0.5146023035049438,0.20696374773979187,1.791965126991272,1.2366948127746582,0.0,0.307638555765152,0.307638555765152,0.14664484560489655,0.14664484560489655,0.14771708846092224,-0.15337669849395752,0.2609151005744934,0.0,-0.0010722428560256958,-0.0010722428560256958,0.07511571049690247,0.07511571049690247,0.08369999378919601,-1.0194683074951172,-0.005480937194079161,0.0,-0.008584283292293549,-0.008584283292293549
1181,39.36666666666667,14,0,0,,4,uneven rough,5,0.0,52.201072692871094,38.36320495605469,0.32347190380096436,1.325317144393921,-0.483548641204834,1.325317144393921,-0.483548641204834,6.743044853210449,3.2517335414886475,0.3333333432674408,0.4686112403869629,0.1303333044052124,0.6626585721969604,-0.241774320602417,0.10846726596355438,0.19466890394687653,0.7305254936218262,0.6284661889076233,0.1761096864938736,0.3368162214756012,0.07592708617448807,0.07592708617448807,0.37323254346847534,-1.68793523311615,1.0273689031600952,0.0,-0.2973054572939873,-0.2973054572939873,0.09733445197343826,0.09733445197343826,0.13106422126293182,-0.5409542918205261,-0.20604020357131958,0.0,-0.03372976928949356,-0.03372976928949356,0.3652627468109131,0.3652627468109131,0.2529734671115875,1.8237133026123047,1.2670979499816895,0.0,0.11228927969932556,0.11228927969932556,0.4399263262748718,0.4399263262748718,0.1447729468345642,1.3908647298812866,-0.22452375292778015,0.0,0.2951533794403076,0.2951533794403076,0.0880548432469368,0.0880548432469368,0.06119473651051521,0.4491194486618042,-0.9062404036521912,0.0,0.026860106736421585,0.026860106736421585,0.1684081107378006,0.1684081107378006,0.00671293493360281,1.7211923599243164,0.3633043169975281,0.0,0.1616951758041978,0.1616951758041978
1181,39.36666666666667,24,0,0,,4,uneven rough,11,0.0,102.52531433105469,40.90180587768555,-0.22929158806800842,1.699865460395813,1.3890901803970337,0.7816334962844849,1.3890901803970337,4.143631458282471,0.0,0.0,-0.26503920555114746,0.6369801759719849,0.8499327301979065,0.6945450901985168,0.7231580018997192,0.6989256739616394,-0.028516799211502075,0.7142411470413208,0.22825011610984802,0.2792910039424896,0.5062105655670166,0.5062105655670166,0.471110999584198,-0.7821720838546753,-0.6374139189720154,0.0,0.035099565982818604,0.035099565982818604,0.3494628369808197,0.3494628369808197,0.03948004171252251,2.0902211666107178,-0.27643492817878723,0.0,0.3099827952682972,0.3099827952682972,-0.014258399605751038,-0.014258399605751038,0.0636591836810112,-0.3530076742172241,0.7606269717216492,0.0,-0.07791758328676224,-0.07791758328676224,0.4999687969684601,0.4999687969684601,0.2823074162006378,-1.6635667085647583,1.3275448083877563,0.0,0.21766138076782227,0.21766138076782227,0.11412505805492401,0.11412505805492401,0.236068993806839,-2.0982580184936523,1.5177518129348755,0.0,-0.12194393575191498,-0.12194393575191498,0.1396455019712448,0.1396455019712448,0.022779222577810287,1.15976881980896,0.7959511876106262,0.0,0.11686627939343452,0.11686627939343452
1182,39.4,4,0,0,,4,uneven rough,5,0.0,53.07506561279297,36.08222579956055,0.35392698645591736,1.2267279624938965,-0.4849805235862732,1.2267279624938965,-0.4849805235862732,7.05134916305542,5.980777263641357,0.5,-0.17029337584972382,0.20591096580028534,0.6133639812469482,-0.2424902617931366,0.4320688247680664,0.22062021493911743,0.07582902163267136,0.4340791702270508,0.20981256663799286,0.5290346145629883,0.30244818329811096,0.30244818329811096,0.21615900099277496,2.0000016689300537,-0.5982965230941772,0.0,0.086289182305336,0.086289182305336,0.11031010746955872,0.11031010746955872,0.07961976528167725,1.356714129447937,-0.14680993556976318,0.0,0.03069034218788147,0.03069034218788147,0.03791451081633568,0.03791451081633568,0.06301867216825485,-1.2893065214157104,0.13335062563419342,0.0,-0.025104161351919174,-0.025104161351919174,0.30385541915893555,0.30385541915893555,0.25100627541542053,1.6714086532592773,1.5506455898284912,0.0,0.052849143743515015,0.052849143743515015,0.10490628331899643,0.10490628331899643,0.11326047033071518,-0.3553997278213501,0.02667377144098282,0.0,-0.00835418701171875,-0.00835418701171875,0.26451730728149414,0.26451730728149414,0.10180769860744476,0.3166813552379608,-0.5787912011146545,0.0,0.16270960867404938,0.16270960867404938
1182,39.4,14,0,0,,4,uneven rough,5,0.0,52.16425704956055,38.375999450683594,0.32545655965805054,1.1847484111785889,0.1650632917881012,1.1847484111785889,0.1650632917881012,6.449948787689209,2.455928325653076,0.3333333432674408,0.6520318984985352,0.06235704943537712,0.5923742055892944,0.0825316458940506,0.36491659283638,0.19681544601917267,0.3891292214393616,0.5796681046485901,0.011127314530313015,0.3416856527328491,0.2554416060447693,0.2554416060447693,0.30638083815574646,-1.9823256731033325,-0.5078689455986023,0.0,-0.05093923211097717,-0.05093923211097717,0.09840772300958633,0.09840772300958633,0.09018665552139282,0.4678725600242615,-0.3954012393951416,0.0,0.008221067488193512,0.008221067488193512,0.1945646107196808,0.1945646107196808,0.21391218900680542,-1.992660641670227,1.5818092823028564,0.0,-0.019347578287124634,-0.019347578287124634,0.40576767921447754,0.40576767921447754,0.2064247876405716,1.517622947692871,0.6888197660446167,0.0,0.19934289157390594,0.19934289157390594,0.0055636572651565075,0.0055636572651565075,0.013666032813489437,-0.7434214353561401,-0.1399175077676773,0.0,-0.00810237554833293,-0.00810237554833293,0.17084282636642456,0.17084282636642456,0.0526697151362896,0.6956932544708252,1.1310566663742065,0.0,0.11817311123013496,0.11817311123013496
1182,39.4,24,0,0,,4,uneven rough,11,0.0,102.48490905761719,40.935707092285156,-0.22877275943756104,1.9736807346343994,1.783471703529358,0.8232384920120239,1.783471703529358,4.177615165710449,3.832141399383545,0.3333333432674408,-0.09619858115911484,0.4144209325313568,0.9868403673171997,0.891735851764679,0.5434590578079224,-0.25997909903526306,-0.5750418901443481,0.14025738835334778,0.7070658802986145,0.5995731353759766,0.38042134046554565,0.38042134046554565,0.4054332673549652,-1.999964952468872,-0.7192604541778564,0.0,-0.025011926889419556,-0.025011926889419556,-0.41596657037734985,-0.41596657037734985,0.08107008785009384,1.9839668273925781,1.0616766214370728,0.0,-0.4970366582274437,-0.4970366582274437,-0.2875209450721741,-0.2875209450721741,-0.0005478438688442111,-1.979289174079895,0.13097594678401947,0.0,-0.28697310120332986,-0.28697310120332986,0.09818016737699509,0.09818016737699509,0.22064074873924255,-2.000383138656616,-0.36363500356674194,0.0,-0.12246058136224747,-0.12246058136224747,0.35353294014930725,0.35353294014930725,0.19528436660766602,0.15082484483718872,-0.5267466306686401,0.0,0.15824857354164124,0.15824857354164124,0.2997865676879883,0.2997865676879883,0.0812758356332779,1.5457454919815063,1.0016542673110962,0.0,0.2185107320547104,0.2185107320547104
1183,39.43333333333333,4,0,0,,4,uneven rough,5,0.0,53.04008102416992,36.1213493347168,0.35546231269836426,1.6240105628967285,0.5378355979919434,1.6240105628967285,0.5378355979919434,8.998191833496094,3.3333334922790527,0.1666666716337204,-0.9163017272949219,0.31190750002861023,0.8120052814483643,0.2689177989959717,-0.6722427606582642,0.501664400100708,0.22220517694950104,0.6366634368896484,0.4735791087150574,-0.2468109130859375,-0.4705699384212494,-0.4705699384212494,0.19322218000888824,-1.3407901525497437,0.8707859516143799,0.0,-0.6637921184301376,-0.6637921184301376,0.250832200050354,0.250832200050354,0.14936329424381256,1.9653242826461792,0.703285276889801,0.0,0.10146890580654144,0.10146890580654144,0.11110258847475052,0.11110258847475052,0.08337511122226715,-0.4733203947544098,-0.6710222959518433,0.0,0.027727477252483368,0.027727477252483368,0.4456644058227539,0.4456644058227539,0.3195687532424927,1.6449699401855469,1.6189252138137817,0.0,0.12609565258026123,0.12609565258026123,0.2367895543575287,0.2367895543575287,0.15693211555480957,1.972739338874817,-0.18935127556324005,0.0,0.07985743880271912,0.07985743880271912,-0.12340545654296875,-0.12340545654296875,0.038391176611185074,-2.000356912612915,-0.0724894106388092,0.0,-0.16179663315415382,-0.16179663315415382
1183,39.43333333333333,14,0,0,,4,uneven rough,5,0.0,52.127471923828125,38.39012908935547,0.3301658034324646,1.0327781438827515,0.0627070888876915,1.0327781438827515,0.0627070888876915,6.222314357757568,0.8420875072479248,0.3333333432674408,0.8087559938430786,0.17731299996376038,0.5163890719413757,0.03135354444384575,0.191158726811409,0.16797855496406555,0.4710835814476013,0.5930212736129761,-0.1587698608636856,0.33340388536453247,0.1338111013174057,0.1338111013174057,0.23993715643882751,-1.9927656650543213,-1.341529369354248,0.0,-0.10612605512142181,-0.10612605512142181,0.08398927748203278,0.08398927748203278,0.08096548169851303,0.12963734567165375,0.09269531816244125,0.0,0.003023795783519745,0.003023795783519745,0.23554179072380066,0.23554179072380066,0.20992420613765717,-0.3742263615131378,-0.4392024278640747,0.0,0.025617584586143494,0.025617584586143494,0.4151148796081543,0.4151148796081543,0.26854193210601807,1.9506514072418213,1.1574265956878662,0.0,0.14657294750213623,0.14657294750213623,-0.254031777381897,-0.254031777381897,-0.03826485946774483,-0.7608018517494202,-0.4811397194862366,0.0,-0.21576691791415215,-0.21576691791415215,0.16670194268226624,0.16670194268226624,0.11710171401500702,1.9994157552719116,0.8849014043807983,0.0,0.049600228667259216,0.049600228667259216
1183,39.43333333333333,24,0,0,,4,uneven rough,11,0.0,102.44821166992188,40.97233581542969,-0.2359483242034912,1.8463000059127808,0.7457883954048157,0.8372502326965332,0.7457883954048157,4.174467086791992,0.007250308990478516,0.1666666716337204,0.08265964686870575,0.4371776282787323,0.9231500029563904,0.37289419770240784,0.7661135196685791,0.028568869456648827,0.3475808799266815,0.3258902430534363,0.451423317193985,-0.11634252220392227,0.5362794399261475,0.5362794399261475,0.39124828577041626,-0.0964902862906456,-1.4433730840682983,0.0,0.1450311541557312,0.1450311541557312,0.014284434728324413,0.014284434728324413,0.07957713305950165,-1.0348198413848877,1.5831410884857178,0.0,-0.06529269833117723,-0.06529269833117723,0.17379043996334076,0.17379043996334076,0.033249396830797195,1.9533368349075317,-1.0621716976165771,0.0,0.14054104313254356,0.14054104313254356,0.22812317311763763,0.22812317311763763,0.17237475514411926,-0.5409495234489441,-1.289055347442627,0.0,0.05574841797351837,0.05574841797351837,0.2257116585969925,0.2257116585969925,0.1699054092168808,-0.557483971118927,-0.1436465084552765,0.0,0.055806249380111694,0.055806249380111694,-0.058171261101961136,-0.058171261101961136,0.039225559681653976,-1.8337516784667969,1.3092844486236572,0.0,-0.09739682078361511,-0.09739682078361511
1184,39.46666666666667,4,0,0,,4,uneven rough,5,0.0,53.00138854980469,36.15534973144531,0.34151095151901245,1.4914581775665283,1.0992451906204224,1.4914581775665283,1.0992451906204224,6.557509899139404,2.2697439193725586,0.3333333432674408,-0.652809739112854,0.13043460249900818,0.7457290887832642,0.5496225953102112,0.3716471493244171,0.1671026349067688,-0.1388174444437027,0.46780967712402344,0.31552523374557495,-0.05786740407347679,0.26015299558639526,0.26015299558639526,0.23907271027565002,1.0305544137954712,-0.37964314222335815,0.0,0.02108028531074524,0.02108028531074524,0.0835513174533844,0.0835513174533844,0.09268783777952194,-0.18625102937221527,1.416844367980957,0.0,-0.009136520326137543,-0.009136520326137543,-0.06940872222185135,-0.06940872222185135,0.02371736615896225,0.12610086798667908,-0.5592412948608398,0.0,-0.0931260883808136,-0.0931260883808136,0.327466756105423,0.327466756105423,0.3168591260910034,0.44812703132629395,1.6336508989334106,0.0,0.010607630014419556,0.010607630014419556,0.15776261687278748,0.15776261687278748,0.14613163471221924,0.7628471255302429,1.033098578453064,0.0,0.011630982160568237,0.011630982160568237,-0.028933702036738396,-0.028933702036738396,-0.029225140810012817,0.19464808702468872,-1.1625092029571533,0.0,0.0002914387732744217,0.0002914387732744217
1184,39.46666666666667,14,0,0,,4,uneven rough,5,0.0,52.08778762817383,38.400245666503906,0.32952073216438293,1.1924481391906738,0.22472742199897766,1.1924481391906738,0.22472742199897766,7.283498287200928,1.1966545581817627,0.1666666716337204,0.7428619861602783,0.1745353639125824,0.5962240695953369,0.11236371099948883,-0.22454194724559784,0.39022311568260193,0.40746980905532837,0.5323196053504944,0.14500348269939423,0.16451548039913177,-0.1571793556213379,-0.1571793556213379,0.17453214526176453,-1.8364770412445068,-1.7097395658493042,0.0,-0.3317115008831024,-0.3317115008831024,0.19511155784130096,0.19511155784130096,0.14920811355113983,1.7977912425994873,0.11358240246772766,0.0,0.04590344429016113,0.04590344429016113,0.20373490452766418,0.20373490452766418,0.16249589622020721,-1.1542463302612305,-0.4024648368358612,0.0,0.04123900830745697,0.04123900830745697,0.3726237118244171,0.3726237118244171,0.3347957730293274,1.997075080871582,1.6059173345565796,0.0,0.03782793879508972,0.03782793879508972,0.07250174134969711,0.07250174134969711,0.03325172886252403,1.9937210083007812,-0.6392611861228943,0.0,0.03925001248717308,0.03925001248717308,0.08225774019956589,0.08225774019956589,0.12162336707115173,-0.2247050553560257,1.5150498151779175,0.0,-0.039365626871585846,-0.039365626871585846
1184,39.46666666666667,24,0,0,,4,uneven rough,11,0.0,102.41510772705078,41.01116943359375,-0.24506887793540955,1.4840179681777954,0.6150743961334229,0.8343323469161987,0.6150743961334229,4.313918113708496,0.21805521845817566,0.3333333432674408,0.4633066654205322,0.31455931067466736,0.7420089840888977,0.3075371980667114,0.7701588869094849,-0.12217394262552261,0.3332403004169464,0.16770263016223907,0.1697113960981369,-0.1406029909849167,0.5391111969947815,0.5391111969947815,0.4525192379951477,1.9999973773956299,-0.681843101978302,0.0,0.08659195899963379,0.08659195899963379,-0.19547830522060394,-0.19547830522060394,0.019083213061094284,-1.9995497465133667,0.10294131189584732,0.0,-0.21456151828169823,-0.21456151828169823,0.1666201502084732,0.1666201502084732,0.0946110263466835,2.0,0.6428022384643555,0.0,0.0720091238617897,0.0720091238617897,0.11739183962345123,0.11739183962345123,0.12254180014133453,-1.2202883958816528,-0.8660749793052673,0.0,-0.005149960517883301,-0.005149960517883301,0.08485569804906845,0.08485569804906845,0.12515872716903687,-1.9942338466644287,-0.37763094902038574,0.0,-0.040303029119968414,-0.040303029119968414,-0.07030149549245834,-0.07030149549245834,-0.026610946282744408,-1.9994100332260132,-0.4677937924861908,0.0,-0.043690549209713936,-0.043690549209713936
1185,39.5,4,0,0,,4,uneven rough,5,0.0,52.95734786987305,36.18867111206055,0.3497135639190674,1.4404993057250977,1.3189473152160645,1.4404993057250977,1.3189473152160645,4.596410751342773,3.7476859092712402,0.3333333432674408,-0.8459951281547546,0.17155721783638,0.7202496528625488,0.6594736576080322,0.15184594690799713,0.5462615489959717,0.13632139563560486,0.3324179947376251,0.19890309870243073,0.32105523347854614,0.10629215836524963,0.10629215836524963,0.22628502547740936,-1.4162062406539917,0.4176850914955139,0.0,-0.11999286711215973,-0.11999286711215973,0.27313077449798584,0.27313077449798584,0.1359197050333023,0.5298066139221191,0.5104513168334961,0.0,0.13721106946468353,0.13721106946468353,0.06816069781780243,0.06816069781780243,0.0554768331348896,0.5752373933792114,-0.1717476099729538,0.0,0.012683864682912827,0.012683864682912827,0.23269259929656982,0.23269259929656982,0.2933034598827362,-1.1634291410446167,0.9633535742759705,0.0,-0.06061086058616638,-0.06061086058616638,0.09945154935121536,0.09945154935121536,0.16674871742725372,-1.6367247104644775,0.8802979588508606,0.0,-0.06729716807603836,-0.06729716807603836,0.16052761673927307,0.16052761673927307,-0.0005688872188329697,1.040655493736267,-0.39517003297805786,0.0,0.16109650395810604,0.16109650395810604
1185,39.5,14,0,0,,4,uneven rough,5,0.0,52.049617767333984,38.409873962402344,0.32072973251342773,1.0144002437591553,0.5685685276985168,1.0144002437591553,0.5685685276985168,7.311491966247559,0.9348812103271484,0.3333333432674408,0.6406835317611694,0.144853413105011,0.5072001218795776,0.2842842638492584,0.3747640550136566,-0.15974858403205872,-0.4832170009613037,0.5244553685188293,0.35405200719833374,0.14754343032836914,0.26233482360839844,0.26233482360839844,0.2155529409646988,2.0001165866851807,-1.7813971042633057,0.0,0.046781882643699646,0.046781882643699646,-0.2555977404117584,-0.2555977404117584,0.1405089795589447,0.29491865634918213,1.0658371448516846,0.0,-0.3961067199707031,-0.3961067199707031,-0.24160850048065186,-0.24160850048065186,0.09040701389312744,-2.009431838989258,-0.8275234699249268,0.0,-0.3320155143737793,-0.3320155143737793,0.3671187460422516,0.3671187460422516,0.3475668132305145,0.3017466068267822,1.8270785808563232,0.0,0.01955193281173706,0.01955193281173706,0.17702600359916687,0.17702600359916687,0.07476004958152771,1.9999990463256836,0.8494316339492798,0.0,0.10226595401763916,0.10226595401763916,0.07377171516418457,0.07377171516418457,0.07102405279874802,-1.2000278234481812,0.5313892960548401,0.0,0.002747662365436554,0.002747662365436554
1185,39.5,24,0,0,,4,uneven rough,11,0.0,102.37846374511719,41.04440689086914,-0.2599034607410431,1.3747906684875488,-0.9142765998840332,0.8121442794799805,-0.9142765998840332,4.155135154724121,0.0,0.0,0.47865602374076843,0.20307493209838867,0.6873953342437744,-0.4571382999420166,0.6240360736846924,-0.37585896253585815,0.4907929301261902,-0.03582475706934929,0.2623443901538849,-0.31135988235473633,0.4368252456188202,0.4368252456188202,0.47465747594833374,-0.41954943537712097,0.8344743251800537,0.0,-0.03783223032951355,-0.03783223032951355,-0.6013743281364441,-0.6013743281364441,-0.03110230527818203,-1.547842264175415,-1.085810899734497,0.0,-0.5702720228582621,-0.5702720228582621,0.2453964650630951,0.2453964650630951,0.16129359602928162,1.999751091003418,1.4101643562316895,0.0,0.08410286903381348,0.08410286903381348,-0.025077329948544502,-0.025077329948544502,0.06232725828886032,-1.8880667686462402,-1.0663478374481201,0.0,-0.08740458823740482,-0.08740458823740482,0.13117219507694244,0.13117219507694244,0.11857502907514572,1.0175098180770874,-1.2916611433029175,0.0,0.012597166001796722,0.012597166001796722,-0.15567994117736816,-0.15567994117736816,-0.08362437784671783,1.2607781887054443,-1.3337723016738892,0.0,-0.07205556333065033,-0.07205556333065033
1186,39.53333333333333,4,0,0,,4,uneven rough,5,0.0,52.91032028198242,36.21420669555664,0.36775583028793335,1.644374132156372,0.9626240730285645,1.644374132156372,0.9626240730285645,5.564715385437012,1.5860079526901245,0.3333333432674408,-0.6122283935546875,0.14443007111549377,0.822187066078186,0.4813120365142822,0.35930296778678894,0.3912027180194855,0.2545875906944275,0.15142059326171875,-0.04328252002596855,-0.19719579815864563,0.2515120804309845,0.2515120804309845,0.24057988822460175,0.7583929896354675,-0.6192003488540649,0.0,0.010932192206382751,0.010932192206382751,0.19560135900974274,0.19560135900974274,0.182723730802536,1.3301005363464355,0.5213948488235474,0.0,0.012877628207206726,0.012877628207206726,0.12729379534721375,0.12729379534721375,0.10929807275533676,0.8898388743400574,0.25059905648231506,0.0,0.017995722591876984,0.017995722591876984,0.10599441081285477,0.10599441081285477,0.2253677099943161,-1.581481695175171,-0.23913319408893585,0.0,-0.11937329918146133,-0.11937329918146133,-0.06925203651189804,-0.06925203651189804,0.12141020596027374,-1.4952418804168701,-0.5428311824798584,0.0,-0.19066224247217178,-0.19066224247217178,-0.09859789907932281,-0.09859789907932281,-0.055352065712213516,0.8762588500976562,0.4166482985019684,0.0,-0.0432458333671093,-0.0432458333671093
1186,39.53333333333333,14,0,0,,4,uneven rough,5,0.0,52.01194763183594,38.4122200012207,0.3183436393737793,1.3229554891586304,-0.0045135244727134705,1.3229554891586304,-0.0045135244727134705,4.807446479797363,2.557664632797241,0.3333333432674408,0.638698935508728,0.1704767942428589,0.6614777445793152,-0.0022567622363567352,-0.054755762219429016,-0.11004353314638138,0.4488360285758972,0.3261280059814453,0.16473528742790222,-0.06845588237047195,-0.03832903131842613,-0.03832903131842613,0.2138575315475464,-1.178481101989746,0.3566775321960449,0.0,-0.2521865628659725,-0.2521865628659725,-0.17606966197490692,-0.17606966197490692,0.1057695522904396,-1.1408867835998535,0.62995845079422,0.0,-0.2818392142653465,-0.2818392142653465,0.2244180142879486,0.2244180142879486,0.09027399122714996,0.40031197667121887,-1.4957765340805054,0.0,0.13414402306079865,0.13414402306079865,0.22828960418701172,0.22828960418701172,0.3156193494796753,-1.8929784297943115,0.9646531343460083,0.0,-0.08732974529266357,-0.08732974529266357,0.08236764371395111,0.08236764371395111,0.08873283118009567,0.35666948556900024,1.4999644756317139,0.0,-0.006365187466144562,-0.006365187466144562,-0.03422794118523598,-0.03422794118523598,0.045618895441293716,-0.5861552953720093,-0.4475570619106293,0.0,-0.0798468366265297,-0.0798468366265297
1186,39.53333333333333,24,0,0,,4,uneven rough,11,0.0,102.3359375,41.07813262939453,-0.28222501277923584,1.1649234294891357,-1.0813846588134766,0.7990398406982422,-1.0813846588134766,3.055055618286133,3.3333334922790527,0.1666666716337204,0.5314483642578125,0.3358214795589447,0.5824617147445679,-0.5406923294067383,0.9521183371543884,0.10740189254283905,0.12891925871372223,0.0732303336262703,0.6371328830718994,-0.15285982191562653,0.6664828062057495,0.6664828062057495,0.5282506346702576,1.6887173652648926,0.12544703483581543,0.0,0.13823217153549194,0.13823217153549194,0.053700946271419525,0.053700946271419525,0.03036746382713318,2.000000476837158,-1.3470442295074463,0.0,0.023333482444286346,0.023333482444286346,0.06445962935686111,0.06445962935686111,0.10660572350025177,-1.999999761581421,1.7435177564620972,0.0,-0.042146094143390656,-0.042146094143390656,0.05126123130321503,0.05126123130321503,0.014812753535807133,-0.09025228768587112,-1.5309492349624634,0.0,0.036448477767407894,0.036448477767407894,0.3185664415359497,0.3185664415359497,0.1857103407382965,1.973558783531189,0.013948251493275166,0.0,0.1328561007976532,0.1328561007976532,-0.07642991095781326,-0.07642991095781326,-0.0849028155207634,0.24290932714939117,0.13319119811058044,0.0,0.008472904562950134,0.008472904562950134
1187,39.56666666666666,4,0,0,,4,uneven rough,5,0.0,52.862911224365234,36.23814010620117,0.36516472697257996,1.763913631439209,-0.7489451169967651,1.763913631439209,-0.7489451169967651,5.61568021774292,0.2593154311180115,0.1666666716337204,-0.39079707860946655,0.09921818971633911,0.8819568157196045,-0.37447255849838257,0.37397387623786926,0.27631330490112305,0.3791535794734955,-0.04400816559791565,0.3947424292564392,-0.509463906288147,0.2617817223072052,0.2617817223072052,0.2713136374950409,0.4718455374240875,0.1596934050321579,0.0,-0.009531915187835693,-0.009531915187835693,0.13815665245056152,0.13815665245056152,0.17385852336883545,-1.9999396800994873,0.9786384701728821,0.0,-0.035701870918273926,-0.035701870918273926,0.18957678973674774,0.18957678973674774,0.14505065977573395,0.31262272596359253,0.6120263934135437,0.0,0.044526129961013794,0.044526129961013794,-0.030805716291069984,-0.030805716291069984,0.16103814542293549,-1.905824899673462,-0.9980994462966919,0.0,-0.19184386171400547,-0.19184386171400547,0.1973712146282196,0.1973712146282196,0.16774845123291016,2.0129568576812744,-1.081325888633728,0.0,0.029622763395309448,0.029622763395309448,-0.2547319531440735,-0.2547319531440735,-0.07080429792404175,-0.9514233469963074,0.6765129566192627,0.0,-0.18392765522003174,-0.18392765522003174
1187,39.56666666666666,14,0,0,,4,uneven rough,5,0.0,51.97587203979492,38.41276168823242,0.3199850022792816,1.1566741466522217,-0.16054026782512665,1.1566741466522217,-0.16054026782512665,2.8102145195007324,2.3424410820007324,0.5,0.10170110315084457,0.16897645592689514,0.5783370733261108,-0.08027013391256332,0.7458959221839905,-0.2385891079902649,0.3822435140609741,-0.06558454781770706,0.08918166905641556,-0.24799971282482147,0.5221271514892578,0.5221271514892578,0.25271570682525635,1.7811723947525024,-0.5113039016723633,0.0,0.26941144466400146,0.26941144466400146,-0.38174256682395935,-0.38174256682395935,0.04540207237005234,-1.9954155683517456,-0.37128061056137085,0.0,-0.4271446391940117,-0.4271446391940117,0.19112175703048706,0.19112175703048706,0.10074581950902939,0.7008293271064758,-0.4237246811389923,0.0,0.09037593752145767,0.09037593752145767,-0.045909181237220764,-0.045909181237220764,0.24551914632320404,-1.9196969270706177,-0.6510568857192993,0.0,-0.2914283275604248,-0.2914283275604248,0.04459083452820778,0.04459083452820778,0.0687875747680664,-0.6470832824707031,0.8535434603691101,0.0,-0.024196740239858627,-0.024196740239858627,-0.12399985641241074,-0.12399985641241074,0.01562007237225771,-0.7815748453140259,-0.5259207487106323,0.0,-0.13961992878466845,-0.13961992878466845
1187,39.56666666666666,24,0,0,,4,uneven rough,11,0.0,102.30119323730469,41.11692810058594,-0.3211929202079773,1.0169261693954468,0.7580974102020264,0.7443076372146606,0.7580974102020264,3.7436304092407227,0.0,0.0,0.3278296887874603,0.4139162302017212,0.5084630846977234,0.3790487051010132,0.8519119024276733,-0.14100201427936554,0.30298542976379395,0.8755994439125061,0.6642237901687622,-0.3215878903865814,0.5963383316993713,0.5963383316993713,0.5788640975952148,1.7590841054916382,1.0093228816986084,0.0,0.017474234104156494,0.017474234104156494,-0.22560322284698486,-0.22560322284698486,-0.0014351565623655915,-1.7322711944580078,0.5453808903694153,0.0,-0.22416806628461927,-0.22416806628461927,0.15149271488189697,0.15149271488189697,0.13817071914672852,1.6856286525726318,-0.3730737268924713,0.0,0.013321995735168457,0.013321995735168457,0.6129196286201477,0.6129196286201477,0.0694446787238121,1.9746869802474976,-0.7163766026496887,0.0,0.5434749498963356,0.5434749498963356,0.3321118950843811,0.3321118950843811,0.2348017394542694,1.978943943977356,1.121915578842163,0.0,0.0973101556301117,0.0973101556301117,-0.1607939451932907,-0.1607939451932907,-0.1193903312087059,-2.0,0.1952260285615921,0.0,-0.04140361398458481,-0.04140361398458481
1188,39.6,4,0,0,,4,uneven rough,5,0.0,52.823307037353516,36.267303466796875,0.36044424772262573,1.36674165725708,-0.03133714944124222,1.36674165725708,-0.03133714944124222,2.9584298133850098,0.9975235462188721,0.3333333432674408,-0.25440293550491333,0.1258537620306015,0.68337082862854,-0.01566857472062111,0.8158178925514221,0.08646339923143387,0.43930673599243164,0.3441256284713745,0.2558527886867523,-0.20814979076385498,0.571072518825531,0.571072518825531,0.3162924349308014,0.982677161693573,0.3361847698688507,0.0,0.2547800838947296,0.2547800838947296,0.043231699615716934,0.043231699615716934,0.10938414186239243,-1.8880035877227783,-0.70545494556427,0.0,-0.06615244224667549,-0.06615244224667549,0.21965336799621582,0.21965336799621582,0.16113612055778503,-0.17085959017276764,0.4427430331707001,0.0,0.058517247438430786,0.058517247438430786,0.24088793992996216,0.24088793992996216,0.1480502188205719,1.1566009521484375,-1.5113290548324585,0.0,0.09283772110939026,0.09283772110939026,0.12792639434337616,0.12792639434337616,0.17562390863895416,-0.5872344374656677,0.668187141418457,0.0,-0.047697514295578,-0.047697514295578,-0.10407489538192749,-0.10407489538192749,-0.07411768287420273,0.5463374853134155,-0.24392513930797577,0.0,-0.029957212507724762,-0.029957212507724762
1188,39.6,14,0,0,,4,uneven rough,5,0.0,51.939109802246094,38.40974426269531,0.3212009370326996,1.3778088092803955,-0.6276203989982605,1.3778088092803955,-0.6276203989982605,1.9984891414642334,4.841034412384033,0.5,0.1012207493185997,0.08697867393493652,0.6889044046401978,-0.31381019949913025,0.12533551454544067,-0.16853226721286774,0.5015321373939514,-0.10079268366098404,0.3192748725414276,-0.26845642924308777,0.08773485571146011,0.08773485571146011,0.21704629063606262,-1.7715394496917725,0.7848662734031677,0.0,-0.1293114349246025,-0.1293114349246025,-0.2696516215801239,-0.2696516215801239,0.01743871346116066,-0.6966659426689148,-1.28956937789917,0.0,-0.28709033504128456,-0.28709033504128456,0.2507660686969757,0.2507660686969757,0.16209377348423004,2.02559494972229,0.21210017800331116,0.0,0.08867229521274567,0.08867229521274567,-0.07055487483739853,-0.07055487483739853,0.2081073373556137,-1.4152430295944214,-1.368348240852356,0.0,-0.27866221219301224,-0.27866221219301224,0.1596374362707138,0.1596374362707138,0.11936534196138382,1.8830788135528564,0.005086415912955999,0.0,0.04027209430932999,0.04027209430932999,-0.13422821462154388,-0.13422821462154388,-0.012240292504429817,-1.3570576906204224,-0.6704680323600769,0.0,-0.12198792211711407,-0.12198792211711407
1188,39.6,24,0,0,,4,uneven rough,11,0.0,102.26853942871094,41.15752410888672,-0.37249383330345154,1.5748240947723389,1.183227777481079,0.7551965713500977,1.183227777481079,3.8997504711151123,0.0,0.0,0.652292013168335,0.49043840169906616,0.7874120473861694,0.5916138887405396,0.874643087387085,-0.3360714614391327,0.5977523326873779,0.7440913319587708,0.5477545261383057,0.390802264213562,0.6122501492500305,0.6122501492500305,0.6224050521850586,0.8665411472320557,1.433239221572876,0.0,-0.010154902935028076,-0.010154902935028076,-0.5377143621444702,-0.5377143621444702,-0.06845542788505554,-2.0,-0.7424076795578003,0.0,-0.4692589342594147,-0.4692589342594147,0.29887616634368896,0.29887616634368896,0.20451019704341888,1.9900411367416382,0.7909203171730042,0.0,0.09436596930027008,0.09436596930027008,0.520863950252533,0.520863950252533,0.13357873260974884,2.0000014305114746,0.8051555752754211,0.0,0.3872852176427841,0.3872852176427841,0.27387726306915283,0.27387726306915283,0.28918689489364624,0.6843424439430237,1.6064809560775757,0.0,-0.015309631824493408,-0.015309631824493408,0.195401132106781,0.195401132106781,-0.065410315990448,1.96517813205719,-1.0459587574005127,0.0,0.260811448097229,0.260811448097229
1189,39.63333333333333,4,0,0,,4,uneven rough,5,0.0,52.78620910644531,36.29879379272461,0.35782307386398315,1.1829774379730225,-0.9374366402626038,1.1829774379730225,-0.9374366402626038,2.8059825897216797,1.7333269119262695,0.3333333432674408,0.1651606559753418,0.10835745185613632,0.5914887189865112,-0.4687183201313019,-0.11870450526475906,0.2520551383495331,0.5119593143463135,0.7577641606330872,0.47280436754226685,0.27715322375297546,-0.08309315145015717,-0.08309315145015717,0.2624121606349945,-1.9430897235870361,0.7017127275466919,0.0,-0.3455053120851517,-0.3455053120851517,0.12602756917476654,0.12602756917476654,0.11924967169761658,1.445196270942688,-1.3740700483322144,0.0,0.006777897477149963,0.006777897477149963,0.25597965717315674,0.25597965717315674,0.22402524948120117,-0.6130833029747009,0.09581100940704346,0.0,0.031954407691955566,0.031954407691955566,0.5304349064826965,0.5304349064826965,0.2179030179977417,1.9306856393814087,-0.002876641694456339,0.0,0.31253188848495483,0.31253188848495483,0.23640218377113342,0.23640218377113342,0.24053050577640533,0.4246911406517029,-0.041630469262599945,0.0,-0.004128322005271912,-0.004128322005271912,0.13857661187648773,0.13857661187648773,-0.008182747289538383,-0.40547770261764526,0.2028907686471939,0.0,0.14675935916602612,0.14675935916602612
1189,39.63333333333333,14,0,0,,4,uneven rough,5,0.0,51.90182876586914,38.41114807128906,0.3198007047176361,1.527863621711731,0.2797061502933502,1.527863621711731,0.2797061502933502,4.511216640472412,0.942387044429779,0.3333333432674408,-0.2317240834236145,0.2206946462392807,0.7639318108558655,0.1398530751466751,0.9132465720176697,-0.14221139252185822,-0.33187878131866455,0.03758198767900467,0.43194273114204407,-0.10905823856592178,0.6392725706100464,0.6392725706100464,0.260018914937973,1.9907501935958862,-0.6605300903320312,0.0,0.37925365567207336,0.37925365567207336,-0.22753822803497314,-0.22753822803497314,-0.023920824751257896,-0.39540895819664,-0.9543406963348389,0.0,-0.20361740328371525,-0.20361740328371525,-0.16593939065933228,-0.16593939065933228,0.11824209243059158,-1.8895148038864136,1.2374533414840698,0.0,-0.28418148308992386,-0.28418148308992386,0.02630739100277424,0.02630739100277424,0.14067146182060242,-1.8731437921524048,-1.3948626518249512,0.0,-0.11436407081782818,-0.11436407081782818,0.21597136557102203,0.21597136557102203,0.16670821607112885,2.000983715057373,1.0669066905975342,0.0,0.04926314949989319,0.04926314949989319,-0.05452911928296089,-0.05452911928296089,-0.05083818733692169,-1.2548385858535767,-1.0586670637130737,0.0,-0.0036909319460392,-0.0036909319460392
1189,39.63333333333333,24,0,0,,4,uneven rough,11,0.0,102.22579956054688,41.196590423583984,-0.385299414396286,1.748016357421875,1.074495553970337,0.7804282903671265,1.074495553970337,4.023127555847168,0.0,0.0,0.7018377780914307,0.6266858577728271,0.8740081787109375,0.5372477769851685,0.6454812288284302,0.3142639398574829,0.46459081768989563,0.8273274898529053,0.5502277612686157,0.43324166536331177,0.45183685421943665,0.45183685421943665,0.5714460611343384,-2.06396746635437,1.1128270626068115,0.0,-0.11960920691490173,-0.11960920691490173,0.15713196992874146,0.15713196992874146,-0.0018623715732246637,2.239558696746826,-1.4534525871276855,0.0,0.15899434150196612,0.15899434150196612,0.23229540884494781,0.23229540884494781,0.25106698274612427,-0.6481902599334717,1.4689054489135742,0.0,-0.018771573901176453,-0.018771573901176453,0.5791292190551758,0.5791292190551758,0.1562345027923584,0.9885160326957703,1.4807236194610596,0.0,0.4228947162628174,0.4228947162628174,0.27511388063430786,0.27511388063430786,0.2427148073911667,-3.0478169918060303,1.0851022005081177,0.0,0.032399073243141174,0.032399073243141174,0.21662083268165588,0.21662083268165588,0.001730166608467698,1.3084306716918945,0.6565434336662292,0.0,0.21489066607318819,0.21489066607318819
1190,39.666666666666664,4,0,0,,4,uneven rough,5,0.0,52.7467041015625,36.32070541381836,0.35839876532554626,1.1204851865768433,0.19322246313095093,1.1204851865768433,0.19322246313095093,5.613053321838379,1.7328643798828125,0.3333333432674408,0.4118732213973999,0.0432966873049736,0.5602425932884216,0.09661123156547546,0.3170422911643982,-0.24492770433425903,0.21317525207996368,0.31334438920021057,0.3908156454563141,0.1223132386803627,0.22192959487438202,0.22192959487438202,0.22784529626369476,-0.04089335352182388,-0.7936633229255676,0.0,-0.005915701389312744,-0.005915701389312744,-0.39188432693481445,-0.39188432693481445,0.09456802159547806,0.40890005230903625,0.2199481725692749,0.0,-0.4864523485302925,-0.4864523485302925,0.10658762603998184,0.10658762603998184,0.15553109347820282,-1.9979503154754639,-0.30499911308288574,0.0,-0.04894346743822098,-0.04894346743822098,0.21934106945991516,0.21934106945991516,0.24187283217906952,-0.43722662329673767,1.0903629064559937,0.0,-0.022531762719154358,-0.022531762719154358,0.19540782272815704,0.19540782272815704,0.17200744152069092,-0.5477066040039062,0.22202859818935394,0.0,0.023400381207466125,0.023400381207466125,0.06115661934018135,0.06115661934018135,0.04457258805632591,1.5605757236480713,-0.14108185470104218,0.0,0.016584031283855438,0.016584031283855438
1190,39.666666666666664,14,0,0,,4,uneven rough,5,0.0,51.86614227294922,38.42284393310547,0.31876489520072937,1.2181963920593262,0.48132044076919556,1.2181963920593262,0.48132044076919556,6.225592613220215,6.6666669845581055,0.3284376859664917,-0.08964017033576965,0.15909624099731445,0.6090981960296631,0.24066022038459778,0.4516605734825134,-0.15804052352905273,0.5910639762878418,0.3688695430755615,0.29871127009391785,-0.2506735324859619,0.3161624073982239,0.3161624073982239,0.2940889298915863,1.4334659576416016,0.8385085463523865,0.0,0.022073477506637573,0.022073477506637573,-0.2528648376464844,-0.2528648376464844,-0.08409438282251358,-1.5649795532226562,-0.6383196711540222,0.0,-0.1687704548239708,-0.1687704548239708,0.2955319881439209,0.2955319881439209,0.15888714790344238,1.4439104795455933,-0.5305400490760803,0.0,0.13664484024047852,0.13664484024047852,0.25820866227149963,0.25820866227149963,0.1761229932308197,1.6077824831008911,-1.6652836799621582,0.0,0.08208566904067993,0.08208566904067993,0.14935563504695892,0.14935563504695892,0.15277975797653198,-0.9557793736457825,1.5950355529785156,0.0,-0.003424122929573059,-0.003424122929573059,-0.12533676624298096,-0.12533676624298096,-0.1006590723991394,-1.8771848678588867,-1.1695828437805176,0.0,-0.024677693843841553,-0.024677693843841553
1190,39.666666666666664,24,0,0,,4,uneven rough,11,0.0,102.18365478515625,41.23572540283203,-0.3835023045539856,1.8198044300079346,0.09183713048696518,0.8286805152893066,0.09183713048696518,4.145914077758789,2.9409823417663574,0.3333333432674408,0.7548601031303406,0.3742980659008026,0.9099022150039673,0.04591856524348259,0.4381386637687683,0.13274657726287842,0.6249483823776245,0.6775470972061157,-0.2550378441810608,0.6290218234062195,0.3066970705986023,0.3066970705986023,0.5060451030731201,-0.9855310320854187,-0.6833382248878479,0.0,-0.19934803247451782,-0.19934803247451782,0.06637328863143921,0.06637328863143921,0.06770728528499603,0.3382590711116791,0.6345825791358948,0.0,-0.0013339966535568237,-0.0013339966535568237,0.31247419118881226,0.31247419118881226,0.2972094416618347,0.9497765898704529,0.27189576625823975,0.0,0.015264749526977539,0.015264749526977539,0.4742829501628876,0.4742829501628876,0.22077667713165283,0.7360085248947144,1.2024285793304443,0.0,0.25350627303123474,0.25350627303123474,-0.40806055068969727,-0.40806055068969727,0.17623598873615265,-1.252366304397583,-1.2516577243804932,0.0,-0.5842965394258499,-0.5842965394258499,0.31451091170310974,0.31451091170310974,0.053065478801727295,-0.035856883972883224,1.0251216888427734,0.0,0.26144543290138245,0.26144543290138245
1191,39.7,4,0,0,,4,uneven rough,5,0.0,52.70652389526367,36.3424072265625,0.3576499819755554,1.5300853252410889,-1.0600996017456055,1.5300853252410889,-1.0600996017456055,7.871837139129639,1.0214462280273438,0.1666666716337204,0.5530580282211304,0.11243091523647308,0.7650426626205444,-0.5300498008728027,0.15186616778373718,-0.1434621661901474,0.748211145401001,0.306802362203598,0.3942178785800934,-0.23906110227108002,0.10630631446838379,0.10630631446838379,0.1708017736673355,-1.9379643201828003,-0.368045836687088,0.0,-0.06449545919895172,-0.06449545919895172,-0.22953946888446808,-0.22953946888446808,0.0941886231303215,1.302834153175354,0.32678189873695374,0.0,-0.3237280920147896,-0.3237280920147896,0.3741055727005005,0.3741055727005005,0.16801558434963226,0.7289217710494995,-1.2621967792510986,0.0,0.20608998835086823,0.20608998835086823,0.2147616446018219,0.2147616446018219,0.2551327645778656,-0.17637427151203156,0.2266610562801361,0.0,-0.0403711199760437,-0.0403711199760437,0.1971089392900467,0.1971089392900467,0.15006139874458313,1.6312742233276367,-0.21318106353282928,0.0,0.04704754054546356,0.04704754054546356,-0.11953055113554001,-0.11953055113554001,-0.003189395647495985,-1.9951943159103394,0.8210383653640747,0.0,-0.11634115548804402,-0.11634115548804402
1191,39.7,14,0,0,,4,uneven rough,5,0.0,51.829132080078125,38.431053161621094,0.3175942301750183,1.5038859844207764,-0.09237858653068542,1.5038859844207764,-0.09237858653068542,7.780158042907715,0.7729334831237793,0.1666666716337204,0.22063851356506348,0.2466859221458435,0.7519429922103882,-0.04618929326534271,-0.05898124724626541,-0.024157803505659103,0.4576069116592407,0.38055020570755005,0.27336156368255615,-0.12511500716209412,-0.04128687083721161,-0.04128687083721161,0.2506038248538971,-1.8496872186660767,1.1748985052108765,0.0,-0.2918906956911087,-0.2918906956911087,-0.038652487099170685,-0.038652487099170685,-0.0607169046998024,1.1976934671401978,-1.162254810333252,0.0,0.022064417600631714,0.022064417600631714,0.22880345582962036,0.22880345582962036,0.22280074656009674,1.4010010957717896,0.585817813873291,0.0,0.006002709269523621,0.006002709269523621,0.26638513803482056,0.26638513803482056,0.24651779234409332,2.0,0.18531379103660583,0.0,0.019867345690727234,0.019867345690727234,0.13668078184127808,0.13668078184127808,0.1548164188861847,-0.6877210140228271,0.15280020236968994,0.0,-0.018135637044906616,-0.018135637044906616,-0.06255750358104706,-0.06255750358104706,-0.07424817979335785,1.3422836065292358,-1.56966233253479,0.0,0.011690676212310791,0.011690676212310791
1191,39.7,24,0,0,,4,uneven rough,11,0.0,102.14735412597656,41.268775939941406,-0.3847108483314514,1.7632418870925903,-0.3884887099266052,0.9435710906982422,-0.3884887099266052,5.475371360778809,4.782039165496826,0.5,0.7602643966674805,0.1579357236623764,0.8816209435462952,-0.1942443549633026,0.38392266631126404,0.20169281959533691,0.18394160270690918,0.7395865321159363,0.40580475330352783,0.60594242811203,0.26874586939811707,0.26874586939811707,0.44020339846611023,-1.83998441696167,-0.8541985750198364,0.0,-0.17145752906799316,-0.17145752906799316,0.10084640979766846,0.10084640979766846,0.11217506974935532,1.2431830167770386,0.4670407474040985,0.0,-0.011328659951686859,-0.011328659951686859,0.09197080135345459,0.09197080135345459,0.24233584105968475,-2.000030994415283,0.6551707983016968,0.0,-0.15036503970623016,-0.15036503970623016,0.5177105665206909,0.5177105665206909,0.28605470061302185,1.8628039360046387,0.9387138485908508,0.0,0.23165586590766907,0.23165586590766907,0.20290237665176392,0.20290237665176392,0.1926792412996292,0.27712282538414,-1.2520583868026733,0.0,0.010223135352134705,0.010223135352134705,0.302971214056015,0.302971214056015,0.08892364799976349,0.4753997325897217,0.42524251341819763,0.0,0.21404756605625153,0.21404756605625153
1192,39.733333333333334,4,0,0,,4,uneven rough,5,0.0,52.6698112487793,36.369178771972656,0.35647183656692505,1.2436363697052002,0.10223888605833054,1.2436363697052002,0.10223888605833054,7.116454124450684,0.7142028212547302,0.3333333432674408,1.1431384086608887,0.21360209584236145,0.6218181848526001,0.05111944302916527,0.7905718088150024,-0.0007510966388508677,0.1296817809343338,0.39274832606315613,0.3138413429260254,-0.06409962475299835,0.5534002780914307,0.5534002780914307,0.20254811644554138,1.3244305849075317,-1.2556805610656738,0.0,0.3508521616458893,0.3508521616458893,-0.0012017546687275171,-0.0012017546687275171,0.045478057116270065,-0.5579721927642822,0.8786435723304749,0.0,-0.04667981178499758,-0.04667981178499758,0.0648408904671669,0.0648408904671669,0.10067250579595566,-2.0021860599517822,-0.1364147812128067,0.0,-0.03583161532878876,-0.03583161532878876,0.27492383122444153,0.27492383122444153,0.23903092741966248,0.6509869694709778,-0.0012158413883298635,0.0,0.03589290380477905,0.03589290380477905,0.1569206714630127,0.1569206714630127,0.10457092523574829,-0.36272311210632324,0.8296772837638855,0.0,0.052349746227264404,0.052349746227264404,-0.032049812376499176,-0.032049812376499176,-0.05930611118674278,-0.8030267953872681,-0.7712646126747131,0.0,0.027256298810243607,0.027256298810243607
1192,39.733333333333334,14,0,0,,4,uneven rough,5,0.0,51.79056930541992,38.42894744873047,0.3173406422138214,1.0191609859466553,0.4923761188983917,1.0191609859466553,0.4923761188983917,5.253376007080078,0.0,0.0,0.03825899958610535,0.2573084831237793,0.5095804929733276,0.24618805944919586,0.14726871252059937,0.4252672493457794,-0.1658877730369568,0.30095961689949036,0.10127189755439758,0.13107839226722717,0.10308809578418732,0.10308809578418732,0.1890285313129425,-1.988246202468872,-0.5352076888084412,0.0,-0.08594043552875519,-0.08594043552875519,0.2126336246728897,0.2126336246728897,-0.006625857669860125,0.6141679883003235,0.17206420004367828,0.0,0.21925948234274983,0.21925948234274983,-0.0829438865184784,-0.0829438865184784,0.16228650510311127,-1.561295986175537,1.0467238426208496,0.0,-0.24523039162158966,-0.24523039162158966,0.21067172288894653,0.21067172288894653,0.25692039728164673,-1.3851226568222046,1.2113406658172607,0.0,-0.046248674392700195,-0.046248674392700195,0.05063594877719879,0.05063594877719879,0.0944862961769104,-1.999131679534912,-0.3224320113658905,0.0,-0.04385034739971161,-0.04385034739971161,0.06553919613361359,0.06553919613361359,-0.0178530290722847,-1.77802574634552,0.07675714045763016,0.0,0.08339222520589828,0.08339222520589828
1192,39.733333333333334,24,0,0,,4,uneven rough,11,0.0,102.11486053466797,41.301475524902344,-0.3907063603401184,1.416779637336731,0.4083143472671509,1.0839111804962158,0.4083143472671509,6.386333465576172,1.8308627605438232,0.3333333432674408,0.7966086268424988,0.27520227432250977,0.7083898186683655,0.20415717363357544,0.4710703194141388,0.1642070859670639,0.20741645991802216,0.5243070721626282,0.07364008575677872,0.3331054151058197,0.3297492265701294,0.3297492265701294,0.3738124966621399,-1.995768666267395,-1.4115636348724365,0.0,-0.0440632700920105,-0.0440632700920105,0.08210354298353195,0.08210354298353195,0.07499998807907104,-0.8170783519744873,0.9058729410171509,0.0,0.007103554904460907,0.007103554904460907,0.10370822995901108,0.10370822995901108,0.1754470020532608,-1.999995470046997,-0.8460850715637207,0.0,-0.07173877209424973,-0.07173877209424973,0.36701494455337524,0.36701494455337524,0.35196685791015625,1.9753053188323975,1.4611960649490356,0.0,0.015048086643218994,0.015048086643218994,0.03682004287838936,0.03682004287838936,0.12648408114910126,-1.8809481859207153,-0.3874565660953522,0.0,-0.0896640382707119,-0.0896640382707119,0.16655270755290985,0.16655270755290985,0.13699424266815186,1.0649272203445435,0.45360150933265686,0.0,0.029558464884757996,0.029558464884757996
1193,39.766666666666666,4,0,0,,4,uneven rough,5,0.0,52.63529586791992,36.3967399597168,0.35732501745224,1.2315194606781006,-0.894095242023468,1.2315194606781006,-0.894095242023468,6.3624725341796875,0.37591564655303955,0.1666666716337204,1.115843415260315,0.27666783332824707,0.6157597303390503,-0.447047621011734,0.07995014637708664,0.09425419569015503,0.6754740476608276,0.6397448778152466,0.11787823587656021,-8.529797196388245e-05,0.05596510320901871,0.05596510320901871,0.14644353091716766,-1.9845112562179565,0.20311890542507172,0.0,-0.09047842770814896,-0.09047842770814896,0.047127097845077515,0.047127097845077515,0.044086817651987076,0.6469981670379639,0.06637843698263168,0.0,0.003040280193090439,0.003040280193090439,0.3377370238304138,0.3377370238304138,0.12380831688642502,-0.09713036566972733,-1.1913251876831055,0.0,0.2139287069439888,0.2139287069439888,0.44782140851020813,0.44782140851020813,0.3066725432872772,1.9506915807724,0.36754080653190613,0.0,0.1411488652229309,0.1411488652229309,0.058939117938280106,0.058939117938280106,0.07093673944473267,-0.7555761337280273,0.15549197793006897,0.0,-0.01199762150645256,-0.01199762150645256,-4.264898598194122e-05,-4.264898598194122e-05,-0.005082960240542889,1.5911335945129395,-0.7892230153083801,0.0,0.005040311254560947,0.005040311254560947
1193,39.766666666666666,14,0,0,,4,uneven rough,5,0.0,51.750736236572266,38.435791015625,0.3156691789627075,1.0869319438934326,1.3948522806167603,1.0869319438934326,1.3948522806167603,4.673602104187012,4.165181636810303,0.3333333432674408,-0.2831951081752777,0.2951105535030365,0.5434659719467163,0.6974261403083801,0.7018100619316101,0.2035275548696518,0.23040451109409332,0.37188267707824707,-0.2968900799751282,0.011420301161706448,0.49126702547073364,0.49126702547073364,0.21693742275238037,1.502760410308838,-1.3567582368850708,0.0,0.27432960271835327,0.27432960271835327,0.1017637774348259,0.1017637774348259,0.04953743889927864,1.9999558925628662,0.4220304787158966,0.0,0.052226338535547256,0.052226338535547256,0.11520225554704666,0.11520225554704666,0.10876770317554474,-1.6481165885925293,-0.4278552234172821,0.0,0.006434552371501923,0.006434552371501923,0.260317862033844,0.260317862033844,0.208520770072937,-0.05833440646529198,-0.2567043602466583,0.0,0.05179709196090698,0.05179709196090698,-0.47502413392066956,-0.47502413392066956,0.07686511427164078,0.5545633435249329,-1.2704410552978516,0.0,-0.5518892481923103,-0.5518892481923103,0.005710150580853224,0.005710150580853224,-0.012294325977563858,1.3377792835235596,-0.9719404578208923,0.0,0.018004476558417082,0.018004476558417082
1193,39.766666666666666,24,0,0,,4,uneven rough,11,0.0,102.0742416381836,41.33446502685547,-0.39696410298347473,1.664498209953308,0.003484089160338044,1.2854090929031372,0.003484089160338044,7.6260085105896,0.4335758686065674,0.1666666716337204,0.8557751178741455,0.38707435131073,0.832249104976654,0.001742044580169022,0.25952988862991333,0.46630874276161194,0.6777899861335754,0.4396979808807373,-0.2010369449853897,-0.0015268500428646803,0.1816709190607071,0.1816709190607071,0.3118295669555664,-2.030287265777588,-1.7418742179870605,0.0,-0.13015864789485931,-0.13015864789485931,0.23315437138080597,0.23315437138080597,0.1450926810503006,2.0042710304260254,-0.06828679889440536,0.0,0.08806169033050537,0.08806169033050537,0.3388949930667877,0.3388949930667877,0.21604135632514954,0.89448481798172,-1.498508095741272,0.0,0.12285363674163818,0.12285363674163818,0.30778858065605164,0.30778858065605164,0.35779911279678345,-0.6340088248252869,1.751874327659607,0.0,-0.05001053214073181,-0.05001053214073181,-0.321659117937088,-0.321659117937088,0.10998670756816864,1.2188020944595337,-1.2318793535232544,0.0,-0.43164582550525665,-0.43164582550525665,-0.0007634250214323401,-0.0007634250214323401,0.07946803420782089,-1.5685255527496338,0.7992461919784546,0.0,-0.08023145922925323,-0.08023145922925323
1194,39.8,4,0,0,,4,uneven rough,5,0.0,52.59766387939453,36.421165466308594,0.36034128069877625,0.8472549915313721,0.007057302165776491,0.8472549915313721,0.007057302165776491,5.010022163391113,0.7777883410453796,0.3333333432674408,1.0959440469741821,0.22648994624614716,0.42362749576568604,0.0035286510828882456,0.15743988752365112,0.3418130874633789,0.32007095217704773,0.5969299077987671,0.3972057104110718,0.0963100865483284,0.1102079227566719,0.1102079227566719,0.08528900146484375,-1.3749399185180664,-1.0337711572647095,0.0,0.024918921291828156,0.024918921291828156,0.17090654373168945,0.17090654373168945,0.11352316290140152,1.9862746000289917,0.39466187357902527,0.0,0.05738338083028793,0.05738338083028793,0.16003547608852386,0.16003547608852386,0.13546955585479736,0.5484963655471802,-0.5726655125617981,0.0,0.0245659202337265,0.0245659202337265,0.41785094141960144,0.41785094141960144,0.370069682598114,1.820823311805725,1.2626570463180542,0.0,0.04778125882148743,0.04778125882148743,0.1986028552055359,0.1986028552055359,0.1266937255859375,1.8643648624420166,-0.3596275746822357,0.0,0.07190912961959839,0.07190912961959839,0.0481550432741642,0.0481550432741642,-0.01414463110268116,0.4838152825832367,0.5566349029541016,0.0,0.06229967437684536,0.06229967437684536
1194,39.8,14,0,0,,4,uneven rough,5,0.0,51.71102523803711,38.44157409667969,0.3064765930175781,1.486290693283081,0.39852282404899597,1.486290693283081,0.39852282404899597,4.166539192199707,1.8058403730392456,0.5,-0.25730466842651367,0.18870365619659424,0.7431453466415405,0.19926141202449799,-0.08149462193250656,0.46921512484550476,0.1059052050113678,0.508763313293457,0.5065168142318726,-0.12075512111186981,-0.05704623460769653,-0.05704623460769653,0.16119582951068878,-1.0574992895126343,0.2600187659263611,0.0,-0.21824206411838531,-0.21824206411838531,0.23460756242275238,0.23460756242275238,0.11603869497776031,-0.14476747810840607,1.314192295074463,0.0,0.11856886744499207,0.11856886744499207,0.0529526025056839,0.0529526025056839,0.043213047087192535,-0.6834253072738647,-1.1177932024002075,0.0,0.009739555418491364,0.009739555418491364,0.3561343252658844,0.3561343252658844,0.27614453434944153,1.7791447639465332,-0.14454562962055206,0.0,0.07998979091644287,0.07998979091644287,0.2532584071159363,0.2532584071159363,0.14475089311599731,1.86176335811615,-0.23858030140399933,0.0,0.10850751399993896,0.10850751399993896,-0.060377560555934906,-0.060377560555934906,-0.019416827708482742,-0.8240022659301758,0.33397921919822693,0.0,-0.040960732847452164,-0.040960732847452164
1194,39.8,24,0,0,,4,uneven rough,11,0.0,102.03055572509766,41.364078521728516,-0.4049298167228699,1.8501217365264893,1.0524766445159912,1.401299238204956,1.0524766445159912,7.976443290710449,1.6490768194198608,0.1666666716337204,0.8254389762878418,0.2362411916255951,0.9250608682632446,0.5262383222579956,0.19997535645961761,0.4464746117591858,-0.7799663543701172,0.5513301491737366,0.6190859079360962,0.26397907733917236,0.13998274505138397,0.13998274505138397,0.24441826343536377,-1.7630404233932495,-1.9049434661865234,0.0,-0.1044355183839798,-0.1044355183839798,0.2232373058795929,0.2232373058795929,0.2111472338438034,2.0085678100585938,1.1035411357879639,0.0,0.01209007203578949,0.01209007203578949,-0.3899831771850586,-0.3899831771850586,0.16574332118034363,-2.010812997817993,-0.1455056071281433,0.0,-0.5557264983654022,-0.5557264983654022,0.3859311044216156,0.3859311044216156,0.3627355396747589,0.3788355886936188,0.40289169549942017,0.0,0.02319556474685669,0.02319556474685669,0.3095429539680481,0.3095429539680481,0.1729762852191925,0.5173597931861877,0.15374033153057098,0.0,0.1365666687488556,0.1365666687488556,0.13198953866958618,0.13198953866958618,0.11037709563970566,0.8853453993797302,-0.5394961833953857,0.0,0.021612443029880524,0.021612443029880524
1195,39.833333333333336,4,0,0,,4,uneven rough,5,0.0,52.564300537109375,36.4468994140625,0.3570009768009186,1.3415213823318481,0.340171217918396,1.3415213823318481,0.340171217918396,7.2981414794921875,2.59427809715271,0.5,0.9423130750656128,0.1243094801902771,0.6707606911659241,0.170085608959198,0.49207332730293274,0.18447893857955933,0.004376789554953575,0.5750594139099121,0.2855602502822876,-0.13528108596801758,0.34445133805274963,0.34445133805274963,0.13503022491931915,1.9766615629196167,-1.2266685962677002,0.0,0.20942111313343048,0.20942111313343048,0.09223946928977966,0.09223946928977966,0.10602587461471558,-0.05172464996576309,1.294562578201294,0.0,-0.013786405324935913,-0.013786405324935913,0.0021883947774767876,0.0021883947774767876,0.06974106281995773,-2.000959634780884,0.061241425573825836,0.0,-0.06755266804248095,-0.06755266804248095,0.4025415778160095,0.4025415778160095,0.3890568017959595,0.3735610544681549,1.5782452821731567,0.0,0.013484776020050049,0.013484776020050049,0.1427801251411438,0.1427801251411438,0.1246422827243805,0.0032714735716581345,0.8978217244148254,0.0,0.018137842416763306,0.018137842416763306,-0.06764054298400879,-0.06764054298400879,-0.07082141190767288,-1.8960142135620117,0.5154625773429871,0.0,0.003180868923664093,0.003180868923664093
1195,39.833333333333336,14,0,0,,4,uneven rough,5,0.0,51.66947555541992,38.44292068481445,0.30592525005340576,1.252755880355835,0.1796065717935562,1.252755880355835,0.1796065717935562,5.693660736083984,5.839007377624512,0.5,-0.3938229978084564,0.08420874923467636,0.6263779401779175,0.0898032858967781,0.39137789607048035,0.31024277210235596,-0.2794933617115021,0.26120781898498535,0.015872403979301453,0.525473952293396,0.273964524269104,0.273964524269104,0.2177683264017105,1.953744888305664,-0.4849083125591278,0.0,0.056196197867393494,0.056196197867393494,0.15512138605117798,0.15512138605117798,0.08640012890100479,0.8755592703819275,0.48929381370544434,0.0,0.06872125715017319,0.06872125715017319,-0.13974668085575104,-0.13974668085575104,0.005412542726844549,-1.0869357585906982,-0.8722007870674133,0.0,-0.1451592235825956,-0.1451592235825956,0.18284547328948975,0.18284547328948975,0.22112686932086945,-1.9558151960372925,0.9431123733520508,0.0,-0.0382813960313797,-0.0382813960313797,0.007936201989650726,0.007936201989650726,0.10944010317325592,-1.1120940446853638,0.9489577412605286,0.0,-0.1015039011836052,-0.1015039011836052,0.262736976146698,0.262736976146698,-0.040916282683610916,-1.0082881450653076,-0.320745587348938,0.0,0.3036532588303089,0.3036532588303089
1195,39.833333333333336,24,0,0,,4,uneven rough,11,0.0,101.98574829101562,41.38951873779297,-0.42742854356765747,1.767913818359375,-0.8205009698867798,1.5069693326950073,-0.8205009698867798,7.51698637008667,0.8636833429336548,0.1666666716337204,0.77842777967453,0.32415613532066345,0.8839569091796875,-0.4102504849433899,0.8201625347137451,0.03906288370490074,-0.3060259222984314,-0.06998997926712036,0.5790419578552246,-0.17681871354579926,0.5741137862205505,0.5741137862205505,0.2995932996273041,2.002723455429077,-1.8247112035751343,0.0,0.27452048659324646,0.27452048659324646,0.01953144185245037,0.01953144185245037,0.21065255999565125,-0.5623353719711304,1.6152448654174805,0.0,-0.19112111814320087,-0.19112111814320087,-0.1530129611492157,-0.1530129611492157,0.09403491765260696,-2.0017197132110596,-1.2001537084579468,0.0,-0.24704787880182266,-0.24704787880182266,-0.048992983996868134,-0.048992983996868134,0.2953324317932129,-1.955013632774353,0.38929033279418945,0.0,-0.344325415790081,-0.344325415790081,0.2895209789276123,0.2895209789276123,0.21117810904979706,1.9629592895507812,0.3593314290046692,0.0,0.07834286987781525,0.07834286987781525,-0.08840935677289963,-0.08840935677289963,0.05104822292923927,-1.9885573387145996,0.2661117911338806,0.0,-0.1394575797021389,-0.1394575797021389
1196,39.86666666666667,4,0,0,,4,uneven rough,5,0.0,52.52716827392578,36.46681594848633,0.36070793867111206,1.0935642719268799,-0.676367461681366,1.0935642719268799,-0.676367461681366,5.575943946838379,0.39284762740135193,0.1666666716337204,1.0494842529296875,0.215733140707016,0.5467821359634399,-0.338183730840683,0.06365484744310379,0.24727082252502441,0.7280939817428589,0.3228760361671448,-0.06932473182678223,-0.2704659700393677,0.044558390974998474,0.044558390974998474,0.1434832513332367,-1.3771116733551025,0.5845000147819519,0.0,-0.09892486035823822,-0.09892486035823822,0.12363541126251221,0.12363541126251221,0.11927898973226547,0.4414953887462616,0.5333693623542786,0.0,0.004356421530246735,0.004356421530246735,0.36404699087142944,0.36404699087142944,0.10561845451593399,1.3421376943588257,-1.1047307252883911,0.0,0.25842853635549545,0.25842853635549545,0.22601322829723358,0.22601322829723358,0.35078340768814087,-1.5904425382614136,0.8971146941184998,0.0,-0.12477017939090729,-0.12477017939090729,-0.11091957241296768,-0.11091957241296768,0.07081111520528793,-1.9709465503692627,0.39204141497612,0.0,-0.18173068761825562,-0.18173068761825562,-0.13523298501968384,-0.13523298501968384,-0.11081890016794205,-1.352994441986084,-0.8479907512664795,0.0,-0.02441408485174179,-0.02441408485174179
1196,39.86666666666667,14,0,0,,4,uneven rough,5,0.0,51.62894821166992,38.445960998535156,0.30622872710227966,1.1486303806304932,0.07351435720920563,1.1486303806304932,0.07351435720920563,1.7661464214324951,1.3027251958847046,0.3333333432674408,-0.4523683488368988,0.05372996628284454,0.5743151903152466,0.036757178604602814,0.21053552627563477,0.0986209586262703,0.531074583530426,0.3337819576263428,0.0009499412844888866,-0.21629008650779724,0.14737486839294434,0.14737486839294434,0.1787714958190918,-1.6009503602981567,0.8939105868339539,0.0,-0.03139662742614746,-0.03139662742614746,0.04931047931313515,0.04931047931313515,0.0388655923306942,-1.3014051914215088,0.7076889872550964,0.0,0.010444886982440948,0.010444886982440948,0.265537291765213,0.265537291765213,0.018797731027007103,-0.3515509366989136,-0.9936123490333557,0.0,0.2467395607382059,0.2467395607382059,0.23364736139774323,0.23364736139774323,0.25165584683418274,0.8789054751396179,-0.695946455001831,0.0,-0.018008485436439514,-0.018008485436439514,0.0004749706422444433,0.0004749706422444433,0.05100633203983307,-1.6818875074386597,-0.21636463701725006,0.0,-0.050531361397588626,-0.050531361397588626,-0.10814504325389862,-0.10814504325389862,-0.04905865713953972,-0.12358228117227554,-0.7094833850860596,0.0,-0.0590863861143589,-0.0590863861143589
1196,39.86666666666667,24,0,0,,4,uneven rough,11,0.0,101.94072723388672,41.41215133666992,-0.4554729163646698,1.7487326860427856,-0.4078752100467682,1.4809150695800781,-0.4078752100467682,7.336291313171387,0.05527561157941818,0.1666666716337204,0.6167446970939636,0.37818989157676697,0.8743663430213928,-0.2039376050233841,0.8151646852493286,-0.14754067361354828,0.30335986614227295,0.324228435754776,0.5245636105537415,-0.547071635723114,0.570615291595459,0.570615291595459,0.36421141028404236,1.869284987449646,0.33932724595069885,0.0,0.20640388131141663,0.20640388131141663,-0.236065074801445,-0.236065074801445,0.15796281397342682,-1.980229377746582,0.3840370774269104,0.0,-0.3940278887748718,-0.3940278887748718,0.15167993307113647,0.15167993307113647,0.10614407062530518,1.2873551845550537,-1.6533604860305786,0.0,0.0455358624458313,0.0455358624458313,0.22695989906787872,0.22695989906787872,0.23094116151332855,-1.7993288040161133,-0.9361833333969116,0.0,-0.003981262445449829,-0.003981262445449829,0.2622818052768707,0.2622818052768707,0.26863211393356323,1.3930177688598633,1.2660255432128906,0.0,-0.006350308656692505,-0.006350308656692505,-0.273535817861557,-0.273535817861557,-0.00807491596788168,-1.5718177556991577,-1.008682131767273,0.0,-0.2654609018936753,-0.2654609018936753
1197,39.9,4,0,0,,4,uneven rough,5,0.0,52.49149703979492,36.48604965209961,0.36020296812057495,0.5668687224388123,-0.008402484469115734,0.5668687224388123,-0.008402484469115734,3.3014044761657715,0.8237355947494507,0.1666666716337204,0.9333419799804688,0.17453011870384216,0.28343436121940613,-0.004201242234557867,0.560273289680481,0.0909510925412178,0.4899502992630005,-0.38744235038757324,-0.12323425710201263,-0.622195839881897,0.3921912908554077,0.3921912908554077,0.18702416121959686,1.9554364681243896,-0.5245987772941589,0.0,0.20516712963581085,0.20516712963581085,0.0454755462706089,0.0454755462706089,0.06308988481760025,-1.806552767753601,0.48142364621162415,0.0,-0.01761433854699135,-0.01761433854699135,0.24497514963150024,0.24497514963150024,0.1586030125617981,1.9416335821151733,0.2787330746650696,0.0,0.08637213706970215,0.08637213706970215,-0.27120962738990784,-0.27120962738990784,0.2817314565181732,-1.9101241827011108,-0.5093545913696289,0.0,-0.552941083908081,-0.552941083908081,-0.1971748173236847,-0.1971748173236847,0.013000786304473877,-1.145896315574646,-0.9439961910247803,0.0,-0.21017560362815857,-0.21017560362815857,-0.3110979199409485,-0.3110979199409485,-0.07563725113868713,1.2266000509262085,-1.1335207223892212,0.0,-0.23546066880226135,-0.23546066880226135
1197,39.9,14,0,0,,4,uneven rough,5,0.0,51.58686828613281,38.460227966308594,0.30912429094314575,0.7661013007164001,0.5703037977218628,0.7661013007164001,0.5703037977218628,3.3828980922698975,0.7753088474273682,0.3333333432674408,-0.36251652240753174,0.08787491172552109,0.3830506503582001,0.2851518988609314,0.4905775785446167,0.13084715604782104,0.68812096118927,0.5163388848304749,-0.061653681099414825,0.19393670558929443,0.34340429306030273,0.34340429306030273,0.20006844401359558,1.8191379308700562,-0.5166882872581482,0.0,0.14333584904670715,0.14333584904670715,0.06542357802391052,0.06542357802391052,0.03327282890677452,0.6651740670204163,-0.42825648188591003,0.0,0.032150749117136,0.032150749117136,0.344060480594635,0.344060480594635,0.06756408512592316,0.9968271255493164,-0.6305896639823914,0.0,0.27649639546871185,0.27649639546871185,0.36143720149993896,0.36143720149993896,0.29993417859077454,1.7247217893600464,0.1944776326417923,0.0,0.06150302290916443,0.06150302290916443,-0.0986458882689476,-0.0986458882689476,0.003361617913469672,-0.8547906875610352,-1.0449738502502441,0.0,-0.10200750618241727,-0.10200750618241727,0.09696835279464722,0.09696835279464722,0.011824632063508034,2.013239622116089,-0.3782138526439667,0.0,0.08514372073113918,0.08514372073113918
1197,39.9,24,0,0,,4,uneven rough,11,0.0,101.89955139160156,41.44465637207031,-0.4909248352050781,1.781296968460083,-0.2264442890882492,1.4629137516021729,-0.2264442890882492,2.600358009338379,1.471582293510437,0.1666666716337204,0.5137513279914856,0.4519423842430115,0.8906484842300415,-0.1132221445441246,0.9173864126205444,-0.09747770428657532,0.35031038522720337,0.41607198119163513,0.5794737339019775,-0.41545814275741577,0.6421704888343811,0.6421704888343811,0.4205782115459442,1.587215781211853,1.2043681144714355,0.0,0.2215922772884369,0.2215922772884369,-0.15596432983875275,-0.15596432983875275,0.09288289397954941,-2.0,-0.9527233839035034,0.0,-0.24884722381830215,-0.24884722381830215,0.17515519261360168,0.17515519261360168,0.15728949010372162,1.3097079992294312,0.009325405582785606,0.0,0.017865702509880066,0.017865702509880066,0.2912503778934479,0.2912503778934479,0.24593231081962585,1.9717131853103638,-1.424207329750061,0.0,0.04531806707382202,0.04531806707382202,0.28973686695098877,0.28973686695098877,0.30382513999938965,0.12087450176477432,1.337827205657959,0.0,-0.014088273048400879,-0.014088273048400879,-0.20772907137870789,-0.20772907137870789,-0.07196561247110367,-2.000000238418579,-1.3270800113677979,0.0,-0.13576345890760422,-0.13576345890760422
1198,39.93333333333333,4,0,0,,4,uneven rough,5,0.0,52.45174026489258,36.505836486816406,0.3630259931087494,1.1918597221374512,-0.9793403744697571,1.1918597221374512,-0.9793403744697571,1.8367950916290283,2.532006025314331,0.3333333432674408,0.8530979156494141,0.1077490895986557,0.5959298610687256,-0.48967018723487854,0.38413769006729126,0.3642983138561249,0.41491684317588806,-0.04211198166012764,0.47669070959091187,-0.5944260358810425,0.2688963711261749,0.2688963711261749,0.2531735897064209,1.9337389469146729,0.877617597579956,0.0,0.01572278141975403,0.01572278141975403,0.18214915692806244,0.18214915692806244,0.13116562366485596,1.9894047975540161,-0.8122023344039917,0.0,0.05098353326320648,0.05098353326320648,0.20745842158794403,0.20745842158794403,0.19781233370304108,1.2064952850341797,1.218940019607544,0.0,0.009646087884902954,0.009646087884902954,-0.02947838604450226,-0.02947838604450226,0.21689605712890625,-1.97100830078125,-1.3013522624969482,0.0,-0.2463744431734085,-0.2463744431734085,0.23834535479545593,0.23834535479545593,0.06152766942977905,1.2151789665222168,-1.0581508874893188,0.0,0.17681768536567688,0.17681768536567688,-0.29721301794052124,-0.29721301794052124,-0.08743371069431305,-1.0679795742034912,0.20089580118656158,0.0,-0.2097793072462082,-0.2097793072462082
1198,39.93333333333333,14,0,0,,4,uneven rough,5,0.0,51.542381286621094,38.473628997802734,0.3141928017139435,1.110376000404358,-0.011258460581302643,1.110376000404358,-0.011258460581302643,6.176574230194092,2.80505633354187,0.3333333432674408,-0.5522293448448181,0.25783634185791016,0.555188000202179,-0.005629230290651321,-0.5866760015487671,0.6102734804153442,0.6978741884231567,0.7002232670783997,0.08696462959051132,0.16765384376049042,-0.41067320108413696,-0.41067320108413696,0.16754314303398132,-1.5265220403671265,0.8039920330047607,0.0,-0.5782163441181183,-0.5782163441181183,0.3051367402076721,0.3051367402076721,0.09248511493206024,1.2993959188461304,0.18997111916542053,0.0,0.21265162527561188,0.21265162527561188,0.34893709421157837,0.34893709421157837,0.13869546353816986,1.8663763999938965,0.2895547151565552,0.0,0.2102416306734085,0.2102416306734085,0.49015629291534424,0.49015629291534424,0.3696347773075104,1.718312382698059,1.059680461883545,0.0,0.12052151560783386,0.12052151560783386,0.04348231479525566,0.04348231479525566,0.04516968876123428,0.9062589406967163,-0.9374439716339111,0.0,-0.0016873739659786224,-0.0016873739659786224,0.08382692188024521,0.08382692188024521,0.05622751638293266,0.9558764696121216,0.9739182591438293,0.0,0.027599405497312546,0.027599405497312546
1198,39.93333333333333,24,0,0,,4,uneven rough,11,0.0,101.8621597290039,41.48598098754883,-0.5266487002372742,1.7827069759368896,0.19312351942062378,1.5059858560562134,0.19312351942062378,7.554728984832764,0.0,0.0,0.5078853368759155,0.655634880065918,0.8913534879684448,0.09656175971031189,0.7208157777786255,-0.06441843509674072,0.3183332681655884,0.7773516178131104,0.3964168429374695,0.47738105058670044,0.5045710206031799,0.5045710206031799,0.47970518469810486,2.107283115386963,1.4208308458328247,0.0,0.024865835905075073,0.024865835905075073,-0.1030694991350174,-0.1030694991350174,0.02628653682768345,-1.8015719652175903,-1.5448554754257202,0.0,-0.12935603596270084,-0.12935603596270084,0.1591666340827942,0.1591666340827942,0.1553361713886261,2.2428641319274902,0.7445640563964844,0.0,0.003830462694168091,0.003830462694168091,0.5441461205482483,0.5441461205482483,0.3046480715274811,-1.4914780855178833,0.4958522319793701,0.0,0.2394980490207672,0.2394980490207672,0.19820842146873474,0.19820842146873474,0.2560981214046478,0.1671365201473236,0.6497600078582764,0.0,-0.057889699935913086,-0.057889699935913086,0.23869052529335022,0.23869052529335022,-0.032405901700258255,2.8046863079071045,-1.707550287246704,0.0,0.2710964269936085,0.2710964269936085
1199,39.96666666666667,4,0,0,,4,uneven rough,5,0.0,52.41727828979492,36.52177810668945,0.3629215657711029,0.5058225393295288,0.1287543773651123,0.5058225393295288,0.1287543773651123,1.9399282932281494,2.2141714096069336,0.49157100915908813,0.49646466970443726,0.08499785512685776,0.2529112696647644,0.06437718868255615,0.49473029375076294,0.06061007082462311,0.1416342854499817,0.09250860661268234,0.22871477901935577,-0.31593233346939087,0.34631121158599854,0.34631121158599854,0.3190340995788574,1.9305956363677979,1.4747505187988281,0.0,0.027277112007141113,0.027277112007141113,0.030305035412311554,0.030305035412311554,0.08917637169361115,-1.7524789571762085,0.7718313336372375,0.0,-0.05887133628129959,-0.05887133628129959,0.07081714272499084,0.07081714272499084,0.1475823074579239,-1.8974264860153198,1.2119038105010986,0.0,-0.07676516473293304,-0.07676516473293304,0.06475602090358734,0.06475602090358734,0.1495380997657776,-1.9400708675384521,-1.6799769401550293,0.0,-0.08478207886219025,-0.08478207886219025,0.11435738950967789,0.11435738950967789,0.05960572138428688,0.9400268197059631,0.22719387710094452,0.0,0.054751668125391006,0.054751668125391006,-0.15796616673469543,-0.15796616673469543,-0.10385875403881073,-0.9021549820899963,-0.5165286064147949,0.0,-0.054107412695884705,-0.054107412695884705
1199,39.96666666666667,14,0,0,,4,uneven rough,5,0.0,51.497413635253906,38.46895217895508,0.3256334364414215,1.0828890800476074,-0.2704681158065796,1.0828890800476074,-0.2704681158065796,6.270650386810303,1.8373732566833496,0.5,-0.3946751058101654,0.18214349448680878,0.5414445400238037,-0.1352340579032898,0.09813672304153442,0.45633527636528015,0.0378379225730896,0.3479323983192444,-0.08161327987909317,-0.03177439048886299,0.06869570165872574,0.06869570165872574,0.1087501123547554,-1.813117265701294,-0.5136848092079163,0.0,-0.04005441069602966,-0.04005441069602966,0.22816763818264008,0.22816763818264008,0.15369991958141327,1.4454803466796875,0.817241907119751,0.0,0.0744677186012268,0.0744677186012268,0.0189189612865448,0.0189189612865448,0.08600851893424988,-0.587035596370697,1.1810925006866455,0.0,-0.06708955764770508,-0.06708955764770508,0.24355266988277435,0.24355266988277435,0.35455572605133057,-1.7190381288528442,1.4320721626281738,0.0,-0.11100305616855621,-0.11100305616855621,-0.13058124482631683,-0.13058124482631683,-0.011049759574234486,-1.8327945470809937,0.10498896986246109,0.0,-0.11953148525208235,-0.11953148525208235,-0.015887195244431496,-0.015887195244431496,-0.010382355190813541,-1.999820351600647,0.9637174010276794,0.0,-0.005504840053617954,-0.005504840053617954
1199,39.96666666666667,24,0,0,,4,uneven rough,11,0.0,101.83123016357422,41.51913070678711,-0.5332431793212891,1.9650734663009644,0.8162499666213989,1.6020631790161133,0.8162499666213989,1.7358686923980713,7.314479827880859,0.6666666865348816,-0.08186443895101547,0.6551151275634766,0.9825367331504822,0.40812498331069946,0.5092433094978333,0.21499542891979218,-0.6478991508483887,0.5070996284484863,0.8177328109741211,0.5840977430343628,0.3564703166484833,0.3564703166484833,0.4227212369441986,-1.9992153644561768,1.8089522123336792,0.0,-0.06625092029571533,-0.06625092029571533,0.10749771445989609,0.10749771445989609,0.08827435970306396,1.9537650346755981,-1.6900033950805664,0.0,0.019223354756832123,0.019223354756832123,-0.32394957542419434,-0.32394957542419434,0.09996476024389267,-1.9660967588424683,1.591705560684204,0.0,-0.423914335668087,-0.423914335668087,0.35496973991394043,0.35496973991394043,0.34924566745758057,0.7594628930091858,-0.6277878880500793,0.0,0.005724072456359863,0.005724072456359863,0.40886640548706055,0.40886640548706055,0.3229897916316986,1.98360013961792,0.3768838346004486,0.0,0.08587661385536194,0.08587661385536194,0.2920488715171814,0.2920488715171814,0.020205026492476463,1.8512887954711914,0.8436763882637024,0.0,0.27184384502470493,0.27184384502470493
